2, 0, 1
95, 0, 1
95, 2, 1
272, 274, 1
0, 2, 1
2, 95, 1
0, 95, 1
144, 274, -1
0, 274, -1
0, 144, -1
2, 274, -1
2, 144, -1
95, 274, -1
95, 144, -1
272, 144, -1
272, 0, -1
272, 2, -1
272, 95, -1
274, 144, -1
144, 0, -1
274, 2, -1
0, 272, -1
274, 95, -1
144, 2, -1
144, 272, -1
144, 95, -1

319, 291, 1
330, 291, 1
330, 319, 1
85, 0, 1
85, 2, 1
85, 95, 1
0, 95, 1
0, 2, 1
2, 95, 1
291, 319, 1
0, 85, 1
2, 85, 1
291, 274, -1
291, 272, -1
291, 144, -1
291, 0, -1
291, 2, -1
291, 95, -1
319, 274, -1
319, 272, -1
319, 144, -1
319, 0, -1
319, 2, -1
319, 95, -1
330, 274, -1
330, 272, -1
330, 144, -1
330, 0, -1
330, 2, -1
330, 95, -1
85, 274, -1
85, 272, -1
85, 144, -1
85, 291, -1
85, 319, -1
85, 330, -1
0, 274, -1
95, 319, -1
272, 330, -1
272, 95, -1
274, 330, -1
144, 330, -1
274, 95, -1
144, 95, -1
272, 0, -1
2, 319, -1
0, 319, -1
144, 0, -1
0, 291, -1
2, 291, -1
144, 291, -1
272, 2, -1
274, 2, -1
0, 330, -1
2, 330, -1
291, 85, -1
144, 2, -1
272, 319, -1
274, 319, -1
144, 319, -1
272, 291, -1
274, 291, -1
330, 85, -1
272, 85, -1
144, 85, -1
274, 85, -1

326, 291, 1
326, 319, 1
326, 330, 1
8, 0, 1
8, 2, 1
8, 95, 1
8, 85, 1
330, 319, 1
0, 2, 1
0, 95, 1
0, 85, 1
330, 291, 1
2, 95, 1
2, 85, 1
291, 319, 1
85, 95, 1
291, 326, 1
0, 8, 1
330, 326, 1
281, 274, -1
281, 272, -1
281, 144, -1
281, 0, -1
281, 2, -1
281, 95, -1
281, 85, -1
281, 291, -1
281, 319, -1
281, 330, -1
326, 274, -1
326, 272, -1
326, 144, -1
326, 0, -1
326, 2, -1
326, 95, -1
326, 85, -1
326, 281, -1
8, 274, -1
8, 272, -1
8, 144, -1
8, 291, -1
8, 319, -1
8, 330, -1
8, 326, -1
8, 281, -1
0, 274, -1
95, 319, -1
272, 330, -1
272, 95, -1
274, 330, -1
144, 330, -1
274, 95, -1
330, 2, -1
281, 326, -1
144, 95, -1
85, 326, -1
2, 319, -1
0, 319, -1
272, 85, -1
0, 291, -1
291, 95, -1
274, 85, -1
2, 291, -1
281, 8, -1
85, 319, -1
0, 144, -1
272, 2, -1
2, 326, -1
274, 2, -1
0, 272, -1
2, 144, -1
0, 330, -1
319, 95, -1
291, 85, -1
2, 330, -1
330, 95, -1
272, 319, -1
0, 281, -1
330, 85, -1
274, 319, -1
144, 319, -1
272, 291, -1
274, 291, -1
85, 144, -1
144, 291, -1
0, 326, -1
272, 0, -1
144, 0, -1
291, 2, -1
272, 8, -1
85, 330, -1
272, 326, -1
144, 2, -1
144, 8, -1
274, 326, -1
144, 326, -1
144, 85, -1

19, 0, 1
19, 2, 1
19, 95, 1
19, 85, 1
19, 8, 1
213, 144, 1
1, 0, 1
1, 2, 1
1, 95, 1
1, 85, 1
1, 8, 1
1, 19, 1
46, 0, 1
46, 2, 1
46, 95, 1
46, 85, 1
46, 8, 1
46, 19, 1
46, 1, 1
154, 144, 1
154, 213, 1
85, 46, 1
19, 46, 1
8, 46, 1
1, 46, 1
2, 85, 1
8, 0, 1
0, 2, 1
8, 85, 1
8, 2, 1
0, 1, 1
144, 213, 1
0, 19, 1
2, 19, 1
0, 95, 1
2, 95, 1
0, 46, 1
2, 46, 1
8, 1, 1
144, 154, 1
8, 19, 1
0, 85, 1
8, 95, 1
85, 95, 1
0, 8, 1
19, 274, -1
19, 272, -1
19, 144, -1
19, 291, -1
19, 319, -1
19, 330, -1
19, 326, -1
19, 281, -1
213, 274, -1
213, 272, -1
213, 0, -1
213, 2, -1
213, 95, -1
213, 85, -1
213, 8, -1
213, 19, -1
213, 291, -1
213, 319, -1
213, 330, -1
213, 326, -1
213, 281, -1
1, 274, -1
1, 272, -1
1, 144, -1
1, 213, -1
1, 291, -1
1, 319, -1
1, 330, -1
1, 326, -1
1, 281, -1
46, 274, -1
46, 272, -1
46, 144, -1
46, 213, -1
46, 291, -1
46, 319, -1
46, 330, -1
46, 326, -1
46, 281, -1
154, 274, -1
154, 272, -1
154, 0, -1
154, 2, -1
154, 95, -1
154, 85, -1
154, 8, -1
154, 19, -1
154, 1, -1
154, 46, -1
154, 291, -1
154, 319, -1
154, 330, -1
154, 326, -1
154, 281, -1
85, 281, -1
2, 274, -1
281, 46, -1
272, 46, -1
272, 0, -1
8, 274, -1
330, 154, -1
281, 2, -1
326, 1, -1
144, 326, -1
326, 19, -1
272, 2, -1
0, 144, -1
330, 19, -1
144, 8, -1
1, 154, -1
144, 319, -1
326, 85, -1
213, 46, -1
330, 85, -1
2, 326, -1
144, 1, -1
95, 319, -1
272, 144, -1
144, 330, -1
274, 95, -1
144, 95, -1
8, 326, -1
85, 326, -1
2, 319, -1
291, 95, -1
8, 319, -1
85, 319, -1
0, 281, -1
330, 46, -1
274, 154, -1
281, 95, -1
144, 291, -1
0, 274, -1
274, 19, -1
326, 2, -1
272, 95, -1
144, 19, -1
330, 2, -1
144, 46, -1
291, 1, -1
2, 154, -1
274, 85, -1
2, 291, -1
274, 213, -1
144, 85, -1
281, 154, -1
8, 154, -1
272, 8, -1
2, 330, -1
291, 85, -1
8, 291, -1
291, 213, -1
281, 1, -1
272, 154, -1
281, 19, -1
272, 1, -1
8, 330, -1
0, 326, -1
2, 213, -1
272, 19, -1
281, 85, -1
144, 281, -1
274, 46, -1
281, 213, -1
0, 319, -1
19, 213, -1
8, 213, -1
85, 213, -1
0, 154, -1
144, 0, -1
272, 85, -1
0, 291, -1
272, 213, -1
291, 46, -1
144, 274, -1
0, 213, -1
326, 95, -1
274, 2, -1
0, 330, -1
144, 2, -1
330, 95, -1
2, 281, -1
291, 2, -1
8, 144, -1
8, 281, -1
330, 213, -1
319, 46, -1
19, 154, -1
46, 154, -1
85, 154, -1
2, 144, -1
85, 144, -1
85, 330, -1
95, 154, -1
213, 1, -1
281, 8, -1
281, 0, -1

143, 144, 1
143, 213, 1
143, 154, 1
32, 0, 1
32, 2, 1
32, 95, 1
32, 85, 1
32, 8, 1
32, 19, 1
32, 1, 1
32, 46, 1
101, 0, 1
101, 2, 1
101, 95, 1
101, 85, 1
101, 8, 1
101, 19, 1
101, 1, 1
101, 46, 1
101, 32, 1
86, 0, 1
86, 2, 1
86, 95, 1
86, 85, 1
86, 8, 1
86, 19, 1
86, 1, 1
86, 46, 1
86, 32, 1
86, 101, 1
140, 0, 1
140, 2, 1
140, 95, 1
140, 85, 1
140, 8, 1
140, 19, 1
140, 1, 1
140, 46, 1
140, 32, 1
140, 101, 1
140, 86, 1
85, 101, 1
8, 86, 1
85, 46, 1
154, 213, 1
32, 101, 1
19, 101, 1
1, 86, 1
1, 95, 1
8, 46, 1
19, 46, 1
1, 46, 1
1, 101, 1
8, 0, 1
0, 2, 1
19, 95, 1
0, 8, 1
46, 2, 1
8, 140, 1
19, 140, 1
8, 85, 1
19, 85, 1
85, 140, 1
46, 8, 1
32, 140, 1
1, 140, 1
46, 85, 1
1, 85, 1
46, 140, 1
8, 2, 1
0, 1, 1
19, 86, 1
8, 101, 1
1, 2, 1
144, 213, 1
46, 1, 1
0, 19, 1
2, 19, 1
0, 86, 1
101, 86, 1
46, 19, 1
0, 95, 1
2, 86, 1
46, 86, 1
8, 95, 1
2, 95, 1
2, 101, 1
46, 95, 1
0, 101, 1
46, 101, 1
0, 46, 1
1, 19, 1
2, 46, 1
8, 1, 1
46, 0, 1
144, 154, 1
8, 19, 1
85, 86, 1
0, 140, 1
0, 85, 1
2, 140, 1
2, 85, 1
32, 86, 1
85, 95, 1
86, 140, 1
1, 8, 1
0, 32, 1
2, 32, 1
1, 0, 1
8, 32, 1
213, 143, 1
1, 32, 1
154, 143, 1
144, 143, 1
101, 140, 1
143, 274, -1
143, 272, -1
143, 0, -1
143, 2, -1
143, 95, -1
143, 85, -1
143, 8, -1
143, 19, -1
143, 1, -1
143, 46, -1
143, 291, -1
143, 319, -1
143, 330, -1
143, 326, -1
143, 281, -1
32, 274, -1
32, 272, -1
32, 144, -1
32, 213, -1
32, 154, -1
32, 143, -1
32, 291, -1
32, 319, -1
32, 330, -1
32, 326, -1
32, 281, -1
101, 274, -1
101, 272, -1
101, 144, -1
101, 213, -1
101, 154, -1
101, 143, -1
101, 291, -1
101, 319, -1
101, 330, -1
101, 326, -1
101, 281, -1
86, 274, -1
86, 272, -1
86, 144, -1
86, 213, -1
86, 154, -1
86, 143, -1
86, 291, -1
86, 319, -1
86, 330, -1
86, 326, -1
86, 281, -1
140, 274, -1
140, 272, -1
140, 144, -1
140, 213, -1
140, 154, -1
140, 143, -1
140, 291, -1
140, 319, -1
140, 330, -1
140, 326, -1
140, 281, -1
281, 46, -1
46, 274, -1
144, 86, -1
213, 140, -1
272, 101, -1
272, 46, -1
272, 0, -1
154, 319, -1
8, 274, -1
1, 143, -1
330, 154, -1
281, 2, -1
326, 1, -1
144, 326, -1
326, 19, -1
0, 144, -1
272, 2, -1
330, 19, -1
0, 272, -1
95, 143, -1
154, 95, -1
1, 154, -1
144, 8, -1
330, 101, -1
144, 319, -1
1, 291, -1
272, 32, -1
326, 140, -1
326, 85, -1
213, 101, -1
330, 140, -1
213, 46, -1
2, 326, -1
330, 85, -1
46, 326, -1
144, 1, -1
330, 213, -1
213, 0, -1
95, 319, -1
1, 330, -1
272, 144, -1
274, 86, -1
144, 330, -1
274, 95, -1
213, 85, -1
85, 143, -1
144, 95, -1
8, 326, -1
19, 326, -1
85, 326, -1
2, 319, -1
46, 319, -1
1, 213, -1
291, 86, -1
291, 95, -1
154, 291, -1
8, 319, -1
19, 319, -1
85, 319, -1
213, 32, -1
154, 19, -1
326, 101, -1
154, 101, -1
154, 46, -1
0, 281, -1
330, 46, -1
274, 154, -1
281, 86, -1
281, 95, -1
154, 140, -1
144, 291, -1
154, 85, -1
1, 144, -1
2, 143, -1
46, 143, -1
0, 274, -1
274, 19, -1
326, 2, -1
272, 86, -1
272, 95, -1
144, 19, -1
330, 2, -1
144, 101, -1
144, 46, -1
8, 143, -1
19, 143, -1
1, 274, -1
2, 154, -1
46, 154, -1
213, 2, -1
274, 140, -1
274, 85, -1
291, 101, -1
2, 291, -1
46, 291, -1
144, 140, -1
274, 213, -1
144, 85, -1
281, 154, -1
8, 154, -1
272, 8, -1
291, 140, -1
291, 85, -1
46, 330, -1
8, 291, -1
19, 291, -1
291, 213, -1
281, 1, -1
272, 154, -1
144, 32, -1
213, 86, -1
281, 19, -1
213, 95, -1
0, 143, -1
8, 330, -1
272, 1, -1
281, 101, -1
0, 326, -1
2, 213, -1
272, 19, -1
46, 213, -1
8, 281, -1
154, 2, -1
281, 140, -1
213, 326, -1
281, 85, -1
274, 101, -1
144, 281, -1
274, 46, -1
281, 213, -1
0, 319, -1
8, 213, -1
19, 213, -1
85, 213, -1
1, 326, -1
0, 154, -1
144, 0, -1
272, 140, -1
272, 85, -1
0, 291, -1
213, 8, -1
272, 213, -1
213, 319, -1
291, 46, -1
144, 274, -1
1, 319, -1
154, 86, -1
326, 95, -1
274, 2, -1
2, 144, -1
0, 330, -1
330, 86, -1
144, 2, -1
330, 95, -1
213, 1, -1
46, 281, -1
213, 19, -1
8, 144, -1
19, 144, -1
85, 144, -1
8, 272, -1
154, 326, -1
0, 213, -1
2, 274, -1
281, 0, -1
95, 154, -1
143, 32, -1
281, 143, -1
291, 1, -1
330, 32, -1
154, 32, -1
272, 143, -1
274, 143, -1
143, 86, -1
281, 8, -1
143, 101, -1
326, 86, -1
281, 32, -1
19, 154, -1
85, 154, -1
319, 86, -1
2, 330, -1
326, 46, -1
291, 143, -1
143, 140, -1
319, 46, -1
274, 32, -1
326, 143, -1
291, 2, -1
330, 143, -1
19, 330, -1
19, 274, -1
85, 330, -1

87, 0, 1
87, 2, 1
87, 95, 1
87, 85, 1
87, 8, 1
87, 19, 1
87, 1, 1
87, 46, 1
87, 32, 1
87, 101, 1
87, 86, 1
87, 140, 1
215, 144, 1
215, 213, 1
215, 154, 1
215, 143, 1
216, 144, 1
216, 213, 1
216, 154, 1
216, 143, 1
216, 215, 1
334, 291, 1
334, 319, 1
334, 330, 1
334, 326, 1
82, 0, 1
82, 2, 1
82, 95, 1
82, 85, 1
82, 8, 1
82, 19, 1
82, 1, 1
82, 46, 1
82, 32, 1
82, 101, 1
82, 86, 1
82, 140, 1
82, 87, 1
1, 86, 1
32, 101, 1
32, 46, 1
1, 95, 1
8, 46, 1
19, 46, 1
154, 143, 1
8, 0, 1
8, 82, 1
32, 140, 1
0, 87, 1
32, 85, 1
326, 291, 1
95, 86, 1
8, 2, 1
144, 143, 1
330, 291, 1
86, 95, 1
326, 330, 1
32, 87, 1
0, 101, 1
0, 46, 1
101, 46, 1
85, 86, 1
140, 86, 1
140, 95, 1
1, 19, 1
291, 319, 1
1, 101, 1
1, 46, 1
0, 2, 1
32, 0, 1
143, 215, 1
32, 82, 1
1, 140, 1
1, 85, 1
101, 87, 1
32, 2, 1
143, 144, 1
213, 215, 1
1, 87, 1
2, 86, 1
46, 86, 1
2, 95, 1
46, 95, 1
144, 154, 1
8, 86, 1
19, 86, 1
0, 82, 1
19, 95, 1
8, 95, 1
85, 95, 1
154, 213, 1
86, 87, 1
1, 82, 1
154, 215, 1
95, 46, 1
1, 2, 1
144, 213, 1
2, 19, 1
0, 86, 1
101, 86, 1
0, 95, 1
2, 101, 1
32, 1, 1
8, 1, 1
144, 215, 1
8, 19, 1
2, 140, 1
2, 85, 1
19, 101, 1
32, 86, 1
85, 101, 1
8, 101, 1
85, 46, 1
32, 95, 1
140, 46, 1
140, 101, 1
95, 87, 1
143, 154, 1
213, 143, 1
326, 319, 1
8, 140, 1
19, 140, 1
8, 85, 1
19, 85, 1
330, 319, 1
140, 85, 1
2, 87, 1
46, 87, 1
0, 1, 1
32, 8, 1
0, 19, 1
8, 87, 1
85, 87, 1
19, 87, 1
140, 87, 1
101, 95, 1
2, 46, 1
143, 213, 1
0, 140, 1
32, 19, 1
0, 85, 1
101, 85, 1
154, 216, 1
291, 334, 1
0, 8, 1
19, 82, 1
101, 2, 1
213, 216, 1
140, 82, 1
86, 1, 1
0, 32, 1
330, 334, 1
86, 19, 1
101, 140, 1
144, 216, 1
86, 101, 1
86, 46, 1
46, 1, 1
1, 8, 1
101, 19, 1
8, 32, 1
1, 32, 1
291, 326, 1
86, 82, 1
86, 140, 1
86, 85, 1
2, 82, 1
330, 326, 1
101, 82, 1
86, 2, 1
46, 8, 1
215, 216, 1
326, 334, 1
85, 140, 1
46, 32, 1
143, 216, 1
46, 0, 1
46, 19, 1
85, 82, 1
1, 0, 1
46, 2, 1
46, 82, 1
46, 140, 1
46, 101, 1
46, 85, 1
87, 274, -1
87, 272, -1
87, 144, -1
87, 213, -1
87, 154, -1
87, 143, -1
87, 291, -1
87, 319, -1
87, 330, -1
87, 326, -1
87, 281, -1
215, 274, -1
215, 272, -1
215, 0, -1
215, 2, -1
215, 95, -1
215, 85, -1
215, 8, -1
215, 19, -1
215, 1, -1
215, 46, -1
215, 32, -1
215, 101, -1
215, 86, -1
215, 140, -1
215, 87, -1
215, 291, -1
215, 319, -1
215, 330, -1
215, 326, -1
215, 281, -1
216, 274, -1
216, 272, -1
216, 0, -1
216, 2, -1
216, 95, -1
216, 85, -1
216, 8, -1
216, 19, -1
216, 1, -1
216, 46, -1
216, 32, -1
216, 101, -1
216, 86, -1
216, 140, -1
216, 87, -1
216, 291, -1
216, 319, -1
216, 330, -1
216, 326, -1
216, 281, -1
334, 274, -1
334, 272, -1
334, 144, -1
334, 213, -1
334, 154, -1
334, 143, -1
334, 215, -1
334, 216, -1
334, 0, -1
334, 2, -1
334, 95, -1
334, 85, -1
334, 8, -1
334, 19, -1
334, 1, -1
334, 46, -1
334, 32, -1
334, 101, -1
334, 86, -1
334, 140, -1
334, 87, -1
334, 281, -1
82, 274, -1
82, 272, -1
82, 144, -1
82, 213, -1
82, 154, -1
82, 143, -1
82, 215, -1
82, 216, -1
82, 291, -1
82, 319, -1
82, 330, -1
82, 326, -1
82, 334, -1
82, 281, -1
32, 330, -1
2, 274, -1
281, 46, -1
86, 319, -1
319, 215, -1
144, 86, -1
143, 334, -1
272, 101, -1
272, 46, -1
272, 0, -1
154, 319, -1
326, 154, -1
8, 274, -1
19, 274, -1
143, 291, -1
0, 215, -1
0, 334, -1
32, 213, -1
1, 143, -1
330, 154, -1
101, 154, -1
281, 2, -1
86, 330, -1
274, 82, -1
281, 82, -1
144, 326, -1
326, 19, -1
213, 334, -1
143, 101, -1
272, 2, -1
143, 46, -1
330, 19, -1
0, 144, -1
319, 87, -1
154, 330, -1
143, 0, -1
32, 215, -1
32, 334, -1
144, 8, -1
154, 95, -1
1, 154, -1
330, 101, -1
95, 326, -1
326, 95, -1
95, 143, -1
144, 319, -1
272, 87, -1
1, 291, -1
272, 32, -1
272, 215, -1
143, 85, -1
326, 140, -1
326, 85, -1
326, 213, -1
32, 144, -1
330, 140, -1
213, 101, -1
330, 85, -1
2, 326, -1
213, 46, -1
46, 326, -1
144, 1, -1
330, 213, -1
32, 281, -1
1, 330, -1
101, 213, -1
95, 319, -1
272, 144, -1
274, 86, -1
144, 330, -1
274, 95, -1
143, 87, -1
86, 154, -1
143, 32, -1
281, 326, -1
213, 85, -1
85, 143, -1
144, 95, -1
8, 326, -1
19, 326, -1
85, 326, -1
140, 143, -1
2, 319, -1
140, 326, -1
326, 215, -1
86, 291, -1
46, 319, -1
330, 87, -1
32, 274, -1
330, 215, -1
1, 213, -1
101, 215, -1
101, 334, -1
291, 86, -1
272, 82, -1
291, 95, -1
274, 143, -1
154, 291, -1
281, 319, -1
8, 319, -1
19, 319, -1
85, 319, -1
213, 87, -1
140, 319, -1
143, 281, -1
154, 19, -1
319, 86, -1
326, 101, -1
319, 95, -1
1, 215, -1
1, 334, -1
154, 101, -1
291, 143, -1
0, 281, -1
154, 46, -1
274, 319, -1
330, 46, -1
143, 82, -1
274, 154, -1
143, 274, -1
19, 330, -1
281, 86, -1
274, 291, -1
326, 274, -1
85, 330, -1
140, 330, -1
281, 95, -1
330, 82, -1
154, 140, -1
144, 291, -1
154, 85, -1
319, 143, -1
2, 143, -1
46, 143, -1
0, 274, -1
143, 2, -1
274, 19, -1
272, 86, -1
326, 2, -1
216, 334, -1
272, 95, -1
144, 19, -1
95, 154, -1
274, 330, -1
86, 215, -1
330, 2, -1
86, 334, -1
281, 143, -1
144, 101, -1
144, 46, -1
8, 143, -1
19, 143, -1
32, 326, -1
154, 87, -1
8, 216, -1
291, 19, -1
1, 274, -1
2, 154, -1
154, 334, -1
46, 154, -1
272, 143, -1
274, 140, -1
274, 85, -1
291, 101, -1
272, 326, -1
2, 291, -1
272, 216, -1
143, 86, -1
144, 140, -1
144, 85, -1
274, 213, -1
46, 291, -1
143, 95, -1
32, 319, -1
281, 154, -1
8, 154, -1
19, 154, -1
85, 154, -1
272, 8, -1
140, 154, -1
291, 140, -1
281, 291, -1
291, 85, -1
2, 330, -1
46, 330, -1
8, 291, -1
19, 291, -1
272, 319, -1
291, 213, -1
274, 87, -1
281, 1, -1
272, 154, -1
274, 215, -1
101, 330, -1
144, 87, -1
143, 326, -1
144, 32, -1
281, 19, -1
213, 86, -1
272, 291, -1
144, 334, -1
213, 95, -1
326, 82, -1
281, 330, -1
154, 82, -1
272, 1, -1
8, 330, -1
281, 101, -1
0, 143, -1
0, 326, -1
101, 326, -1
101, 143, -1
326, 87, -1
0, 216, -1
2, 213, -1
272, 19, -1
291, 87, -1
143, 8, -1
291, 215, -1
272, 330, -1
95, 215, -1
95, 334, -1
143, 319, -1
154, 2, -1
281, 140, -1
213, 326, -1
281, 85, -1
144, 272, -1
274, 101, -1
144, 281, -1
274, 46, -1
281, 213, -1
0, 319, -1
8, 213, -1
19, 213, -1
85, 213, -1
1, 326, -1
101, 319, -1
0, 154, -1
140, 213, -1
143, 1, -1
32, 143, -1
144, 0, -1
2, 215, -1
2, 334, -1
46, 215, -1
272, 85, -1
46, 334, -1
272, 140, -1
0, 291, -1
143, 19, -1
32, 216, -1
272, 213, -1
144, 82, -1
213, 319, -1
291, 46, -1
143, 330, -1
144, 274, -1
0, 213, -1
281, 87, -1
281, 215, -1
1, 319, -1
154, 86, -1
8, 215, -1
274, 2, -1
85, 215, -1
85, 334, -1
0, 330, -1
8, 334, -1
19, 215, -1
19, 334, -1
32, 154, -1
144, 2, -1
330, 95, -1
330, 86, -1
140, 215, -1
140, 334, -1
330, 143, -1
216, 82, -1
86, 143, -1
32, 291, -1
319, 46, -1
86, 326, -1
143, 140, -1
87, 215, -1
8, 144, -1
326, 143, -1
154, 326, -1
8, 281, -1
213, 0, -1
330, 216, -1
2, 216, -1
46, 216, -1
101, 216, -1
291, 154, -1
213, 140, -1
334, 82, -1
213, 82, -1
215, 82, -1
291, 1, -1
281, 216, -1
140, 216, -1
19, 216, -1
154, 32, -1
85, 216, -1
330, 32, -1
319, 154, -1
1, 216, -1
213, 2, -1
213, 8, -1
326, 1, -1
281, 8, -1
274, 326, -1
101, 291, -1
274, 216, -1
87, 216, -1
213, 32, -1
326, 86, -1
215, 334, -1
281, 334, -1
281, 32, -1
2, 144, -1
101, 144, -1
326, 46, -1
291, 82, -1
213, 1, -1
291, 216, -1
272, 334, -1
213, 19, -1
274, 334, -1
86, 213, -1
274, 32, -1
86, 274, -1
95, 216, -1
86, 216, -1
87, 334, -1
213, 330, -1
291, 2, -1
19, 144, -1
85, 144, -1
140, 144, -1
326, 216, -1
1, 144, -1
46, 274, -1
46, 213, -1
281, 0, -1
274, 144, -1
291, 144, -1
281, 144, -1
330, 144, -1
46, 281, -1

50, 0, 1
50, 2, 1
50, 95, 1
50, 85, 1
50, 8, 1
50, 19, 1
50, 1, 1
50, 46, 1
50, 32, 1
50, 101, 1
50, 86, 1
50, 140, 1
50, 87, 1
50, 82, 1
214, 144, 1
214, 213, 1
214, 154, 1
214, 143, 1
214, 215, 1
214, 216, 1
1, 86, 1
32, 101, 1
32, 46, 1
1, 95, 1
8, 46, 1
19, 46, 1
154, 143, 1
8, 0, 1
8, 82, 1
19, 82, 1
85, 82, 1
140, 82, 1
0, 87, 1
32, 140, 1
32, 85, 1
82, 86, 1
82, 95, 1
8, 2, 1
144, 143, 1
86, 95, 1
32, 87, 1
0, 101, 1
216, 143, 1
0, 46, 1
101, 46, 1
85, 86, 1
140, 86, 1
140, 95, 1
1, 19, 1
1, 101, 1
1, 46, 1
216, 154, 1
0, 2, 1
32, 0, 1
143, 215, 1
32, 82, 1
1, 140, 1
1, 85, 1
101, 87, 1
82, 46, 1
32, 2, 1
213, 215, 1
1, 87, 1
2, 86, 1
46, 86, 1
2, 95, 1
46, 95, 1
216, 213, 1
144, 154, 1
8, 86, 1
19, 86, 1
0, 82, 1
101, 82, 1
19, 95, 1
8, 95, 1
85, 95, 1
154, 213, 1
82, 87, 1
86, 87, 1
1, 82, 1
154, 215, 1
1, 2, 1
144, 213, 1
2, 19, 1
0, 86, 1
101, 86, 1
0, 95, 1
2, 101, 1
32, 1, 1
8, 1, 1
144, 215, 1
8, 19, 1
2, 140, 1
2, 85, 1
19, 101, 1
8, 101, 1
85, 101, 1
32, 86, 1
85, 46, 1
32, 95, 1
140, 46, 1
140, 101, 1
95, 87, 1
216, 215, 1
213, 143, 1
8, 140, 1
19, 140, 1
8, 85, 1
19, 85, 1
140, 85, 1
2, 87, 1
46, 87, 1
216, 144, 1
0, 1, 1
32, 8, 1
0, 19, 1
8, 87, 1
85, 87, 1
19, 87, 1
140, 87, 1
101, 95, 1
2, 46, 1
0, 140, 1
32, 19, 1
0, 85, 1
2, 82, 1
101, 85, 1
82, 32, 1
87, 95, 1
144, 214, 1
82, 50, 1
0, 8, 1
215, 143, 1
101, 2, 1
215, 213, 1
86, 50, 1
86, 1, 1
82, 19, 1
0, 32, 1
0, 50, 1
86, 19, 1
82, 101, 1
101, 140, 1
216, 214, 1
2, 50, 1
101, 50, 1
144, 216, 1
86, 101, 1
86, 46, 1
46, 1, 1
215, 154, 1
1, 8, 1
154, 144, 1
101, 19, 1
8, 32, 1
154, 214, 1
1, 32, 1
82, 140, 1
82, 85, 1
140, 50, 1
19, 50, 1
8, 50, 1
86, 82, 1
86, 140, 1
32, 50, 1
86, 85, 1
1, 50, 1
213, 144, 1
213, 214, 1
82, 2, 1
215, 214, 1
86, 2, 1
154, 216, 1
143, 154, 1
1, 0, 1
46, 2, 1
213, 216, 1
85, 140, 1
46, 8, 1
215, 216, 1
46, 32, 1
19, 2, 1
46, 50, 1
143, 144, 1
143, 214, 1
46, 19, 1
46, 101, 1
143, 213, 1
143, 216, 1
46, 0, 1
46, 82, 1
46, 140, 1
46, 85, 1
257, 274, -1
257, 272, -1
257, 144, -1
257, 213, -1
257, 154, -1
257, 143, -1
257, 215, -1
257, 216, -1
257, 0, -1
257, 2, -1
257, 95, -1
257, 85, -1
257, 8, -1
257, 19, -1
257, 1, -1
257, 46, -1
257, 32, -1
257, 101, -1
257, 86, -1
257, 140, -1
257, 87, -1
257, 82, -1
257, 291, -1
257, 319, -1
257, 330, -1
257, 326, -1
257, 334, -1
257, 281, -1
50, 274, -1
50, 272, -1
50, 144, -1
50, 213, -1
50, 154, -1
50, 143, -1
50, 215, -1
50, 216, -1
50, 291, -1
50, 319, -1
50, 330, -1
50, 326, -1
50, 334, -1
50, 281, -1
50, 257, -1
214, 274, -1
214, 272, -1
214, 0, -1
214, 2, -1
214, 95, -1
214, 85, -1
214, 8, -1
214, 19, -1
214, 1, -1
214, 46, -1
214, 32, -1
214, 101, -1
214, 86, -1
214, 140, -1
214, 87, -1
214, 82, -1
214, 50, -1
214, 291, -1
214, 319, -1
214, 330, -1
214, 326, -1
214, 334, -1
214, 281, -1
214, 257, -1
32, 330, -1
2, 274, -1
281, 46, -1
1, 214, -1
86, 319, -1
144, 86, -1
272, 101, -1
272, 46, -1
334, 213, -1
272, 0, -1
154, 319, -1
326, 154, -1
8, 274, -1
19, 274, -1
0, 215, -1
0, 334, -1
1, 143, -1
32, 213, -1
330, 154, -1
101, 154, -1
281, 2, -1
216, 86, -1
82, 214, -1
216, 95, -1
144, 326, -1
257, 50, -1
334, 87, -1
334, 215, -1
215, 87, -1
272, 2, -1
0, 144, -1
32, 215, -1
32, 334, -1
82, 319, -1
95, 143, -1
144, 8, -1
1, 154, -1
82, 143, -1
154, 95, -1
216, 326, -1
272, 87, -1
144, 319, -1
1, 291, -1
272, 32, -1
272, 215, -1
326, 213, -1
85, 214, -1
50, 214, -1
140, 214, -1
2, 326, -1
213, 46, -1
216, 8, -1
46, 326, -1
144, 1, -1
32, 144, -1
213, 101, -1
330, 213, -1
95, 319, -1
1, 330, -1
32, 281, -1
101, 213, -1
216, 319, -1
82, 154, -1
144, 257, -1
272, 144, -1
274, 86, -1
144, 330, -1
274, 95, -1
86, 154, -1
82, 291, -1
143, 87, -1
216, 291, -1
213, 85, -1
85, 143, -1
144, 95, -1
8, 326, -1
19, 326, -1
85, 326, -1
140, 143, -1
2, 319, -1
140, 326, -1
216, 1, -1
46, 319, -1
281, 82, -1
330, 87, -1
326, 215, -1
32, 274, -1
330, 143, -1
216, 19, -1
1, 213, -1
330, 215, -1
101, 215, -1
101, 334, -1
291, 86, -1
216, 257, -1
272, 82, -1
82, 330, -1
291, 95, -1
216, 330, -1
274, 143, -1
154, 291, -1
8, 319, -1
19, 319, -1
85, 319, -1
213, 87, -1
140, 319, -1
154, 19, -1
1, 215, -1
1, 334, -1
2, 214, -1
216, 85, -1
0, 281, -1
46, 214, -1
216, 140, -1
87, 319, -1
82, 213, -1
257, 214, -1
330, 46, -1
154, 101, -1
274, 154, -1
86, 213, -1
281, 86, -1
85, 330, -1
215, 95, -1
140, 330, -1
281, 95, -1
154, 140, -1
144, 291, -1
154, 85, -1
8, 214, -1
2, 143, -1
19, 214, -1
46, 143, -1
0, 274, -1
46, 216, -1
82, 215, -1
272, 86, -1
82, 334, -1
216, 334, -1
272, 95, -1
95, 154, -1
144, 19, -1
86, 215, -1
86, 334, -1
281, 143, -1
144, 101, -1
46, 144, -1
144, 46, -1
8, 143, -1
19, 143, -1
32, 326, -1
154, 87, -1
8, 216, -1
1, 274, -1
2, 154, -1
46, 154, -1
272, 143, -1
274, 140, -1
274, 85, -1
291, 101, -1
2, 291, -1
87, 143, -1
272, 216, -1
144, 140, -1
274, 213, -1
144, 85, -1
216, 101, -1
143, 95, -1
216, 46, -1
215, 319, -1
32, 319, -1
216, 0, -1
281, 154, -1
291, 143, -1
8, 154, -1
19, 154, -1
85, 154, -1
272, 8, -1
140, 154, -1
0, 214, -1
101, 214, -1
2, 330, -1
291, 85, -1
291, 140, -1
8, 291, -1
19, 291, -1
82, 274, -1
291, 213, -1
274, 87, -1
281, 1, -1
272, 154, -1
274, 215, -1
144, 87, -1
87, 154, -1
144, 32, -1
281, 19, -1
213, 86, -1
144, 334, -1
213, 95, -1
8, 257, -1
32, 257, -1
216, 2, -1
334, 95, -1
0, 143, -1
8, 330, -1
19, 330, -1
272, 1, -1
0, 326, -1
101, 143, -1
101, 326, -1
281, 101, -1
326, 87, -1
2, 213, -1
272, 19, -1
32, 214, -1
291, 87, -1
46, 213, -1
0, 216, -1
291, 215, -1
216, 87, -1
95, 215, -1
216, 32, -1
143, 319, -1
281, 140, -1
334, 143, -1
281, 85, -1
216, 50, -1
274, 101, -1
144, 281, -1
274, 46, -1
281, 213, -1
0, 319, -1
8, 213, -1
19, 213, -1
85, 213, -1
1, 326, -1
32, 143, -1
0, 154, -1
101, 319, -1
140, 213, -1
144, 0, -1
2, 215, -1
2, 334, -1
46, 215, -1
272, 85, -1
46, 334, -1
272, 140, -1
0, 291, -1
32, 216, -1
272, 213, -1
144, 82, -1
86, 214, -1
213, 319, -1
291, 46, -1
216, 281, -1
144, 274, -1
0, 213, -1
281, 87, -1
334, 154, -1
0, 257, -1
281, 215, -1
1, 319, -1
326, 95, -1
8, 215, -1
8, 334, -1
85, 215, -1
85, 334, -1
0, 330, -1
19, 215, -1
19, 334, -1
32, 154, -1
101, 330, -1
144, 2, -1
330, 95, -1
330, 86, -1
140, 215, -1
140, 334, -1
82, 326, -1
86, 143, -1
216, 82, -1
32, 291, -1
86, 326, -1
216, 274, -1
87, 215, -1
8, 144, -1
326, 143, -1
144, 50, -1
8, 281, -1
215, 46, -1
330, 216, -1
101, 216, -1
213, 140, -1
334, 140, -1
291, 50, -1
334, 85, -1
140, 144, -1
1, 216, -1
326, 1, -1
274, 82, -1
86, 330, -1
101, 291, -1
326, 19, -1
213, 334, -1
143, 101, -1
143, 46, -1
330, 19, -1
281, 32, -1
143, 0, -1
215, 50, -1
281, 50, -1
330, 101, -1
291, 82, -1
82, 216, -1
143, 85, -1
86, 216, -1
326, 140, -1
272, 50, -1
326, 85, -1
330, 140, -1
330, 85, -1
334, 46, -1
213, 0, -1
334, 82, -1
274, 214, -1
143, 32, -1
215, 82, -1
86, 291, -1
143, 50, -1
140, 216, -1
330, 32, -1
334, 2, -1
87, 326, -1
291, 214, -1
215, 2, -1
274, 216, -1
213, 32, -1
213, 50, -1
101, 144, -1
319, 86, -1
334, 50, -1
326, 101, -1
326, 46, -1
319, 214, -1
319, 95, -1
154, 46, -1
291, 216, -1
143, 82, -1
95, 216, -1
215, 86, -1
330, 82, -1
281, 214, -1
319, 143, -1
1, 144, -1
143, 2, -1
2, 216, -1
274, 19, -1
326, 2, -1
272, 214, -1
330, 2, -1
213, 82, -1
87, 214, -1
215, 326, -1
291, 1, -1
281, 216, -1
19, 216, -1
154, 32, -1
85, 216, -1
82, 144, -1
326, 50, -1
154, 334, -1
213, 2, -1
330, 50, -1
281, 8, -1
143, 86, -1
87, 216, -1
86, 274, -1
215, 19, -1
334, 86, -1
326, 82, -1
154, 82, -1
143, 8, -1
154, 2, -1
215, 140, -1
215, 85, -1
213, 326, -1
334, 216, -1
319, 87, -1
143, 1, -1
143, 19, -1
213, 8, -1
154, 50, -1
326, 86, -1
215, 334, -1
154, 86, -1
274, 2, -1
2, 144, -1
330, 214, -1
213, 1, -1
215, 291, -1
334, 1, -1
143, 140, -1
319, 46, -1
213, 19, -1
334, 19, -1
274, 32, -1
87, 334, -1
291, 2, -1
19, 144, -1
274, 50, -1
85, 144, -1
334, 101, -1
326, 216, -1
154, 326, -1
215, 101, -1
46, 274, -1
281, 0, -1
274, 144, -1
95, 334, -1
143, 334, -1
143, 291, -1
319, 215, -1
291, 144, -1
95, 214, -1
143, 257, -1
46, 291, -1
143, 330, -1
143, 281, -1
46, 257, -1
330, 144, -1
46, 330, -1
95, 326, -1
46, 281, -1
143, 326, -1
281, 144, -1
143, 274, -1

173, 144, 1
173, 213, 1
173, 154, 1
173, 143, 1
173, 215, 1
173, 216, 1
173, 214, 1
197, 144, 1
197, 213, 1
197, 154, 1
197, 143, 1
197, 215, 1
197, 216, 1
197, 214, 1
197, 173, 1
189, 144, 1
189, 213, 1
189, 154, 1
189, 143, 1
189, 215, 1
189, 216, 1
189, 214, 1
189, 173, 1
189, 197, 1
142, 0, 1
142, 2, 1
142, 95, 1
142, 85, 1
142, 8, 1
142, 19, 1
142, 1, 1
142, 46, 1
142, 32, 1
142, 101, 1
142, 86, 1
142, 140, 1
142, 87, 1
142, 82, 1
142, 50, 1
32, 101, 1
32, 46, 1
1, 95, 1
154, 143, 1
8, 0, 1
154, 173, 1
144, 214, 1
46, 2, 1
8, 82, 1
0, 87, 1
32, 140, 1
32, 85, 1
86, 1, 1
144, 189, 1
82, 95, 1
8, 2, 1
144, 143, 1
213, 197, 1
216, 214, 1
46, 50, 1
86, 95, 1
173, 197, 1
214, 143, 1
32, 87, 1
144, 173, 1
216, 189, 1
8, 50, 1
216, 143, 1
0, 101, 1
50, 95, 1
140, 95, 1
1, 19, 1
1, 101, 1
216, 154, 1
0, 2, 1
32, 0, 1
143, 215, 1
154, 197, 1
32, 82, 1
1, 140, 1
1, 85, 1
82, 19, 1
101, 87, 1
215, 173, 1
0, 50, 1
86, 19, 1
82, 101, 1
32, 2, 1
86, 101, 1
213, 215, 1
1, 87, 1
82, 140, 1
46, 86, 1
82, 85, 1
2, 95, 1
46, 95, 1
144, 197, 1
216, 213, 1
32, 50, 1
86, 85, 1
86, 140, 1
50, 19, 1
213, 144, 1
144, 154, 1
214, 215, 1
8, 86, 1
143, 173, 1
50, 101, 1
0, 82, 1
19, 95, 1
8, 95, 1
85, 95, 1
216, 197, 1
82, 87, 1
86, 87, 1
50, 140, 1
50, 85, 1
46, 8, 1
1, 82, 1
213, 173, 1
154, 215, 1
1, 2, 1
50, 87, 1
46, 1, 1
2, 19, 1
0, 86, 1
46, 19, 1
0, 95, 1
2, 101, 1
46, 101, 1
86, 82, 1
32, 1, 1
8, 1, 1
1, 50, 1
144, 215, 1
8, 19, 1
213, 214, 1
82, 2, 1
2, 140, 1
2, 85, 1
86, 2, 1
46, 85, 1
85, 101, 1
8, 101, 1
19, 101, 1
32, 95, 1
46, 140, 1
32, 86, 1
140, 101, 1
95, 87, 1
213, 189, 1
216, 215, 1
213, 143, 1
197, 189, 1
173, 189, 1
50, 82, 1
8, 140, 1
19, 140, 1
8, 85, 1
19, 85, 1
86, 50, 1
140, 85, 1
2, 87, 1
46, 87, 1
50, 2, 1
216, 144, 1
0, 1, 1
213, 154, 1
32, 8, 1
0, 19, 1
8, 87, 1
85, 87, 1
19, 87, 1
140, 87, 1
154, 214, 1
214, 173, 1
101, 95, 1
46, 0, 1
154, 189, 1
216, 173, 1
0, 140, 1
32, 19, 1
0, 85, 1
46, 82, 1
101, 85, 1
82, 142, 1
154, 213, 1
140, 46, 1
85, 46, 1
50, 46, 1
8, 46, 1
19, 46, 1
1, 86, 1
1, 46, 1
82, 32, 1
86, 142, 1
215, 189, 1
87, 95, 1
82, 50, 1
0, 8, 1
215, 143, 1
19, 82, 1
85, 82, 1
213, 216, 1
215, 213, 1
140, 82, 1
0, 142, 1
101, 2, 1
2, 142, 1
101, 142, 1
0, 32, 1
82, 86, 1
214, 189, 1
82, 46, 1
2, 50, 1
19, 2, 1
101, 50, 1
215, 197, 1
144, 216, 1
50, 142, 1
144, 213, 1
86, 46, 1
8, 142, 1
19, 142, 1
85, 142, 1
215, 154, 1
140, 142, 1
1, 8, 1
32, 142, 1
50, 32, 1
215, 214, 1
154, 144, 1
1, 142, 1
8, 32, 1
101, 86, 1
101, 19, 1
2, 86, 1
1, 32, 1
143, 189, 1
0, 46, 1
101, 46, 1
2, 46, 1
85, 86, 1
50, 86, 1
140, 86, 1
19, 86, 1
2, 82, 1
101, 82, 1
101, 140, 1
154, 216, 1
143, 214, 1
215, 216, 1
46, 142, 1
85, 140, 1
143, 213, 1
143, 197, 1
46, 32, 1
143, 216, 1
214, 216, 1
143, 154, 1
1, 0, 1
140, 50, 1
19, 50, 1
143, 144, 1
173, 274, -1
173, 272, -1
173, 0, -1
173, 2, -1
173, 95, -1
173, 85, -1
173, 8, -1
173, 19, -1
173, 1, -1
173, 46, -1
173, 32, -1
173, 101, -1
173, 86, -1
173, 140, -1
173, 87, -1
173, 82, -1
173, 50, -1
173, 291, -1
173, 319, -1
173, 330, -1
173, 326, -1
173, 334, -1
173, 281, -1
173, 257, -1
197, 274, -1
197, 272, -1
197, 0, -1
197, 2, -1
197, 95, -1
197, 85, -1
197, 8, -1
197, 19, -1
197, 1, -1
197, 46, -1
197, 32, -1
197, 101, -1
197, 86, -1
197, 140, -1
197, 87, -1
197, 82, -1
197, 50, -1
197, 291, -1
197, 319, -1
197, 330, -1
197, 326, -1
197, 334, -1
197, 281, -1
197, 257, -1
189, 274, -1
189, 272, -1
189, 0, -1
189, 2, -1
189, 95, -1
189, 85, -1
189, 8, -1
189, 19, -1
189, 1, -1
189, 46, -1
189, 32, -1
189, 101, -1
189, 86, -1
189, 140, -1
189, 87, -1
189, 82, -1
189, 50, -1
189, 291, -1
189, 319, -1
189, 330, -1
189, 326, -1
189, 334, -1
189, 281, -1
189, 257, -1
142, 274, -1
142, 272, -1
142, 144, -1
142, 213, -1
142, 154, -1
142, 143, -1
142, 215, -1
142, 216, -1
142, 214, -1
142, 173, -1
142, 197, -1
142, 189, -1
142, 291, -1
142, 319, -1
142, 330, -1
142, 326, -1
142, 334, -1
142, 281, -1
142, 257, -1
32, 330, -1
46, 274, -1
86, 319, -1
213, 140, -1
272, 46, -1
214, 86, -1
154, 319, -1
214, 95, -1
8, 274, -1
32, 213, -1
330, 154, -1
101, 154, -1
274, 82, -1
0, 144, -1
291, 189, -1
330, 19, -1
32, 334, -1
95, 143, -1
144, 8, -1
272, 32, -1
272, 50, -1
2, 189, -1
85, 214, -1
330, 140, -1
82, 154, -1
272, 144, -1
274, 95, -1
257, 173, -1
213, 85, -1
86, 291, -1
2, 319, -1
216, 1, -1
216, 19, -1
216, 257, -1
334, 2, -1
85, 173, -1
154, 291, -1
1, 197, -1
326, 101, -1
1, 215, -1
291, 143, -1
216, 140, -1
46, 214, -1
281, 214, -1
8, 214, -1
2, 143, -1
19, 214, -1
326, 2, -1
32, 189, -1
144, 101, -1
154, 142, -1
272, 143, -1
257, 154, -1
274, 85, -1
2, 291, -1
50, 197, -1
32, 319, -1
216, 0, -1
50, 215, -1
257, 1, -1
272, 8, -1
257, 19, -1
0, 214, -1
46, 330, -1
274, 215, -1
144, 87, -1
144, 334, -1
334, 86, -1
326, 82, -1
334, 95, -1
281, 101, -1
101, 143, -1
8, 330, -1
0, 326, -1
257, 140, -1
46, 213, -1
154, 2, -1
213, 326, -1
8, 213, -1
19, 213, -1
32, 143, -1
46, 334, -1
144, 82, -1
1, 173, -1
281, 87, -1
326, 86, -1
326, 95, -1
8, 334, -1
140, 215, -1
0, 330, -1
330, 214, -1
32, 291, -1
213, 330, -1
144, 50, -1
0, 213, -1
144, 86, -1
334, 85, -1
272, 101, -1
0, 334, -1
50, 173, -1
82, 214, -1
213, 334, -1
334, 215, -1
215, 87, -1
274, 173, -1
272, 2, -1
281, 50, -1
154, 95, -1
1, 154, -1
330, 101, -1
216, 326, -1
144, 319, -1
272, 87, -1
326, 85, -1
46, 189, -1
140, 214, -1
213, 46, -1
95, 319, -1
32, 281, -1
101, 213, -1
281, 189, -1
8, 189, -1
19, 189, -1
85, 143, -1
326, 215, -1
46, 319, -1
330, 87, -1
272, 82, -1
291, 95, -1
216, 330, -1
140, 173, -1
8, 319, -1
19, 319, -1
50, 154, -1
213, 50, -1
87, 319, -1
82, 213, -1
257, 214, -1
274, 154, -1
0, 189, -1
215, 95, -1
330, 82, -1
144, 291, -1
154, 85, -1
46, 143, -1
0, 274, -1
274, 19, -1
272, 86, -1
86, 197, -1
216, 334, -1
272, 95, -1
86, 215, -1
281, 143, -1
213, 274, -1
8, 143, -1
19, 143, -1
272, 189, -1
1, 274, -1
274, 140, -1
87, 143, -1
330, 50, -1
272, 216, -1
46, 291, -1
216, 46, -1
215, 319, -1
291, 85, -1
8, 291, -1
19, 291, -1
257, 101, -1
144, 142, -1
330, 189, -1
32, 257, -1
101, 189, -1
0, 143, -1
291, 215, -1
216, 32, -1
216, 50, -1
144, 281, -1
2, 197, -1
101, 319, -1
85, 213, -1
2, 215, -1
32, 216, -1
257, 87, -1
272, 85, -1
0, 291, -1
86, 214, -1
82, 189, -1
144, 2, -1
272, 197, -1
46, 281, -1
334, 1, -1
216, 274, -1
334, 19, -1
86, 173, -1
154, 326, -1
8, 281, -1
330, 143, -1
82, 319, -1
257, 82, -1
1, 214, -1
334, 140, -1
281, 2, -1
326, 1, -1
86, 330, -1
257, 50, -1
326, 19, -1
214, 326, -1
32, 197, -1
32, 215, -1
82, 143, -1
291, 173, -1
326, 140, -1
257, 189, -1
213, 101, -1
50, 214, -1
216, 8, -1
144, 1, -1
1, 330, -1
144, 257, -1
2, 173, -1
85, 189, -1
274, 214, -1
86, 154, -1
82, 291, -1
216, 291, -1
144, 95, -1
140, 143, -1
281, 82, -1
1, 213, -1
213, 87, -1
272, 173, -1
85, 319, -1
197, 142, -1
46, 257, -1
154, 19, -1
154, 46, -1
214, 87, -1
281, 86, -1
214, 334, -1
281, 95, -1
154, 140, -1
216, 142, -1
257, 143, -1
330, 2, -1
213, 82, -1
50, 213, -1
32, 326, -1
189, 142, -1
8, 216, -1
214, 46, -1
2, 154, -1
32, 173, -1
144, 85, -1
216, 101, -1
291, 140, -1
274, 87, -1
272, 154, -1
86, 274, -1
213, 86, -1
213, 95, -1
216, 2, -1
272, 1, -1
0, 216, -1
272, 19, -1
216, 87, -1
95, 215, -1
281, 85, -1
1, 189, -1
0, 319, -1
46, 197, -1
140, 213, -1
46, 215, -1
272, 140, -1
213, 319, -1
8, 197, -1
19, 197, -1
281, 215, -1
1, 319, -1
8, 215, -1
19, 215, -1
32, 154, -1
330, 95, -1
86, 143, -1
216, 82, -1
87, 215, -1
214, 319, -1
274, 50, -1
334, 101, -1
50, 189, -1
257, 2, -1
0, 197, -1
272, 0, -1
0, 215, -1
1, 143, -1
274, 189, -1
216, 86, -1
216, 95, -1
144, 326, -1
50, 319, -1
334, 87, -1
173, 142, -1
213, 291, -1
1, 291, -1
272, 215, -1
32, 144, -1
330, 85, -1
46, 326, -1
216, 319, -1
46, 173, -1
144, 330, -1
143, 87, -1
140, 189, -1
334, 82, -1
326, 87, -1
50, 143, -1
8, 326, -1
101, 197, -1
32, 274, -1
330, 215, -1
281, 173, -1
101, 215, -1
8, 173, -1
19, 173, -1
291, 214, -1
274, 143, -1
213, 142, -1
140, 319, -1
334, 50, -1
50, 291, -1
216, 85, -1
2, 214, -1
0, 281, -1
154, 101, -1
257, 86, -1
257, 95, -1
86, 213, -1
214, 142, -1
213, 281, -1
82, 197, -1
82, 215, -1
334, 189, -1
0, 173, -1
144, 19, -1
272, 214, -1
144, 46, -1
154, 87, -1
154, 334, -1
326, 50, -1
46, 154, -1
213, 2, -1
291, 101, -1
144, 140, -1
143, 95, -1
140, 197, -1
281, 154, -1
8, 154, -1
101, 214, -1
281, 1, -1
326, 189, -1
144, 32, -1
281, 19, -1
8, 257, -1
154, 82, -1
2, 213, -1
32, 214, -1
257, 85, -1
291, 87, -1
143, 319, -1
330, 173, -1
101, 173, -1
281, 140, -1
334, 143, -1
274, 101, -1
0, 154, -1
144, 0, -1
257, 215, -1
272, 213, -1
154, 50, -1
216, 281, -1
144, 274, -1
85, 197, -1
0, 257, -1
154, 86, -1
274, 2, -1
85, 215, -1
86, 189, -1
213, 1, -1
213, 19, -1
213, 257, -1
82, 173, -1
8, 144, -1
326, 143, -1
215, 46, -1
2, 274, -1
281, 46, -1
330, 216, -1
101, 216, -1
143, 142, -1
291, 50, -1
50, 326, -1
334, 213, -1
326, 154, -1
1, 216, -1
257, 32, -1
101, 291, -1
334, 197, -1
334, 142, -1
143, 101, -1
143, 46, -1
281, 32, -1
143, 0, -1
95, 189, -1
215, 50, -1
291, 82, -1
82, 216, -1
143, 85, -1
86, 216, -1
95, 173, -1
326, 213, -1
2, 326, -1
330, 213, -1
213, 0, -1
214, 1, -1
274, 86, -1
326, 197, -1
143, 32, -1
326, 142, -1
215, 82, -1
19, 326, -1
85, 326, -1
140, 326, -1
330, 197, -1
143, 50, -1
330, 142, -1
140, 216, -1
50, 216, -1
330, 32, -1
87, 189, -1
101, 334, -1
291, 86, -1
87, 326, -1
215, 2, -1
274, 216, -1
213, 32, -1
87, 173, -1
101, 144, -1
319, 86, -1
319, 95, -1
319, 214, -1
1, 334, -1
291, 216, -1
330, 46, -1
143, 82, -1
95, 216, -1
215, 86, -1
319, 143, -1
1, 144, -1
143, 2, -1
2, 216, -1
46, 216, -1
82, 334, -1
257, 216, -1
95, 154, -1
86, 334, -1
87, 214, -1
215, 326, -1
291, 1, -1
281, 216, -1
257, 8, -1
19, 216, -1
154, 32, -1
85, 216, -1
334, 173, -1
82, 144, -1
281, 8, -1
274, 213, -1
143, 86, -1
87, 216, -1
50, 334, -1
19, 154, -1
85, 154, -1
140, 154, -1
2, 330, -1
274, 197, -1
291, 213, -1
274, 142, -1
87, 154, -1
215, 19, -1
50, 144, -1
101, 326, -1
291, 197, -1
291, 142, -1
326, 173, -1
143, 8, -1
257, 213, -1
215, 140, -1
215, 85, -1
274, 46, -1
281, 213, -1
334, 216, -1
319, 142, -1
319, 87, -1
1, 326, -1
257, 197, -1
143, 1, -1
257, 142, -1
2, 334, -1
143, 19, -1
213, 8, -1
291, 46, -1
281, 197, -1
215, 142, -1
281, 142, -1
334, 154, -1
215, 334, -1
2, 144, -1
19, 334, -1
46, 144, -1
85, 334, -1
140, 334, -1
330, 86, -1
82, 326, -1
272, 142, -1
215, 291, -1
143, 140, -1
86, 326, -1
319, 46, -1
87, 334, -1
274, 32, -1
257, 46, -1
291, 2, -1
19, 144, -1
85, 144, -1
140, 144, -1
326, 216, -1
215, 101, -1
334, 46, -1
281, 0, -1
274, 144, -1
95, 334, -1
143, 334, -1
50, 274, -1
19, 274, -1
143, 291, -1
319, 215, -1
291, 144, -1
82, 330, -1
95, 214, -1
143, 257, -1
143, 330, -1
143, 281, -1
330, 144, -1
101, 330, -1
257, 144, -1
326, 46, -1
95, 326, -1
82, 274, -1
143, 326, -1
281, 144, -1
143, 274, -1
257, 0, -1
85, 330, -1
50, 330, -1
140, 330, -1
19, 330, -1

138, 0, 1
138, 2, 1
138, 95, 1
138, 85, 1
138, 8, 1
138, 19, 1
138, 1, 1
138, 46, 1
138, 32, 1
138, 101, 1
138, 86, 1
138, 140, 1
138, 87, 1
138, 82, 1
138, 50, 1
138, 142, 1
239, 257, 1
13, 0, 1
13, 2, 1
13, 95, 1
13, 85, 1
13, 8, 1
13, 19, 1
13, 1, 1
13, 46, 1
13, 32, 1
13, 101, 1
13, 86, 1
13, 140, 1
13, 87, 1
13, 82, 1
13, 50, 1
13, 142, 1
13, 138, 1
107, 0, 1
107, 2, 1
107, 95, 1
107, 85, 1
107, 8, 1
107, 19, 1
107, 1, 1
107, 46, 1
107, 32, 1
107, 101, 1
107, 86, 1
107, 140, 1
107, 87, 1
107, 82, 1
107, 50, 1
107, 142, 1
107, 138, 1
107, 13, 1
1, 86, 1
50, 107, 1
32, 101, 1
32, 46, 1
1, 95, 1
8, 46, 1
19, 46, 1
8, 0, 1
19, 0, 1
8, 82, 1
19, 82, 1
85, 82, 1
140, 82, 1
0, 142, 1
0, 87, 1
32, 140, 1
32, 85, 1
82, 86, 1
82, 95, 1
8, 2, 1
19, 2, 1
2, 50, 1
86, 95, 1
32, 142, 1
32, 87, 1
101, 19, 1
8, 50, 1
0, 101, 1
19, 50, 1
0, 46, 1
101, 46, 1
2, 107, 1
32, 138, 1
85, 13, 1
50, 13, 1
140, 13, 1
85, 86, 1
50, 86, 1
140, 86, 1
50, 95, 1
140, 95, 1
1, 19, 1
1, 138, 1
138, 107, 1
101, 140, 1
101, 85, 1
8, 107, 1
19, 107, 1
1, 101, 1
1, 46, 1
0, 2, 1
32, 0, 1
32, 82, 1
1, 140, 1
1, 85, 1
101, 142, 1
101, 87, 1
82, 19, 1
0, 50, 1
82, 101, 1
82, 46, 1
32, 2, 1
2, 13, 1
1, 142, 1
1, 87, 1
2, 86, 1
82, 140, 1
46, 86, 1
82, 85, 1
2, 95, 1
46, 95, 1
0, 107, 1
32, 50, 1
138, 13, 1
50, 19, 1
32, 13, 1
8, 13, 1
19, 13, 1
8, 86, 1
19, 86, 1
50, 101, 1
0, 82, 1
101, 82, 1
19, 95, 1
8, 95, 1
85, 95, 1
82, 142, 1
82, 87, 1
32, 107, 1
86, 142, 1
86, 87, 1
142, 95, 1
50, 140, 1
101, 2, 1
50, 85, 1
1, 82, 1
19, 8, 1
1, 2, 1
50, 142, 1
50, 87, 1
0, 13, 1
101, 13, 1
2, 19, 1
2, 138, 1
0, 86, 1
101, 86, 1
0, 95, 1
2, 101, 1
32, 1, 1
8, 1, 1
1, 50, 1
101, 107, 1
19, 1, 1
8, 19, 1
8, 138, 1
1, 13, 1
82, 2, 1
19, 138, 1
2, 140, 1
2, 85, 1
8, 101, 1
19, 101, 1
85, 101, 1
32, 86, 1
85, 46, 1
32, 95, 1
140, 46, 1
50, 46, 1
140, 101, 1
95, 87, 1
1, 107, 1
82, 50, 1
50, 82, 1
8, 140, 1
19, 140, 1
8, 85, 1
19, 85, 1
85, 140, 1
140, 85, 1
82, 13, 1
2, 142, 1
2, 87, 1
46, 142, 1
46, 87, 1
50, 2, 1
0, 1, 1
82, 107, 1
32, 8, 1
8, 142, 1
19, 142, 1
0, 19, 1
85, 142, 1
85, 87, 1
8, 87, 1
19, 87, 1
140, 87, 1
140, 142, 1
0, 138, 1
140, 50, 1
101, 95, 1
2, 46, 1
142, 87, 1
0, 140, 1
32, 19, 1
0, 85, 1
2, 82, 1
142, 13, 1
142, 138, 1
82, 32, 1
142, 86, 1
87, 95, 1
142, 101, 1
0, 8, 1
142, 46, 1
86, 50, 1
86, 1, 1
82, 138, 1
0, 32, 1
86, 13, 1
86, 138, 1
95, 138, 1
86, 19, 1
142, 140, 1
142, 85, 1
101, 50, 1
86, 101, 1
86, 46, 1
46, 1, 1
50, 32, 1
1, 8, 1
86, 107, 1
101, 138, 1
46, 138, 1
8, 32, 1
1, 32, 1
86, 82, 1
86, 140, 1
86, 85, 1
13, 107, 1
50, 138, 1
140, 138, 1
85, 138, 1
86, 2, 1
46, 8, 1
142, 107, 1
46, 107, 1
46, 13, 1
87, 138, 1
46, 32, 1
46, 140, 1
46, 0, 1
142, 19, 1
46, 19, 1
46, 82, 1
1, 0, 1
46, 2, 1
142, 1, 1
46, 50, 1
46, 101, 1
46, 85, 1
138, 274, -1
138, 272, -1
138, 144, -1
138, 213, -1
138, 154, -1
138, 143, -1
138, 215, -1
138, 216, -1
138, 214, -1
138, 173, -1
138, 197, -1
138, 189, -1
138, 291, -1
138, 319, -1
138, 330, -1
138, 326, -1
138, 334, -1
138, 281, -1
138, 257, -1
239, 274, -1
239, 272, -1
239, 144, -1
239, 213, -1
239, 154, -1
239, 143, -1
239, 215, -1
239, 216, -1
239, 214, -1
239, 173, -1
239, 197, -1
239, 189, -1
239, 0, -1
239, 2, -1
239, 95, -1
239, 85, -1
239, 8, -1
239, 19, -1
239, 1, -1
239, 46, -1
239, 32, -1
239, 101, -1
239, 86, -1
239, 140, -1
239, 87, -1
239, 82, -1
239, 50, -1
239, 142, -1
239, 138, -1
239, 291, -1
239, 319, -1
239, 330, -1
239, 326, -1
239, 334, -1
239, 281, -1
13, 274, -1
13, 272, -1
13, 144, -1
13, 213, -1
13, 154, -1
13, 143, -1
13, 215, -1
13, 216, -1
13, 214, -1
13, 173, -1
13, 197, -1
13, 189, -1
13, 291, -1
13, 319, -1
13, 330, -1
13, 326, -1
13, 334, -1
13, 281, -1
13, 257, -1
13, 239, -1
107, 274, -1
107, 272, -1
107, 144, -1
107, 213, -1
107, 154, -1
107, 143, -1
107, 215, -1
107, 216, -1
107, 214, -1
107, 173, -1
107, 197, -1
107, 189, -1
107, 291, -1
107, 319, -1
107, 330, -1
107, 326, -1
107, 334, -1
107, 281, -1
107, 257, -1
107, 239, -1
32, 330, -1
86, 319, -1
144, 13, -1
213, 140, -1
291, 50, -1
272, 46, -1
214, 95, -1
8, 274, -1
19, 274, -1
32, 213, -1
101, 154, -1
274, 82, -1
330, 19, -1
32, 334, -1
95, 143, -1
144, 8, -1
50, 239, -1
272, 32, -1
197, 1, -1
272, 50, -1
2, 189, -1
197, 19, -1
85, 214, -1
330, 140, -1
281, 107, -1
257, 326, -1
213, 0, -1
82, 154, -1
144, 138, -1
274, 86, -1
142, 214, -1
274, 95, -1
257, 173, -1
213, 85, -1
85, 326, -1
197, 140, -1
2, 319, -1
216, 1, -1
291, 13, -1
216, 19, -1
216, 257, -1
85, 173, -1
142, 326, -1
142, 173, -1
1, 197, -1
1, 215, -1
216, 140, -1
46, 214, -1
140, 239, -1
85, 330, -1
213, 107, -1
8, 214, -1
2, 143, -1
19, 214, -1
272, 13, -1
197, 0, -1
32, 189, -1
144, 101, -1
154, 142, -1
291, 138, -1
257, 154, -1
274, 85, -1
2, 291, -1
50, 197, -1
330, 13, -1
32, 319, -1
216, 0, -1
257, 1, -1
50, 215, -1
85, 154, -1
272, 8, -1
257, 19, -1
0, 214, -1
82, 274, -1
330, 107, -1
144, 87, -1
142, 154, -1
334, 95, -1
281, 101, -1
8, 330, -1
19, 330, -1
101, 143, -1
0, 326, -1
257, 140, -1
291, 142, -1
272, 138, -1
197, 107, -1
154, 2, -1
8, 213, -1
19, 213, -1
32, 143, -1
1, 326, -1
46, 334, -1
143, 257, -1
144, 82, -1
1, 173, -1
216, 107, -1
281, 87, -1
326, 95, -1
8, 334, -1
19, 334, -1
0, 330, -1
140, 215, -1
272, 142, -1
32, 291, -1
291, 2, -1
144, 50, -1
0, 213, -1
281, 46, -1
257, 274, -1
144, 86, -1
272, 101, -1
50, 326, -1
86, 239, -1
0, 334, -1
50, 173, -1
82, 214, -1
272, 2, -1
95, 189, -1
281, 50, -1
1, 154, -1
154, 95, -1
330, 101, -1
291, 82, -1
272, 87, -1
257, 107, -1
46, 189, -1
140, 214, -1
213, 46, -1
95, 319, -1
32, 281, -1
101, 213, -1
8, 189, -1
19, 189, -1
85, 143, -1
140, 326, -1
46, 319, -1
330, 87, -1
87, 189, -1
101, 334, -1
291, 86, -1
272, 82, -1
82, 330, -1
291, 95, -1
140, 173, -1
142, 143, -1
2, 239, -1
8, 319, -1
19, 319, -1
213, 32, -1
50, 154, -1
213, 50, -1
87, 319, -1
82, 213, -1
257, 214, -1
330, 46, -1
0, 189, -1
281, 13, -1
140, 330, -1
330, 82, -1
154, 85, -1
46, 143, -1
0, 274, -1
274, 19, -1
197, 46, -1
272, 86, -1
82, 334, -1
272, 95, -1
86, 215, -1
8, 143, -1
19, 143, -1
1, 274, -1
274, 140, -1
87, 143, -1
330, 50, -1
216, 46, -1
140, 154, -1
197, 32, -1
291, 85, -1
8, 291, -1
19, 291, -1
154, 107, -1
257, 330, -1
138, 239, -1
197, 50, -1
257, 101, -1
189, 46, -1
32, 239, -1
144, 142, -1
281, 138, -1
32, 257, -1
101, 189, -1
0, 143, -1
257, 213, -1
216, 32, -1
216, 50, -1
50, 274, -1
2, 197, -1
101, 319, -1
85, 213, -1
2, 215, -1
257, 87, -1
272, 85, -1
0, 291, -1
257, 334, -1
213, 8, -1
86, 214, -1
281, 142, -1
82, 189, -1
85, 334, -1
144, 2, -1
86, 326, -1
213, 138, -1
257, 46, -1
142, 334, -1
86, 173, -1
82, 319, -1
8, 281, -1
257, 82, -1
19, 281, -1
1, 214, -1
274, 107, -1
216, 13, -1
281, 2, -1
101, 291, -1
257, 50, -1
197, 8, -1
32, 197, -1
330, 138, -1
32, 215, -1
82, 143, -1
197, 138, -1
257, 189, -1
50, 214, -1
213, 101, -1
2, 326, -1
216, 8, -1
144, 1, -1
1, 330, -1
173, 46, -1
144, 257, -1
2, 173, -1
85, 189, -1
86, 154, -1
82, 291, -1
144, 95, -1
281, 82, -1
140, 143, -1
95, 239, -1
330, 142, -1
257, 319, -1
142, 189, -1
1, 213, -1
216, 138, -1
46, 239, -1
85, 319, -1
213, 87, -1
197, 142, -1
154, 19, -1
257, 13, -1
1, 334, -1
154, 46, -1
142, 319, -1
8, 239, -1
19, 239, -1
214, 87, -1
281, 86, -1
50, 330, -1
281, 95, -1
87, 239, -1
154, 140, -1
216, 142, -1
197, 101, -1
330, 2, -1
213, 82, -1
50, 213, -1
291, 1, -1
32, 326, -1
189, 142, -1
2, 154, -1
32, 173, -1
0, 239, -1
197, 2, -1
144, 85, -1
257, 291, -1
216, 101, -1
50, 334, -1
197, 87, -1
291, 140, -1
257, 138, -1
274, 87, -1
213, 86, -1
213, 95, -1
216, 2, -1
272, 1, -1
272, 19, -1
272, 257, -1
216, 87, -1
95, 215, -1
281, 85, -1
1, 189, -1
274, 46, -1
144, 107, -1
0, 319, -1
197, 82, -1
140, 213, -1
257, 142, -1
189, 87, -1
46, 215, -1
272, 140, -1
101, 239, -1
8, 197, -1
19, 197, -1
154, 13, -1
1, 319, -1
8, 215, -1
19, 215, -1
330, 86, -1
140, 334, -1
32, 154, -1
330, 95, -1
86, 143, -1
216, 82, -1
87, 215, -1
274, 50, -1
197, 86, -1
197, 95, -1
2, 274, -1
50, 189, -1
82, 239, -1
257, 2, -1
0, 197, -1
272, 0, -1
0, 215, -1
1, 143, -1
216, 86, -1
216, 95, -1
50, 319, -1
334, 87, -1
173, 142, -1
154, 138, -1
189, 86, -1
189, 95, -1
1, 291, -1
95, 173, -1
330, 85, -1
46, 326, -1
274, 13, -1
46, 173, -1
140, 189, -1
272, 107, -1
326, 87, -1
50, 143, -1
8, 326, -1
19, 326, -1
197, 85, -1
101, 197, -1
32, 274, -1
101, 215, -1
8, 173, -1
19, 173, -1
213, 142, -1
140, 319, -1
87, 173, -1
173, 87, -1
50, 291, -1
2, 214, -1
216, 85, -1
0, 281, -1
257, 86, -1
154, 101, -1
257, 95, -1
85, 239, -1
142, 239, -1
82, 197, -1
82, 215, -1
274, 138, -1
0, 173, -1
95, 154, -1
144, 19, -1
86, 334, -1
144, 46, -1
154, 87, -1
46, 154, -1
213, 2, -1
291, 101, -1
144, 140, -1
140, 197, -1
8, 154, -1
19, 154, -1
101, 214, -1
2, 330, -1
274, 142, -1
281, 1, -1
87, 154, -1
144, 32, -1
281, 19, -1
281, 257, -1
8, 257, -1
19, 257, -1
173, 86, -1
154, 82, -1
173, 95, -1
101, 326, -1
2, 213, -1
257, 85, -1
32, 214, -1
291, 87, -1
101, 173, -1
281, 140, -1
274, 101, -1
0, 154, -1
257, 197, -1
144, 0, -1
2, 334, -1
257, 215, -1
154, 50, -1
291, 46, -1
85, 197, -1
0, 257, -1
154, 86, -1
274, 2, -1
85, 215, -1
101, 330, -1
82, 326, -1
86, 189, -1
213, 1, -1
213, 19, -1
142, 215, -1
1, 239, -1
82, 173, -1
1, 257, -1
215, 46, -1
214, 239, -1
143, 142, -1
334, 140, -1
334, 85, -1
214, 86, -1
216, 239, -1
82, 257, -1
86, 257, -1
257, 32, -1
326, 1, -1
86, 330, -1
189, 239, -1
154, 239, -1
291, 107, -1
334, 142, -1
326, 19, -1
326, 138, -1
143, 101, -1
215, 87, -1
143, 46, -1
281, 32, -1
143, 0, -1
215, 50, -1
50, 257, -1
143, 85, -1
326, 140, -1
326, 85, -1
274, 239, -1
215, 107, -1
334, 46, -1
144, 239, -1
334, 82, -1
143, 87, -1
214, 138, -1
143, 32, -1
326, 142, -1
291, 239, -1
215, 82, -1
86, 291, -1
143, 50, -1
330, 32, -1
334, 2, -1
87, 326, -1
215, 2, -1
143, 107, -1
46, 257, -1
189, 138, -1
319, 86, -1
334, 50, -1
326, 101, -1
326, 46, -1
319, 95, -1
281, 239, -1
143, 82, -1
215, 13, -1
86, 213, -1
85, 257, -1
140, 257, -1
215, 86, -1
272, 239, -1
215, 95, -1
334, 107, -1
143, 2, -1
142, 257, -1
326, 2, -1
86, 197, -1
87, 214, -1
257, 8, -1
154, 32, -1
291, 19, -1
214, 46, -1
326, 50, -1
143, 13, -1
281, 8, -1
143, 86, -1
143, 95, -1
2, 257, -1
326, 107, -1
334, 239, -1
213, 13, -1
334, 13, -1
86, 274, -1
215, 19, -1
215, 138, -1
239, 13, -1
334, 86, -1
326, 82, -1
142, 291, -1
143, 8, -1
215, 140, -1
215, 85, -1
319, 142, -1
319, 87, -1
143, 1, -1
326, 239, -1
143, 19, -1
143, 138, -1
330, 239, -1
142, 213, -1
326, 13, -1
215, 142, -1
326, 86, -1
101, 257, -1
213, 239, -1
334, 1, -1
142, 197, -1
143, 140, -1
319, 46, -1
197, 239, -1
173, 239, -1
334, 19, -1
334, 138, -1
274, 32, -1
87, 334, -1
173, 138, -1
197, 13, -1
334, 101, -1
215, 101, -1
46, 274, -1
46, 213, -1
46, 197, -1
281, 0, -1
214, 1, -1
214, 142, -1
95, 334, -1
257, 0, -1
46, 281, -1
95, 214, -1
46, 330, -1
46, 291, -1
95, 326, -1

65, 0, 1
65, 2, 1
65, 95, 1
65, 85, 1
65, 8, 1
65, 19, 1
65, 1, 1
65, 46, 1
65, 32, 1
65, 101, 1
65, 86, 1
65, 140, 1
65, 87, 1
65, 82, 1
65, 50, 1
65, 142, 1
65, 138, 1
65, 13, 1
65, 107, 1
84, 0, 1
84, 2, 1
84, 95, 1
84, 85, 1
84, 8, 1
84, 19, 1
84, 1, 1
84, 46, 1
84, 32, 1
84, 101, 1
84, 86, 1
84, 140, 1
84, 87, 1
84, 82, 1
84, 50, 1
84, 142, 1
84, 138, 1
84, 13, 1
84, 107, 1
84, 65, 1
62, 0, 1
62, 2, 1
62, 95, 1
62, 85, 1
62, 8, 1
62, 19, 1
62, 1, 1
62, 46, 1
62, 32, 1
62, 101, 1
62, 86, 1
62, 140, 1
62, 87, 1
62, 82, 1
62, 50, 1
62, 142, 1
62, 138, 1
62, 13, 1
62, 107, 1
62, 65, 1
62, 84, 1
130, 0, 1
130, 2, 1
130, 95, 1
130, 85, 1
130, 8, 1
130, 19, 1
130, 1, 1
130, 46, 1
130, 32, 1
130, 101, 1
130, 86, 1
130, 140, 1
130, 87, 1
130, 82, 1
130, 50, 1
130, 142, 1
130, 138, 1
130, 13, 1
130, 107, 1
130, 65, 1
130, 84, 1
130, 62, 1
44, 0, 1
44, 2, 1
44, 95, 1
44, 85, 1
44, 8, 1
44, 19, 1
44, 1, 1
44, 46, 1
44, 32, 1
44, 101, 1
44, 86, 1
44, 140, 1
44, 87, 1
44, 82, 1
44, 50, 1
44, 142, 1
44, 138, 1
44, 13, 1
44, 107, 1
44, 65, 1
44, 84, 1
44, 62, 1
44, 130, 1
107, 95, 1
142, 62, 1
1, 86, 1
50, 107, 1
32, 101, 1
140, 107, 1
32, 46, 1
1, 95, 1
8, 46, 1
19, 46, 1
95, 84, 1
8, 0, 1
46, 2, 1
8, 82, 1
138, 140, 1
85, 82, 1
138, 85, 1
140, 82, 1
46, 130, 1
0, 142, 1
19, 82, 1
0, 87, 1
32, 140, 1
32, 85, 1
86, 1, 1
46, 84, 1
130, 44, 1
86, 138, 1
82, 86, 1
0, 44, 1
82, 95, 1
8, 2, 1
2, 50, 1
140, 2, 1
46, 50, 1
0, 62, 1
8, 130, 1
86, 95, 1
140, 130, 1
86, 2, 1
138, 142, 1
85, 84, 1
138, 87, 1
140, 84, 1
50, 84, 1
46, 13, 1
32, 142, 1
32, 87, 1
107, 44, 1
8, 50, 1
0, 101, 1
1, 44, 1
0, 46, 1
101, 46, 1
142, 84, 1
19, 50, 1
2, 107, 1
87, 84, 1
46, 107, 1
32, 138, 1
85, 13, 1
32, 62, 1
140, 13, 1
50, 13, 1
85, 86, 1
50, 86, 1
140, 86, 1
50, 95, 1
140, 95, 1
1, 19, 1
1, 138, 1
138, 107, 1
107, 101, 1
107, 46, 1
142, 13, 1
8, 107, 1
19, 107, 1
1, 101, 1
1, 46, 1
82, 44, 1
0, 2, 1
32, 0, 1
0, 130, 1
138, 82, 1
86, 44, 1
107, 140, 1
32, 82, 1
107, 85, 1
142, 107, 1
1, 140, 1
13, 142, 1
101, 142, 1
13, 87, 1
2, 84, 1
82, 19, 1
101, 87, 1
1, 85, 1
82, 138, 1
0, 50, 1
86, 19, 1
138, 2, 1
82, 101, 1
82, 46, 1
32, 2, 1
46, 65, 1
86, 101, 1
32, 130, 1
138, 84, 1
101, 62, 1
13, 62, 1
107, 142, 1
32, 84, 1
8, 84, 1
2, 13, 1
19, 84, 1
107, 87, 1
50, 44, 1
1, 142, 1
1, 87, 1
2, 86, 1
82, 140, 1
46, 86, 1
82, 85, 1
2, 95, 1
65, 44, 1
46, 95, 1
138, 50, 1
0, 107, 1
85, 1, 1
32, 50, 1
140, 1, 1
86, 85, 1
13, 46, 1
86, 140, 1
138, 13, 1
107, 62, 1
50, 19, 1
50, 138, 1
32, 13, 1
8, 13, 1
19, 13, 1
1, 62, 1
138, 86, 1
140, 138, 1
8, 86, 1
19, 86, 1
50, 101, 1
0, 82, 1
101, 82, 1
19, 95, 1
8, 95, 1
85, 95, 1
82, 142, 1
82, 87, 1
142, 138, 1
32, 107, 1
86, 142, 1
86, 87, 1
142, 95, 1
50, 140, 1
50, 85, 1
82, 62, 1
46, 8, 1
1, 82, 1
0, 84, 1
101, 84, 1
86, 62, 1
46, 140, 1
95, 138, 1
46, 44, 1
1, 2, 1
50, 142, 1
2, 1, 1
50, 87, 1
46, 1, 1
0, 13, 1
1, 130, 1
101, 13, 1
107, 84, 1
2, 19, 1
1, 84, 1
0, 86, 1
101, 86, 1
46, 19, 1
46, 138, 1
8, 44, 1
0, 95, 1
19, 44, 1
2, 138, 1
140, 44, 1
2, 101, 1
46, 101, 1
86, 82, 1
50, 62, 1
140, 62, 1
32, 1, 1
8, 1, 1
19, 1, 1
1, 50, 1
8, 65, 1
32, 65, 1
107, 13, 1
65, 62, 1
142, 44, 1
8, 19, 1
8, 138, 1
82, 2, 1
1, 13, 1
107, 86, 1
140, 19, 1
85, 138, 1
19, 138, 1
2, 140, 1
138, 95, 1
2, 85, 1
8, 101, 1
19, 101, 1
85, 101, 1
32, 86, 1
85, 46, 1
32, 95, 1
140, 46, 1
50, 46, 1
140, 101, 1
82, 84, 1
46, 85, 1
86, 130, 1
95, 87, 1
86, 84, 1
87, 138, 1
46, 62, 1
1, 107, 1
50, 82, 1
82, 50, 1
142, 101, 1
8, 140, 1
19, 140, 1
8, 85, 1
19, 85, 1
86, 50, 1
140, 85, 1
82, 13, 1
2, 142, 1
84, 62, 1
2, 87, 1
46, 142, 1
46, 87, 1
13, 84, 1
86, 13, 1
50, 2, 1
142, 140, 1
2, 44, 1
142, 85, 1
0, 1, 1
82, 107, 1
0, 65, 1
2, 62, 1
65, 130, 1
32, 8, 1
8, 142, 1
19, 142, 1
0, 19, 1
0, 138, 1
85, 87, 1
65, 84, 1
85, 142, 1
8, 87, 1
19, 87, 1
140, 87, 1
140, 142, 1
86, 107, 1
138, 44, 1
101, 138, 1
13, 86, 1
140, 50, 1
32, 44, 1
13, 95, 1
101, 95, 1
138, 62, 1
2, 46, 1
8, 62, 1
19, 62, 1
85, 62, 1
142, 87, 1
46, 0, 1
138, 19, 1
0, 140, 1
32, 19, 1
0, 85, 1
2, 82, 1
46, 82, 1
138, 101, 1
138, 46, 1
101, 85, 1
82, 32, 1
142, 86, 1
142, 19, 1
62, 44, 1
84, 44, 1
87, 95, 1
0, 8, 1
142, 46, 1
101, 2, 1
2, 130, 1
13, 130, 1
107, 82, 1
101, 130, 1
0, 32, 1
62, 130, 1
13, 44, 1
101, 44, 1
19, 2, 1
101, 140, 1
50, 130, 1
107, 2, 1
13, 50, 1
138, 130, 1
19, 130, 1
101, 50, 1
85, 130, 1
107, 130, 1
86, 46, 1
50, 32, 1
1, 8, 1
138, 32, 1
13, 19, 1
13, 138, 1
101, 19, 1
8, 32, 1
1, 32, 1
85, 44, 1
142, 130, 1
13, 101, 1
107, 50, 1
107, 1, 1
13, 107, 1
107, 65, 1
101, 107, 1
107, 138, 1
107, 19, 1
82, 130, 1
13, 82, 1
13, 140, 1
13, 85, 1
84, 130, 1
19, 8, 1
85, 140, 1
19, 65, 1
46, 32, 1
19, 0, 1
1, 0, 1
19, 32, 1
87, 130, 1
142, 1, 1
95, 130, 1
65, 274, -1
65, 272, -1
65, 144, -1
65, 213, -1
65, 154, -1
65, 143, -1
65, 215, -1
65, 216, -1
65, 214, -1
65, 173, -1
65, 197, -1
65, 189, -1
65, 291, -1
65, 319, -1
65, 330, -1
65, 326, -1
65, 334, -1
65, 281, -1
65, 257, -1
65, 239, -1
84, 274, -1
84, 272, -1
84, 144, -1
84, 213, -1
84, 154, -1
84, 143, -1
84, 215, -1
84, 216, -1
84, 214, -1
84, 173, -1
84, 197, -1
84, 189, -1
84, 291, -1
84, 319, -1
84, 330, -1
84, 326, -1
84, 334, -1
84, 281, -1
84, 257, -1
84, 239, -1
62, 274, -1
62, 272, -1
62, 144, -1
62, 213, -1
62, 154, -1
62, 143, -1
62, 215, -1
62, 216, -1
62, 214, -1
62, 173, -1
62, 197, -1
62, 189, -1
62, 291, -1
62, 319, -1
62, 330, -1
62, 326, -1
62, 334, -1
62, 281, -1
62, 257, -1
62, 239, -1
130, 274, -1
130, 272, -1
130, 144, -1
130, 213, -1
130, 154, -1
130, 143, -1
130, 215, -1
130, 216, -1
130, 214, -1
130, 173, -1
130, 197, -1
130, 189, -1
130, 291, -1
130, 319, -1
130, 330, -1
130, 326, -1
130, 334, -1
130, 281, -1
130, 257, -1
130, 239, -1
44, 274, -1
44, 272, -1
44, 144, -1
44, 213, -1
44, 154, -1
44, 143, -1
44, 215, -1
44, 216, -1
44, 214, -1
44, 173, -1
44, 197, -1
44, 189, -1
44, 291, -1
44, 319, -1
44, 330, -1
44, 326, -1
44, 334, -1
44, 281, -1
44, 257, -1
44, 239, -1
32, 330, -1
140, 281, -1
46, 274, -1
86, 319, -1
144, 13, -1
272, 46, -1
214, 95, -1
8, 274, -1
138, 213, -1
19, 274, -1
32, 213, -1
101, 154, -1
274, 82, -1
281, 130, -1
334, 142, -1
326, 138, -1
330, 19, -1
138, 334, -1
32, 334, -1
95, 143, -1
144, 8, -1
13, 330, -1
173, 44, -1
50, 239, -1
173, 62, -1
272, 32, -1
50, 257, -1
272, 50, -1
2, 189, -1
85, 214, -1
330, 140, -1
281, 107, -1
13, 213, -1
144, 138, -1
82, 154, -1
274, 86, -1
142, 214, -1
274, 95, -1
326, 142, -1
85, 326, -1
86, 291, -1
2, 319, -1
216, 1, -1
291, 13, -1
216, 19, -1
13, 334, -1
334, 2, -1
154, 44, -1
85, 173, -1
142, 326, -1
154, 62, -1
107, 197, -1
281, 84, -1
142, 173, -1
1, 197, -1
107, 215, -1
326, 101, -1
1, 215, -1
216, 140, -1
46, 214, -1
140, 239, -1
140, 257, -1
85, 330, -1
8, 214, -1
2, 143, -1
19, 214, -1
214, 44, -1
272, 13, -1
326, 2, -1
138, 189, -1
32, 189, -1
330, 130, -1
144, 101, -1
154, 142, -1
274, 85, -1
2, 291, -1
50, 197, -1
86, 281, -1
138, 319, -1
330, 13, -1
32, 319, -1
216, 0, -1
50, 215, -1
257, 1, -1
85, 154, -1
272, 8, -1
257, 19, -1
0, 214, -1
46, 330, -1
82, 274, -1
330, 107, -1
144, 87, -1
142, 154, -1
334, 86, -1
13, 189, -1
326, 82, -1
274, 44, -1
334, 95, -1
107, 214, -1
8, 330, -1
101, 143, -1
281, 101, -1
0, 326, -1
274, 62, -1
19, 330, -1
216, 130, -1
291, 142, -1
257, 140, -1
272, 138, -1
46, 213, -1
154, 2, -1
107, 326, -1
13, 319, -1
8, 213, -1
19, 213, -1
32, 143, -1
1, 326, -1
330, 84, -1
46, 334, -1
107, 173, -1
144, 82, -1
1, 173, -1
138, 197, -1
216, 107, -1
281, 87, -1
326, 86, -1
326, 95, -1
8, 334, -1
19, 334, -1
140, 215, -1
0, 330, -1
272, 142, -1
2, 281, -1
138, 291, -1
32, 291, -1
107, 330, -1
144, 50, -1
0, 213, -1
13, 143, -1
281, 46, -1
216, 84, -1
144, 86, -1
272, 101, -1
334, 85, -1
50, 326, -1
257, 130, -1
86, 239, -1
0, 334, -1
50, 173, -1
86, 257, -1
82, 214, -1
272, 2, -1
107, 154, -1
281, 50, -1
154, 95, -1
1, 154, -1
330, 101, -1
272, 87, -1
257, 107, -1
326, 85, -1
46, 189, -1
140, 214, -1
213, 46, -1
138, 281, -1
95, 319, -1
32, 281, -1
101, 213, -1
8, 189, -1
19, 189, -1
85, 143, -1
140, 326, -1
46, 319, -1
330, 87, -1
216, 65, -1
326, 44, -1
101, 334, -1
291, 86, -1
257, 84, -1
272, 82, -1
142, 143, -1
291, 95, -1
140, 173, -1
82, 330, -1
2, 239, -1
8, 319, -1
19, 319, -1
50, 154, -1
87, 319, -1
13, 281, -1
82, 213, -1
330, 46, -1
0, 189, -1
281, 13, -1
144, 44, -1
330, 82, -1
140, 330, -1
154, 85, -1
144, 62, -1
46, 143, -1
0, 274, -1
274, 19, -1
197, 46, -1
272, 86, -1
82, 334, -1
86, 197, -1
272, 95, -1
86, 215, -1
8, 143, -1
19, 143, -1
107, 274, -1
1, 274, -1
274, 140, -1
87, 143, -1
330, 50, -1
46, 291, -1
216, 46, -1
140, 154, -1
291, 85, -1
8, 291, -1
19, 291, -1
154, 107, -1
138, 239, -1
257, 101, -1
189, 46, -1
32, 239, -1
144, 142, -1
138, 257, -1
281, 138, -1
32, 257, -1
101, 189, -1
0, 143, -1
216, 32, -1
291, 44, -1
216, 50, -1
107, 143, -1
291, 62, -1
50, 274, -1
2, 197, -1
101, 319, -1
154, 84, -1
85, 213, -1
2, 215, -1
257, 87, -1
272, 85, -1
0, 291, -1
86, 214, -1
142, 213, -1
13, 239, -1
281, 142, -1
82, 189, -1
85, 334, -1
274, 130, -1
144, 2, -1
46, 281, -1
334, 1, -1
86, 326, -1
334, 19, -1
142, 334, -1
257, 46, -1
272, 44, -1
86, 173, -1
272, 62, -1
82, 319, -1
8, 281, -1
19, 281, -1
257, 82, -1
1, 214, -1
334, 140, -1
274, 107, -1
140, 274, -1
216, 13, -1
330, 44, -1
281, 2, -1
326, 1, -1
86, 330, -1
257, 50, -1
326, 19, -1
32, 197, -1
138, 215, -1
330, 138, -1
32, 215, -1
82, 143, -1
274, 84, -1
326, 140, -1
50, 214, -1
2, 326, -1
216, 8, -1
144, 1, -1
1, 330, -1
173, 46, -1
2, 173, -1
85, 189, -1
82, 291, -1
86, 154, -1
144, 95, -1
140, 143, -1
281, 82, -1
95, 239, -1
330, 142, -1
13, 197, -1
107, 213, -1
142, 189, -1
1, 213, -1
216, 138, -1
13, 215, -1
334, 130, -1
46, 239, -1
85, 319, -1
213, 87, -1
46, 257, -1
197, 142, -1
154, 19, -1
107, 334, -1
257, 13, -1
1, 334, -1
154, 46, -1
101, 281, -1
142, 319, -1
8, 239, -1
19, 239, -1
214, 87, -1
281, 86, -1
138, 214, -1
50, 330, -1
281, 95, -1
154, 140, -1
87, 239, -1
334, 107, -1
216, 142, -1
326, 130, -1
330, 2, -1
138, 326, -1
50, 213, -1
32, 326, -1
189, 142, -1
2, 154, -1
138, 173, -1
82, 281, -1
32, 173, -1
0, 239, -1
257, 44, -1
144, 85, -1
216, 101, -1
334, 84, -1
50, 334, -1
2, 257, -1
197, 87, -1
291, 140, -1
257, 138, -1
326, 107, -1
274, 87, -1
86, 274, -1
213, 86, -1
213, 95, -1
138, 330, -1
216, 2, -1
142, 291, -1
272, 1, -1
13, 326, -1
272, 19, -1
216, 87, -1
95, 215, -1
13, 173, -1
107, 189, -1
281, 85, -1
1, 189, -1
154, 130, -1
274, 46, -1
144, 107, -1
326, 84, -1
0, 319, -1
46, 197, -1
140, 213, -1
257, 142, -1
189, 87, -1
46, 215, -1
272, 140, -1
101, 239, -1
8, 197, -1
19, 197, -1
154, 13, -1
107, 319, -1
101, 257, -1
1, 319, -1
8, 215, -1
19, 215, -1
138, 154, -1
140, 334, -1
330, 86, -1
32, 154, -1
281, 44, -1
330, 95, -1
86, 143, -1
216, 82, -1
281, 62, -1
144, 84, -1
87, 215, -1
274, 50, -1
334, 101, -1
197, 86, -1
85, 281, -1
197, 95, -1
2, 274, -1
50, 189, -1
142, 281, -1
82, 239, -1
257, 2, -1
0, 197, -1
272, 0, -1
82, 257, -1
0, 215, -1
1, 143, -1
13, 154, -1
216, 86, -1
216, 95, -1
50, 319, -1
334, 87, -1
173, 142, -1
154, 138, -1
213, 44, -1
13, 257, -1
272, 130, -1
189, 86, -1
189, 95, -1
213, 62, -1
107, 291, -1
1, 291, -1
330, 85, -1
46, 326, -1
144, 65, -1
291, 84, -1
274, 13, -1
46, 173, -1
334, 82, -1
140, 189, -1
272, 107, -1
326, 87, -1
50, 143, -1
8, 326, -1
19, 326, -1
138, 274, -1
101, 197, -1
32, 274, -1
101, 215, -1
8, 173, -1
19, 173, -1
330, 62, -1
213, 142, -1
140, 319, -1
173, 87, -1
334, 50, -1
50, 291, -1
2, 214, -1
216, 85, -1
0, 281, -1
154, 101, -1
257, 86, -1
272, 84, -1
257, 95, -1
197, 44, -1
85, 239, -1
86, 213, -1
197, 62, -1
85, 257, -1
142, 239, -1
82, 197, -1
107, 281, -1
142, 257, -1
1, 281, -1
82, 215, -1
274, 138, -1
0, 173, -1
144, 19, -1
95, 154, -1
86, 334, -1
138, 143, -1
216, 44, -1
144, 46, -1
216, 62, -1
154, 87, -1
326, 50, -1
46, 154, -1
291, 101, -1
189, 44, -1
144, 140, -1
140, 197, -1
189, 62, -1
8, 154, -1
19, 154, -1
101, 214, -1
2, 330, -1
274, 142, -1
140, 291, -1
281, 1, -1
334, 13, -1
87, 154, -1
144, 32, -1
281, 19, -1
8, 257, -1
19, 257, -1
173, 86, -1
154, 82, -1
50, 281, -1
173, 95, -1
272, 65, -1
101, 326, -1
2, 213, -1
32, 214, -1
291, 87, -1
257, 85, -1
101, 173, -1
281, 140, -1
274, 101, -1
0, 154, -1
144, 0, -1
2, 334, -1
154, 50, -1
291, 46, -1
326, 13, -1
85, 197, -1
257, 62, -1
0, 257, -1
334, 44, -1
154, 86, -1
274, 2, -1
85, 215, -1
101, 330, -1
82, 326, -1
86, 189, -1
13, 214, -1
144, 130, -1
142, 197, -1
107, 239, -1
142, 215, -1
1, 239, -1
334, 138, -1
82, 173, -1
107, 257, -1
1, 257, -1
215, 46, -1
143, 142, -1
213, 140, -1
291, 50, -1
239, 140, -1
214, 86, -1
239, 85, -1
143, 44, -1
189, 130, -1
143, 62, -1
257, 32, -1
215, 130, -1
13, 291, -1
101, 291, -1
197, 8, -1
239, 142, -1
143, 101, -1
239, 87, -1
143, 46, -1
215, 87, -1
281, 32, -1
143, 0, -1
95, 189, -1
215, 50, -1
239, 44, -1
291, 82, -1
334, 62, -1
239, 62, -1
197, 1, -1
143, 85, -1
197, 65, -1
95, 173, -1
197, 19, -1
197, 138, -1
213, 101, -1
215, 107, -1
334, 46, -1
213, 0, -1
239, 101, -1
239, 46, -1
143, 87, -1
143, 32, -1
214, 138, -1
213, 85, -1
215, 82, -1
197, 140, -1
143, 50, -1
197, 85, -1
330, 32, -1
87, 189, -1
87, 326, -1
326, 62, -1
215, 2, -1
215, 84, -1
213, 32, -1
143, 107, -1
87, 173, -1
189, 138, -1
213, 50, -1
319, 86, -1
326, 46, -1
319, 95, -1
143, 82, -1
215, 13, -1
214, 142, -1
215, 86, -1
215, 95, -1
213, 107, -1
143, 2, -1
197, 101, -1
143, 130, -1
214, 62, -1
143, 84, -1
197, 0, -1
213, 82, -1
87, 214, -1
291, 1, -1
257, 8, -1
154, 32, -1
291, 19, -1
291, 138, -1
214, 46, -1
143, 13, -1
213, 2, -1
213, 130, -1
281, 8, -1
143, 86, -1
197, 2, -1
213, 84, -1
197, 130, -1
173, 130, -1
143, 95, -1
239, 84, -1
197, 32, -1
197, 50, -1
214, 130, -1
213, 13, -1
215, 19, -1
215, 138, -1
239, 13, -1
239, 86, -1
239, 95, -1
143, 8, -1
197, 107, -1
215, 140, -1
215, 85, -1
319, 142, -1
197, 82, -1
319, 87, -1
143, 1, -1
143, 65, -1
213, 8, -1
143, 138, -1
143, 19, -1
319, 62, -1
215, 142, -1
197, 84, -1
215, 44, -1
213, 1, -1
213, 65, -1
215, 62, -1
143, 140, -1
319, 46, -1
213, 19, -1
213, 138, -1
87, 334, -1
274, 32, -1
173, 138, -1
291, 2, -1
197, 13, -1
291, 130, -1
215, 101, -1
291, 107, -1
189, 84, -1
173, 84, -1
281, 0, -1
214, 1, -1
95, 334, -1
214, 84, -1
257, 0, -1
95, 214, -1
95, 326, -1

