1, 0, 1
5, 0, 1
5, 1, 1
0, 1, 1
0, 5, 1
1, 5, 1
251, 303, -1
0, 303, -1
0, 251, -1
1, 303, -1
1, 251, -1
5, 303, -1
5, 251, -1
251, 5, -1

11, 0, 1
11, 1, 1
11, 5, 1
0, 1, 1
0, 5, 1
1, 5, 1
1, 11, 1
0, 11, 1
143, 303, -1
143, 251, -1
143, 0, -1
143, 1, -1
143, 5, -1
11, 303, -1
11, 251, -1
11, 143, -1
0, 251, -1
5, 143, -1
1, 143, -1
5, 303, -1
1, 303, -1
5, 251, -1
1, 251, -1
0, 143, -1
0, 303, -1
251, 5, -1

85, 0, 1
85, 1, 1
85, 5, 1
85, 11, 1
145, 143, 1
0, 1, 1
5, 11, 1
1, 5, 1
1, 11, 1
0, 5, 1
0, 11, 1
11, 85, 1
1, 85, 1
0, 85, 1
11, 5, 1
5, 85, 1
85, 303, -1
85, 251, -1
85, 143, -1
145, 303, -1
145, 251, -1
145, 0, -1
145, 1, -1
145, 5, -1
145, 11, -1
145, 85, -1
0, 251, -1
0, 145, -1
11, 251, -1
5, 143, -1
11, 143, -1
143, 303, -1
1, 143, -1
5, 303, -1
1, 303, -1
11, 303, -1
5, 251, -1
1, 251, -1
251, 143, -1
0, 143, -1
0, 303, -1
251, 5, -1
251, 85, -1
1, 145, -1

3, 0, 1
3, 1, 1
3, 5, 1
3, 11, 1
3, 85, 1
44, 0, 1
44, 1, 1
44, 5, 1
44, 11, 1
44, 85, 1
44, 3, 1
310, 303, 1
0, 85, 1
0, 5, 1
11, 5, 1
1, 3, 1
0, 11, 1
1, 85, 1
0, 44, 1
11, 44, 1
0, 1, 1
11, 1, 1
5, 85, 1
1, 5, 1
1, 11, 1
1, 44, 1
11, 0, 1
0, 3, 1
11, 3, 1
3, 44, 1
11, 85, 1
85, 5, 1
5, 44, 1
85, 44, 1
5, 3, 1
5, 11, 1
3, 303, -1
3, 251, -1
3, 143, -1
3, 145, -1
222, 303, -1
222, 251, -1
222, 0, -1
222, 1, -1
222, 5, -1
222, 11, -1
222, 85, -1
222, 3, -1
222, 143, -1
222, 145, -1
44, 303, -1
44, 251, -1
44, 143, -1
44, 145, -1
44, 222, -1
310, 251, -1
310, 0, -1
310, 1, -1
310, 5, -1
310, 11, -1
310, 85, -1
310, 3, -1
310, 44, -1
310, 143, -1
310, 145, -1
310, 222, -1
145, 85, -1
0, 222, -1
11, 222, -1
5, 303, -1
5, 251, -1
251, 5, -1
0, 310, -1
145, 5, -1
11, 310, -1
44, 310, -1
85, 143, -1
303, 143, -1
145, 11, -1
0, 145, -1
11, 145, -1
1, 143, -1
85, 222, -1
1, 222, -1
145, 44, -1
251, 303, -1
0, 303, -1
11, 303, -1
11, 143, -1
85, 310, -1
145, 1, -1
0, 251, -1
11, 251, -1
5, 143, -1
145, 303, -1
1, 310, -1
3, 222, -1
5, 222, -1
3, 310, -1
5, 310, -1
85, 303, -1
85, 251, -1
145, 3, -1
1, 303, -1
251, 85, -1
1, 251, -1
0, 143, -1
251, 44, -1
145, 310, -1
143, 310, -1
251, 310, -1

124, 0, 1
124, 1, 1
124, 5, 1
124, 11, 1
124, 85, 1
124, 3, 1
124, 44, 1
319, 303, 1
319, 310, 1
37, 0, 1
37, 1, 1
37, 5, 1
37, 11, 1
37, 85, 1
37, 3, 1
37, 44, 1
37, 124, 1
1, 37, 1
0, 5, 1
11, 5, 1
0, 124, 1
11, 124, 1
1, 3, 1
3, 37, 1
0, 11, 1
124, 37, 1
5, 37, 1
1, 85, 1
0, 44, 1
11, 44, 1
5, 3, 1
85, 124, 1
303, 310, 1
0, 1, 1
3, 85, 1
5, 85, 1
1, 5, 1
1, 11, 1
11, 85, 1
1, 124, 1
44, 37, 1
85, 44, 1
0, 37, 1
11, 37, 1
3, 5, 1
1, 44, 1
3, 124, 1
5, 11, 1
5, 124, 1
0, 3, 1
11, 3, 1
3, 44, 1
0, 85, 1
5, 44, 1
85, 37, 1
310, 319, 1
3, 1, 1
85, 5, 1
3, 0, 1
44, 5, 1
44, 85, 1
3, 11, 1
11, 1, 1
303, 319, 1
11, 0, 1
310, 303, 1
270, 303, -1
270, 310, -1
270, 251, -1
270, 0, -1
270, 1, -1
270, 5, -1
270, 11, -1
270, 85, -1
270, 3, -1
270, 44, -1
270, 143, -1
270, 145, -1
270, 222, -1
124, 303, -1
124, 310, -1
124, 251, -1
124, 143, -1
124, 145, -1
124, 222, -1
124, 270, -1
319, 251, -1
319, 0, -1
319, 1, -1
319, 5, -1
319, 11, -1
319, 85, -1
319, 3, -1
319, 44, -1
319, 124, -1
319, 143, -1
319, 145, -1
319, 222, -1
319, 270, -1
37, 303, -1
37, 310, -1
37, 319, -1
37, 251, -1
37, 143, -1
37, 145, -1
37, 222, -1
37, 270, -1
145, 85, -1
0, 222, -1
11, 222, -1
44, 222, -1
3, 303, -1
5, 303, -1
3, 251, -1
143, 310, -1
310, 222, -1
5, 251, -1
251, 5, -1
251, 124, -1
251, 310, -1
0, 310, -1
145, 5, -1
11, 310, -1
44, 310, -1
85, 143, -1
11, 319, -1
44, 319, -1
303, 85, -1
145, 124, -1
145, 11, -1
145, 310, -1
0, 319, -1
0, 145, -1
0, 270, -1
11, 270, -1
44, 270, -1
143, 303, -1
1, 143, -1
85, 222, -1
303, 222, -1
310, 270, -1
251, 44, -1
1, 222, -1
145, 44, -1
251, 303, -1
303, 5, -1
0, 303, -1
11, 303, -1
11, 143, -1
85, 310, -1
3, 143, -1
145, 1, -1
0, 251, -1
11, 251, -1
85, 319, -1
5, 143, -1
44, 303, -1
1, 310, -1
145, 303, -1
3, 222, -1
303, 270, -1
1, 319, -1
5, 222, -1
85, 270, -1
270, 319, -1
1, 270, -1
251, 37, -1
145, 37, -1
3, 310, -1
5, 310, -1
3, 319, -1
85, 303, -1
124, 319, -1
5, 319, -1
145, 3, -1
1, 303, -1
3, 270, -1
5, 270, -1
1, 251, -1
251, 85, -1
303, 37, -1
0, 143, -1
44, 143, -1
251, 319, -1
310, 143, -1
222, 303, -1
44, 251, -1
145, 319, -1
222, 319, -1
85, 251, -1
3, 145, -1
303, 143, -1
143, 319, -1
11, 145, -1
319, 37, -1

246, 251, 1
284, 303, 1
284, 310, 1
284, 319, 1
303, 319, 1
310, 319, 1
310, 303, 1
319, 303, 1
319, 310, 1
303, 310, 1
246, 303, -1
246, 310, -1
246, 319, -1
246, 0, -1
246, 1, -1
246, 5, -1
246, 11, -1
246, 85, -1
246, 3, -1
246, 44, -1
246, 124, -1
246, 37, -1
246, 143, -1
246, 145, -1
246, 222, -1
246, 270, -1
284, 251, -1
284, 246, -1
284, 0, -1
284, 1, -1
284, 5, -1
284, 11, -1
284, 85, -1
284, 3, -1
284, 44, -1
284, 124, -1
284, 37, -1
284, 143, -1
284, 145, -1
284, 222, -1
284, 270, -1
310, 143, -1
251, 222, -1
3, 303, -1
124, 303, -1
5, 303, -1
3, 251, -1
310, 222, -1
251, 5, -1
251, 124, -1
251, 310, -1
0, 310, -1
11, 310, -1
310, 246, -1
303, 143, -1
11, 319, -1
251, 319, -1
44, 319, -1
145, 310, -1
251, 270, -1
0, 319, -1
145, 319, -1
222, 319, -1
310, 270, -1
251, 44, -1
37, 310, -1
310, 44, -1
251, 303, -1
37, 319, -1
0, 303, -1
11, 303, -1
44, 303, -1
85, 310, -1
270, 319, -1
222, 303, -1
0, 251, -1
11, 251, -1
85, 319, -1
145, 303, -1
1, 310, -1
310, 251, -1
145, 251, -1
1, 319, -1
251, 37, -1
251, 284, -1
37, 303, -1
3, 310, -1
270, 303, -1
124, 310, -1
5, 310, -1
3, 319, -1
85, 303, -1
124, 319, -1
5, 319, -1
1, 303, -1
251, 85, -1
1, 251, -1
251, 143, -1
319, 143, -1
319, 222, -1
143, 310, -1
1, 284, -1
143, 319, -1
0, 246, -1
44, 246, -1
11, 246, -1
319, 246, -1
319, 5, -1
222, 246, -1
44, 310, -1
145, 246, -1
3, 284, -1
124, 284, -1
319, 270, -1
143, 303, -1
37, 246, -1
270, 246, -1
303, 246, -1
85, 246, -1
1, 246, -1
303, 270, -1
143, 284, -1
319, 37, -1
11, 284, -1
0, 284, -1
44, 284, -1
3, 246, -1
124, 246, -1
5, 246, -1
145, 284, -1
319, 85, -1
303, 37, -1
303, 5, -1
303, 85, -1
303, 222, -1

41, 0, 1
41, 1, 1
41, 5, 1
41, 11, 1
41, 85, 1
41, 3, 1
41, 44, 1
41, 124, 1
41, 37, 1
79, 0, 1
79, 1, 1
79, 5, 1
79, 11, 1
79, 85, 1
79, 3, 1
79, 44, 1
79, 124, 1
79, 37, 1
79, 41, 1
276, 270, 1
334, 303, 1
334, 310, 1
334, 319, 1
334, 284, 1
122, 0, 1
122, 1, 1
122, 5, 1
122, 11, 1
122, 85, 1
122, 3, 1
122, 44, 1
122, 124, 1
122, 37, 1
122, 41, 1
122, 79, 1
130, 0, 1
130, 1, 1
130, 5, 1
130, 11, 1
130, 85, 1
130, 3, 1
130, 44, 1
130, 124, 1
130, 37, 1
130, 41, 1
130, 79, 1
130, 122, 1
142, 0, 1
142, 1, 1
142, 5, 1
142, 11, 1
142, 85, 1
142, 3, 1
142, 44, 1
142, 124, 1
142, 37, 1
142, 41, 1
142, 79, 1
142, 122, 1
142, 130, 1
0, 85, 1
41, 122, 1
37, 79, 1
0, 5, 1
0, 124, 1
1, 122, 1
11, 5, 1
11, 124, 1
41, 79, 1
0, 142, 1
5, 37, 1
11, 142, 1
310, 319, 1
1, 79, 1
124, 122, 1
0, 44, 1
11, 44, 1
284, 303, 1
3, 79, 1
5, 85, 1
310, 303, 1
0, 37, 1
124, 5, 1
11, 37, 1
1, 44, 1
5, 142, 1
3, 44, 1
44, 79, 1
124, 44, 1
1, 37, 1
37, 122, 1
0, 130, 1
85, 79, 1
1, 3, 1
3, 37, 1
124, 37, 1
284, 319, 1
130, 142, 1
1, 85, 1
0, 41, 1
3, 122, 1
37, 142, 1
3, 85, 1
124, 85, 1
1, 5, 1
1, 124, 1
41, 142, 1
1, 142, 1
44, 37, 1
122, 142, 1
3, 5, 1
3, 124, 1
310, 284, 1
3, 142, 1
124, 142, 1
44, 122, 1
44, 85, 1
85, 122, 1
44, 5, 1
0, 11, 1
44, 142, 1
41, 130, 1
1, 11, 1
1, 130, 1
11, 79, 1
0, 79, 1
85, 37, 1
5, 122, 1
124, 79, 1
0, 1, 1
303, 319, 1
5, 79, 1
85, 142, 1
0, 3, 1
0, 122, 1
11, 3, 1
11, 122, 1
11, 85, 1
37, 3, 1
3, 1, 1
37, 85, 1
284, 310, 1
11, 130, 1
44, 130, 1
319, 310, 1
284, 334, 1
319, 334, 1
3, 0, 1
11, 41, 1
44, 41, 1
37, 5, 1
37, 124, 1
37, 130, 1
37, 11, 1
85, 124, 1
85, 5, 1
85, 130, 1
319, 303, 1
122, 130, 1
37, 41, 1
37, 44, 1
85, 41, 1
85, 44, 1
3, 11, 1
3, 130, 1
1, 41, 1
124, 130, 1
5, 130, 1
124, 41, 1
3, 41, 1
5, 44, 1
5, 41, 1
79, 130, 1
11, 1, 1
5, 11, 1
5, 124, 1
124, 1, 1
11, 0, 1
5, 1, 1
303, 334, 1
310, 334, 1
5, 3, 1
303, 310, 1
41, 303, -1
41, 310, -1
41, 319, -1
41, 284, -1
41, 251, -1
41, 246, -1
41, 143, -1
41, 145, -1
41, 222, -1
41, 270, -1
79, 303, -1
79, 310, -1
79, 319, -1
79, 284, -1
79, 251, -1
79, 246, -1
79, 143, -1
79, 145, -1
79, 222, -1
79, 270, -1
276, 303, -1
276, 310, -1
276, 319, -1
276, 284, -1
276, 251, -1
276, 246, -1
276, 0, -1
276, 1, -1
276, 5, -1
276, 11, -1
276, 85, -1
276, 3, -1
276, 44, -1
276, 124, -1
276, 37, -1
276, 41, -1
276, 79, -1
276, 143, -1
276, 145, -1
276, 222, -1
334, 251, -1
334, 246, -1
334, 0, -1
334, 1, -1
334, 5, -1
334, 11, -1
334, 85, -1
334, 3, -1
334, 44, -1
334, 124, -1
334, 37, -1
334, 41, -1
334, 79, -1
334, 143, -1
334, 145, -1
334, 222, -1
334, 270, -1
334, 276, -1
122, 303, -1
122, 310, -1
122, 319, -1
122, 284, -1
122, 334, -1
122, 251, -1
122, 246, -1
122, 143, -1
122, 145, -1
122, 222, -1
122, 270, -1
122, 276, -1
130, 303, -1
130, 310, -1
130, 319, -1
130, 284, -1
130, 334, -1
130, 251, -1
130, 246, -1
130, 143, -1
130, 145, -1
130, 222, -1
130, 270, -1
130, 276, -1
142, 303, -1
142, 310, -1
142, 319, -1
142, 284, -1
142, 334, -1
142, 251, -1
142, 246, -1
142, 143, -1
142, 145, -1
142, 222, -1
142, 270, -1
142, 276, -1
143, 5, -1
0, 222, -1
11, 222, -1
143, 124, -1
3, 303, -1
124, 303, -1
334, 122, -1
143, 142, -1
251, 5, -1
251, 124, -1
284, 246, -1
44, 246, -1
37, 143, -1
145, 5, -1
44, 310, -1
145, 124, -1
303, 79, -1
310, 246, -1
44, 319, -1
303, 143, -1
251, 142, -1
143, 44, -1
251, 270, -1
0, 270, -1
11, 270, -1
0, 334, -1
1, 143, -1
11, 334, -1
222, 270, -1
251, 44, -1
145, 44, -1
270, 130, -1
44, 303, -1
334, 142, -1
3, 143, -1
143, 37, -1
5, 222, -1
143, 0, -1
1, 145, -1
251, 37, -1
276, 130, -1
145, 37, -1
145, 284, -1
143, 85, -1
310, 122, -1
5, 270, -1
284, 79, -1
5, 334, -1
284, 143, -1
44, 143, -1
310, 79, -1
145, 85, -1
310, 143, -1
1, 284, -1
246, 79, -1
251, 130, -1
319, 246, -1
85, 143, -1
143, 41, -1
222, 130, -1
37, 222, -1
3, 284, -1
124, 284, -1
145, 142, -1
310, 145, -1
145, 270, -1
1, 222, -1
145, 41, -1
310, 44, -1
334, 130, -1
85, 246, -1
270, 319, -1
85, 310, -1
0, 251, -1
11, 251, -1
85, 319, -1
37, 270, -1
37, 334, -1
310, 1, -1
303, 142, -1
3, 222, -1
303, 270, -1
124, 222, -1
41, 334, -1
1, 270, -1
1, 334, -1
310, 37, -1
44, 284, -1
270, 303, -1
85, 303, -1
3, 270, -1
3, 334, -1
124, 270, -1
310, 3, -1
284, 85, -1
124, 334, -1
319, 79, -1
319, 143, -1
310, 85, -1
284, 222, -1
44, 222, -1
143, 11, -1
310, 222, -1
143, 130, -1
284, 5, -1
0, 246, -1
11, 246, -1
0, 310, -1
11, 310, -1
270, 79, -1
11, 319, -1
270, 143, -1
310, 5, -1
310, 124, -1
145, 11, -1
284, 142, -1
145, 130, -1
284, 270, -1
44, 270, -1
310, 142, -1
44, 334, -1
0, 276, -1
11, 276, -1
310, 270, -1
284, 44, -1
251, 303, -1
0, 303, -1
11, 303, -1
222, 303, -1
246, 270, -1
41, 276, -1
284, 37, -1
1, 276, -1
5, 246, -1
5, 310, -1
5, 319, -1
310, 0, -1
251, 79, -1
124, 276, -1
1, 251, -1
11, 143, -1
0, 143, -1
145, 79, -1
222, 79, -1
5, 303, -1
3, 251, -1
284, 130, -1
310, 11, -1
310, 130, -1
251, 319, -1
0, 319, -1
0, 145, -1
319, 142, -1
145, 319, -1
222, 319, -1
319, 270, -1
85, 222, -1
143, 1, -1
310, 276, -1
37, 246, -1
37, 310, -1
246, 130, -1
303, 246, -1
37, 319, -1
310, 41, -1
124, 143, -1
145, 1, -1
1, 246, -1
5, 143, -1
145, 303, -1
1, 310, -1
310, 251, -1
1, 319, -1
85, 270, -1
85, 334, -1
143, 3, -1
251, 284, -1
143, 122, -1
0, 284, -1
11, 284, -1
3, 246, -1
37, 303, -1
3, 310, -1
124, 246, -1
124, 310, -1
3, 319, -1
276, 142, -1
124, 319, -1
145, 3, -1
1, 303, -1
276, 334, -1
145, 122, -1
251, 85, -1
3, 276, -1
85, 284, -1
319, 222, -1
143, 310, -1
124, 251, -1
5, 251, -1
143, 319, -1
251, 310, -1
143, 334, -1
319, 5, -1
145, 310, -1
251, 334, -1
5, 284, -1
143, 303, -1
251, 276, -1
284, 276, -1
251, 41, -1
284, 41, -1
222, 334, -1
44, 276, -1
145, 276, -1
145, 334, -1
222, 41, -1
246, 319, -1
44, 251, -1
37, 276, -1
246, 41, -1
143, 284, -1
85, 276, -1
270, 41, -1
319, 37, -1
246, 303, -1
37, 251, -1
124, 145, -1
85, 251, -1
3, 145, -1
5, 276, -1
37, 284, -1
319, 85, -1
270, 1, -1
11, 145, -1
222, 1, -1
303, 222, -1
251, 122, -1
284, 122, -1
246, 122, -1
251, 1, -1
270, 122, -1
222, 122, -1
276, 122, -1
246, 1, -1
303, 37, -1
303, 5, -1
303, 85, -1
284, 1, -1
222, 310, -1

217, 143, 1
217, 145, 1
327, 303, 1
327, 310, 1
327, 319, 1
327, 284, 1
327, 334, 1
158, 143, 1
158, 145, 1
158, 217, 1
303, 319, 1
284, 319, 1
319, 310, 1
284, 334, 1
145, 158, 1
319, 334, 1
303, 334, 1
310, 334, 1
284, 310, 1
284, 303, 1
303, 310, 1
145, 143, 1
217, 158, 1
319, 303, 1
310, 319, 1
310, 303, 1
284, 327, 1
334, 327, 1
334, 303, 1
334, 310, 1
319, 327, 1
310, 327, 1
334, 284, 1
334, 319, 1
145, 217, 1
310, 284, 1
303, 327, 1
217, 303, -1
217, 310, -1
217, 319, -1
217, 284, -1
217, 334, -1
217, 251, -1
217, 246, -1
217, 0, -1
217, 1, -1
217, 5, -1
217, 11, -1
217, 85, -1
217, 3, -1
217, 44, -1
217, 124, -1
217, 37, -1
217, 41, -1
217, 79, -1
217, 122, -1
217, 130, -1
217, 142, -1
217, 222, -1
217, 270, -1
217, 276, -1
327, 251, -1
327, 246, -1
327, 0, -1
327, 1, -1
327, 5, -1
327, 11, -1
327, 85, -1
327, 3, -1
327, 44, -1
327, 124, -1
327, 37, -1
327, 41, -1
327, 79, -1
327, 122, -1
327, 130, -1
327, 142, -1
327, 143, -1
327, 145, -1
327, 217, -1
327, 222, -1
327, 270, -1
327, 276, -1
158, 303, -1
158, 310, -1
158, 319, -1
158, 284, -1
158, 334, -1
158, 327, -1
158, 251, -1
158, 246, -1
158, 0, -1
158, 1, -1
158, 5, -1
158, 11, -1
158, 85, -1
158, 3, -1
158, 44, -1
158, 124, -1
158, 37, -1
158, 41, -1
158, 79, -1
158, 122, -1
158, 130, -1
158, 142, -1
158, 222, -1
158, 270, -1
158, 276, -1
0, 158, -1
11, 158, -1
3, 303, -1
217, 327, -1
124, 303, -1
284, 246, -1
143, 270, -1
143, 334, -1
37, 143, -1
145, 5, -1
145, 124, -1
303, 79, -1
44, 310, -1
310, 246, -1
44, 319, -1
334, 158, -1
41, 143, -1
334, 222, -1
251, 334, -1
0, 334, -1
1, 143, -1
11, 334, -1
145, 44, -1
143, 327, -1
44, 303, -1
334, 142, -1
3, 143, -1
334, 270, -1
41, 145, -1
143, 284, -1
5, 158, -1
1, 145, -1
122, 334, -1
130, 284, -1
145, 37, -1
145, 284, -1
284, 79, -1
334, 217, -1
284, 143, -1
303, 37, -1
5, 334, -1
44, 143, -1
310, 79, -1
130, 158, -1
310, 143, -1
145, 85, -1
41, 284, -1
251, 158, -1
1, 284, -1
145, 222, -1
122, 284, -1
246, 143, -1
319, 246, -1
85, 143, -1
143, 41, -1
303, 85, -1
37, 158, -1
3, 284, -1
303, 158, -1
303, 222, -1
124, 284, -1
130, 334, -1
145, 142, -1
310, 145, -1
145, 270, -1
145, 334, -1
142, 143, -1
145, 41, -1
122, 158, -1
303, 5, -1
85, 310, -1
303, 142, -1
37, 334, -1
3, 158, -1
303, 270, -1
124, 158, -1
41, 334, -1
145, 327, -1
1, 334, -1
44, 284, -1
276, 310, -1
0, 217, -1
276, 319, -1
3, 334, -1
284, 85, -1
124, 334, -1
319, 79, -1
41, 217, -1
284, 222, -1
44, 158, -1
276, 303, -1
1, 217, -1
310, 158, -1
310, 222, -1
284, 5, -1
251, 310, -1
0, 310, -1
11, 310, -1
270, 143, -1
11, 319, -1
284, 142, -1
145, 11, -1
145, 130, -1
284, 270, -1
310, 142, -1
143, 303, -1
44, 334, -1
310, 270, -1
145, 276, -1
334, 246, -1
251, 303, -1
0, 303, -1
276, 143, -1
11, 303, -1
145, 251, -1
319, 37, -1
284, 37, -1
310, 217, -1
143, 79, -1
5, 310, -1
130, 143, -1
251, 143, -1
145, 79, -1
11, 143, -1
0, 143, -1
319, 85, -1
222, 143, -1
319, 158, -1
284, 158, -1
319, 222, -1
143, 246, -1
143, 310, -1
143, 319, -1
130, 310, -1
334, 79, -1
319, 5, -1
334, 143, -1
130, 319, -1
145, 246, -1
251, 319, -1
276, 284, -1
145, 310, -1
0, 319, -1
0, 145, -1
319, 142, -1
145, 319, -1
122, 143, -1
85, 158, -1
319, 270, -1
37, 310, -1
303, 246, -1
130, 303, -1
124, 143, -1
41, 310, -1
145, 1, -1
41, 319, -1
334, 145, -1
5, 143, -1
145, 303, -1
1, 310, -1
276, 158, -1
122, 310, -1
1, 319, -1
122, 319, -1
85, 334, -1
251, 284, -1
0, 284, -1
11, 284, -1
3, 310, -1
124, 310, -1
3, 319, -1
41, 303, -1
124, 319, -1
145, 3, -1
145, 122, -1
1, 303, -1
276, 334, -1
122, 303, -1
142, 303, -1
1, 327, -1
122, 217, -1
5, 303, -1
334, 122, -1
334, 3, -1
142, 327, -1
276, 327, -1
3, 327, -1
334, 85, -1
124, 327, -1
3, 217, -1
5, 327, -1
303, 143, -1
124, 217, -1
276, 217, -1
142, 284, -1
222, 310, -1
41, 158, -1
222, 319, -1
1, 158, -1
334, 5, -1
334, 11, -1
334, 130, -1
334, 124, -1
37, 319, -1
270, 319, -1
246, 319, -1
222, 303, -1
79, 303, -1
85, 319, -1
334, 276, -1
251, 327, -1
334, 44, -1
130, 327, -1
0, 327, -1
44, 327, -1
11, 327, -1
130, 217, -1
44, 217, -1
222, 327, -1
251, 217, -1
79, 327, -1
284, 217, -1
142, 310, -1
11, 217, -1
246, 303, -1
37, 303, -1
142, 319, -1
270, 303, -1
334, 251, -1
85, 303, -1
5, 319, -1
37, 327, -1
246, 327, -1
270, 327, -1
334, 37, -1
41, 327, -1
85, 327, -1
319, 143, -1
122, 327, -1
310, 85, -1
310, 5, -1
310, 124, -1
310, 130, -1
310, 11, -1
130, 145, -1
79, 319, -1
327, 158, -1
222, 334, -1
310, 276, -1
310, 44, -1
310, 41, -1
310, 1, -1
310, 251, -1
122, 145, -1
310, 37, -1
142, 334, -1
310, 122, -1
310, 3, -1

97, 0, 1
97, 1, 1
97, 5, 1
97, 11, 1
97, 85, 1
97, 3, 1
97, 44, 1
97, 124, 1
97, 37, 1
97, 41, 1
97, 79, 1
97, 122, 1
97, 130, 1
97, 142, 1
190, 143, 1
190, 145, 1
190, 217, 1
190, 158, 1
218, 143, 1
218, 145, 1
218, 217, 1
218, 158, 1
218, 190, 1
302, 303, 1
302, 310, 1
302, 319, 1
302, 284, 1
302, 334, 1
302, 327, 1
212, 143, 1
212, 145, 1
212, 217, 1
212, 158, 1
212, 190, 1
212, 218, 1
0, 85, 1
41, 122, 1
130, 124, 1
37, 79, 1
0, 5, 1
0, 124, 1
1, 122, 1
11, 5, 1
11, 124, 1
122, 3, 1
41, 79, 1
0, 142, 1
5, 37, 1
11, 142, 1
310, 319, 1
1, 79, 1
130, 44, 1
0, 44, 1
11, 44, 1
145, 218, 1
284, 303, 1
3, 79, 1
217, 158, 1
122, 5, 1
122, 124, 1
5, 85, 1
310, 303, 1
145, 190, 1
130, 37, 1
0, 37, 1
124, 5, 1
11, 37, 1
1, 44, 1
158, 190, 1
122, 44, 1
130, 3, 1
5, 142, 1
334, 327, 1
3, 44, 1
130, 85, 1
44, 79, 1
124, 44, 1
1, 37, 1
122, 37, 1
145, 158, 1
130, 5, 1
0, 130, 1
85, 79, 1
1, 3, 1
3, 37, 1
124, 37, 1
130, 142, 1
284, 319, 1
1, 85, 1
122, 85, 1
0, 41, 1
11, 41, 1
142, 79, 1
37, 142, 1
3, 85, 1
124, 85, 1
1, 5, 1
1, 124, 1
41, 142, 1
1, 142, 1
44, 37, 1
122, 142, 1
3, 5, 1
3, 124, 1
310, 284, 1
217, 212, 1
3, 142, 1
124, 142, 1
303, 327, 1
124, 41, 1
44, 85, 1
5, 41, 1
130, 11, 1
44, 5, 1
0, 11, 1
44, 142, 1
145, 212, 1
217, 143, 1
310, 334, 1
334, 319, 1
41, 130, 1
158, 212, 1
1, 11, 1
1, 130, 1
122, 11, 1
284, 327, 1
37, 41, 1
310, 327, 1
217, 145, 1
334, 303, 1
1, 41, 1
217, 218, 1
130, 79, 1
11, 79, 1
0, 79, 1
3, 41, 1
85, 37, 1
145, 143, 1
158, 143, 1
218, 212, 1
122, 79, 1
44, 41, 1
124, 79, 1
0, 1, 1
303, 319, 1
5, 79, 1
85, 142, 1
85, 41, 1
319, 327, 1
130, 122, 1
0, 3, 1
0, 122, 1
11, 3, 1
11, 85, 1
334, 284, 1
217, 190, 1
130, 97, 1
11, 97, 1
44, 97, 1
0, 97, 1
37, 3, 1
37, 122, 1
3, 1, 1
334, 302, 1
85, 122, 1
41, 3, 1
37, 85, 1
284, 310, 1
319, 310, 1
37, 97, 1
41, 85, 1
284, 334, 1
142, 122, 1
41, 97, 1
85, 97, 1
130, 41, 1
319, 334, 1
3, 0, 1
124, 122, 1
1, 97, 1
37, 5, 1
37, 124, 1
3, 122, 1
122, 97, 1
5, 122, 1
334, 310, 1
79, 41, 1
85, 124, 1
37, 11, 1
41, 5, 1
85, 5, 1
41, 124, 1
41, 11, 1
319, 303, 1
142, 97, 1
44, 1, 1
327, 319, 1
3, 97, 1
124, 97, 1
5, 97, 1
122, 130, 1
37, 44, 1
327, 334, 1
41, 44, 1
85, 44, 1
145, 217, 1
122, 41, 1
3, 11, 1
3, 130, 1
85, 1, 1
319, 302, 1
284, 302, 1
41, 1, 1
327, 303, 1
142, 41, 1
44, 122, 1
11, 122, 1
5, 44, 1
41, 37, 1
124, 1, 1
5, 1, 1
327, 302, 1
303, 302, 1
11, 130, 1
44, 130, 1
79, 130, 1
37, 130, 1
5, 3, 1
130, 1, 1
303, 310, 1
11, 1, 1
85, 130, 1
327, 310, 1
303, 334, 1
142, 130, 1
37, 1, 1
124, 130, 1
5, 130, 1
5, 11, 1
5, 124, 1
11, 0, 1
310, 302, 1
122, 1, 1
142, 1, 1
97, 303, -1
97, 310, -1
97, 319, -1
97, 284, -1
97, 334, -1
97, 327, -1
97, 251, -1
97, 246, -1
97, 143, -1
97, 145, -1
97, 217, -1
97, 158, -1
97, 222, -1
97, 270, -1
97, 276, -1
190, 303, -1
190, 310, -1
190, 319, -1
190, 284, -1
190, 334, -1
190, 327, -1
190, 251, -1
190, 246, -1
190, 0, -1
190, 1, -1
190, 5, -1
190, 11, -1
190, 85, -1
190, 3, -1
190, 44, -1
190, 124, -1
190, 37, -1
190, 41, -1
190, 79, -1
190, 122, -1
190, 130, -1
190, 142, -1
190, 97, -1
190, 222, -1
190, 270, -1
190, 276, -1
218, 303, -1
218, 310, -1
218, 319, -1
218, 284, -1
218, 334, -1
218, 327, -1
218, 251, -1
218, 246, -1
218, 0, -1
218, 1, -1
218, 5, -1
218, 11, -1
218, 85, -1
218, 3, -1
218, 44, -1
218, 124, -1
218, 37, -1
218, 41, -1
218, 79, -1
218, 122, -1
218, 130, -1
218, 142, -1
218, 97, -1
218, 222, -1
218, 270, -1
218, 276, -1
302, 251, -1
302, 246, -1
302, 0, -1
302, 1, -1
302, 5, -1
302, 11, -1
302, 85, -1
302, 3, -1
302, 44, -1
302, 124, -1
302, 37, -1
302, 41, -1
302, 79, -1
302, 122, -1
302, 130, -1
302, 142, -1
302, 97, -1
302, 143, -1
302, 145, -1
302, 217, -1
302, 158, -1
302, 190, -1
302, 218, -1
302, 222, -1
302, 270, -1
302, 276, -1
212, 303, -1
212, 310, -1
212, 319, -1
212, 284, -1
212, 334, -1
212, 327, -1
212, 302, -1
212, 251, -1
212, 246, -1
212, 0, -1
212, 1, -1
212, 5, -1
212, 11, -1
212, 85, -1
212, 3, -1
212, 44, -1
212, 124, -1
212, 37, -1
212, 41, -1
212, 79, -1
212, 122, -1
212, 130, -1
212, 142, -1
212, 97, -1
212, 222, -1
212, 270, -1
212, 276, -1
0, 158, -1
11, 158, -1
3, 303, -1
334, 3, -1
251, 5, -1
142, 327, -1
276, 327, -1
37, 143, -1
145, 5, -1
327, 143, -1
0, 270, -1
11, 270, -1
334, 124, -1
143, 327, -1
44, 303, -1
327, 246, -1
334, 142, -1
217, 222, -1
41, 145, -1
5, 222, -1
222, 327, -1
217, 334, -1
158, 37, -1
5, 334, -1
158, 284, -1
145, 85, -1
41, 284, -1
130, 222, -1
310, 143, -1
158, 302, -1
41, 302, -1
5, 190, -1
319, 246, -1
327, 79, -1
3, 284, -1
41, 158, -1
130, 334, -1
310, 44, -1
158, 5, -1
122, 222, -1
334, 11, -1
0, 251, -1
11, 251, -1
130, 190, -1
3, 158, -1
158, 270, -1
334, 276, -1
303, 270, -1
41, 270, -1
130, 217, -1
218, 302, -1
145, 327, -1
44, 284, -1
85, 303, -1
3, 270, -1
310, 3, -1
319, 79, -1
142, 303, -1
1, 327, -1
44, 158, -1
276, 303, -1
122, 217, -1
284, 5, -1
0, 246, -1
11, 246, -1
270, 79, -1
310, 124, -1
130, 212, -1
284, 270, -1
44, 270, -1
310, 142, -1
143, 303, -1
158, 130, -1
222, 303, -1
334, 212, -1
217, 310, -1
122, 212, -1
217, 319, -1
5, 310, -1
158, 251, -1
5, 319, -1
41, 251, -1
251, 79, -1
124, 276, -1
145, 79, -1
79, 143, -1
142, 190, -1
3, 251, -1
85, 302, -1
130, 310, -1
130, 319, -1
142, 284, -1
310, 11, -1
276, 284, -1
142, 302, -1
85, 158, -1
0, 218, -1
310, 276, -1
158, 246, -1
303, 246, -1
41, 246, -1
142, 158, -1
276, 158, -1
5, 143, -1
145, 303, -1
122, 310, -1
85, 270, -1
122, 319, -1
276, 5, -1
3, 246, -1
142, 270, -1
124, 145, -1
217, 44, -1
1, 303, -1
0, 222, -1
11, 222, -1
158, 3, -1
217, 327, -1
284, 246, -1
143, 270, -1
44, 246, -1
334, 85, -1
303, 79, -1
0, 334, -1
11, 334, -1
158, 124, -1
251, 190, -1
0, 190, -1
11, 190, -1
41, 218, -1
1, 145, -1
251, 37, -1
145, 37, -1
217, 142, -1
145, 284, -1
0, 302, -1
11, 302, -1
310, 122, -1
145, 302, -1
284, 79, -1
122, 327, -1
251, 158, -1
1, 284, -1
246, 79, -1
1, 302, -1
85, 143, -1
158, 222, -1
41, 222, -1
1, 158, -1
145, 270, -1
142, 143, -1
85, 246, -1
3, 222, -1
158, 334, -1
41, 334, -1
217, 11, -1
142, 246, -1
1, 270, -1
217, 276, -1
37, 327, -1
41, 190, -1
3, 334, -1
41, 217, -1
319, 143, -1
310, 85, -1
284, 222, -1
44, 222, -1
3, 190, -1
0, 310, -1
11, 310, -1
3, 217, -1
11, 319, -1
124, 327, -1
270, 143, -1
145, 130, -1
130, 276, -1
44, 334, -1
3, 302, -1
276, 79, -1
284, 190, -1
44, 190, -1
41, 212, -1
145, 251, -1
284, 37, -1
122, 276, -1
143, 79, -1
44, 302, -1
1, 251, -1
251, 143, -1
11, 143, -1
0, 143, -1
222, 79, -1
284, 158, -1
145, 246, -1
217, 122, -1
79, 319, -1
85, 222, -1
158, 310, -1
158, 319, -1
41, 310, -1
334, 145, -1
41, 319, -1
1, 246, -1
142, 222, -1
217, 5, -1
85, 334, -1
37, 303, -1
3, 310, -1
3, 319, -1
142, 334, -1
85, 190, -1
145, 3, -1
334, 37, -1
124, 303, -1
276, 190, -1
334, 122, -1
251, 124, -1
44, 310, -1
145, 124, -1
251, 142, -1
44, 319, -1
303, 143, -1
276, 37, -1
334, 158, -1
41, 143, -1
334, 5, -1
217, 85, -1
3, 143, -1
334, 270, -1
158, 44, -1
122, 270, -1
1, 218, -1
142, 212, -1
284, 143, -1
44, 143, -1
124, 190, -1
145, 222, -1
246, 143, -1
5, 327, -1
37, 158, -1
124, 284, -1
97, 190, -1
310, 145, -1
124, 302, -1
1, 222, -1
145, 334, -1
334, 130, -1
85, 310, -1
158, 142, -1
37, 270, -1
85, 319, -1
310, 1, -1
124, 158, -1
130, 327, -1
97, 302, -1
142, 310, -1
0, 217, -1
1, 334, -1
11, 217, -1
310, 37, -1
142, 319, -1
276, 319, -1
334, 251, -1
122, 251, -1
124, 270, -1
1, 190, -1
1, 217, -1
310, 158, -1
143, 130, -1
284, 142, -1
310, 5, -1
251, 212, -1
0, 212, -1
11, 212, -1
217, 79, -1
310, 270, -1
334, 246, -1
158, 11, -1
276, 143, -1
158, 276, -1
41, 276, -1
1, 212, -1
217, 303, -1
222, 143, -1
143, 246, -1
5, 303, -1
334, 79, -1
310, 130, -1
251, 319, -1
145, 310, -1
0, 319, -1
145, 319, -1
37, 246, -1
130, 303, -1
124, 143, -1
1, 310, -1
310, 251, -1
334, 218, -1
1, 319, -1
124, 246, -1
276, 142, -1
122, 303, -1
251, 85, -1
3, 212, -1
158, 122, -1
217, 37, -1
217, 284, -1
310, 246, -1
334, 222, -1
217, 302, -1
1, 143, -1
251, 44, -1
5, 302, -1
145, 44, -1
251, 327, -1
5, 158, -1
0, 327, -1
11, 327, -1
122, 334, -1
130, 284, -1
130, 302, -1
334, 190, -1
217, 270, -1
122, 190, -1
5, 270, -1
334, 217, -1
124, 218, -1
310, 79, -1
130, 158, -1
310, 97, -1
122, 284, -1
97, 218, -1
122, 302, -1
158, 85, -1
37, 222, -1
130, 270, -1
145, 142, -1
190, 302, -1
122, 158, -1
310, 218, -1
37, 334, -1
124, 222, -1
217, 130, -1
79, 327, -1
37, 190, -1
158, 327, -1
284, 85, -1
124, 334, -1
41, 327, -1
217, 251, -1
37, 302, -1
310, 222, -1
3, 327, -1
124, 217, -1
145, 11, -1
0, 276, -1
11, 276, -1
284, 44, -1
145, 276, -1
251, 303, -1
0, 303, -1
11, 303, -1
130, 251, -1
310, 190, -1
44, 327, -1
327, 270, -1
217, 246, -1
1, 276, -1
310, 217, -1
5, 246, -1
124, 212, -1
130, 143, -1
143, 319, -1
97, 212, -1
158, 79, -1
130, 246, -1
334, 143, -1
217, 3, -1
0, 145, -1
122, 143, -1
222, 319, -1
319, 270, -1
310, 212, -1
37, 310, -1
310, 41, -1
37, 319, -1
276, 85, -1
79, 303, -1
122, 246, -1
334, 44, -1
217, 124, -1
251, 284, -1
0, 284, -1
11, 284, -1
158, 303, -1
124, 310, -1
41, 303, -1
124, 319, -1
145, 122, -1
3, 276, -1
85, 327, -1
276, 44, -1
143, 5, -1
143, 124, -1
145, 97, -1
143, 142, -1
143, 334, -1
143, 44, -1
158, 97, -1
251, 334, -1
5, 284, -1
44, 276, -1
276, 302, -1
270, 130, -1
143, 37, -1
222, 190, -1
143, 284, -1
85, 212, -1
85, 276, -1
143, 0, -1
143, 302, -1
246, 303, -1
276, 130, -1
251, 302, -1
217, 41, -1
143, 85, -1
85, 251, -1
3, 145, -1
222, 302, -1
302, 212, -1
3, 218, -1
37, 284, -1
284, 97, -1
142, 251, -1
222, 158, -1
251, 130, -1
143, 41, -1
246, 97, -1
222, 130, -1
276, 217, -1
303, 158, -1
79, 270, -1
145, 41, -1
284, 1, -1
270, 319, -1
246, 319, -1
303, 142, -1
334, 41, -1
251, 217, -1
276, 310, -1
246, 1, -1
270, 303, -1
303, 190, -1
5, 276, -1
143, 11, -1
5, 251, -1
251, 310, -1
222, 310, -1
270, 97, -1
327, 158, -1
327, 222, -1
276, 97, -1
327, 142, -1
79, 251, -1
44, 217, -1
319, 37, -1
37, 251, -1
270, 1, -1
143, 97, -1
246, 327, -1
310, 0, -1
327, 190, -1
217, 1, -1
319, 85, -1
251, 97, -1
319, 158, -1
85, 284, -1
276, 1, -1
222, 97, -1
319, 222, -1
143, 310, -1
124, 251, -1
284, 130, -1
319, 5, -1
79, 246, -1
334, 97, -1
319, 142, -1
143, 1, -1
246, 130, -1
251, 1, -1
217, 97, -1
145, 1, -1
44, 251, -1
222, 1, -1
319, 190, -1
37, 212, -1
37, 276, -1
143, 3, -1
284, 217, -1
143, 122, -1
158, 1, -1
334, 1, -1
276, 334, -1
270, 327, -1
246, 122, -1
270, 122, -1
303, 85, -1
130, 145, -1
11, 145, -1
303, 222, -1
251, 41, -1
284, 41, -1
222, 334, -1
11, 218, -1
276, 122, -1
222, 41, -1
303, 5, -1
158, 41, -1
246, 41, -1
122, 145, -1
270, 41, -1
251, 122, -1
284, 122, -1
222, 122, -1
5, 212, -1
276, 41, -1
303, 37, -1

331, 303, 1
331, 310, 1
331, 319, 1
331, 284, 1
331, 334, 1
331, 327, 1
331, 302, 1
317, 303, 1
317, 310, 1
317, 319, 1
317, 284, 1
317, 334, 1
317, 327, 1
317, 302, 1
317, 331, 1
87, 0, 1
87, 1, 1
87, 5, 1
87, 11, 1
87, 85, 1
87, 3, 1
87, 44, 1
87, 124, 1
87, 37, 1
87, 41, 1
87, 79, 1
87, 122, 1
87, 130, 1
87, 142, 1
87, 97, 1
330, 303, 1
330, 310, 1
330, 319, 1
330, 284, 1
330, 334, 1
330, 327, 1
330, 302, 1
330, 331, 1
330, 317, 1
22, 0, 1
22, 1, 1
22, 5, 1
22, 11, 1
22, 85, 1
22, 3, 1
22, 44, 1
22, 124, 1
22, 37, 1
22, 41, 1
22, 79, 1
22, 122, 1
22, 130, 1
22, 142, 1
22, 97, 1
22, 87, 1
304, 303, 1
304, 310, 1
304, 319, 1
304, 284, 1
304, 334, 1
304, 327, 1
304, 302, 1
304, 331, 1
304, 317, 1
304, 330, 1
0, 85, 1
41, 122, 1
130, 124, 1
37, 79, 1
284, 310, 1
0, 5, 1
11, 124, 1
0, 124, 1
1, 122, 1
11, 5, 1
122, 3, 1
3, 22, 1
41, 79, 1
302, 327, 1
0, 142, 1
5, 37, 1
11, 142, 1
0, 87, 1
310, 319, 1
97, 1, 1
11, 87, 1
1, 79, 1
130, 44, 1
0, 44, 1
11, 44, 1
284, 303, 1
3, 79, 1
122, 5, 1
5, 85, 1
310, 303, 1
122, 124, 1
44, 22, 1
97, 3, 1
97, 122, 1
130, 37, 1
41, 44, 1
0, 37, 1
124, 5, 1
11, 37, 1
1, 44, 1
122, 44, 1
41, 1, 1
130, 3, 1
5, 142, 1
334, 327, 1
85, 22, 1
5, 87, 1
3, 44, 1
130, 85, 1
44, 79, 1
124, 44, 1
97, 124, 1
41, 37, 1
1, 37, 1
122, 37, 1
142, 22, 1
334, 302, 1
41, 3, 1
130, 5, 1
0, 130, 1
85, 79, 1
97, 44, 1
1, 3, 1
3, 37, 1
41, 85, 1
284, 319, 1
124, 37, 1
130, 142, 1
130, 87, 1
1, 85, 1
79, 142, 1
79, 87, 1
122, 85, 1
0, 41, 1
142, 79, 1
41, 5, 1
41, 124, 1
3, 85, 1
37, 142, 1
97, 37, 1
37, 87, 1
124, 85, 1
1, 5, 1
1, 124, 1
41, 142, 1
41, 87, 1
1, 142, 1
1, 87, 1
44, 37, 1
122, 142, 1
122, 87, 1
3, 5, 1
3, 124, 1
97, 85, 1
3, 142, 1
3, 87, 1
310, 302, 1
302, 319, 1
124, 142, 1
124, 87, 1
303, 327, 1
44, 85, 1
97, 5, 1
97, 142, 1
302, 303, 1
97, 87, 1
130, 11, 1
44, 5, 1
97, 41, 1
0, 11, 1
44, 142, 1
44, 87, 1
284, 334, 1
310, 334, 1
334, 319, 1
41, 11, 1
41, 130, 1
1, 11, 1
1, 130, 1
122, 11, 1
284, 327, 1
0, 22, 1
11, 22, 1
142, 124, 1
310, 327, 1
334, 303, 1
284, 302, 1
130, 79, 1
142, 44, 1
11, 79, 1
0, 79, 1
122, 22, 1
85, 37, 1
0, 97, 1
97, 11, 1
97, 130, 1
124, 22, 1
142, 37, 1
5, 22, 1
122, 79, 1
97, 22, 1
331, 317, 1
142, 85, 1
124, 79, 1
0, 1, 1
303, 319, 1
5, 79, 1
85, 142, 1
85, 87, 1
130, 22, 1
319, 327, 1
79, 22, 1
142, 5, 1
97, 79, 1
130, 122, 1
142, 87, 1
0, 3, 1
0, 122, 1
11, 3, 1
37, 22, 1
284, 317, 1
41, 22, 1
11, 85, 1
1, 22, 1
130, 97, 1
11, 97, 1
44, 97, 1
37, 3, 1
37, 122, 1
3, 1, 1
87, 22, 1
85, 122, 1
327, 302, 1
334, 317, 1
37, 85, 1
319, 310, 1
37, 97, 1
302, 330, 1
142, 3, 1
142, 122, 1
41, 97, 1
85, 97, 1
302, 284, 1
130, 41, 1
319, 334, 1
3, 0, 1
124, 122, 1
1, 97, 1
37, 5, 1
37, 124, 1
11, 41, 1
3, 122, 1
5, 44, 1
334, 310, 1
85, 124, 1
5, 122, 1
44, 41, 1
37, 11, 1
85, 5, 1
319, 303, 1
302, 317, 1
142, 97, 1
44, 1, 1
334, 331, 1
327, 319, 1
3, 97, 1
122, 130, 1
5, 97, 1
124, 97, 1
37, 41, 1
37, 44, 1
85, 41, 1
327, 334, 1
85, 44, 1
142, 11, 1
3, 11, 1
302, 304, 1
122, 41, 1
1, 41, 1
3, 130, 1
327, 303, 1
302, 310, 1
319, 302, 1
142, 41, 1
44, 122, 1
122, 1, 1
11, 122, 1
334, 330, 1
302, 331, 1
124, 41, 1
3, 41, 1
302, 334, 1
334, 284, 1
5, 41, 1
124, 1, 1
5, 1, 1
303, 302, 1
11, 130, 1
44, 130, 1
310, 304, 1
79, 130, 1
310, 331, 1
37, 130, 1
122, 97, 1
5, 3, 1
79, 41, 1
303, 310, 1
11, 1, 1
85, 130, 1
327, 310, 1
303, 334, 1
142, 130, 1
310, 330, 1
310, 284, 1
124, 130, 1
5, 130, 1
5, 11, 1
5, 124, 1
11, 0, 1
310, 317, 1
142, 1, 1
331, 251, -1
331, 246, -1
331, 0, -1
331, 1, -1
331, 5, -1
331, 11, -1
331, 85, -1
331, 3, -1
331, 44, -1
331, 124, -1
331, 37, -1
331, 41, -1
331, 79, -1
331, 122, -1
331, 130, -1
331, 142, -1
331, 97, -1
331, 143, -1
331, 145, -1
331, 217, -1
331, 158, -1
331, 190, -1
331, 218, -1
331, 212, -1
331, 222, -1
331, 270, -1
331, 276, -1
317, 251, -1
317, 246, -1
317, 0, -1
317, 1, -1
317, 5, -1
317, 11, -1
317, 85, -1
317, 3, -1
317, 44, -1
317, 124, -1
317, 37, -1
317, 41, -1
317, 79, -1
317, 122, -1
317, 130, -1
317, 142, -1
317, 97, -1
317, 143, -1
317, 145, -1
317, 217, -1
317, 158, -1
317, 190, -1
317, 218, -1
317, 212, -1
317, 222, -1
317, 270, -1
317, 276, -1
87, 303, -1
87, 310, -1
87, 319, -1
87, 284, -1
87, 334, -1
87, 327, -1
87, 302, -1
87, 331, -1
87, 317, -1
87, 251, -1
87, 246, -1
87, 143, -1
87, 145, -1
87, 217, -1
87, 158, -1
87, 190, -1
87, 218, -1
87, 212, -1
87, 222, -1
87, 270, -1
87, 276, -1
330, 251, -1
330, 246, -1
330, 0, -1
330, 1, -1
330, 5, -1
330, 11, -1
330, 85, -1
330, 3, -1
330, 44, -1
330, 124, -1
330, 37, -1
330, 41, -1
330, 79, -1
330, 122, -1
330, 130, -1
330, 142, -1
330, 97, -1
330, 87, -1
330, 143, -1
330, 145, -1
330, 217, -1
330, 158, -1
330, 190, -1
330, 218, -1
330, 212, -1
330, 222, -1
330, 270, -1
330, 276, -1
22, 303, -1
22, 310, -1
22, 319, -1
22, 284, -1
22, 334, -1
22, 327, -1
22, 302, -1
22, 331, -1
22, 317, -1
22, 330, -1
22, 251, -1
22, 246, -1
22, 143, -1
22, 145, -1
22, 217, -1
22, 158, -1
22, 190, -1
22, 218, -1
22, 212, -1
22, 222, -1
22, 270, -1
22, 276, -1
304, 251, -1
304, 246, -1
304, 0, -1
304, 1, -1
304, 5, -1
304, 11, -1
304, 85, -1
304, 3, -1
304, 44, -1
304, 124, -1
304, 37, -1
304, 41, -1
304, 79, -1
304, 122, -1
304, 130, -1
304, 142, -1
304, 97, -1
304, 87, -1
304, 22, -1
304, 143, -1
304, 145, -1
304, 217, -1
304, 158, -1
304, 190, -1
304, 218, -1
304, 212, -1
304, 222, -1
304, 270, -1
304, 276, -1
0, 158, -1
11, 158, -1
97, 310, -1
3, 303, -1
97, 319, -1
334, 3, -1
142, 327, -1
251, 5, -1
276, 327, -1
302, 190, -1
37, 143, -1
145, 5, -1
319, 130, -1
327, 143, -1
143, 44, -1
5, 330, -1
0, 270, -1
11, 270, -1
284, 276, -1
334, 124, -1
218, 330, -1
44, 303, -1
334, 142, -1
319, 251, -1
5, 222, -1
222, 327, -1
310, 22, -1
246, 303, -1
212, 310, -1
217, 87, -1
142, 331, -1
217, 334, -1
79, 302, -1
158, 37, -1
5, 334, -1
302, 41, -1
310, 143, -1
41, 284, -1
145, 85, -1
130, 222, -1
79, 158, -1
218, 87, -1
41, 302, -1
5, 190, -1
218, 334, -1
212, 22, -1
85, 317, -1
327, 79, -1
3, 284, -1
41, 158, -1
130, 334, -1
79, 270, -1
142, 317, -1
310, 44, -1
276, 317, -1
122, 222, -1
158, 5, -1
334, 11, -1
0, 251, -1
11, 251, -1
218, 37, -1
130, 190, -1
3, 158, -1
41, 270, -1
218, 302, -1
145, 327, -1
44, 284, -1
85, 303, -1
284, 122, -1
3, 270, -1
190, 87, -1
310, 3, -1
319, 79, -1
142, 303, -1
1, 327, -1
44, 158, -1
276, 303, -1
143, 11, -1
284, 5, -1
0, 246, -1
11, 246, -1
302, 22, -1
310, 124, -1
284, 270, -1
130, 212, -1
44, 270, -1
310, 142, -1
145, 331, -1
303, 130, -1
222, 303, -1
327, 87, -1
217, 310, -1
1, 331, -1
122, 212, -1
217, 319, -1
5, 310, -1
303, 251, -1
212, 142, -1
5, 319, -1
41, 251, -1
251, 79, -1
124, 276, -1
251, 317, -1
145, 79, -1
79, 143, -1
145, 317, -1
302, 44, -1
142, 190, -1
218, 310, -1
3, 251, -1
85, 302, -1
97, 276, -1
284, 130, -1
130, 310, -1
130, 319, -1
79, 246, -1
142, 284, -1
310, 11, -1
276, 284, -1
1, 317, -1
319, 87, -1
142, 302, -1
85, 158, -1
143, 1, -1
0, 218, -1
218, 22, -1
302, 3, -1
41, 246, -1
284, 251, -1
142, 158, -1
5, 143, -1
145, 303, -1
122, 310, -1
85, 270, -1
122, 319, -1
0, 330, -1
11, 330, -1
145, 330, -1
143, 122, -1
276, 5, -1
3, 246, -1
142, 270, -1
190, 319, -1
217, 44, -1
1, 303, -1
302, 142, -1
212, 87, -1
143, 5, -1
0, 222, -1
11, 222, -1
217, 327, -1
284, 246, -1
44, 246, -1
334, 85, -1
303, 79, -1
251, 334, -1
0, 334, -1
11, 334, -1
158, 124, -1
190, 85, -1
0, 190, -1
11, 190, -1
143, 0, -1
218, 3, -1
41, 218, -1
251, 37, -1
145, 37, -1
217, 142, -1
145, 284, -1
302, 11, -1
251, 302, -1
143, 85, -1
0, 302, -1
11, 302, -1
310, 122, -1
145, 302, -1
284, 79, -1
41, 330, -1
190, 44, -1
122, 327, -1
218, 124, -1
142, 251, -1
218, 142, -1
79, 222, -1
1, 284, -1
1, 302, -1
190, 327, -1
3, 330, -1
85, 143, -1
41, 222, -1
1, 158, -1
79, 334, -1
145, 41, -1
142, 143, -1
85, 246, -1
270, 319, -1
158, 87, -1
303, 87, -1
3, 222, -1
79, 190, -1
319, 22, -1
41, 334, -1
217, 11, -1
142, 246, -1
1, 270, -1
212, 319, -1
37, 327, -1
41, 190, -1
3, 334, -1
319, 143, -1
284, 222, -1
310, 85, -1
44, 222, -1
302, 1, -1
3, 190, -1
251, 310, -1
0, 310, -1
11, 310, -1
124, 327, -1
11, 319, -1
284, 87, -1
145, 130, -1
130, 276, -1
44, 334, -1
3, 302, -1
302, 122, -1
97, 327, -1
276, 79, -1
212, 85, -1
284, 190, -1
44, 190, -1
251, 22, -1
41, 212, -1
145, 22, -1
284, 37, -1
122, 276, -1
143, 79, -1
44, 302, -1
143, 97, -1
1, 251, -1
217, 1, -1
0, 143, -1
11, 143, -1
222, 79, -1
212, 44, -1
284, 158, -1
190, 303, -1
37, 317, -1
97, 331, -1
212, 327, -1
79, 310, -1
217, 122, -1
319, 142, -1
79, 319, -1
85, 222, -1
158, 319, -1
124, 317, -1
41, 310, -1
41, 319, -1
1, 246, -1
142, 222, -1
302, 85, -1
217, 5, -1
330, 22, -1
85, 334, -1
37, 303, -1
97, 317, -1
3, 310, -1
334, 1, -1
3, 319, -1
276, 87, -1
142, 334, -1
85, 190, -1
276, 334, -1
145, 3, -1
303, 22, -1
334, 37, -1
124, 303, -1
145, 97, -1
334, 122, -1
218, 319, -1
251, 124, -1
44, 310, -1
145, 124, -1
251, 142, -1
303, 143, -1
44, 319, -1
334, 158, -1
317, 87, -1
276, 37, -1
41, 143, -1
97, 303, -1
276, 302, -1
334, 5, -1
217, 85, -1
97, 330, -1
212, 317, -1
3, 143, -1
334, 270, -1
143, 37, -1
284, 22, -1
158, 44, -1
122, 270, -1
190, 5, -1
1, 218, -1
218, 85, -1
142, 212, -1
284, 143, -1
37, 284, -1
44, 143, -1
1, 330, -1
212, 303, -1
124, 190, -1
5, 327, -1
218, 44, -1
37, 158, -1
143, 41, -1
251, 87, -1
124, 284, -1
97, 190, -1
145, 87, -1
124, 302, -1
145, 334, -1
1, 222, -1
334, 130, -1
218, 327, -1
302, 79, -1
85, 310, -1
37, 270, -1
303, 142, -1
85, 319, -1
97, 284, -1
310, 1, -1
124, 158, -1
130, 327, -1
97, 302, -1
142, 310, -1
1, 334, -1
0, 217, -1
276, 310, -1
310, 37, -1
142, 319, -1
276, 319, -1
334, 251, -1
217, 331, -1
331, 87, -1
97, 158, -1
122, 251, -1
5, 331, -1
124, 270, -1
1, 190, -1
310, 158, -1
143, 130, -1
218, 331, -1
97, 270, -1
284, 124, -1
276, 22, -1
284, 142, -1
310, 5, -1
212, 284, -1
130, 331, -1
0, 212, -1
11, 212, -1
310, 270, -1
217, 79, -1
217, 317, -1
334, 246, -1
143, 22, -1
5, 317, -1
317, 22, -1
41, 276, -1
1, 212, -1
218, 317, -1
122, 331, -1
212, 5, -1
310, 0, -1
130, 317, -1
217, 303, -1
218, 11, -1
5, 303, -1
217, 330, -1
334, 79, -1
251, 319, -1
310, 130, -1
145, 310, -1
334, 97, -1
0, 319, -1
302, 37, -1
218, 303, -1
145, 319, -1
122, 317, -1
97, 251, -1
37, 246, -1
130, 303, -1
190, 79, -1
124, 143, -1
1, 310, -1
310, 251, -1
130, 330, -1
1, 319, -1
302, 158, -1
143, 3, -1
97, 143, -1
124, 246, -1
276, 142, -1
302, 5, -1
122, 303, -1
270, 327, -1
251, 85, -1
3, 212, -1
302, 270, -1
97, 246, -1
122, 330, -1
143, 124, -1
143, 142, -1
217, 37, -1
331, 22, -1
217, 284, -1
310, 246, -1
334, 222, -1
217, 302, -1
5, 284, -1
284, 212, -1
1, 143, -1
251, 44, -1
5, 302, -1
302, 0, -1
145, 44, -1
334, 87, -1
218, 284, -1
251, 327, -1
5, 158, -1
0, 327, -1
11, 327, -1
218, 122, -1
122, 334, -1
130, 284, -1
130, 302, -1
334, 190, -1
302, 130, -1
217, 41, -1
142, 276, -1
122, 190, -1
5, 270, -1
310, 79, -1
218, 5, -1
130, 158, -1
310, 97, -1
122, 284, -1
302, 251, -1
0, 304, -1
11, 304, -1
97, 218, -1
122, 302, -1
158, 85, -1
37, 222, -1
190, 37, -1
0, 331, -1
11, 331, -1
130, 270, -1
145, 142, -1
222, 87, -1
122, 158, -1
212, 79, -1
246, 319, -1
302, 143, -1
37, 334, -1
124, 222, -1
334, 41, -1
217, 130, -1
79, 327, -1
270, 303, -1
37, 190, -1
302, 246, -1
97, 222, -1
158, 327, -1
0, 317, -1
11, 317, -1
284, 85, -1
124, 334, -1
41, 327, -1
218, 130, -1
217, 22, -1
37, 302, -1
310, 222, -1
97, 334, -1
3, 327, -1
145, 11, -1
310, 87, -1
0, 276, -1
11, 276, -1
284, 44, -1
251, 303, -1
11, 303, -1
0, 303, -1
130, 251, -1
310, 190, -1
41, 331, -1
44, 327, -1
302, 97, -1
1, 276, -1
3, 304, -1
302, 124, -1
5, 246, -1
246, 327, -1
334, 22, -1
3, 331, -1
124, 212, -1
212, 334, -1
130, 143, -1
97, 212, -1
158, 79, -1
130, 246, -1
334, 143, -1
41, 317, -1
217, 3, -1
212, 37, -1
0, 145, -1
122, 143, -1
222, 319, -1
212, 302, -1
37, 310, -1
310, 41, -1
37, 319, -1
3, 317, -1
276, 85, -1
217, 97, -1
327, 130, -1
145, 1, -1
79, 303, -1
122, 246, -1
334, 44, -1
217, 124, -1
302, 222, -1
251, 284, -1
0, 284, -1
11, 284, -1
158, 303, -1
218, 79, -1
124, 310, -1
41, 303, -1
124, 319, -1
327, 251, -1
145, 122, -1
302, 87, -1
44, 317, -1
3, 276, -1
85, 327, -1
276, 44, -1
143, 334, -1
124, 330, -1
190, 284, -1
158, 97, -1
302, 217, -1
222, 334, -1
44, 276, -1
270, 130, -1
143, 327, -1
327, 246, -1
143, 284, -1
85, 212, -1
85, 276, -1
270, 41, -1
143, 302, -1
276, 130, -1
246, 22, -1
85, 251, -1
3, 145, -1
37, 330, -1
190, 334, -1
302, 212, -1
276, 41, -1
3, 218, -1
302, 276, -1
124, 218, -1
327, 22, -1
158, 284, -1
284, 97, -1
143, 304, -1
246, 79, -1
251, 130, -1
143, 87, -1
319, 246, -1
222, 130, -1
246, 97, -1
251, 41, -1
222, 41, -1
334, 276, -1
212, 97, -1
158, 334, -1
303, 270, -1
158, 41, -1
44, 330, -1
124, 304, -1
190, 130, -1
270, 22, -1
5, 276, -1
85, 330, -1
190, 41, -1
97, 304, -1
5, 251, -1
143, 331, -1
270, 79, -1
218, 41, -1
3, 217, -1
222, 310, -1
124, 217, -1
270, 97, -1
143, 303, -1
327, 158, -1
327, 222, -1
158, 130, -1
41, 304, -1
37, 331, -1
276, 97, -1
1, 304, -1
327, 142, -1
79, 251, -1
334, 212, -1
327, 270, -1
222, 22, -1
319, 37, -1
190, 310, -1
37, 251, -1
143, 317, -1
158, 22, -1
327, 190, -1
124, 331, -1
302, 145, -1
319, 85, -1
302, 218, -1
251, 97, -1
319, 158, -1
85, 284, -1
222, 97, -1
319, 222, -1
143, 310, -1
124, 251, -1
143, 319, -1
158, 317, -1
190, 22, -1
319, 5, -1
319, 270, -1
284, 41, -1
246, 130, -1
303, 246, -1
158, 310, -1
190, 317, -1
143, 330, -1
44, 251, -1
270, 87, -1
246, 87, -1
190, 97, -1
37, 212, -1
319, 190, -1
37, 276, -1
334, 218, -1
246, 41, -1
212, 130, -1
218, 97, -1
124, 145, -1
212, 41, -1
276, 1, -1
158, 122, -1
190, 1, -1
212, 1, -1
246, 122, -1
158, 302, -1
270, 122, -1
303, 85, -1
303, 158, -1
11, 145, -1
303, 222, -1
218, 1, -1
310, 145, -1
310, 212, -1
11, 218, -1
310, 276, -1
276, 122, -1
190, 122, -1
212, 122, -1
310, 218, -1
190, 302, -1
303, 5, -1
251, 1, -1
284, 1, -1
222, 1, -1
158, 1, -1
11, 217, -1
310, 217, -1
246, 1, -1
270, 1, -1
251, 122, -1
303, 190, -1
222, 122, -1
5, 212, -1
222, 302, -1
303, 37, -1

