13, 122, 1
284, 302, 1
122, 302, -1
213, 302, -1
213, 122, -1
13, 302, -1
13, 213, -1
284, 122, -1
284, 13, -1
284, 213, -1
222, 302, -1
222, 284, -1
222, 122, -1
222, 13, -1
222, 213, -1
284, 222, -1
13, 222, -1
122, 284, -1
302, 222, -1
122, 222, -1

22, 122, 1
22, 13, 1
217, 213, 1
310, 302, 1
310, 284, 1
5, 122, 1
5, 13, 1
5, 22, 1
122, 5, 1
122, 22, 1
302, 284, 1
13, 122, 1
13, 22, 1
122, 13, 1
13, 5, 1
284, 310, 1
302, 310, 1
284, 302, 1
22, 302, -1
22, 284, -1
22, 213, -1
22, 222, -1
217, 302, -1
217, 284, -1
217, 122, -1
217, 13, -1
217, 22, -1
217, 222, -1
310, 122, -1
310, 13, -1
310, 22, -1
310, 213, -1
310, 217, -1
310, 222, -1
5, 302, -1
5, 284, -1
5, 310, -1
5, 213, -1
5, 217, -1
5, 222, -1
284, 222, -1
13, 213, -1
213, 302, -1
13, 222, -1
213, 122, -1
122, 284, -1
302, 13, -1
284, 5, -1
122, 302, -1
13, 310, -1
302, 22, -1
302, 217, -1
213, 222, -1
213, 5, -1
122, 213, -1
302, 122, -1
122, 222, -1
213, 310, -1
284, 13, -1
284, 22, -1
122, 310, -1
217, 5, -1
302, 213, -1
302, 222, -1
222, 22, -1
217, 310, -1
13, 284, -1
213, 13, -1
302, 5, -1
213, 22, -1
13, 302, -1
284, 213, -1
222, 310, -1
222, 302, -1
310, 5, -1

3, 122, 1
3, 13, 1
3, 22, 1
3, 5, 1
319, 302, 1
319, 284, 1
319, 310, 1
189, 213, 1
189, 217, 1
122, 5, 1
122, 22, 1
284, 302, 1
302, 310, 1
213, 217, 1
13, 22, 1
284, 310, 1
122, 13, 1
5, 22, 1
13, 5, 1
284, 319, 1
310, 284, 1
310, 319, 1
217, 189, 1
302, 319, 1
213, 189, 1
5, 13, 1
13, 122, 1
5, 122, 1
5, 3, 1
122, 3, 1
13, 3, 1
217, 213, 1
310, 302, 1
302, 284, 1
3, 302, -1
3, 284, -1
3, 310, -1
3, 213, -1
3, 217, -1
3, 222, -1
257, 302, -1
257, 284, -1
257, 310, -1
257, 122, -1
257, 13, -1
257, 22, -1
257, 5, -1
257, 3, -1
257, 213, -1
257, 217, -1
257, 222, -1
319, 122, -1
319, 13, -1
319, 22, -1
319, 5, -1
319, 3, -1
319, 213, -1
319, 217, -1
319, 222, -1
319, 257, -1
189, 302, -1
189, 284, -1
189, 310, -1
189, 319, -1
189, 122, -1
189, 13, -1
189, 22, -1
189, 5, -1
189, 3, -1
189, 222, -1
189, 257, -1
284, 222, -1
217, 13, -1
13, 213, -1
217, 22, -1
213, 3, -1
213, 302, -1
13, 222, -1
213, 122, -1
310, 222, -1
22, 319, -1
122, 284, -1
284, 5, -1
122, 302, -1
217, 284, -1
13, 310, -1
302, 22, -1
122, 189, -1
13, 319, -1
217, 122, -1
217, 302, -1
213, 222, -1
217, 3, -1
257, 319, -1
5, 302, -1
122, 213, -1
3, 189, -1
213, 5, -1
122, 222, -1
5, 189, -1
213, 310, -1
213, 319, -1
217, 222, -1
284, 13, -1
284, 22, -1
5, 213, -1
122, 310, -1
217, 5, -1
5, 222, -1
122, 319, -1
222, 22, -1
302, 222, -1
310, 22, -1
217, 310, -1
217, 319, -1
3, 319, -1
5, 310, -1
213, 13, -1
213, 257, -1
284, 189, -1
213, 22, -1
5, 319, -1
13, 302, -1
13, 189, -1
257, 189, -1
284, 213, -1
213, 284, -1
310, 213, -1
5, 284, -1
222, 319, -1
310, 13, -1
310, 257, -1
310, 122, -1
222, 302, -1
310, 3, -1
310, 189, -1
22, 189, -1
310, 217, -1
310, 5, -1
13, 284, -1
302, 217, -1
302, 5, -1
302, 213, -1
302, 13, -1
302, 257, -1
302, 122, -1
302, 3, -1
302, 189, -1
222, 310, -1

331, 302, 1
331, 284, 1
331, 310, 1
331, 319, 1
53, 122, 1
53, 13, 1
53, 22, 1
53, 5, 1
53, 3, 1
284, 319, 1
310, 319, 1
302, 310, 1
284, 302, 1
302, 319, 1
5, 13, 1
13, 3, 1
13, 122, 1
5, 122, 1
13, 22, 1
284, 310, 1
3, 22, 1
5, 3, 1
122, 3, 1
5, 22, 1
122, 22, 1
13, 53, 1
3, 53, 1
310, 284, 1
122, 5, 1
122, 53, 1
310, 302, 1
310, 331, 1
3, 13, 1
122, 13, 1
13, 5, 1
3, 5, 1
302, 284, 1
302, 331, 1
5, 53, 1
262, 302, -1
262, 284, -1
262, 310, -1
262, 319, -1
262, 122, -1
262, 13, -1
262, 22, -1
262, 5, -1
262, 3, -1
262, 213, -1
262, 217, -1
262, 189, -1
262, 222, -1
262, 257, -1
331, 122, -1
331, 13, -1
331, 22, -1
331, 5, -1
331, 3, -1
331, 213, -1
331, 217, -1
331, 189, -1
331, 222, -1
331, 257, -1
331, 262, -1
53, 302, -1
53, 284, -1
53, 310, -1
53, 319, -1
53, 331, -1
53, 213, -1
53, 217, -1
53, 189, -1
53, 222, -1
53, 257, -1
53, 262, -1
213, 3, -1
213, 122, -1
217, 284, -1
217, 302, -1
5, 284, -1
5, 302, -1
213, 5, -1
284, 13, -1
284, 22, -1
5, 222, -1
310, 22, -1
13, 284, -1
284, 262, -1
213, 302, -1
13, 222, -1
122, 284, -1
122, 302, -1
3, 284, -1
189, 310, -1
257, 310, -1
189, 319, -1
257, 319, -1
122, 222, -1
302, 262, -1
3, 222, -1
257, 13, -1
257, 22, -1
13, 302, -1
5, 331, -1
284, 213, -1
331, 53, -1
284, 222, -1
217, 13, -1
217, 22, -1
310, 222, -1
284, 5, -1
302, 22, -1
13, 331, -1
3, 302, -1
284, 53, -1
5, 189, -1
5, 262, -1
222, 22, -1
217, 310, -1
122, 331, -1
217, 319, -1
22, 189, -1
5, 310, -1
213, 13, -1
257, 284, -1
5, 319, -1
213, 22, -1
3, 331, -1
189, 302, -1
13, 189, -1
257, 3, -1
257, 122, -1
13, 262, -1
22, 319, -1
13, 310, -1
122, 189, -1
257, 5, -1
13, 319, -1
217, 122, -1
217, 3, -1
222, 319, -1
122, 262, -1
3, 189, -1
213, 310, -1
3, 262, -1
213, 319, -1
122, 310, -1
217, 5, -1
122, 319, -1
302, 222, -1
3, 310, -1
3, 319, -1
284, 189, -1
257, 302, -1
310, 262, -1
13, 213, -1
310, 213, -1
310, 5, -1
257, 331, -1
122, 213, -1
310, 53, -1
257, 53, -1
3, 213, -1
310, 13, -1
5, 213, -1
310, 257, -1
319, 22, -1
189, 22, -1
310, 217, -1
217, 331, -1
310, 122, -1
222, 302, -1
217, 53, -1
310, 3, -1
310, 189, -1
319, 262, -1
302, 53, -1
302, 217, -1
302, 5, -1
302, 213, -1
302, 13, -1
302, 257, -1
213, 53, -1
302, 122, -1
302, 3, -1
302, 189, -1
222, 310, -1

288, 302, 1
288, 284, 1
288, 310, 1
288, 319, 1
288, 331, 1
62, 122, 1
62, 13, 1
62, 22, 1
62, 5, 1
62, 3, 1
62, 53, 1
246, 257, 1
38, 122, 1
38, 13, 1
38, 22, 1
38, 5, 1
38, 3, 1
38, 53, 1
38, 62, 1
97, 122, 1
97, 13, 1
97, 22, 1
97, 5, 1
97, 3, 1
97, 53, 1
97, 62, 1
97, 38, 1
132, 122, 1
132, 13, 1
132, 22, 1
132, 5, 1
132, 3, 1
132, 53, 1
132, 62, 1
132, 38, 1
132, 97, 1
3, 53, 1
5, 53, 1
3, 62, 1
3, 132, 1
5, 62, 1
3, 13, 1
62, 38, 1
284, 310, 1
3, 22, 1
53, 38, 1
122, 3, 1
5, 22, 1
13, 5, 1
284, 319, 1
331, 284, 1
38, 132, 1
310, 319, 1
62, 132, 1
53, 62, 1
331, 302, 1
97, 132, 1
13, 38, 1
53, 22, 1
13, 53, 1
122, 5, 1
13, 62, 1
13, 22, 1
122, 38, 1
331, 310, 1
3, 5, 1
38, 97, 1
331, 319, 1
62, 97, 1
302, 310, 1
284, 302, 1
122, 53, 1
302, 319, 1
122, 62, 1
3, 38, 1
122, 13, 1
122, 132, 1
5, 38, 1
122, 22, 1
53, 5, 1
310, 284, 1
53, 13, 1
53, 132, 1
5, 13, 1
5, 132, 1
310, 302, 1
310, 331, 1
53, 3, 1
5, 3, 1
310, 288, 1
302, 288, 1
13, 132, 1
302, 284, 1
53, 122, 1
13, 3, 1
13, 122, 1
5, 122, 1
302, 331, 1
288, 122, -1
288, 13, -1
288, 22, -1
288, 5, -1
288, 3, -1
288, 53, -1
288, 213, -1
288, 217, -1
288, 189, -1
288, 222, -1
288, 257, -1
288, 262, -1
62, 302, -1
62, 284, -1
62, 310, -1
62, 319, -1
62, 331, -1
62, 288, -1
62, 213, -1
62, 217, -1
62, 189, -1
62, 222, -1
62, 257, -1
62, 262, -1
246, 302, -1
246, 284, -1
246, 310, -1
246, 319, -1
246, 331, -1
246, 288, -1
246, 122, -1
246, 13, -1
246, 22, -1
246, 5, -1
246, 3, -1
246, 53, -1
246, 62, -1
246, 213, -1
246, 217, -1
246, 189, -1
246, 222, -1
246, 262, -1
38, 302, -1
38, 284, -1
38, 310, -1
38, 319, -1
38, 331, -1
38, 288, -1
38, 213, -1
38, 217, -1
38, 189, -1
38, 222, -1
38, 257, -1
38, 246, -1
38, 262, -1
97, 302, -1
97, 284, -1
97, 310, -1
97, 319, -1
97, 331, -1
97, 288, -1
97, 213, -1
97, 217, -1
97, 189, -1
97, 222, -1
97, 257, -1
97, 246, -1
97, 262, -1
132, 302, -1
132, 284, -1
132, 310, -1
132, 319, -1
132, 331, -1
132, 288, -1
132, 213, -1
132, 217, -1
132, 189, -1
132, 222, -1
132, 257, -1
132, 246, -1
132, 262, -1
302, 62, -1
284, 246, -1
331, 22, -1
288, 97, -1
217, 284, -1
310, 246, -1
217, 302, -1
5, 284, -1
284, 38, -1
189, 38, -1
5, 302, -1
257, 331, -1
310, 38, -1
284, 13, -1
284, 22, -1
5, 213, -1
310, 257, -1
257, 132, -1
5, 222, -1
189, 22, -1
13, 257, -1
310, 22, -1
213, 62, -1
13, 284, -1
310, 122, -1
284, 262, -1
257, 189, -1
257, 262, -1
13, 213, -1
213, 302, -1
13, 222, -1
310, 97, -1
122, 284, -1
302, 13, -1
302, 132, -1
3, 257, -1
122, 302, -1
3, 284, -1
189, 310, -1
257, 310, -1
189, 319, -1
257, 319, -1
331, 3, -1
122, 213, -1
122, 222, -1
257, 38, -1
302, 262, -1
331, 213, -1
3, 213, -1
331, 222, -1
3, 222, -1
257, 13, -1
53, 189, -1
288, 62, -1
257, 22, -1
331, 5, -1
53, 262, -1
302, 246, -1
217, 331, -1
217, 38, -1
13, 302, -1
310, 3, -1
284, 213, -1
302, 38, -1
284, 222, -1
331, 53, -1
217, 13, -1
53, 310, -1
53, 246, -1
331, 62, -1
217, 22, -1
217, 132, -1
53, 319, -1
122, 217, -1
310, 222, -1
257, 97, -1
284, 5, -1
302, 257, -1
3, 217, -1
302, 22, -1
310, 5, -1
53, 257, -1
222, 38, -1
3, 302, -1
302, 122, -1
284, 53, -1
5, 189, -1
284, 62, -1
5, 262, -1
310, 53, -1
189, 62, -1
310, 62, -1
213, 38, -1
262, 22, -1
302, 97, -1
222, 22, -1
217, 310, -1
122, 331, -1
217, 319, -1
5, 246, -1
22, 262, -1
5, 310, -1
257, 284, -1
5, 319, -1
213, 22, -1
3, 331, -1
189, 302, -1
13, 189, -1
257, 3, -1
257, 122, -1
13, 262, -1
62, 246, -1
302, 53, -1
217, 257, -1
22, 246, -1
331, 13, -1
331, 132, -1
257, 213, -1
22, 319, -1
257, 222, -1
5, 257, -1
13, 246, -1
13, 310, -1
262, 319, -1
122, 189, -1
257, 5, -1
13, 319, -1
217, 122, -1
217, 3, -1
222, 319, -1
122, 262, -1
288, 246, -1
331, 189, -1
3, 189, -1
331, 262, -1
213, 310, -1
302, 3, -1
3, 262, -1
213, 319, -1
217, 97, -1
288, 38, -1
257, 53, -1
53, 284, -1
122, 246, -1
310, 13, -1
310, 132, -1
122, 310, -1
217, 5, -1
257, 62, -1
53, 302, -1
122, 319, -1
302, 222, -1
331, 246, -1
3, 246, -1
3, 310, -1
288, 132, -1
3, 319, -1
302, 5, -1
284, 189, -1
53, 213, -1
53, 222, -1
217, 53, -1
331, 38, -1
217, 62, -1
257, 302, -1
122, 257, -1
310, 262, -1
310, 213, -1
213, 3, -1
213, 122, -1
262, 246, -1
53, 331, -1
319, 246, -1
222, 246, -1
189, 246, -1
213, 97, -1
331, 122, -1
213, 5, -1
213, 246, -1
222, 62, -1
319, 22, -1
217, 246, -1
213, 53, -1
22, 189, -1
310, 217, -1
213, 13, -1
213, 132, -1
222, 302, -1
5, 331, -1
310, 189, -1
319, 262, -1
3, 288, -1
302, 217, -1
13, 331, -1
302, 213, -1
302, 189, -1
222, 310, -1

299, 302, 1
299, 284, 1
299, 310, 1
299, 319, 1
299, 331, 1
299, 288, 1
17, 122, 1
17, 13, 1
17, 22, 1
17, 5, 1
17, 3, 1
17, 53, 1
17, 62, 1
17, 38, 1
17, 97, 1
17, 132, 1
41, 122, 1
41, 13, 1
41, 22, 1
41, 5, 1
41, 3, 1
41, 53, 1
41, 62, 1
41, 38, 1
41, 97, 1
41, 132, 1
41, 17, 1
129, 122, 1
129, 13, 1
129, 22, 1
129, 5, 1
129, 3, 1
129, 53, 1
129, 62, 1
129, 38, 1
129, 97, 1
129, 132, 1
129, 17, 1
129, 41, 1
332, 302, 1
332, 284, 1
332, 310, 1
332, 319, 1
332, 331, 1
332, 288, 1
332, 299, 1
130, 122, 1
130, 13, 1
130, 22, 1
130, 5, 1
130, 3, 1
130, 53, 1
130, 62, 1
130, 38, 1
130, 97, 1
130, 132, 1
130, 17, 1
130, 41, 1
130, 129, 1
329, 302, 1
329, 284, 1
329, 310, 1
329, 319, 1
329, 331, 1
329, 288, 1
329, 299, 1
329, 332, 1
52, 122, 1
52, 13, 1
52, 22, 1
52, 5, 1
52, 3, 1
52, 53, 1
52, 62, 1
52, 38, 1
52, 97, 1
52, 132, 1
52, 17, 1
52, 41, 1
52, 129, 1
52, 130, 1
305, 302, 1
305, 284, 1
305, 310, 1
305, 319, 1
305, 331, 1
305, 288, 1
305, 299, 1
305, 332, 1
305, 329, 1
97, 17, 1
62, 17, 1
13, 97, 1
3, 13, 1
284, 310, 1
3, 22, 1
122, 3, 1
132, 5, 1
97, 38, 1
310, 319, 1
13, 17, 1
53, 62, 1
132, 41, 1
122, 97, 1
288, 319, 1
132, 62, 1
122, 5, 1
129, 130, 1
3, 97, 1
97, 3, 1
97, 122, 1
3, 17, 1
122, 53, 1
122, 62, 1
288, 284, 1
5, 53, 1
288, 305, 1
5, 62, 1
129, 52, 1
38, 41, 1
288, 332, 1
13, 5, 1
53, 41, 1
132, 130, 1
97, 53, 1
284, 319, 1
331, 284, 1
329, 305, 1
331, 302, 1
17, 130, 1
13, 53, 1
331, 332, 1
13, 62, 1
132, 13, 1
132, 22, 1
17, 41, 1
3, 5, 1
122, 41, 1
132, 52, 1
302, 310, 1
302, 319, 1
5, 41, 1
3, 53, 1
17, 52, 1
97, 5, 1
288, 302, 1
299, 332, 1
3, 62, 1
122, 52, 1
288, 329, 1
97, 41, 1
62, 41, 1
53, 38, 1
22, 41, 1
97, 62, 1
38, 22, 1
132, 38, 1
13, 41, 1
53, 22, 1
41, 130, 1
122, 38, 1
130, 52, 1
38, 97, 1
132, 3, 1
284, 302, 1
132, 122, 1
53, 97, 1
122, 13, 1
122, 132, 1
3, 41, 1
5, 38, 1
122, 22, 1
38, 17, 1
288, 299, 1
97, 130, 1
132, 97, 1
41, 52, 1
53, 17, 1
3, 132, 1
62, 38, 1
5, 22, 1
132, 17, 1
3, 52, 1
331, 299, 1
97, 132, 1
97, 13, 1
288, 310, 1
13, 38, 1
62, 22, 1
97, 22, 1
132, 53, 1
288, 331, 1
97, 52, 1
5, 97, 1
122, 17, 1
13, 22, 1
331, 310, 1
331, 319, 1
62, 97, 1
5, 17, 1
3, 38, 1
53, 5, 1
53, 130, 1
310, 329, 1
310, 332, 1
22, 130, 1
22, 17, 1
5, 13, 1
5, 132, 1
38, 53, 1
13, 130, 1
38, 62, 1
38, 132, 1
38, 129, 1
62, 13, 1
38, 13, 1
97, 129, 1
53, 13, 1
5, 52, 1
331, 305, 1
53, 132, 1
310, 331, 1
5, 3, 1
302, 305, 1
38, 52, 1
62, 52, 1
38, 3, 1
53, 52, 1
122, 130, 1
38, 122, 1
302, 332, 1
53, 3, 1
3, 130, 1
310, 284, 1
5, 130, 1
284, 305, 1
41, 129, 1
17, 129, 1
13, 52, 1
319, 305, 1
310, 302, 1
310, 299, 1
310, 305, 1
299, 305, 1
332, 305, 1
122, 129, 1
13, 122, 1
38, 5, 1
22, 97, 1
38, 130, 1
284, 332, 1
62, 130, 1
62, 53, 1
302, 288, 1
319, 332, 1
62, 129, 1
13, 132, 1
62, 132, 1
302, 329, 1
302, 284, 1
62, 122, 1
53, 122, 1
13, 3, 1
5, 122, 1
62, 3, 1
3, 122, 1
302, 331, 1
302, 299, 1
62, 5, 1
299, 122, -1
299, 13, -1
299, 22, -1
299, 5, -1
299, 3, -1
299, 53, -1
299, 62, -1
299, 38, -1
299, 97, -1
299, 132, -1
299, 213, -1
299, 217, -1
299, 189, -1
299, 222, -1
299, 257, -1
299, 246, -1
299, 262, -1
17, 302, -1
17, 284, -1
17, 310, -1
17, 319, -1
17, 331, -1
17, 288, -1
17, 299, -1
17, 213, -1
17, 217, -1
17, 189, -1
17, 222, -1
17, 257, -1
17, 246, -1
17, 262, -1
41, 302, -1
41, 284, -1
41, 310, -1
41, 319, -1
41, 331, -1
41, 288, -1
41, 299, -1
41, 213, -1
41, 217, -1
41, 189, -1
41, 222, -1
41, 257, -1
41, 246, -1
41, 262, -1
129, 302, -1
129, 284, -1
129, 310, -1
129, 319, -1
129, 331, -1
129, 288, -1
129, 299, -1
129, 213, -1
129, 217, -1
129, 189, -1
129, 222, -1
129, 257, -1
129, 246, -1
129, 262, -1
332, 122, -1
332, 13, -1
332, 22, -1
332, 5, -1
332, 3, -1
332, 53, -1
332, 62, -1
332, 38, -1
332, 97, -1
332, 132, -1
332, 17, -1
332, 41, -1
332, 129, -1
332, 213, -1
332, 217, -1
332, 189, -1
332, 222, -1
332, 257, -1
332, 246, -1
332, 262, -1
130, 302, -1
130, 284, -1
130, 310, -1
130, 319, -1
130, 331, -1
130, 288, -1
130, 299, -1
130, 332, -1
130, 213, -1
130, 217, -1
130, 189, -1
130, 222, -1
130, 257, -1
130, 246, -1
130, 262, -1
329, 122, -1
329, 13, -1
329, 22, -1
329, 5, -1
329, 3, -1
329, 53, -1
329, 62, -1
329, 38, -1
329, 97, -1
329, 132, -1
329, 17, -1
329, 41, -1
329, 129, -1
329, 130, -1
329, 213, -1
329, 217, -1
329, 189, -1
329, 222, -1
329, 257, -1
329, 246, -1
329, 262, -1
52, 302, -1
52, 284, -1
52, 310, -1
52, 319, -1
52, 331, -1
52, 288, -1
52, 299, -1
52, 332, -1
52, 329, -1
52, 213, -1
52, 217, -1
52, 189, -1
52, 222, -1
52, 257, -1
52, 246, -1
52, 262, -1
305, 122, -1
305, 13, -1
305, 22, -1
305, 5, -1
305, 3, -1
305, 53, -1
305, 62, -1
305, 38, -1
305, 97, -1
305, 132, -1
305, 17, -1
305, 41, -1
305, 129, -1
305, 130, -1
305, 52, -1
305, 213, -1
305, 217, -1
305, 189, -1
305, 222, -1
305, 257, -1
305, 246, -1
305, 262, -1
97, 246, -1
132, 213, -1
132, 332, -1
97, 310, -1
132, 222, -1
97, 319, -1
331, 257, -1
302, 62, -1
41, 305, -1
284, 246, -1
331, 22, -1
288, 262, -1
217, 284, -1
288, 97, -1
310, 246, -1
17, 332, -1
329, 52, -1
217, 302, -1
257, 130, -1
5, 284, -1
284, 38, -1
331, 122, -1
122, 332, -1
189, 38, -1
5, 302, -1
257, 331, -1
97, 257, -1
310, 38, -1
319, 41, -1
3, 305, -1
288, 17, -1
257, 41, -1
284, 13, -1
331, 97, -1
284, 22, -1
5, 213, -1
62, 302, -1
38, 302, -1
257, 132, -1
5, 222, -1
310, 257, -1
13, 257, -1
189, 22, -1
5, 332, -1
97, 305, -1
310, 22, -1
132, 217, -1
213, 62, -1
288, 129, -1
13, 284, -1
288, 257, -1
132, 299, -1
331, 17, -1
62, 332, -1
62, 222, -1
217, 41, -1
246, 22, -1
257, 52, -1
22, 332, -1
257, 299, -1
284, 262, -1
284, 97, -1
302, 41, -1
13, 213, -1
288, 122, -1
288, 3, -1
13, 332, -1
213, 302, -1
13, 222, -1
310, 97, -1
122, 284, -1
3, 257, -1
288, 213, -1
122, 302, -1
284, 17, -1
217, 299, -1
332, 130, -1
3, 284, -1
189, 310, -1
257, 310, -1
299, 17, -1
189, 319, -1
257, 319, -1
41, 332, -1
132, 331, -1
310, 17, -1
262, 41, -1
288, 5, -1
331, 3, -1
122, 213, -1
222, 41, -1
122, 222, -1
257, 38, -1
246, 319, -1
302, 262, -1
331, 213, -1
3, 213, -1
97, 284, -1
3, 332, -1
331, 222, -1
284, 257, -1
3, 222, -1
213, 41, -1
97, 302, -1
288, 53, -1
38, 262, -1
257, 13, -1
53, 189, -1
288, 62, -1
217, 130, -1
257, 22, -1
331, 5, -1
53, 262, -1
302, 246, -1
217, 331, -1
217, 38, -1
97, 213, -1
97, 332, -1
332, 52, -1
97, 222, -1
132, 189, -1
13, 302, -1
38, 246, -1
257, 305, -1
38, 310, -1
3, 288, -1
132, 262, -1
284, 213, -1
38, 319, -1
302, 38, -1
284, 222, -1
331, 53, -1
217, 13, -1
53, 310, -1
53, 246, -1
331, 62, -1
217, 22, -1
217, 132, -1
53, 319, -1
122, 217, -1
310, 222, -1
257, 97, -1
284, 5, -1
129, 305, -1
302, 257, -1
122, 299, -1
132, 246, -1
331, 217, -1
132, 310, -1
3, 217, -1
302, 22, -1
217, 52, -1
132, 319, -1
288, 222, -1
129, 332, -1
257, 17, -1
53, 257, -1
288, 130, -1
3, 302, -1
284, 53, -1
5, 189, -1
284, 62, -1
97, 217, -1
5, 262, -1
189, 62, -1
3, 329, -1
310, 62, -1
213, 38, -1
288, 41, -1
262, 22, -1
132, 257, -1
97, 299, -1
302, 97, -1
257, 129, -1
222, 22, -1
217, 310, -1
217, 17, -1
62, 262, -1
122, 331, -1
217, 319, -1
331, 130, -1
5, 246, -1
5, 310, -1
257, 284, -1
5, 319, -1
213, 22, -1
132, 305, -1
3, 331, -1
302, 17, -1
189, 302, -1
13, 189, -1
288, 217, -1
331, 41, -1
257, 122, -1
257, 3, -1
288, 52, -1
13, 262, -1
62, 246, -1
62, 310, -1
217, 129, -1
62, 319, -1
288, 189, -1
331, 13, -1
331, 132, -1
257, 332, -1
22, 319, -1
17, 305, -1
97, 331, -1
5, 257, -1
13, 246, -1
13, 310, -1
262, 319, -1
122, 189, -1
299, 130, -1
13, 319, -1
217, 122, -1
257, 5, -1
217, 3, -1
331, 52, -1
217, 305, -1
222, 319, -1
122, 262, -1
62, 257, -1
38, 257, -1
288, 246, -1
284, 41, -1
3, 299, -1
331, 189, -1
3, 189, -1
189, 41, -1
217, 332, -1
299, 41, -1
331, 262, -1
213, 310, -1
3, 262, -1
310, 41, -1
213, 319, -1
217, 97, -1
288, 38, -1
257, 53, -1
53, 284, -1
122, 246, -1
257, 62, -1
122, 310, -1
217, 5, -1
246, 41, -1
53, 302, -1
122, 319, -1
302, 222, -1
97, 189, -1
331, 246, -1
3, 246, -1
284, 52, -1
132, 284, -1
3, 310, -1
97, 262, -1
288, 13, -1
288, 132, -1
38, 222, -1
3, 319, -1
38, 332, -1
288, 22, -1
132, 302, -1
299, 52, -1
284, 189, -1
53, 213, -1
53, 332, -1
53, 222, -1
217, 53, -1
331, 38, -1
217, 62, -1
257, 302, -1
122, 257, -1
310, 262, -1
222, 332, -1
213, 3, -1
213, 122, -1
52, 305, -1
38, 288, -1
213, 332, -1
122, 305, -1
189, 130, -1
213, 97, -1
213, 5, -1
38, 217, -1
62, 284, -1
222, 62, -1
310, 129, -1
213, 53, -1
38, 329, -1
62, 213, -1
302, 130, -1
310, 122, -1
222, 302, -1
319, 262, -1
189, 97, -1
38, 331, -1
53, 331, -1
302, 13, -1
302, 132, -1
262, 130, -1
62, 288, -1
319, 246, -1
222, 130, -1
246, 97, -1
189, 17, -1
302, 52, -1
62, 217, -1
246, 17, -1
38, 299, -1
38, 189, -1
299, 129, -1
319, 22, -1
53, 299, -1
62, 329, -1
5, 331, -1
310, 3, -1
189, 332, -1
310, 213, -1
62, 331, -1
302, 129, -1
246, 332, -1
310, 5, -1
302, 122, -1
5, 299, -1
213, 130, -1
310, 53, -1
38, 305, -1
62, 299, -1
62, 189, -1
53, 305, -1
22, 189, -1
310, 217, -1
22, 262, -1
213, 13, -1
213, 132, -1
262, 97, -1
302, 53, -1
213, 52, -1
22, 246, -1
222, 97, -1
284, 130, -1
262, 17, -1
310, 130, -1
222, 17, -1
246, 130, -1
5, 305, -1
213, 17, -1
38, 284, -1
302, 3, -1
310, 13, -1
310, 132, -1
62, 305, -1
22, 305, -1
38, 213, -1
213, 129, -1
302, 5, -1
130, 305, -1
310, 52, -1
13, 305, -1
310, 189, -1
262, 332, -1
302, 217, -1
262, 122, -1
284, 122, -1
246, 122, -1
13, 331, -1
13, 299, -1
302, 213, -1
189, 122, -1
222, 122, -1
222, 38, -1
302, 189, -1
222, 310, -1

218, 213, 1
218, 217, 1
218, 189, 1
91, 122, 1
91, 13, 1
91, 22, 1
91, 5, 1
91, 3, 1
91, 53, 1
91, 62, 1
91, 38, 1
91, 97, 1
91, 132, 1
91, 17, 1
91, 41, 1
91, 129, 1
91, 130, 1
91, 52, 1
34, 122, 1
34, 13, 1
34, 22, 1
34, 5, 1
34, 3, 1
34, 53, 1
34, 62, 1
34, 38, 1
34, 97, 1
34, 132, 1
34, 17, 1
34, 41, 1
34, 129, 1
34, 130, 1
34, 52, 1
34, 91, 1
73, 122, 1
73, 13, 1
73, 22, 1
73, 5, 1
73, 3, 1
73, 53, 1
73, 62, 1
73, 38, 1
73, 97, 1
73, 132, 1
73, 17, 1
73, 41, 1
73, 129, 1
73, 130, 1
73, 52, 1
73, 91, 1
73, 34, 1
117, 122, 1
117, 13, 1
117, 22, 1
117, 5, 1
117, 3, 1
117, 53, 1
117, 62, 1
117, 38, 1
117, 97, 1
117, 132, 1
117, 17, 1
117, 41, 1
117, 129, 1
117, 130, 1
117, 52, 1
117, 91, 1
117, 34, 1
117, 73, 1
88, 122, 1
88, 13, 1
88, 22, 1
88, 5, 1
88, 3, 1
88, 53, 1
88, 62, 1
88, 38, 1
88, 97, 1
88, 132, 1
88, 17, 1
88, 41, 1
88, 129, 1
88, 130, 1
88, 52, 1
88, 91, 1
88, 34, 1
88, 73, 1
88, 117, 1
67, 122, 1
67, 13, 1
67, 22, 1
67, 5, 1
67, 3, 1
67, 53, 1
67, 62, 1
67, 38, 1
67, 97, 1
67, 132, 1
67, 17, 1
67, 41, 1
67, 129, 1
67, 130, 1
67, 52, 1
67, 91, 1
67, 34, 1
67, 73, 1
67, 117, 1
67, 88, 1
97, 17, 1
62, 17, 1
13, 97, 1
41, 122, 1
17, 122, 1
17, 3, 1
17, 67, 1
3, 13, 1
3, 22, 1
97, 38, 1
132, 5, 1
122, 3, 1
122, 67, 1
73, 117, 1
91, 34, 1
129, 91, 1
13, 17, 1
41, 97, 1
53, 62, 1
97, 129, 1
132, 41, 1
130, 53, 1
34, 67, 1
130, 117, 1
122, 97, 1
17, 5, 1
5, 3, 1
5, 67, 1
217, 213, 1
132, 62, 1
122, 5, 1
129, 130, 1
41, 17, 1
3, 97, 1
97, 3, 1
97, 122, 1
97, 67, 1
73, 67, 1
17, 53, 1
52, 117, 1
17, 117, 1
17, 62, 1
53, 91, 1
3, 17, 1
122, 53, 1
130, 3, 1
122, 117, 1
122, 62, 1
129, 13, 1
129, 132, 1
130, 67, 1
13, 3, 1
129, 22, 1
13, 122, 1
13, 67, 1
38, 130, 1
34, 117, 1
53, 130, 1
5, 53, 1
5, 117, 1
5, 62, 1
129, 52, 1
3, 129, 1
38, 41, 1
41, 3, 1
130, 5, 1
41, 67, 1
13, 5, 1
132, 130, 1
53, 41, 1
97, 53, 1
97, 117, 1
53, 132, 1
3, 122, 1
3, 67, 1
17, 130, 1
41, 5, 1
52, 5, 1
13, 53, 1
130, 62, 1
13, 117, 1
129, 17, 1
13, 62, 1
132, 13, 1
132, 22, 1
53, 52, 1
17, 41, 1
129, 38, 1
3, 5, 1
122, 41, 1
41, 53, 1
52, 53, 1
17, 132, 1
132, 52, 1
41, 62, 1
52, 62, 1
41, 117, 1
5, 130, 1
88, 67, 1
130, 91, 1
17, 34, 1
62, 130, 1
5, 41, 1
97, 5, 1
3, 53, 1
17, 52, 1
3, 117, 1
3, 62, 1
22, 130, 1
122, 52, 1
129, 122, 1
129, 3, 1
129, 67, 1
5, 13, 1
5, 132, 1
97, 41, 1
62, 41, 1
53, 38, 1
13, 130, 1
22, 41, 1
17, 91, 1
217, 189, 1
97, 62, 1
129, 97, 1
38, 22, 1
122, 91, 1
5, 52, 1
132, 38, 1
91, 67, 1
3, 73, 1
13, 41, 1
53, 22, 1
129, 5, 1
97, 34, 1
41, 130, 1
130, 13, 1
130, 132, 1
13, 132, 1
122, 130, 1
5, 91, 1
17, 38, 1
122, 38, 1
129, 53, 1
3, 130, 1
129, 117, 1
130, 52, 1
129, 62, 1
38, 97, 1
97, 91, 1
13, 52, 1
41, 13, 1
17, 13, 1
52, 13, 1
41, 132, 1
53, 97, 1
17, 22, 1
122, 13, 1
122, 132, 1
3, 41, 1
5, 38, 1
122, 22, 1
41, 34, 1
38, 17, 1
91, 117, 1
97, 130, 1
13, 91, 1
41, 52, 1
53, 17, 1
3, 132, 1
213, 189, 1
62, 38, 1
5, 22, 1
3, 34, 1
53, 117, 1
17, 97, 1
132, 17, 1
41, 91, 1
3, 52, 1
130, 38, 1
97, 13, 1
97, 132, 1
5, 122, 1
13, 38, 1
62, 22, 1
97, 22, 1
132, 53, 1
132, 117, 1
3, 91, 1
130, 22, 1
97, 52, 1
122, 17, 1
5, 97, 1
13, 22, 1
41, 38, 1
52, 38, 1
129, 41, 1
53, 67, 1
130, 122, 1
62, 97, 1
17, 129, 1
41, 129, 1
5, 17, 1
3, 38, 1
41, 22, 1
52, 22, 1
129, 34, 1
130, 97, 1
53, 5, 1
122, 34, 1
132, 97, 1
52, 122, 1
22, 17, 1
38, 53, 1
38, 117, 1
130, 17, 1
38, 62, 1
38, 132, 1
5, 34, 1
38, 129, 1
62, 13, 1
52, 97, 1
130, 41, 1
38, 13, 1
53, 13, 1
38, 34, 1
130, 129, 1
52, 130, 1
38, 52, 1
62, 52, 1
52, 17, 1
62, 122, 1
38, 122, 1
38, 3, 1
38, 67, 1
130, 34, 1
38, 73, 1
53, 122, 1
117, 67, 1
132, 34, 1
22, 122, 1
53, 3, 1
52, 41, 1
38, 88, 1
13, 34, 1
38, 91, 1
217, 218, 1
132, 3, 1
132, 122, 1
22, 97, 1
122, 129, 1
38, 5, 1
52, 34, 1
62, 53, 1
62, 88, 1
62, 117, 1
62, 129, 1
62, 132, 1
62, 3, 1
62, 67, 1
62, 73, 1
62, 5, 1
62, 34, 1
62, 91, 1
218, 302, -1
218, 284, -1
218, 310, -1
218, 319, -1
218, 331, -1
218, 288, -1
218, 299, -1
218, 332, -1
218, 329, -1
218, 305, -1
218, 122, -1
218, 13, -1
218, 22, -1
218, 5, -1
218, 3, -1
218, 53, -1
218, 62, -1
218, 38, -1
218, 97, -1
218, 132, -1
218, 17, -1
218, 41, -1
218, 129, -1
218, 130, -1
218, 52, -1
218, 222, -1
218, 257, -1
218, 246, -1
218, 262, -1
91, 302, -1
91, 284, -1
91, 310, -1
91, 319, -1
91, 331, -1
91, 288, -1
91, 299, -1
91, 332, -1
91, 329, -1
91, 305, -1
91, 213, -1
91, 217, -1
91, 189, -1
91, 218, -1
91, 222, -1
91, 257, -1
91, 246, -1
91, 262, -1
34, 302, -1
34, 284, -1
34, 310, -1
34, 319, -1
34, 331, -1
34, 288, -1
34, 299, -1
34, 332, -1
34, 329, -1
34, 305, -1
34, 213, -1
34, 217, -1
34, 189, -1
34, 218, -1
34, 222, -1
34, 257, -1
34, 246, -1
34, 262, -1
73, 302, -1
73, 284, -1
73, 310, -1
73, 319, -1
73, 331, -1
73, 288, -1
73, 299, -1
73, 332, -1
73, 329, -1
73, 305, -1
73, 213, -1
73, 217, -1
73, 189, -1
73, 218, -1
73, 222, -1
73, 257, -1
73, 246, -1
73, 262, -1
117, 302, -1
117, 284, -1
117, 310, -1
117, 319, -1
117, 331, -1
117, 288, -1
117, 299, -1
117, 332, -1
117, 329, -1
117, 305, -1
117, 213, -1
117, 217, -1
117, 189, -1
117, 218, -1
117, 222, -1
117, 257, -1
117, 246, -1
117, 262, -1
88, 302, -1
88, 284, -1
88, 310, -1
88, 319, -1
88, 331, -1
88, 288, -1
88, 299, -1
88, 332, -1
88, 329, -1
88, 305, -1
88, 213, -1
88, 217, -1
88, 189, -1
88, 218, -1
88, 222, -1
88, 257, -1
88, 246, -1
88, 262, -1
67, 302, -1
67, 284, -1
67, 310, -1
67, 319, -1
67, 331, -1
67, 288, -1
67, 299, -1
67, 332, -1
67, 329, -1
67, 305, -1
67, 213, -1
67, 217, -1
67, 189, -1
67, 218, -1
67, 222, -1
67, 257, -1
67, 246, -1
67, 262, -1
97, 310, -1
332, 213, -1
213, 122, -1
97, 319, -1
129, 299, -1
17, 332, -1
284, 38, -1
331, 122, -1
329, 189, -1
189, 38, -1
213, 5, -1
288, 17, -1
305, 97, -1
217, 222, -1
5, 213, -1
5, 222, -1
299, 13, -1
97, 305, -1
310, 22, -1
299, 22, -1
213, 117, -1
288, 129, -1
257, 34, -1
62, 222, -1
257, 52, -1
130, 213, -1
189, 262, -1
130, 222, -1
41, 284, -1
13, 213, -1
288, 3, -1
13, 222, -1
329, 13, -1
41, 302, -1
52, 302, -1
329, 22, -1
3, 257, -1
129, 262, -1
3, 284, -1
299, 17, -1
122, 213, -1
331, 67, -1
217, 91, -1
305, 213, -1
122, 222, -1
257, 38, -1
17, 331, -1
299, 129, -1
130, 217, -1
41, 288, -1
53, 262, -1
329, 17, -1
189, 122, -1
129, 257, -1
13, 302, -1
332, 189, -1
38, 246, -1
132, 262, -1
331, 53, -1
331, 62, -1
329, 129, -1
122, 217, -1
17, 299, -1
284, 5, -1
302, 22, -1
329, 3, -1
53, 257, -1
5, 189, -1
284, 117, -1
132, 257, -1
97, 299, -1
62, 189, -1
217, 310, -1
332, 22, -1
217, 319, -1
5, 310, -1
5, 319, -1
130, 189, -1
305, 41, -1
13, 189, -1
288, 217, -1
257, 122, -1
62, 310, -1
62, 319, -1
213, 52, -1
130, 310, -1
213, 88, -1
288, 91, -1
130, 319, -1
331, 34, -1
13, 310, -1
122, 189, -1
257, 5, -1
13, 319, -1
217, 67, -1
305, 189, -1
331, 52, -1
5, 305, -1
217, 332, -1
332, 53, -1
41, 246, -1
52, 246, -1
257, 117, -1
299, 132, -1
122, 310, -1
62, 305, -1
122, 319, -1
3, 246, -1
97, 262, -1
38, 222, -1
130, 305, -1
53, 332, -1
17, 257, -1
13, 305, -1
217, 53, -1
331, 38, -1
217, 62, -1
17, 284, -1
132, 332, -1
305, 13, -1
329, 132, -1
299, 91, -1
305, 22, -1
122, 305, -1
257, 130, -1
122, 332, -1
97, 257, -1
329, 91, -1
38, 302, -1
129, 331, -1
41, 218, -1
305, 17, -1
299, 122, -1
3, 218, -1
305, 129, -1
288, 67, -1
213, 302, -1
217, 34, -1
53, 331, -1
217, 299, -1
41, 213, -1
52, 213, -1
305, 3, -1
41, 222, -1
52, 222, -1
3, 213, -1
3, 222, -1
38, 189, -1
213, 41, -1
288, 53, -1
53, 299, -1
288, 62, -1
331, 5, -1
217, 38, -1
97, 332, -1
299, 67, -1
38, 310, -1
284, 213, -1
41, 217, -1
38, 319, -1
217, 132, -1
331, 117, -1
257, 97, -1
122, 299, -1
3, 217, -1
329, 67, -1
217, 262, -1
3, 302, -1
17, 246, -1
213, 130, -1
5, 262, -1
299, 53, -1
3, 329, -1
299, 62, -1
38, 305, -1
262, 22, -1
62, 262, -1
22, 189, -1
331, 130, -1
213, 13, -1
218, 91, -1
213, 22, -1
189, 302, -1
288, 34, -1
130, 262, -1
13, 262, -1
329, 53, -1
288, 52, -1
305, 132, -1
329, 62, -1
129, 284, -1
331, 13, -1
257, 213, -1
22, 319, -1
129, 302, -1
97, 331, -1
5, 257, -1
41, 189, -1
52, 189, -1
305, 217, -1
217, 122, -1
122, 262, -1
62, 257, -1
3, 189, -1
213, 246, -1
305, 91, -1
213, 17, -1
332, 117, -1
41, 310, -1
52, 310, -1
130, 257, -1
41, 319, -1
288, 38, -1
52, 319, -1
53, 284, -1
217, 5, -1
17, 218, -1
53, 302, -1
22, 305, -1
129, 288, -1
132, 284, -1
257, 217, -1
3, 310, -1
299, 34, -1
288, 132, -1
213, 129, -1
3, 319, -1
284, 189, -1
132, 302, -1
299, 52, -1
217, 117, -1
122, 257, -1
213, 3, -1
41, 305, -1
52, 305, -1
329, 34, -1
17, 213, -1
329, 52, -1
189, 130, -1
213, 97, -1
17, 222, -1
3, 305, -1
299, 38, -1
257, 41, -1
284, 13, -1
332, 62, -1
284, 22, -1
5, 332, -1
189, 22, -1
218, 67, -1
246, 22, -1
329, 38, -1
17, 217, -1
257, 189, -1
130, 332, -1
288, 122, -1
13, 332, -1
17, 302, -1
189, 246, -1
213, 222, -1
305, 67, -1
288, 5, -1
129, 246, -1
331, 213, -1
97, 284, -1
97, 302, -1
38, 262, -1
257, 13, -1
288, 117, -1
257, 22, -1
17, 288, -1
217, 331, -1
332, 52, -1
5, 331, -1
305, 53, -1
305, 62, -1
53, 246, -1
17, 189, -1
213, 73, -1
132, 246, -1
213, 91, -1
97, 288, -1
299, 5, -1
217, 52, -1
130, 331, -1
257, 17, -1
13, 331, -1
329, 122, -1
288, 130, -1
5, 299, -1
332, 38, -1
17, 310, -1
17, 319, -1
218, 34, -1
299, 117, -1
257, 129, -1
222, 22, -1
329, 5, -1
129, 218, -1
122, 331, -1
130, 299, -1
13, 299, -1
257, 3, -1
329, 117, -1
17, 305, -1
189, 222, -1
305, 34, -1
41, 262, -1
305, 52, -1
52, 262, -1
299, 130, -1
129, 213, -1
129, 222, -1
331, 189, -1
213, 310, -1
3, 262, -1
213, 319, -1
329, 130, -1
305, 38, -1
53, 213, -1
41, 257, -1
53, 222, -1
52, 257, -1
129, 217, -1
97, 246, -1
132, 213, -1
132, 222, -1
213, 67, -1
331, 22, -1
288, 88, -1
217, 284, -1
288, 97, -1
332, 5, -1
217, 302, -1
5, 284, -1
5, 302, -1
62, 302, -1
257, 132, -1
13, 257, -1
213, 53, -1
132, 217, -1
130, 284, -1
213, 62, -1
13, 284, -1
130, 302, -1
217, 41, -1
299, 97, -1
257, 91, -1
122, 284, -1
288, 213, -1
129, 189, -1
97, 218, -1
122, 302, -1
189, 310, -1
218, 117, -1
305, 122, -1
189, 319, -1
41, 332, -1
329, 88, -1
329, 97, -1
129, 310, -1
3, 332, -1
129, 319, -1
332, 13, -1
305, 5, -1
217, 130, -1
53, 189, -1
97, 213, -1
97, 222, -1
132, 189, -1
213, 34, -1
305, 117, -1
217, 13, -1
53, 310, -1
299, 213, -1
217, 22, -1
53, 319, -1
288, 73, -1
129, 305, -1
17, 262, -1
132, 310, -1
132, 319, -1
129, 332, -1
284, 53, -1
284, 62, -1
329, 213, -1
97, 217, -1
189, 62, -1
213, 38, -1
288, 41, -1
41, 331, -1
305, 130, -1
217, 246, -1
53, 305, -1
217, 17, -1
5, 246, -1
213, 132, -1
132, 305, -1
3, 331, -1
257, 67, -1
62, 246, -1
217, 129, -1
288, 189, -1
331, 132, -1
41, 299, -1
130, 246, -1
329, 217, -1
213, 262, -1
13, 246, -1
217, 3, -1
38, 257, -1
3, 299, -1
299, 41, -1
217, 97, -1
257, 53, -1
122, 246, -1
257, 62, -1
97, 189, -1
284, 52, -1
288, 13, -1
288, 22, -1
329, 41, -1
299, 189, -1
310, 91, -1
213, 305, -1
302, 62, -1
62, 218, -1
213, 332, -1
302, 34, -1
38, 217, -1
310, 38, -1
302, 73, -1
62, 284, -1
222, 62, -1
288, 218, -1
331, 97, -1
310, 129, -1
302, 91, -1
38, 329, -1
62, 213, -1
62, 332, -1
331, 17, -1
132, 299, -1
305, 218, -1
302, 130, -1
310, 122, -1
22, 332, -1
284, 97, -1
213, 284, -1
302, 41, -1
52, 284, -1
310, 88, -1
189, 97, -1
38, 331, -1
310, 97, -1
302, 13, -1
302, 132, -1
262, 130, -1
284, 17, -1
222, 130, -1
246, 97, -1
332, 130, -1
189, 17, -1
310, 17, -1
52, 332, -1
132, 331, -1
262, 41, -1
331, 3, -1
302, 52, -1
222, 41, -1
332, 41, -1
62, 217, -1
246, 17, -1
38, 299, -1
332, 34, -1
62, 329, -1
284, 122, -1
329, 218, -1
299, 3, -1
310, 3, -1
310, 67, -1
302, 38, -1
213, 299, -1
246, 122, -1
62, 331, -1
302, 129, -1
310, 5, -1
213, 329, -1
302, 122, -1
257, 218, -1
331, 91, -1
310, 53, -1
310, 117, -1
310, 62, -1
213, 331, -1
302, 88, -1
62, 299, -1
302, 97, -1
22, 262, -1
332, 122, -1
302, 17, -1
331, 41, -1
310, 73, -1
262, 97, -1
302, 53, -1
22, 246, -1
302, 117, -1
222, 97, -1
332, 97, -1
38, 218, -1
284, 130, -1
262, 17, -1
310, 130, -1
222, 17, -1
332, 17, -1
284, 41, -1
132, 218, -1
189, 41, -1
246, 130, -1
310, 41, -1
302, 3, -1
38, 284, -1
302, 67, -1
310, 13, -1
310, 132, -1
246, 41, -1
284, 34, -1
38, 213, -1
310, 34, -1
38, 332, -1
302, 5, -1
262, 122, -1
310, 52, -1
213, 257, -1
222, 122, -1
222, 38, -1

20, 122, 1
20, 13, 1
20, 22, 1
20, 5, 1
20, 3, 1
20, 53, 1
20, 62, 1
20, 38, 1
20, 97, 1
20, 132, 1
20, 17, 1
20, 41, 1
20, 129, 1
20, 130, 1
20, 52, 1
20, 91, 1
20, 34, 1
20, 73, 1
20, 117, 1
20, 88, 1
20, 67, 1
116, 122, 1
116, 13, 1
116, 22, 1
116, 5, 1
116, 3, 1
116, 53, 1
116, 62, 1
116, 38, 1
116, 97, 1
116, 132, 1
116, 17, 1
116, 41, 1
116, 129, 1
116, 130, 1
116, 52, 1
116, 91, 1
116, 34, 1
116, 73, 1
116, 117, 1
116, 88, 1
116, 67, 1
116, 20, 1
268, 262, 1
73, 17, 1
67, 13, 1
91, 62, 1
41, 122, 1
17, 122, 1
17, 3, 1
17, 67, 1
3, 13, 1
3, 22, 1
122, 3, 1
132, 5, 1
73, 53, 1
122, 67, 1
97, 38, 1
73, 117, 1
129, 91, 1
67, 52, 1
41, 97, 1
53, 62, 1
67, 116, 1
34, 3, 1
34, 122, 1
88, 38, 1
130, 53, 1
34, 67, 1
130, 117, 1
17, 5, 1
88, 129, 1
132, 62, 1
122, 5, 1
129, 130, 1
41, 17, 1
129, 20, 1
97, 3, 1
97, 122, 1
88, 22, 1
73, 3, 1
97, 67, 1
132, 34, 1
73, 67, 1
34, 5, 1
17, 53, 1
52, 117, 1
17, 117, 1
17, 62, 1
91, 20, 1
122, 53, 1
88, 122, 1
130, 3, 1
122, 117, 1
122, 62, 1
129, 13, 1
129, 132, 1
130, 67, 1
129, 22, 1
67, 38, 1
73, 5, 1
132, 91, 1
34, 53, 1
34, 117, 1
34, 62, 1
88, 97, 1
5, 53, 1
53, 20, 1
5, 117, 1
5, 62, 1
91, 13, 1
129, 52, 1
129, 116, 1
91, 22, 1
67, 22, 1
41, 3, 1
130, 5, 1
41, 67, 1
13, 5, 1
132, 130, 1
97, 53, 1
132, 20, 1
97, 117, 1
88, 17, 1
73, 62, 1
117, 62, 1
91, 52, 1
91, 116, 1
3, 67, 1
88, 53, 1
88, 117, 1
17, 130, 1
41, 5, 1
130, 62, 1
13, 53, 1
38, 52, 1
13, 117, 1
129, 17, 1
13, 62, 1
132, 13, 1
132, 22, 1
53, 52, 1
129, 38, 1
34, 130, 1
3, 5, 1
73, 91, 1
41, 53, 1
17, 132, 1
132, 52, 1
41, 62, 1
132, 116, 1
41, 117, 1
88, 3, 1
88, 67, 1
91, 38, 1
17, 34, 1
130, 91, 1
73, 130, 1
97, 5, 1
3, 53, 1
17, 52, 1
3, 117, 1
17, 116, 1
3, 62, 1
73, 20, 1
117, 20, 1
122, 52, 1
129, 122, 1
129, 3, 1
122, 116, 1
129, 67, 1
73, 41, 1
53, 38, 1
88, 5, 1
130, 20, 1
17, 91, 1
34, 52, 1
73, 13, 1
73, 132, 1
34, 116, 1
97, 62, 1
129, 97, 1
122, 91, 1
38, 22, 1
117, 22, 1
5, 52, 1
132, 38, 1
91, 67, 1
53, 22, 1
129, 5, 1
97, 34, 1
73, 34, 1
41, 130, 1
130, 13, 1
88, 62, 1
34, 91, 1
17, 20, 1
41, 20, 1
62, 52, 1
73, 52, 1
52, 20, 1
73, 116, 1
17, 38, 1
122, 20, 1
122, 38, 1
67, 5, 1
129, 53, 1
130, 52, 1
129, 117, 1
129, 62, 1
130, 116, 1
97, 91, 1
13, 52, 1
132, 3, 1
132, 122, 1
41, 13, 1
17, 13, 1
41, 132, 1
132, 67, 1
34, 20, 1
17, 22, 1
34, 38, 1
88, 73, 1
5, 20, 1
122, 13, 1
5, 38, 1
122, 22, 1
88, 91, 1
91, 53, 1
67, 53, 1
41, 34, 1
91, 117, 1
67, 117, 1
67, 62, 1
132, 97, 1
97, 130, 1
97, 20, 1
41, 52, 1
41, 116, 1
34, 13, 1
34, 22, 1
62, 38, 1
73, 38, 1
117, 38, 1
5, 22, 1
88, 130, 1
88, 20, 1
53, 117, 1
17, 97, 1
73, 129, 1
41, 91, 1
3, 52, 1
13, 20, 1
3, 116, 1
130, 38, 1
97, 13, 1
13, 38, 1
62, 22, 1
97, 22, 1
73, 22, 1
132, 53, 1
88, 41, 1
132, 117, 1
88, 13, 1
88, 132, 1
3, 91, 1
73, 122, 1
130, 22, 1
20, 116, 1
97, 52, 1
97, 116, 1
13, 22, 1
41, 38, 1
129, 41, 1
88, 34, 1
91, 5, 1
67, 20, 1
130, 122, 1
88, 52, 1
73, 97, 1
88, 116, 1
3, 20, 1
3, 38, 1
41, 22, 1
52, 22, 1
129, 34, 1
130, 97, 1
53, 5, 1
97, 17, 1
13, 97, 1
67, 132, 1
34, 129, 1
52, 122, 1
22, 17, 1
38, 53, 1
117, 53, 1
67, 34, 1
91, 34, 1
130, 17, 1
38, 62, 1
38, 117, 1
13, 17, 1
52, 97, 1
97, 129, 1
132, 41, 1
122, 97, 1
5, 3, 1
5, 67, 1
52, 17, 1
3, 97, 1
38, 73, 1
91, 130, 1
53, 91, 1
13, 122, 1
38, 130, 1
117, 5, 1
53, 130, 1
91, 132, 1
38, 41, 1
117, 41, 1
53, 41, 1
38, 132, 1
130, 41, 1
67, 122, 1
53, 13, 1
53, 132, 1
3, 122, 1
38, 34, 1
117, 34, 1
52, 5, 1
38, 116, 1
67, 97, 1
130, 34, 1
53, 116, 1
17, 41, 1
62, 73, 1
122, 41, 1
38, 91, 1
117, 91, 1
52, 53, 1
5, 130, 1
52, 62, 1
34, 41, 1
5, 41, 1
62, 130, 1
117, 130, 1
38, 20, 1
122, 34, 1
34, 132, 1
5, 13, 1
5, 132, 1
97, 41, 1
62, 41, 1
13, 130, 1
22, 41, 1
62, 13, 1
38, 13, 1
117, 13, 1
117, 132, 1
91, 3, 1
67, 3, 1
5, 116, 1
91, 122, 1
13, 41, 1
130, 132, 1
117, 52, 1
117, 116, 1
122, 130, 1
91, 97, 1
5, 91, 1
53, 122, 1
52, 41, 1
38, 88, 1
3, 130, 1
38, 97, 1
52, 13, 1
91, 17, 1
53, 97, 1
122, 132, 1
3, 41, 1
52, 34, 1
38, 17, 1
3, 132, 1
3, 34, 1
132, 17, 1
38, 129, 1
97, 132, 1
5, 122, 1
67, 91, 1
130, 129, 1
34, 97, 1
62, 122, 1
117, 3, 1
122, 17, 1
117, 122, 1
117, 67, 1
5, 97, 1
38, 122, 1
38, 3, 1
38, 67, 1
52, 38, 1
53, 3, 1
53, 67, 1
67, 130, 1
41, 129, 1
17, 129, 1
117, 97, 1
62, 97, 1
91, 41, 1
67, 41, 1
38, 5, 1
62, 20, 1
62, 17, 1
13, 91, 1
117, 17, 1
22, 130, 1
53, 17, 1
3, 129, 1
62, 53, 1
62, 117, 1
5, 34, 1
62, 129, 1
62, 132, 1
3, 73, 1
62, 34, 1
52, 130, 1
3, 88, 1
13, 132, 1
62, 116, 1
62, 3, 1
62, 67, 1
13, 34, 1
62, 91, 1
62, 88, 1
34, 17, 1
67, 17, 1
3, 17, 1
13, 116, 1
5, 17, 1
22, 97, 1
13, 3, 1
122, 129, 1
13, 67, 1
62, 5, 1
22, 122, 1
20, 302, -1
20, 284, -1
20, 310, -1
20, 319, -1
20, 331, -1
20, 288, -1
20, 299, -1
20, 332, -1
20, 329, -1
20, 305, -1
20, 213, -1
20, 217, -1
20, 189, -1
20, 218, -1
20, 222, -1
20, 257, -1
20, 246, -1
20, 262, -1
116, 302, -1
116, 284, -1
116, 310, -1
116, 319, -1
116, 331, -1
116, 288, -1
116, 299, -1
116, 332, -1
116, 329, -1
116, 305, -1
116, 213, -1
116, 217, -1
116, 189, -1
116, 218, -1
116, 222, -1
116, 257, -1
116, 246, -1
116, 262, -1
268, 302, -1
268, 284, -1
268, 310, -1
268, 319, -1
268, 331, -1
268, 288, -1
268, 299, -1
268, 332, -1
268, 329, -1
268, 305, -1
268, 122, -1
268, 13, -1
268, 22, -1
268, 5, -1
268, 3, -1
268, 53, -1
268, 62, -1
268, 38, -1
268, 97, -1
268, 132, -1
268, 17, -1
268, 41, -1
268, 129, -1
268, 130, -1
268, 52, -1
268, 91, -1
268, 34, -1
268, 73, -1
268, 117, -1
268, 88, -1
268, 67, -1
268, 20, -1
268, 116, -1
268, 213, -1
268, 217, -1
268, 189, -1
268, 218, -1
268, 222, -1
268, 257, -1
268, 246, -1
132, 268, -1
97, 310, -1
97, 319, -1
129, 299, -1
73, 218, -1
17, 332, -1
122, 268, -1
284, 38, -1
91, 299, -1
189, 38, -1
67, 189, -1
288, 17, -1
305, 97, -1
34, 268, -1
117, 284, -1
88, 257, -1
5, 213, -1
117, 302, -1
5, 222, -1
299, 13, -1
310, 22, -1
299, 22, -1
67, 310, -1
288, 129, -1
67, 319, -1
257, 34, -1
73, 213, -1
132, 299, -1
62, 222, -1
73, 222, -1
257, 52, -1
284, 262, -1
130, 213, -1
189, 262, -1
130, 222, -1
41, 284, -1
13, 213, -1
288, 3, -1
52, 284, -1
13, 222, -1
329, 13, -1
41, 302, -1
52, 302, -1
329, 22, -1
246, 262, -1
129, 262, -1
3, 284, -1
257, 20, -1
122, 213, -1
122, 222, -1
257, 38, -1
217, 91, -1
73, 217, -1
91, 262, -1
17, 331, -1
53, 262, -1
329, 17, -1
73, 329, -1
97, 268, -1
13, 302, -1
38, 246, -1
132, 262, -1
331, 53, -1
88, 332, -1
331, 62, -1
329, 129, -1
17, 299, -1
302, 22, -1
116, 268, -1
329, 3, -1
34, 262, -1
5, 189, -1
67, 268, -1
97, 299, -1
73, 189, -1
5, 310, -1
5, 319, -1
130, 189, -1
305, 41, -1
13, 189, -1
257, 122, -1
117, 246, -1
62, 310, -1
73, 310, -1
222, 262, -1
62, 319, -1
73, 319, -1
130, 310, -1
288, 91, -1
130, 319, -1
13, 310, -1
122, 189, -1
257, 5, -1
13, 319, -1
217, 67, -1
331, 52, -1
88, 331, -1
218, 13, -1
218, 22, -1
41, 246, -1
52, 246, -1
257, 117, -1
91, 332, -1
122, 310, -1
73, 305, -1
122, 319, -1
3, 246, -1
97, 262, -1
38, 222, -1
53, 332, -1
88, 299, -1
217, 53, -1
331, 38, -1
217, 62, -1
310, 262, -1
17, 284, -1
299, 262, -1
132, 332, -1
305, 13, -1
329, 132, -1
305, 22, -1
257, 130, -1
122, 332, -1
329, 262, -1
67, 262, -1
329, 91, -1
34, 332, -1
38, 302, -1
129, 331, -1
218, 3, -1
41, 218, -1
305, 17, -1
73, 268, -1
117, 213, -1
117, 222, -1
91, 331, -1
130, 268, -1
305, 129, -1
288, 67, -1
217, 34, -1
305, 3, -1
41, 213, -1
52, 213, -1
132, 331, -1
41, 222, -1
52, 222, -1
302, 262, -1
3, 213, -1
3, 222, -1
288, 53, -1
288, 62, -1
217, 20, -1
331, 5, -1
88, 284, -1
217, 38, -1
88, 302, -1
34, 331, -1
97, 332, -1
38, 310, -1
38, 319, -1
217, 132, -1
331, 117, -1
257, 97, -1
122, 299, -1
34, 299, -1
329, 67, -1
217, 262, -1
3, 302, -1
17, 246, -1
5, 262, -1
299, 53, -1
67, 332, -1
299, 62, -1
262, 22, -1
117, 189, -1
62, 262, -1
73, 262, -1
218, 91, -1
213, 22, -1
288, 34, -1
130, 262, -1
13, 262, -1
329, 53, -1
288, 52, -1
305, 132, -1
329, 62, -1
117, 310, -1
117, 319, -1
129, 284, -1
331, 13, -1
22, 319, -1
129, 302, -1
97, 331, -1
41, 189, -1
52, 189, -1
217, 122, -1
91, 284, -1
122, 262, -1
73, 257, -1
91, 302, -1
3, 189, -1
305, 91, -1
288, 20, -1
41, 310, -1
52, 310, -1
41, 319, -1
53, 284, -1
288, 38, -1
52, 319, -1
217, 5, -1
17, 218, -1
53, 302, -1
132, 284, -1
3, 310, -1
288, 132, -1
3, 319, -1
132, 302, -1
299, 52, -1
67, 331, -1
217, 117, -1
288, 262, -1
329, 34, -1
88, 246, -1
34, 284, -1
17, 213, -1
329, 52, -1
17, 222, -1
299, 20, -1
67, 299, -1
299, 38, -1
257, 41, -1
284, 22, -1
5, 332, -1
189, 22, -1
218, 67, -1
329, 20, -1
62, 332, -1
73, 332, -1
246, 22, -1
329, 38, -1
130, 332, -1
288, 122, -1
13, 332, -1
17, 302, -1
218, 53, -1
41, 268, -1
218, 62, -1
305, 67, -1
288, 5, -1
88, 218, -1
129, 246, -1
3, 268, -1
97, 284, -1
97, 302, -1
38, 262, -1
257, 13, -1
288, 117, -1
257, 22, -1
91, 246, -1
305, 53, -1
305, 62, -1
53, 246, -1
88, 213, -1
88, 222, -1
73, 331, -1
17, 189, -1
132, 246, -1
299, 5, -1
129, 268, -1
217, 52, -1
67, 284, -1
130, 331, -1
67, 302, -1
257, 17, -1
329, 122, -1
288, 130, -1
17, 310, -1
17, 319, -1
218, 34, -1
299, 117, -1
218, 52, -1
73, 299, -1
257, 129, -1
222, 22, -1
329, 5, -1
129, 218, -1
34, 246, -1
88, 217, -1
122, 331, -1
117, 262, -1
22, 262, -1
130, 299, -1
257, 3, -1
288, 116, -1
329, 117, -1
88, 329, -1
218, 20, -1
305, 34, -1
218, 38, -1
41, 262, -1
305, 52, -1
52, 262, -1
262, 319, -1
129, 213, -1
129, 222, -1
132, 218, -1
3, 262, -1
91, 213, -1
91, 222, -1
329, 130, -1
305, 20, -1
38, 332, -1
218, 262, -1
305, 38, -1
53, 213, -1
53, 222, -1
88, 189, -1
262, 332, -1
97, 246, -1
132, 213, -1
132, 222, -1
331, 22, -1
288, 88, -1
288, 97, -1
88, 310, -1
17, 268, -1
88, 319, -1
5, 284, -1
5, 302, -1
305, 262, -1
73, 284, -1
34, 213, -1
34, 222, -1
62, 302, -1
73, 302, -1
257, 132, -1
218, 122, -1
130, 284, -1
213, 62, -1
67, 246, -1
13, 284, -1
130, 302, -1
117, 332, -1
217, 41, -1
88, 305, -1
22, 332, -1
218, 5, -1
257, 262, -1
257, 91, -1
122, 284, -1
129, 189, -1
97, 218, -1
122, 302, -1
218, 117, -1
305, 122, -1
41, 332, -1
52, 332, -1
34, 302, -1
91, 189, -1
329, 97, -1
129, 310, -1
3, 332, -1
129, 319, -1
305, 5, -1
53, 189, -1
217, 130, -1
91, 310, -1
20, 268, -1
91, 319, -1
97, 213, -1
97, 222, -1
132, 189, -1
305, 117, -1
88, 268, -1
217, 13, -1
218, 130, -1
53, 310, -1
217, 22, -1
53, 319, -1
288, 73, -1
17, 262, -1
132, 310, -1
132, 319, -1
129, 332, -1
34, 189, -1
284, 62, -1
189, 62, -1
67, 213, -1
67, 222, -1
213, 38, -1
288, 41, -1
41, 331, -1
305, 130, -1
217, 17, -1
34, 310, -1
34, 319, -1
5, 246, -1
331, 20, -1
3, 331, -1
257, 67, -1
62, 246, -1
73, 246, -1
217, 129, -1
41, 299, -1
130, 246, -1
213, 262, -1
13, 246, -1
217, 3, -1
3, 299, -1
331, 262, -1
217, 97, -1
257, 53, -1
91, 268, -1
122, 246, -1
257, 62, -1
97, 189, -1
288, 13, -1
288, 22, -1
329, 41, -1
88, 262, -1
332, 268, -1
213, 3, -1
310, 91, -1
213, 122, -1
213, 67, -1
299, 91, -1
218, 17, -1
302, 62, -1
34, 257, -1
41, 305, -1
52, 305, -1
62, 218, -1
122, 305, -1
332, 5, -1
284, 20, -1
302, 34, -1
91, 217, -1
189, 130, -1
213, 97, -1
329, 116, -1
310, 20, -1
331, 122, -1
218, 129, -1
3, 305, -1
213, 5, -1
97, 257, -1
38, 217, -1
310, 38, -1
302, 73, -1
62, 284, -1
222, 62, -1
284, 13, -1
310, 129, -1
332, 62, -1
5, 268, -1
302, 91, -1
13, 257, -1
97, 305, -1
213, 53, -1
132, 217, -1
213, 117, -1
38, 329, -1
62, 268, -1
117, 268, -1
218, 268, -1
331, 17, -1
62, 213, -1
302, 130, -1
302, 20, -1
299, 122, -1
310, 122, -1
257, 116, -1
17, 217, -1
302, 41, -1
13, 268, -1
310, 88, -1
38, 331, -1
310, 97, -1
299, 97, -1
67, 257, -1
53, 331, -1
302, 13, -1
302, 132, -1
3, 257, -1
288, 268, -1
262, 130, -1
34, 217, -1
284, 17, -1
222, 130, -1
332, 130, -1
189, 17, -1
52, 268, -1
332, 20, -1
299, 17, -1
310, 17, -1
262, 41, -1
67, 305, -1
331, 3, -1
302, 52, -1
302, 116, -1
222, 41, -1
305, 268, -1
332, 41, -1
62, 217, -1
246, 17, -1
329, 88, -1
331, 268, -1
38, 299, -1
117, 299, -1
332, 13, -1
38, 189, -1
213, 41, -1
299, 129, -1
53, 299, -1
130, 217, -1
262, 52, -1
332, 34, -1
62, 329, -1
222, 52, -1
332, 52, -1
129, 257, -1
67, 218, -1
213, 34, -1
5, 331, -1
299, 3, -1
310, 67, -1
299, 67, -1
310, 3, -1
284, 268, -1
41, 217, -1
302, 38, -1
213, 116, -1
299, 268, -1
122, 217, -1
62, 331, -1
117, 331, -1
302, 129, -1
91, 257, -1
213, 73, -1
284, 5, -1
129, 305, -1
218, 41, -1
3, 217, -1
213, 91, -1
310, 5, -1
217, 116, -1
218, 132, -1
53, 257, -1
91, 305, -1
302, 122, -1
332, 38, -1
284, 53, -1
5, 299, -1
284, 117, -1
213, 130, -1
329, 268, -1
213, 20, -1
331, 91, -1
97, 217, -1
310, 53, -1
310, 117, -1
310, 62, -1
132, 257, -1
38, 305, -1
302, 88, -1
218, 116, -1
62, 299, -1
302, 97, -1
62, 189, -1
53, 305, -1
332, 22, -1
22, 189, -1
331, 130, -1
213, 13, -1
213, 132, -1
132, 305, -1
302, 17, -1
331, 41, -1
310, 73, -1
91, 218, -1
302, 53, -1
213, 52, -1
22, 246, -1
302, 117, -1
257, 268, -1
331, 132, -1
17, 305, -1
38, 218, -1
5, 257, -1
284, 130, -1
213, 88, -1
67, 217, -1
262, 17, -1
331, 34, -1
305, 116, -1
299, 130, -1
310, 130, -1
222, 17, -1
332, 17, -1
331, 116, -1
62, 257, -1
38, 257, -1
117, 257, -1
284, 41, -1
34, 305, -1
217, 268, -1
189, 41, -1
5, 305, -1
246, 130, -1
310, 41, -1
299, 41, -1
213, 17, -1
332, 53, -1
302, 3, -1
302, 67, -1
332, 117, -1
38, 284, -1
130, 257, -1
310, 13, -1
299, 132, -1
310, 132, -1
246, 41, -1
62, 305, -1
117, 305, -1
284, 34, -1
22, 305, -1
38, 268, -1
284, 52, -1
299, 34, -1
310, 34, -1
38, 213, -1
213, 129, -1
189, 52, -1
302, 5, -1
53, 268, -1
130, 305, -1
310, 52, -1
299, 116, -1
310, 116, -1
17, 257, -1
41, 257, -1
13, 305, -1
52, 257, -1
122, 257, -1
246, 52, -1
129, 217, -1
189, 97, -1
222, 97, -1
246, 122, -1
332, 97, -1
246, 97, -1
13, 331, -1
222, 38, -1
331, 67, -1
3, 329, -1
331, 97, -1
332, 262, -1
262, 122, -1
284, 122, -1
218, 97, -1
13, 299, -1
332, 122, -1
189, 122, -1
222, 122, -1
3, 218, -1
262, 97, -1
284, 97, -1

69, 122, 1
69, 13, 1
69, 22, 1
69, 5, 1
69, 3, 1
69, 53, 1
69, 62, 1
69, 38, 1
69, 97, 1
69, 132, 1
69, 17, 1
69, 41, 1
69, 129, 1
69, 130, 1
69, 52, 1
69, 91, 1
69, 34, 1
69, 73, 1
69, 117, 1
69, 88, 1
69, 67, 1
69, 20, 1
69, 116, 1
80, 122, 1
80, 13, 1
80, 22, 1
80, 5, 1
80, 3, 1
80, 53, 1
80, 62, 1
80, 38, 1
80, 97, 1
80, 132, 1
80, 17, 1
80, 41, 1
80, 129, 1
80, 130, 1
80, 52, 1
80, 91, 1
80, 34, 1
80, 73, 1
80, 117, 1
80, 88, 1
80, 67, 1
80, 20, 1
80, 116, 1
80, 69, 1
109, 122, 1
109, 13, 1
109, 22, 1
109, 5, 1
109, 3, 1
109, 53, 1
109, 62, 1
109, 38, 1
109, 97, 1
109, 132, 1
109, 17, 1
109, 41, 1
109, 129, 1
109, 130, 1
109, 52, 1
109, 91, 1
109, 34, 1
109, 73, 1
109, 117, 1
109, 88, 1
109, 67, 1
109, 20, 1
109, 116, 1
109, 69, 1
109, 80, 1
183, 213, 1
183, 217, 1
183, 189, 1
183, 218, 1
68, 122, 1
68, 13, 1
68, 22, 1
68, 5, 1
68, 3, 1
68, 53, 1
68, 62, 1
68, 38, 1
68, 97, 1
68, 132, 1
68, 17, 1
68, 41, 1
68, 129, 1
68, 130, 1
68, 52, 1
68, 91, 1
68, 34, 1
68, 73, 1
68, 117, 1
68, 88, 1
68, 67, 1
68, 20, 1
68, 116, 1
68, 69, 1
68, 80, 1
68, 109, 1
43, 122, 1
43, 13, 1
43, 22, 1
43, 5, 1
43, 3, 1
43, 53, 1
43, 62, 1
43, 38, 1
43, 97, 1
43, 132, 1
43, 17, 1
43, 41, 1
43, 129, 1
43, 130, 1
43, 52, 1
43, 91, 1
43, 34, 1
43, 73, 1
43, 117, 1
43, 88, 1
43, 67, 1
43, 20, 1
43, 116, 1
43, 69, 1
43, 80, 1
43, 109, 1
43, 68, 1
7, 122, 1
7, 13, 1
7, 22, 1
7, 5, 1
7, 3, 1
7, 53, 1
7, 62, 1
7, 38, 1
7, 97, 1
7, 132, 1
7, 17, 1
7, 41, 1
7, 129, 1
7, 130, 1
7, 52, 1
7, 91, 1
7, 34, 1
7, 73, 1
7, 117, 1
7, 88, 1
7, 67, 1
7, 20, 1
7, 116, 1
7, 69, 1
7, 80, 1
7, 109, 1
7, 68, 1
7, 43, 1
49, 122, 1
49, 13, 1
49, 22, 1
49, 5, 1
49, 3, 1
49, 53, 1
49, 62, 1
49, 38, 1
49, 97, 1
49, 132, 1
49, 17, 1
49, 41, 1
49, 129, 1
49, 130, 1
49, 52, 1
49, 91, 1
49, 34, 1
49, 73, 1
49, 117, 1
49, 88, 1
49, 67, 1
49, 20, 1
49, 116, 1
49, 69, 1
49, 80, 1
49, 109, 1
49, 68, 1
49, 43, 1
49, 7, 1
94, 122, 1
94, 13, 1
94, 22, 1
94, 5, 1
94, 3, 1
94, 53, 1
94, 62, 1
94, 38, 1
94, 97, 1
94, 132, 1
94, 17, 1
94, 41, 1
94, 129, 1
94, 130, 1
94, 52, 1
94, 91, 1
94, 34, 1
94, 73, 1
94, 117, 1
94, 88, 1
94, 67, 1
94, 20, 1
94, 116, 1
94, 69, 1
94, 80, 1
94, 109, 1
94, 68, 1
94, 43, 1
94, 7, 1
94, 49, 1
129, 43, 1
67, 68, 1
13, 97, 1
91, 7, 1
88, 109, 1
17, 67, 1
122, 3, 1
91, 34, 1
38, 117, 1
17, 94, 1
53, 7, 1
34, 3, 1
122, 97, 1
217, 213, 1
132, 7, 1
129, 20, 1
97, 67, 1
132, 34, 1
17, 53, 1
17, 62, 1
5, 69, 1
91, 20, 1
88, 122, 1
218, 213, 1
129, 132, 1
122, 7, 1
38, 130, 1
117, 5, 1
73, 69, 1
62, 69, 1
116, 49, 1
34, 7, 1
53, 20, 1
116, 67, 1
91, 132, 1
67, 22, 1
130, 69, 1
97, 53, 1
132, 20, 1
13, 69, 1
53, 132, 1
3, 122, 1
129, 109, 1
88, 117, 1
41, 5, 1
52, 5, 1
116, 17, 1
38, 116, 1
69, 94, 1
80, 94, 1
91, 109, 1
62, 73, 1
116, 53, 1
3, 5, 1
73, 91, 1
62, 91, 1
41, 117, 1
20, 94, 1
88, 67, 1
53, 109, 1
130, 91, 1
17, 34, 1
17, 43, 1
5, 41, 1
117, 130, 1
88, 94, 1
17, 52, 1
3, 117, 1
34, 132, 1
5, 68, 1
132, 109, 1
129, 122, 1
73, 41, 1
62, 41, 1
20, 53, 1
73, 68, 1
62, 68, 1
20, 62, 1
117, 13, 1
217, 189, 1
97, 7, 1
122, 91, 1
117, 22, 1
91, 122, 1
13, 41, 1
122, 109, 1
129, 5, 1
97, 34, 1
130, 68, 1
41, 130, 1
88, 62, 1
34, 91, 1
17, 20, 1
13, 68, 1
117, 116, 1
34, 109, 1
17, 38, 1
218, 189, 1
3, 130, 1
129, 117, 1
38, 97, 1
116, 7, 1
132, 122, 1
41, 13, 1
52, 13, 1
122, 68, 1
116, 34, 1
91, 117, 1
67, 7, 1
97, 20, 1
41, 116, 1
5, 22, 1
53, 117, 1
80, 43, 1
130, 88, 1
129, 94, 1
3, 116, 1
97, 132, 1
62, 22, 1
73, 22, 1
132, 117, 1
116, 20, 1
73, 49, 1
62, 49, 1
91, 94, 1
20, 52, 1
117, 3, 1
130, 22, 1
13, 22, 1
53, 67, 1
88, 34, 1
88, 43, 1
67, 20, 1
88, 52, 1
41, 129, 1
53, 94, 1
116, 132, 1
5, 17, 1
97, 109, 1
38, 69, 1
132, 94, 1
73, 17, 1
62, 17, 1
67, 132, 1
91, 62, 1
17, 122, 1
20, 38, 1
73, 53, 1
122, 67, 1
41, 88, 1
13, 17, 1
41, 97, 1
53, 62, 1
116, 109, 1
88, 38, 1
130, 53, 1
34, 67, 1
5, 3, 1
17, 5, 1
34, 94, 1
132, 62, 1
3, 88, 1
3, 97, 1
67, 109, 1
38, 73, 1
97, 122, 1
73, 3, 1
62, 3, 1
17, 117, 1
122, 53, 1
130, 3, 1
122, 62, 1
43, 7, 1
13, 3, 1
34, 53, 1
117, 69, 1
34, 62, 1
116, 122, 1
129, 52, 1
5, 7, 1
38, 41, 1
129, 88, 1
38, 68, 1
97, 117, 1
62, 7, 1
91, 43, 1
73, 7, 1
67, 122, 1
91, 52, 1
17, 130, 1
130, 7, 1
41, 69, 1
52, 69, 1
13, 7, 1
53, 43, 1
53, 52, 1
129, 38, 1
116, 117, 1
132, 43, 1
117, 91, 1
3, 69, 1
132, 52, 1
97, 94, 1
91, 38, 1
20, 5, 1
73, 20, 1
62, 20, 1
17, 116, 1
122, 43, 1
122, 52, 1
5, 132, 1
53, 38, 1
88, 5, 1
130, 20, 1
34, 43, 1
22, 41, 1
116, 94, 1
34, 52, 1
20, 117, 1
117, 68, 1
73, 132, 1
38, 13, 1
97, 62, 1
62, 132, 1
38, 22, 1
132, 38, 1
3, 73, 1
129, 69, 1
38, 49, 1
130, 132, 1
67, 94, 1
13, 132, 1
5, 91, 1
122, 20, 1
5, 109, 1
122, 38, 1
116, 62, 1
34, 20, 1
41, 68, 1
73, 109, 1
34, 38, 1
62, 109, 1
122, 132, 1
3, 41, 1
67, 53, 1
38, 17, 1
67, 62, 1
13, 91, 1
3, 68, 1
130, 109, 1
13, 109, 1
88, 130, 1
17, 88, 1
17, 97, 1
38, 129, 1
20, 13, 1
5, 122, 1
88, 13, 1
97, 43, 1
68, 7, 1
73, 122, 1
62, 122, 1
97, 52, 1
20, 116, 1
117, 67, 1
38, 3, 1
129, 41, 1
91, 5, 1
130, 122, 1
88, 116, 1
41, 22, 1
52, 22, 1
116, 43, 1
116, 52, 1
3, 13, 1
3, 22, 1
97, 38, 1
132, 5, 1
117, 53, 1
73, 117, 1
67, 34, 1
38, 7, 1
67, 43, 1
3, 49, 1
67, 52, 1
43, 94, 1
132, 41, 1
34, 122, 1
130, 117, 1
5, 67, 1
17, 69, 1
88, 129, 1
129, 130, 1
122, 5, 1
41, 17, 1
5, 94, 1
116, 38, 1
73, 67, 1
62, 67, 1
34, 5, 1
62, 94, 1
73, 94, 1
91, 130, 1
3, 17, 1
122, 117, 1
129, 13, 1
130, 67, 1
129, 22, 1
67, 38, 1
13, 67, 1
130, 94, 1
34, 117, 1
13, 94, 1
88, 97, 1
5, 53, 1
5, 62, 1
91, 13, 1
3, 129, 1
129, 116, 1
91, 22, 1
41, 3, 1
132, 130, 1
62, 53, 1
38, 132, 1
73, 62, 1
117, 7, 1
91, 116, 1
22, 7, 1
122, 94, 1
117, 34, 1
130, 62, 1
13, 53, 1
129, 17, 1
13, 62, 1
132, 13, 1
132, 22, 1
53, 116, 1
17, 41, 1
34, 130, 1
38, 91, 1
17, 68, 1
132, 116, 1
41, 7, 1
52, 7, 1
38, 109, 1
97, 5, 1
20, 69, 1
117, 20, 1
109, 7, 1
3, 7, 1
129, 3, 1
122, 116, 1
97, 41, 1
88, 69, 1
34, 116, 1
5, 43, 1
117, 132, 1
129, 97, 1
5, 52, 1
116, 5, 1
73, 34, 1
62, 34, 1
73, 43, 1
62, 43, 1
41, 20, 1
52, 20, 1
73, 52, 1
91, 88, 1
62, 52, 1
116, 41, 1
130, 43, 1
67, 5, 1
130, 52, 1
13, 43, 1
217, 218, 1
13, 52, 1
132, 3, 1
17, 13, 1
41, 132, 1
53, 97, 1
17, 22, 1
5, 20, 1
88, 73, 1
117, 109, 1
5, 38, 1
88, 91, 1
67, 117, 1
97, 130, 1
68, 94, 1
132, 97, 1
80, 68, 1
3, 132, 1
69, 68, 1
213, 189, 1
62, 38, 1
73, 38, 1
41, 91, 1
13, 20, 1
20, 68, 1
122, 88, 1
130, 38, 1
97, 13, 1
41, 109, 1
13, 38, 1
97, 22, 1
88, 41, 1
52, 109, 1
116, 130, 1
34, 88, 1
88, 68, 1
3, 91, 1
117, 122, 1
38, 67, 1
97, 116, 1
3, 109, 1
38, 94, 1
67, 130, 1
49, 94, 1
91, 69, 1
116, 13, 1
17, 129, 1
116, 22, 1
53, 69, 1
97, 17, 1
67, 13, 1
41, 122, 1
17, 3, 1
38, 53, 1
132, 69, 1
38, 62, 1
129, 91, 1
80, 49, 1
67, 116, 1
97, 129, 1
20, 22, 1
122, 69, 1
97, 3, 1
88, 22, 1
34, 69, 1
52, 117, 1
88, 49, 1
17, 7, 1
53, 91, 1
117, 94, 1
116, 129, 1
97, 88, 1
129, 68, 1
22, 94, 1
13, 122, 1
73, 5, 1
132, 91, 1
62, 5, 1
116, 3, 1
5, 117, 1
91, 68, 1
130, 5, 1
41, 67, 1
13, 5, 1
53, 41, 1
116, 88, 1
88, 17, 1
62, 117, 1
41, 94, 1
52, 94, 1
117, 62, 1
116, 97, 1
53, 68, 1
22, 62, 1
3, 67, 1
88, 53, 1
38, 34, 1
38, 43, 1
109, 94, 1
38, 52, 1
13, 117, 1
132, 68, 1
3, 94, 1
122, 41, 1
41, 53, 1
52, 53, 1
17, 132, 1
41, 62, 1
52, 62, 1
88, 3, 1
73, 130, 1
62, 130, 1
3, 53, 1
38, 20, 1
34, 68, 1
97, 69, 1
3, 62, 1
69, 7, 1
80, 7, 1
5, 13, 1
129, 67, 1
17, 91, 1
73, 13, 1
62, 13, 1
20, 7, 1
17, 109, 1
5, 116, 1
91, 67, 1
53, 22, 1
116, 69, 1
130, 13, 1
117, 43, 1
88, 7, 1
117, 52, 1
73, 116, 1
62, 116, 1
129, 53, 1
67, 69, 1
129, 62, 1
130, 116, 1
97, 91, 1
13, 116, 1
132, 67, 1
122, 13, 1
122, 22, 1
91, 53, 1
41, 34, 1
41, 43, 1
41, 52, 1
53, 17, 1
34, 13, 1
34, 22, 1
116, 73, 1
117, 38, 1
22, 38, 1
116, 91, 1
88, 20, 1
3, 34, 1
132, 17, 1
3, 43, 1
73, 129, 1
62, 129, 1
3, 52, 1
97, 68, 1
132, 53, 1
88, 132, 1
38, 122, 1
122, 17, 1
5, 97, 1
69, 109, 1
41, 38, 1
52, 38, 1
80, 109, 1
73, 88, 1
116, 68, 1
73, 97, 1
62, 97, 1
3, 20, 1
129, 7, 1
20, 109, 1
3, 38, 1
38, 5, 1
129, 34, 1
130, 97, 1
53, 5, 1
41, 49, 1
52, 49, 1
117, 17, 1
34, 129, 1
52, 122, 1
22, 17, 1
122, 49, 1
109, 49, 1
130, 17, 1
217, 183, 1
69, 49, 1
38, 80, 1
52, 97, 1
20, 49, 1
52, 17, 1
97, 49, 1
20, 122, 1
17, 80, 1
20, 97, 1
53, 130, 1
213, 183, 1
20, 17, 1
34, 80, 1
117, 41, 1
67, 49, 1
130, 41, 1
53, 13, 1
62, 80, 1
73, 80, 1
67, 97, 1
130, 80, 1
130, 34, 1
218, 183, 1
68, 49, 1
5, 130, 1
67, 17, 1
41, 80, 1
34, 41, 1
122, 80, 1
122, 34, 1
22, 130, 1
129, 49, 1
13, 130, 1
91, 49, 1
91, 3, 1
67, 3, 1
22, 68, 1
97, 80, 1
52, 130, 1
53, 49, 1
88, 80, 1
122, 130, 1
91, 97, 1
53, 122, 1
22, 52, 1
52, 41, 1
38, 88, 1
13, 34, 1
132, 49, 1
52, 68, 1
91, 17, 1
116, 80, 1
189, 183, 1
17, 49, 1
52, 34, 1
109, 68, 1
20, 130, 1
43, 49, 1
20, 41, 1
109, 43, 1
34, 49, 1
5, 49, 1
20, 132, 1
67, 91, 1
130, 129, 1
7, 49, 1
117, 49, 1
34, 97, 1
22, 49, 1
53, 3, 1
130, 49, 1
62, 88, 1
13, 49, 1
34, 17, 1
117, 97, 1
22, 97, 1
129, 80, 1
91, 41, 1
67, 41, 1
122, 129, 1
20, 34, 1
189, 213, 1
132, 129, 1
5, 34, 1
67, 80, 1
3, 80, 1
91, 80, 1
213, 218, 1
213, 217, 1
69, 302, -1
69, 284, -1
69, 310, -1
69, 319, -1
69, 331, -1
69, 288, -1
69, 299, -1
69, 332, -1
69, 329, -1
69, 305, -1
69, 213, -1
69, 217, -1
69, 189, -1
69, 218, -1
69, 222, -1
69, 257, -1
69, 246, -1
69, 262, -1
69, 268, -1
80, 302, -1
80, 284, -1
80, 310, -1
80, 319, -1
80, 331, -1
80, 288, -1
80, 299, -1
80, 332, -1
80, 329, -1
80, 305, -1
80, 213, -1
80, 217, -1
80, 189, -1
80, 218, -1
80, 222, -1
80, 257, -1
80, 246, -1
80, 262, -1
80, 268, -1
109, 302, -1
109, 284, -1
109, 310, -1
109, 319, -1
109, 331, -1
109, 288, -1
109, 299, -1
109, 332, -1
109, 329, -1
109, 305, -1
109, 213, -1
109, 217, -1
109, 189, -1
109, 218, -1
109, 222, -1
109, 257, -1
109, 246, -1
109, 262, -1
109, 268, -1
183, 302, -1
183, 284, -1
183, 310, -1
183, 319, -1
183, 331, -1
183, 288, -1
183, 299, -1
183, 332, -1
183, 329, -1
183, 305, -1
183, 122, -1
183, 13, -1
183, 22, -1
183, 5, -1
183, 3, -1
183, 53, -1
183, 62, -1
183, 38, -1
183, 97, -1
183, 132, -1
183, 17, -1
183, 41, -1
183, 129, -1
183, 130, -1
183, 52, -1
183, 91, -1
183, 34, -1
183, 73, -1
183, 117, -1
183, 88, -1
183, 67, -1
183, 20, -1
183, 116, -1
183, 69, -1
183, 80, -1
183, 109, -1
183, 222, -1
183, 257, -1
183, 246, -1
183, 262, -1
183, 268, -1
68, 302, -1
68, 284, -1
68, 310, -1
68, 319, -1
68, 331, -1
68, 288, -1
68, 299, -1
68, 332, -1
68, 329, -1
68, 305, -1
68, 213, -1
68, 217, -1
68, 189, -1
68, 218, -1
68, 183, -1
68, 222, -1
68, 257, -1
68, 246, -1
68, 262, -1
68, 268, -1
43, 302, -1
43, 284, -1
43, 310, -1
43, 319, -1
43, 331, -1
43, 288, -1
43, 299, -1
43, 332, -1
43, 329, -1
43, 305, -1
43, 213, -1
43, 217, -1
43, 189, -1
43, 218, -1
43, 183, -1
43, 222, -1
43, 257, -1
43, 246, -1
43, 262, -1
43, 268, -1
7, 302, -1
7, 284, -1
7, 310, -1
7, 319, -1
7, 331, -1
7, 288, -1
7, 299, -1
7, 332, -1
7, 329, -1
7, 305, -1
7, 213, -1
7, 217, -1
7, 189, -1
7, 218, -1
7, 183, -1
7, 222, -1
7, 257, -1
7, 246, -1
7, 262, -1
7, 268, -1
49, 302, -1
49, 284, -1
49, 310, -1
49, 319, -1
49, 331, -1
49, 288, -1
49, 299, -1
49, 332, -1
49, 329, -1
49, 305, -1
49, 213, -1
49, 217, -1
49, 189, -1
49, 218, -1
49, 183, -1
49, 222, -1
49, 257, -1
49, 246, -1
49, 262, -1
49, 268, -1
94, 302, -1
94, 284, -1
94, 310, -1
94, 319, -1
94, 331, -1
94, 288, -1
94, 299, -1
94, 332, -1
94, 329, -1
94, 305, -1
94, 213, -1
94, 217, -1
94, 189, -1
94, 218, -1
94, 183, -1
94, 222, -1
94, 257, -1
94, 246, -1
94, 262, -1
94, 268, -1
132, 268, -1
329, 68, -1
97, 310, -1
332, 213, -1
213, 122, -1
97, 319, -1
129, 299, -1
116, 189, -1
73, 218, -1
62, 218, -1
284, 20, -1
17, 332, -1
332, 69, -1
122, 268, -1
284, 38, -1
91, 299, -1
329, 189, -1
331, 122, -1
20, 257, -1
67, 189, -1
213, 5, -1
189, 38, -1
288, 17, -1
305, 97, -1
116, 310, -1
302, 73, -1
34, 268, -1
116, 319, -1
117, 284, -1
217, 222, -1
88, 257, -1
302, 91, -1
5, 213, -1
117, 302, -1
5, 222, -1
299, 13, -1
22, 302, -1
97, 305, -1
310, 22, -1
299, 22, -1
213, 117, -1
67, 310, -1
288, 129, -1
67, 319, -1
257, 34, -1
73, 213, -1
132, 299, -1
299, 49, -1
62, 213, -1
305, 218, -1
62, 222, -1
73, 222, -1
257, 43, -1
218, 222, -1
257, 52, -1
268, 52, -1
183, 94, -1
130, 213, -1
189, 262, -1
302, 41, -1
130, 222, -1
41, 284, -1
288, 3, -1
13, 213, -1
218, 69, -1
52, 284, -1
13, 222, -1
329, 13, -1
17, 183, -1
41, 302, -1
329, 22, -1
52, 302, -1
116, 305, -1
302, 68, -1
3, 257, -1
329, 49, -1
129, 262, -1
213, 94, -1
3, 284, -1
299, 17, -1
310, 17, -1
67, 305, -1
257, 20, -1
268, 20, -1
122, 213, -1
122, 222, -1
257, 38, -1
268, 38, -1
217, 91, -1
73, 217, -1
305, 213, -1
62, 217, -1
91, 262, -1
331, 94, -1
17, 331, -1
332, 68, -1
299, 129, -1
97, 183, -1
130, 217, -1
305, 69, -1
218, 302, -1
41, 288, -1
288, 7, -1
53, 262, -1
329, 17, -1
73, 329, -1
62, 329, -1
97, 268, -1
20, 332, -1
213, 80, -1
129, 257, -1
13, 302, -1
310, 3, -1
38, 246, -1
332, 189, -1
132, 262, -1
217, 68, -1
213, 116, -1
331, 53, -1
88, 332, -1
331, 62, -1
329, 129, -1
116, 183, -1
17, 299, -1
122, 217, -1
91, 257, -1
284, 5, -1
189, 5, -1
302, 22, -1
116, 268, -1
329, 3, -1
302, 49, -1
53, 257, -1
69, 183, -1
34, 262, -1
5, 189, -1
284, 117, -1
67, 268, -1
189, 117, -1
310, 7, -1
299, 7, -1
132, 257, -1
97, 299, -1
62, 189, -1
73, 189, -1
20, 183, -1
332, 22, -1
217, 310, -1
217, 319, -1
5, 310, -1
5, 319, -1
130, 189, -1
305, 41, -1
88, 183, -1
302, 17, -1
13, 189, -1
288, 217, -1
257, 122, -1
305, 68, -1
117, 246, -1
62, 310, -1
73, 310, -1
218, 310, -1
329, 7, -1
62, 319, -1
213, 52, -1
73, 319, -1
22, 246, -1
302, 53, -1
189, 94, -1
284, 94, -1
38, 218, -1
130, 310, -1
213, 88, -1
288, 91, -1
130, 319, -1
331, 34, -1
13, 310, -1
217, 49, -1
122, 189, -1
257, 5, -1
13, 319, -1
268, 5, -1
288, 109, -1
217, 67, -1
331, 52, -1
305, 189, -1
88, 331, -1
218, 13, -1
5, 305, -1
218, 22, -1
217, 332, -1
302, 3, -1
332, 53, -1
41, 246, -1
52, 246, -1
257, 117, -1
91, 332, -1
299, 132, -1
268, 117, -1
122, 310, -1
310, 132, -1
73, 305, -1
62, 305, -1
122, 319, -1
3, 246, -1
38, 213, -1
97, 262, -1
288, 68, -1
38, 222, -1
130, 305, -1
53, 332, -1
88, 299, -1
17, 257, -1
13, 305, -1
217, 53, -1
331, 38, -1
217, 62, -1
17, 284, -1
132, 332, -1
305, 13, -1
329, 132, -1
299, 91, -1
305, 22, -1
310, 91, -1
302, 7, -1
299, 109, -1
310, 109, -1
116, 262, -1
122, 305, -1
302, 34, -1
257, 130, -1
122, 332, -1
97, 257, -1
38, 217, -1
213, 69, -1
67, 262, -1
329, 91, -1
34, 332, -1
5, 268, -1
332, 7, -1
329, 109, -1
38, 302, -1
129, 331, -1
218, 3, -1
41, 218, -1
53, 183, -1
305, 17, -1
38, 329, -1
73, 268, -1
62, 268, -1
218, 268, -1
117, 213, -1
116, 257, -1
117, 222, -1
302, 20, -1
299, 122, -1
310, 122, -1
257, 116, -1
91, 331, -1
22, 222, -1
3, 218, -1
130, 268, -1
288, 49, -1
217, 7, -1
305, 129, -1
13, 268, -1
288, 67, -1
213, 302, -1
67, 257, -1
217, 34, -1
53, 331, -1
302, 132, -1
217, 43, -1
122, 183, -1
217, 299, -1
332, 20, -1
305, 3, -1
41, 213, -1
52, 213, -1
218, 7, -1
41, 222, -1
52, 222, -1
132, 331, -1
34, 183, -1
20, 284, -1
3, 213, -1
3, 222, -1
38, 189, -1
213, 41, -1
20, 302, -1
319, 22, -1
288, 53, -1
53, 299, -1
288, 62, -1
302, 109, -1
217, 20, -1
331, 5, -1
88, 284, -1
217, 38, -1
88, 302, -1
34, 331, -1
97, 332, -1
299, 67, -1
310, 67, -1
38, 310, -1
284, 213, -1
41, 217, -1
38, 319, -1
305, 7, -1
217, 132, -1
331, 117, -1
299, 94, -1
257, 97, -1
332, 109, -1
122, 299, -1
284, 69, -1
3, 217, -1
189, 69, -1
116, 332, -1
218, 132, -1
34, 299, -1
329, 67, -1
217, 262, -1
3, 302, -1
88, 288, -1
302, 122, -1
17, 246, -1
257, 218, -1
213, 130, -1
329, 94, -1
5, 262, -1
299, 53, -1
3, 329, -1
67, 332, -1
310, 53, -1
299, 62, -1
310, 62, -1
217, 109, -1
262, 22, -1
38, 305, -1
310, 80, -1
117, 189, -1
62, 262, -1
22, 189, -1
73, 262, -1
331, 130, -1
213, 13, -1
218, 91, -1
213, 22, -1
288, 34, -1
189, 302, -1
130, 262, -1
218, 109, -1
288, 43, -1
13, 262, -1
329, 53, -1
288, 52, -1
305, 132, -1
329, 62, -1
117, 310, -1
117, 319, -1
129, 284, -1
22, 310, -1
331, 13, -1
302, 117, -1
257, 213, -1
268, 213, -1
22, 319, -1
329, 80, -1
129, 302, -1
97, 331, -1
5, 257, -1
41, 189, -1
52, 189, -1
305, 217, -1
217, 122, -1
257, 69, -1
91, 284, -1
268, 69, -1
122, 262, -1
331, 116, -1
73, 257, -1
62, 257, -1
91, 302, -1
67, 183, -1
218, 68, -1
3, 189, -1
213, 246, -1
213, 17, -1
305, 91, -1
288, 20, -1
302, 67, -1
332, 117, -1
41, 310, -1
52, 310, -1
130, 257, -1
41, 319, -1
53, 284, -1
288, 38, -1
52, 319, -1
305, 109, -1
116, 331, -1
217, 5, -1
17, 218, -1
53, 302, -1
117, 305, -1
22, 305, -1
129, 288, -1
38, 268, -1
132, 284, -1
3, 310, -1
257, 217, -1
213, 129, -1
288, 132, -1
299, 34, -1
3, 319, -1
310, 34, -1
310, 43, -1
132, 302, -1
299, 52, -1
67, 331, -1
284, 189, -1
310, 52, -1
217, 117, -1
122, 257, -1
20, 246, -1
332, 94, -1
213, 3, -1
218, 319, -1
116, 299, -1
302, 62, -1
34, 257, -1
41, 305, -1
52, 305, -1
329, 34, -1
88, 246, -1
302, 80, -1
329, 43, -1
34, 284, -1
17, 213, -1
329, 52, -1
213, 97, -1
17, 222, -1
183, 7, -1
299, 20, -1
310, 20, -1
67, 299, -1
3, 305, -1
299, 38, -1
310, 38, -1
217, 94, -1
257, 41, -1
262, 7, -1
284, 13, -1
332, 62, -1
284, 22, -1
5, 332, -1
117, 183, -1
189, 13, -1
257, 68, -1
268, 68, -1
189, 22, -1
218, 67, -1
117, 268, -1
73, 332, -1
329, 20, -1
62, 332, -1
218, 332, -1
246, 22, -1
329, 38, -1
17, 217, -1
257, 189, -1
268, 189, -1
130, 332, -1
288, 122, -1
13, 332, -1
17, 302, -1
305, 49, -1
189, 246, -1
218, 53, -1
41, 268, -1
52, 268, -1
213, 222, -1
218, 62, -1
305, 67, -1
302, 43, -1
288, 5, -1
88, 218, -1
302, 52, -1
5, 183, -1
129, 246, -1
3, 268, -1
331, 213, -1
97, 284, -1
117, 299, -1
62, 183, -1
97, 302, -1
73, 183, -1
38, 262, -1
257, 13, -1
288, 117, -1
268, 13, -1
257, 22, -1
268, 22, -1
17, 288, -1
331, 69, -1
91, 246, -1
217, 331, -1
20, 213, -1
257, 49, -1
130, 183, -1
332, 52, -1
20, 222, -1
13, 183, -1
5, 331, -1
305, 53, -1
305, 62, -1
302, 38, -1
53, 246, -1
116, 284, -1
88, 213, -1
88, 222, -1
116, 302, -1
73, 331, -1
62, 331, -1
17, 189, -1
218, 331, -1
213, 73, -1
132, 246, -1
213, 91, -1
97, 288, -1
299, 5, -1
310, 5, -1
129, 268, -1
217, 52, -1
67, 284, -1
288, 94, -1
130, 331, -1
213, 109, -1
67, 302, -1
257, 17, -1
13, 331, -1
329, 122, -1
183, 68, -1
288, 130, -1
5, 299, -1
332, 38, -1
17, 310, -1
284, 7, -1
17, 319, -1
218, 34, -1
299, 117, -1
189, 7, -1
218, 43, -1
310, 117, -1
218, 52, -1
73, 299, -1
62, 299, -1
218, 299, -1
257, 129, -1
222, 22, -1
329, 5, -1
129, 218, -1
34, 246, -1
88, 217, -1
122, 331, -1
117, 262, -1
246, 7, -1
213, 68, -1
22, 262, -1
130, 299, -1
288, 80, -1
13, 299, -1
257, 3, -1
91, 218, -1
288, 116, -1
329, 117, -1
88, 329, -1
319, 94, -1
331, 68, -1
17, 305, -1
218, 20, -1
189, 222, -1
305, 34, -1
218, 38, -1
305, 43, -1
41, 262, -1
305, 52, -1
52, 262, -1
299, 130, -1
310, 130, -1
129, 213, -1
117, 257, -1
129, 222, -1
132, 218, -1
331, 189, -1
213, 310, -1
3, 262, -1
213, 319, -1
319, 62, -1
183, 49, -1
91, 213, -1
310, 13, -1
257, 7, -1
91, 222, -1
268, 7, -1
217, 69, -1
20, 189, -1
329, 130, -1
305, 20, -1
38, 332, -1
218, 262, -1
302, 5, -1
305, 38, -1
53, 213, -1
299, 116, -1
41, 257, -1
53, 222, -1
88, 189, -1
52, 257, -1
310, 116, -1
129, 217, -1
213, 49, -1
97, 246, -1
20, 310, -1
132, 213, -1
132, 222, -1
20, 319, -1
284, 109, -1
213, 67, -1
189, 109, -1
331, 22, -1
288, 88, -1
288, 97, -1
88, 310, -1
217, 284, -1
17, 268, -1
332, 5, -1
88, 319, -1
91, 217, -1
217, 302, -1
329, 116, -1
5, 284, -1
5, 302, -1
116, 246, -1
310, 49, -1
73, 284, -1
34, 213, -1
62, 284, -1
218, 284, -1
284, 68, -1
288, 218, -1
34, 222, -1
222, 7, -1
310, 129, -1
62, 302, -1
38, 183, -1
73, 302, -1
257, 132, -1
13, 257, -1
20, 305, -1
218, 122, -1
213, 53, -1
132, 217, -1
130, 284, -1
213, 62, -1
67, 246, -1
13, 284, -1
130, 302, -1
117, 332, -1
302, 130, -1
217, 41, -1
88, 305, -1
22, 332, -1
218, 5, -1
310, 88, -1
38, 331, -1
299, 97, -1
310, 97, -1
257, 91, -1
122, 284, -1
302, 13, -1
257, 109, -1
129, 189, -1
73, 288, -1
97, 218, -1
122, 302, -1
268, 109, -1
288, 213, -1
34, 217, -1
189, 310, -1
218, 117, -1
305, 122, -1
41, 332, -1
189, 319, -1
52, 332, -1
80, 183, -1
34, 302, -1
319, 38, -1
288, 69, -1
302, 116, -1
91, 189, -1
329, 88, -1
183, 43, -1
329, 97, -1
129, 310, -1
3, 332, -1
129, 319, -1
38, 299, -1
332, 13, -1
305, 5, -1
116, 218, -1
53, 189, -1
217, 130, -1
22, 183, -1
91, 310, -1
213, 7, -1
20, 268, -1
91, 319, -1
97, 213, -1
218, 94, -1
329, 218, -1
97, 222, -1
132, 189, -1
67, 218, -1
213, 34, -1
305, 117, -1
213, 43, -1
88, 268, -1
217, 13, -1
218, 130, -1
53, 310, -1
217, 22, -1
299, 213, -1
53, 319, -1
288, 73, -1
331, 7, -1
117, 331, -1
302, 129, -1
41, 183, -1
52, 183, -1
129, 305, -1
17, 262, -1
132, 310, -1
132, 319, -1
299, 69, -1
129, 332, -1
217, 116, -1
116, 213, -1
310, 69, -1
116, 222, -1
109, 183, -1
34, 189, -1
3, 183, -1
91, 305, -1
284, 53, -1
284, 62, -1
189, 53, -1
213, 20, -1
329, 213, -1
97, 217, -1
305, 94, -1
189, 62, -1
67, 213, -1
67, 222, -1
213, 38, -1
288, 41, -1
302, 88, -1
218, 116, -1
41, 331, -1
302, 97, -1
305, 130, -1
217, 246, -1
53, 305, -1
217, 17, -1
329, 69, -1
34, 310, -1
34, 319, -1
5, 246, -1
331, 20, -1
213, 132, -1
132, 305, -1
3, 331, -1
310, 73, -1
116, 217, -1
257, 67, -1
62, 246, -1
73, 246, -1
217, 129, -1
218, 246, -1
288, 189, -1
331, 132, -1
257, 94, -1
268, 94, -1
129, 183, -1
41, 299, -1
130, 246, -1
329, 217, -1
213, 262, -1
67, 217, -1
13, 246, -1
305, 116, -1
116, 329, -1
217, 3, -1
38, 257, -1
34, 305, -1
91, 183, -1
3, 299, -1
329, 73, -1
217, 268, -1
299, 41, -1
310, 41, -1
38, 284, -1
217, 97, -1
257, 53, -1
91, 268, -1
268, 53, -1
299, 68, -1
122, 246, -1
257, 62, -1
268, 62, -1
310, 68, -1
331, 109, -1
97, 189, -1
284, 52, -1
20, 262, -1
288, 13, -1
288, 22, -1
53, 268, -1
132, 183, -1
302, 69, -1
329, 41, -1
299, 189, -1
88, 262, -1
218, 17, -1
213, 305, -1
213, 268, -1
213, 332, -1
189, 130, -1
331, 49, -1
268, 130, -1
218, 129, -1
302, 183, -1
268, 41, -1
222, 62, -1
331, 97, -1
189, 68, -1
218, 49, -1
268, 34, -1
246, 68, -1
331, 17, -1
262, 183, -1
222, 183, -1
332, 183, -1
284, 97, -1
213, 284, -1
189, 97, -1
217, 80, -1
222, 94, -1
262, 130, -1
284, 17, -1
222, 130, -1
246, 97, -1
332, 130, -1
189, 17, -1
262, 41, -1
331, 3, -1
218, 80, -1
331, 67, -1
222, 41, -1
332, 41, -1
246, 17, -1
262, 52, -1
332, 34, -1
284, 49, -1
222, 52, -1
189, 49, -1
268, 49, -1
189, 122, -1
299, 3, -1
246, 49, -1
305, 80, -1
288, 183, -1
310, 94, -1
213, 299, -1
268, 97, -1
268, 183, -1
218, 41, -1
213, 329, -1
305, 183, -1
268, 17, -1
331, 183, -1
222, 38, -1
331, 91, -1
262, 68, -1
213, 331, -1
222, 68, -1
332, 49, -1
284, 183, -1
310, 183, -1
299, 183, -1
331, 41, -1
262, 97, -1
222, 97, -1
246, 183, -1
332, 97, -1
284, 130, -1
262, 17, -1
331, 43, -1
222, 17, -1
332, 17, -1
329, 183, -1
284, 41, -1
189, 41, -1
246, 130, -1
302, 94, -1
246, 41, -1
284, 34, -1
257, 80, -1
262, 49, -1
299, 43, -1
189, 52, -1
213, 257, -1
222, 49, -1
218, 97, -1
257, 183, -1
246, 52, -1
218, 88, -1
262, 122, -1
284, 122, -1
246, 122, -1
257, 88, -1
332, 122, -1
222, 122, -1
217, 88, -1
305, 88, -1
268, 122, -1

96, 122, 1
96, 13, 1
96, 22, 1
96, 5, 1
96, 3, 1
96, 53, 1
96, 62, 1
96, 38, 1
96, 97, 1
96, 132, 1
96, 17, 1
96, 41, 1
96, 129, 1
96, 130, 1
96, 52, 1
96, 91, 1
96, 34, 1
96, 73, 1
96, 117, 1
96, 88, 1
96, 67, 1
96, 20, 1
96, 116, 1
96, 69, 1
96, 80, 1
96, 109, 1
96, 68, 1
96, 43, 1
96, 7, 1
96, 49, 1
96, 94, 1
83, 122, 1
83, 13, 1
83, 22, 1
83, 5, 1
83, 3, 1
83, 53, 1
83, 62, 1
83, 38, 1
83, 97, 1
83, 132, 1
83, 17, 1
83, 41, 1
83, 129, 1
83, 130, 1
83, 52, 1
83, 91, 1
83, 34, 1
83, 73, 1
83, 117, 1
83, 88, 1
83, 67, 1
83, 20, 1
83, 116, 1
83, 69, 1
83, 80, 1
83, 109, 1
83, 68, 1
83, 43, 1
83, 7, 1
83, 49, 1
83, 94, 1
83, 96, 1
330, 302, 1
330, 284, 1
330, 310, 1
330, 319, 1
330, 331, 1
330, 288, 1
330, 299, 1
330, 332, 1
330, 329, 1
330, 305, 1
212, 213, 1
212, 217, 1
212, 189, 1
212, 218, 1
212, 183, 1
77, 122, 1
77, 13, 1
77, 22, 1
77, 5, 1
77, 3, 1
77, 53, 1
77, 62, 1
77, 38, 1
77, 97, 1
77, 132, 1
77, 17, 1
77, 41, 1
77, 129, 1
77, 130, 1
77, 52, 1
77, 91, 1
77, 34, 1
77, 73, 1
77, 117, 1
77, 88, 1
77, 67, 1
77, 20, 1
77, 116, 1
77, 69, 1
77, 80, 1
77, 109, 1
77, 68, 1
77, 43, 1
77, 7, 1
77, 49, 1
77, 94, 1
77, 96, 1
77, 83, 1
60, 122, 1
60, 13, 1
60, 22, 1
60, 5, 1
60, 3, 1
60, 53, 1
60, 62, 1
60, 38, 1
60, 97, 1
60, 132, 1
60, 17, 1
60, 41, 1
60, 129, 1
60, 130, 1
60, 52, 1
60, 91, 1
60, 34, 1
60, 73, 1
60, 117, 1
60, 88, 1
60, 67, 1
60, 20, 1
60, 116, 1
60, 69, 1
60, 80, 1
60, 109, 1
60, 68, 1
60, 43, 1
60, 7, 1
60, 49, 1
60, 94, 1
60, 96, 1
60, 83, 1
60, 77, 1
129, 43, 1
67, 68, 1
67, 77, 1
91, 7, 1
88, 109, 1
17, 67, 1
122, 3, 1
5, 83, 1
91, 34, 1
49, 117, 1
17, 94, 1
299, 310, 1
310, 319, 1
299, 319, 1
53, 7, 1
34, 3, 1
80, 122, 1
73, 83, 1
217, 213, 1
43, 60, 1
132, 7, 1
43, 69, 1
129, 20, 1
68, 13, 1
130, 83, 1
97, 67, 1
13, 83, 1
132, 34, 1
329, 310, 1
17, 53, 1
329, 319, 1
17, 62, 1
5, 60, 1
94, 7, 1
5, 69, 1
91, 20, 1
88, 122, 1
218, 213, 1
17, 80, 1
129, 132, 1
122, 7, 1
49, 130, 1
73, 60, 1
117, 5, 1
73, 69, 1
80, 117, 1
116, 49, 1
34, 7, 1
53, 20, 1
116, 67, 1
91, 132, 1
67, 22, 1
130, 69, 1
13, 60, 1
13, 69, 1
97, 53, 1
132, 20, 1
43, 91, 1
329, 305, 1
53, 132, 1
3, 122, 1
129, 109, 1
88, 117, 1
41, 5, 1
52, 5, 1
49, 116, 1
331, 332, 1
116, 17, 1
69, 94, 1
80, 94, 1
91, 109, 1
109, 5, 1
116, 53, 1
3, 5, 1
73, 91, 1
43, 41, 1
41, 117, 1
20, 94, 1
302, 310, 1
43, 68, 1
302, 319, 1
88, 67, 1
43, 77, 1
53, 109, 1
130, 91, 1
17, 34, 1
17, 43, 1
88, 94, 1
117, 130, 1
17, 52, 1
3, 117, 1
34, 132, 1
69, 62, 1
80, 62, 1
5, 68, 1
132, 109, 1
129, 122, 1
5, 77, 1
73, 41, 1
332, 310, 1
20, 53, 1
73, 68, 1
305, 302, 1
332, 319, 1
20, 62, 1
117, 13, 1
73, 77, 1
217, 189, 1
97, 7, 1
122, 91, 1
117, 22, 1
91, 122, 1
122, 109, 1
129, 5, 1
97, 34, 1
130, 68, 1
41, 130, 1
88, 62, 1
130, 77, 1
17, 20, 1
34, 91, 1
13, 68, 1
88, 80, 1
117, 116, 1
34, 109, 1
17, 38, 1
218, 189, 1
109, 130, 1
3, 130, 1
49, 97, 1
129, 117, 1
116, 7, 1
132, 122, 1
41, 13, 1
52, 13, 1
122, 68, 1
116, 34, 1
122, 77, 1
43, 22, 1
91, 117, 1
109, 13, 1
67, 7, 1
97, 20, 1
41, 116, 1
34, 77, 1
5, 22, 1
68, 69, 1
53, 117, 1
109, 116, 1
80, 43, 1
130, 88, 1
129, 94, 1
80, 52, 1
3, 116, 1
49, 83, 1
331, 299, 1
97, 132, 1
69, 52, 1
62, 22, 1
73, 22, 1
132, 117, 1
116, 20, 1
73, 49, 1
91, 94, 1
20, 52, 1
43, 17, 1
130, 22, 1
117, 3, 1
305, 310, 1
13, 22, 1
53, 67, 1
88, 34, 1
88, 43, 1
43, 53, 1
67, 20, 1
88, 52, 1
53, 94, 1
116, 132, 1
129, 80, 1
49, 60, 1
97, 109, 1
80, 38, 1
69, 38, 1
49, 69, 1
132, 94, 1
73, 17, 1
67, 132, 1
91, 62, 1
17, 122, 1
91, 80, 1
20, 38, 1
73, 53, 1
122, 67, 1
217, 183, 1
41, 88, 1
41, 97, 1
53, 62, 1
116, 109, 1
88, 38, 1
130, 53, 1
34, 67, 1
117, 83, 1
96, 60, 1
17, 5, 1
5, 3, 1
288, 319, 1
34, 94, 1
132, 62, 1
3, 88, 1
3, 97, 1
68, 77, 1
67, 109, 1
97, 122, 1
73, 3, 1
80, 60, 1
69, 60, 1
17, 117, 1
122, 53, 1
130, 3, 1
122, 62, 1
43, 7, 1
13, 3, 1
41, 83, 1
43, 34, 1
34, 53, 1
117, 69, 1
34, 62, 1
288, 305, 1
116, 122, 1
129, 52, 1
34, 80, 1
5, 7, 1
109, 83, 1
49, 41, 1
3, 83, 1
288, 332, 1
129, 88, 1
49, 68, 1
97, 117, 1
331, 284, 1
38, 68, 1
62, 7, 1
91, 43, 1
73, 7, 1
67, 122, 1
331, 302, 1
91, 52, 1
17, 130, 1
41, 60, 1
130, 7, 1
41, 69, 1
52, 69, 1
13, 7, 1
53, 43, 1
43, 20, 1
53, 52, 1
68, 22, 1
109, 60, 1
129, 38, 1
109, 69, 1
116, 117, 1
3, 60, 1
80, 5, 1
3, 69, 1
117, 91, 1
132, 43, 1
132, 52, 1
97, 94, 1
43, 132, 1
80, 41, 1
91, 38, 1
20, 5, 1
73, 20, 1
17, 116, 1
299, 332, 1
122, 43, 1
122, 52, 1
5, 132, 1
53, 38, 1
88, 5, 1
130, 20, 1
34, 43, 1
116, 94, 1
34, 52, 1
20, 117, 1
117, 68, 1
49, 13, 1
73, 132, 1
97, 62, 1
117, 77, 1
38, 22, 1
49, 22, 1
22, 68, 1
132, 38, 1
97, 80, 1
43, 109, 1
129, 60, 1
3, 73, 1
68, 53, 1
109, 91, 1
129, 69, 1
329, 332, 1
130, 132, 1
67, 94, 1
13, 132, 1
5, 91, 1
122, 20, 1
5, 109, 1
91, 60, 1
122, 38, 1
80, 130, 1
116, 62, 1
34, 20, 1
41, 68, 1
284, 302, 1
52, 68, 1
41, 77, 1
52, 77, 1
73, 109, 1
34, 38, 1
122, 132, 1
3, 41, 1
67, 53, 1
49, 17, 1
288, 299, 1
109, 68, 1
67, 62, 1
109, 77, 1
13, 91, 1
3, 68, 1
130, 109, 1
80, 13, 1
67, 80, 1
13, 109, 1
80, 22, 1
132, 60, 1
43, 122, 1
88, 130, 1
17, 88, 1
17, 97, 1
49, 129, 1
20, 13, 1
80, 116, 1
5, 122, 1
88, 13, 1
97, 43, 1
68, 7, 1
73, 122, 1
49, 3, 1
97, 52, 1
20, 116, 1
117, 67, 1
13, 77, 1
129, 41, 1
91, 5, 1
43, 117, 1
130, 122, 1
88, 116, 1
329, 331, 1
17, 83, 1
41, 22, 1
52, 22, 1
116, 43, 1
116, 52, 1
80, 129, 1
109, 22, 1
3, 13, 1
284, 310, 1
3, 22, 1
97, 38, 1
132, 5, 1
43, 67, 1
73, 117, 1
67, 34, 1
117, 53, 1
38, 7, 1
67, 43, 1
68, 20, 1
49, 7, 1
3, 49, 1
67, 52, 1
329, 299, 1
43, 94, 1
80, 3, 1
34, 122, 1
130, 117, 1
17, 60, 1
17, 69, 1
5, 67, 1
88, 129, 1
129, 130, 1
122, 5, 1
80, 88, 1
41, 17, 1
5, 94, 1
80, 97, 1
116, 38, 1
73, 67, 1
34, 5, 1
305, 319, 1
62, 94, 1
73, 94, 1
91, 130, 1
3, 17, 1
122, 117, 1
43, 62, 1
129, 13, 1
130, 67, 1
129, 22, 1
67, 38, 1
288, 284, 1
13, 67, 1
109, 53, 1
96, 83, 1
97, 60, 1
130, 94, 1
34, 117, 1
13, 94, 1
88, 97, 1
5, 53, 1
5, 62, 1
91, 13, 1
3, 129, 1
129, 116, 1
68, 109, 1
91, 22, 1
41, 3, 1
80, 83, 1
132, 130, 1
49, 132, 1
73, 62, 1
117, 7, 1
109, 3, 1
91, 116, 1
22, 7, 1
73, 80, 1
122, 94, 1
116, 60, 1
117, 34, 1
305, 332, 1
130, 62, 1
13, 53, 1
129, 17, 1
13, 62, 1
132, 13, 1
130, 80, 1
132, 22, 1
53, 116, 1
88, 83, 1
218, 183, 1
34, 130, 1
49, 91, 1
17, 68, 1
80, 69, 1
299, 284, 1
132, 116, 1
41, 7, 1
52, 7, 1
49, 109, 1
299, 302, 1
122, 80, 1
20, 60, 1
97, 5, 1
20, 69, 1
109, 7, 1
117, 20, 1
3, 7, 1
43, 52, 1
129, 3, 1
109, 34, 1
122, 116, 1
88, 60, 1
88, 69, 1
329, 284, 1
34, 116, 1
5, 43, 1
117, 132, 1
129, 97, 1
49, 77, 1
5, 52, 1
80, 73, 1
116, 5, 1
73, 34, 1
68, 117, 1
73, 43, 1
80, 91, 1
41, 20, 1
52, 20, 1
73, 52, 1
91, 88, 1
62, 52, 1
116, 41, 1
43, 38, 1
67, 5, 1
130, 43, 1
109, 20, 1
130, 52, 1
305, 331, 1
13, 43, 1
217, 218, 1
13, 52, 1
132, 3, 1
17, 13, 1
41, 132, 1
96, 77, 1
17, 22, 1
5, 20, 1
117, 109, 1
88, 73, 1
129, 83, 1
5, 38, 1
88, 91, 1
67, 117, 1
97, 130, 1
68, 94, 1
109, 132, 1
132, 97, 1
80, 68, 1
3, 132, 1
69, 68, 1
69, 77, 1
80, 77, 1
213, 189, 1
62, 38, 1
73, 38, 1
91, 83, 1
305, 299, 1
41, 91, 1
13, 20, 1
122, 88, 1
20, 68, 1
130, 38, 1
97, 13, 1
20, 77, 1
41, 109, 1
13, 38, 1
97, 22, 1
52, 109, 1
88, 41, 1
53, 83, 1
116, 130, 1
34, 88, 1
88, 68, 1
68, 62, 1
288, 331, 1
3, 91, 1
88, 77, 1
117, 122, 1
49, 67, 1
97, 116, 1
132, 83, 1
3, 109, 1
38, 94, 1
49, 94, 1
67, 130, 1
331, 310, 1
331, 319, 1
91, 69, 1
332, 284, 1
116, 13, 1
116, 22, 1
332, 302, 1
122, 83, 1
53, 60, 1
53, 69, 1
67, 13, 1
130, 60, 1
41, 122, 1
17, 3, 1
34, 83, 1
3, 77, 1
69, 22, 1
49, 53, 1
132, 69, 1
49, 62, 1
129, 91, 1
109, 122, 1
80, 49, 1
67, 116, 1
80, 67, 1
20, 22, 1
83, 60, 1
122, 60, 1
43, 5, 1
122, 69, 1
97, 3, 1
88, 22, 1
34, 60, 1
34, 69, 1
52, 117, 1
88, 49, 1
17, 7, 1
53, 91, 1
117, 94, 1
116, 129, 1
97, 88, 1
68, 52, 1
80, 17, 1
129, 68, 1
129, 77, 1
13, 122, 1
109, 117, 1
73, 5, 1
80, 53, 1
132, 91, 1
213, 183, 1
116, 3, 1
5, 117, 1
91, 68, 1
91, 77, 1
130, 5, 1
41, 67, 1
305, 284, 1
13, 5, 1
284, 319, 1
88, 17, 1
116, 88, 1
41, 94, 1
52, 94, 1
117, 62, 1
116, 97, 1
53, 68, 1
109, 67, 1
53, 77, 1
68, 38, 1
3, 67, 1
88, 53, 1
49, 34, 1
97, 83, 1
49, 43, 1
109, 94, 1
49, 52, 1
38, 52, 1
13, 117, 1
132, 68, 1
3, 94, 1
43, 130, 1
132, 77, 1
41, 53, 1
52, 53, 1
17, 132, 1
41, 62, 1
52, 62, 1
83, 77, 1
88, 3, 1
43, 13, 1
41, 80, 1
116, 83, 1
73, 130, 1
109, 62, 1
3, 53, 1
49, 20, 1
34, 68, 1
97, 69, 1
288, 302, 1
3, 62, 1
69, 7, 1
80, 7, 1
49, 38, 1
5, 13, 1
3, 80, 1
129, 67, 1
67, 83, 1
43, 116, 1
288, 329, 1
80, 34, 1
17, 91, 1
73, 13, 1
20, 7, 1
17, 109, 1
5, 116, 1
91, 67, 1
53, 22, 1
116, 69, 1
130, 13, 1
88, 7, 1
117, 43, 1
117, 52, 1
73, 116, 1
67, 60, 1
129, 53, 1
67, 69, 1
129, 62, 1
130, 116, 1
97, 91, 1
80, 20, 1
13, 116, 1
132, 67, 1
43, 129, 1
17, 77, 1
189, 183, 1
94, 22, 1
122, 13, 1
122, 22, 1
91, 53, 1
41, 34, 1
41, 43, 1
41, 52, 1
34, 13, 1
80, 132, 1
34, 22, 1
116, 73, 1
117, 38, 1
68, 5, 1
109, 43, 1
88, 20, 1
3, 34, 1
116, 91, 1
109, 52, 1
3, 43, 1
73, 129, 1
3, 52, 1
97, 68, 1
329, 302, 1
43, 97, 1
97, 77, 1
288, 310, 1
132, 53, 1
88, 132, 1
62, 68, 1
49, 122, 1
69, 109, 1
41, 38, 1
52, 38, 1
80, 109, 1
73, 88, 1
116, 68, 1
73, 97, 1
116, 77, 1
3, 20, 1
129, 7, 1
109, 38, 1
20, 109, 1
3, 38, 1
49, 5, 1
117, 60, 1
43, 83, 1
129, 34, 1
130, 97, 1
53, 5, 1
97, 17, 1
41, 49, 1
62, 17, 1
117, 17, 1
52, 49, 1
13, 97, 1
34, 129, 1
52, 122, 1
22, 17, 1
94, 3, 1
122, 49, 1
94, 67, 1
43, 3, 1
38, 53, 1
38, 117, 1
130, 17, 1
109, 49, 1
38, 62, 1
13, 17, 1
69, 49, 1
52, 97, 1
38, 80, 1
97, 129, 1
132, 96, 1
49, 80, 1
132, 41, 1
69, 122, 1
122, 97, 1
68, 41, 1
94, 5, 1
94, 69, 1
109, 97, 1
20, 49, 1
52, 17, 1
97, 49, 1
69, 97, 1
20, 122, 1
38, 73, 1
62, 3, 1
43, 96, 1
109, 17, 1
94, 62, 1
69, 17, 1
20, 97, 1
34, 96, 1
288, 330, 1
310, 305, 1
94, 34, 1
38, 130, 1
62, 60, 1
69, 53, 1
62, 69, 1
69, 117, 1
22, 60, 1
53, 130, 1
20, 17, 1
73, 96, 1
49, 96, 1
38, 96, 1
305, 330, 1
117, 41, 1
38, 41, 1
94, 91, 1
62, 53, 1
67, 49, 1
38, 132, 1
130, 96, 1
130, 41, 1
53, 13, 1
38, 34, 1
52, 60, 1
94, 130, 1
38, 43, 1
94, 20, 1
67, 88, 1
38, 116, 1
67, 97, 1
130, 34, 1
52, 96, 1
41, 96, 1
17, 96, 1
17, 41, 1
94, 41, 1
62, 73, 1
310, 330, 1
122, 96, 1
299, 330, 1
122, 41, 1
69, 5, 1
62, 91, 1
38, 91, 1
310, 284, 1
217, 212, 1
94, 68, 1
67, 17, 1
5, 130, 1
68, 49, 1
94, 77, 1
94, 132, 1
38, 109, 1
319, 305, 1
310, 302, 1
68, 122, 1
94, 13, 1
80, 96, 1
69, 41, 1
7, 130, 1
284, 332, 1
5, 41, 1
62, 130, 1
94, 43, 1
62, 20, 1
38, 20, 1
122, 34, 1
94, 52, 1
310, 332, 1
129, 49, 1
68, 97, 1
94, 116, 1
22, 130, 1
20, 96, 1
97, 96, 1
329, 330, 1
97, 41, 1
62, 41, 1
13, 130, 1
22, 41, 1
7, 68, 1
68, 17, 1
91, 49, 1
62, 13, 1
62, 132, 1
88, 96, 1
38, 77, 1
38, 13, 1
94, 109, 1
91, 3, 1
67, 3, 1
13, 41, 1
38, 49, 1
62, 34, 1
52, 130, 1
53, 49, 1
62, 116, 1
91, 97, 1
116, 96, 1
122, 130, 1
53, 122, 1
94, 38, 1
22, 52, 1
52, 41, 1
38, 88, 1
49, 88, 1
13, 34, 1
132, 49, 1
38, 97, 1
69, 130, 1
94, 129, 1
69, 20, 1
91, 17, 1
53, 97, 1
67, 96, 1
62, 109, 1
109, 41, 1
3, 96, 1
38, 17, 1
17, 49, 1
94, 49, 1
20, 130, 1
310, 329, 1
52, 34, 1
94, 122, 1
43, 49, 1
69, 13, 1
69, 132, 1
218, 212, 1
68, 60, 1
20, 41, 1
34, 49, 1
132, 17, 1
94, 97, 1
62, 129, 1
38, 129, 1
43, 88, 1
5, 49, 1
38, 83, 1
20, 132, 1
68, 96, 1
69, 116, 1
94, 60, 1
299, 331, 1
7, 22, 1
310, 331, 1
67, 91, 1
130, 129, 1
94, 17, 1
62, 49, 1
34, 97, 1
117, 49, 1
62, 122, 1
22, 49, 1
122, 17, 1
5, 97, 1
38, 122, 1
38, 3, 1
38, 67, 1
129, 96, 1
53, 3, 1
94, 53, 1
94, 117, 1
130, 49, 1
13, 49, 1
41, 129, 1
17, 129, 1
117, 97, 1
62, 97, 1
5, 17, 1
310, 299, 1
94, 83, 1
91, 96, 1
38, 60, 1
91, 41, 1
67, 41, 1
122, 129, 1
38, 5, 1
38, 69, 1
77, 60, 1
302, 288, 1
319, 332, 1
53, 17, 1
62, 96, 1
7, 41, 1
331, 330, 1
53, 41, 1
68, 130, 1
62, 117, 1
302, 330, 1
5, 34, 1
62, 77, 1
302, 284, 1
62, 80, 1
62, 83, 1
302, 299, 1
302, 305, 1
7, 49, 1
62, 43, 1
132, 129, 1
20, 34, 1
302, 329, 1
302, 332, 1
62, 67, 1
68, 34, 1
62, 88, 1
34, 17, 1
22, 97, 1
34, 41, 1
302, 331, 1
62, 5, 1
96, 302, -1
96, 284, -1
96, 310, -1
96, 319, -1
96, 331, -1
96, 288, -1
96, 299, -1
96, 332, -1
96, 329, -1
96, 305, -1
96, 213, -1
96, 217, -1
96, 189, -1
96, 218, -1
96, 183, -1
96, 222, -1
96, 257, -1
96, 246, -1
96, 262, -1
96, 268, -1
83, 302, -1
83, 284, -1
83, 310, -1
83, 319, -1
83, 331, -1
83, 288, -1
83, 299, -1
83, 332, -1
83, 329, -1
83, 305, -1
83, 213, -1
83, 217, -1
83, 189, -1
83, 218, -1
83, 183, -1
83, 222, -1
83, 257, -1
83, 246, -1
83, 262, -1
83, 268, -1
330, 122, -1
330, 13, -1
330, 22, -1
330, 5, -1
330, 3, -1
330, 53, -1
330, 62, -1
330, 38, -1
330, 97, -1
330, 132, -1
330, 17, -1
330, 41, -1
330, 129, -1
330, 130, -1
330, 52, -1
330, 91, -1
330, 34, -1
330, 73, -1
330, 117, -1
330, 88, -1
330, 67, -1
330, 20, -1
330, 116, -1
330, 69, -1
330, 80, -1
330, 109, -1
330, 68, -1
330, 43, -1
330, 7, -1
330, 49, -1
330, 94, -1
330, 96, -1
330, 83, -1
330, 213, -1
330, 217, -1
330, 189, -1
330, 218, -1
330, 183, -1
330, 222, -1
330, 257, -1
330, 246, -1
330, 262, -1
330, 268, -1
212, 302, -1
212, 284, -1
212, 310, -1
212, 319, -1
212, 331, -1
212, 288, -1
212, 299, -1
212, 332, -1
212, 329, -1
212, 305, -1
212, 330, -1
212, 122, -1
212, 13, -1
212, 22, -1
212, 5, -1
212, 3, -1
212, 53, -1
212, 62, -1
212, 38, -1
212, 97, -1
212, 132, -1
212, 17, -1
212, 41, -1
212, 129, -1
212, 130, -1
212, 52, -1
212, 91, -1
212, 34, -1
212, 73, -1
212, 117, -1
212, 88, -1
212, 67, -1
212, 20, -1
212, 116, -1
212, 69, -1
212, 80, -1
212, 109, -1
212, 68, -1
212, 43, -1
212, 7, -1
212, 49, -1
212, 94, -1
212, 96, -1
212, 83, -1
212, 222, -1
212, 257, -1
212, 246, -1
212, 262, -1
212, 268, -1
77, 302, -1
77, 284, -1
77, 310, -1
77, 319, -1
77, 331, -1
77, 288, -1
77, 299, -1
77, 332, -1
77, 329, -1
77, 305, -1
77, 330, -1
77, 213, -1
77, 217, -1
77, 189, -1
77, 218, -1
77, 183, -1
77, 212, -1
77, 222, -1
77, 257, -1
77, 246, -1
77, 262, -1
77, 268, -1
60, 302, -1
60, 284, -1
60, 310, -1
60, 319, -1
60, 331, -1
60, 288, -1
60, 299, -1
60, 332, -1
60, 329, -1
60, 305, -1
60, 330, -1
60, 213, -1
60, 217, -1
60, 189, -1
60, 218, -1
60, 183, -1
60, 212, -1
60, 222, -1
60, 257, -1
60, 246, -1
60, 262, -1
60, 268, -1
132, 268, -1
329, 68, -1
43, 330, -1
97, 310, -1
332, 213, -1
213, 122, -1
97, 319, -1
129, 299, -1
332, 222, -1
80, 257, -1
116, 189, -1
49, 288, -1
73, 218, -1
319, 130, -1
332, 60, -1
284, 20, -1
17, 332, -1
332, 69, -1
122, 268, -1
284, 38, -1
91, 299, -1
43, 213, -1
331, 122, -1
329, 189, -1
43, 222, -1
189, 38, -1
67, 189, -1
257, 331, -1
213, 5, -1
218, 83, -1
288, 17, -1
73, 330, -1
305, 97, -1
116, 310, -1
218, 330, -1
34, 268, -1
116, 319, -1
217, 222, -1
117, 284, -1
88, 257, -1
5, 213, -1
117, 302, -1
5, 222, -1
299, 13, -1
97, 305, -1
310, 22, -1
299, 22, -1
213, 117, -1
67, 310, -1
288, 129, -1
67, 319, -1
257, 34, -1
73, 213, -1
299, 49, -1
132, 299, -1
257, 43, -1
62, 222, -1
73, 222, -1
305, 218, -1
218, 222, -1
257, 52, -1
268, 52, -1
222, 183, -1
257, 299, -1
284, 262, -1
130, 213, -1
218, 60, -1
189, 262, -1
130, 222, -1
41, 284, -1
13, 213, -1
288, 3, -1
218, 69, -1
52, 284, -1
305, 83, -1
13, 222, -1
329, 13, -1
17, 183, -1
41, 302, -1
329, 22, -1
52, 302, -1
116, 305, -1
3, 257, -1
288, 268, -1
68, 246, -1
109, 284, -1
329, 49, -1
129, 262, -1
213, 94, -1
3, 284, -1
109, 302, -1
299, 17, -1
257, 20, -1
268, 20, -1
122, 213, -1
331, 67, -1
122, 222, -1
257, 38, -1
268, 38, -1
217, 91, -1
73, 217, -1
305, 213, -1
305, 222, -1
91, 262, -1
331, 94, -1
257, 183, -1
17, 331, -1
80, 332, -1
332, 68, -1
69, 332, -1
299, 129, -1
332, 77, -1
97, 183, -1
305, 60, -1
43, 212, -1
305, 69, -1
218, 302, -1
41, 288, -1
288, 7, -1
53, 262, -1
329, 17, -1
73, 329, -1
97, 268, -1
284, 122, -1
20, 332, -1
213, 80, -1
13, 302, -1
299, 3, -1
5, 212, -1
38, 246, -1
49, 246, -1
332, 189, -1
132, 262, -1
217, 68, -1
331, 53, -1
213, 116, -1
88, 332, -1
299, 268, -1
331, 62, -1
217, 77, -1
329, 129, -1
116, 183, -1
17, 299, -1
73, 212, -1
284, 5, -1
94, 262, -1
43, 189, -1
302, 22, -1
116, 268, -1
288, 222, -1
130, 212, -1
329, 3, -1
331, 183, -1
69, 183, -1
34, 262, -1
5, 189, -1
284, 117, -1
329, 268, -1
67, 268, -1
43, 310, -1
288, 96, -1
310, 7, -1
43, 319, -1
299, 7, -1
97, 299, -1
73, 189, -1
62, 189, -1
20, 183, -1
332, 22, -1
217, 310, -1
122, 212, -1
217, 319, -1
5, 310, -1
257, 284, -1
268, 284, -1
5, 319, -1
130, 189, -1
305, 41, -1
88, 183, -1
34, 212, -1
80, 331, -1
13, 189, -1
288, 217, -1
257, 122, -1
305, 68, -1
117, 246, -1
62, 310, -1
73, 310, -1
284, 94, -1
329, 7, -1
62, 319, -1
73, 319, -1
68, 213, -1
218, 310, -1
213, 52, -1
189, 94, -1
68, 222, -1
49, 218, -1
284, 130, -1
130, 310, -1
213, 88, -1
288, 91, -1
130, 319, -1
217, 49, -1
13, 310, -1
331, 34, -1
122, 189, -1
257, 5, -1
13, 319, -1
268, 5, -1
288, 109, -1
217, 67, -1
331, 52, -1
331, 43, -1
88, 331, -1
217, 305, -1
305, 189, -1
218, 13, -1
80, 299, -1
49, 330, -1
218, 22, -1
217, 332, -1
332, 53, -1
41, 246, -1
52, 246, -1
288, 212, -1
257, 117, -1
91, 332, -1
299, 132, -1
268, 117, -1
122, 310, -1
73, 305, -1
122, 319, -1
218, 305, -1
109, 246, -1
3, 246, -1
49, 213, -1
97, 262, -1
288, 68, -1
38, 222, -1
49, 222, -1
288, 77, -1
213, 83, -1
53, 332, -1
88, 299, -1
217, 53, -1
331, 38, -1
217, 62, -1
96, 330, -1
310, 262, -1
17, 284, -1
299, 262, -1
132, 332, -1
305, 13, -1
329, 132, -1
299, 91, -1
305, 22, -1
302, 7, -1
299, 109, -1
284, 246, -1
80, 330, -1
116, 262, -1
94, 332, -1
257, 130, -1
43, 268, -1
122, 332, -1
213, 60, -1
49, 217, -1
329, 262, -1
213, 69, -1
67, 262, -1
329, 91, -1
34, 332, -1
5, 268, -1
332, 7, -1
329, 109, -1
38, 302, -1
49, 302, -1
129, 331, -1
218, 3, -1
41, 218, -1
53, 183, -1
305, 17, -1
73, 268, -1
7, 332, -1
218, 268, -1
117, 213, -1
116, 257, -1
117, 222, -1
299, 122, -1
310, 122, -1
329, 212, -1
257, 116, -1
91, 331, -1
68, 189, -1
3, 218, -1
130, 268, -1
41, 330, -1
288, 49, -1
213, 284, -1
217, 7, -1
305, 129, -1
13, 268, -1
288, 67, -1
213, 302, -1
329, 77, -1
217, 34, -1
94, 183, -1
53, 331, -1
217, 43, -1
212, 77, -1
330, 60, -1
122, 183, -1
3, 330, -1
68, 310, -1
217, 299, -1
68, 319, -1
332, 20, -1
305, 3, -1
41, 213, -1
52, 213, -1
80, 284, -1
218, 7, -1
41, 222, -1
52, 222, -1
69, 284, -1
132, 331, -1
34, 183, -1
69, 302, -1
80, 302, -1
305, 268, -1
109, 213, -1
109, 222, -1
302, 262, -1
3, 213, -1
20, 284, -1
3, 222, -1
49, 189, -1
38, 189, -1
213, 41, -1
20, 302, -1
7, 183, -1
288, 53, -1
53, 299, -1
288, 62, -1
217, 20, -1
331, 5, -1
88, 284, -1
217, 38, -1
88, 302, -1
34, 331, -1
97, 332, -1
299, 67, -1
38, 310, -1
129, 330, -1
49, 310, -1
80, 288, -1
305, 7, -1
38, 319, -1
49, 319, -1
284, 213, -1
284, 222, -1
332, 262, -1
217, 132, -1
331, 117, -1
288, 183, -1
299, 94, -1
310, 94, -1
257, 97, -1
117, 212, -1
284, 60, -1
332, 109, -1
268, 183, -1
122, 299, -1
284, 69, -1
91, 330, -1
3, 217, -1
43, 262, -1
116, 332, -1
330, 212, -1
218, 132, -1
34, 299, -1
329, 67, -1
217, 262, -1
3, 302, -1
88, 288, -1
302, 122, -1
17, 246, -1
257, 218, -1
213, 130, -1
329, 94, -1
5, 262, -1
299, 53, -1
3, 329, -1
67, 332, -1
299, 62, -1
310, 62, -1
217, 109, -1
262, 22, -1
330, 77, -1
49, 305, -1
41, 212, -1
132, 330, -1
117, 189, -1
257, 83, -1
62, 262, -1
73, 262, -1
22, 189, -1
331, 130, -1
213, 13, -1
109, 212, -1
218, 91, -1
213, 22, -1
332, 122, -1
288, 34, -1
189, 302, -1
130, 262, -1
218, 109, -1
288, 43, -1
310, 183, -1
299, 183, -1
13, 262, -1
329, 53, -1
288, 52, -1
305, 132, -1
329, 62, -1
117, 310, -1
68, 268, -1
117, 319, -1
129, 284, -1
331, 13, -1
257, 213, -1
22, 319, -1
129, 302, -1
97, 331, -1
41, 189, -1
52, 189, -1
305, 217, -1
257, 60, -1
268, 60, -1
217, 122, -1
257, 69, -1
91, 284, -1
268, 69, -1
122, 262, -1
331, 116, -1
73, 257, -1
329, 183, -1
109, 189, -1
91, 302, -1
67, 183, -1
218, 68, -1
13, 212, -1
3, 189, -1
218, 77, -1
213, 246, -1
305, 91, -1
288, 20, -1
213, 17, -1
332, 117, -1
41, 310, -1
52, 310, -1
319, 7, -1
41, 319, -1
288, 38, -1
52, 319, -1
305, 109, -1
53, 284, -1
213, 129, -1
116, 331, -1
302, 94, -1
217, 5, -1
17, 218, -1
53, 302, -1
109, 310, -1
331, 246, -1
129, 288, -1
49, 268, -1
109, 319, -1
132, 284, -1
3, 310, -1
69, 246, -1
80, 246, -1
288, 132, -1
299, 34, -1
3, 319, -1
299, 43, -1
305, 212, -1
257, 217, -1
132, 302, -1
299, 52, -1
67, 331, -1
284, 189, -1
217, 117, -1
17, 330, -1
257, 302, -1
268, 302, -1
20, 246, -1
332, 94, -1
305, 77, -1
213, 3, -1
94, 302, -1
218, 319, -1
116, 299, -1
302, 62, -1
41, 305, -1
288, 262, -1
329, 34, -1
88, 246, -1
213, 268, -1
329, 43, -1
34, 284, -1
17, 213, -1
329, 52, -1
183, 7, -1
17, 222, -1
213, 97, -1
299, 20, -1
43, 332, -1
67, 299, -1
3, 305, -1
299, 38, -1
310, 38, -1
97, 330, -1
302, 183, -1
217, 94, -1
257, 41, -1
262, 7, -1
284, 13, -1
332, 62, -1
284, 22, -1
117, 183, -1
257, 68, -1
268, 68, -1
5, 332, -1
189, 22, -1
218, 67, -1
329, 20, -1
73, 332, -1
288, 257, -1
117, 268, -1
218, 332, -1
62, 332, -1
246, 22, -1
329, 38, -1
116, 330, -1
332, 183, -1
17, 217, -1
80, 218, -1
257, 189, -1
268, 189, -1
68, 262, -1
130, 332, -1
288, 122, -1
13, 332, -1
17, 302, -1
331, 83, -1
43, 183, -1
305, 49, -1
189, 246, -1
218, 53, -1
41, 268, -1
257, 310, -1
268, 310, -1
213, 222, -1
218, 62, -1
305, 67, -1
257, 319, -1
268, 319, -1
52, 268, -1
288, 5, -1
88, 218, -1
5, 183, -1
109, 268, -1
129, 246, -1
3, 268, -1
331, 213, -1
97, 284, -1
69, 213, -1
80, 213, -1
331, 222, -1
117, 299, -1
213, 96, -1
69, 222, -1
80, 222, -1
62, 183, -1
97, 302, -1
73, 183, -1
38, 262, -1
257, 13, -1
268, 13, -1
288, 117, -1
88, 330, -1
43, 331, -1
257, 22, -1
268, 22, -1
17, 288, -1
49, 262, -1
331, 60, -1
331, 69, -1
91, 246, -1
217, 331, -1
20, 213, -1
257, 49, -1
130, 183, -1
332, 52, -1
20, 222, -1
13, 183, -1
5, 331, -1
305, 53, -1
257, 305, -1
305, 62, -1
302, 38, -1
53, 246, -1
88, 213, -1
116, 284, -1
88, 222, -1
116, 302, -1
73, 331, -1
49, 212, -1
17, 189, -1
218, 331, -1
329, 257, -1
213, 73, -1
43, 299, -1
132, 246, -1
213, 91, -1
97, 288, -1
299, 5, -1
80, 217, -1
129, 268, -1
217, 52, -1
67, 284, -1
288, 94, -1
130, 331, -1
305, 183, -1
213, 109, -1
67, 302, -1
257, 17, -1
183, 68, -1
329, 122, -1
13, 331, -1
288, 130, -1
5, 299, -1
332, 38, -1
94, 246, -1
17, 310, -1
284, 7, -1
17, 319, -1
218, 34, -1
331, 91, -1
299, 117, -1
80, 329, -1
218, 43, -1
189, 7, -1
218, 52, -1
73, 299, -1
96, 212, -1
218, 299, -1
257, 129, -1
222, 22, -1
329, 5, -1
129, 218, -1
34, 246, -1
88, 217, -1
122, 331, -1
117, 262, -1
246, 7, -1
213, 68, -1
130, 299, -1
213, 77, -1
288, 80, -1
331, 212, -1
13, 299, -1
80, 212, -1
69, 212, -1
257, 3, -1
91, 218, -1
288, 116, -1
329, 117, -1
88, 329, -1
217, 83, -1
331, 68, -1
68, 332, -1
183, 319, -1
331, 77, -1
218, 20, -1
17, 305, -1
217, 330, -1
189, 222, -1
20, 212, -1
305, 34, -1
218, 38, -1
305, 43, -1
41, 262, -1
305, 52, -1
52, 262, -1
299, 130, -1
310, 130, -1
262, 319, -1
88, 212, -1
129, 213, -1
129, 222, -1
288, 246, -1
132, 218, -1
331, 189, -1
109, 262, -1
69, 189, -1
80, 189, -1
213, 310, -1
3, 262, -1
213, 319, -1
91, 213, -1
217, 60, -1
257, 7, -1
91, 222, -1
268, 7, -1
217, 69, -1
20, 189, -1
329, 130, -1
305, 20, -1
49, 332, -1
38, 332, -1
69, 310, -1
80, 310, -1
218, 262, -1
183, 332, -1
69, 319, -1
305, 38, -1
53, 213, -1
80, 319, -1
299, 116, -1
53, 222, -1
88, 189, -1
319, 183, -1
68, 183, -1
3, 212, -1
83, 330, -1
129, 217, -1
213, 49, -1
97, 246, -1
132, 213, -1
20, 310, -1
132, 222, -1
20, 319, -1
284, 109, -1
43, 284, -1
213, 67, -1
43, 302, -1
331, 22, -1
288, 88, -1
288, 97, -1
88, 310, -1
217, 284, -1
310, 246, -1
17, 268, -1
332, 5, -1
88, 319, -1
299, 246, -1
213, 332, -1
217, 302, -1
329, 116, -1
94, 222, -1
5, 284, -1
5, 302, -1
80, 305, -1
305, 262, -1
116, 246, -1
73, 284, -1
34, 213, -1
284, 68, -1
218, 284, -1
222, 7, -1
34, 222, -1
288, 218, -1
284, 77, -1
62, 302, -1
38, 183, -1
73, 302, -1
49, 183, -1
257, 132, -1
129, 212, -1
189, 68, -1
218, 122, -1
329, 246, -1
213, 53, -1
132, 217, -1
130, 284, -1
213, 62, -1
67, 246, -1
13, 284, -1
130, 302, -1
288, 83, -1
262, 183, -1
302, 130, -1
217, 41, -1
117, 332, -1
88, 305, -1
22, 332, -1
91, 212, -1
218, 5, -1
49, 331, -1
299, 97, -1
257, 91, -1
122, 284, -1
53, 212, -1
257, 109, -1
129, 189, -1
73, 288, -1
97, 218, -1
122, 302, -1
268, 109, -1
288, 213, -1
332, 130, -1
189, 310, -1
218, 117, -1
305, 122, -1
41, 332, -1
132, 212, -1
189, 319, -1
52, 332, -1
288, 60, -1
80, 183, -1
34, 302, -1
331, 3, -1
288, 69, -1
91, 189, -1
109, 332, -1
246, 319, -1
329, 97, -1
129, 310, -1
331, 268, -1
80, 268, -1
3, 332, -1
129, 319, -1
49, 299, -1
83, 212, -1
332, 13, -1
69, 268, -1
305, 5, -1
116, 218, -1
299, 83, -1
53, 189, -1
217, 130, -1
257, 77, -1
22, 183, -1
268, 77, -1
91, 310, -1
213, 7, -1
302, 246, -1
20, 268, -1
91, 319, -1
97, 213, -1
218, 94, -1
329, 218, -1
97, 222, -1
132, 189, -1
67, 218, -1
213, 34, -1
305, 117, -1
213, 43, -1
88, 268, -1
217, 13, -1
218, 130, -1
53, 310, -1
189, 332, -1
217, 22, -1
331, 7, -1
53, 319, -1
288, 73, -1
299, 213, -1
310, 222, -1
299, 222, -1
329, 83, -1
117, 331, -1
94, 189, -1
41, 183, -1
52, 183, -1
129, 305, -1
17, 262, -1
67, 330, -1
132, 310, -1
299, 60, -1
332, 246, -1
132, 319, -1
299, 69, -1
129, 332, -1
116, 213, -1
217, 116, -1
116, 222, -1
109, 183, -1
34, 189, -1
3, 183, -1
284, 53, -1
284, 62, -1
94, 310, -1
305, 94, -1
329, 213, -1
94, 319, -1
43, 246, -1
189, 62, -1
67, 213, -1
329, 222, -1
213, 20, -1
97, 217, -1
67, 222, -1
213, 38, -1
288, 41, -1
218, 116, -1
17, 212, -1
41, 331, -1
7, 189, -1
305, 130, -1
217, 246, -1
329, 60, -1
217, 17, -1
329, 69, -1
34, 310, -1
212, 60, -1
34, 319, -1
5, 246, -1
331, 20, -1
68, 284, -1
213, 132, -1
109, 331, -1
284, 183, -1
68, 302, -1
3, 331, -1
116, 217, -1
257, 67, -1
62, 246, -1
73, 246, -1
217, 129, -1
218, 246, -1
7, 319, -1
288, 189, -1
246, 183, -1
331, 132, -1
257, 94, -1
268, 94, -1
257, 332, -1
268, 332, -1
129, 183, -1
41, 299, -1
97, 212, -1
130, 246, -1
329, 217, -1
213, 262, -1
13, 246, -1
305, 116, -1
116, 329, -1
217, 3, -1
222, 319, -1
109, 299, -1
299, 212, -1
91, 183, -1
3, 299, -1
329, 73, -1
217, 268, -1
299, 41, -1
331, 262, -1
49, 284, -1
69, 262, -1
80, 262, -1
217, 97, -1
41, 217, -1
257, 53, -1
268, 53, -1
91, 268, -1
299, 68, -1
122, 246, -1
257, 62, -1
268, 62, -1
116, 212, -1
299, 77, -1
331, 109, -1
305, 246, -1
302, 222, -1
97, 189, -1
43, 218, -1
284, 52, -1
20, 262, -1
288, 13, -1
189, 52, -1
288, 22, -1
132, 183, -1
53, 268, -1
67, 212, -1
329, 41, -1
299, 189, -1
88, 262, -1
222, 332, -1
331, 257, -1
69, 257, -1
38, 288, -1
62, 218, -1
94, 268, -1
183, 117, -1
20, 257, -1
332, 96, -1
305, 88, -1
62, 330, -1
302, 73, -1
222, 62, -1
302, 91, -1
22, 302, -1
268, 34, -1
62, 213, -1
310, 49, -1
217, 96, -1
183, 94, -1
43, 217, -1
302, 41, -1
302, 68, -1
262, 130, -1
302, 77, -1
319, 246, -1
310, 17, -1
67, 305, -1
62, 217, -1
332, 41, -1
183, 116, -1
284, 257, -1
130, 217, -1
62, 329, -1
222, 52, -1
189, 122, -1
129, 257, -1
310, 3, -1
3, 288, -1
310, 268, -1
122, 217, -1
62, 212, -1
331, 80, -1
91, 257, -1
183, 331, -1
218, 41, -1
189, 5, -1
302, 49, -1
53, 257, -1
222, 38, -1
189, 117, -1
132, 257, -1
213, 331, -1
7, 262, -1
183, 97, -1
332, 49, -1
94, 257, -1
302, 17, -1
302, 53, -1
22, 246, -1
38, 218, -1
43, 305, -1
332, 17, -1
183, 83, -1
38, 330, -1
246, 130, -1
5, 305, -1
183, 330, -1
302, 3, -1
310, 132, -1
62, 305, -1
38, 213, -1
130, 305, -1
17, 257, -1
13, 305, -1
213, 330, -1
183, 60, -1
183, 69, -1
310, 91, -1
218, 17, -1
262, 60, -1
310, 109, -1
122, 305, -1
302, 34, -1
268, 130, -1
218, 129, -1
97, 257, -1
319, 41, -1
38, 217, -1
319, 68, -1
183, 284, -1
310, 257, -1
299, 257, -1
183, 302, -1
38, 329, -1
62, 268, -1
302, 20, -1
22, 222, -1
284, 97, -1
189, 97, -1
67, 257, -1
302, 132, -1
183, 41, -1
222, 130, -1
262, 41, -1
94, 331, -1
319, 22, -1
302, 109, -1
319, 49, -1
68, 305, -1
310, 67, -1
183, 130, -1
257, 88, -1
94, 299, -1
302, 257, -1
218, 96, -1
189, 60, -1
189, 69, -1
183, 13, -1
246, 60, -1
183, 22, -1
310, 53, -1
38, 305, -1
332, 257, -1
310, 80, -1
299, 80, -1
257, 330, -1
305, 96, -1
94, 330, -1
43, 257, -1
183, 17, -1
302, 117, -1
22, 310, -1
268, 213, -1
329, 80, -1
5, 257, -1
262, 17, -1
183, 129, -1
62, 257, -1
284, 41, -1
268, 96, -1
189, 41, -1
302, 67, -1
130, 257, -1
183, 3, -1
246, 41, -1
117, 305, -1
22, 305, -1
38, 268, -1
310, 34, -1
310, 43, -1
310, 52, -1
122, 257, -1
94, 284, -1
34, 257, -1
52, 305, -1
222, 60, -1
302, 80, -1
189, 130, -1
109, 305, -1
310, 20, -1
268, 41, -1
7, 284, -1
331, 88, -1
331, 97, -1
218, 49, -1
189, 13, -1
222, 302, -1
319, 262, -1
217, 80, -1
284, 17, -1
189, 17, -1
302, 43, -1
302, 52, -1
218, 80, -1
222, 41, -1
246, 17, -1
68, 257, -1
332, 34, -1
183, 91, -1
268, 49, -1
183, 109, -1
331, 96, -1
305, 80, -1
62, 331, -1
38, 212, -1
331, 217, -1
310, 5, -1
213, 329, -1
268, 17, -1
183, 77, -1
217, 88, -1
262, 68, -1
310, 117, -1
62, 299, -1
22, 262, -1
331, 41, -1
7, 246, -1
319, 94, -1
183, 310, -1
222, 17, -1
284, 96, -1
117, 257, -1
319, 62, -1
183, 49, -1
310, 13, -1
130, 330, -1
183, 67, -1
94, 218, -1
183, 305, -1
262, 49, -1
302, 5, -1
310, 116, -1
41, 257, -1
52, 257, -1
262, 332, -1
122, 330, -1
109, 257, -1
213, 305, -1
189, 109, -1
34, 330, -1
183, 53, -1
91, 217, -1
183, 62, -1
331, 49, -1
94, 213, -1
69, 305, -1
257, 96, -1
62, 284, -1
310, 129, -1
189, 77, -1
13, 257, -1
20, 305, -1
7, 213, -1
246, 68, -1
331, 17, -1
310, 88, -1
299, 88, -1
38, 331, -1
305, 257, -1
310, 97, -1
302, 13, -1
62, 288, -1
34, 217, -1
319, 38, -1
302, 116, -1
310, 218, -1
299, 218, -1
257, 212, -1
183, 34, -1
329, 88, -1
183, 43, -1
183, 52, -1
38, 299, -1
94, 212, -1
183, 299, -1
7, 302, -1
310, 83, -1
262, 52, -1
284, 49, -1
189, 49, -1
189, 305, -1
246, 49, -1
213, 299, -1
310, 213, -1
183, 20, -1
302, 129, -1
183, 38, -1
310, 60, -1
246, 332, -1
310, 69, -1
183, 132, -1
299, 96, -1
310, 96, -1
91, 305, -1
189, 53, -1
302, 88, -1
222, 68, -1
302, 97, -1
53, 305, -1
310, 217, -1
299, 217, -1
329, 96, -1
132, 305, -1
310, 73, -1
7, 310, -1
332, 97, -1
94, 305, -1
67, 217, -1
302, 83, -1
49, 257, -1
310, 212, -1
34, 305, -1
38, 257, -1
310, 41, -1
38, 284, -1
310, 68, -1
310, 77, -1
7, 305, -1
183, 122, -1
284, 34, -1
257, 80, -1
302, 60, -1
218, 88, -1
213, 257, -1
302, 69, -1
222, 49, -1
218, 97, -1
310, 189, -1
302, 96, -1
183, 5, -1
246, 52, -1
222, 97, -1
222, 94, -1
246, 122, -1
268, 97, -1
109, 330, -1
69, 330, -1
222, 310, -1
246, 97, -1
5, 330, -1
302, 217, -1
117, 330, -1
302, 189, -1
262, 97, -1
20, 330, -1
53, 330, -1
302, 268, -1
302, 213, -1
13, 330, -1
68, 330, -1
262, 122, -1
222, 122, -1
331, 218, -1
302, 212, -1
268, 122, -1
52, 330, -1
302, 218, -1

