16, 72, 1
204, 164, 1
186, 185, 1
41, 308, -1
285, 97, -1
305, 194, -1
231, 281, -1
223, 89, -1
125, 330, -1
324, 120, -1

72, 125, 1
120, 122, 1
192, 174, 1
167, 203, 1
26, 202, -1
53, 165, -1
42, 280, -1
190, 230, -1
79, 232, -1
5, 273, -1

140, 15, 1
223, 210, -1
152, 265, -1
41, 307, -1
238, 280, -1
305, 215, -1
237, 60, -1
94, 296, -1
263, 241, -1
69, 194, -1

6, 110, 1
322, 305, 1
26, 34, 1
172, 19, -1
226, 203, -1
143, 251, -1
261, 103, -1
202, 66, -1
77, 180, -1
7, 288, -1

156, 203, 1
42, 36, 1
10, 110, 1
127, 218, -1
192, 223, -1
251, 71, -1
272, 106, -1
56, 282, -1
319, 76, -1
306, 21, -1

59, 89, 1
85, 108, 1
15, 76, 1
66, 293, -1
27, 203, -1
290, 50, -1
52, 178, -1
119, 286, -1
249, 95, -1
30, 205, -1

74, 61, 1
194, 169, 1
13, 70, 1
174, 329, -1
61, 232, -1
227, 305, -1
302, 26, -1
6, 276, -1
319, 246, -1
232, 203, -1
232, 74, -1
232, 61, -1

25, 51, 1
3, 47, 1
141, 3, 1
141, 47, 1
3, 141, 1
205, 17, -1
242, 54, -1
1, 250, -1
206, 115, -1
296, 143, -1
43, 272, -1
270, 303, -1

308, 300, 1
183, 193, 1
63, 155, -1
35, 223, -1
136, 240, -1
71, 272, -1
192, 18, -1
200, 58, -1
81, 267, -1
272, 17, -1

189, 215, 1
294, 297, 1
94, 32, 1
17, 72, 1
245, 310, -1
33, 154, -1
102, 214, -1
165, 283, -1
46, 179, -1
283, 193, -1

