2, 83, 1
31, 83, 1
31, 2, 1
14, 83, 1
14, 2, 1
14, 31, 1
2, 31, 1
83, 14, 1
2, 14, 1
83, 31, 1
83, 221, -1
2, 221, -1
31, 221, -1
262, 221, -1
262, 83, -1
262, 2, -1
262, 31, -1
14, 221, -1
14, 262, -1
31, 262, -1
221, 31, -1
262, 14, -1
83, 262, -1
2, 262, -1
221, 14, -1

157, 150, 1
271, 262, 1
189, 150, 1
189, 157, 1
150, 157, 1
157, 189, 1
150, 189, 1
150, 221, -1
150, 83, -1
150, 2, -1
150, 31, -1
150, 14, -1
150, 262, -1
157, 221, -1
157, 83, -1
157, 2, -1
157, 31, -1
157, 14, -1
157, 262, -1
271, 221, -1
271, 83, -1
271, 2, -1
271, 31, -1
271, 14, -1
271, 150, -1
271, 157, -1
189, 221, -1
189, 83, -1
189, 2, -1
189, 31, -1
189, 14, -1
189, 262, -1
189, 271, -1
83, 189, -1
262, 14, -1
83, 262, -1
221, 150, -1
2, 157, -1
14, 189, -1
221, 189, -1
221, 262, -1
157, 271, -1
262, 150, -1
83, 157, -1
2, 150, -1
31, 262, -1
150, 271, -1
262, 189, -1
221, 157, -1
2, 189, -1
83, 150, -1
2, 262, -1
2, 271, -1
221, 271, -1
83, 271, -1
262, 157, -1
14, 157, -1

67, 83, 1
67, 2, 1
67, 31, 1
67, 14, 1
197, 150, 1
197, 157, 1
197, 189, 1
124, 83, 1
124, 2, 1
124, 31, 1
124, 14, 1
124, 67, 1
84, 83, 1
84, 2, 1
84, 31, 1
84, 14, 1
84, 67, 1
84, 124, 1
143, 150, 1
143, 157, 1
143, 189, 1
143, 197, 1
150, 157, 1
83, 67, 1
157, 150, 1
14, 31, 1
2, 124, 1
2, 14, 1
189, 197, 1
197, 143, 1
2, 84, 1
189, 157, 1
83, 2, 1
157, 189, 1
83, 124, 1
83, 14, 1
157, 143, 1
83, 84, 1
2, 83, 1
150, 189, 1
2, 31, 1
189, 150, 1
150, 143, 1
67, 124, 1
67, 84, 1
124, 84, 1
2, 67, 1
83, 31, 1
189, 143, 1
31, 84, 1
14, 84, 1
67, 221, -1
67, 262, -1
67, 271, -1
67, 150, -1
67, 157, -1
67, 189, -1
197, 221, -1
197, 83, -1
197, 2, -1
197, 31, -1
197, 14, -1
197, 67, -1
197, 262, -1
197, 271, -1
124, 221, -1
124, 262, -1
124, 271, -1
124, 150, -1
124, 157, -1
124, 189, -1
124, 197, -1
84, 221, -1
84, 262, -1
84, 271, -1
84, 150, -1
84, 157, -1
84, 189, -1
84, 197, -1
143, 221, -1
143, 83, -1
143, 2, -1
143, 31, -1
143, 14, -1
143, 67, -1
143, 124, -1
143, 84, -1
143, 262, -1
143, 271, -1
150, 14, -1
2, 271, -1
189, 271, -1
271, 197, -1
31, 197, -1
83, 189, -1
189, 262, -1
271, 157, -1
221, 31, -1
83, 143, -1
83, 262, -1
157, 31, -1
262, 14, -1
221, 150, -1
31, 157, -1
83, 271, -1
189, 14, -1
2, 197, -1
2, 157, -1
150, 31, -1
2, 221, -1
221, 189, -1
189, 221, -1
271, 150, -1
221, 143, -1
31, 150, -1
67, 143, -1
124, 143, -1
157, 262, -1
14, 143, -1
83, 197, -1
197, 124, -1
157, 271, -1
14, 271, -1
262, 31, -1
197, 84, -1
83, 157, -1
271, 189, -1
83, 221, -1
31, 189, -1
189, 31, -1
2, 150, -1
84, 143, -1
150, 262, -1
221, 14, -1
150, 271, -1
67, 197, -1
31, 143, -1
157, 14, -1
31, 271, -1
2, 189, -1
221, 157, -1
262, 143, -1
83, 150, -1
2, 262, -1
2, 143, -1
271, 14, -1
221, 197, -1
262, 157, -1
271, 84, -1
262, 189, -1
14, 189, -1
14, 157, -1
14, 262, -1
14, 150, -1
150, 84, -1
150, 124, -1
31, 262, -1

38, 83, 1
38, 2, 1
38, 31, 1
38, 14, 1
38, 67, 1
38, 124, 1
38, 84, 1
84, 14, 1
31, 14, 1
83, 67, 1
67, 31, 1
2, 124, 1
124, 31, 1
2, 14, 1
2, 84, 1
84, 31, 1
83, 124, 1
83, 14, 1
83, 84, 1
2, 83, 1
2, 31, 1
67, 124, 1
67, 14, 1
67, 84, 1
124, 14, 1
124, 84, 1
2, 67, 1
83, 31, 1
31, 84, 1
14, 84, 1
83, 38, 1
2, 38, 1
67, 38, 1
84, 38, 1
67, 83, 1
67, 2, 1
124, 38, 1
14, 31, 1
83, 2, 1
319, 221, -1
319, 83, -1
319, 2, -1
319, 31, -1
319, 14, -1
319, 67, -1
319, 124, -1
319, 84, -1
319, 262, -1
319, 271, -1
319, 150, -1
319, 157, -1
319, 189, -1
319, 197, -1
319, 143, -1
38, 221, -1
38, 262, -1
38, 271, -1
38, 150, -1
38, 157, -1
38, 189, -1
38, 197, -1
38, 143, -1
38, 319, -1
150, 14, -1
2, 271, -1
84, 197, -1
31, 319, -1
150, 84, -1
84, 319, -1
83, 189, -1
84, 157, -1
221, 31, -1
83, 143, -1
83, 262, -1
157, 31, -1
67, 150, -1
84, 221, -1
83, 271, -1
189, 14, -1
2, 319, -1
2, 197, -1
67, 189, -1
2, 157, -1
150, 31, -1
2, 221, -1
150, 124, -1
124, 189, -1
67, 262, -1
14, 262, -1
67, 271, -1
67, 143, -1
124, 262, -1
83, 319, -1
14, 143, -1
83, 197, -1
124, 143, -1
124, 271, -1
197, 14, -1
14, 271, -1
83, 157, -1
84, 189, -1
83, 221, -1
189, 31, -1
2, 150, -1
84, 143, -1
84, 262, -1
31, 262, -1
221, 14, -1
84, 271, -1
67, 319, -1
31, 143, -1
14, 319, -1
67, 197, -1
124, 197, -1
157, 14, -1
124, 319, -1
31, 271, -1
2, 189, -1
67, 157, -1
124, 157, -1
67, 221, -1
124, 221, -1
83, 150, -1
2, 262, -1
197, 31, -1
2, 143, -1
271, 14, -1
143, 124, -1
143, 2, -1
271, 84, -1
143, 14, -1
143, 84, -1
271, 38, -1
262, 14, -1
124, 150, -1
143, 38, -1
14, 150, -1
319, 38, -1
189, 38, -1
84, 150, -1
143, 83, -1
262, 31, -1
197, 38, -1
143, 67, -1
221, 38, -1
157, 38, -1

139, 83, 1
139, 2, 1
139, 31, 1
139, 14, 1
139, 67, 1
139, 124, 1
139, 84, 1
139, 38, 1
3, 83, 1
3, 2, 1
3, 31, 1
3, 14, 1
3, 67, 1
3, 124, 1
3, 84, 1
3, 38, 1
3, 139, 1
27, 83, 1
27, 2, 1
27, 31, 1
27, 14, 1
27, 67, 1
27, 124, 1
27, 84, 1
27, 38, 1
27, 139, 1
27, 3, 1
327, 319, 1
1, 83, 1
1, 2, 1
1, 31, 1
1, 14, 1
1, 67, 1
1, 124, 1
1, 84, 1
1, 38, 1
1, 139, 1
1, 3, 1
1, 27, 1
78, 83, 1
78, 2, 1
78, 31, 1
78, 14, 1
78, 67, 1
78, 124, 1
78, 84, 1
78, 38, 1
78, 139, 1
78, 3, 1
78, 27, 1
78, 1, 1
76, 83, 1
76, 2, 1
76, 31, 1
76, 14, 1
76, 67, 1
76, 124, 1
76, 84, 1
76, 38, 1
76, 139, 1
76, 3, 1
76, 27, 1
76, 1, 1
76, 78, 1
130, 83, 1
130, 2, 1
130, 31, 1
130, 14, 1
130, 67, 1
130, 124, 1
130, 84, 1
130, 38, 1
130, 139, 1
130, 3, 1
130, 27, 1
130, 1, 1
130, 78, 1
130, 76, 1
124, 1, 1
83, 3, 1
83, 67, 1
83, 76, 1
14, 31, 1
2, 130, 1
124, 31, 1
2, 139, 1
124, 3, 1
124, 67, 1
83, 124, 1
83, 14, 1
83, 78, 1
67, 27, 1
139, 76, 1
67, 38, 1
38, 2, 1
38, 130, 1
38, 139, 1
2, 27, 1
139, 78, 1
27, 1, 1
3, 1, 1
84, 38, 1
67, 31, 1
124, 83, 1
83, 27, 1
1, 76, 1
2, 84, 1
2, 38, 1
83, 2, 1
84, 31, 1
3, 76, 1
83, 130, 1
124, 76, 1
83, 139, 1
83, 84, 1
1, 78, 1
2, 31, 1
38, 27, 1
3, 78, 1
124, 14, 1
124, 78, 1
31, 14, 1
38, 84, 1
67, 3, 1
38, 31, 1
67, 76, 1
78, 76, 1
27, 76, 1
124, 27, 1
1, 130, 1
83, 38, 1
2, 83, 1
67, 124, 1
124, 2, 1
67, 14, 1
3, 130, 1
67, 78, 1
124, 130, 1
124, 139, 1
124, 84, 1
27, 78, 1
2, 3, 1
2, 67, 1
83, 31, 1
2, 76, 1
84, 14, 1
84, 78, 1
31, 84, 1
2, 124, 1
2, 14, 1
38, 1, 1
2, 78, 1
38, 83, 1
3, 27, 1
38, 3, 1
38, 67, 1
38, 76, 1
67, 130, 1
78, 130, 1
67, 139, 1
67, 84, 1
27, 130, 1
14, 84, 1
38, 124, 1
124, 38, 1
38, 14, 1
38, 78, 1
139, 130, 1
14, 130, 1
76, 130, 1
67, 83, 1
14, 38, 1
67, 2, 1
84, 76, 1
14, 76, 1
31, 76, 1
84, 130, 1
139, 221, -1
139, 262, -1
139, 271, -1
139, 150, -1
139, 157, -1
139, 189, -1
139, 197, -1
139, 143, -1
139, 319, -1
3, 221, -1
3, 262, -1
3, 271, -1
3, 150, -1
3, 157, -1
3, 189, -1
3, 197, -1
3, 143, -1
3, 319, -1
27, 221, -1
27, 262, -1
27, 271, -1
27, 150, -1
27, 157, -1
27, 189, -1
27, 197, -1
27, 143, -1
27, 319, -1
327, 221, -1
327, 83, -1
327, 2, -1
327, 31, -1
327, 14, -1
327, 67, -1
327, 124, -1
327, 84, -1
327, 38, -1
327, 139, -1
327, 3, -1
327, 27, -1
327, 262, -1
327, 271, -1
327, 150, -1
327, 157, -1
327, 189, -1
327, 197, -1
327, 143, -1
1, 221, -1
1, 262, -1
1, 271, -1
1, 150, -1
1, 157, -1
1, 189, -1
1, 197, -1
1, 143, -1
1, 319, -1
1, 327, -1
78, 221, -1
78, 262, -1
78, 271, -1
78, 150, -1
78, 157, -1
78, 189, -1
78, 197, -1
78, 143, -1
78, 319, -1
78, 327, -1
76, 221, -1
76, 262, -1
76, 271, -1
76, 150, -1
76, 157, -1
76, 189, -1
76, 197, -1
76, 143, -1
76, 319, -1
76, 327, -1
130, 221, -1
130, 262, -1
130, 271, -1
130, 150, -1
130, 157, -1
130, 189, -1
130, 197, -1
130, 143, -1
130, 319, -1
130, 327, -1
271, 319, -1
150, 139, -1
31, 319, -1
150, 84, -1
262, 14, -1
38, 327, -1
67, 189, -1
189, 38, -1
84, 150, -1
150, 31, -1
67, 262, -1
67, 271, -1
14, 143, -1
83, 197, -1
14, 271, -1
84, 189, -1
189, 31, -1
84, 143, -1
84, 262, -1
84, 271, -1
67, 319, -1
31, 143, -1
124, 197, -1
31, 271, -1
319, 189, -1
2, 189, -1
67, 157, -1
83, 327, -1
157, 38, -1
67, 221, -1
319, 262, -1
2, 262, -1
84, 319, -1
84, 157, -1
84, 221, -1
157, 31, -1
67, 150, -1
2, 319, -1
319, 38, -1
319, 157, -1
2, 157, -1
319, 221, -1
2, 221, -1
139, 327, -1
67, 143, -1
197, 14, -1
197, 78, -1
38, 189, -1
38, 262, -1
150, 76, -1
319, 150, -1
2, 150, -1
221, 38, -1
150, 124, -1
38, 319, -1
2, 143, -1
2, 271, -1
38, 157, -1
83, 189, -1
38, 221, -1
221, 31, -1
83, 143, -1
83, 262, -1
14, 327, -1
3, 327, -1
124, 327, -1
83, 271, -1
189, 14, -1
189, 78, -1
38, 150, -1
31, 327, -1
83, 319, -1
262, 31, -1
83, 157, -1
83, 221, -1
38, 143, -1
38, 271, -1
67, 197, -1
124, 157, -1
124, 221, -1
83, 150, -1
150, 14, -1
84, 197, -1
143, 319, -1
67, 327, -1
124, 150, -1
27, 327, -1
319, 14, -1
319, 78, -1
319, 197, -1
2, 197, -1
84, 327, -1
124, 189, -1
14, 262, -1
124, 143, -1
124, 262, -1
124, 271, -1
2, 327, -1
197, 38, -1
221, 14, -1
31, 262, -1
221, 78, -1
14, 319, -1
157, 14, -1
124, 319, -1
157, 78, -1
197, 31, -1
38, 197, -1
150, 130, -1
271, 14, -1
143, 124, -1
271, 78, -1
143, 2, -1
150, 78, -1
143, 78, -1
143, 130, -1
271, 84, -1
143, 14, -1
143, 139, -1
143, 84, -1
221, 327, -1
262, 130, -1
271, 38, -1
157, 327, -1
150, 38, -1
143, 38, -1
14, 150, -1
197, 76, -1
189, 130, -1
143, 1, -1
221, 76, -1
157, 76, -1
150, 327, -1
143, 83, -1
197, 130, -1
262, 327, -1
189, 327, -1
319, 31, -1
143, 3, -1
271, 76, -1
143, 67, -1
221, 130, -1
143, 76, -1
157, 130, -1
143, 27, -1
262, 76, -1
189, 76, -1
197, 327, -1
150, 1, -1
262, 84, -1
221, 84, -1
189, 84, -1
157, 84, -1
197, 84, -1

19, 83, 1
19, 2, 1
19, 31, 1
19, 14, 1
19, 67, 1
19, 124, 1
19, 84, 1
19, 38, 1
19, 139, 1
19, 3, 1
19, 27, 1
19, 1, 1
19, 78, 1
19, 76, 1
19, 130, 1
314, 319, 1
314, 327, 1
44, 83, 1
44, 2, 1
44, 31, 1
44, 14, 1
44, 67, 1
44, 124, 1
44, 84, 1
44, 38, 1
44, 139, 1
44, 3, 1
44, 27, 1
44, 1, 1
44, 78, 1
44, 76, 1
44, 130, 1
44, 19, 1
122, 83, 1
122, 2, 1
122, 31, 1
122, 14, 1
122, 67, 1
122, 124, 1
122, 84, 1
122, 38, 1
122, 139, 1
122, 3, 1
122, 27, 1
122, 1, 1
122, 78, 1
122, 76, 1
122, 130, 1
122, 19, 1
122, 44, 1
133, 83, 1
133, 2, 1
133, 31, 1
133, 14, 1
133, 67, 1
133, 124, 1
133, 84, 1
133, 38, 1
133, 139, 1
133, 3, 1
133, 27, 1
133, 1, 1
133, 78, 1
133, 76, 1
133, 130, 1
133, 19, 1
133, 44, 1
133, 122, 1
97, 83, 1
97, 2, 1
97, 31, 1
97, 14, 1
97, 67, 1
97, 124, 1
97, 84, 1
97, 38, 1
97, 139, 1
97, 3, 1
97, 27, 1
97, 1, 1
97, 78, 1
97, 76, 1
97, 130, 1
97, 19, 1
97, 44, 1
97, 122, 1
97, 133, 1
1, 31, 1
124, 1, 1
130, 124, 1
83, 3, 1
83, 67, 1
139, 44, 1
83, 76, 1
1, 122, 1
14, 31, 1
3, 31, 1
2, 130, 1
124, 31, 1
2, 139, 1
130, 44, 1
124, 3, 1
124, 122, 1
124, 67, 1
83, 124, 1
83, 14, 1
83, 133, 1
83, 78, 1
67, 27, 1
3, 97, 1
130, 19, 1
122, 133, 1
130, 83, 1
124, 97, 1
76, 38, 1
139, 76, 1
1, 44, 1
124, 133, 1
130, 3, 1
130, 67, 1
67, 38, 1
130, 76, 1
3, 44, 1
38, 130, 1
124, 44, 1
27, 38, 1
1, 19, 1
1, 83, 1
67, 1, 1
76, 31, 1
2, 27, 1
139, 14, 1
139, 78, 1
27, 1, 1
3, 1, 1
3, 19, 1
84, 38, 1
3, 83, 1
124, 19, 1
67, 31, 1
78, 31, 1
130, 14, 1
130, 133, 1
124, 83, 1
130, 78, 1
83, 27, 1
1, 67, 1
1, 3, 1
27, 31, 1
84, 1, 1
1, 76, 1
67, 122, 1
2, 84, 1
2, 38, 1
27, 122, 1
3, 122, 1
83, 2, 1
3, 67, 1
84, 31, 1
3, 76, 1
83, 130, 1
14, 76, 1
124, 76, 1
83, 139, 1
83, 84, 1
1, 124, 1
1, 14, 1
1, 133, 1
27, 97, 1
1, 78, 1
2, 31, 1
31, 76, 1
3, 124, 1
3, 14, 1
3, 133, 1
3, 78, 1
124, 14, 1
124, 78, 1
67, 44, 1
130, 27, 1
27, 44, 1
139, 130, 1
139, 84, 1
67, 19, 1
130, 2, 1
27, 19, 1
27, 83, 1
130, 139, 1
44, 133, 1
130, 84, 1
19, 97, 1
67, 3, 1
38, 31, 1
67, 76, 1
27, 3, 1
78, 76, 1
27, 67, 1
27, 76, 1
124, 27, 1
1, 2, 1
2, 1, 1
76, 14, 1
1, 130, 1
76, 133, 1
76, 78, 1
1, 139, 1
2, 19, 1
1, 84, 1
83, 38, 1
2, 83, 1
19, 44, 1
3, 2, 1
84, 76, 1
67, 124, 1
83, 1, 1
124, 2, 1
67, 14, 1
78, 14, 1
67, 133, 1
67, 78, 1
3, 130, 1
27, 124, 1
3, 139, 1
124, 130, 1
14, 130, 1
27, 14, 1
124, 139, 1
124, 84, 1
27, 78, 1
27, 133, 1
2, 3, 1
2, 122, 1
2, 67, 1
83, 31, 1
2, 76, 1
84, 14, 1
84, 133, 1
31, 130, 1
84, 78, 1
83, 122, 1
31, 84, 1
19, 122, 1
139, 38, 1
2, 124, 1
2, 14, 1
2, 133, 1
38, 1, 1
2, 78, 1
139, 1, 1
130, 38, 1
1, 27, 1
2, 44, 1
139, 31, 1
19, 133, 1
3, 27, 1
76, 130, 1
76, 84, 1
83, 44, 1
130, 31, 1
319, 327, 1
38, 76, 1
67, 130, 1
1, 38, 1
78, 130, 1
27, 2, 1
67, 139, 1
67, 84, 1
27, 130, 1
27, 139, 1
27, 84, 1
3, 84, 1
83, 19, 1
14, 84, 1
3, 38, 1
139, 124, 1
124, 38, 1
38, 14, 1
139, 133, 1
38, 78, 1
84, 130, 1
130, 97, 1
44, 97, 1
31, 14, 1
2, 97, 1
38, 84, 1
78, 19, 1
67, 83, 1
76, 122, 1
78, 83, 1
84, 44, 1
38, 44, 1
83, 97, 1
78, 122, 1
76, 97, 1
78, 3, 1
1, 97, 1
78, 67, 1
14, 122, 1
122, 97, 1
78, 27, 1
78, 97, 1
67, 97, 1
133, 97, 1
14, 97, 1
84, 122, 1
139, 122, 1
38, 122, 1
67, 2, 1
78, 2, 1
76, 44, 1
78, 124, 1
78, 133, 1
38, 97, 1
78, 139, 1
130, 122, 1
78, 84, 1
14, 78, 1
84, 97, 1
139, 97, 1
44, 122, 1
78, 38, 1
78, 44, 1
14, 38, 1
14, 44, 1
78, 1, 1
14, 1, 1
38, 27, 1
38, 19, 1
38, 3, 1
38, 83, 1
38, 67, 1
38, 2, 1
38, 124, 1
38, 133, 1
38, 139, 1
19, 221, -1
19, 262, -1
19, 271, -1
19, 150, -1
19, 157, -1
19, 189, -1
19, 197, -1
19, 143, -1
19, 319, -1
19, 327, -1
314, 221, -1
314, 83, -1
314, 2, -1
314, 31, -1
314, 14, -1
314, 67, -1
314, 124, -1
314, 84, -1
314, 38, -1
314, 139, -1
314, 3, -1
314, 27, -1
314, 1, -1
314, 78, -1
314, 76, -1
314, 130, -1
314, 19, -1
314, 262, -1
314, 271, -1
314, 150, -1
314, 157, -1
314, 189, -1
314, 197, -1
314, 143, -1
44, 221, -1
44, 262, -1
44, 271, -1
44, 150, -1
44, 157, -1
44, 189, -1
44, 197, -1
44, 143, -1
44, 319, -1
44, 327, -1
44, 314, -1
122, 221, -1
122, 262, -1
122, 271, -1
122, 150, -1
122, 157, -1
122, 189, -1
122, 197, -1
122, 143, -1
122, 319, -1
122, 327, -1
122, 314, -1
133, 221, -1
133, 262, -1
133, 271, -1
133, 150, -1
133, 157, -1
133, 189, -1
133, 197, -1
133, 143, -1
133, 319, -1
133, 327, -1
133, 314, -1
97, 221, -1
97, 262, -1
97, 271, -1
97, 150, -1
97, 157, -1
97, 189, -1
97, 197, -1
97, 143, -1
97, 319, -1
97, 327, -1
97, 314, -1
139, 197, -1
1, 150, -1
31, 319, -1
314, 122, -1
221, 327, -1
262, 14, -1
76, 189, -1
319, 130, -1
3, 150, -1
327, 143, -1
1, 314, -1
76, 143, -1
76, 262, -1
327, 271, -1
314, 97, -1
76, 271, -1
1, 143, -1
197, 97, -1
38, 327, -1
67, 189, -1
189, 38, -1
78, 189, -1
84, 150, -1
150, 31, -1
3, 314, -1
78, 143, -1
67, 262, -1
27, 189, -1
78, 262, -1
124, 314, -1
67, 271, -1
78, 271, -1
14, 143, -1
83, 197, -1
3, 143, -1
27, 262, -1
27, 271, -1
14, 271, -1
3, 271, -1
76, 319, -1
262, 327, -1
197, 319, -1
314, 44, -1
84, 189, -1
221, 2, -1
189, 31, -1
84, 143, -1
84, 262, -1
221, 130, -1
84, 271, -1
67, 319, -1
78, 319, -1
31, 143, -1
124, 197, -1
31, 271, -1
27, 319, -1
197, 1, -1
2, 189, -1
67, 157, -1
83, 327, -1
157, 38, -1
67, 221, -1
78, 157, -1
197, 83, -1
2, 262, -1
197, 19, -1
27, 157, -1
327, 31, -1
27, 221, -1
84, 319, -1
150, 319, -1
84, 157, -1
197, 3, -1
197, 122, -1
84, 221, -1
157, 31, -1
67, 150, -1
78, 150, -1
197, 67, -1
130, 197, -1
197, 76, -1
2, 319, -1
27, 150, -1
189, 319, -1
2, 157, -1
67, 314, -1
2, 221, -1
139, 327, -1
27, 314, -1
67, 143, -1
314, 133, -1
221, 27, -1
197, 124, -1
197, 14, -1
197, 133, -1
27, 143, -1
197, 78, -1
38, 189, -1
130, 327, -1
1, 197, -1
38, 262, -1
319, 31, -1
2, 150, -1
197, 44, -1
3, 197, -1
221, 139, -1
221, 84, -1
157, 319, -1
221, 38, -1
197, 327, -1
38, 319, -1
319, 143, -1
2, 143, -1
1, 327, -1
319, 271, -1
2, 271, -1
38, 157, -1
139, 157, -1
83, 189, -1
139, 221, -1
19, 314, -1
221, 31, -1
83, 143, -1
83, 262, -1
14, 327, -1
3, 327, -1
124, 327, -1
83, 271, -1
189, 14, -1
189, 133, -1
189, 78, -1
130, 221, -1
38, 150, -1
139, 150, -1
31, 327, -1
197, 2, -1
83, 319, -1
197, 130, -1
221, 97, -1
130, 150, -1
76, 197, -1
262, 31, -1
83, 157, -1
139, 189, -1
83, 221, -1
189, 327, -1
38, 143, -1
139, 143, -1
139, 262, -1
38, 271, -1
139, 271, -1
157, 133, -1
67, 197, -1
221, 319, -1
130, 189, -1
27, 197, -1
130, 143, -1
124, 157, -1
130, 262, -1
124, 221, -1
83, 150, -1
130, 271, -1
2, 314, -1
76, 327, -1
221, 1, -1
150, 14, -1
139, 319, -1
84, 197, -1
221, 19, -1
221, 83, -1
83, 314, -1
67, 327, -1
78, 327, -1
157, 327, -1
124, 150, -1
130, 319, -1
1, 189, -1
27, 327, -1
262, 319, -1
2, 197, -1
1, 262, -1
197, 27, -1
1, 271, -1
130, 157, -1
221, 3, -1
221, 122, -1
221, 67, -1
3, 189, -1
14, 189, -1
221, 76, -1
84, 327, -1
124, 189, -1
150, 327, -1
3, 262, -1
124, 143, -1
124, 262, -1
327, 130, -1
124, 271, -1
1, 319, -1
197, 139, -1
197, 84, -1
2, 327, -1
76, 157, -1
139, 314, -1
197, 38, -1
76, 221, -1
31, 189, -1
221, 124, -1
221, 14, -1
1, 157, -1
221, 133, -1
221, 78, -1
1, 221, -1
14, 319, -1
3, 319, -1
157, 14, -1
124, 319, -1
157, 78, -1
130, 314, -1
3, 157, -1
221, 44, -1
3, 221, -1
76, 150, -1
197, 31, -1
150, 130, -1
143, 124, -1
271, 319, -1
150, 139, -1
143, 133, -1
150, 84, -1
143, 78, -1
271, 84, -1
271, 38, -1
14, 150, -1
327, 262, -1
143, 44, -1
189, 130, -1
189, 84, -1
262, 44, -1
143, 327, -1
327, 38, -1
157, 130, -1
157, 84, -1
78, 221, -1
327, 150, -1
189, 97, -1
143, 14, -1
262, 130, -1
150, 38, -1
319, 38, -1
78, 314, -1
150, 122, -1
150, 76, -1
271, 76, -1
143, 27, -1
150, 97, -1
189, 122, -1
189, 76, -1
150, 124, -1
150, 133, -1
271, 14, -1
271, 133, -1
271, 78, -1
143, 2, -1
143, 130, -1
143, 139, -1
38, 221, -1
143, 84, -1
150, 44, -1
143, 38, -1
271, 44, -1
262, 84, -1
157, 122, -1
271, 327, -1
189, 44, -1
157, 76, -1
327, 14, -1
327, 78, -1
157, 97, -1
78, 197, -1
143, 97, -1
157, 44, -1
262, 97, -1
143, 319, -1
319, 14, -1
319, 133, -1
319, 78, -1
143, 1, -1
143, 19, -1
143, 83, -1
14, 262, -1
38, 314, -1
143, 3, -1
143, 122, -1
143, 67, -1
31, 262, -1
143, 76, -1
143, 314, -1
262, 122, -1
262, 76, -1
38, 197, -1
150, 1, -1
189, 1, -1
157, 1, -1
150, 78, -1
262, 1, -1

37, 83, 1
37, 2, 1
37, 31, 1
37, 14, 1
37, 67, 1
37, 124, 1
37, 84, 1
37, 38, 1
37, 139, 1
37, 3, 1
37, 27, 1
37, 1, 1
37, 78, 1
37, 76, 1
37, 130, 1
37, 19, 1
37, 44, 1
37, 122, 1
37, 133, 1
37, 97, 1
101, 83, 1
101, 2, 1
101, 31, 1
101, 14, 1
101, 67, 1
101, 124, 1
101, 84, 1
101, 38, 1
101, 139, 1
101, 3, 1
101, 27, 1
101, 1, 1
101, 78, 1
101, 76, 1
101, 130, 1
101, 19, 1
101, 44, 1
101, 122, 1
101, 133, 1
101, 97, 1
101, 37, 1
50, 83, 1
50, 2, 1
50, 31, 1
50, 14, 1
50, 67, 1
50, 124, 1
50, 84, 1
50, 38, 1
50, 139, 1
50, 3, 1
50, 27, 1
50, 1, 1
50, 78, 1
50, 76, 1
50, 130, 1
50, 19, 1
50, 44, 1
50, 122, 1
50, 133, 1
50, 97, 1
50, 37, 1
50, 101, 1
215, 150, 1
215, 157, 1
215, 189, 1
215, 197, 1
215, 143, 1
274, 262, 1
274, 271, 1
1, 31, 1
143, 197, 1
83, 3, 1
130, 124, 1
83, 67, 1
139, 44, 1
83, 76, 1
1, 122, 1
97, 38, 1
122, 3, 1
14, 31, 1
3, 31, 1
122, 67, 1
2, 130, 1
124, 31, 1
122, 76, 1
2, 139, 1
97, 1, 1
44, 84, 1
130, 44, 1
44, 38, 1
124, 122, 1
189, 157, 1
83, 124, 1
139, 37, 1
83, 14, 1
83, 133, 1
97, 31, 1
83, 78, 1
67, 27, 1
19, 139, 1
122, 124, 1
139, 101, 1
130, 19, 1
122, 133, 1
130, 83, 1
97, 3, 1
97, 122, 1
97, 67, 1
44, 31, 1
130, 37, 1
130, 101, 1
189, 150, 1
76, 38, 1
139, 76, 1
1, 44, 1
124, 133, 1
122, 44, 1
38, 14, 1
130, 3, 1
130, 67, 1
67, 38, 1
130, 76, 1
37, 101, 1
133, 38, 1
3, 44, 1
38, 130, 1
124, 44, 1
27, 38, 1
97, 124, 1
1, 19, 1
1, 83, 1
197, 150, 1
76, 31, 1
2, 27, 1
139, 14, 1
1, 37, 1
139, 78, 1
1, 101, 1
122, 37, 1
122, 101, 1
3, 19, 1
76, 122, 1
84, 38, 1
67, 31, 1
78, 31, 1
83, 27, 1
130, 14, 1
133, 31, 1
1, 3, 1
130, 78, 1
1, 67, 1
3, 101, 1
27, 31, 1
130, 133, 1
124, 101, 1
1, 76, 1
3, 37, 1
124, 37, 1
67, 122, 1
2, 84, 1
78, 122, 1
2, 38, 1
27, 122, 1
3, 122, 1
97, 19, 1
83, 2, 1
97, 83, 1
84, 31, 1
3, 76, 1
83, 130, 1
124, 76, 1
97, 37, 1
83, 139, 1
83, 84, 1
97, 101, 1
1, 124, 1
1, 14, 1
19, 84, 1
1, 133, 1
1, 78, 1
122, 14, 1
84, 122, 1
122, 78, 1
19, 38, 1
44, 37, 1
122, 83, 1
2, 31, 1
44, 101, 1
3, 124, 1
97, 76, 1
3, 14, 1
3, 133, 1
3, 78, 1
124, 14, 1
124, 78, 1
44, 122, 1
78, 133, 1
67, 44, 1
44, 76, 1
130, 27, 1
122, 19, 1
19, 31, 1
27, 44, 1
139, 130, 1
76, 37, 1
76, 101, 1
97, 14, 1
139, 84, 1
97, 133, 1
97, 78, 1
67, 19, 1
130, 2, 1
27, 19, 1
67, 37, 1
143, 157, 1
44, 14, 1
67, 101, 1
130, 84, 1
130, 139, 1
44, 78, 1
44, 133, 1
27, 37, 1
124, 130, 1
189, 197, 1
27, 101, 1
122, 27, 1
3, 130, 1
67, 3, 1
38, 31, 1
67, 76, 1
84, 37, 1
84, 101, 1
143, 150, 1
27, 76, 1
1, 2, 1
122, 2, 1
76, 14, 1
1, 130, 1
76, 133, 1
76, 78, 1
122, 130, 1
1, 139, 1
2, 19, 1
1, 84, 1
83, 38, 1
2, 83, 1
122, 139, 1
122, 84, 1
19, 44, 1
2, 37, 1
122, 38, 1
2, 101, 1
67, 124, 1
143, 189, 1
67, 14, 1
78, 14, 1
133, 14, 1
67, 78, 1
67, 133, 1
27, 124, 1
3, 139, 1
97, 27, 1
1, 50, 1
27, 14, 1
27, 133, 1
124, 84, 1
27, 78, 1
14, 130, 1
133, 78, 1
2, 3, 1
2, 122, 1
2, 67, 1
83, 31, 1
2, 76, 1
19, 37, 1
262, 271, 1
97, 2, 1
19, 101, 1
122, 31, 1
84, 14, 1
84, 133, 1
97, 130, 1
84, 78, 1
31, 130, 1
97, 139, 1
83, 122, 1
97, 84, 1
19, 122, 1
139, 38, 1
19, 76, 1
2, 124, 1
2, 14, 1
2, 133, 1
97, 50, 1
2, 78, 1
130, 38, 1
1, 27, 1
83, 37, 1
2, 44, 1
139, 31, 1
19, 124, 1
19, 14, 1
19, 133, 1
3, 27, 1
19, 78, 1
97, 44, 1
76, 130, 1
38, 122, 1
76, 84, 1
139, 122, 1
83, 44, 1
130, 31, 1
157, 150, 1
197, 157, 1
67, 130, 1
1, 38, 1
78, 130, 1
67, 139, 1
67, 84, 1
130, 122, 1
27, 130, 1
27, 139, 1
27, 84, 1
83, 19, 1
3, 84, 1
3, 38, 1
139, 124, 1
124, 38, 1
83, 101, 1
38, 133, 1
139, 133, 1
38, 78, 1
84, 130, 1
130, 97, 1
27, 50, 1
150, 157, 1
38, 44, 1
84, 50, 1
197, 143, 1
124, 3, 1
1, 97, 1
124, 67, 1
19, 2, 1
2, 50, 1
19, 130, 1
3, 97, 1
14, 97, 1
124, 97, 1
150, 189, 1
150, 143, 1
19, 50, 1
78, 38, 1
38, 2, 1
14, 44, 1
38, 139, 1
189, 143, 1
78, 1, 1
44, 97, 1
27, 1, 1
3, 1, 1
3, 83, 1
124, 19, 1
139, 50, 1
124, 83, 1
19, 27, 1
133, 122, 1
76, 97, 1
14, 122, 1
3, 67, 1
157, 189, 1
157, 143, 1
78, 97, 1
67, 97, 1
133, 97, 1
27, 97, 1
197, 215, 1
83, 50, 1
76, 44, 1
31, 76, 1
38, 27, 1
122, 50, 1
14, 78, 1
84, 97, 1
78, 44, 1
133, 44, 1
124, 50, 1
31, 14, 1
2, 97, 1
38, 84, 1
78, 19, 1
67, 83, 1
78, 83, 1
84, 44, 1
78, 37, 1
27, 83, 1
78, 101, 1
67, 50, 1
19, 97, 1
78, 3, 1
78, 67, 1
130, 50, 1
78, 76, 1
27, 3, 1
133, 76, 1
27, 67, 1
101, 50, 1
124, 27, 1
84, 76, 1
3, 2, 1
78, 124, 1
124, 2, 1
38, 97, 1
19, 1, 1
124, 139, 1
19, 83, 1
3, 50, 1
31, 84, 1
19, 3, 1
150, 215, 1
19, 67, 1
197, 189, 1
44, 130, 1
38, 1, 1
83, 97, 1
38, 19, 1
189, 215, 1
44, 50, 1
78, 27, 1
38, 3, 1
38, 67, 1
38, 76, 1
67, 2, 1
78, 2, 1
133, 130, 1
27, 2, 1
78, 139, 1
76, 50, 1
78, 84, 1
133, 84, 1
139, 97, 1
14, 84, 1
14, 38, 1
157, 215, 1
38, 124, 1
78, 50, 1
133, 1, 1
38, 101, 1
44, 1, 1
84, 1, 1
139, 1, 1
124, 1, 1
2, 1, 1
76, 1, 1
14, 1, 1
38, 83, 1
38, 37, 1
122, 97, 1
38, 50, 1
14, 76, 1
143, 215, 1
83, 1, 1
67, 1, 1
122, 1, 1
37, 221, -1
37, 262, -1
37, 271, -1
37, 150, -1
37, 157, -1
37, 189, -1
37, 197, -1
37, 143, -1
37, 319, -1
37, 327, -1
37, 314, -1
101, 221, -1
101, 262, -1
101, 271, -1
101, 150, -1
101, 157, -1
101, 189, -1
101, 197, -1
101, 143, -1
101, 319, -1
101, 327, -1
101, 314, -1
50, 221, -1
50, 262, -1
50, 271, -1
50, 150, -1
50, 157, -1
50, 189, -1
50, 197, -1
50, 143, -1
50, 319, -1
50, 327, -1
50, 314, -1
215, 221, -1
215, 83, -1
215, 2, -1
215, 31, -1
215, 14, -1
215, 67, -1
215, 124, -1
215, 84, -1
215, 38, -1
215, 139, -1
215, 3, -1
215, 27, -1
215, 1, -1
215, 78, -1
215, 76, -1
215, 130, -1
215, 19, -1
215, 44, -1
215, 122, -1
215, 133, -1
215, 97, -1
215, 37, -1
215, 101, -1
215, 50, -1
215, 262, -1
215, 271, -1
215, 319, -1
215, 327, -1
215, 314, -1
274, 221, -1
274, 83, -1
274, 2, -1
274, 31, -1
274, 14, -1
274, 67, -1
274, 124, -1
274, 84, -1
274, 38, -1
274, 139, -1
274, 3, -1
274, 27, -1
274, 1, -1
274, 78, -1
274, 76, -1
274, 130, -1
274, 19, -1
274, 44, -1
274, 122, -1
274, 133, -1
274, 97, -1
274, 37, -1
274, 101, -1
274, 50, -1
274, 150, -1
274, 157, -1
274, 189, -1
274, 197, -1
274, 143, -1
274, 215, -1
274, 319, -1
274, 327, -1
274, 314, -1
97, 319, -1
262, 14, -1
3, 150, -1
76, 143, -1
143, 44, -1
314, 271, -1
197, 262, -1
197, 271, -1
67, 189, -1
78, 189, -1
189, 38, -1
133, 143, -1
124, 314, -1
143, 327, -1
14, 271, -1
3, 271, -1
44, 150, -1
84, 143, -1
221, 130, -1
97, 314, -1
67, 319, -1
78, 319, -1
124, 197, -1
197, 1, -1
314, 19, -1
2, 189, -1
67, 157, -1
78, 157, -1
197, 19, -1
314, 37, -1
189, 262, -1
44, 271, -1
189, 271, -1
262, 130, -1
150, 38, -1
197, 122, -1
2, 319, -1
262, 215, -1
2, 157, -1
67, 314, -1
314, 14, -1
67, 143, -1
197, 14, -1
1, 197, -1
1, 215, -1
221, 84, -1
2, 143, -1
1, 327, -1
271, 197, -1
143, 2, -1
31, 197, -1
139, 157, -1
271, 215, -1
31, 215, -1
83, 262, -1
143, 38, -1
83, 271, -1
189, 14, -1
130, 221, -1
271, 327, -1
31, 327, -1
314, 130, -1
314, 139, -1
197, 130, -1
221, 97, -1
50, 215, -1
83, 221, -1
139, 143, -1
122, 221, -1
143, 262, -1
130, 189, -1
143, 271, -1
150, 14, -1
221, 83, -1
157, 327, -1
124, 150, -1
130, 319, -1
122, 189, -1
143, 1, -1
130, 157, -1
143, 19, -1
97, 150, -1
124, 262, -1
124, 271, -1
314, 84, -1
197, 84, -1
122, 319, -1
76, 221, -1
143, 122, -1
97, 262, -1
221, 78, -1
97, 271, -1
130, 314, -1
1, 150, -1
76, 189, -1
221, 37, -1
122, 314, -1
197, 97, -1
133, 189, -1
150, 31, -1
67, 262, -1
27, 189, -1
78, 262, -1
271, 150, -1
67, 271, -1
78, 271, -1
31, 150, -1
83, 197, -1
76, 319, -1
83, 215, -1
122, 197, -1
84, 189, -1
133, 319, -1
31, 271, -1
27, 319, -1
314, 83, -1
157, 38, -1
83, 327, -1
67, 221, -1
197, 83, -1
2, 262, -1
221, 50, -1
314, 101, -1
27, 157, -1
122, 327, -1
84, 319, -1
19, 189, -1
84, 157, -1
319, 157, -1
2, 221, -1
27, 314, -1
221, 27, -1
157, 262, -1
314, 78, -1
19, 319, -1
37, 215, -1
157, 271, -1
27, 143, -1
197, 78, -1
38, 189, -1
19, 157, -1
221, 139, -1
221, 157, -1
124, 215, -1
38, 319, -1
197, 37, -1
97, 197, -1
38, 157, -1
139, 221, -1
143, 84, -1
97, 215, -1
221, 31, -1
19, 314, -1
124, 327, -1
19, 143, -1
189, 78, -1
1, 274, -1
97, 327, -1
130, 150, -1
262, 31, -1
139, 189, -1
38, 143, -1
314, 50, -1
189, 37, -1
197, 50, -1
67, 197, -1
143, 97, -1
67, 215, -1
78, 215, -1
130, 262, -1
262, 143, -1
83, 150, -1
130, 271, -1
2, 314, -1
271, 130, -1
122, 150, -1
139, 319, -1
150, 78, -1
314, 189, -1
67, 327, -1
78, 327, -1
50, 274, -1
314, 27, -1
2, 197, -1
197, 27, -1
122, 262, -1
2, 215, -1
221, 3, -1
122, 271, -1
14, 189, -1
3, 189, -1
143, 83, -1
197, 139, -1
314, 157, -1
2, 327, -1
139, 314, -1
221, 124, -1
221, 133, -1
14, 319, -1
3, 319, -1
44, 189, -1
3, 157, -1
314, 31, -1
76, 150, -1
197, 31, -1
139, 197, -1
143, 78, -1
133, 150, -1
44, 319, -1
221, 101, -1
76, 262, -1
76, 271, -1
44, 157, -1
84, 150, -1
3, 314, -1
133, 262, -1
133, 271, -1
14, 143, -1
3, 143, -1
27, 262, -1
27, 271, -1
143, 37, -1
314, 44, -1
221, 2, -1
189, 31, -1
84, 262, -1
84, 271, -1
44, 143, -1
27, 221, -1
143, 14, -1
314, 3, -1
197, 3, -1
84, 221, -1
67, 150, -1
78, 150, -1
19, 262, -1
130, 197, -1
143, 50, -1
130, 215, -1
314, 124, -1
314, 133, -1
197, 124, -1
197, 133, -1
130, 327, -1
38, 262, -1
19, 221, -1
2, 150, -1
122, 215, -1
143, 27, -1
143, 274, -1
2, 271, -1
197, 101, -1
143, 130, -1
143, 139, -1
83, 143, -1
189, 133, -1
139, 150, -1
314, 2, -1
197, 2, -1
143, 31, -1
76, 197, -1
76, 215, -1
139, 262, -1
139, 271, -1
189, 101, -1
97, 274, -1
27, 197, -1
133, 215, -1
124, 157, -1
27, 215, -1
76, 327, -1
84, 197, -1
84, 215, -1
97, 157, -1
133, 327, -1
314, 262, -1
1, 189, -1
27, 327, -1
262, 319, -1
221, 67, -1
221, 76, -1
84, 327, -1
3, 262, -1
14, 262, -1
124, 143, -1
19, 197, -1
1, 319, -1
19, 215, -1
271, 189, -1
31, 189, -1
143, 3, -1
197, 221, -1
1, 157, -1
97, 143, -1
157, 14, -1
44, 262, -1
19, 327, -1
221, 44, -1
3, 221, -1
143, 124, -1
271, 319, -1
31, 319, -1
143, 133, -1
38, 215, -1
314, 122, -1
271, 157, -1
31, 157, -1
1, 314, -1
1, 143, -1
38, 327, -1
44, 221, -1
189, 221, -1
78, 143, -1
271, 31, -1
143, 101, -1
262, 327, -1
197, 319, -1
150, 262, -1
271, 143, -1
150, 271, -1
31, 143, -1
139, 215, -1
314, 67, -1
314, 76, -1
157, 31, -1
197, 67, -1
197, 76, -1
27, 150, -1
189, 319, -1
101, 215, -1
139, 327, -1
314, 197, -1
319, 150, -1
197, 44, -1
3, 197, -1
221, 38, -1
14, 215, -1
3, 215, -1
19, 150, -1
197, 327, -1
83, 189, -1
221, 150, -1
14, 327, -1
3, 327, -1
143, 221, -1
44, 197, -1
19, 271, -1
44, 215, -1
38, 150, -1
221, 262, -1
83, 319, -1
221, 271, -1
44, 327, -1
83, 157, -1
189, 327, -1
122, 157, -1
38, 271, -1
157, 133, -1
130, 143, -1
124, 221, -1
221, 1, -1
221, 19, -1
143, 319, -1
83, 314, -1
97, 221, -1
1, 262, -1
122, 143, -1
1, 271, -1
221, 122, -1
124, 189, -1
150, 327, -1
314, 38, -1
76, 157, -1
197, 38, -1
97, 189, -1
143, 67, -1
221, 14, -1
143, 76, -1
143, 314, -1
1, 221, -1
124, 319, -1
157, 78, -1
133, 157, -1
314, 150, -1
150, 130, -1
2, 274, -1
150, 139, -1
150, 84, -1
271, 84, -1
271, 38, -1
262, 78, -1
14, 150, -1
314, 143, -1
189, 130, -1
19, 274, -1
314, 97, -1
262, 44, -1
38, 274, -1
157, 130, -1
221, 215, -1
78, 221, -1
319, 262, -1
189, 97, -1
150, 319, -1
197, 314, -1
83, 274, -1
150, 1, -1
215, 274, -1
319, 38, -1
78, 314, -1
271, 101, -1
314, 215, -1
150, 122, -1
150, 76, -1
271, 76, -1
150, 97, -1
157, 319, -1
189, 122, -1
189, 76, -1
150, 124, -1
130, 274, -1
150, 133, -1
271, 14, -1
271, 133, -1
271, 78, -1
38, 221, -1
150, 44, -1
271, 44, -1
314, 274, -1
262, 38, -1
122, 274, -1
157, 122, -1
221, 189, -1
189, 44, -1
157, 76, -1
150, 37, -1
221, 143, -1
150, 101, -1
271, 37, -1
3, 274, -1
124, 274, -1
157, 97, -1
262, 150, -1
327, 215, -1
78, 197, -1
262, 189, -1
157, 44, -1
262, 97, -1
319, 14, -1
319, 133, -1
319, 78, -1
319, 215, -1
197, 274, -1
67, 274, -1
78, 274, -1
27, 274, -1
38, 314, -1
31, 262, -1
221, 197, -1
262, 122, -1
262, 76, -1
38, 197, -1
262, 84, -1
314, 1, -1
189, 1, -1
157, 1, -1
262, 157, -1
189, 84, -1
157, 84, -1
14, 157, -1
262, 1, -1
327, 143, -1
319, 143, -1

41, 83, 1
41, 2, 1
41, 31, 1
41, 14, 1
41, 67, 1
41, 124, 1
41, 84, 1
41, 38, 1
41, 139, 1
41, 3, 1
41, 27, 1
41, 1, 1
41, 78, 1
41, 76, 1
41, 130, 1
41, 19, 1
41, 44, 1
41, 122, 1
41, 133, 1
41, 97, 1
41, 37, 1
41, 101, 1
41, 50, 1
117, 83, 1
117, 2, 1
117, 31, 1
117, 14, 1
117, 67, 1
117, 124, 1
117, 84, 1
117, 38, 1
117, 139, 1
117, 3, 1
117, 27, 1
117, 1, 1
117, 78, 1
117, 76, 1
117, 130, 1
117, 19, 1
117, 44, 1
117, 122, 1
117, 133, 1
117, 97, 1
117, 37, 1
117, 101, 1
117, 50, 1
117, 41, 1
107, 83, 1
107, 2, 1
107, 31, 1
107, 14, 1
107, 67, 1
107, 124, 1
107, 84, 1
107, 38, 1
107, 139, 1
107, 3, 1
107, 27, 1
107, 1, 1
107, 78, 1
107, 76, 1
107, 130, 1
107, 19, 1
107, 44, 1
107, 122, 1
107, 133, 1
107, 97, 1
107, 37, 1
107, 101, 1
107, 50, 1
107, 41, 1
107, 117, 1
102, 83, 1
102, 2, 1
102, 31, 1
102, 14, 1
102, 67, 1
102, 124, 1
102, 84, 1
102, 38, 1
102, 139, 1
102, 3, 1
102, 27, 1
102, 1, 1
102, 78, 1
102, 76, 1
102, 130, 1
102, 19, 1
102, 44, 1
102, 122, 1
102, 133, 1
102, 97, 1
102, 37, 1
102, 101, 1
102, 50, 1
102, 41, 1
102, 117, 1
102, 107, 1
15, 83, 1
15, 2, 1
15, 31, 1
15, 14, 1
15, 67, 1
15, 124, 1
15, 84, 1
15, 38, 1
15, 139, 1
15, 3, 1
15, 27, 1
15, 1, 1
15, 78, 1
15, 76, 1
15, 130, 1
15, 19, 1
15, 44, 1
15, 122, 1
15, 133, 1
15, 97, 1
15, 37, 1
15, 101, 1
15, 50, 1
15, 41, 1
15, 117, 1
15, 107, 1
15, 102, 1
130, 97, 1
83, 3, 1
130, 124, 1
1, 122, 1
122, 3, 1
41, 15, 1
38, 117, 1
124, 31, 1
27, 107, 1
44, 38, 1
122, 97, 1
83, 124, 1
14, 15, 1
139, 37, 1
3, 15, 1
97, 31, 1
83, 133, 1
2, 50, 1
67, 27, 1
19, 130, 1
19, 139, 1
122, 124, 1
122, 133, 1
130, 83, 1
101, 19, 1
97, 67, 1
130, 101, 1
101, 37, 1
76, 102, 1
44, 15, 1
133, 102, 1
38, 130, 1
124, 44, 1
38, 139, 1
27, 102, 1
2, 27, 1
139, 14, 1
19, 107, 1
3, 1, 1
50, 122, 1
122, 101, 1
3, 19, 1
84, 102, 1
67, 31, 1
78, 31, 1
97, 44, 1
3, 37, 1
130, 78, 1
1, 67, 1
101, 14, 1
1, 76, 1
76, 97, 1
37, 124, 1
3, 122, 1
83, 2, 1
102, 15, 1
37, 133, 1
38, 107, 1
133, 97, 1
19, 84, 1
27, 97, 1
122, 78, 1
44, 37, 1
19, 102, 1
2, 31, 1
3, 14, 1
41, 117, 1
84, 97, 1
67, 44, 1
78, 44, 1
101, 27, 1
3, 117, 1
76, 101, 1
38, 84, 1
97, 133, 1
38, 102, 1
50, 67, 1
50, 76, 1
27, 83, 1
44, 14, 1
101, 130, 1
27, 101, 1
101, 139, 1
67, 50, 1
19, 97, 1
67, 3, 1
78, 3, 1
84, 101, 1
44, 117, 1
117, 107, 1
76, 78, 1
1, 84, 1
67, 124, 1
83, 1, 1
78, 124, 1
3, 130, 1
67, 133, 1
38, 97, 1
78, 133, 1
3, 139, 1
133, 78, 1
101, 107, 1
27, 78, 1
2, 3, 1
19, 83, 1
19, 101, 1
97, 2, 1
84, 78, 1
41, 107, 1
83, 122, 1
139, 102, 1
117, 102, 1
2, 124, 1
2, 133, 1
3, 107, 1
38, 83, 1
38, 101, 1
101, 102, 1
124, 15, 1
19, 78, 1
130, 31, 1
78, 2, 1
41, 102, 1
97, 15, 1
83, 117, 1
1, 38, 1
139, 97, 1
101, 3, 1
3, 84, 1
139, 124, 1
3, 102, 1
14, 102, 1
139, 133, 1
38, 78, 1
27, 41, 1
27, 50, 1
124, 1, 1
83, 67, 1
83, 76, 1
101, 124, 1
31, 38, 1
122, 67, 1
122, 76, 1
1, 15, 1
97, 1, 1
44, 84, 1
130, 44, 1
44, 102, 1
139, 101, 1
3, 97, 1
50, 38, 1
97, 122, 1
101, 83, 1
19, 41, 1
19, 50, 1
31, 15, 1
122, 44, 1
130, 3, 1
1, 19, 1
67, 1, 1
78, 1, 1
76, 31, 1
124, 117, 1
44, 97, 1
1, 37, 1
139, 78, 1
37, 76, 1
38, 41, 1
3, 83, 1
38, 50, 1
50, 15, 1
133, 31, 1
130, 133, 1
3, 101, 1
27, 31, 1
97, 117, 1
19, 27, 1
101, 78, 1
67, 122, 1
78, 122, 1
84, 31, 1
31, 37, 1
124, 76, 1
83, 84, 1
1, 14, 1
37, 44, 1
44, 101, 1
38, 27, 1
97, 76, 1
3, 78, 1
14, 78, 1
50, 19, 1
1, 117, 1
50, 37, 1
19, 31, 1
78, 117, 1
27, 44, 1
31, 14, 1
130, 2, 1
44, 78, 1
31, 117, 1
38, 31, 1
78, 67, 1
67, 76, 1
27, 3, 1
78, 76, 1
50, 14, 1
122, 2, 1
1, 130, 1
76, 133, 1
1, 139, 1
83, 38, 1
19, 44, 1
122, 38, 1
50, 117, 1
27, 124, 1
27, 133, 1
124, 84, 1
130, 15, 1
2, 67, 1
2, 76, 1
3, 41, 1
3, 50, 1
84, 133, 1
97, 84, 1
1, 107, 1
19, 3, 1
83, 15, 1
122, 15, 1
2, 44, 1
139, 31, 1
50, 130, 1
19, 124, 1
50, 139, 1
19, 133, 1
3, 27, 1
37, 38, 1
38, 3, 1
107, 102, 1
101, 31, 1
27, 2, 1
1, 102, 1
67, 84, 1
78, 84, 1
83, 19, 1
101, 67, 1
38, 124, 1
122, 19, 1
83, 37, 1
124, 38, 1
38, 133, 1
50, 107, 1
37, 15, 1
139, 44, 1
97, 38, 1
31, 102, 1
14, 31, 1
3, 31, 1
76, 15, 1
1, 97, 1
133, 15, 1
130, 117, 1
101, 44, 1
19, 2, 1
83, 14, 1
50, 84, 1
50, 102, 1
44, 31, 1
84, 15, 1
122, 117, 1
130, 67, 1
67, 38, 1
130, 76, 1
38, 2, 1
3, 44, 1
1, 83, 1
27, 1, 1
1, 101, 1
83, 27, 1
124, 37, 1
84, 1, 1
101, 133, 1
2, 38, 1
27, 122, 1
97, 19, 1
37, 14, 1
67, 15, 1
78, 15, 1
83, 130, 1
97, 37, 1
83, 139, 1
31, 101, 1
1, 78, 1
37, 117, 1
3, 124, 1
3, 133, 1
76, 117, 1
124, 14, 1
50, 83, 1
2, 15, 1
50, 101, 1
83, 107, 1
27, 117, 1
97, 14, 1
31, 78, 1
122, 107, 1
67, 19, 1
78, 19, 1
67, 37, 1
101, 2, 1
78, 37, 1
84, 117, 1
130, 84, 1
44, 133, 1
37, 139, 1
27, 67, 1
27, 76, 1
50, 78, 1
2, 1, 1
2, 19, 1
83, 102, 1
122, 84, 1
139, 15, 1
117, 15, 1
2, 37, 1
3, 2, 1
122, 102, 1
67, 14, 1
78, 14, 1
97, 27, 1
1, 50, 1
124, 139, 1
2, 122, 1
101, 15, 1
37, 107, 1
67, 117, 1
97, 130, 1
97, 139, 1
19, 67, 1
19, 76, 1
2, 14, 1
139, 1, 1
83, 97, 1
130, 38, 1
1, 27, 1
78, 27, 1
2, 117, 1
37, 84, 1
97, 107, 1
76, 84, 1
37, 102, 1
38, 67, 1
38, 76, 1
67, 130, 1
78, 130, 1
67, 139, 1
78, 139, 1
27, 84, 1
101, 122, 1
122, 83, 1
83, 101, 1
124, 102, 1
1, 31, 1
38, 44, 1
97, 102, 1
2, 130, 1
139, 117, 1
50, 27, 1
2, 139, 1
67, 107, 1
78, 107, 1
101, 117, 1
83, 78, 1
130, 19, 1
124, 97, 1
97, 3, 1
130, 37, 1
76, 38, 1
139, 76, 1
1, 44, 1
124, 133, 1
2, 107, 1
133, 38, 1
67, 102, 1
50, 31, 1
78, 102, 1
37, 101, 1
27, 38, 1
97, 124, 1
101, 76, 1
122, 37, 1
84, 38, 1
130, 14, 1
1, 3, 1
124, 101, 1
2, 84, 1
2, 102, 1
3, 67, 1
97, 83, 1
3, 76, 1
37, 78, 1
27, 15, 1
97, 101, 1
67, 97, 1
78, 97, 1
1, 124, 1
1, 133, 1
122, 14, 1
50, 44, 1
19, 38, 1
83, 50, 1
124, 78, 1
44, 76, 1
130, 27, 1
76, 37, 1
2, 97, 1
139, 84, 1
31, 133, 1
97, 78, 1
50, 3, 1
78, 83, 1
27, 19, 1
19, 15, 1
67, 101, 1
130, 139, 1
78, 101, 1
27, 37, 1
101, 84, 1
122, 27, 1
50, 124, 1
84, 37, 1
50, 133, 1
1, 2, 1
76, 14, 1
122, 130, 1
2, 83, 1
122, 139, 1
38, 15, 1
2, 101, 1
130, 107, 1
133, 14, 1
67, 78, 1
19, 1, 1
78, 50, 1
27, 14, 1
83, 31, 1
19, 37, 1
122, 31, 1
84, 14, 1
19, 122, 1
139, 38, 1
107, 15, 1
38, 1, 1
97, 50, 1
2, 78, 1
38, 19, 1
130, 102, 1
38, 37, 1
50, 2, 1
101, 38, 1
19, 14, 1
38, 122, 1
83, 44, 1
19, 117, 1
27, 130, 1
27, 139, 1
37, 31, 1
3, 38, 1
14, 38, 1
38, 14, 1
101, 97, 1
84, 41, 1
84, 50, 1
37, 97, 1
124, 3, 1
124, 122, 1
124, 67, 1
2, 41, 1
14, 97, 1
37, 1, 1
37, 19, 1
76, 1, 1
37, 83, 1
78, 38, 1
14, 44, 1
133, 1, 1
37, 3, 1
37, 122, 1
14, 1, 1
37, 67, 1
139, 41, 1
76, 122, 1
124, 19, 1
139, 50, 1
124, 83, 1
50, 97, 1
130, 41, 1
133, 122, 1
101, 41, 1
14, 122, 1
14, 76, 1
44, 1, 1
84, 122, 1
83, 41, 1
76, 44, 1
31, 76, 1
122, 41, 1
50, 1, 1
122, 50, 1
44, 122, 1
133, 44, 1
124, 41, 1
124, 50, 1
139, 130, 1
67, 83, 1
84, 44, 1
97, 41, 1
37, 130, 1
130, 50, 1
133, 76, 1
101, 50, 1
124, 27, 1
37, 41, 1
76, 41, 1
84, 76, 1
124, 2, 1
14, 130, 1
1, 41, 1
124, 130, 1
133, 41, 1
14, 41, 1
31, 130, 1
31, 84, 1
44, 130, 1
37, 27, 1
44, 41, 1
44, 50, 1
130, 1, 1
101, 1, 1
76, 130, 1
139, 122, 1
50, 41, 1
67, 2, 1
133, 130, 1
130, 122, 1
76, 50, 1
133, 84, 1
122, 1, 1
14, 84, 1
67, 41, 1
78, 41, 1
84, 130, 1
31, 41, 1
41, 221, -1
41, 262, -1
41, 271, -1
41, 274, -1
41, 150, -1
41, 157, -1
41, 189, -1
41, 197, -1
41, 143, -1
41, 215, -1
41, 319, -1
41, 327, -1
41, 314, -1
237, 221, -1
237, 83, -1
237, 2, -1
237, 31, -1
237, 14, -1
237, 67, -1
237, 124, -1
237, 84, -1
237, 38, -1
237, 139, -1
237, 3, -1
237, 27, -1
237, 1, -1
237, 78, -1
237, 76, -1
237, 130, -1
237, 19, -1
237, 44, -1
237, 122, -1
237, 133, -1
237, 97, -1
237, 37, -1
237, 101, -1
237, 50, -1
237, 41, -1
237, 262, -1
237, 271, -1
237, 274, -1
237, 150, -1
237, 157, -1
237, 189, -1
237, 197, -1
237, 143, -1
237, 215, -1
237, 319, -1
237, 327, -1
237, 314, -1
117, 221, -1
117, 262, -1
117, 271, -1
117, 274, -1
117, 150, -1
117, 157, -1
117, 189, -1
117, 197, -1
117, 143, -1
117, 215, -1
117, 319, -1
117, 327, -1
117, 314, -1
117, 237, -1
107, 221, -1
107, 262, -1
107, 271, -1
107, 274, -1
107, 150, -1
107, 157, -1
107, 189, -1
107, 197, -1
107, 143, -1
107, 215, -1
107, 319, -1
107, 327, -1
107, 314, -1
107, 237, -1
102, 221, -1
102, 262, -1
102, 271, -1
102, 274, -1
102, 150, -1
102, 157, -1
102, 189, -1
102, 197, -1
102, 143, -1
102, 215, -1
102, 319, -1
102, 327, -1
102, 314, -1
102, 237, -1
15, 221, -1
15, 262, -1
15, 271, -1
15, 274, -1
15, 150, -1
15, 157, -1
15, 189, -1
15, 197, -1
15, 143, -1
15, 215, -1
15, 319, -1
15, 327, -1
15, 314, -1
15, 237, -1
150, 84, -1
97, 319, -1
262, 14, -1
37, 143, -1
50, 262, -1
314, 15, -1
31, 221, -1
3, 150, -1
14, 150, -1
197, 15, -1
76, 143, -1
143, 44, -1
19, 274, -1
67, 189, -1
189, 38, -1
78, 189, -1
133, 143, -1
76, 237, -1
14, 271, -1
3, 271, -1
50, 221, -1
44, 150, -1
215, 50, -1
84, 143, -1
97, 314, -1
221, 130, -1
38, 274, -1
27, 237, -1
67, 319, -1
78, 319, -1
124, 197, -1
197, 1, -1
314, 19, -1
2, 189, -1
67, 157, -1
78, 157, -1
197, 19, -1
84, 237, -1
314, 37, -1
189, 15, -1
44, 271, -1
197, 122, -1
215, 27, -1
2, 319, -1
221, 107, -1
2, 157, -1
67, 314, -1
78, 314, -1
319, 102, -1
19, 237, -1
314, 14, -1
67, 143, -1
215, 139, -1
197, 14, -1
1, 197, -1
271, 76, -1
1, 215, -1
314, 117, -1
221, 84, -1
38, 237, -1
221, 102, -1
215, 31, -1
2, 143, -1
1, 327, -1
143, 2, -1
31, 197, -1
139, 157, -1
31, 215, -1
83, 262, -1
143, 38, -1
271, 44, -1
83, 271, -1
189, 14, -1
130, 221, -1
274, 67, -1
101, 157, -1
274, 76, -1
31, 327, -1
314, 130, -1
150, 37, -1
314, 139, -1
50, 197, -1
197, 130, -1
221, 97, -1
3, 274, -1
50, 215, -1
83, 221, -1
139, 143, -1
122, 221, -1
130, 189, -1
50, 327, -1
274, 44, -1
139, 237, -1
101, 143, -1
314, 107, -1
150, 14, -1
197, 107, -1
215, 3, -1
221, 83, -1
101, 237, -1
124, 150, -1
130, 319, -1
122, 189, -1
319, 78, -1
143, 1, -1
130, 157, -1
143, 19, -1
41, 237, -1
97, 150, -1
215, 124, -1
215, 133, -1
124, 262, -1
124, 271, -1
314, 84, -1
37, 221, -1
197, 84, -1
122, 319, -1
314, 102, -1
3, 237, -1
76, 221, -1
143, 122, -1
197, 102, -1
97, 262, -1
221, 78, -1
97, 271, -1
215, 101, -1
1, 150, -1
150, 139, -1
44, 237, -1
271, 38, -1
76, 189, -1
221, 37, -1
143, 117, -1
197, 97, -1
133, 189, -1
189, 102, -1
150, 31, -1
67, 262, -1
27, 189, -1
78, 262, -1
67, 271, -1
78, 271, -1
31, 150, -1
83, 197, -1
76, 319, -1
83, 215, -1
122, 197, -1
84, 189, -1
133, 319, -1
31, 271, -1
27, 319, -1
274, 38, -1
314, 83, -1
157, 38, -1
83, 327, -1
221, 41, -1
67, 221, -1
50, 150, -1
197, 83, -1
2, 262, -1
221, 50, -1
314, 101, -1
27, 157, -1
78, 221, -1
122, 327, -1
84, 319, -1
19, 189, -1
84, 157, -1
50, 271, -1
274, 15, -1
2, 221, -1
157, 15, -1
37, 197, -1
27, 314, -1
221, 27, -1
314, 78, -1
19, 319, -1
37, 215, -1
27, 143, -1
197, 78, -1
143, 107, -1
38, 189, -1
19, 157, -1
221, 139, -1
37, 327, -1
124, 215, -1
150, 124, -1
38, 319, -1
150, 133, -1
271, 14, -1
197, 37, -1
274, 19, -1
97, 197, -1
38, 157, -1
139, 221, -1
143, 84, -1
97, 215, -1
221, 31, -1
19, 314, -1
124, 327, -1
143, 102, -1
19, 143, -1
189, 78, -1
271, 117, -1
274, 122, -1
1, 274, -1
101, 221, -1
97, 327, -1
150, 101, -1
130, 150, -1
262, 31, -1
139, 189, -1
274, 14, -1
38, 143, -1
314, 50, -1
197, 41, -1
197, 50, -1
67, 197, -1
78, 197, -1
143, 97, -1
67, 215, -1
78, 215, -1
130, 262, -1
101, 189, -1
83, 150, -1
130, 271, -1
2, 314, -1
274, 117, -1
122, 150, -1
139, 319, -1
215, 67, -1
215, 76, -1
67, 327, -1
78, 327, -1
319, 133, -1
314, 27, -1
2, 197, -1
101, 319, -1
197, 27, -1
122, 262, -1
2, 215, -1
122, 271, -1
221, 3, -1
3, 189, -1
14, 189, -1
143, 83, -1
1, 237, -1
197, 139, -1
2, 327, -1
215, 44, -1
274, 130, -1
221, 124, -1
221, 133, -1
14, 319, -1
3, 319, -1
44, 189, -1
37, 150, -1
3, 157, -1
314, 31, -1
31, 237, -1
76, 150, -1
197, 31, -1
139, 197, -1
143, 78, -1
271, 84, -1
133, 150, -1
271, 102, -1
37, 262, -1
37, 271, -1
44, 319, -1
274, 107, -1
221, 101, -1
76, 262, -1
76, 271, -1
44, 157, -1
50, 237, -1
84, 150, -1
3, 314, -1
133, 262, -1
133, 271, -1
14, 143, -1
3, 143, -1
27, 262, -1
27, 271, -1
143, 37, -1
314, 44, -1
221, 2, -1
189, 31, -1
84, 262, -1
84, 271, -1
274, 84, -1
274, 102, -1
157, 102, -1
44, 143, -1
27, 221, -1
143, 14, -1
314, 3, -1
197, 3, -1
84, 221, -1
67, 150, -1
78, 150, -1
19, 262, -1
143, 41, -1
130, 197, -1
83, 274, -1
143, 50, -1
130, 215, -1
215, 2, -1
314, 124, -1
271, 101, -1
314, 133, -1
197, 124, -1
197, 133, -1
215, 38, -1
130, 327, -1
38, 262, -1
150, 76, -1
19, 221, -1
2, 150, -1
122, 215, -1
143, 27, -1
271, 78, -1
2, 271, -1
197, 101, -1
143, 130, -1
274, 83, -1
143, 139, -1
38, 221, -1
83, 143, -1
150, 44, -1
189, 133, -1
83, 237, -1
139, 150, -1
314, 2, -1
197, 2, -1
122, 237, -1
143, 31, -1
271, 37, -1
76, 197, -1
101, 150, -1
76, 215, -1
139, 262, -1
274, 78, -1
139, 271, -1
97, 274, -1
215, 19, -1
27, 197, -1
133, 215, -1
124, 157, -1
27, 215, -1
101, 262, -1
76, 327, -1
101, 271, -1
84, 197, -1
215, 122, -1
84, 215, -1
97, 157, -1
133, 327, -1
274, 37, -1
1, 189, -1
27, 327, -1
37, 237, -1
221, 67, -1
221, 76, -1
84, 327, -1
3, 262, -1
14, 262, -1
215, 14, -1
124, 143, -1
67, 274, -1
78, 274, -1
19, 197, -1
1, 319, -1
19, 215, -1
38, 314, -1
31, 189, -1
143, 3, -1
124, 237, -1
215, 117, -1
1, 157, -1
97, 143, -1
157, 14, -1
44, 262, -1
274, 50, -1
19, 327, -1
221, 44, -1
3, 221, -1
97, 237, -1
38, 197, -1
2, 274, -1
143, 124, -1
31, 319, -1
143, 133, -1
38, 215, -1
314, 122, -1
50, 189, -1
237, 15, -1
31, 157, -1
1, 314, -1
1, 143, -1
38, 327, -1
44, 221, -1
78, 143, -1
271, 31, -1
215, 130, -1
274, 27, -1
50, 319, -1
143, 101, -1
50, 157, -1
67, 237, -1
78, 237, -1
150, 15, -1
274, 139, -1
31, 143, -1
215, 107, -1
139, 215, -1
274, 31, -1
314, 67, -1
2, 237, -1
314, 76, -1
157, 31, -1
197, 67, -1
50, 143, -1
197, 76, -1
27, 150, -1
101, 197, -1
319, 38, -1
101, 215, -1
139, 327, -1
215, 84, -1
215, 102, -1
101, 327, -1
197, 44, -1
3, 197, -1
221, 38, -1
14, 215, -1
3, 215, -1
19, 150, -1
271, 133, -1
83, 189, -1
14, 327, -1
3, 327, -1
150, 117, -1
44, 197, -1
19, 271, -1
274, 3, -1
44, 215, -1
38, 150, -1
221, 15, -1
83, 319, -1
44, 327, -1
83, 157, -1
274, 124, -1
274, 133, -1
122, 157, -1
38, 271, -1
157, 133, -1
215, 83, -1
262, 15, -1
130, 143, -1
124, 221, -1
237, 107, -1
221, 1, -1
37, 189, -1
221, 19, -1
130, 237, -1
83, 314, -1
97, 221, -1
274, 101, -1
319, 14, -1
1, 262, -1
122, 143, -1
1, 271, -1
221, 122, -1
124, 189, -1
37, 319, -1
215, 78, -1
37, 157, -1
27, 274, -1
274, 2, -1
314, 38, -1
237, 102, -1
76, 157, -1
197, 38, -1
97, 189, -1
143, 67, -1
221, 14, -1
31, 262, -1
143, 76, -1
1, 221, -1
124, 319, -1
157, 78, -1
133, 157, -1
215, 37, -1
221, 117, -1
150, 130, -1
189, 97, -1
157, 1, -1
150, 78, -1
50, 314, -1
150, 41, -1
262, 130, -1
215, 15, -1
150, 38, -1
150, 102, -1
327, 15, -1
50, 274, -1
150, 1, -1
189, 130, -1
122, 314, -1
314, 97, -1
262, 41, -1
262, 44, -1
157, 122, -1
122, 274, -1
189, 41, -1
189, 44, -1
124, 314, -1
157, 76, -1
262, 1, -1
274, 97, -1
157, 41, -1
189, 1, -1
327, 31, -1
124, 274, -1
189, 76, -1
157, 97, -1
150, 122, -1
314, 41, -1
319, 31, -1
139, 314, -1
271, 15, -1
237, 117, -1
143, 15, -1
314, 1, -1
157, 130, -1
197, 117, -1
262, 122, -1
150, 97, -1
130, 314, -1
262, 76, -1
274, 41, -1
189, 122, -1
319, 15, -1
157, 44, -1
130, 274, -1
262, 97, -1
274, 1, -1
189, 84, -1
157, 84, -1
262, 84, -1

35, 83, 1
35, 2, 1
35, 31, 1
35, 14, 1
35, 67, 1
35, 124, 1
35, 84, 1
35, 38, 1
35, 139, 1
35, 3, 1
35, 27, 1
35, 1, 1
35, 78, 1
35, 76, 1
35, 130, 1
35, 19, 1
35, 44, 1
35, 122, 1
35, 133, 1
35, 97, 1
35, 37, 1
35, 101, 1
35, 50, 1
35, 41, 1
35, 117, 1
35, 107, 1
35, 102, 1
35, 15, 1
103, 83, 1
103, 2, 1
103, 31, 1
103, 14, 1
103, 67, 1
103, 124, 1
103, 84, 1
103, 38, 1
103, 139, 1
103, 3, 1
103, 27, 1
103, 1, 1
103, 78, 1
103, 76, 1
103, 130, 1
103, 19, 1
103, 44, 1
103, 122, 1
103, 133, 1
103, 97, 1
103, 37, 1
103, 101, 1
103, 50, 1
103, 41, 1
103, 117, 1
103, 107, 1
103, 102, 1
103, 15, 1
103, 35, 1
62, 83, 1
62, 2, 1
62, 31, 1
62, 14, 1
62, 67, 1
62, 124, 1
62, 84, 1
62, 38, 1
62, 139, 1
62, 3, 1
62, 27, 1
62, 1, 1
62, 78, 1
62, 76, 1
62, 130, 1
62, 19, 1
62, 44, 1
62, 122, 1
62, 133, 1
62, 97, 1
62, 37, 1
62, 101, 1
62, 50, 1
62, 41, 1
62, 117, 1
62, 107, 1
62, 102, 1
62, 15, 1
62, 35, 1
62, 103, 1
91, 83, 1
91, 2, 1
91, 31, 1
91, 14, 1
91, 67, 1
91, 124, 1
91, 84, 1
91, 38, 1
91, 139, 1
91, 3, 1
91, 27, 1
91, 1, 1
91, 78, 1
91, 76, 1
91, 130, 1
91, 19, 1
91, 44, 1
91, 122, 1
91, 133, 1
91, 97, 1
91, 37, 1
91, 101, 1
91, 50, 1
91, 41, 1
91, 117, 1
91, 107, 1
91, 102, 1
91, 15, 1
91, 35, 1
91, 103, 1
91, 62, 1
77, 83, 1
77, 2, 1
77, 31, 1
77, 14, 1
77, 67, 1
77, 124, 1
77, 84, 1
77, 38, 1
77, 139, 1
77, 3, 1
77, 27, 1
77, 1, 1
77, 78, 1
77, 76, 1
77, 130, 1
77, 19, 1
77, 44, 1
77, 122, 1
77, 133, 1
77, 97, 1
77, 37, 1
77, 101, 1
77, 50, 1
77, 41, 1
77, 117, 1
77, 107, 1
77, 102, 1
77, 15, 1
77, 35, 1
77, 103, 1
77, 62, 1
77, 91, 1
64, 83, 1
64, 2, 1
64, 31, 1
64, 14, 1
64, 67, 1
64, 124, 1
64, 84, 1
64, 38, 1
64, 139, 1
64, 3, 1
64, 27, 1
64, 1, 1
64, 78, 1
64, 76, 1
64, 130, 1
64, 19, 1
64, 44, 1
64, 122, 1
64, 133, 1
64, 97, 1
64, 37, 1
64, 101, 1
64, 50, 1
64, 41, 1
64, 117, 1
64, 107, 1
64, 102, 1
64, 15, 1
64, 35, 1
64, 103, 1
64, 62, 1
64, 91, 1
64, 77, 1
331, 319, 1
331, 327, 1
331, 314, 1
17, 83, 1
17, 2, 1
17, 31, 1
17, 14, 1
17, 67, 1
17, 124, 1
17, 84, 1
17, 38, 1
17, 139, 1
17, 3, 1
17, 27, 1
17, 1, 1
17, 78, 1
17, 76, 1
17, 130, 1
17, 19, 1
17, 44, 1
17, 122, 1
17, 133, 1
17, 97, 1
17, 37, 1
17, 101, 1
17, 50, 1
17, 41, 1
17, 117, 1
17, 107, 1
17, 102, 1
17, 15, 1
17, 35, 1
17, 103, 1
17, 62, 1
17, 91, 1
17, 77, 1
17, 64, 1
130, 97, 1
67, 77, 1
78, 77, 1
130, 124, 1
107, 122, 1
83, 3, 1
1, 122, 1
122, 3, 1
41, 15, 1
38, 117, 1
124, 31, 1
50, 91, 1
15, 133, 1
27, 107, 1
44, 38, 1
19, 103, 1
117, 19, 1
2, 41, 1
122, 97, 1
83, 124, 1
3, 15, 1
2, 50, 1
14, 15, 1
139, 37, 1
83, 133, 1
97, 31, 1
19, 130, 1
67, 27, 1
19, 139, 1
122, 124, 1
37, 35, 1
122, 133, 1
130, 83, 1
101, 19, 1
97, 67, 1
130, 101, 1
101, 37, 1
102, 2, 1
76, 102, 1
107, 117, 1
41, 1, 1
38, 103, 1
41, 19, 1
44, 15, 1
133, 102, 1
38, 130, 1
124, 44, 1
41, 37, 1
38, 139, 1
27, 102, 1
2, 27, 1
139, 14, 1
117, 14, 1
124, 62, 1
19, 107, 1
3, 1, 1
50, 122, 1
122, 101, 1
3, 19, 1
139, 41, 1
97, 35, 1
84, 102, 1
67, 31, 1
78, 31, 1
97, 44, 1
3, 37, 1
130, 78, 1
107, 76, 1
1, 67, 1
101, 14, 1
1, 76, 1
107, 103, 1
76, 97, 1
101, 41, 1
1, 103, 1
3, 122, 1
37, 124, 1
83, 2, 1
102, 15, 1
37, 133, 1
38, 107, 1
41, 14, 1
133, 97, 1
19, 84, 1
27, 97, 1
122, 78, 1
44, 37, 1
19, 102, 1
2, 31, 1
117, 27, 1
62, 91, 1
3, 14, 1
41, 117, 1
84, 97, 1
107, 62, 1
31, 103, 1
67, 35, 1
78, 35, 1
1, 62, 1
67, 44, 1
78, 44, 1
130, 91, 1
101, 27, 1
117, 130, 1
3, 117, 1
76, 101, 1
38, 84, 1
97, 133, 1
117, 139, 1
38, 102, 1
50, 67, 1
50, 76, 1
27, 83, 1
44, 14, 1
101, 130, 1
27, 101, 1
101, 139, 1
67, 50, 1
19, 97, 1
31, 62, 1
62, 77, 1
122, 91, 1
2, 35, 1
67, 3, 1
78, 3, 1
102, 122, 1
117, 37, 1
84, 101, 1
44, 117, 1
41, 130, 1
130, 77, 1
41, 139, 1
117, 107, 1
107, 84, 1
35, 77, 1
76, 78, 1
1, 84, 1
14, 103, 1
3, 103, 1
67, 124, 1
78, 124, 1
83, 1, 1
3, 130, 1
67, 133, 1
50, 62, 1
38, 97, 1
78, 133, 1
133, 78, 1
3, 139, 1
101, 107, 1
27, 78, 1
2, 3, 1
19, 83, 1
122, 77, 1
97, 2, 1
19, 101, 1
102, 117, 1
84, 78, 1
41, 107, 1
83, 122, 1
44, 103, 1
139, 102, 1
117, 102, 1
2, 124, 1
37, 91, 1
2, 133, 1
3, 107, 1
38, 83, 1
38, 101, 1
101, 102, 1
124, 15, 1
102, 76, 1
19, 78, 1
27, 91, 1
117, 3, 1
102, 103, 1
130, 31, 1
107, 38, 1
41, 102, 1
97, 15, 1
83, 117, 1
78, 2, 1
1, 38, 1
37, 77, 1
139, 97, 1
101, 3, 1
3, 84, 1
76, 77, 1
3, 102, 1
14, 102, 1
139, 124, 1
117, 124, 1
139, 133, 1
38, 78, 1
27, 41, 1
15, 76, 1
27, 50, 1
62, 17, 1
124, 1, 1
102, 62, 1
15, 103, 1
83, 67, 1
27, 77, 1
83, 76, 1
31, 38, 1
101, 124, 1
84, 41, 1
122, 67, 1
122, 76, 1
97, 1, 1
83, 103, 1
44, 84, 1
1, 15, 1
41, 97, 1
130, 35, 1
84, 77, 1
130, 44, 1
44, 102, 1
117, 83, 1
139, 101, 1
117, 101, 1
3, 97, 1
15, 62, 1
50, 38, 1
97, 122, 1
101, 83, 1
19, 41, 1
19, 50, 1
31, 15, 1
122, 35, 1
83, 62, 1
122, 44, 1
130, 3, 1
102, 84, 1
122, 62, 1
107, 19, 1
41, 83, 1
1, 19, 1
107, 37, 1
41, 101, 1
78, 1, 1
76, 31, 1
124, 117, 1
67, 1, 1
44, 97, 1
2, 91, 1
139, 78, 1
1, 37, 1
117, 78, 1
37, 76, 1
38, 41, 1
3, 83, 1
38, 50, 1
50, 15, 1
133, 31, 1
130, 133, 1
3, 101, 1
27, 31, 1
97, 117, 1
19, 27, 1
101, 78, 1
67, 122, 1
78, 122, 1
84, 31, 1
31, 37, 1
124, 76, 1
83, 84, 1
107, 14, 1
41, 78, 1
1, 14, 1
124, 103, 1
2, 77, 1
37, 44, 1
107, 41, 1
44, 101, 1
37, 62, 1
38, 27, 1
97, 76, 1
117, 91, 1
3, 78, 1
14, 78, 1
27, 17, 1
1, 117, 1
97, 103, 1
50, 19, 1
50, 37, 1
27, 35, 1
19, 31, 1
78, 117, 1
27, 44, 1
133, 62, 1
101, 91, 1
31, 14, 1
130, 2, 1
117, 50, 1
44, 78, 1
107, 27, 1
31, 117, 1
97, 62, 1
139, 77, 1
117, 77, 1
38, 31, 1
78, 67, 1
67, 76, 1
27, 3, 1
15, 38, 1
78, 76, 1
50, 14, 1
107, 130, 1
19, 17, 1
67, 103, 1
107, 139, 1
1, 130, 1
78, 103, 1
76, 133, 1
122, 2, 1
101, 77, 1
1, 139, 1
19, 35, 1
83, 38, 1
19, 44, 1
122, 38, 1
41, 50, 1
50, 117, 1
27, 124, 1
27, 133, 1
124, 84, 1
130, 15, 1
41, 77, 1
2, 67, 1
2, 76, 1
3, 41, 1
14, 41, 1
3, 50, 1
38, 17, 1
84, 133, 1
67, 62, 1
78, 62, 1
35, 91, 1
38, 35, 1
97, 84, 1
1, 107, 1
19, 3, 1
102, 19, 1
83, 15, 1
102, 37, 1
122, 15, 1
41, 27, 1
50, 103, 1
44, 41, 1
2, 44, 1
139, 31, 1
117, 31, 1
50, 130, 1
19, 124, 1
50, 139, 1
314, 319, 1
19, 133, 1
2, 62, 1
3, 27, 1
37, 38, 1
38, 3, 1
117, 67, 1
107, 102, 1
101, 31, 1
15, 37, 1
27, 2, 1
1, 102, 1
67, 84, 1
78, 84, 1
102, 14, 1
83, 19, 1
101, 67, 1
38, 124, 1
83, 37, 1
124, 38, 1
122, 19, 1
41, 31, 1
38, 133, 1
50, 107, 1
107, 3, 1
37, 15, 1
117, 35, 1
139, 44, 1
117, 44, 1
97, 38, 1
31, 102, 1
14, 31, 1
3, 31, 1
76, 15, 1
139, 62, 1
15, 14, 1
107, 97, 1
101, 35, 1
1, 97, 1
133, 15, 1
130, 117, 1
101, 44, 1
19, 2, 1
107, 124, 1
83, 14, 1
102, 27, 1
15, 117, 1
50, 84, 1
41, 35, 1
50, 102, 1
44, 31, 1
84, 15, 1
41, 44, 1
102, 130, 1
3, 17, 1
102, 139, 1
122, 117, 1
130, 67, 1
3, 35, 1
67, 38, 1
130, 76, 1
38, 2, 1
3, 44, 1
107, 83, 1
1, 83, 1
130, 103, 1
107, 101, 1
117, 133, 1
27, 1, 1
35, 103, 1
1, 101, 1
41, 3, 1
83, 27, 1
124, 37, 1
84, 1, 1
101, 133, 1
19, 91, 1
102, 107, 1
2, 38, 1
27, 122, 1
97, 19, 1
122, 103, 1
37, 14, 1
67, 15, 1
78, 15, 1
83, 130, 1
130, 62, 1
41, 124, 1
97, 37, 1
83, 139, 1
31, 101, 1
41, 133, 1
35, 62, 1
107, 78, 1
1, 78, 1
37, 117, 1
3, 124, 1
38, 91, 1
3, 133, 1
76, 117, 1
124, 14, 1
50, 83, 1
19, 77, 1
124, 41, 1
2, 15, 1
50, 101, 1
117, 2, 1
83, 107, 1
27, 117, 1
97, 14, 1
31, 78, 1
122, 107, 1
67, 19, 1
78, 19, 1
97, 41, 1
67, 37, 1
78, 37, 1
101, 2, 1
84, 117, 1
130, 84, 1
44, 133, 1
107, 91, 1
37, 103, 1
1, 91, 1
38, 77, 1
102, 3, 1
76, 103, 1
15, 84, 1
41, 2, 1
15, 102, 1
27, 67, 1
37, 139, 1
27, 76, 1
50, 78, 1
2, 1, 1
133, 103, 1
2, 19, 1
27, 103, 1
83, 102, 1
122, 84, 1
139, 15, 1
117, 15, 1
2, 37, 1
3, 2, 1
102, 124, 1
122, 102, 1
67, 14, 1
78, 14, 1
107, 50, 1
97, 27, 1
1, 41, 1
1, 50, 1
124, 139, 1
84, 103, 1
76, 62, 1
107, 77, 1
2, 122, 1
101, 15, 1
1, 77, 1
37, 107, 1
67, 117, 1
97, 130, 1
97, 139, 1
27, 62, 1
19, 67, 1
102, 83, 1
19, 76, 1
31, 41, 1
2, 14, 1
139, 1, 1
102, 101, 1
83, 97, 1
84, 62, 1
41, 91, 1
130, 38, 1
1, 27, 1
31, 77, 1
78, 27, 1
2, 117, 1
37, 84, 1
3, 91, 1
97, 107, 1
76, 84, 1
37, 102, 1
38, 67, 1
117, 122, 1
38, 76, 1
319, 327, 1
50, 41, 1
67, 130, 1
78, 130, 1
67, 139, 1
15, 101, 1
78, 139, 1
19, 62, 1
50, 77, 1
27, 84, 1
101, 122, 1
83, 101, 1
124, 102, 1
107, 31, 1
122, 83, 1
1, 31, 1
41, 122, 1
2, 103, 1
107, 67, 1
3, 77, 1
38, 44, 1
97, 102, 1
2, 130, 1
139, 117, 1
38, 62, 1
50, 27, 1
2, 139, 1
67, 107, 1
78, 107, 1
15, 78, 1
101, 117, 1
83, 78, 1
102, 91, 1
107, 17, 1
130, 19, 1
44, 77, 1
124, 97, 1
97, 3, 1
130, 37, 1
107, 35, 1
107, 44, 1
1, 35, 1
76, 38, 1
139, 76, 1
117, 76, 1
1, 44, 1
124, 133, 1
2, 107, 1
139, 103, 1
117, 103, 1
133, 38, 1
67, 102, 1
50, 31, 1
78, 102, 1
37, 101, 1
27, 38, 1
97, 124, 1
101, 76, 1
102, 50, 1
122, 37, 1
101, 103, 1
102, 77, 1
91, 77, 1
84, 38, 1
41, 67, 1
130, 14, 1
41, 76, 1
1, 3, 1
83, 91, 1
124, 101, 1
117, 62, 1
130, 41, 1
41, 103, 1
2, 84, 1
2, 102, 1
3, 67, 1
97, 83, 1
3, 76, 1
37, 78, 1
27, 15, 1
97, 101, 1
107, 133, 1
101, 62, 1
1, 124, 1
67, 97, 1
78, 97, 1
50, 35, 1
1, 133, 1
122, 14, 1
50, 44, 1
15, 77, 1
19, 38, 1
83, 41, 1
83, 50, 1
122, 41, 1
41, 62, 1
83, 77, 1
124, 78, 1
44, 76, 1
130, 27, 1
314, 327, 1
76, 37, 1
31, 133, 1
139, 84, 1
3, 62, 1
14, 62, 1
97, 78, 1
117, 84, 1
2, 97, 1
50, 3, 1
78, 83, 1
27, 19, 1
19, 15, 1
67, 101, 1
130, 139, 1
102, 31, 1
78, 101, 1
27, 37, 1
101, 84, 1
122, 27, 1
102, 67, 1
50, 124, 1
84, 37, 1
107, 2, 1
50, 133, 1
44, 62, 1
1, 2, 1
41, 84, 1
76, 14, 1
122, 130, 1
37, 41, 1
122, 139, 1
2, 83, 1
38, 15, 1
76, 41, 1
2, 101, 1
15, 31, 1
130, 107, 1
133, 14, 1
67, 78, 1
97, 91, 1
19, 1, 1
78, 50, 1
27, 14, 1
133, 41, 1
102, 35, 1
83, 31, 1
102, 44, 1
19, 37, 1
122, 31, 1
84, 14, 1
64, 17, 1
124, 77, 1
19, 122, 1
139, 38, 1
117, 38, 1
107, 15, 1
38, 1, 1
97, 50, 1
2, 78, 1
38, 19, 1
130, 102, 1
97, 77, 1
38, 37, 1
101, 38, 1
50, 2, 1
15, 44, 1
67, 91, 1
78, 91, 1
19, 14, 1
38, 122, 1
83, 35, 1
83, 44, 1
41, 38, 1
107, 1, 1
19, 117, 1
27, 130, 1
102, 133, 1
27, 139, 1
37, 31, 1
3, 38, 1
14, 38, 1
67, 41, 1
78, 41, 1
38, 14, 1
97, 17, 1
117, 17, 1
101, 97, 1
19, 64, 1
84, 50, 1
130, 17, 1
37, 97, 1
35, 17, 1
101, 17, 1
124, 3, 1
124, 122, 1
124, 67, 1
37, 17, 1
41, 17, 1
14, 97, 1
38, 64, 1
1, 17, 1
37, 1, 1
133, 17, 1
37, 19, 1
14, 17, 1
76, 1, 1
37, 83, 1
78, 38, 1
14, 44, 1
133, 1, 1
37, 3, 1
37, 122, 1
14, 1, 1
37, 67, 1
117, 41, 1
76, 122, 1
124, 19, 1
139, 50, 1
31, 44, 1
124, 83, 1
44, 17, 1
15, 130, 1
50, 97, 1
133, 122, 1
14, 122, 1
14, 76, 1
15, 41, 1
44, 1, 1
50, 17, 1
103, 62, 1
84, 122, 1
76, 17, 1
62, 64, 1
76, 44, 1
31, 76, 1
50, 1, 1
122, 50, 1
78, 17, 1
67, 17, 1
44, 122, 1
133, 44, 1
102, 38, 1
124, 50, 1
139, 130, 1
102, 1, 1
84, 17, 1
67, 83, 1
107, 64, 1
84, 44, 1
2, 17, 1
124, 107, 1
3, 64, 1
130, 50, 1
37, 130, 1
133, 76, 1
101, 50, 1
124, 27, 1
314, 331, 1
102, 97, 1
84, 76, 1
124, 2, 1
14, 130, 1
124, 130, 1
102, 17, 1
91, 17, 1
139, 17, 1
31, 130, 1
77, 17, 1
31, 84, 1
44, 130, 1
37, 27, 1
44, 50, 1
27, 64, 1
130, 1, 1
101, 1, 1
83, 17, 1
76, 130, 1
122, 17, 1
139, 122, 1
103, 77, 1
67, 2, 1
133, 130, 1
76, 50, 1
130, 122, 1
124, 17, 1
133, 84, 1
102, 78, 1
117, 97, 1
122, 1, 1
14, 84, 1
102, 41, 1
84, 130, 1
117, 1, 1
35, 221, -1
35, 262, -1
35, 271, -1
35, 274, -1
35, 150, -1
35, 157, -1
35, 189, -1
35, 197, -1
35, 143, -1
35, 215, -1
35, 319, -1
35, 327, -1
35, 314, -1
35, 237, -1
103, 221, -1
103, 262, -1
103, 271, -1
103, 274, -1
103, 150, -1
103, 157, -1
103, 189, -1
103, 197, -1
103, 143, -1
103, 215, -1
103, 319, -1
103, 327, -1
103, 314, -1
103, 237, -1
62, 221, -1
62, 262, -1
62, 271, -1
62, 274, -1
62, 150, -1
62, 157, -1
62, 189, -1
62, 197, -1
62, 143, -1
62, 215, -1
62, 319, -1
62, 327, -1
62, 314, -1
62, 237, -1
91, 221, -1
91, 262, -1
91, 271, -1
91, 274, -1
91, 150, -1
91, 157, -1
91, 189, -1
91, 197, -1
91, 143, -1
91, 215, -1
91, 319, -1
91, 327, -1
91, 314, -1
91, 237, -1
77, 221, -1
77, 262, -1
77, 271, -1
77, 274, -1
77, 150, -1
77, 157, -1
77, 189, -1
77, 197, -1
77, 143, -1
77, 215, -1
77, 319, -1
77, 327, -1
77, 314, -1
77, 237, -1
64, 221, -1
64, 262, -1
64, 271, -1
64, 274, -1
64, 150, -1
64, 157, -1
64, 189, -1
64, 197, -1
64, 143, -1
64, 215, -1
64, 319, -1
64, 327, -1
64, 314, -1
64, 237, -1
331, 221, -1
331, 83, -1
331, 2, -1
331, 31, -1
331, 14, -1
331, 67, -1
331, 124, -1
331, 84, -1
331, 38, -1
331, 139, -1
331, 3, -1
331, 27, -1
331, 1, -1
331, 78, -1
331, 76, -1
331, 130, -1
331, 19, -1
331, 44, -1
331, 122, -1
331, 133, -1
331, 97, -1
331, 37, -1
331, 101, -1
331, 50, -1
331, 41, -1
331, 117, -1
331, 107, -1
331, 102, -1
331, 15, -1
331, 35, -1
331, 103, -1
331, 62, -1
331, 91, -1
331, 77, -1
331, 64, -1
331, 262, -1
331, 271, -1
331, 274, -1
331, 150, -1
331, 157, -1
331, 189, -1
331, 197, -1
331, 143, -1
331, 215, -1
331, 237, -1
17, 221, -1
17, 262, -1
17, 271, -1
17, 274, -1
17, 150, -1
17, 157, -1
17, 189, -1
17, 197, -1
17, 143, -1
17, 215, -1
17, 319, -1
17, 327, -1
17, 314, -1
17, 331, -1
17, 237, -1
221, 117, -1
150, 84, -1
97, 319, -1
319, 103, -1
262, 14, -1
37, 143, -1
50, 262, -1
314, 15, -1
31, 221, -1
3, 150, -1
14, 150, -1
143, 35, -1
197, 15, -1
327, 143, -1
76, 143, -1
143, 44, -1
237, 97, -1
19, 274, -1
314, 271, -1
41, 271, -1
143, 62, -1
67, 189, -1
189, 38, -1
78, 189, -1
271, 77, -1
133, 143, -1
76, 237, -1
274, 91, -1
14, 271, -1
3, 271, -1
221, 103, -1
50, 221, -1
44, 150, -1
215, 50, -1
84, 143, -1
97, 314, -1
221, 130, -1
38, 274, -1
27, 237, -1
67, 319, -1
78, 319, -1
124, 197, -1
197, 1, -1
314, 19, -1
237, 83, -1
2, 189, -1
67, 157, -1
78, 157, -1
197, 19, -1
84, 237, -1
314, 37, -1
189, 15, -1
44, 271, -1
262, 103, -1
274, 77, -1
197, 122, -1
102, 150, -1
215, 27, -1
2, 319, -1
221, 107, -1
2, 157, -1
67, 314, -1
319, 102, -1
78, 314, -1
19, 237, -1
314, 14, -1
67, 143, -1
237, 78, -1
102, 262, -1
102, 271, -1
215, 139, -1
197, 14, -1
107, 197, -1
1, 197, -1
107, 215, -1
271, 76, -1
1, 215, -1
314, 117, -1
274, 319, -1
197, 117, -1
221, 84, -1
157, 319, -1
38, 237, -1
221, 102, -1
215, 31, -1
107, 327, -1
237, 37, -1
2, 143, -1
15, 262, -1
1, 327, -1
143, 2, -1
31, 197, -1
139, 157, -1
117, 157, -1
31, 215, -1
83, 262, -1
143, 38, -1
271, 44, -1
83, 271, -1
189, 14, -1
41, 274, -1
271, 62, -1
130, 221, -1
274, 67, -1
314, 103, -1
101, 157, -1
274, 76, -1
197, 103, -1
274, 314, -1
31, 327, -1
314, 130, -1
15, 221, -1
150, 37, -1
314, 139, -1
50, 197, -1
197, 130, -1
221, 97, -1
3, 274, -1
50, 215, -1
107, 331, -1
237, 41, -1
83, 221, -1
1, 331, -1
237, 50, -1
139, 143, -1
117, 143, -1
122, 221, -1
143, 15, -1
130, 189, -1
50, 327, -1
274, 44, -1
139, 237, -1
117, 237, -1
101, 143, -1
274, 62, -1
314, 107, -1
150, 14, -1
157, 62, -1
197, 107, -1
215, 3, -1
189, 103, -1
274, 327, -1
221, 83, -1
157, 327, -1
101, 237, -1
124, 150, -1
130, 319, -1
237, 27, -1
122, 189, -1
319, 78, -1
143, 1, -1
130, 157, -1
314, 237, -1
143, 19, -1
41, 237, -1
97, 150, -1
215, 124, -1
215, 133, -1
124, 262, -1
124, 271, -1
237, 139, -1
50, 331, -1
314, 84, -1
37, 221, -1
197, 84, -1
122, 319, -1
314, 102, -1
3, 237, -1
76, 221, -1
143, 122, -1
197, 102, -1
97, 262, -1
221, 78, -1
97, 271, -1
102, 197, -1
130, 314, -1
102, 215, -1
237, 31, -1
215, 101, -1
1, 150, -1
150, 139, -1
44, 237, -1
271, 38, -1
76, 189, -1
102, 327, -1
221, 37, -1
122, 314, -1
143, 117, -1
15, 197, -1
197, 97, -1
221, 64, -1
133, 189, -1
189, 102, -1
150, 31, -1
15, 215, -1
67, 262, -1
27, 189, -1
78, 262, -1
67, 271, -1
78, 271, -1
31, 150, -1
237, 17, -1
83, 197, -1
76, 319, -1
83, 215, -1
122, 197, -1
84, 189, -1
271, 15, -1
15, 327, -1
133, 319, -1
31, 271, -1
27, 319, -1
274, 38, -1
314, 83, -1
102, 331, -1
157, 38, -1
83, 327, -1
91, 331, -1
67, 221, -1
50, 150, -1
78, 221, -1
2, 262, -1
197, 83, -1
314, 101, -1
27, 157, -1
221, 50, -1
122, 327, -1
327, 31, -1
84, 319, -1
237, 3, -1
64, 331, -1
19, 189, -1
84, 157, -1
215, 91, -1
50, 271, -1
274, 15, -1
2, 221, -1
237, 124, -1
157, 15, -1
27, 314, -1
37, 197, -1
237, 133, -1
221, 27, -1
314, 78, -1
19, 319, -1
37, 215, -1
27, 143, -1
197, 78, -1
83, 331, -1
143, 107, -1
38, 189, -1
19, 157, -1
319, 31, -1
221, 139, -1
37, 327, -1
215, 77, -1
124, 215, -1
150, 124, -1
38, 319, -1
150, 133, -1
319, 143, -1
237, 101, -1
271, 14, -1
197, 37, -1
274, 19, -1
97, 197, -1
38, 157, -1
139, 221, -1
117, 221, -1
143, 84, -1
19, 314, -1
221, 31, -1
97, 215, -1
197, 64, -1
124, 327, -1
143, 102, -1
19, 143, -1
189, 78, -1
271, 117, -1
107, 274, -1
274, 122, -1
1, 274, -1
101, 221, -1
237, 2, -1
97, 327, -1
150, 101, -1
37, 331, -1
130, 150, -1
262, 31, -1
107, 157, -1
139, 189, -1
117, 189, -1
274, 14, -1
38, 143, -1
314, 50, -1
197, 41, -1
15, 150, -1
197, 50, -1
221, 17, -1
67, 197, -1
78, 197, -1
314, 77, -1
143, 97, -1
67, 215, -1
78, 215, -1
130, 262, -1
101, 189, -1
83, 150, -1
130, 271, -1
2, 314, -1
274, 117, -1
122, 150, -1
139, 319, -1
117, 319, -1
15, 271, -1
215, 67, -1
314, 189, -1
97, 331, -1
41, 189, -1
67, 327, -1
78, 327, -1
215, 76, -1
107, 143, -1
319, 133, -1
314, 27, -1
237, 91, -1
2, 197, -1
101, 319, -1
197, 27, -1
122, 262, -1
2, 215, -1
122, 271, -1
221, 3, -1
3, 189, -1
14, 189, -1
143, 83, -1
107, 237, -1
1, 237, -1
41, 319, -1
274, 103, -1
157, 103, -1
197, 139, -1
215, 35, -1
314, 157, -1
2, 327, -1
41, 157, -1
274, 130, -1
215, 44, -1
221, 124, -1
221, 133, -1
215, 62, -1
14, 319, -1
3, 319, -1
67, 331, -1
78, 331, -1
44, 189, -1
37, 150, -1
3, 157, -1
314, 31, -1
31, 237, -1
76, 150, -1
197, 31, -1
139, 197, -1
143, 78, -1
271, 84, -1
133, 150, -1
41, 314, -1
271, 102, -1
37, 262, -1
37, 271, -1
44, 319, -1
274, 107, -1
314, 143, -1
221, 101, -1
76, 262, -1
41, 143, -1
327, 271, -1
76, 271, -1
2, 331, -1
150, 77, -1
44, 157, -1
50, 237, -1
84, 150, -1
3, 314, -1
133, 262, -1
133, 271, -1
14, 143, -1
3, 143, -1
27, 262, -1
237, 319, -1
27, 271, -1
143, 37, -1
197, 17, -1
314, 35, -1
314, 44, -1
197, 35, -1
221, 2, -1
143, 64, -1
189, 31, -1
221, 41, -1
84, 262, -1
84, 271, -1
274, 84, -1
274, 102, -1
102, 157, -1
157, 102, -1
44, 143, -1
27, 221, -1
150, 319, -1
143, 14, -1
314, 3, -1
237, 67, -1
237, 76, -1
197, 3, -1
84, 221, -1
67, 150, -1
78, 150, -1
19, 262, -1
143, 41, -1
130, 197, -1
83, 274, -1
143, 50, -1
130, 215, -1
215, 2, -1
314, 124, -1
271, 101, -1
102, 143, -1
314, 133, -1
197, 124, -1
221, 91, -1
197, 133, -1
215, 38, -1
130, 327, -1
237, 35, -1
38, 262, -1
150, 76, -1
237, 44, -1
19, 221, -1
2, 150, -1
102, 237, -1
122, 215, -1
237, 62, -1
143, 27, -1
237, 327, -1
271, 78, -1
2, 271, -1
197, 101, -1
143, 130, -1
274, 83, -1
62, 331, -1
143, 139, -1
38, 221, -1
215, 15, -1
83, 143, -1
150, 44, -1
15, 237, -1
189, 133, -1
130, 331, -1
35, 331, -1
327, 103, -1
83, 237, -1
139, 150, -1
117, 150, -1
314, 2, -1
197, 2, -1
122, 237, -1
143, 31, -1
271, 37, -1
76, 197, -1
327, 215, -1
107, 221, -1
101, 150, -1
76, 215, -1
122, 331, -1
139, 262, -1
274, 78, -1
117, 262, -1
139, 271, -1
117, 271, -1
221, 319, -1
97, 274, -1
215, 19, -1
27, 197, -1
133, 215, -1
124, 157, -1
27, 215, -1
101, 262, -1
76, 327, -1
101, 271, -1
84, 197, -1
143, 17, -1
215, 122, -1
84, 215, -1
97, 157, -1
107, 189, -1
133, 327, -1
314, 262, -1
274, 37, -1
41, 262, -1
1, 189, -1
27, 327, -1
262, 319, -1
314, 91, -1
197, 91, -1
319, 215, -1
37, 237, -1
221, 67, -1
221, 76, -1
84, 327, -1
3, 262, -1
14, 262, -1
215, 14, -1
124, 143, -1
67, 274, -1
78, 274, -1
319, 62, -1
19, 197, -1
107, 319, -1
1, 319, -1
237, 38, -1
19, 215, -1
38, 314, -1
31, 189, -1
143, 3, -1
314, 221, -1
41, 221, -1
124, 237, -1
215, 117, -1
1, 157, -1
97, 143, -1
157, 14, -1
221, 35, -1
27, 331, -1
44, 262, -1
274, 50, -1
19, 327, -1
221, 44, -1
3, 221, -1
97, 237, -1
38, 197, -1
2, 274, -1
143, 124, -1
221, 62, -1
31, 319, -1
143, 133, -1
38, 215, -1
314, 122, -1
50, 189, -1
221, 327, -1
237, 15, -1
107, 314, -1
31, 157, -1
1, 314, -1
1, 143, -1
38, 327, -1
44, 221, -1
78, 143, -1
271, 31, -1
215, 130, -1
274, 27, -1
50, 319, -1
143, 101, -1
262, 327, -1
19, 331, -1
197, 319, -1
50, 157, -1
67, 237, -1
150, 15, -1
78, 237, -1
237, 1, -1
274, 139, -1
31, 143, -1
331, 17, -1
237, 19, -1
102, 221, -1
215, 107, -1
38, 331, -1
117, 197, -1
237, 122, -1
139, 215, -1
274, 31, -1
117, 215, -1
314, 67, -1
2, 237, -1
50, 314, -1
314, 76, -1
157, 31, -1
197, 67, -1
50, 143, -1
197, 76, -1
327, 15, -1
27, 150, -1
101, 197, -1
189, 319, -1
319, 38, -1
101, 215, -1
102, 189, -1
139, 327, -1
117, 327, -1
237, 14, -1
314, 197, -1
41, 197, -1
215, 84, -1
314, 215, -1
41, 215, -1
215, 102, -1
101, 327, -1
237, 117, -1
197, 44, -1
314, 62, -1
3, 197, -1
102, 319, -1
274, 35, -1
197, 62, -1
143, 91, -1
221, 38, -1
14, 215, -1
3, 215, -1
15, 189, -1
41, 327, -1
319, 15, -1
19, 150, -1
197, 327, -1
271, 133, -1
319, 271, -1
117, 331, -1
83, 189, -1
14, 327, -1
3, 327, -1
150, 117, -1
44, 197, -1
19, 271, -1
15, 319, -1
44, 215, -1
274, 3, -1
237, 103, -1
101, 331, -1
38, 150, -1
221, 15, -1
143, 77, -1
15, 157, -1
237, 130, -1
83, 319, -1
189, 62, -1
41, 331, -1
44, 327, -1
83, 157, -1
189, 327, -1
274, 124, -1
274, 133, -1
122, 157, -1
38, 271, -1
157, 133, -1
150, 103, -1
3, 331, -1
215, 83, -1
262, 15, -1
130, 143, -1
124, 221, -1
107, 150, -1
237, 107, -1
221, 1, -1
15, 143, -1
37, 189, -1
221, 19, -1
130, 237, -1
83, 314, -1
97, 221, -1
274, 101, -1
107, 262, -1
319, 14, -1
107, 271, -1
1, 262, -1
122, 143, -1
1, 271, -1
221, 122, -1
124, 189, -1
150, 327, -1
37, 319, -1
215, 78, -1
237, 84, -1
27, 274, -1
37, 157, -1
314, 38, -1
237, 102, -1
274, 2, -1
76, 157, -1
197, 38, -1
97, 189, -1
143, 67, -1
221, 14, -1
31, 262, -1
143, 76, -1
1, 221, -1
124, 319, -1
157, 78, -1
215, 37, -1
133, 157, -1
314, 150, -1
41, 150, -1
150, 17, -1
150, 130, -1
271, 319, -1
189, 97, -1
157, 1, -1
150, 78, -1
221, 77, -1
143, 319, -1
150, 41, -1
262, 130, -1
150, 38, -1
215, 314, -1
143, 331, -1
150, 102, -1
262, 17, -1
319, 130, -1
327, 262, -1
50, 274, -1
150, 62, -1
150, 1, -1
189, 17, -1
189, 130, -1
314, 97, -1
215, 103, -1
262, 41, -1
262, 44, -1
157, 122, -1
122, 274, -1
189, 41, -1
271, 327, -1
189, 44, -1
124, 314, -1
157, 76, -1
262, 1, -1
143, 327, -1
274, 97, -1
327, 130, -1
314, 17, -1
157, 41, -1
189, 1, -1
327, 14, -1
215, 319, -1
327, 78, -1
124, 274, -1
189, 76, -1
215, 331, -1
157, 97, -1
150, 122, -1
314, 41, -1
139, 314, -1
327, 38, -1
327, 102, -1
274, 17, -1
143, 314, -1
314, 1, -1
274, 331, -1
157, 17, -1
157, 130, -1
262, 122, -1
327, 62, -1
150, 97, -1
237, 77, -1
271, 103, -1
274, 41, -1
189, 122, -1
124, 331, -1
262, 76, -1
215, 327, -1
143, 103, -1
197, 77, -1
157, 44, -1
130, 274, -1
262, 97, -1
327, 150, -1
274, 1, -1
189, 84, -1
157, 84, -1
262, 84, -1

60, 83, 1
60, 2, 1
60, 31, 1
60, 14, 1
60, 67, 1
60, 124, 1
60, 84, 1
60, 38, 1
60, 139, 1
60, 3, 1
60, 27, 1
60, 1, 1
60, 78, 1
60, 76, 1
60, 130, 1
60, 19, 1
60, 44, 1
60, 122, 1
60, 133, 1
60, 97, 1
60, 37, 1
60, 101, 1
60, 50, 1
60, 41, 1
60, 117, 1
60, 107, 1
60, 102, 1
60, 15, 1
60, 35, 1
60, 103, 1
60, 62, 1
60, 91, 1
60, 77, 1
60, 64, 1
60, 17, 1
239, 237, 1
86, 83, 1
86, 2, 1
86, 31, 1
86, 14, 1
86, 67, 1
86, 124, 1
86, 84, 1
86, 38, 1
86, 139, 1
86, 3, 1
86, 27, 1
86, 1, 1
86, 78, 1
86, 76, 1
86, 130, 1
86, 19, 1
86, 44, 1
86, 122, 1
86, 133, 1
86, 97, 1
86, 37, 1
86, 101, 1
86, 50, 1
86, 41, 1
86, 117, 1
86, 107, 1
86, 102, 1
86, 15, 1
86, 35, 1
86, 103, 1
86, 62, 1
86, 91, 1
86, 77, 1
86, 64, 1
86, 17, 1
86, 60, 1
144, 150, 1
144, 157, 1
144, 189, 1
144, 197, 1
144, 143, 1
144, 215, 1
1, 86, 1
64, 133, 1
67, 77, 1
78, 77, 1
83, 3, 1
17, 67, 1
130, 124, 1
17, 76, 1
1, 122, 1
122, 3, 1
41, 15, 1
38, 117, 1
124, 31, 1
50, 91, 1
27, 107, 1
19, 103, 1
124, 67, 1
62, 83, 1
83, 124, 1
3, 15, 1
14, 15, 1
139, 37, 1
97, 31, 1
83, 133, 1
62, 101, 1
67, 27, 1
19, 139, 1
122, 124, 1
122, 133, 1
130, 83, 1
97, 67, 1
130, 101, 1
17, 44, 1
189, 150, 1
35, 101, 1
76, 102, 1
102, 2, 1
107, 117, 1
17, 62, 1
41, 1, 1
38, 103, 1
41, 19, 1
77, 103, 1
50, 86, 1
124, 35, 1
44, 15, 1
133, 102, 1
38, 130, 1
124, 44, 1
62, 60, 1
41, 37, 1
64, 2, 1
27, 102, 1
38, 139, 1
2, 27, 1
139, 14, 1
117, 14, 1
124, 62, 1
19, 107, 1
62, 78, 1
50, 122, 1
122, 101, 1
3, 19, 1
97, 35, 1
84, 102, 1
67, 31, 1
78, 31, 1
97, 44, 1
35, 60, 1
3, 37, 1
130, 78, 1
107, 76, 1
1, 67, 1
101, 14, 1
1, 76, 1
35, 78, 1
107, 103, 1
1, 103, 1
102, 15, 1
37, 133, 1
91, 15, 1
38, 107, 1
41, 14, 1
19, 84, 1
122, 78, 1
44, 37, 1
19, 102, 1
2, 31, 1
64, 15, 1
31, 76, 1
62, 91, 1
3, 14, 1
41, 117, 1
107, 62, 1
31, 103, 1
67, 35, 1
78, 35, 1
1, 62, 1
67, 44, 1
78, 44, 1
130, 91, 1
3, 117, 1
76, 101, 1
38, 84, 1
97, 133, 1
38, 102, 1
50, 67, 1
50, 76, 1
62, 41, 1
44, 14, 1
62, 50, 1
64, 1, 1
27, 101, 1
62, 77, 1
2, 35, 1
122, 91, 1
67, 3, 1
78, 3, 1
102, 122, 1
84, 101, 1
44, 117, 1
41, 130, 1
130, 77, 1
41, 139, 1
107, 84, 1
130, 86, 1
35, 77, 1
17, 38, 1
1, 84, 1
14, 103, 1
3, 103, 1
64, 122, 1
67, 124, 1
78, 124, 1
124, 2, 1
67, 133, 1
50, 62, 1
38, 97, 1
62, 27, 1
3, 139, 1
133, 78, 1
27, 60, 1
78, 133, 1
27, 78, 1
2, 3, 1
83, 86, 1
122, 77, 1
97, 2, 1
19, 101, 1
122, 86, 1
91, 117, 1
102, 117, 1
84, 78, 1
41, 107, 1
31, 84, 1
44, 103, 1
17, 15, 1
139, 102, 1
117, 102, 1
2, 124, 1
77, 38, 1
2, 133, 1
64, 117, 1
3, 107, 1
38, 83, 1
189, 215, 1
38, 101, 1
101, 102, 1
62, 31, 1
124, 15, 1
19, 60, 1
91, 76, 1
102, 76, 1
19, 78, 1
27, 91, 1
102, 103, 1
91, 103, 1
130, 31, 1
107, 38, 1
41, 102, 1
35, 31, 1
83, 117, 1
64, 67, 1
97, 15, 1
78, 2, 1
1, 38, 1
64, 76, 1
17, 1, 1
37, 77, 1
17, 19, 1
64, 103, 1
14, 84, 1
3, 84, 1
37, 86, 1
76, 77, 1
38, 60, 1
17, 37, 1
3, 102, 1
76, 86, 1
139, 124, 1
139, 133, 1
38, 78, 1
124, 1, 1
62, 17, 1
102, 62, 1
91, 62, 1
15, 103, 1
17, 122, 1
62, 35, 1
133, 86, 1
83, 67, 1
27, 77, 1
62, 44, 1
83, 76, 1
122, 67, 1
122, 76, 1
97, 1, 1
83, 103, 1
1, 15, 1
130, 35, 1
41, 97, 1
64, 62, 1
44, 84, 1
84, 77, 1
130, 44, 1
124, 122, 1
44, 102, 1
35, 44, 1
107, 60, 1
17, 14, 1
139, 101, 1
50, 38, 1
97, 122, 1
62, 3, 1
150, 143, 1
31, 15, 1
122, 35, 1
17, 117, 1
83, 62, 1
122, 44, 1
91, 84, 1
130, 3, 1
102, 84, 1
122, 62, 1
41, 83, 1
1, 19, 1
62, 124, 1
107, 37, 1
41, 101, 1
78, 1, 1
76, 31, 1
124, 117, 1
62, 133, 1
2, 91, 1
139, 78, 1
1, 37, 1
117, 78, 1
64, 84, 1
77, 14, 1
38, 41, 1
67, 86, 1
78, 86, 1
50, 15, 1
38, 50, 1
133, 31, 1
130, 133, 1
157, 150, 1
35, 124, 1
143, 215, 1
3, 101, 1
27, 31, 1
35, 133, 1
97, 117, 1
101, 78, 1
78, 122, 1
17, 103, 1
17, 130, 1
84, 31, 1
41, 60, 1
124, 76, 1
17, 139, 1
83, 84, 1
107, 14, 1
41, 78, 1
1, 14, 1
124, 103, 1
2, 77, 1
2, 86, 1
44, 101, 1
76, 44, 1
37, 62, 1
38, 27, 1
97, 76, 1
3, 60, 1
3, 78, 1
50, 19, 1
1, 117, 1
97, 103, 1
27, 35, 1
91, 38, 1
50, 37, 1
19, 31, 1
62, 2, 1
27, 44, 1
78, 117, 1
133, 62, 1
17, 107, 1
31, 14, 1
130, 2, 1
84, 44, 1
64, 38, 1
60, 86, 1
124, 107, 1
97, 62, 1
139, 77, 1
117, 77, 1
139, 86, 1
38, 31, 1
117, 86, 1
78, 67, 1
67, 76, 1
78, 76, 1
50, 14, 1
122, 2, 1
67, 103, 1
17, 84, 1
107, 139, 1
1, 130, 1
78, 103, 1
76, 133, 1
1, 139, 1
101, 77, 1
19, 35, 1
83, 38, 1
101, 86, 1
17, 102, 1
19, 44, 1
102, 60, 1
91, 60, 1
122, 38, 1
41, 50, 1
50, 117, 1
27, 124, 1
27, 133, 1
124, 84, 1
130, 15, 1
41, 77, 1
2, 67, 1
2, 76, 1
64, 60, 1
38, 17, 1
84, 133, 1
67, 62, 1
78, 62, 1
35, 91, 1
38, 35, 1
97, 84, 1
1, 107, 1
102, 19, 1
197, 189, 1
83, 15, 1
91, 37, 1
62, 1, 1
77, 102, 1
122, 15, 1
17, 97, 1
102, 37, 1
41, 27, 1
50, 103, 1
64, 19, 1
62, 86, 1
2, 44, 1
139, 31, 1
117, 31, 1
50, 130, 1
19, 124, 1
64, 37, 1
50, 139, 1
19, 133, 1
2, 62, 1
3, 27, 1
37, 38, 1
38, 3, 1
62, 122, 1
35, 86, 1
197, 157, 1
107, 102, 1
101, 31, 1
1, 102, 1
67, 84, 1
78, 84, 1
102, 14, 1
91, 14, 1
83, 19, 1
17, 83, 1
157, 215, 1
38, 124, 1
83, 37, 1
124, 38, 1
122, 19, 1
41, 31, 1
17, 101, 1
38, 133, 1
50, 107, 1
64, 14, 1
37, 15, 1
64, 41, 1
139, 44, 1
97, 38, 1
14, 31, 1
3, 31, 1
76, 15, 1
139, 62, 1
197, 143, 1
189, 157, 1
133, 15, 1
130, 117, 1
17, 60, 1
107, 124, 1
83, 14, 1
17, 78, 1
102, 27, 1
50, 84, 1
41, 35, 1
50, 102, 1
44, 31, 1
84, 15, 1
41, 44, 1
62, 67, 1
124, 60, 1
62, 76, 1
64, 27, 1
102, 130, 1
91, 139, 1
62, 103, 1
102, 139, 1
122, 117, 1
130, 67, 1
3, 35, 1
67, 38, 1
130, 76, 1
38, 2, 1
3, 44, 1
35, 76, 1
97, 60, 1
1, 83, 1
189, 143, 1
130, 103, 1
107, 101, 1
64, 130, 1
117, 133, 1
64, 139, 1
1, 101, 1
35, 103, 1
77, 78, 1
41, 3, 1
124, 19, 1
83, 27, 1
27, 86, 1
124, 37, 1
101, 133, 1
19, 91, 1
102, 107, 1
2, 38, 1
97, 19, 1
122, 103, 1
37, 14, 1
67, 15, 1
84, 86, 1
78, 15, 1
130, 62, 1
41, 124, 1
97, 37, 1
83, 139, 1
41, 133, 1
35, 62, 1
1, 60, 1
107, 78, 1
64, 107, 1
1, 78, 1
17, 41, 1
17, 50, 1
37, 117, 1
3, 124, 1
38, 91, 1
3, 133, 1
76, 117, 1
124, 14, 1
50, 83, 1
19, 77, 1
124, 41, 1
19, 86, 1
2, 15, 1
50, 101, 1
124, 50, 1
91, 102, 1
83, 107, 1
27, 117, 1
62, 84, 1
97, 14, 1
122, 107, 1
67, 19, 1
78, 19, 1
67, 37, 1
78, 37, 1
64, 102, 1
84, 117, 1
130, 84, 1
17, 27, 1
44, 133, 1
107, 91, 1
37, 103, 1
1, 91, 1
38, 77, 1
102, 3, 1
76, 103, 1
38, 86, 1
50, 60, 1
41, 2, 1
77, 86, 1
27, 76, 1
124, 27, 1
50, 78, 1
133, 103, 1
2, 19, 1
27, 103, 1
83, 102, 1
122, 84, 1
139, 15, 1
117, 15, 1
2, 37, 1
84, 76, 1
102, 124, 1
91, 124, 1
122, 102, 1
67, 14, 1
78, 14, 1
97, 27, 1
124, 130, 1
1, 50, 1
124, 139, 1
84, 103, 1
64, 97, 1
76, 62, 1
107, 77, 1
107, 86, 1
17, 31, 1
1, 77, 1
101, 15, 1
64, 124, 1
67, 117, 1
97, 130, 1
97, 139, 1
27, 62, 1
62, 38, 1
102, 83, 1
19, 76, 1
2, 14, 1
91, 101, 1
102, 101, 1
84, 62, 1
41, 91, 1
130, 38, 1
1, 27, 1
35, 38, 1
64, 83, 1
78, 27, 1
2, 117, 1
64, 101, 1
77, 31, 1
3, 91, 1
97, 107, 1
17, 35, 1
37, 102, 1
38, 67, 1
76, 84, 1
38, 76, 1
62, 15, 1
78, 130, 1
67, 139, 1
78, 139, 1
124, 17, 1
19, 62, 1
50, 77, 1
91, 78, 1
27, 84, 1
41, 86, 1
35, 15, 1
122, 83, 1
83, 101, 1
124, 102, 1
107, 31, 1
1, 31, 1
64, 78, 1
130, 60, 1
17, 3, 1
2, 103, 1
41, 122, 1
3, 77, 1
38, 44, 1
3, 86, 1
97, 102, 1
139, 117, 1
38, 62, 1
50, 27, 1
2, 139, 1
67, 107, 1
78, 107, 1
77, 62, 1
124, 3, 1
62, 19, 1
83, 60, 1
17, 124, 1
62, 37, 1
17, 133, 1
101, 117, 1
83, 78, 1
122, 60, 1
102, 91, 1
130, 19, 1
124, 97, 1
44, 77, 1
97, 3, 1
44, 86, 1
130, 37, 1
107, 35, 1
107, 44, 1
1, 35, 1
139, 76, 1
35, 37, 1
1, 44, 1
124, 133, 1
2, 107, 1
64, 91, 1
139, 103, 1
117, 103, 1
133, 38, 1
67, 102, 1
50, 31, 1
78, 102, 1
37, 101, 1
27, 38, 1
97, 124, 1
62, 14, 1
102, 50, 1
122, 37, 1
101, 103, 1
77, 133, 1
91, 77, 1
102, 77, 1
84, 38, 1
102, 86, 1
41, 67, 1
91, 86, 1
124, 83, 1
130, 14, 1
41, 76, 1
1, 3, 1
83, 91, 1
35, 14, 1
64, 50, 1
124, 101, 1
62, 117, 1
117, 62, 1
41, 103, 1
2, 84, 1
64, 77, 1
17, 2, 1
2, 102, 1
64, 86, 1
97, 83, 1
14, 76, 1
3, 76, 1
37, 78, 1
157, 143, 1
27, 15, 1
97, 101, 1
35, 117, 1
107, 133, 1
101, 62, 1
1, 124, 1
50, 35, 1
1, 133, 1
122, 14, 1
50, 44, 1
19, 38, 1
197, 215, 1
41, 62, 1
83, 77, 1
124, 78, 1
44, 76, 1
130, 27, 1
62, 130, 1
76, 37, 1
62, 139, 1
139, 84, 1
3, 62, 1
97, 78, 1
50, 3, 1
78, 83, 1
27, 19, 1
19, 15, 1
67, 101, 1
130, 139, 1
102, 31, 1
91, 31, 1
78, 101, 1
27, 37, 1
35, 139, 1
17, 91, 1
122, 27, 1
102, 67, 1
50, 124, 1
84, 37, 1
64, 31, 1
50, 133, 1
44, 62, 1
1, 2, 1
124, 91, 1
62, 107, 1
41, 84, 1
76, 14, 1
122, 130, 1
2, 83, 1
122, 139, 1
38, 15, 1
67, 60, 1
78, 60, 1
2, 101, 1
130, 107, 1
77, 15, 1
133, 14, 1
67, 78, 1
97, 91, 1
78, 50, 1
27, 14, 1
17, 77, 1
17, 86, 1
102, 35, 1
83, 31, 1
91, 44, 1
102, 44, 1
19, 37, 1
122, 31, 1
84, 14, 1
64, 17, 1
124, 77, 1
150, 215, 1
64, 35, 1
139, 38, 1
124, 86, 1
117, 38, 1
107, 15, 1
64, 44, 1
2, 60, 1
62, 102, 1
38, 1, 1
97, 50, 1
2, 78, 1
38, 19, 1
35, 84, 1
130, 102, 1
97, 77, 1
38, 37, 1
50, 2, 1
101, 38, 1
97, 86, 1
35, 102, 1
67, 91, 1
78, 91, 1
19, 14, 1
38, 122, 1
83, 35, 1
83, 44, 1
41, 38, 1
64, 3, 1
19, 117, 1
91, 133, 1
102, 133, 1
62, 97, 1
27, 139, 1
37, 31, 1
3, 38, 1
139, 60, 1
38, 14, 1
197, 150, 1
130, 97, 1
77, 124, 1
97, 17, 1
27, 50, 1
35, 97, 1
117, 17, 1
101, 97, 1
107, 3, 1
107, 122, 1
150, 157, 1
107, 67, 1
117, 35, 1
19, 64, 1
101, 60, 1
117, 44, 1
84, 41, 1
101, 124, 1
2, 130, 1
37, 97, 1
15, 60, 1
84, 50, 1
77, 44, 1
130, 17, 1
35, 17, 1
15, 14, 1
77, 117, 1
101, 17, 1
15, 78, 1
15, 133, 1
107, 97, 1
44, 38, 1
101, 35, 1
1, 97, 1
117, 19, 1
117, 83, 1
2, 41, 1
101, 44, 1
122, 97, 1
19, 2, 1
2, 50, 1
117, 37, 1
103, 38, 1
103, 102, 1
117, 101, 1
19, 130, 1
91, 27, 1
37, 17, 1
77, 37, 1
35, 1, 1
41, 17, 1
77, 101, 1
3, 97, 1
107, 17, 1
37, 35, 1
15, 62, 1
14, 97, 1
38, 64, 1
15, 117, 1
35, 19, 1
1, 17, 1
101, 19, 1
35, 83, 1
101, 83, 1
19, 41, 1
76, 38, 1
101, 37, 1
19, 50, 1
91, 2, 1
117, 76, 1
133, 17, 1
103, 31, 1
91, 130, 1
77, 76, 1
3, 17, 1
76, 1, 1
37, 19, 1
14, 17, 1
35, 3, 1
78, 38, 1
107, 19, 1
35, 67, 1
14, 44, 1
107, 83, 1
101, 76, 1
84, 130, 1
67, 1, 1
133, 1, 1
91, 50, 1
44, 97, 1
27, 1, 1
3, 1, 1
37, 122, 1
37, 3, 1
37, 67, 1
37, 76, 1
117, 41, 1
139, 41, 1
76, 122, 1
3, 83, 1
139, 50, 1
103, 60, 1
77, 41, 1
44, 17, 1
103, 133, 1
19, 27, 1
50, 97, 1
15, 130, 1
117, 124, 1
130, 41, 1
91, 107, 1
67, 122, 1
76, 97, 1
37, 60, 1
101, 41, 1
27, 122, 1
3, 122, 1
37, 124, 1
3, 67, 1
83, 2, 1
14, 122, 1
157, 189, 1
76, 60, 1
103, 44, 1
83, 130, 1
15, 41, 1
44, 1, 1
50, 17, 1
103, 117, 1
78, 97, 1
67, 97, 1
103, 15, 1
15, 76, 1
103, 62, 1
133, 97, 1
84, 122, 1
76, 17, 1
27, 97, 1
15, 77, 1
215, 157, 1
37, 44, 1
62, 64, 1
133, 60, 1
107, 41, 1
83, 41, 1
83, 50, 1
14, 60, 1
117, 27, 1
122, 41, 1
117, 91, 1
103, 37, 1
122, 50, 1
78, 17, 1
14, 78, 1
103, 101, 1
84, 97, 1
67, 17, 1
27, 17, 1
44, 122, 1
84, 60, 1
133, 44, 1
215, 150, 1
102, 38, 1
101, 27, 1
117, 130, 1
103, 76, 1
139, 130, 1
101, 91, 1
102, 1, 1
117, 139, 1
2, 97, 1
14, 62, 1
117, 84, 1
77, 130, 1
84, 17, 1
77, 84, 1
67, 83, 1
107, 64, 1
44, 60, 1
97, 41, 1
215, 189, 1
35, 2, 1
101, 2, 1
27, 83, 1
215, 143, 1
35, 130, 1
44, 78, 1
107, 27, 1
101, 130, 1
117, 50, 1
189, 197, 1
2, 17, 1
101, 139, 1
101, 84, 1
19, 97, 1
103, 14, 1
103, 78, 1
91, 3, 1
91, 122, 1
15, 84, 1
91, 67, 1
130, 50, 1
37, 130, 1
35, 41, 1
15, 38, 1
27, 3, 1
37, 139, 1
15, 102, 1
27, 67, 1
35, 50, 1
107, 2, 1
103, 41, 1
133, 76, 1
101, 50, 1
107, 130, 1
2, 1, 1
19, 17, 1
117, 107, 1
76, 78, 1
102, 97, 1
37, 41, 1
91, 97, 1
76, 41, 1
3, 2, 1
15, 86, 1
83, 1, 1
15, 31, 1
3, 130, 1
107, 50, 1
1, 41, 1
14, 130, 1
35, 107, 1
19, 1, 1
101, 107, 1
102, 17, 1
91, 17, 1
2, 122, 1
133, 41, 1
19, 83, 1
91, 35, 1
3, 41, 1
14, 41, 1
37, 107, 1
3, 50, 1
139, 17, 1
35, 27, 1
83, 122, 1
77, 17, 1
19, 3, 1
19, 122, 1
19, 67, 1
91, 19, 1
91, 83, 1
44, 130, 1
37, 27, 1
37, 91, 1
83, 97, 1
103, 130, 1
103, 84, 1
44, 41, 1
44, 50, 1
215, 197, 1
37, 84, 1
83, 17, 1
76, 130, 1
117, 3, 1
117, 122, 1
139, 122, 1
122, 17, 1
117, 67, 1
103, 77, 1
50, 41, 1
67, 2, 1
103, 86, 1
67, 130, 1
133, 130, 1
27, 2, 1
15, 37, 1
15, 101, 1
107, 1, 1
130, 122, 1
76, 50, 1
27, 130, 1
133, 84, 1
14, 102, 1
102, 78, 1
117, 97, 1
35, 122, 1
101, 3, 1
139, 97, 1
101, 122, 1
101, 67, 1
77, 97, 1
117, 60, 1
78, 41, 1
102, 41, 1
67, 41, 1
14, 38, 1
91, 41, 1
67, 50, 1
77, 60, 1
27, 41, 1
31, 130, 1
91, 1, 1
31, 133, 1
14, 1, 1
31, 78, 1
143, 197, 1
31, 38, 1
31, 44, 1
14, 86, 1
31, 102, 1
31, 41, 1
143, 157, 1
84, 1, 1
117, 1, 1
139, 1, 1
31, 117, 1
31, 62, 1
77, 1, 1
133, 122, 1
31, 77, 1
3, 64, 1
27, 64, 1
15, 44, 1
31, 86, 1
31, 37, 1
143, 144, 1
143, 150, 1
31, 101, 1
150, 189, 1
77, 122, 1
143, 189, 1
50, 1, 1
122, 1, 1
197, 144, 1
117, 2, 1
31, 60, 1
60, 221, -1
60, 262, -1
60, 271, -1
60, 274, -1
60, 150, -1
60, 157, -1
60, 189, -1
60, 197, -1
60, 143, -1
60, 215, -1
60, 319, -1
60, 327, -1
60, 314, -1
60, 331, -1
60, 237, -1
239, 221, -1
239, 83, -1
239, 2, -1
239, 31, -1
239, 14, -1
239, 67, -1
239, 124, -1
239, 84, -1
239, 38, -1
239, 139, -1
239, 3, -1
239, 27, -1
239, 1, -1
239, 78, -1
239, 76, -1
239, 130, -1
239, 19, -1
239, 44, -1
239, 122, -1
239, 133, -1
239, 97, -1
239, 37, -1
239, 101, -1
239, 50, -1
239, 41, -1
239, 117, -1
239, 107, -1
239, 102, -1
239, 15, -1
239, 35, -1
239, 103, -1
239, 62, -1
239, 91, -1
239, 77, -1
239, 64, -1
239, 17, -1
239, 60, -1
239, 262, -1
239, 271, -1
239, 274, -1
239, 150, -1
239, 157, -1
239, 189, -1
239, 197, -1
239, 143, -1
239, 215, -1
239, 319, -1
239, 327, -1
239, 314, -1
239, 331, -1
86, 221, -1
86, 262, -1
86, 271, -1
86, 274, -1
86, 150, -1
86, 157, -1
86, 189, -1
86, 197, -1
86, 143, -1
86, 215, -1
86, 319, -1
86, 327, -1
86, 314, -1
86, 331, -1
86, 237, -1
86, 239, -1
144, 221, -1
144, 83, -1
144, 2, -1
144, 31, -1
144, 14, -1
144, 67, -1
144, 124, -1
144, 84, -1
144, 38, -1
144, 139, -1
144, 3, -1
144, 27, -1
144, 1, -1
144, 78, -1
144, 76, -1
144, 130, -1
144, 19, -1
144, 44, -1
144, 122, -1
144, 133, -1
144, 97, -1
144, 37, -1
144, 101, -1
144, 50, -1
144, 41, -1
144, 117, -1
144, 107, -1
144, 102, -1
144, 15, -1
144, 35, -1
144, 103, -1
144, 62, -1
144, 91, -1
144, 77, -1
144, 64, -1
144, 17, -1
144, 60, -1
144, 86, -1
144, 262, -1
144, 271, -1
144, 274, -1
144, 319, -1
144, 327, -1
144, 314, -1
144, 331, -1
144, 237, -1
144, 239, -1
103, 143, -1
150, 84, -1
97, 319, -1
262, 14, -1
37, 143, -1
50, 262, -1
314, 15, -1
17, 314, -1
3, 150, -1
331, 86, -1
103, 237, -1
197, 15, -1
76, 143, -1
31, 239, -1
197, 262, -1
41, 271, -1
197, 271, -1
67, 189, -1
189, 38, -1
78, 189, -1
124, 314, -1
133, 143, -1
143, 327, -1
76, 237, -1
274, 91, -1
17, 197, -1
14, 271, -1
3, 271, -1
17, 215, -1
221, 103, -1
50, 221, -1
44, 150, -1
84, 143, -1
97, 314, -1
38, 274, -1
27, 237, -1
50, 239, -1
67, 319, -1
78, 319, -1
124, 197, -1
314, 19, -1
2, 189, -1
17, 327, -1
67, 157, -1
78, 157, -1
221, 215, -1
84, 237, -1
314, 37, -1
189, 15, -1
189, 262, -1
44, 271, -1
189, 271, -1
262, 103, -1
274, 77, -1
274, 86, -1
150, 38, -1
157, 86, -1
102, 150, -1
91, 150, -1
77, 215, -1
2, 319, -1
262, 215, -1
2, 157, -1
78, 314, -1
19, 237, -1
64, 150, -1
331, 76, -1
314, 14, -1
67, 143, -1
237, 78, -1
102, 262, -1
91, 262, -1
102, 271, -1
91, 271, -1
197, 14, -1
77, 327, -1
331, 103, -1
107, 197, -1
17, 331, -1
1, 197, -1
107, 215, -1
1, 215, -1
64, 262, -1
314, 117, -1
64, 271, -1
331, 197, -1
197, 117, -1
157, 319, -1
331, 215, -1
38, 237, -1
221, 102, -1
215, 31, -1
150, 60, -1
107, 327, -1
237, 37, -1
2, 143, -1
15, 262, -1
1, 327, -1
331, 62, -1
102, 239, -1
91, 239, -1
139, 157, -1
117, 157, -1
31, 215, -1
83, 262, -1
83, 271, -1
189, 14, -1
41, 274, -1
64, 239, -1
130, 221, -1
274, 67, -1
314, 103, -1
101, 157, -1
274, 76, -1
197, 103, -1
31, 327, -1
314, 130, -1
150, 37, -1
314, 139, -1
50, 197, -1
15, 239, -1
50, 215, -1
107, 331, -1
62, 189, -1
83, 221, -1
1, 331, -1
139, 143, -1
117, 143, -1
274, 197, -1
83, 239, -1
122, 221, -1
143, 15, -1
331, 84, -1
274, 215, -1
130, 189, -1
143, 271, -1
35, 189, -1
50, 327, -1
274, 44, -1
17, 150, -1
139, 237, -1
117, 237, -1
101, 143, -1
274, 62, -1
314, 107, -1
150, 14, -1
157, 62, -1
62, 319, -1
189, 103, -1
237, 189, -1
62, 157, -1
157, 327, -1
101, 237, -1
124, 150, -1
130, 319, -1
122, 189, -1
17, 271, -1
35, 319, -1
130, 157, -1
143, 239, -1
35, 157, -1
314, 237, -1
41, 237, -1
97, 150, -1
197, 237, -1
124, 262, -1
124, 271, -1
50, 331, -1
314, 84, -1
37, 221, -1
237, 157, -1
122, 319, -1
314, 102, -1
62, 314, -1
3, 237, -1
76, 221, -1
37, 239, -1
197, 102, -1
97, 262, -1
221, 78, -1
62, 143, -1
97, 271, -1
91, 197, -1
102, 197, -1
331, 38, -1
102, 215, -1
237, 31, -1
91, 215, -1
35, 143, -1
1, 150, -1
150, 139, -1
124, 239, -1
64, 197, -1
44, 237, -1
64, 215, -1
76, 189, -1
102, 327, -1
91, 327, -1
331, 150, -1
237, 143, -1
97, 239, -1
103, 319, -1
133, 189, -1
189, 102, -1
150, 31, -1
15, 215, -1
67, 262, -1
27, 189, -1
78, 262, -1
331, 15, -1
64, 327, -1
67, 271, -1
78, 271, -1
83, 197, -1
76, 319, -1
83, 215, -1
122, 197, -1
84, 189, -1
15, 327, -1
133, 319, -1
31, 271, -1
27, 319, -1
274, 38, -1
314, 83, -1
91, 331, -1
157, 38, -1
83, 327, -1
102, 331, -1
67, 221, -1
50, 150, -1
78, 221, -1
2, 262, -1
143, 103, -1
314, 101, -1
27, 157, -1
122, 327, -1
67, 239, -1
78, 239, -1
84, 319, -1
64, 331, -1
19, 189, -1
274, 150, -1
84, 157, -1
150, 102, -1
331, 37, -1
17, 274, -1
50, 271, -1
274, 15, -1
2, 221, -1
314, 60, -1
157, 15, -1
37, 197, -1
237, 133, -1
2, 239, -1
157, 262, -1
314, 78, -1
19, 319, -1
37, 215, -1
157, 271, -1
27, 143, -1
197, 78, -1
83, 331, -1
38, 189, -1
19, 157, -1
215, 239, -1
331, 14, -1
37, 327, -1
221, 157, -1
124, 215, -1
150, 124, -1
143, 237, -1
38, 319, -1
150, 133, -1
237, 101, -1
331, 117, -1
197, 37, -1
157, 239, -1
274, 19, -1
97, 197, -1
38, 157, -1
139, 221, -1
117, 221, -1
97, 215, -1
221, 31, -1
77, 157, -1
124, 327, -1
19, 143, -1
189, 78, -1
274, 122, -1
1, 274, -1
101, 221, -1
17, 237, -1
97, 327, -1
221, 143, -1
150, 101, -1
215, 319, -1
130, 150, -1
262, 31, -1
107, 157, -1
139, 189, -1
117, 189, -1
274, 14, -1
38, 143, -1
314, 50, -1
62, 262, -1
62, 271, -1
331, 139, -1
67, 197, -1
77, 143, -1
78, 197, -1
314, 77, -1
67, 215, -1
78, 215, -1
124, 331, -1
130, 262, -1
101, 189, -1
262, 143, -1
83, 150, -1
130, 271, -1
35, 262, -1
274, 117, -1
77, 237, -1
122, 150, -1
139, 319, -1
117, 319, -1
150, 78, -1
15, 271, -1
314, 189, -1
97, 331, -1
41, 189, -1
67, 327, -1
78, 327, -1
62, 221, -1
107, 143, -1
314, 27, -1
62, 239, -1
2, 197, -1
101, 319, -1
122, 262, -1
2, 215, -1
122, 271, -1
3, 189, -1
35, 221, -1
130, 239, -1
107, 237, -1
1, 237, -1
35, 239, -1
41, 319, -1
274, 103, -1
157, 103, -1
314, 157, -1
237, 221, -1
2, 327, -1
41, 157, -1
274, 130, -1
331, 237, -1
221, 133, -1
14, 319, -1
3, 319, -1
67, 331, -1
78, 331, -1
44, 189, -1
237, 77, -1
122, 239, -1
37, 150, -1
215, 327, -1
237, 86, -1
3, 157, -1
314, 31, -1
331, 102, -1
271, 237, -1
31, 237, -1
76, 150, -1
197, 31, -1
139, 197, -1
103, 262, -1
103, 271, -1
133, 150, -1
41, 314, -1
37, 262, -1
37, 271, -1
44, 319, -1
274, 107, -1
314, 143, -1
76, 262, -1
41, 143, -1
76, 271, -1
2, 331, -1
150, 77, -1
44, 157, -1
50, 237, -1
84, 150, -1
150, 86, -1
133, 262, -1
133, 271, -1
14, 143, -1
3, 143, -1
27, 262, -1
237, 319, -1
27, 271, -1
103, 239, -1
314, 35, -1
274, 237, -1
314, 44, -1
189, 31, -1
84, 262, -1
84, 271, -1
274, 84, -1
64, 274, -1
76, 239, -1
274, 102, -1
91, 157, -1
102, 157, -1
157, 102, -1
44, 143, -1
27, 221, -1
133, 239, -1
62, 197, -1
150, 319, -1
27, 239, -1
314, 3, -1
62, 215, -1
84, 221, -1
67, 150, -1
78, 150, -1
19, 262, -1
331, 101, -1
130, 197, -1
84, 239, -1
35, 197, -1
130, 215, -1
35, 215, -1
62, 327, -1
314, 124, -1
102, 143, -1
91, 143, -1
314, 133, -1
237, 197, -1
197, 133, -1
130, 327, -1
38, 262, -1
150, 76, -1
35, 327, -1
19, 221, -1
2, 150, -1
331, 60, -1
91, 237, -1
102, 237, -1
122, 215, -1
64, 143, -1
237, 62, -1
19, 239, -1
331, 78, -1
237, 327, -1
64, 237, -1
2, 271, -1
197, 101, -1
274, 83, -1
62, 331, -1
17, 189, -1
38, 221, -1
221, 86, -1
215, 15, -1
83, 143, -1
150, 44, -1
38, 239, -1
77, 221, -1
15, 237, -1
189, 133, -1
150, 62, -1
215, 271, -1
130, 331, -1
35, 331, -1
83, 237, -1
139, 150, -1
314, 2, -1
117, 150, -1
103, 215, -1
221, 189, -1
122, 237, -1
17, 319, -1
143, 31, -1
124, 274, -1
76, 197, -1
17, 157, -1
274, 60, -1
107, 221, -1
101, 150, -1
76, 215, -1
122, 331, -1
139, 262, -1
274, 78, -1
117, 262, -1
103, 327, -1
77, 189, -1
139, 271, -1
117, 271, -1
97, 274, -1
27, 197, -1
133, 215, -1
124, 157, -1
27, 215, -1
101, 262, -1
76, 327, -1
101, 271, -1
84, 197, -1
60, 239, -1
331, 77, -1
77, 319, -1
84, 215, -1
97, 157, -1
107, 189, -1
133, 327, -1
274, 37, -1
41, 262, -1
1, 189, -1
27, 327, -1
17, 143, -1
139, 239, -1
117, 239, -1
314, 91, -1
37, 237, -1
331, 189, -1
84, 327, -1
62, 150, -1
3, 262, -1
14, 262, -1
124, 143, -1
78, 274, -1
101, 239, -1
19, 197, -1
107, 319, -1
1, 319, -1
237, 38, -1
19, 215, -1
38, 314, -1
41, 221, -1
35, 150, -1
124, 237, -1
197, 221, -1
1, 157, -1
97, 143, -1
41, 239, -1
197, 239, -1
157, 14, -1
27, 331, -1
44, 262, -1
274, 50, -1
19, 327, -1
237, 150, -1
3, 221, -1
314, 86, -1
331, 157, -1
97, 237, -1
197, 86, -1
197, 77, -1
38, 197, -1
221, 62, -1
14, 239, -1
3, 239, -1
35, 271, -1
31, 319, -1
38, 215, -1
314, 122, -1
77, 197, -1
50, 189, -1
237, 15, -1
331, 31, -1
237, 262, -1
1, 314, -1
215, 103, -1
1, 143, -1
274, 189, -1
38, 327, -1
44, 221, -1
78, 143, -1
274, 27, -1
44, 239, -1
189, 239, -1
50, 319, -1
331, 143, -1
19, 331, -1
197, 319, -1
50, 157, -1
67, 237, -1
150, 15, -1
78, 237, -1
189, 86, -1
150, 262, -1
150, 271, -1
274, 139, -1
31, 143, -1
274, 157, -1
331, 44, -1
91, 221, -1
102, 221, -1
38, 331, -1
117, 197, -1
139, 215, -1
274, 31, -1
314, 67, -1
117, 215, -1
2, 237, -1
64, 221, -1
314, 76, -1
157, 31, -1
50, 143, -1
27, 150, -1
150, 239, -1
101, 197, -1
189, 319, -1
101, 215, -1
215, 237, -1
91, 189, -1
139, 327, -1
117, 327, -1
102, 189, -1
274, 143, -1
237, 14, -1
314, 197, -1
41, 197, -1
314, 215, -1
41, 215, -1
64, 189, -1
101, 327, -1
331, 124, -1
237, 117, -1
331, 133, -1
314, 62, -1
62, 274, -1
3, 197, -1
102, 319, -1
274, 35, -1
197, 62, -1
91, 319, -1
221, 38, -1
14, 215, -1
3, 215, -1
41, 327, -1
19, 150, -1
197, 327, -1
64, 319, -1
83, 189, -1
17, 262, -1
221, 150, -1
14, 327, -1
3, 327, -1
64, 157, -1
150, 117, -1
44, 197, -1
19, 271, -1
15, 319, -1
274, 3, -1
44, 215, -1
237, 103, -1
38, 150, -1
221, 15, -1
77, 150, -1
83, 319, -1
189, 62, -1
41, 331, -1
44, 327, -1
83, 157, -1
17, 221, -1
189, 327, -1
237, 215, -1
274, 124, -1
64, 314, -1
274, 133, -1
122, 157, -1
17, 239, -1
38, 271, -1
157, 133, -1
77, 262, -1
77, 271, -1
150, 103, -1
3, 331, -1
262, 15, -1
130, 143, -1
124, 221, -1
107, 150, -1
62, 237, -1
15, 143, -1
37, 189, -1
130, 237, -1
143, 319, -1
97, 221, -1
35, 237, -1
274, 101, -1
107, 262, -1
107, 271, -1
1, 262, -1
122, 143, -1
1, 271, -1
77, 239, -1
124, 189, -1
150, 327, -1
37, 319, -1
37, 157, -1
274, 2, -1
314, 38, -1
237, 102, -1
76, 157, -1
197, 38, -1
97, 189, -1
221, 14, -1
31, 262, -1
1, 221, -1
107, 239, -1
124, 319, -1
157, 78, -1
1, 239, -1
133, 157, -1
314, 150, -1
41, 150, -1
143, 60, -1
331, 239, -1
2, 274, -1
143, 124, -1
150, 130, -1
221, 117, -1
143, 133, -1
143, 78, -1
271, 84, -1
262, 60, -1
271, 38, -1
189, 237, -1
271, 157, -1
271, 102, -1
107, 314, -1
31, 157, -1
14, 150, -1
143, 35, -1
221, 37, -1
327, 143, -1
143, 44, -1
221, 101, -1
237, 97, -1
19, 274, -1
314, 97, -1
189, 130, -1
143, 117, -1
15, 197, -1
331, 122, -1
38, 144, -1
221, 64, -1
143, 62, -1
197, 97, -1
189, 84, -1
262, 44, -1
271, 77, -1
189, 221, -1
3, 314, -1
271, 86, -1
64, 144, -1
271, 31, -1
215, 130, -1
271, 150, -1
31, 150, -1
237, 17, -1
314, 17, -1
331, 97, -1
91, 274, -1
143, 37, -1
197, 17, -1
143, 101, -1
189, 77, -1
197, 35, -1
221, 2, -1
143, 64, -1
215, 50, -1
271, 15, -1
221, 130, -1
271, 143, -1
237, 1, -1
331, 17, -1
157, 130, -1
197, 1, -1
237, 19, -1
157, 84, -1
237, 83, -1
331, 35, -1
221, 41, -1
197, 19, -1
197, 83, -1
221, 50, -1
274, 239, -1
327, 31, -1
215, 107, -1
150, 17, -1
189, 97, -1
143, 122, -1
237, 3, -1
143, 14, -1
237, 122, -1
237, 67, -1
331, 19, -1
331, 83, -1
262, 130, -1
237, 76, -1
221, 144, -1
197, 122, -1
197, 3, -1
197, 67, -1
143, 41, -1
197, 76, -1
327, 15, -1
215, 27, -1
215, 91, -1
150, 1, -1
221, 107, -1
189, 17, -1
143, 50, -1
103, 197, -1
197, 314, -1
83, 274, -1
262, 41, -1
319, 38, -1
331, 3, -1
62, 144, -1
319, 102, -1
331, 67, -1
67, 314, -1
237, 60, -1
319, 157, -1
237, 124, -1
215, 2, -1
27, 314, -1
271, 101, -1
197, 60, -1
221, 27, -1
274, 97, -1
197, 124, -1
221, 91, -1
215, 139, -1
215, 84, -1
143, 107, -1
215, 38, -1
150, 122, -1
215, 331, -1
215, 102, -1
237, 35, -1
215, 221, -1
319, 86, -1
319, 31, -1
237, 44, -1
319, 150, -1
271, 76, -1
274, 17, -1
197, 44, -1
157, 17, -1
221, 139, -1
221, 84, -1
150, 97, -1
143, 27, -1
143, 91, -1
215, 77, -1
189, 122, -1
215, 86, -1
15, 189, -1
319, 15, -1
189, 76, -1
271, 60, -1
319, 143, -1
221, 239, -1
271, 14, -1
271, 133, -1
35, 274, -1
271, 78, -1
143, 2, -1
271, 197, -1
31, 197, -1
143, 130, -1
117, 331, -1
221, 77, -1
143, 139, -1
143, 84, -1
19, 314, -1
197, 64, -1
189, 60, -1
143, 38, -1
271, 44, -1
143, 102, -1
215, 262, -1
262, 84, -1
271, 117, -1
271, 62, -1
107, 274, -1
101, 331, -1
157, 122, -1
237, 2, -1
262, 239, -1
143, 77, -1
91, 314, -1
237, 130, -1
189, 44, -1
15, 221, -1
143, 86, -1
15, 157, -1
197, 2, -1
157, 76, -1
189, 117, -1
271, 37, -1
197, 130, -1
37, 331, -1
3, 274, -1
221, 97, -1
157, 97, -1
237, 41, -1
314, 41, -1
237, 50, -1
157, 60, -1
197, 41, -1
331, 130, -1
189, 37, -1
15, 150, -1
197, 50, -1
189, 101, -1
221, 17, -1
143, 262, -1
215, 19, -1
143, 97, -1
215, 83, -1
271, 103, -1
262, 189, -1
331, 41, -1
239, 86, -1
2, 314, -1
157, 44, -1
331, 50, -1
262, 97, -1
237, 107, -1
221, 1, -1
197, 107, -1
143, 17, -1
215, 3, -1
221, 19, -1
215, 122, -1
215, 67, -1
221, 83, -1
83, 314, -1
150, 41, -1
215, 76, -1
262, 17, -1
319, 14, -1
237, 27, -1
319, 133, -1
319, 78, -1
237, 91, -1
331, 107, -1
197, 27, -1
197, 91, -1
143, 1, -1
221, 3, -1
221, 122, -1
197, 274, -1
221, 67, -1
14, 189, -1
215, 60, -1
143, 19, -1
189, 41, -1
215, 124, -1
103, 221, -1
103, 157, -1
221, 76, -1
215, 14, -1
143, 83, -1
215, 133, -1
215, 78, -1
319, 62, -1
331, 27, -1
67, 274, -1
237, 139, -1
237, 84, -1
27, 274, -1
197, 139, -1
197, 84, -1
271, 189, -1
215, 35, -1
215, 44, -1
221, 60, -1
143, 3, -1
31, 189, -1
143, 67, -1
103, 150, -1
221, 124, -1
197, 331, -1
215, 117, -1
314, 239, -1
143, 76, -1
215, 62, -1
262, 122, -1
262, 76, -1
274, 41, -1
221, 35, -1
35, 314, -1
157, 41, -1
221, 44, -1
103, 189, -1
215, 37, -1
215, 101, -1
122, 144, -1
157, 1, -1
319, 103, -1
271, 215, -1
67, 144, -1
50, 314, -1
274, 1, -1
3, 144, -1
91, 144, -1
124, 144, -1
143, 331, -1
27, 144, -1
60, 144, -1
31, 221, -1
143, 221, -1
50, 274, -1
122, 314, -1
262, 157, -1
327, 103, -1
319, 215, -1
122, 274, -1
84, 144, -1
117, 144, -1
139, 144, -1
97, 144, -1
262, 1, -1
77, 144, -1
331, 91, -1
189, 1, -1
130, 144, -1
44, 144, -1
2, 144, -1
35, 144, -1
327, 215, -1
101, 144, -1
139, 314, -1
143, 314, -1
221, 197, -1
314, 1, -1
37, 144, -1
130, 314, -1
17, 144, -1
50, 144, -1
83, 144, -1
143, 274, -1
19, 144, -1
41, 144, -1
107, 144, -1
14, 157, -1
76, 144, -1
130, 274, -1
1, 144, -1
331, 1, -1

