63, 99, 1
112, 87, 1
45, 66, 1
198, 63, -1
167, 49, -1
55, 219, -1
27, 173, -1
127, 221, -1
275, 78, -1
278, 147, -1
99, 198, -1

150, 200, 1
105, 70, 1
179, 224, -1
67, 209, -1
227, 137, -1
274, 315, -1
194, 304, -1
165, 136, -1
16, 246, -1
125, 258, -1

67, 91, 1
161, 156, 1
67, 154, -1
221, 90, -1
79, 171, -1
270, 257, -1
210, 85, -1
185, 310, -1
120, 249, -1
192, 39, -1
91, 154, -1
154, 67, -1

41, 44, 1
292, 308, 1
81, 15, 1
167, 260, -1
110, 176, -1
12, 310, -1
273, 168, -1
272, 98, -1
165, 302, -1
224, 48, -1

59, 107, 1
172, 193, 1
48, 129, 1
6, 165, -1
315, 271, -1
167, 57, -1
38, 256, -1
80, 262, -1
37, 149, -1
281, 272, -1

189, 210, 1
190, 200, 1
97, 130, 1
59, 133, 1
96, 225, -1
235, 173, -1
279, 65, -1
199, 330, -1
155, 139, -1
1, 244, -1

118, 15, 1
0, 63, 1
66, 190, -1
291, 235, -1
239, 266, -1
317, 245, -1
242, 172, -1
98, 222, -1
234, 82, -1
258, 158, -1

20, 42, 1
75, 186, -1
25, 327, -1
280, 5, -1
288, 281, -1
205, 242, -1
57, 251, -1
213, 11, -1
178, 122, -1
68, 208, -1

70, 50, 1
109, 22, 1
203, 155, 1
186, 185, 1
315, 87, -1
204, 33, -1
298, 192, -1
310, 97, -1
11, 144, -1
301, 132, -1

144, 216, 1
69, 33, 1
188, 177, 1
222, 7, -1
302, 261, -1
317, 139, -1
123, 321, -1
252, 199, -1
206, 277, -1
91, 262, -1

