83, 11, 1
65, 124, 1
127, 178, -1
155, 23, -1
333, 193, -1
331, 183, -1
120, 297, -1
326, 187, -1
166, 335, -1
128, 301, -1

41, 10, 1
20, 3, 1
76, 58, 1
35, 95, 1
259, 235, -1
202, 295, -1
315, 232, -1
164, 250, -1
22, 158, -1
308, 234, -1

35, 98, 1
4, 65, 1
43, 29, 1
3, 127, 1
272, 17, -1
328, 131, -1
279, 37, -1
3, 303, -1
295, 138, -1
21, 213, -1
127, 303, -1

44, 40, 1
245, 240, 1
168, 150, 1
131, 171, -1
90, 258, -1
221, 311, -1
187, 73, -1
88, 240, -1
316, 168, -1
20, 241, -1
316, 150, -1
88, 245, -1
168, 316, -1

77, 31, 1
169, 249, -1
187, 286, -1
297, 209, -1
315, 139, -1
286, 232, -1
57, 280, -1
54, 226, -1
131, 263, -1
147, 56, -1

94, 7, 1
148, 164, 1
284, 111, -1
145, 103, -1
238, 43, -1
209, 35, -1
44, 307, -1
117, 206, -1
317, 197, -1
192, 59, -1

207, 206, 1
136, 118, 1
3, 233, -1
199, 87, -1
257, 206, -1
62, 222, -1
303, 101, -1
102, 326, -1
264, 212, -1
168, 0, -1
257, 207, -1

297, 326, 1
160, 147, 1
23, 130, 1
61, 106, 1
190, 184, 1
130, 281, -1
228, 195, -1
243, 90, -1
143, 3, -1
70, 170, -1
281, 23, -1
281, 130, -1

241, 240, 1
88, 35, 1
309, 24, -1
194, 307, -1
276, 315, -1
285, 87, -1
187, 61, -1
183, 38, -1
184, 237, -1
144, 273, -1

96, 72, 1
247, 244, 1
221, 210, -1
309, 234, -1
315, 153, -1
297, 195, -1
282, 127, -1
69, 152, -1
163, 69, -1
9, 162, -1

