257, 248, 1
79, 0, 1
218, 243, -1
59, 239, -1
12, 330, -1
228, 66, -1
252, 130, -1
329, 138, -1
207, 262, -1
86, 196, -1

187, 194, 1
310, 322, 1
200, 159, 1
225, 98, -1
142, 298, -1
264, 251, -1
108, 283, -1
262, 117, -1
171, 324, -1
219, 329, -1

40, 39, 1
65, 30, 1
18, 54, 1
268, 145, -1
225, 16, -1
295, 157, -1
175, 110, -1
104, 155, -1
241, 300, -1
335, 141, -1

128, 58, 1
74, 36, 1
130, 107, 1
44, 318, -1
247, 103, -1
311, 175, -1
152, 102, -1
301, 168, -1
318, 248, -1
55, 180, -1

309, 291, 1
202, 179, 1
37, 42, 1
5, 121, 1
218, 26, -1
91, 243, -1
174, 64, -1
257, 159, -1
276, 104, -1
142, 269, -1

163, 181, 1
312, 322, 1
100, 127, 1
62, 240, -1
205, 24, -1
151, 32, -1
68, 238, -1
88, 269, -1
316, 159, -1
306, 282, -1

167, 207, 1
188, 251, -1
228, 167, -1
55, 284, -1
321, 19, -1
54, 153, -1
172, 287, -1
268, 26, -1
185, 129, -1
167, 262, -1
207, 228, -1
207, 262, -1
262, 167, -1

333, 325, 1
37, 33, 1
236, 105, -1
111, 205, -1
41, 310, -1
277, 140, -1
205, 116, -1
82, 297, -1
73, 149, -1
282, 185, -1

331, 287, 1
128, 114, 1
230, 246, 1
65, 139, 1
163, 293, -1
122, 250, -1
1, 172, -1
272, 308, -1
65, 171, -1
158, 11, -1
171, 139, -1

164, 192, 1
30, 12, 1
186, 170, 1
285, 274, -1
45, 246, -1
287, 267, -1
25, 220, -1
248, 135, -1
41, 234, -1
76, 248, -1

