107, 33, 1
102, 93, 1
74, 49, 1
17, 135, 1
243, 149, -1
87, 225, -1
162, 300, -1
31, 331, -1
227, 295, -1
183, 41, -1

26, 53, 1
59, 97, 1
152, 274, -1
149, 302, -1
55, 267, -1
235, 90, -1
275, 228, -1
125, 145, -1
250, 270, -1
332, 4, -1

30, 46, 1
46, 256, -1
28, 257, -1
18, 180, -1
87, 236, -1
56, 299, -1
85, 216, -1
1, 249, -1
116, 280, -1
134, 199, -1
256, 30, -1
256, 46, -1

25, 16, 1
88, 122, 1
40, 91, 1
291, 322, 1
17, 62, 1
57, 112, 1
333, 196, -1
333, 192, -1
228, 153, -1
245, 326, -1

146, 183, 1
131, 57, 1
318, 13, -1
237, 136, -1
329, 183, -1
58, 276, -1
310, 213, -1
330, 181, -1
320, 96, -1
193, 325, -1
329, 146, -1

34, 97, 1
27, 142, 1
114, 61, 1
158, 219, 1
243, 174, -1
23, 229, -1
74, 238, -1
283, 145, -1
193, 113, -1
325, 84, -1

24, 127, 1
244, 150, -1
322, 130, -1
216, 76, -1
98, 181, -1
294, 252, -1
212, 237, -1
312, 264, -1
20, 152, -1
299, 273, -1

263, 270, 1
183, 32, -1
134, 330, -1
172, 25, -1
248, 141, -1
297, 214, -1
167, 10, -1
227, 187, -1
199, 21, -1
205, 52, -1

111, 51, 1
8, 322, -1
6, 244, -1
116, 174, -1
94, 176, -1
269, 171, -1
267, 25, -1
115, 191, -1
101, 315, -1
109, 221, -1

0, 62, 1
16, 25, 1
98, 84, 1
44, 294, -1
326, 184, -1
127, 262, -1
228, 129, -1
263, 292, -1
325, 272, -1
216, 257, -1

