13, 142, 1
142, 33, 1
121, 60, 1
33, 13, 1
33, 142, 1
162, 282, -1
209, 1, -1
183, 33, -1
161, 118, -1
74, 204, -1
51, 226, -1
98, 154, -1
142, 183, -1
13, 183, -1
33, 183, -1

27, 68, 1
176, 317, -1
149, 302, -1
132, 215, -1
44, 178, -1
333, 262, -1
240, 179, -1
273, 129, -1
322, 48, -1
241, 30, -1

160, 215, 1
293, 327, 1
34, 6, 1
21, 55, 1
71, 243, -1
76, 293, -1
245, 314, -1
297, 272, -1
264, 90, -1
316, 24, -1
76, 327, -1

122, 77, 1
74, 195, -1
79, 261, -1
322, 205, -1
4, 311, -1
71, 270, -1
57, 283, -1
322, 138, -1
131, 237, -1
246, 98, -1

103, 118, 1
35, 109, 1
136, 33, 1
212, 26, -1
207, 123, -1
181, 225, -1
90, 312, -1
0, 264, -1
38, 328, -1
129, 300, -1

44, 78, 1
165, 164, 1
222, 3, -1
238, 313, -1
73, 291, -1
301, 270, -1
121, 144, -1
213, 40, -1
279, 230, -1
189, 127, -1

139, 22, 1
36, 96, 1
44, 321, -1
256, 165, -1
333, 119, -1
237, 43, -1
252, 285, -1
196, 253, -1
155, 37, -1
200, 252, -1

133, 6, 1
237, 55, -1
185, 133, -1
194, 294, -1
291, 138, -1
148, 228, -1
299, 239, -1
304, 24, -1
293, 146, -1
245, 16, -1
185, 6, -1

16, 49, 1
185, 159, 1
91, 109, 1
56, 44, 1
233, 155, -1
292, 84, -1
300, 126, -1
321, 195, -1
281, 238, -1
300, 158, -1

156, 205, 1
101, 141, 1
92, 93, 1
192, 151, 1
177, 144, 1
67, 223, -1
35, 212, -1
314, 98, -1
163, 127, -1
1, 268, -1

