1, 93, 1
2, 93, 1
2, 1, 1
301, 289, 1
288, 289, 1
288, 301, 1
334, 289, 1
334, 301, 1
334, 288, 1
1, 2, 1
288, 334, 1
301, 334, 1
289, 334, 1
289, 301, 1
93, 289, -1
1, 289, -1
2, 289, -1
222, 289, -1
222, 93, -1
222, 1, -1
222, 2, -1
301, 93, -1
301, 1, -1
301, 2, -1
301, 222, -1
288, 93, -1
288, 1, -1
288, 2, -1
288, 222, -1
334, 93, -1
334, 1, -1
334, 2, -1
334, 222, -1
93, 301, -1
1, 301, -1
2, 222, -1
289, 1, -1
289, 222, -1
2, 334, -1
93, 222, -1
1, 222, -1
289, 93, -1
2, 301, -1
93, 334, -1
1, 334, -1
289, 2, -1

67, 93, 1
67, 1, 1
67, 2, 1
44, 93, 1
44, 1, 1
44, 2, 1
44, 67, 1
55, 93, 1
55, 1, 1
55, 2, 1
55, 67, 1
55, 44, 1
50, 93, 1
50, 1, 1
50, 2, 1
50, 67, 1
50, 44, 1
50, 55, 1
61, 93, 1
61, 1, 1
61, 2, 1
61, 67, 1
61, 44, 1
61, 55, 1
61, 50, 1
50, 61, 1
1, 55, 1
1, 61, 1
1, 67, 1
67, 55, 1
67, 61, 1
93, 55, 1
2, 93, 1
93, 61, 1
2, 44, 1
2, 50, 1
1, 2, 1
1, 93, 1
1, 44, 1
44, 55, 1
1, 50, 1
44, 61, 1
2, 55, 1
2, 61, 1
67, 44, 1
2, 67, 1
93, 44, 1
67, 50, 1
44, 50, 1
67, 289, -1
67, 301, -1
67, 288, -1
67, 334, -1
67, 222, -1
44, 289, -1
44, 301, -1
44, 288, -1
44, 334, -1
44, 222, -1
212, 289, -1
212, 301, -1
212, 288, -1
212, 334, -1
212, 93, -1
212, 1, -1
212, 2, -1
212, 67, -1
212, 44, -1
212, 222, -1
55, 289, -1
55, 301, -1
55, 288, -1
55, 334, -1
55, 222, -1
55, 212, -1
50, 289, -1
50, 301, -1
50, 288, -1
50, 334, -1
50, 222, -1
50, 212, -1
61, 289, -1
61, 301, -1
61, 288, -1
61, 334, -1
61, 222, -1
61, 212, -1
289, 50, -1
301, 55, -1
334, 55, -1
288, 61, -1
288, 67, -1
2, 222, -1
289, 1, -1
2, 301, -1
288, 2, -1
212, 55, -1
2, 334, -1
289, 55, -1
2, 212, -1
289, 61, -1
1, 222, -1
212, 61, -1
289, 67, -1
288, 93, -1
1, 301, -1
301, 93, -1
288, 44, -1
288, 50, -1
93, 222, -1
301, 44, -1
1, 212, -1
288, 1, -1
1, 334, -1
289, 2, -1
93, 301, -1
67, 212, -1
222, 55, -1
289, 93, -1
212, 50, -1
93, 212, -1
289, 44, -1
93, 334, -1
288, 55, -1
301, 61, -1

84, 93, 1
84, 1, 1
84, 2, 1
84, 67, 1
84, 44, 1
84, 55, 1
84, 50, 1
84, 61, 1
144, 212, 1
319, 289, 1
319, 301, 1
319, 288, 1
319, 334, 1
37, 93, 1
37, 1, 1
37, 2, 1
37, 67, 1
37, 44, 1
37, 55, 1
37, 50, 1
37, 61, 1
37, 84, 1
1, 37, 1
50, 55, 1
61, 55, 1
50, 61, 1
50, 67, 1
1, 55, 1
1, 61, 1
67, 37, 1
1, 67, 1
288, 289, 1
93, 37, 1
67, 55, 1
67, 61, 1
288, 301, 1
2, 84, 1
93, 55, 1
2, 93, 1
50, 2, 1
93, 61, 1
2, 44, 1
84, 37, 1
61, 84, 1
1, 2, 1
288, 334, 1
301, 334, 1
50, 84, 1
50, 93, 1
61, 93, 1
1, 84, 1
50, 44, 1
61, 44, 1
44, 37, 1
2, 37, 1
1, 93, 1
289, 301, 1
1, 44, 1
67, 84, 1
44, 55, 1
1, 50, 1
44, 61, 1
2, 55, 1
2, 61, 1
61, 37, 1
93, 84, 1
67, 93, 1
2, 67, 1
67, 44, 1
289, 334, 1
50, 37, 1
93, 44, 1
44, 84, 1
289, 319, 1
67, 50, 1
334, 319, 1
44, 93, 1
61, 67, 1
44, 50, 1
67, 2, 1
2, 50, 1
301, 319, 1
288, 319, 1
55, 84, 1
84, 289, -1
84, 301, -1
84, 288, -1
84, 334, -1
84, 222, -1
84, 212, -1
144, 289, -1
144, 301, -1
144, 288, -1
144, 334, -1
144, 93, -1
144, 1, -1
144, 2, -1
144, 67, -1
144, 44, -1
144, 55, -1
144, 50, -1
144, 61, -1
144, 84, -1
144, 222, -1
319, 93, -1
319, 1, -1
319, 2, -1
319, 67, -1
319, 44, -1
319, 55, -1
319, 50, -1
319, 61, -1
319, 84, -1
319, 222, -1
319, 212, -1
319, 144, -1
37, 289, -1
37, 301, -1
37, 288, -1
37, 334, -1
37, 319, -1
37, 222, -1
37, 212, -1
37, 144, -1
289, 50, -1
301, 61, -1
288, 61, -1
44, 301, -1
44, 319, -1
334, 222, -1
289, 61, -1
50, 301, -1
61, 301, -1
1, 289, -1
50, 319, -1
61, 319, -1
301, 84, -1
301, 93, -1
67, 301, -1
288, 1, -1
212, 301, -1
67, 319, -1
93, 301, -1
144, 319, -1
222, 55, -1
93, 319, -1
212, 84, -1
289, 84, -1
212, 93, -1
289, 93, -1
84, 319, -1
334, 55, -1
288, 67, -1
55, 319, -1
2, 301, -1
2, 319, -1
2, 212, -1
1, 222, -1
212, 61, -1
288, 44, -1
1, 334, -1
212, 319, -1
288, 37, -1
289, 44, -1
288, 55, -1
44, 222, -1
289, 1, -1
144, 37, -1
289, 37, -1
301, 222, -1
288, 222, -1
50, 222, -1
61, 222, -1
288, 2, -1
44, 334, -1
289, 67, -1
67, 222, -1
50, 334, -1
61, 334, -1
288, 50, -1
289, 222, -1
93, 222, -1
301, 44, -1
1, 212, -1
67, 334, -1
212, 334, -1
301, 37, -1
93, 334, -1
212, 44, -1
301, 55, -1
2, 222, -1
55, 334, -1
212, 37, -1
212, 55, -1
2, 334, -1
289, 55, -1
288, 84, -1
288, 93, -1
1, 301, -1
288, 212, -1
50, 212, -1
61, 212, -1
1, 319, -1
212, 222, -1
289, 2, -1
67, 212, -1
289, 212, -1
93, 212, -1
334, 1, -1
288, 144, -1
334, 84, -1
222, 319, -1
93, 289, -1
222, 84, -1
44, 289, -1
61, 289, -1
50, 289, -1
67, 289, -1
2, 289, -1
55, 289, -1
212, 50, -1
301, 1, -1
222, 44, -1
301, 144, -1
334, 44, -1
289, 144, -1

331, 289, 1
331, 301, 1
331, 288, 1
331, 334, 1
331, 319, 1
310, 289, 1
310, 301, 1
310, 288, 1
310, 334, 1
310, 319, 1
310, 331, 1
5, 93, 1
5, 1, 1
5, 2, 1
5, 67, 1
5, 44, 1
5, 55, 1
5, 50, 1
5, 61, 1
5, 84, 1
5, 37, 1
37, 55, 1
1, 37, 1
50, 55, 1
61, 55, 1
50, 61, 1
50, 67, 1
84, 44, 1
1, 55, 1
1, 61, 1
67, 37, 1
1, 67, 1
288, 289, 1
334, 289, 1
2, 84, 1
288, 301, 1
67, 55, 1
93, 55, 1
67, 61, 1
2, 93, 1
288, 310, 1
334, 301, 1
50, 2, 1
301, 310, 1
334, 310, 1
2, 44, 1
301, 319, 1
288, 319, 1
334, 319, 1
61, 84, 1
288, 334, 1
1, 2, 1
37, 84, 1
288, 331, 1
334, 331, 1
37, 93, 1
301, 334, 1
50, 84, 1
84, 55, 1
50, 93, 1
61, 93, 1
1, 84, 1
50, 44, 1
61, 44, 1
37, 44, 1
2, 37, 1
1, 93, 1
289, 301, 1
331, 310, 1
1, 44, 1
289, 310, 1
67, 84, 1
44, 55, 1
289, 319, 1
1, 50, 1
2, 55, 1
2, 61, 1
61, 37, 1
93, 84, 1
289, 331, 1
67, 93, 1
2, 67, 1
289, 334, 1
67, 44, 1
50, 37, 1
93, 44, 1
37, 61, 1
84, 93, 1
44, 5, 1
2, 5, 1
93, 37, 1
44, 84, 1
44, 93, 1
37, 5, 1
93, 61, 1
44, 50, 1
50, 5, 1
84, 37, 1
2, 50, 1
1, 5, 1
84, 61, 1
44, 37, 1
67, 2, 1
67, 5, 1
93, 5, 1
44, 61, 1
67, 50, 1
84, 5, 1
61, 5, 1
37, 67, 1
61, 67, 1
55, 84, 1
331, 93, -1
331, 1, -1
331, 2, -1
331, 67, -1
331, 44, -1
331, 55, -1
331, 50, -1
331, 61, -1
331, 84, -1
331, 37, -1
331, 222, -1
331, 212, -1
331, 144, -1
310, 93, -1
310, 1, -1
310, 2, -1
310, 67, -1
310, 44, -1
310, 55, -1
310, 50, -1
310, 61, -1
310, 84, -1
310, 37, -1
310, 222, -1
310, 212, -1
310, 144, -1
5, 289, -1
5, 301, -1
5, 288, -1
5, 334, -1
5, 319, -1
5, 331, -1
5, 310, -1
5, 222, -1
5, 212, -1
5, 144, -1
275, 289, -1
275, 301, -1
275, 288, -1
275, 334, -1
275, 319, -1
275, 331, -1
275, 310, -1
275, 93, -1
275, 1, -1
275, 2, -1
275, 67, -1
275, 44, -1
275, 55, -1
275, 50, -1
275, 61, -1
275, 84, -1
275, 37, -1
275, 5, -1
275, 222, -1
275, 212, -1
275, 144, -1
289, 50, -1
301, 61, -1
288, 61, -1
334, 67, -1
44, 301, -1
44, 310, -1
44, 319, -1
334, 222, -1
2, 331, -1
144, 61, -1
289, 61, -1
50, 301, -1
334, 5, -1
61, 301, -1
1, 289, -1
50, 310, -1
61, 310, -1
50, 319, -1
61, 319, -1
301, 84, -1
301, 93, -1
67, 301, -1
288, 1, -1
144, 301, -1
212, 301, -1
67, 310, -1
144, 310, -1
212, 310, -1
67, 319, -1
144, 319, -1
93, 310, -1
222, 55, -1
93, 319, -1
212, 84, -1
288, 275, -1
289, 84, -1
37, 275, -1
289, 93, -1
84, 301, -1
84, 310, -1
144, 1, -1
84, 319, -1
334, 55, -1
288, 67, -1
1, 275, -1
55, 319, -1
2, 301, -1
331, 275, -1
2, 310, -1
37, 222, -1
2, 319, -1
144, 67, -1
288, 5, -1
2, 212, -1
334, 2, -1
1, 222, -1
37, 334, -1
288, 44, -1
144, 289, -1
334, 50, -1
1, 334, -1
331, 5, -1
212, 319, -1
288, 37, -1
144, 44, -1
289, 44, -1
50, 275, -1
61, 275, -1
288, 55, -1
44, 222, -1
334, 61, -1
289, 1, -1
67, 275, -1
144, 37, -1
289, 37, -1
289, 275, -1
301, 222, -1
288, 222, -1
144, 55, -1
50, 222, -1
61, 222, -1
288, 2, -1
44, 334, -1
301, 5, -1
289, 67, -1
37, 331, -1
334, 84, -1
67, 222, -1
334, 93, -1
334, 212, -1
289, 222, -1
50, 334, -1
288, 50, -1
61, 334, -1
93, 222, -1
301, 44, -1
1, 212, -1
1, 331, -1
2, 275, -1
289, 5, -1
84, 222, -1
67, 334, -1
144, 334, -1
212, 334, -1
144, 288, -1
93, 334, -1
301, 37, -1
212, 44, -1
301, 55, -1
2, 222, -1
84, 334, -1
222, 319, -1
212, 55, -1
289, 55, -1
2, 334, -1
37, 301, -1
37, 310, -1
37, 319, -1
288, 84, -1
1, 301, -1
288, 93, -1
288, 212, -1
50, 212, -1
1, 310, -1
50, 331, -1
61, 331, -1
61, 212, -1
37, 212, -1
1, 319, -1
334, 44, -1
144, 2, -1
289, 2, -1
144, 84, -1
319, 55, -1
67, 212, -1
144, 93, -1
67, 331, -1
144, 331, -1
289, 212, -1
334, 37, -1
93, 212, -1
334, 275, -1
144, 50, -1
55, 310, -1
44, 289, -1
2, 289, -1
55, 334, -1
222, 310, -1
310, 5, -1
212, 37, -1
37, 289, -1
222, 84, -1
61, 289, -1
50, 289, -1
222, 334, -1
212, 61, -1
67, 289, -1
93, 289, -1
144, 5, -1
310, 275, -1
212, 5, -1
334, 1, -1
301, 1, -1
93, 301, -1
84, 289, -1
212, 93, -1
55, 289, -1
212, 50, -1
222, 44, -1
5, 275, -1
222, 289, -1

299, 289, 1
299, 301, 1
299, 288, 1
299, 334, 1
299, 319, 1
299, 331, 1
299, 310, 1
294, 289, 1
294, 301, 1
294, 288, 1
294, 334, 1
294, 319, 1
294, 331, 1
294, 310, 1
294, 299, 1
20, 93, 1
20, 1, 1
20, 2, 1
20, 67, 1
20, 44, 1
20, 55, 1
20, 50, 1
20, 61, 1
20, 84, 1
20, 37, 1
20, 5, 1
3, 93, 1
3, 1, 1
3, 2, 1
3, 67, 1
3, 44, 1
3, 55, 1
3, 50, 1
3, 61, 1
3, 84, 1
3, 37, 1
3, 5, 1
3, 20, 1
89, 93, 1
89, 1, 1
89, 2, 1
89, 67, 1
89, 44, 1
89, 55, 1
89, 50, 1
89, 61, 1
89, 84, 1
89, 37, 1
89, 5, 1
89, 20, 1
89, 3, 1
50, 61, 1
55, 84, 1
310, 301, 1
288, 289, 1
310, 319, 1
44, 84, 1
67, 61, 1
44, 93, 1
289, 299, 1
93, 61, 1
301, 310, 1
2, 50, 1
301, 319, 1
288, 319, 1
299, 294, 1
310, 294, 1
50, 20, 1
50, 84, 1
84, 61, 1
50, 93, 1
301, 294, 1
289, 301, 1
1, 44, 1
289, 310, 1
289, 319, 1
2, 61, 1
67, 93, 1
289, 294, 1
1, 37, 1
93, 1, 1
310, 289, 1
84, 93, 1
1, 3, 1
1, 67, 1
2, 20, 1
2, 84, 1
2, 93, 1
5, 55, 1
37, 5, 1
288, 334, 1
334, 331, 1
1, 5, 1
50, 44, 1
44, 37, 1
331, 334, 1
67, 44, 1
50, 37, 1
61, 37, 1
93, 44, 1
37, 55, 1
334, 299, 1
50, 3, 1
50, 67, 1
84, 44, 1
1, 55, 1
44, 5, 1
67, 37, 1
93, 37, 1
93, 55, 1
67, 3, 1
310, 334, 1
334, 301, 1
334, 310, 1
310, 288, 1
50, 5, 1
61, 5, 1
84, 37, 1
334, 319, 1
1, 2, 1
301, 334, 1
1, 20, 1
1, 84, 1
334, 294, 1
2, 37, 1
67, 5, 1
93, 5, 1
1, 50, 1
44, 55, 1
2, 3, 1
2, 67, 1
289, 334, 1
84, 5, 1
288, 299, 1
50, 55, 1
61, 55, 1
1, 61, 1
2, 5, 1
334, 289, 1
67, 55, 1
288, 301, 1
310, 331, 1
331, 299, 1
288, 310, 1
50, 2, 1
2, 44, 1
61, 84, 1
288, 331, 1
84, 55, 1
288, 294, 1
331, 301, 1
1, 93, 1
331, 310, 1
67, 20, 1
331, 319, 1
67, 84, 1
44, 61, 1
2, 55, 1
93, 84, 1
289, 331, 1
310, 299, 1
67, 50, 1
331, 294, 1
84, 20, 1
5, 50, 1
37, 61, 1
61, 67, 1
3, 89, 1
5, 37, 1
44, 20, 1
5, 61, 1
44, 50, 1
5, 3, 1
5, 67, 1
37, 20, 1
37, 84, 1
61, 20, 1
37, 93, 1
61, 93, 1
331, 289, 1
61, 44, 1
37, 44, 1
67, 2, 1
5, 2, 1
5, 84, 1
5, 20, 1
5, 93, 1
5, 44, 1
37, 3, 1
37, 67, 1
93, 20, 1
61, 3, 1
299, 93, -1
299, 1, -1
299, 2, -1
299, 67, -1
299, 44, -1
299, 55, -1
299, 50, -1
299, 61, -1
299, 84, -1
299, 37, -1
299, 5, -1
299, 222, -1
299, 212, -1
299, 144, -1
299, 275, -1
294, 93, -1
294, 1, -1
294, 2, -1
294, 67, -1
294, 44, -1
294, 55, -1
294, 50, -1
294, 61, -1
294, 84, -1
294, 37, -1
294, 5, -1
294, 222, -1
294, 212, -1
294, 144, -1
294, 275, -1
20, 289, -1
20, 301, -1
20, 288, -1
20, 334, -1
20, 319, -1
20, 331, -1
20, 310, -1
20, 299, -1
20, 294, -1
20, 222, -1
20, 212, -1
20, 144, -1
20, 275, -1
3, 289, -1
3, 301, -1
3, 288, -1
3, 334, -1
3, 319, -1
3, 331, -1
3, 310, -1
3, 299, -1
3, 294, -1
3, 222, -1
3, 212, -1
3, 144, -1
3, 275, -1
89, 289, -1
89, 301, -1
89, 288, -1
89, 334, -1
89, 319, -1
89, 331, -1
89, 310, -1
89, 299, -1
89, 294, -1
89, 222, -1
89, 212, -1
89, 144, -1
89, 275, -1
289, 50, -1
93, 294, -1
301, 61, -1
288, 61, -1
334, 3, -1
275, 289, -1
50, 299, -1
334, 67, -1
44, 301, -1
44, 310, -1
44, 319, -1
334, 222, -1
37, 289, -1
299, 20, -1
2, 331, -1
310, 20, -1
67, 299, -1
144, 61, -1
289, 61, -1
310, 93, -1
50, 301, -1
334, 5, -1
61, 301, -1
44, 294, -1
1, 289, -1
50, 310, -1
61, 310, -1
50, 319, -1
61, 319, -1
275, 1, -1
301, 93, -1
5, 222, -1
67, 301, -1
288, 1, -1
144, 301, -1
212, 301, -1
50, 294, -1
67, 310, -1
61, 294, -1
144, 310, -1
212, 310, -1
67, 319, -1
93, 301, -1
144, 319, -1
93, 310, -1
222, 55, -1
212, 20, -1
93, 319, -1
289, 20, -1
288, 275, -1
289, 84, -1
2, 299, -1
212, 84, -1
212, 93, -1
331, 44, -1
289, 93, -1
275, 67, -1
5, 334, -1
84, 301, -1
67, 294, -1
84, 310, -1
144, 1, -1
212, 294, -1
288, 3, -1
334, 55, -1
84, 319, -1
288, 67, -1
1, 275, -1
44, 289, -1
55, 319, -1
2, 301, -1
275, 5, -1
331, 37, -1
331, 275, -1
2, 310, -1
84, 294, -1
37, 222, -1
2, 319, -1
144, 3, -1
275, 334, -1
50, 289, -1
144, 67, -1
288, 5, -1
61, 289, -1
331, 3, -1
334, 2, -1
2, 212, -1
331, 67, -1
1, 222, -1
310, 44, -1
275, 44, -1
212, 61, -1
2, 294, -1
37, 334, -1
310, 1, -1
331, 222, -1
288, 44, -1
67, 289, -1
144, 289, -1
334, 50, -1
93, 289, -1
1, 334, -1
331, 5, -1
310, 37, -1
310, 275, -1
275, 37, -1
275, 55, -1
212, 319, -1
84, 289, -1
299, 3, -1
288, 37, -1
310, 3, -1
310, 67, -1
144, 44, -1
289, 44, -1
50, 275, -1
55, 289, -1
288, 55, -1
44, 222, -1
334, 61, -1
289, 1, -1
310, 222, -1
2, 289, -1
275, 2, -1
67, 275, -1
144, 37, -1
289, 37, -1
310, 5, -1
289, 275, -1
301, 222, -1
288, 222, -1
144, 55, -1
50, 222, -1
61, 222, -1
275, 331, -1
288, 2, -1
44, 334, -1
331, 55, -1
301, 5, -1
289, 3, -1
289, 67, -1
275, 50, -1
275, 288, -1
334, 20, -1
334, 84, -1
67, 222, -1
334, 93, -1
334, 212, -1
289, 222, -1
50, 334, -1
288, 50, -1
61, 334, -1
93, 222, -1
310, 89, -1
1, 331, -1
331, 2, -1
1, 212, -1
275, 89, -1
2, 275, -1
144, 5, -1
212, 5, -1
289, 5, -1
5, 301, -1
331, 20, -1
331, 84, -1
5, 310, -1
275, 61, -1
5, 319, -1
331, 212, -1
84, 222, -1
310, 55, -1
288, 89, -1
67, 334, -1
144, 334, -1
212, 334, -1
144, 288, -1
93, 334, -1
301, 37, -1
331, 50, -1
212, 44, -1
301, 55, -1
5, 294, -1
2, 222, -1
84, 334, -1
275, 301, -1
144, 89, -1
1, 299, -1
275, 310, -1
310, 2, -1
275, 319, -1
212, 37, -1
275, 20, -1
310, 84, -1
144, 299, -1
222, 319, -1
275, 84, -1
331, 61, -1
310, 212, -1
275, 93, -1
289, 55, -1
2, 334, -1
212, 55, -1
37, 301, -1
37, 310, -1
37, 319, -1
275, 294, -1
288, 20, -1
310, 50, -1
288, 84, -1
1, 301, -1
288, 93, -1
288, 212, -1
50, 212, -1
1, 310, -1
50, 331, -1
1, 319, -1
334, 44, -1
37, 294, -1
5, 289, -1
144, 2, -1
289, 2, -1
144, 20, -1
144, 84, -1
319, 55, -1
1, 294, -1
144, 93, -1
67, 331, -1
144, 331, -1
310, 61, -1
289, 212, -1
67, 212, -1
331, 93, -1
334, 37, -1
334, 275, -1
144, 294, -1
144, 50, -1
37, 299, -1
55, 310, -1
61, 299, -1
294, 3, -1
55, 334, -1
222, 310, -1
5, 275, -1
55, 294, -1
222, 84, -1
222, 334, -1
5, 299, -1
222, 44, -1
222, 294, -1
301, 20, -1
37, 331, -1
301, 84, -1
61, 212, -1
61, 331, -1
37, 212, -1
294, 20, -1
301, 44, -1
301, 1, -1
334, 1, -1
275, 299, -1
275, 3, -1
5, 212, -1
5, 331, -1
37, 275, -1
294, 89, -1
61, 275, -1
212, 50, -1
331, 1, -1
93, 212, -1
222, 289, -1

284, 289, 1
284, 301, 1
284, 288, 1
284, 334, 1
284, 319, 1
284, 331, 1
284, 310, 1
284, 299, 1
284, 294, 1
19, 93, 1
19, 1, 1
19, 2, 1
19, 67, 1
19, 44, 1
19, 55, 1
19, 50, 1
19, 61, 1
19, 84, 1
19, 37, 1
19, 5, 1
19, 20, 1
19, 3, 1
19, 89, 1
50, 61, 1
20, 84, 1
20, 93, 1
299, 301, 1
299, 310, 1
288, 289, 1
310, 319, 1
299, 319, 1
67, 61, 1
44, 93, 1
89, 61, 1
289, 299, 1
93, 61, 1
301, 310, 1
2, 50, 1
301, 319, 1
288, 319, 1
310, 294, 1
299, 294, 1
50, 20, 1
50, 84, 1
84, 61, 1
50, 93, 1
301, 294, 1
289, 301, 1
1, 44, 1
289, 310, 1
289, 319, 1
2, 61, 1
67, 93, 1
89, 93, 1
3, 44, 1
89, 1, 1
289, 294, 1
1, 37, 1
3, 1, 1
84, 93, 1
20, 44, 1
3, 37, 1
1, 67, 1
2, 20, 1
2, 84, 1
2, 93, 1
5, 55, 1
37, 5, 1
3, 67, 1
20, 37, 1
288, 334, 1
1, 5, 1
50, 44, 1
44, 37, 1
3, 5, 1
331, 334, 1
67, 44, 1
89, 44, 1
50, 37, 1
61, 37, 1
20, 5, 1
37, 55, 1
84, 44, 1
1, 55, 1
44, 5, 1
3, 89, 1
67, 37, 1
89, 37, 1
93, 37, 1
3, 55, 1
93, 55, 1
299, 334, 1
89, 67, 1
334, 310, 1
50, 5, 1
61, 5, 1
84, 37, 1
334, 319, 1
1, 2, 1
294, 319, 1
301, 334, 1
1, 20, 1
20, 55, 1
1, 84, 1
334, 294, 1
2, 37, 1
3, 2, 1
67, 5, 1
89, 5, 1
93, 5, 1
1, 50, 1
44, 55, 1
2, 67, 1
289, 334, 1
84, 5, 1
3, 50, 1
288, 299, 1
50, 55, 1
61, 55, 1
1, 61, 1
2, 5, 1
89, 50, 1
67, 55, 1
89, 55, 1
288, 301, 1
331, 299, 1
3, 61, 1
288, 310, 1
2, 44, 1
288, 331, 1
84, 55, 1
20, 61, 1
288, 294, 1
89, 2, 1
331, 301, 1
1, 93, 1
331, 310, 1
67, 20, 1
89, 20, 1
331, 319, 1
67, 84, 1
89, 84, 1
44, 61, 1
2, 55, 1
3, 20, 1
3, 84, 1
289, 331, 1
3, 93, 1
67, 50, 1
331, 294, 1
5, 50, 1
294, 284, 1
84, 20, 1
37, 61, 1
37, 3, 1
93, 1, 1
50, 3, 1
89, 19, 1
67, 19, 1
50, 67, 1
294, 299, 1
61, 67, 1
61, 3, 1
310, 289, 1
5, 19, 1
310, 301, 1
1, 3, 1
331, 284, 1
5, 37, 1
44, 20, 1
289, 284, 1
44, 84, 1
299, 331, 1
310, 331, 1
67, 3, 1
89, 3, 1
310, 334, 1
5, 61, 1
294, 289, 1
50, 2, 1
5, 44, 1
5, 3, 1
310, 288, 1
5, 67, 1
294, 301, 1
37, 20, 1
294, 310, 1
61, 84, 1
37, 84, 1
61, 20, 1
37, 93, 1
61, 93, 1
2, 19, 1
331, 289, 1
61, 44, 1
37, 44, 1
294, 334, 1
294, 331, 1
67, 2, 1
294, 288, 1
5, 2, 1
299, 284, 1
310, 284, 1
61, 1, 1
5, 84, 1
50, 19, 1
5, 20, 1
2, 3, 1
310, 299, 1
288, 284, 1
5, 93, 1
1, 19, 1
93, 44, 1
334, 331, 1
334, 299, 1
334, 289, 1
37, 67, 1
93, 20, 1
93, 84, 1
55, 84, 1
3, 19, 1
334, 301, 1
334, 284, 1
246, 289, -1
246, 301, -1
246, 288, -1
246, 334, -1
246, 319, -1
246, 331, -1
246, 310, -1
246, 299, -1
246, 294, -1
246, 93, -1
246, 1, -1
246, 2, -1
246, 67, -1
246, 44, -1
246, 55, -1
246, 50, -1
246, 61, -1
246, 84, -1
246, 37, -1
246, 5, -1
246, 20, -1
246, 3, -1
246, 89, -1
246, 222, -1
246, 212, -1
246, 144, -1
246, 275, -1
284, 93, -1
284, 1, -1
284, 2, -1
284, 67, -1
284, 44, -1
284, 55, -1
284, 50, -1
284, 61, -1
284, 84, -1
284, 37, -1
284, 5, -1
284, 20, -1
284, 3, -1
284, 89, -1
284, 222, -1
284, 212, -1
284, 144, -1
284, 275, -1
284, 246, -1
19, 289, -1
19, 301, -1
19, 288, -1
19, 334, -1
19, 319, -1
19, 331, -1
19, 310, -1
19, 299, -1
19, 294, -1
19, 284, -1
19, 222, -1
19, 212, -1
19, 144, -1
19, 275, -1
19, 246, -1
289, 50, -1
3, 294, -1
20, 310, -1
93, 294, -1
301, 61, -1
288, 61, -1
20, 319, -1
50, 299, -1
44, 301, -1
44, 246, -1
44, 310, -1
310, 246, -1
44, 319, -1
299, 246, -1
334, 222, -1
20, 294, -1
2, 331, -1
299, 20, -1
89, 299, -1
299, 84, -1
294, 222, -1
289, 61, -1
144, 61, -1
299, 93, -1
301, 246, -1
50, 301, -1
61, 301, -1
50, 246, -1
61, 246, -1
44, 294, -1
1, 289, -1
50, 310, -1
61, 310, -1
50, 319, -1
61, 319, -1
301, 20, -1
275, 1, -1
301, 84, -1
301, 93, -1
5, 222, -1
3, 289, -1
67, 301, -1
89, 301, -1
144, 301, -1
212, 301, -1
288, 1, -1
67, 310, -1
89, 310, -1
289, 246, -1
212, 310, -1
144, 310, -1
67, 319, -1
288, 19, -1
89, 319, -1
144, 319, -1
93, 301, -1
93, 246, -1
93, 310, -1
222, 55, -1
212, 20, -1
289, 20, -1
93, 319, -1
288, 275, -1
289, 84, -1
2, 299, -1
275, 67, -1
212, 93, -1
331, 44, -1
289, 93, -1
212, 84, -1
5, 334, -1
84, 301, -1
84, 246, -1
67, 294, -1
89, 294, -1
144, 1, -1
212, 294, -1
84, 310, -1
288, 3, -1
334, 55, -1
84, 319, -1
288, 67, -1
1, 284, -1
55, 319, -1
294, 55, -1
331, 19, -1
2, 301, -1
275, 5, -1
331, 37, -1
2, 246, -1
331, 275, -1
2, 310, -1
84, 294, -1
37, 222, -1
2, 319, -1
3, 284, -1
319, 84, -1
144, 3, -1
275, 334, -1
144, 67, -1
288, 5, -1
331, 3, -1
2, 212, -1
331, 67, -1
1, 222, -1
310, 44, -1
299, 44, -1
67, 246, -1
275, 44, -1
212, 61, -1
2, 294, -1
37, 334, -1
299, 1, -1
331, 222, -1
3, 222, -1
288, 44, -1
89, 289, -1
144, 289, -1
299, 19, -1
1, 334, -1
331, 5, -1
299, 37, -1
299, 275, -1
275, 37, -1
20, 301, -1
275, 55, -1
212, 319, -1
20, 222, -1
3, 334, -1
299, 3, -1
288, 37, -1
144, 44, -1
299, 67, -1
289, 44, -1
288, 55, -1
50, 284, -1
44, 222, -1
289, 1, -1
310, 222, -1
299, 222, -1
289, 19, -1
20, 334, -1
275, 2, -1
144, 37, -1
289, 37, -1
299, 5, -1
289, 275, -1
50, 294, -1
301, 222, -1
288, 222, -1
67, 284, -1
144, 55, -1
50, 222, -1
61, 222, -1
89, 284, -1
288, 2, -1
331, 55, -1
44, 334, -1
289, 3, -1
301, 5, -1
334, 246, -1
289, 67, -1
275, 50, -1
89, 246, -1
294, 246, -1
334, 84, -1
67, 222, -1
89, 222, -1
289, 222, -1
50, 334, -1
288, 50, -1
61, 334, -1
294, 84, -1
93, 222, -1
301, 44, -1
1, 212, -1
1, 331, -1
275, 89, -1
144, 5, -1
212, 5, -1
61, 294, -1
289, 5, -1
2, 284, -1
331, 20, -1
5, 301, -1
5, 246, -1
331, 84, -1
5, 310, -1
275, 61, -1
5, 319, -1
331, 212, -1
84, 222, -1
310, 55, -1
288, 89, -1
67, 334, -1
89, 334, -1
144, 334, -1
212, 334, -1
299, 55, -1
3, 331, -1
275, 3, -1
144, 288, -1
93, 334, -1
301, 37, -1
331, 50, -1
212, 44, -1
301, 55, -1
5, 294, -1
2, 222, -1
84, 334, -1
275, 301, -1
144, 89, -1
1, 299, -1
275, 310, -1
299, 2, -1
275, 319, -1
212, 37, -1
275, 20, -1
310, 84, -1
144, 299, -1
222, 319, -1
275, 84, -1
331, 61, -1
299, 212, -1
288, 246, -1
289, 55, -1
2, 334, -1
275, 93, -1
212, 55, -1
37, 301, -1
37, 246, -1
37, 310, -1
3, 299, -1
37, 319, -1
275, 294, -1
288, 20, -1
299, 50, -1
288, 84, -1
1, 301, -1
288, 93, -1
288, 212, -1
1, 246, -1
50, 212, -1
50, 331, -1
1, 310, -1
334, 44, -1
1, 319, -1
37, 294, -1
294, 44, -1
144, 2, -1
3, 301, -1
289, 2, -1
331, 246, -1
3, 246, -1
3, 310, -1
144, 20, -1
3, 319, -1
144, 84, -1
319, 55, -1
1, 294, -1
89, 331, -1
144, 93, -1
144, 331, -1
299, 61, -1
289, 212, -1
67, 331, -1
331, 93, -1
67, 212, -1
89, 212, -1
3, 212, -1
144, 294, -1
144, 50, -1
20, 246, -1
61, 299, -1
275, 289, -1
294, 3, -1
294, 67, -1
5, 275, -1
37, 289, -1
5, 284, -1
310, 20, -1
67, 299, -1
222, 334, -1
310, 93, -1
294, 5, -1
275, 284, -1
37, 275, -1
20, 289, -1
294, 89, -1
37, 284, -1
1, 275, -1
55, 310, -1
44, 289, -1
319, 246, -1
3, 275, -1
55, 294, -1
61, 289, -1
50, 289, -1
294, 2, -1
20, 284, -1
310, 1, -1
294, 212, -1
67, 289, -1
310, 19, -1
93, 289, -1
44, 284, -1
310, 37, -1
310, 275, -1
294, 50, -1
301, 1, -1
84, 289, -1
5, 212, -1
5, 331, -1
310, 3, -1
310, 67, -1
61, 275, -1
50, 275, -1
55, 289, -1
3, 288, -1
61, 284, -1
294, 61, -1
2, 289, -1
144, 19, -1
89, 275, -1
67, 275, -1
222, 310, -1
310, 5, -1
144, 284, -1
212, 284, -1
275, 331, -1
222, 84, -1
5, 299, -1
275, 288, -1
84, 284, -1
37, 331, -1
294, 20, -1
294, 93, -1
310, 89, -1
2, 275, -1
275, 299, -1
331, 1, -1
37, 299, -1
20, 212, -1
310, 2, -1
55, 334, -1
310, 212, -1
310, 50, -1
61, 212, -1
61, 331, -1
37, 212, -1
5, 289, -1
334, 1, -1
294, 1, -1
310, 61, -1
294, 19, -1
294, 37, -1
294, 275, -1
334, 61, -1
334, 3, -1
334, 67, -1
222, 289, -1
93, 284, -1
334, 2, -1
334, 5, -1
222, 44, -1
222, 294, -1
334, 20, -1
334, 93, -1
275, 19, -1
334, 212, -1
334, 50, -1
331, 2, -1
334, 19, -1
334, 37, -1
93, 212, -1
334, 275, -1
212, 50, -1

272, 275, 1
312, 289, 1
312, 301, 1
312, 288, 1
312, 334, 1
312, 319, 1
312, 331, 1
312, 310, 1
312, 299, 1
312, 294, 1
312, 284, 1
98, 93, 1
98, 1, 1
98, 2, 1
98, 67, 1
98, 44, 1
98, 55, 1
98, 50, 1
98, 61, 1
98, 84, 1
98, 37, 1
98, 5, 1
98, 20, 1
98, 3, 1
98, 89, 1
98, 19, 1
50, 61, 1
19, 55, 1
284, 301, 1
20, 84, 1
284, 310, 1
20, 93, 1
299, 301, 1
299, 310, 1
310, 319, 1
299, 319, 1
67, 61, 1
44, 93, 1
89, 61, 1
289, 299, 1
284, 294, 1
301, 310, 1
93, 61, 1
2, 50, 1
301, 319, 1
288, 319, 1
310, 294, 1
299, 294, 1
50, 20, 1
50, 84, 1
84, 61, 1
50, 93, 1
301, 294, 1
289, 301, 1
1, 44, 1
289, 310, 1
289, 319, 1
2, 61, 1
67, 93, 1
89, 93, 1
288, 284, 1
3, 44, 1
1, 19, 1
89, 1, 1
289, 294, 1
1, 37, 1
19, 61, 1
84, 93, 1
3, 19, 1
20, 44, 1
1, 3, 1
3, 37, 1
1, 67, 1
284, 319, 1
331, 284, 1
2, 20, 1
2, 84, 1
2, 93, 1
5, 55, 1
37, 5, 1
20, 37, 1
288, 334, 1
1, 5, 1
19, 20, 1
19, 84, 1
50, 44, 1
19, 93, 1
44, 37, 1
3, 5, 1
299, 284, 1
50, 19, 1
331, 334, 1
67, 44, 1
89, 44, 1
50, 37, 1
61, 37, 1
20, 5, 1
37, 55, 1
50, 3, 1
67, 19, 1
89, 19, 1
84, 44, 1
1, 55, 1
44, 5, 1
67, 37, 1
89, 37, 1
93, 37, 1
289, 284, 1
284, 334, 1
3, 55, 1
93, 55, 1
67, 3, 1
89, 3, 1
299, 334, 1
89, 67, 1
334, 310, 1
50, 5, 1
61, 5, 1
84, 37, 1
334, 319, 1
1, 2, 1
294, 319, 1
301, 334, 1
1, 20, 1
2, 19, 1
1, 84, 1
20, 55, 1
19, 44, 1
334, 294, 1
2, 37, 1
67, 5, 1
89, 5, 1
93, 5, 1
1, 50, 1
44, 55, 1
2, 3, 1
2, 67, 1
289, 334, 1
289, 288, 1
19, 37, 1
84, 5, 1
288, 299, 1
50, 55, 1
61, 55, 1
1, 61, 1
2, 5, 1
89, 50, 1
67, 55, 1
89, 55, 1
288, 301, 1
331, 299, 1
3, 61, 1
288, 310, 1
2, 44, 1
19, 5, 1
288, 331, 1
84, 55, 1
20, 61, 1
288, 294, 1
89, 2, 1
331, 301, 1
1, 93, 1
331, 310, 1
67, 20, 1
89, 20, 1
331, 319, 1
67, 84, 1
89, 84, 1
44, 61, 1
2, 55, 1
3, 20, 1
3, 84, 1
289, 331, 1
3, 93, 1
67, 50, 1
331, 294, 1
84, 20, 1
294, 284, 1
5, 19, 1
310, 301, 1
67, 98, 1
5, 37, 1
288, 289, 1
44, 20, 1
44, 84, 1
5, 3, 1
19, 2, 1
5, 67, 1
61, 20, 1
310, 312, 1
61, 93, 1
331, 289, 1
294, 334, 1
294, 288, 1
19, 50, 1
2, 98, 1
288, 312, 1
19, 98, 1
3, 1, 1
93, 1, 1
37, 3, 1
289, 312, 1
310, 289, 1
3, 67, 1
294, 331, 1
61, 44, 1
37, 44, 1
5, 2, 1
61, 1, 1
310, 284, 1
5, 84, 1
61, 19, 1
93, 44, 1
5, 50, 1
61, 3, 1
50, 67, 1
294, 299, 1
61, 67, 1
3, 89, 1
5, 98, 1
310, 334, 1
5, 61, 1
310, 288, 1
294, 301, 1
294, 310, 1
3, 2, 1
19, 1, 1
294, 312, 1
5, 20, 1
37, 98, 1
5, 93, 1
3, 50, 1
37, 61, 1
1, 98, 1
19, 3, 1
19, 67, 1
89, 98, 1
3, 98, 1
93, 98, 1
299, 331, 1
310, 331, 1
294, 289, 1
50, 2, 1
84, 98, 1
37, 20, 1
61, 84, 1
37, 84, 1
20, 98, 1
37, 93, 1
61, 98, 1
44, 98, 1
310, 299, 1
19, 89, 1
5, 44, 1
50, 98, 1
334, 331, 1
37, 19, 1
334, 299, 1
334, 289, 1
37, 67, 1
93, 20, 1
93, 84, 1
55, 84, 1
334, 301, 1
67, 2, 1
334, 284, 1
272, 289, -1
272, 301, -1
272, 288, -1
272, 334, -1
272, 319, -1
272, 331, -1
272, 310, -1
272, 299, -1
272, 294, -1
272, 284, -1
272, 93, -1
272, 1, -1
272, 2, -1
272, 67, -1
272, 44, -1
272, 55, -1
272, 50, -1
272, 61, -1
272, 84, -1
272, 37, -1
272, 5, -1
272, 20, -1
272, 3, -1
272, 89, -1
272, 19, -1
272, 222, -1
272, 212, -1
272, 144, -1
272, 246, -1
312, 93, -1
312, 1, -1
312, 2, -1
312, 67, -1
312, 44, -1
312, 55, -1
312, 50, -1
312, 61, -1
312, 84, -1
312, 37, -1
312, 5, -1
312, 20, -1
312, 3, -1
312, 89, -1
312, 19, -1
312, 222, -1
312, 212, -1
312, 144, -1
312, 275, -1
312, 272, -1
312, 246, -1
98, 289, -1
98, 301, -1
98, 288, -1
98, 334, -1
98, 319, -1
98, 331, -1
98, 310, -1
98, 299, -1
98, 294, -1
98, 284, -1
98, 312, -1
98, 222, -1
98, 212, -1
98, 144, -1
98, 275, -1
98, 272, -1
98, 246, -1
289, 50, -1
3, 294, -1
20, 310, -1
93, 294, -1
301, 61, -1
288, 61, -1
20, 319, -1
50, 299, -1
284, 246, -1
44, 301, -1
44, 246, -1
44, 310, -1
310, 246, -1
44, 319, -1
299, 246, -1
284, 20, -1
334, 222, -1
289, 98, -1
20, 294, -1
284, 84, -1
284, 93, -1
2, 331, -1
299, 20, -1
89, 299, -1
299, 84, -1
294, 222, -1
289, 61, -1
67, 299, -1
144, 61, -1
299, 93, -1
301, 246, -1
50, 301, -1
61, 301, -1
50, 246, -1
61, 246, -1
44, 294, -1
1, 289, -1
50, 310, -1
61, 310, -1
50, 319, -1
61, 319, -1
301, 93, -1
275, 19, -1
19, 331, -1
5, 222, -1
67, 301, -1
89, 301, -1
288, 1, -1
212, 301, -1
50, 294, -1
275, 284, -1
67, 310, -1
289, 246, -1
89, 310, -1
212, 310, -1
67, 319, -1
288, 19, -1
89, 319, -1
144, 319, -1
144, 310, -1
93, 301, -1
93, 310, -1
93, 246, -1
222, 55, -1
212, 20, -1
275, 3, -1
289, 20, -1
288, 275, -1
275, 67, -1
289, 84, -1
93, 319, -1
2, 299, -1
331, 44, -1
289, 93, -1
212, 93, -1
5, 334, -1
84, 301, -1
84, 246, -1
67, 294, -1
84, 310, -1
89, 294, -1
212, 294, -1
144, 1, -1
288, 3, -1
275, 222, -1
334, 55, -1
1, 275, -1
288, 67, -1
84, 319, -1
1, 284, -1
55, 319, -1
294, 55, -1
19, 299, -1
331, 19, -1
272, 98, -1
275, 5, -1
2, 301, -1
331, 37, -1
2, 246, -1
331, 275, -1
2, 310, -1
3, 275, -1
84, 294, -1
37, 222, -1
2, 319, -1
3, 284, -1
144, 3, -1
275, 334, -1
144, 67, -1
288, 5, -1
331, 3, -1
2, 212, -1
331, 67, -1
1, 222, -1
299, 44, -1
275, 44, -1
67, 246, -1
212, 61, -1
19, 301, -1
19, 246, -1
2, 294, -1
19, 310, -1
246, 319, -1
19, 319, -1
20, 284, -1
37, 334, -1
331, 222, -1
3, 222, -1
275, 144, -1
89, 289, -1
288, 44, -1
299, 19, -1
19, 212, -1
212, 84, -1
1, 334, -1
331, 5, -1
275, 37, -1
299, 37, -1
299, 275, -1
19, 294, -1
44, 284, -1
288, 144, -1
275, 55, -1
288, 272, -1
212, 319, -1
20, 222, -1
3, 334, -1
299, 3, -1
288, 37, -1
144, 44, -1
299, 67, -1
289, 44, -1
50, 275, -1
288, 55, -1
50, 284, -1
284, 222, -1
44, 222, -1
289, 1, -1
310, 222, -1
299, 222, -1
144, 19, -1
331, 144, -1
284, 5, -1
289, 19, -1
20, 334, -1
89, 275, -1
67, 275, -1
144, 37, -1
289, 37, -1
299, 5, -1
289, 275, -1
67, 284, -1
301, 222, -1
288, 222, -1
89, 284, -1
212, 284, -1
144, 55, -1
50, 222, -1
275, 331, -1
61, 222, -1
288, 2, -1
44, 334, -1
331, 55, -1
284, 44, -1
289, 3, -1
301, 5, -1
334, 246, -1
289, 67, -1
89, 246, -1
144, 294, -1
294, 246, -1
84, 284, -1
67, 222, -1
284, 144, -1
89, 222, -1
289, 222, -1
50, 334, -1
288, 50, -1
61, 334, -1
93, 222, -1
299, 144, -1
1, 212, -1
1, 331, -1
284, 37, -1
2, 275, -1
144, 5, -1
212, 5, -1
61, 294, -1
289, 5, -1
2, 284, -1
331, 20, -1
284, 55, -1
5, 301, -1
331, 84, -1
5, 310, -1
5, 246, -1
275, 61, -1
275, 299, -1
301, 144, -1
5, 319, -1
331, 212, -1
288, 89, -1
67, 334, -1
89, 334, -1
144, 334, -1
212, 334, -1
288, 98, -1
310, 55, -1
299, 55, -1
3, 331, -1
301, 37, -1
93, 334, -1
212, 44, -1
19, 275, -1
144, 50, -1
19, 284, -1
246, 55, -1
272, 312, -1
301, 55, -1
5, 294, -1
2, 222, -1
84, 334, -1
275, 301, -1
289, 144, -1
275, 246, -1
144, 89, -1
1, 299, -1
275, 310, -1
275, 319, -1
212, 37, -1
275, 20, -1
275, 84, -1
222, 319, -1
19, 222, -1
331, 61, -1
275, 93, -1
275, 212, -1
289, 55, -1
288, 246, -1
2, 334, -1
299, 212, -1
212, 55, -1
37, 301, -1
37, 310, -1
37, 246, -1
3, 299, -1
37, 319, -1
275, 294, -1
288, 20, -1
288, 84, -1
1, 301, -1
288, 93, -1
288, 212, -1
1, 246, -1
50, 212, -1
50, 331, -1
1, 310, -1
1, 319, -1
19, 334, -1
37, 294, -1
144, 2, -1
3, 301, -1
289, 2, -1
331, 246, -1
84, 222, -1
3, 246, -1
3, 310, -1
284, 61, -1
144, 20, -1
3, 319, -1
144, 84, -1
319, 55, -1
1, 294, -1
89, 331, -1
144, 93, -1
67, 331, -1
299, 61, -1
289, 212, -1
67, 212, -1
331, 93, -1
89, 212, -1
3, 212, -1
312, 98, -1
20, 301, -1
20, 246, -1
3, 312, -1
275, 289, -1
61, 299, -1
294, 3, -1
294, 67, -1
294, 37, -1
212, 98, -1
5, 275, -1
37, 289, -1
5, 284, -1
284, 212, -1
310, 20, -1
222, 334, -1
310, 93, -1
294, 5, -1
301, 20, -1
275, 1, -1
246, 84, -1
301, 84, -1
3, 289, -1
144, 301, -1
50, 312, -1
37, 275, -1
20, 289, -1
294, 89, -1
37, 284, -1
89, 312, -1
55, 310, -1
144, 312, -1
44, 289, -1
319, 246, -1
319, 84, -1
55, 294, -1
61, 289, -1
50, 289, -1
310, 44, -1
294, 2, -1
284, 1, -1
2, 312, -1
299, 1, -1
310, 1, -1
294, 212, -1
67, 289, -1
144, 289, -1
310, 19, -1
93, 289, -1
310, 37, -1
310, 275, -1
222, 98, -1
294, 50, -1
301, 1, -1
19, 312, -1
84, 289, -1
5, 212, -1
5, 331, -1
310, 3, -1
310, 67, -1
61, 275, -1
334, 98, -1
55, 289, -1
3, 288, -1
61, 284, -1
294, 98, -1
294, 61, -1
2, 289, -1
275, 2, -1
3, 272, -1
222, 310, -1
310, 5, -1
144, 284, -1
93, 284, -1
222, 84, -1
19, 289, -1
5, 299, -1
275, 50, -1
275, 288, -1
37, 331, -1
334, 84, -1
294, 20, -1
294, 84, -1
301, 44, -1
294, 93, -1
310, 89, -1
275, 89, -1
275, 98, -1
144, 288, -1
331, 1, -1
331, 50, -1
37, 299, -1
20, 212, -1
144, 272, -1
144, 98, -1
310, 2, -1
55, 334, -1
299, 2, -1
331, 98, -1
310, 84, -1
144, 299, -1
310, 212, -1
299, 50, -1
310, 50, -1
275, 312, -1
61, 212, -1
61, 331, -1
37, 212, -1
334, 44, -1
284, 98, -1
294, 44, -1
5, 289, -1
19, 288, -1
334, 1, -1
299, 98, -1
310, 98, -1
294, 1, -1
144, 331, -1
310, 61, -1
294, 19, -1
1, 312, -1
246, 98, -1
301, 98, -1
19, 272, -1
294, 275, -1
334, 61, -1
334, 3, -1
334, 67, -1
222, 289, -1
144, 275, -1
334, 2, -1
284, 50, -1
334, 5, -1
222, 44, -1
2, 288, -1
222, 294, -1
334, 20, -1
334, 93, -1
334, 212, -1
246, 44, -1
50, 288, -1
334, 50, -1
331, 2, -1
1, 288, -1
334, 19, -1
334, 37, -1
93, 212, -1
334, 275, -1
89, 288, -1
212, 50, -1

285, 289, 1
285, 301, 1
285, 288, 1
285, 334, 1
285, 319, 1
285, 331, 1
285, 310, 1
285, 299, 1
285, 294, 1
285, 284, 1
285, 312, 1
333, 289, 1
333, 301, 1
333, 288, 1
333, 334, 1
333, 319, 1
333, 331, 1
333, 310, 1
333, 299, 1
333, 294, 1
333, 284, 1
333, 312, 1
333, 285, 1
323, 289, 1
323, 301, 1
323, 288, 1
323, 334, 1
323, 319, 1
323, 331, 1
323, 310, 1
323, 299, 1
323, 294, 1
323, 284, 1
323, 312, 1
323, 285, 1
323, 333, 1
292, 289, 1
292, 301, 1
292, 288, 1
292, 334, 1
292, 319, 1
292, 331, 1
292, 310, 1
292, 299, 1
292, 294, 1
292, 284, 1
292, 312, 1
292, 285, 1
292, 333, 1
292, 323, 1
317, 289, 1
317, 301, 1
317, 288, 1
317, 334, 1
317, 319, 1
317, 331, 1
317, 310, 1
317, 299, 1
317, 294, 1
317, 284, 1
317, 312, 1
317, 285, 1
317, 333, 1
317, 323, 1
317, 292, 1
332, 289, 1
332, 301, 1
332, 288, 1
332, 334, 1
332, 319, 1
332, 331, 1
332, 310, 1
332, 299, 1
332, 294, 1
332, 284, 1
332, 312, 1
332, 285, 1
332, 333, 1
332, 323, 1
332, 292, 1
332, 317, 1
301, 299, 1
312, 299, 1
284, 292, 1
284, 301, 1
301, 317, 1
312, 317, 1
284, 310, 1
299, 292, 1
310, 292, 1
289, 333, 1
299, 301, 1
299, 310, 1
288, 289, 1
310, 319, 1
299, 319, 1
301, 292, 1
312, 292, 1
284, 285, 1
289, 299, 1
312, 301, 1
284, 294, 1
301, 310, 1
312, 310, 1
289, 317, 1
301, 319, 1
288, 319, 1
312, 319, 1
299, 285, 1
299, 294, 1
310, 294, 1
312, 285, 1
301, 285, 1
284, 333, 1
289, 292, 1
301, 294, 1
312, 294, 1
289, 301, 1
289, 310, 1
289, 319, 1
288, 284, 1
301, 333, 1
312, 333, 1
289, 285, 1
285, 333, 1
323, 317, 1
289, 294, 1
299, 289, 1
288, 323, 1
288, 332, 1
323, 292, 1
285, 317, 1
284, 319, 1
331, 284, 1
312, 289, 1
285, 292, 1
331, 323, 1
288, 334, 1
331, 332, 1
333, 332, 1
299, 284, 1
331, 334, 1
301, 284, 1
312, 284, 1
284, 332, 1
299, 323, 1
299, 332, 1
301, 323, 1
312, 323, 1
301, 332, 1
312, 332, 1
289, 284, 1
284, 334, 1
334, 292, 1
299, 334, 1
294, 292, 1
334, 310, 1
334, 319, 1
289, 323, 1
294, 319, 1
289, 332, 1
301, 334, 1
312, 334, 1
334, 294, 1
331, 285, 1
289, 334, 1
288, 299, 1
288, 317, 1
323, 332, 1
292, 317, 1
331, 333, 1
288, 292, 1
285, 323, 1
288, 301, 1
285, 332, 1
331, 299, 1
299, 331, 1
288, 310, 1
331, 317, 1
301, 331, 1
288, 331, 1
312, 331, 1
288, 285, 1
333, 317, 1
288, 294, 1
331, 292, 1
312, 288, 1
299, 333, 1
331, 301, 1
331, 310, 1
331, 319, 1
333, 292, 1
284, 317, 1
289, 331, 1
288, 333, 1
299, 317, 1
331, 294, 1
310, 323, 1
319, 332, 1
294, 284, 1
310, 332, 1
294, 299, 1
310, 289, 1
294, 317, 1
310, 301, 1
334, 332, 1
294, 323, 1
292, 332, 1
294, 332, 1
310, 331, 1
310, 334, 1
294, 289, 1
310, 288, 1
310, 285, 1
294, 301, 1
294, 310, 1
294, 331, 1
331, 289, 1
294, 334, 1
310, 333, 1
294, 288, 1
294, 285, 1
288, 312, 1
310, 284, 1
294, 333, 1
294, 312, 1
310, 299, 1
310, 317, 1
289, 288, 1
317, 332, 1
334, 331, 1
334, 299, 1
334, 289, 1
310, 312, 1
289, 312, 1
334, 333, 1
334, 317, 1
334, 301, 1
334, 285, 1
334, 323, 1
334, 284, 1
285, 93, -1
285, 1, -1
285, 2, -1
285, 67, -1
285, 44, -1
285, 55, -1
285, 50, -1
285, 61, -1
285, 84, -1
285, 37, -1
285, 5, -1
285, 20, -1
285, 3, -1
285, 89, -1
285, 19, -1
285, 98, -1
285, 222, -1
285, 212, -1
285, 144, -1
285, 275, -1
285, 272, -1
285, 246, -1
333, 93, -1
333, 1, -1
333, 2, -1
333, 67, -1
333, 44, -1
333, 55, -1
333, 50, -1
333, 61, -1
333, 84, -1
333, 37, -1
333, 5, -1
333, 20, -1
333, 3, -1
333, 89, -1
333, 19, -1
333, 98, -1
333, 222, -1
333, 212, -1
333, 144, -1
333, 275, -1
333, 272, -1
333, 246, -1
323, 93, -1
323, 1, -1
323, 2, -1
323, 67, -1
323, 44, -1
323, 55, -1
323, 50, -1
323, 61, -1
323, 84, -1
323, 37, -1
323, 5, -1
323, 20, -1
323, 3, -1
323, 89, -1
323, 19, -1
323, 98, -1
323, 222, -1
323, 212, -1
323, 144, -1
323, 275, -1
323, 272, -1
323, 246, -1
292, 93, -1
292, 1, -1
292, 2, -1
292, 67, -1
292, 44, -1
292, 55, -1
292, 50, -1
292, 61, -1
292, 84, -1
292, 37, -1
292, 5, -1
292, 20, -1
292, 3, -1
292, 89, -1
292, 19, -1
292, 98, -1
292, 222, -1
292, 212, -1
292, 144, -1
292, 275, -1
292, 272, -1
292, 246, -1
317, 93, -1
317, 1, -1
317, 2, -1
317, 67, -1
317, 44, -1
317, 55, -1
317, 50, -1
317, 61, -1
317, 84, -1
317, 37, -1
317, 5, -1
317, 20, -1
317, 3, -1
317, 89, -1
317, 19, -1
317, 98, -1
317, 222, -1
317, 212, -1
317, 144, -1
317, 275, -1
317, 272, -1
317, 246, -1
332, 93, -1
332, 1, -1
332, 2, -1
332, 67, -1
332, 44, -1
332, 55, -1
332, 50, -1
332, 61, -1
332, 84, -1
332, 37, -1
332, 5, -1
332, 20, -1
332, 3, -1
332, 89, -1
332, 19, -1
332, 98, -1
332, 222, -1
332, 212, -1
332, 144, -1
332, 275, -1
332, 272, -1
332, 246, -1
3, 294, -1
222, 332, -1
98, 284, -1
3, 312, -1
67, 333, -1
89, 333, -1
284, 20, -1
289, 98, -1
294, 222, -1
44, 285, -1
44, 294, -1
93, 317, -1
301, 212, -1
312, 212, -1
3, 289, -1
67, 292, -1
89, 292, -1
212, 292, -1
89, 301, -1
67, 301, -1
212, 301, -1
67, 310, -1
89, 310, -1
289, 246, -1
212, 310, -1
67, 319, -1
89, 319, -1
289, 84, -1
272, 288, -1
289, 93, -1
5, 334, -1
288, 3, -1
294, 55, -1
2, 292, -1
2, 301, -1
2, 310, -1
2, 319, -1
3, 284, -1
319, 84, -1
1, 323, -1
275, 334, -1
1, 332, -1
331, 67, -1
299, 44, -1
310, 44, -1
89, 323, -1
98, 292, -1
272, 292, -1
272, 301, -1
272, 310, -1
44, 284, -1
20, 332, -1
299, 3, -1
3, 288, -1
301, 67, -1
312, 67, -1
284, 5, -1
50, 323, -1
5, 333, -1
50, 332, -1
288, 222, -1
61, 332, -1
288, 2, -1
275, 288, -1
289, 222, -1
301, 44, -1
312, 44, -1
1, 331, -1
5, 292, -1
5, 301, -1
331, 84, -1
5, 310, -1
5, 319, -1
144, 334, -1
275, 292, -1
84, 334, -1
275, 301, -1
1, 299, -1
275, 310, -1
299, 2, -1
275, 319, -1
1, 317, -1
331, 61, -1
289, 55, -1
288, 212, -1
50, 331, -1
19, 334, -1
294, 44, -1
93, 292, -1
20, 317, -1
1, 285, -1
319, 55, -1
1, 294, -1
289, 212, -1
89, 285, -1
37, 333, -1
289, 50, -1
301, 61, -1
312, 61, -1
50, 299, -1
284, 246, -1
50, 317, -1
61, 317, -1
144, 333, -1
20, 285, -1
20, 294, -1
284, 84, -1
284, 93, -1
84, 333, -1
1, 289, -1
301, 20, -1
312, 20, -1
50, 285, -1
98, 334, -1
144, 301, -1
50, 294, -1
61, 294, -1
144, 310, -1
144, 319, -1
84, 292, -1
19, 333, -1
84, 301, -1
84, 310, -1
84, 319, -1
288, 67, -1
1, 284, -1
331, 19, -1
331, 37, -1
331, 275, -1
37, 332, -1
212, 333, -1
19, 292, -1
19, 301, -1
144, 323, -1
19, 310, -1
144, 332, -1
19, 319, -1
20, 284, -1
288, 44, -1
331, 5, -1
2, 333, -1
312, 1, -1
301, 19, -1
312, 19, -1
212, 319, -1
3, 334, -1
312, 37, -1
301, 275, -1
299, 67, -1
312, 275, -1
289, 44, -1
50, 284, -1
61, 284, -1
284, 222, -1
98, 333, -1
272, 333, -1
44, 334, -1
289, 3, -1
312, 5, -1
301, 5, -1
98, 301, -1
67, 332, -1
89, 332, -1
98, 310, -1
212, 332, -1
98, 319, -1
284, 37, -1
272, 319, -1
284, 55, -1
93, 334, -1
2, 323, -1
2, 332, -1
37, 317, -1
3, 333, -1
331, 98, -1
98, 323, -1
310, 84, -1
144, 299, -1
98, 332, -1
272, 323, -1
272, 332, -1
288, 20, -1
44, 333, -1
37, 294, -1
3, 292, -1
275, 333, -1
331, 246, -1
289, 2, -1
3, 301, -1
3, 310, -1
3, 319, -1
89, 331, -1
299, 61, -1
331, 93, -1
312, 89, -1
144, 285, -1
312, 98, -1
144, 294, -1
44, 292, -1
44, 301, -1
84, 285, -1
44, 310, -1
44, 319, -1
93, 333, -1
2, 331, -1
299, 20, -1
89, 299, -1
301, 246, -1
312, 246, -1
67, 317, -1
89, 317, -1
212, 317, -1
301, 84, -1
312, 84, -1
5, 323, -1
301, 93, -1
312, 93, -1
5, 332, -1
288, 1, -1
288, 19, -1
93, 310, -1
93, 319, -1
2, 299, -1
288, 275, -1
2, 317, -1
37, 284, -1
67, 285, -1
212, 285, -1
67, 294, -1
89, 294, -1
212, 294, -1
275, 332, -1
98, 299, -1
272, 299, -1
272, 317, -1
288, 5, -1
2, 285, -1
2, 294, -1
93, 332, -1
331, 222, -1
89, 289, -1
299, 19, -1
1, 334, -1
299, 37, -1
98, 285, -1
299, 275, -1
272, 285, -1
5, 331, -1
272, 294, -1
20, 334, -1
299, 5, -1
67, 284, -1
89, 284, -1
301, 222, -1
312, 222, -1
212, 284, -1
275, 331, -1
331, 55, -1
334, 246, -1
5, 299, -1
289, 67, -1
5, 317, -1
272, 289, -1
334, 84, -1
50, 334, -1
61, 334, -1
2, 284, -1
84, 332, -1
275, 299, -1
331, 212, -1
288, 89, -1
288, 98, -1
275, 317, -1
301, 37, -1
331, 50, -1
5, 285, -1
1, 333, -1
301, 55, -1
312, 55, -1
5, 294, -1
272, 284, -1
19, 332, -1
288, 246, -1
275, 285, -1
275, 294, -1
20, 333, -1
288, 84, -1
1, 292, -1
1, 301, -1
288, 93, -1
275, 312, -1
1, 310, -1
1, 319, -1
312, 50, -1
299, 98, -1
144, 331, -1
50, 333, -1
61, 333, -1
20, 292, -1
20, 301, -1
20, 310, -1
93, 294, -1
288, 61, -1
20, 319, -1
275, 289, -1
310, 246, -1
299, 246, -1
334, 222, -1
5, 284, -1
284, 212, -1
299, 84, -1
289, 61, -1
50, 292, -1
61, 292, -1
299, 93, -1
50, 301, -1
144, 317, -1
50, 310, -1
61, 310, -1
50, 319, -1
61, 319, -1
19, 331, -1
84, 317, -1
275, 284, -1
289, 20, -1
331, 44, -1
334, 55, -1
144, 312, -1
19, 299, -1
19, 317, -1
84, 294, -1
331, 3, -1
246, 319, -1
37, 334, -1
3, 332, -1
144, 289, -1
98, 331, -1
19, 285, -1
19, 294, -1
272, 331, -1
19, 312, -1
288, 37, -1
288, 55, -1
44, 332, -1
301, 3, -1
310, 222, -1
299, 222, -1
312, 3, -1
289, 19, -1
246, 332, -1
289, 37, -1
289, 275, -1
98, 317, -1
144, 284, -1
19, 289, -1
284, 44, -1
294, 246, -1
84, 284, -1
288, 50, -1
294, 84, -1
331, 2, -1
289, 5, -1
331, 20, -1
98, 294, -1
310, 55, -1
299, 55, -1
67, 334, -1
89, 334, -1
3, 331, -1
212, 334, -1
144, 288, -1
19, 284, -1
272, 312, -1
222, 319, -1
37, 292, -1
299, 212, -1
2, 334, -1
3, 299, -1
312, 2, -1
37, 310, -1
37, 319, -1
3, 317, -1
299, 50, -1
334, 44, -1
144, 292, -1
19, 288, -1
284, 61, -1
272, 334, -1
44, 317, -1
3, 285, -1
294, 98, -1
55, 310, -1
89, 312, -1
294, 61, -1
222, 292, -1
294, 3, -1
294, 67, -1
319, 246, -1
310, 2, -1
55, 334, -1
222, 310, -1
310, 5, -1
19, 323, -1
294, 37, -1
55, 294, -1
246, 292, -1
310, 20, -1
67, 299, -1
310, 212, -1
222, 334, -1
37, 301, -1
310, 93, -1
61, 301, -1
294, 2, -1
310, 50, -1
67, 323, -1
294, 5, -1
3, 323, -1
310, 1, -1
2, 312, -1
294, 20, -1
294, 212, -1
37, 285, -1
310, 19, -1
294, 93, -1
310, 89, -1
61, 285, -1
310, 37, -1
310, 275, -1
294, 50, -1
310, 98, -1
93, 301, -1
50, 312, -1
294, 1, -1
67, 331, -1
310, 61, -1
98, 312, -1
294, 19, -1
310, 3, -1
1, 312, -1
310, 67, -1
294, 89, -1
275, 323, -1
93, 285, -1
294, 275, -1
334, 61, -1
334, 3, -1
334, 67, -1
222, 289, -1
334, 2, -1
334, 5, -1
2, 288, -1
222, 294, -1
334, 20, -1
334, 93, -1
334, 212, -1
67, 289, -1
50, 288, -1
334, 50, -1
98, 288, -1
1, 288, -1
334, 19, -1
334, 37, -1
334, 275, -1
89, 288, -1
334, 98, -1

64, 93, 1
64, 1, 1
64, 2, 1
64, 67, 1
64, 44, 1
64, 55, 1
64, 50, 1
64, 61, 1
64, 84, 1
64, 37, 1
64, 5, 1
64, 20, 1
64, 3, 1
64, 89, 1
64, 19, 1
64, 98, 1
27, 93, 1
27, 1, 1
27, 2, 1
27, 67, 1
27, 44, 1
27, 55, 1
27, 50, 1
27, 61, 1
27, 84, 1
27, 37, 1
27, 5, 1
27, 20, 1
27, 3, 1
27, 89, 1
27, 19, 1
27, 98, 1
27, 64, 1
302, 289, 1
302, 301, 1
302, 288, 1
302, 334, 1
302, 319, 1
302, 331, 1
302, 310, 1
302, 299, 1
302, 294, 1
302, 284, 1
302, 312, 1
302, 285, 1
302, 333, 1
302, 323, 1
302, 292, 1
302, 317, 1
302, 332, 1
97, 93, 1
97, 1, 1
97, 2, 1
97, 67, 1
97, 44, 1
97, 55, 1
97, 50, 1
97, 61, 1
97, 84, 1
97, 37, 1
97, 5, 1
97, 20, 1
97, 3, 1
97, 89, 1
97, 19, 1
97, 98, 1
97, 64, 1
97, 27, 1
315, 289, 1
315, 301, 1
315, 288, 1
315, 334, 1
315, 319, 1
315, 331, 1
315, 310, 1
315, 299, 1
315, 294, 1
315, 284, 1
315, 312, 1
315, 285, 1
315, 333, 1
315, 323, 1
315, 292, 1
315, 317, 1
315, 332, 1
315, 302, 1
83, 93, 1
83, 1, 1
83, 2, 1
83, 67, 1
83, 44, 1
83, 55, 1
83, 50, 1
83, 61, 1
83, 84, 1
83, 37, 1
83, 5, 1
83, 20, 1
83, 3, 1
83, 89, 1
83, 19, 1
83, 98, 1
83, 64, 1
83, 27, 1
83, 97, 1
98, 37, 1
98, 55, 1
310, 292, 1
299, 292, 1
333, 294, 1
310, 301, 1
299, 301, 1
299, 310, 1
310, 319, 1
299, 319, 1
284, 285, 1
332, 334, 1
93, 61, 1
284, 294, 1
2, 50, 1
323, 285, 1
67, 27, 1
98, 5, 1
294, 334, 1
301, 333, 1
312, 333, 1
292, 284, 1
19, 98, 1
2, 27, 1
3, 1, 1
84, 93, 1
3, 19, 1
3, 37, 1
1, 67, 1
98, 27, 1
5, 55, 1
331, 323, 1
331, 332, 1
19, 84, 1
27, 97, 1
19, 93, 1
44, 37, 1
332, 333, 1
3, 5, 1
294, 315, 1
67, 44, 1
89, 44, 1
294, 333, 1
50, 67, 1
44, 5, 1
332, 292, 1
312, 323, 1
27, 83, 1
332, 301, 1
312, 332, 1
332, 310, 1
93, 37, 1
332, 319, 1
19, 97, 1
93, 55, 1
67, 3, 1
89, 3, 1
294, 292, 1
317, 294, 1
294, 301, 1
294, 310, 1
294, 319, 1
1, 84, 1
93, 5, 1
2, 3, 1
19, 83, 1
289, 334, 1
323, 332, 1
98, 3, 1
1, 61, 1
3, 98, 1
331, 299, 1
331, 317, 1
312, 331, 1
84, 55, 1
20, 61, 1
89, 2, 1
67, 20, 1
89, 20, 1
3, 84, 1
288, 333, 1
3, 93, 1
331, 285, 1
98, 83, 1
331, 294, 1
312, 299, 1
50, 61, 1
19, 55, 1
289, 315, 1
301, 317, 1
312, 317, 1
334, 323, 1
289, 333, 1
334, 332, 1
44, 93, 1
288, 319, 1
50, 20, 1
3, 97, 1
301, 285, 1
312, 285, 1
289, 292, 1
312, 294, 1
301, 294, 1
19, 50, 1
289, 301, 1
289, 310, 1
289, 319, 1
1, 19, 1
89, 1, 1
323, 317, 1
1, 37, 1
288, 323, 1
3, 83, 1
288, 332, 1
285, 317, 1
331, 284, 1
19, 27, 1
312, 289, 1
331, 302, 1
20, 37, 1
334, 331, 1
1, 5, 1
323, 294, 1
292, 334, 1
98, 50, 1
285, 294, 1
50, 19, 1
50, 37, 1
61, 37, 1
312, 284, 1
20, 5, 1
310, 323, 1
299, 323, 1
310, 332, 1
334, 299, 1
299, 332, 1
333, 334, 1
292, 302, 1
334, 317, 1
84, 44, 1
284, 334, 1
3, 55, 1
89, 67, 1
50, 5, 1
61, 5, 1
333, 302, 1
334, 285, 1
19, 44, 1
334, 294, 1
44, 55, 1
323, 284, 1
284, 302, 1
2, 67, 1
323, 302, 1
292, 333, 1
3, 50, 1
288, 299, 1
1, 98, 1
288, 317, 1
19, 3, 1
285, 302, 1
98, 67, 1
89, 98, 1
334, 289, 1
310, 331, 1
299, 331, 1
292, 301, 1
2, 44, 1
292, 310, 1
292, 319, 1
3, 27, 1
288, 285, 1
288, 294, 1
1, 93, 1
98, 44, 1
67, 84, 1
89, 84, 1
310, 299, 1
333, 310, 1
299, 317, 1
310, 317, 1
334, 284, 1
333, 319, 1
20, 84, 1
284, 301, 1
20, 93, 1
284, 310, 1
288, 289, 1
294, 323, 1
294, 332, 1
317, 334, 1
67, 61, 1
89, 61, 1
19, 2, 1
310, 285, 1
299, 285, 1
310, 294, 1
299, 294, 1
50, 84, 1
50, 93, 1
64, 27, 1
317, 302, 1
2, 61, 1
288, 284, 1
3, 44, 1
1, 83, 1
310, 289, 1
299, 289, 1
2, 20, 1
37, 5, 1
98, 2, 1
98, 20, 1
294, 331, 1
310, 284, 1
299, 284, 1
310, 302, 1
299, 302, 1
50, 83, 1
331, 334, 1
332, 317, 1
67, 19, 1
89, 19, 1
294, 299, 1
1, 55, 1
317, 310, 1
67, 37, 1
89, 37, 1
317, 319, 1
294, 317, 1
310, 288, 1
332, 285, 1
332, 294, 1
289, 323, 1
289, 332, 1
312, 334, 1
301, 334, 1
2, 19, 1
20, 55, 1
2, 37, 1
3, 2, 1
67, 5, 1
89, 5, 1
294, 285, 1
1, 50, 1
64, 97, 1
50, 55, 1
61, 55, 1
301, 302, 1
312, 302, 1
331, 315, 1
19, 67, 1
331, 333, 1
2, 5, 1
89, 50, 1
1, 27, 1
294, 289, 1
64, 83, 1
323, 334, 1
89, 27, 1
288, 331, 1
331, 292, 1
312, 288, 1
285, 334, 1
331, 301, 1
331, 310, 1
331, 319, 1
332, 284, 1
312, 315, 1
332, 302, 1
289, 331, 1
19, 89, 1
294, 284, 1
294, 302, 1
67, 98, 1
50, 27, 1
312, 292, 1
289, 299, 1
312, 301, 1
312, 310, 1
301, 310, 1
289, 317, 1
301, 319, 1
312, 319, 1
84, 61, 1
284, 333, 1
323, 315, 1
294, 288, 1
1, 44, 1
2, 98, 1
323, 333, 1
67, 93, 1
89, 93, 1
289, 285, 1
285, 333, 1
289, 294, 1
93, 1, 1
334, 302, 1
19, 61, 1
20, 44, 1
1, 3, 1
323, 292, 1
323, 301, 1
284, 319, 1
323, 310, 1
2, 84, 1
323, 319, 1
2, 93, 1
3, 67, 1
97, 83, 1
288, 334, 1
89, 97, 1
285, 310, 1
19, 20, 1
285, 319, 1
98, 84, 1
50, 44, 1
98, 93, 1
334, 315, 1
334, 333, 1
37, 55, 1
288, 302, 1
50, 3, 1
67, 83, 1
89, 83, 1
98, 61, 1
3, 89, 1
289, 284, 1
334, 292, 1
289, 302, 1
310, 334, 1
334, 301, 1
299, 334, 1
334, 310, 1
84, 37, 1
334, 319, 1
1, 2, 1
1, 20, 1
2, 83, 1
288, 315, 1
19, 1, 1
19, 37, 1
84, 5, 1
292, 317, 1
288, 292, 1
67, 55, 1
89, 55, 1
288, 301, 1
3, 61, 1
288, 310, 1
50, 2, 1
19, 5, 1
310, 315, 1
299, 315, 1
333, 317, 1
292, 285, 1
310, 333, 1
299, 333, 1
292, 294, 1
44, 61, 1
2, 55, 1
3, 20, 1
284, 317, 1
98, 19, 1
67, 50, 1
84, 20, 1
284, 292, 1
19, 64, 1
333, 285, 1
5, 19, 1
5, 83, 1
37, 97, 1
5, 37, 1
44, 20, 1
44, 84, 1
301, 292, 1
1, 97, 1
323, 331, 1
5, 3, 1
5, 67, 1
61, 20, 1
310, 312, 1
61, 93, 1
331, 289, 1
285, 331, 1
288, 312, 1
37, 19, 1
20, 97, 1
285, 315, 1
323, 299, 1
44, 97, 1
37, 3, 1
37, 67, 1
285, 299, 1
302, 315, 1
292, 332, 1
61, 97, 1
50, 97, 1
317, 331, 1
20, 1, 1
333, 284, 1
285, 292, 1
285, 301, 1
44, 1, 1
67, 97, 1
93, 97, 1
61, 44, 1
37, 44, 1
333, 332, 1
317, 299, 1
84, 97, 1
5, 84, 1
61, 19, 1
301, 284, 1
284, 332, 1
93, 44, 1
5, 50, 1
2, 97, 1
317, 292, 1
61, 3, 1
317, 301, 1
61, 67, 1
323, 289, 1
301, 332, 1
5, 98, 1
3, 64, 1
317, 285, 1
5, 61, 1
2, 1, 1
5, 27, 1
317, 333, 1
5, 20, 1
317, 332, 1
37, 98, 1
5, 93, 1
289, 288, 1
37, 61, 1
285, 284, 1
50, 98, 1
93, 98, 1
285, 323, 1
285, 332, 1
98, 97, 1
84, 98, 1
37, 20, 1
61, 84, 1
37, 84, 1
20, 98, 1
37, 93, 1
5, 97, 1
67, 2, 1
317, 284, 1
44, 98, 1
333, 292, 1
333, 301, 1
317, 323, 1
5, 44, 1
61, 98, 1
84, 1, 1
61, 27, 1
319, 332, 1
61, 1, 1
50, 1, 1
317, 315, 1
20, 50, 1
98, 1, 1
93, 20, 1
289, 312, 1
5, 1, 1
55, 84, 1
93, 84, 1
44, 50, 1
301, 323, 1
37, 27, 1
84, 50, 1
67, 1, 1
301, 315, 1
64, 289, -1
64, 301, -1
64, 288, -1
64, 334, -1
64, 319, -1
64, 331, -1
64, 310, -1
64, 299, -1
64, 294, -1
64, 284, -1
64, 312, -1
64, 285, -1
64, 333, -1
64, 323, -1
64, 292, -1
64, 317, -1
64, 332, -1
64, 222, -1
64, 212, -1
64, 144, -1
64, 275, -1
64, 272, -1
64, 246, -1
27, 289, -1
27, 301, -1
27, 288, -1
27, 334, -1
27, 319, -1
27, 331, -1
27, 310, -1
27, 299, -1
27, 294, -1
27, 284, -1
27, 312, -1
27, 285, -1
27, 333, -1
27, 323, -1
27, 292, -1
27, 317, -1
27, 332, -1
27, 222, -1
27, 212, -1
27, 144, -1
27, 275, -1
27, 272, -1
27, 246, -1
302, 93, -1
302, 1, -1
302, 2, -1
302, 67, -1
302, 44, -1
302, 55, -1
302, 50, -1
302, 61, -1
302, 84, -1
302, 37, -1
302, 5, -1
302, 20, -1
302, 3, -1
302, 89, -1
302, 19, -1
302, 98, -1
302, 64, -1
302, 27, -1
302, 222, -1
302, 212, -1
302, 144, -1
302, 275, -1
302, 272, -1
302, 246, -1
97, 289, -1
97, 301, -1
97, 288, -1
97, 334, -1
97, 319, -1
97, 331, -1
97, 310, -1
97, 299, -1
97, 294, -1
97, 284, -1
97, 312, -1
97, 285, -1
97, 333, -1
97, 323, -1
97, 292, -1
97, 317, -1
97, 332, -1
97, 302, -1
97, 222, -1
97, 212, -1
97, 144, -1
97, 275, -1
97, 272, -1
97, 246, -1
315, 93, -1
315, 1, -1
315, 2, -1
315, 67, -1
315, 44, -1
315, 55, -1
315, 50, -1
315, 61, -1
315, 84, -1
315, 37, -1
315, 5, -1
315, 20, -1
315, 3, -1
315, 89, -1
315, 19, -1
315, 98, -1
315, 64, -1
315, 27, -1
315, 97, -1
315, 222, -1
315, 212, -1
315, 144, -1
315, 275, -1
315, 272, -1
315, 246, -1
83, 289, -1
83, 301, -1
83, 288, -1
83, 334, -1
83, 319, -1
83, 331, -1
83, 310, -1
83, 299, -1
83, 294, -1
83, 284, -1
83, 312, -1
83, 285, -1
83, 333, -1
83, 323, -1
83, 292, -1
83, 317, -1
83, 332, -1
83, 302, -1
83, 315, -1
83, 222, -1
83, 212, -1
83, 144, -1
83, 275, -1
83, 272, -1
83, 246, -1
3, 294, -1
275, 97, -1
98, 275, -1
310, 27, -1
299, 27, -1
98, 284, -1
334, 3, -1
67, 315, -1
89, 315, -1
332, 222, -1
3, 312, -1
98, 302, -1
272, 37, -1
67, 333, -1
89, 333, -1
272, 55, -1
284, 20, -1
323, 2, -1
289, 98, -1
272, 64, -1
272, 302, -1
323, 20, -1
294, 222, -1
44, 285, -1
44, 294, -1
93, 317, -1
312, 212, -1
2, 315, -1
275, 83, -1
5, 222, -1
3, 289, -1
67, 292, -1
89, 292, -1
212, 292, -1
67, 301, -1
89, 301, -1
212, 301, -1
67, 310, -1
89, 310, -1
289, 246, -1
212, 310, -1
67, 319, -1
89, 319, -1
332, 55, -1
272, 50, -1
289, 84, -1
272, 288, -1
289, 93, -1
5, 334, -1
292, 37, -1
98, 144, -1
84, 246, -1
272, 315, -1
288, 3, -1
44, 289, -1
294, 55, -1
2, 292, -1
2, 301, -1
319, 246, -1
2, 310, -1
3, 275, -1
2, 319, -1
3, 284, -1
1, 323, -1
144, 3, -1
275, 334, -1
1, 332, -1
333, 37, -1
334, 2, -1
331, 67, -1
299, 44, -1
98, 292, -1
89, 323, -1
272, 27, -1
292, 5, -1
310, 44, -1
19, 246, -1
272, 292, -1
144, 97, -1
289, 97, -1
272, 301, -1
294, 212, -1
272, 310, -1
93, 289, -1
44, 284, -1
275, 37, -1
294, 50, -1
317, 61, -1
275, 55, -1
20, 332, -1
275, 64, -1
275, 302, -1
310, 3, -1
299, 3, -1
333, 5, -1
3, 288, -1
55, 289, -1
312, 67, -1
284, 5, -1
3, 144, -1
144, 83, -1
289, 83, -1
50, 323, -1
5, 333, -1
50, 332, -1
288, 222, -1
294, 27, -1
288, 2, -1
93, 302, -1
275, 50, -1
275, 288, -1
98, 246, -1
334, 212, -1
44, 144, -1
289, 222, -1
312, 44, -1
1, 331, -1
5, 301, -1
331, 84, -1
5, 310, -1
84, 222, -1
5, 319, -1
144, 334, -1
323, 67, -1
275, 27, -1
275, 292, -1
84, 334, -1
275, 301, -1
89, 272, -1
1, 299, -1
299, 2, -1
310, 2, -1
93, 144, -1
275, 310, -1
275, 319, -1
1, 317, -1
272, 3, -1
19, 222, -1
331, 61, -1
289, 55, -1
144, 64, -1
332, 44, -1
292, 246, -1
288, 212, -1
50, 331, -1
292, 84, -1
292, 93, -1
19, 334, -1
317, 37, -1
294, 44, -1
20, 317, -1
3, 246, -1
323, 98, -1
1, 285, -1
319, 55, -1
1, 294, -1
289, 212, -1
89, 285, -1
333, 246, -1
1, 312, -1
37, 333, -1
144, 50, -1
289, 50, -1
312, 61, -1
301, 61, -1
333, 93, -1
50, 299, -1
334, 67, -1
144, 315, -1
284, 246, -1
19, 302, -1
294, 3, -1
50, 317, -1
44, 246, -1
61, 317, -1
27, 315, -1
144, 333, -1
317, 5, -1
20, 285, -1
284, 84, -1
20, 294, -1
284, 93, -1
323, 84, -1
98, 222, -1
84, 333, -1
1, 289, -1
312, 20, -1
289, 27, -1
272, 2, -1
50, 285, -1
61, 285, -1
98, 334, -1
144, 301, -1
50, 294, -1
61, 294, -1
144, 310, -1
144, 319, -1
93, 246, -1
275, 3, -1
19, 315, -1
323, 61, -1
84, 292, -1
20, 289, -1
19, 333, -1
84, 301, -1
84, 310, -1
84, 319, -1
1, 275, -1
288, 67, -1
1, 284, -1
331, 19, -1
285, 61, -1
1, 302, -1
331, 37, -1
331, 275, -1
212, 333, -1
332, 20, -1
292, 222, -1
50, 289, -1
144, 67, -1
61, 289, -1
2, 212, -1
19, 292, -1
19, 301, -1
294, 2, -1
144, 323, -1
19, 310, -1
144, 332, -1
19, 319, -1
20, 284, -1
3, 222, -1
288, 44, -1
20, 302, -1
98, 212, -1
331, 5, -1
2, 333, -1
312, 1, -1
333, 222, -1
1, 288, -1
312, 19, -1
212, 319, -1
3, 334, -1
312, 37, -1
144, 44, -1
98, 315, -1
299, 67, -1
289, 44, -1
50, 275, -1
310, 67, -1
312, 275, -1
1, 144, -1
50, 284, -1
98, 333, -1
284, 222, -1
44, 222, -1
334, 61, -1
50, 302, -1
292, 55, -1
61, 302, -1
272, 333, -1
317, 246, -1
275, 2, -1
317, 93, -1
44, 334, -1
3, 302, -1
312, 5, -1
20, 144, -1
289, 3, -1
301, 5, -1
67, 323, -1
333, 55, -1
98, 301, -1
67, 332, -1
89, 332, -1
334, 20, -1
98, 310, -1
212, 332, -1
98, 319, -1
93, 222, -1
310, 89, -1
284, 37, -1
323, 19, -1
272, 319, -1
284, 55, -1
323, 37, -1
323, 275, -1
44, 302, -1
50, 144, -1
61, 144, -1
93, 334, -1
212, 44, -1
2, 323, -1
246, 55, -1
285, 37, -1
2, 332, -1
37, 317, -1
3, 315, -1
3, 333, -1
331, 98, -1
98, 323, -1
323, 5, -1
98, 332, -1
272, 67, -1
310, 84, -1
144, 299, -1
272, 323, -1
272, 332, -1
288, 20, -1
285, 5, -1
1, 246, -1
64, 302, -1
37, 285, -1
44, 333, -1
37, 294, -1
3, 292, -1
144, 2, -1
275, 333, -1
3, 301, -1
289, 2, -1
331, 246, -1
3, 310, -1
144, 20, -1
3, 319, -1
334, 19, -1
67, 331, -1
89, 331, -1
299, 61, -1
272, 44, -1
310, 61, -1
331, 93, -1
312, 89, -1
334, 37, -1
334, 275, -1
144, 285, -1
312, 98, -1
144, 294, -1
20, 246, -1
317, 222, -1
323, 27, -1
44, 292, -1
44, 301, -1
84, 285, -1
294, 67, -1
44, 310, -1
44, 319, -1
93, 333, -1
37, 289, -1
2, 331, -1
299, 20, -1
67, 299, -1
89, 299, -1
310, 20, -1
301, 246, -1
312, 246, -1
334, 5, -1
67, 317, -1
50, 246, -1
61, 246, -1
89, 317, -1
212, 317, -1
312, 84, -1
312, 93, -1
301, 93, -1
288, 1, -1
93, 301, -1
317, 55, -1
288, 19, -1
93, 310, -1
222, 55, -1
212, 20, -1
93, 319, -1
2, 299, -1
288, 275, -1
275, 67, -1
2, 317, -1
294, 89, -1
67, 285, -1
212, 285, -1
275, 323, -1
67, 294, -1
89, 294, -1
144, 1, -1
275, 332, -1
212, 294, -1
89, 312, -1
55, 319, -1
98, 299, -1
331, 83, -1
312, 97, -1
272, 299, -1
323, 246, -1
332, 84, -1
272, 317, -1
288, 5, -1
1, 222, -1
275, 44, -1
323, 93, -1
2, 285, -1
2, 294, -1
285, 246, -1
299, 1, -1
331, 222, -1
310, 1, -1
89, 289, -1
67, 289, -1
310, 19, -1
19, 212, -1
299, 19, -1
285, 93, -1
1, 334, -1
299, 37, -1
272, 20, -1
98, 285, -1
310, 37, -1
310, 275, -1
299, 275, -1
37, 144, -1
312, 83, -1
20, 222, -1
272, 285, -1
332, 61, -1
272, 294, -1
334, 98, -1
294, 61, -1
2, 289, -1
20, 334, -1
67, 275, -1
89, 275, -1
299, 5, -1
310, 5, -1
67, 284, -1
89, 284, -1
301, 222, -1
212, 284, -1
312, 222, -1
50, 222, -1
61, 222, -1
275, 331, -1
67, 302, -1
331, 55, -1
89, 302, -1
334, 246, -1
289, 67, -1
5, 317, -1
272, 289, -1
334, 84, -1
334, 93, -1
294, 20, -1
50, 334, -1
61, 334, -1
1, 212, -1
2, 275, -1
323, 83, -1
212, 5, -1
2, 284, -1
84, 332, -1
275, 61, -1
275, 299, -1
331, 212, -1
288, 89, -1
288, 98, -1
275, 317, -1
89, 288, -1
1, 315, -1
272, 1, -1
301, 37, -1
331, 50, -1
5, 285, -1
1, 333, -1
301, 55, -1
312, 55, -1
5, 294, -1
272, 19, -1
312, 64, -1
67, 144, -1
89, 144, -1
323, 222, -1
144, 89, -1
272, 284, -1
144, 98, -1
19, 323, -1
275, 20, -1
19, 332, -1
288, 246, -1
285, 222, -1
37, 246, -1
315, 83, -1
275, 285, -1
20, 333, -1
275, 294, -1
1, 292, -1
288, 84, -1
331, 27, -1
288, 93, -1
1, 301, -1
275, 312, -1
50, 212, -1
1, 310, -1
1, 319, -1
272, 5, -1
2, 144, -1
312, 50, -1
5, 289, -1
332, 37, -1
299, 98, -1
310, 98, -1
144, 84, -1
294, 1, -1
50, 315, -1
144, 93, -1
334, 83, -1
144, 331, -1
323, 55, -1
50, 333, -1
61, 333, -1
3, 212, -1
294, 19, -1
20, 292, -1
20, 301, -1
93, 285, -1
294, 37, -1
294, 275, -1
93, 294, -1
20, 310, -1
288, 61, -1
20, 319, -1
275, 289, -1
285, 55, -1
288, 97, -1
312, 27, -1
310, 246, -1
299, 246, -1
332, 5, -1
334, 222, -1
144, 61, -1
299, 84, -1
289, 61, -1
50, 292, -1
5, 302, -1
299, 93, -1
310, 93, -1
323, 212, -1
50, 301, -1
61, 301, -1
144, 317, -1
50, 310, -1
61, 310, -1
294, 5, -1
50, 319, -1
61, 319, -1
275, 1, -1
323, 50, -1
275, 19, -1
19, 331, -1
84, 317, -1
67, 246, -1
89, 246, -1
275, 284, -1
288, 83, -1
289, 20, -1
212, 84, -1
212, 93, -1
331, 44, -1
334, 55, -1
310, 97, -1
144, 312, -1
299, 97, -1
19, 299, -1
272, 89, -1
272, 98, -1
275, 5, -1
5, 144, -1
2, 246, -1
19, 317, -1
84, 294, -1
37, 222, -1
331, 3, -1
64, 315, -1
212, 61, -1
246, 319, -1
3, 323, -1
37, 334, -1
3, 332, -1
144, 289, -1
98, 331, -1
334, 50, -1
310, 83, -1
299, 83, -1
292, 44, -1
19, 285, -1
272, 84, -1
19, 294, -1
272, 93, -1
272, 331, -1
19, 312, -1
84, 289, -1
288, 37, -1
288, 55, -1
44, 332, -1
288, 64, -1
294, 98, -1
37, 302, -1
289, 1, -1
312, 3, -1
310, 222, -1
299, 222, -1
144, 19, -1
289, 19, -1
144, 37, -1
334, 27, -1
289, 37, -1
332, 246, -1
289, 275, -1
98, 317, -1
144, 284, -1
144, 55, -1
272, 61, -1
144, 302, -1
19, 289, -1
284, 44, -1
27, 302, -1
332, 93, -1
272, 97, -1
323, 44, -1
294, 246, -1
84, 284, -1
67, 222, -1
89, 222, -1
84, 302, -1
288, 50, -1
294, 84, -1
302, 97, -1
294, 93, -1
275, 89, -1
331, 2, -1
275, 98, -1
144, 5, -1
289, 5, -1
5, 246, -1
331, 20, -1
98, 294, -1
310, 55, -1
299, 55, -1
67, 334, -1
3, 331, -1
89, 334, -1
212, 334, -1
144, 288, -1
323, 3, -1
19, 275, -1
19, 284, -1
272, 312, -1
272, 83, -1
2, 222, -1
292, 61, -1
288, 27, -1
212, 37, -1
275, 84, -1
222, 319, -1
294, 97, -1
275, 93, -1
212, 55, -1
2, 334, -1
37, 301, -1
312, 2, -1
3, 299, -1
84, 144, -1
310, 212, -1
37, 310, -1
299, 212, -1
97, 315, -1
212, 302, -1
98, 289, -1
37, 319, -1
3, 317, -1
144, 27, -1
299, 50, -1
310, 50, -1
333, 61, -1
292, 20, -1
334, 44, -1
144, 292, -1
19, 288, -1
284, 61, -1
272, 334, -1
67, 212, -1
89, 212, -1
2, 302, -1
44, 317, -1
19, 144, -1
294, 83, -1
3, 285, -1
333, 20, -1
333, 84, -1
222, 332, -1
333, 212, -1
61, 299, -1
212, 98, -1
5, 275, -1
292, 97, -1
5, 284, -1
284, 212, -1
246, 292, -1
222, 334, -1
61, 292, -1
317, 44, -1
285, 2, -1
301, 20, -1
246, 84, -1
301, 84, -1
331, 97, -1
5, 323, -1
285, 20, -1
5, 332, -1
285, 84, -1
285, 212, -1
332, 98, -1
333, 97, -1
285, 50, -1
292, 1, -1
50, 312, -1
222, 302, -1
37, 275, -1
37, 284, -1
284, 97, -1
285, 98, -1
55, 310, -1
333, 44, -1
37, 323, -1
37, 332, -1
333, 1, -1
246, 97, -1
301, 97, -1
319, 84, -1
55, 294, -1
285, 27, -1
284, 1, -1
332, 50, -1
323, 1, -1
93, 332, -1
212, 97, -1
2, 312, -1
317, 98, -1
301, 1, -1
222, 98, -1
5, 212, -1
5, 331, -1
61, 275, -1
317, 27, -1
61, 284, -1
323, 97, -1
222, 292, -1
5, 315, -1
246, 332, -1
61, 323, -1
222, 310, -1
317, 20, -1
61, 332, -1
317, 84, -1
317, 212, -1
93, 284, -1
222, 84, -1
285, 97, -1
331, 64, -1
5, 299, -1
222, 294, -1
332, 1, -1
37, 331, -1
275, 315, -1
301, 44, -1
55, 302, -1
292, 50, -1
5, 292, -1
285, 44, -1
37, 315, -1
285, 1, -1
55, 332, -1
299, 64, -1
98, 312, -1
285, 19, -1
285, 83, -1
292, 98, -1
317, 97, -1
285, 275, -1
37, 299, -1
222, 97, -1
332, 97, -1
20, 212, -1
285, 3, -1
55, 334, -1
285, 67, -1
302, 83, -1
334, 97, -1
37, 292, -1
284, 50, -1
289, 64, -1
333, 98, -1
317, 1, -1
61, 212, -1
61, 331, -1
37, 212, -1
317, 83, -1
317, 19, -1
317, 275, -1
93, 292, -1
284, 98, -1
334, 1, -1
317, 3, -1
61, 315, -1
317, 67, -1
246, 98, -1
323, 64, -1
301, 98, -1
212, 50, -1
331, 1, -1
98, 288, -1
222, 1, -1
212, 1, -1
301, 19, -1
301, 3, -1
301, 212, -1
301, 83, -1
301, 67, -1
222, 289, -1
246, 44, -1
2, 288, -1
50, 288, -1
93, 212, -1
301, 275, -1
222, 44, -1
301, 27, -1
246, 1, -1

102, 93, 1
102, 1, 1
102, 2, 1
102, 67, 1
102, 44, 1
102, 55, 1
102, 50, 1
102, 61, 1
102, 84, 1
102, 37, 1
102, 5, 1
102, 20, 1
102, 3, 1
102, 89, 1
102, 19, 1
102, 98, 1
102, 64, 1
102, 27, 1
102, 97, 1
102, 83, 1
307, 289, 1
307, 301, 1
307, 288, 1
307, 334, 1
307, 319, 1
307, 331, 1
307, 310, 1
307, 299, 1
307, 294, 1
307, 284, 1
307, 312, 1
307, 285, 1
307, 333, 1
307, 323, 1
307, 292, 1
307, 317, 1
307, 332, 1
307, 302, 1
307, 315, 1
264, 275, 1
264, 272, 1
146, 212, 1
146, 144, 1
101, 93, 1
101, 1, 1
101, 2, 1
101, 67, 1
101, 44, 1
101, 55, 1
101, 50, 1
101, 61, 1
101, 84, 1
101, 37, 1
101, 5, 1
101, 20, 1
101, 3, 1
101, 89, 1
101, 19, 1
101, 98, 1
101, 64, 1
101, 27, 1
101, 97, 1
101, 83, 1
101, 102, 1
98, 37, 1
98, 55, 1
299, 292, 1
333, 294, 1
5, 83, 1
299, 301, 1
299, 310, 1
5, 101, 1
310, 319, 1
299, 319, 1
284, 285, 1
332, 334, 1
93, 61, 1
284, 294, 1
323, 285, 1
67, 27, 1
98, 5, 1
97, 67, 1
301, 333, 1
312, 333, 1
27, 93, 1
64, 2, 1
27, 102, 1
292, 284, 1
2, 27, 1
64, 20, 1
37, 3, 1
84, 93, 1
3, 19, 1
84, 102, 1
97, 44, 1
3, 37, 1
1, 67, 1
98, 27, 1
5, 55, 1
83, 20, 1
331, 323, 1
331, 332, 1
19, 84, 1
19, 93, 1
44, 37, 1
19, 102, 1
332, 333, 1
3, 5, 1
302, 319, 1
67, 44, 1
89, 44, 1
5, 50, 1
50, 67, 1
44, 5, 1
332, 292, 1
312, 323, 1
27, 83, 1
332, 301, 1
312, 332, 1
332, 310, 1
93, 37, 1
64, 1, 1
27, 101, 1
332, 319, 1
93, 55, 1
67, 3, 1
89, 3, 1
317, 294, 1
84, 101, 1
294, 319, 1
5, 27, 1
1, 84, 1
98, 102, 1
93, 5, 1
2, 3, 1
19, 83, 1
289, 334, 1
97, 2, 1
19, 101, 1
97, 20, 1
323, 332, 1
98, 3, 1
1, 61, 1
27, 55, 1
331, 317, 1
61, 84, 1
312, 331, 1
84, 55, 1
20, 61, 1
89, 2, 1
64, 67, 1
67, 20, 1
89, 20, 1
315, 323, 1
315, 332, 1
144, 212, 1
3, 84, 1
288, 333, 1
3, 93, 1
3, 102, 1
331, 285, 1
5, 44, 1
98, 83, 1
331, 294, 1
98, 101, 1
312, 299, 1
50, 61, 1
19, 55, 1
301, 317, 1
312, 317, 1
289, 333, 1
97, 1, 1
44, 93, 1
44, 102, 1
5, 3, 1
64, 89, 1
288, 319, 1
64, 98, 1
50, 20, 1
61, 20, 1
301, 285, 1
312, 285, 1
289, 292, 1
301, 294, 1
312, 294, 1
289, 301, 1
289, 310, 1
289, 319, 1
1, 19, 1
89, 1, 1
323, 317, 1
93, 102, 1
1, 37, 1
64, 84, 1
315, 331, 1
288, 323, 1
3, 83, 1
288, 332, 1
3, 101, 1
285, 317, 1
331, 284, 1
19, 27, 1
312, 289, 1
331, 302, 1
20, 37, 1
83, 84, 1
1, 5, 1
323, 294, 1
292, 334, 1
315, 299, 1
64, 61, 1
37, 44, 1
44, 101, 1
315, 317, 1
5, 2, 1
98, 50, 1
285, 294, 1
50, 19, 1
61, 19, 1
50, 37, 1
61, 37, 1
312, 284, 1
27, 44, 1
20, 5, 1
299, 323, 1
333, 334, 1
299, 332, 1
83, 61, 1
292, 302, 1
84, 44, 1
315, 285, 1
315, 294, 1
93, 101, 1
284, 334, 1
3, 55, 1
89, 67, 1
50, 5, 1
61, 5, 1
97, 98, 1
333, 302, 1
19, 44, 1
334, 294, 1
44, 55, 1
323, 284, 1
284, 302, 1
315, 289, 1
2, 67, 1
323, 302, 1
292, 333, 1
288, 299, 1
1, 98, 1
97, 84, 1
288, 317, 1
97, 93, 1
285, 302, 1
98, 67, 1
89, 98, 1
299, 331, 1
64, 19, 1
292, 301, 1
2, 44, 1
292, 310, 1
64, 37, 1
37, 20, 1
292, 319, 1
315, 284, 1
3, 27, 1
315, 302, 1
288, 285, 1
97, 61, 1
288, 294, 1
1, 93, 1
98, 44, 1
1, 102, 1
67, 84, 1
89, 84, 1
27, 20, 1
333, 310, 1
83, 37, 1
333, 319, 1
299, 317, 1
64, 5, 1
20, 84, 1
284, 301, 1
20, 93, 1
284, 310, 1
20, 102, 1
288, 289, 1
317, 334, 1
67, 61, 1
89, 61, 1
83, 5, 1
5, 67, 1
299, 285, 1
310, 294, 1
299, 294, 1
50, 84, 1
50, 93, 1
61, 93, 1
50, 102, 1
61, 102, 1
64, 27, 1
37, 19, 1
317, 302, 1
2, 61, 1
288, 284, 1
3, 44, 1
1, 83, 1
1, 101, 1
299, 289, 1
2, 20, 1
37, 5, 1
97, 19, 1
97, 37, 1
98, 2, 1
20, 101, 1
97, 55, 1
98, 20, 1
299, 284, 1
5, 84, 1
310, 302, 1
299, 302, 1
50, 83, 1
331, 334, 1
61, 83, 1
50, 101, 1
61, 101, 1
332, 317, 1
93, 44, 1
97, 5, 1
67, 19, 1
89, 19, 1
64, 93, 1
1, 55, 1
317, 310, 1
67, 37, 1
89, 37, 1
317, 319, 1
64, 102, 1
5, 61, 1
332, 285, 1
332, 294, 1
289, 323, 1
289, 332, 1
301, 334, 1
312, 334, 1
83, 93, 1
2, 19, 1
20, 55, 1
83, 102, 1
2, 37, 1
67, 5, 1
89, 5, 1
97, 27, 1
1, 50, 1
64, 97, 1
5, 20, 1
50, 55, 1
61, 55, 1
301, 302, 1
312, 302, 1
272, 275, 1
331, 333, 1
2, 5, 1
1, 27, 1
64, 83, 1
323, 334, 1
89, 27, 1
64, 101, 1
37, 84, 1
288, 331, 1
37, 93, 1
37, 102, 1
331, 292, 1
312, 288, 1
285, 334, 1
331, 301, 1
331, 310, 1
331, 319, 1
332, 284, 1
312, 315, 1
93, 20, 1
27, 84, 1
332, 302, 1
289, 331, 1
83, 101, 1
294, 302, 1
315, 334, 1
5, 19, 1
97, 102, 1
50, 27, 1
61, 27, 1
5, 37, 1
312, 292, 1
312, 301, 1
27, 61, 1
301, 310, 1
312, 310, 1
289, 317, 1
301, 319, 1
312, 319, 1
84, 61, 1
64, 55, 1
97, 3, 1
284, 333, 1
1, 44, 1
323, 333, 1
37, 83, 1
67, 93, 1
89, 93, 1
37, 101, 1
67, 102, 1
89, 102, 1
289, 285, 1
285, 333, 1
289, 294, 1
83, 55, 1
334, 302, 1
19, 61, 1
20, 44, 1
1, 3, 1
323, 292, 1
64, 50, 1
323, 301, 1
284, 319, 1
323, 310, 1
2, 84, 1
323, 319, 1
2, 93, 1
2, 102, 1
315, 333, 1
97, 83, 1
97, 101, 1
288, 334, 1
89, 97, 1
285, 310, 1
19, 20, 1
285, 319, 1
98, 84, 1
50, 44, 1
61, 44, 1
98, 93, 1
315, 292, 1
315, 301, 1
315, 310, 1
37, 55, 1
315, 319, 1
288, 302, 1
50, 3, 1
61, 3, 1
67, 83, 1
89, 83, 1
98, 61, 1
67, 101, 1
89, 101, 1
27, 37, 1
289, 284, 1
289, 302, 1
299, 334, 1
334, 310, 1
84, 37, 1
334, 319, 1
1, 2, 1
1, 20, 1
2, 83, 1
2, 101, 1
288, 315, 1
27, 5, 1
5, 93, 1
19, 37, 1
84, 5, 1
5, 102, 1
292, 317, 1
64, 44, 1
37, 27, 1
97, 50, 1
288, 292, 1
67, 55, 1
89, 55, 1
288, 301, 1
3, 61, 1
288, 310, 1
50, 2, 1
19, 5, 1
333, 317, 1
83, 44, 1
64, 3, 1
292, 285, 1
299, 333, 1
292, 294, 1
44, 61, 1
2, 55, 1
3, 20, 1
284, 317, 1
93, 84, 1
98, 19, 1
89, 50, 1
302, 288, 1
84, 20, 1
27, 50, 1
294, 284, 1
284, 292, 1
83, 3, 1
333, 285, 1
83, 67, 1
289, 315, 1
19, 64, 1
310, 292, 1
310, 301, 1
37, 97, 1
334, 332, 1
67, 98, 1
294, 323, 1
44, 20, 1
44, 84, 1
294, 332, 1
301, 292, 1
1, 97, 1
289, 299, 1
323, 331, 1
19, 2, 1
2, 50, 1
310, 285, 1
3, 97, 1
310, 312, 1
294, 334, 1
285, 331, 1
323, 315, 1
331, 307, 1
19, 50, 1
2, 98, 1
288, 312, 1
20, 97, 1
285, 315, 1
323, 299, 1
83, 98, 1
302, 331, 1
67, 1, 1
19, 98, 1
44, 97, 1
310, 317, 1
27, 1, 1
3, 1, 1
37, 67, 1
310, 289, 1
285, 299, 1
302, 315, 1
83, 27, 1
310, 307, 1
299, 307, 1
302, 333, 1
292, 332, 1
317, 331, 1
50, 97, 1
61, 97, 1
20, 1, 1
312, 307, 1
288, 307, 1
3, 67, 1
83, 2, 1
302, 299, 1
333, 284, 1
285, 292, 1
285, 301, 1
44, 1, 1
302, 317, 1
317, 315, 1
67, 97, 1
27, 97, 1
294, 331, 1
93, 97, 1
83, 50, 1
333, 332, 1
289, 307, 1
302, 292, 1
302, 301, 1
310, 284, 1
317, 299, 1
302, 310, 1
84, 97, 1
294, 315, 1
301, 284, 1
294, 333, 1
284, 332, 1
310, 323, 1
302, 285, 1
2, 97, 1
310, 332, 1
302, 294, 1
317, 292, 1
61, 67, 1
294, 299, 1
317, 301, 1
302, 312, 1
3, 89, 1
27, 19, 1
294, 317, 1
301, 332, 1
323, 307, 1
5, 98, 1
19, 97, 1
334, 292, 1
310, 334, 1
317, 285, 1
294, 292, 1
27, 3, 1
310, 288, 1
27, 67, 1
294, 301, 1
294, 310, 1
285, 307, 1
302, 323, 1
2, 1, 1
317, 333, 1
3, 2, 1
302, 289, 1
294, 285, 1
272, 264, 1
302, 307, 1
19, 1, 1
317, 332, 1
37, 98, 1
289, 288, 1
3, 50, 1
37, 61, 1
285, 284, 1
331, 315, 1
50, 98, 1
19, 3, 1
19, 67, 1
27, 89, 1
27, 98, 1
3, 98, 1
93, 98, 1
83, 97, 1
285, 323, 1
302, 284, 1
285, 332, 1
331, 299, 1
310, 331, 1
98, 97, 1
294, 289, 1
84, 98, 1
294, 307, 1
144, 146, 1
5, 97, 1
299, 315, 1
302, 332, 1
310, 315, 1
67, 2, 1
317, 284, 1
310, 333, 1
44, 98, 1
27, 2, 1
333, 292, 1
83, 19, 1
333, 301, 1
310, 299, 1
19, 89, 1
317, 323, 1
302, 334, 1
67, 50, 1
61, 98, 1
319, 332, 1
334, 299, 1
93, 1, 1
289, 312, 1
5, 1, 1
55, 84, 1
334, 317, 1
317, 307, 1
323, 289, 1
301, 323, 1
334, 323, 1
84, 50, 1
84, 1, 1
334, 289, 1
3, 64, 1
334, 301, 1
334, 307, 1
44, 50, 1
27, 64, 1
301, 307, 1
315, 307, 1
20, 98, 1
334, 331, 1
331, 289, 1
334, 285, 1
294, 288, 1
83, 1, 1
50, 1, 1
61, 1, 1
334, 315, 1
98, 1, 1
294, 312, 1
334, 333, 1
334, 284, 1
20, 50, 1
102, 289, -1
102, 301, -1
102, 288, -1
102, 334, -1
102, 319, -1
102, 331, -1
102, 310, -1
102, 299, -1
102, 294, -1
102, 284, -1
102, 312, -1
102, 285, -1
102, 333, -1
102, 323, -1
102, 292, -1
102, 317, -1
102, 332, -1
102, 302, -1
102, 315, -1
102, 222, -1
102, 212, -1
102, 144, -1
102, 275, -1
102, 272, -1
102, 246, -1
307, 93, -1
307, 1, -1
307, 2, -1
307, 67, -1
307, 44, -1
307, 55, -1
307, 50, -1
307, 61, -1
307, 84, -1
307, 37, -1
307, 5, -1
307, 20, -1
307, 3, -1
307, 89, -1
307, 19, -1
307, 98, -1
307, 64, -1
307, 27, -1
307, 97, -1
307, 83, -1
307, 102, -1
307, 222, -1
307, 212, -1
307, 144, -1
307, 275, -1
307, 272, -1
307, 246, -1
264, 289, -1
264, 301, -1
264, 288, -1
264, 334, -1
264, 319, -1
264, 331, -1
264, 310, -1
264, 299, -1
264, 294, -1
264, 284, -1
264, 312, -1
264, 285, -1
264, 333, -1
264, 323, -1
264, 292, -1
264, 317, -1
264, 332, -1
264, 302, -1
264, 315, -1
264, 307, -1
264, 93, -1
264, 1, -1
264, 2, -1
264, 67, -1
264, 44, -1
264, 55, -1
264, 50, -1
264, 61, -1
264, 84, -1
264, 37, -1
264, 5, -1
264, 20, -1
264, 3, -1
264, 89, -1
264, 19, -1
264, 98, -1
264, 64, -1
264, 27, -1
264, 97, -1
264, 83, -1
264, 102, -1
264, 222, -1
264, 212, -1
264, 144, -1
264, 246, -1
146, 289, -1
146, 301, -1
146, 288, -1
146, 334, -1
146, 319, -1
146, 331, -1
146, 310, -1
146, 299, -1
146, 294, -1
146, 284, -1
146, 312, -1
146, 285, -1
146, 333, -1
146, 323, -1
146, 292, -1
146, 317, -1
146, 332, -1
146, 302, -1
146, 315, -1
146, 307, -1
146, 93, -1
146, 1, -1
146, 2, -1
146, 67, -1
146, 44, -1
146, 55, -1
146, 50, -1
146, 61, -1
146, 84, -1
146, 37, -1
146, 5, -1
146, 20, -1
146, 3, -1
146, 89, -1
146, 19, -1
146, 98, -1
146, 64, -1
146, 27, -1
146, 97, -1
146, 83, -1
146, 102, -1
146, 222, -1
146, 275, -1
146, 272, -1
146, 264, -1
146, 246, -1
101, 289, -1
101, 301, -1
101, 288, -1
101, 334, -1
101, 319, -1
101, 331, -1
101, 310, -1
101, 299, -1
101, 294, -1
101, 284, -1
101, 312, -1
101, 285, -1
101, 333, -1
101, 323, -1
101, 292, -1
101, 317, -1
101, 332, -1
101, 302, -1
101, 315, -1
101, 307, -1
101, 222, -1
101, 212, -1
101, 144, -1
101, 146, -1
101, 275, -1
101, 272, -1
101, 264, -1
101, 246, -1
294, 101, -1
3, 294, -1
97, 310, -1
98, 275, -1
310, 27, -1
323, 146, -1
97, 319, -1
98, 284, -1
334, 3, -1
67, 315, -1
89, 315, -1
3, 312, -1
332, 222, -1
98, 302, -1
272, 37, -1
67, 333, -1
89, 333, -1
272, 55, -1
284, 20, -1
323, 2, -1
289, 98, -1
272, 64, -1
272, 302, -1
323, 20, -1
294, 222, -1
317, 44, -1
44, 285, -1
302, 55, -1
302, 64, -1
44, 294, -1
285, 2, -1
93, 317, -1
285, 20, -1
312, 212, -1
2, 315, -1
275, 83, -1
5, 222, -1
3, 289, -1
67, 292, -1
89, 292, -1
212, 292, -1
67, 301, -1
89, 301, -1
212, 301, -1
3, 307, -1
67, 310, -1
89, 310, -1
97, 323, -1
289, 246, -1
212, 310, -1
67, 319, -1
89, 319, -1
64, 146, -1
27, 246, -1
315, 146, -1
61, 292, -1
332, 55, -1
272, 50, -1
289, 84, -1
272, 288, -1
289, 93, -1
5, 334, -1
292, 37, -1
315, 2, -1
289, 102, -1
144, 102, -1
84, 246, -1
272, 315, -1
288, 3, -1
275, 222, -1
302, 50, -1
272, 144, -1
294, 55, -1
2, 292, -1
294, 64, -1
2, 301, -1
64, 285, -1
2, 310, -1
3, 275, -1
275, 307, -1
2, 319, -1
3, 284, -1
1, 323, -1
144, 3, -1
275, 334, -1
1, 332, -1
333, 37, -1
334, 2, -1
331, 67, -1
310, 44, -1
299, 44, -1
89, 323, -1
98, 292, -1
292, 5, -1
272, 27, -1
19, 246, -1
144, 97, -1
272, 292, -1
289, 97, -1
272, 301, -1
272, 310, -1
44, 284, -1
275, 37, -1
294, 50, -1
317, 61, -1
275, 55, -1
20, 332, -1
275, 64, -1
275, 302, -1
5, 212, -1
310, 3, -1
333, 5, -1
288, 101, -1
3, 288, -1
312, 67, -1
284, 5, -1
144, 83, -1
5, 315, -1
289, 83, -1
50, 323, -1
5, 333, -1
144, 101, -1
61, 323, -1
289, 101, -1
50, 332, -1
288, 222, -1
61, 332, -1
317, 20, -1
294, 27, -1
288, 2, -1
93, 284, -1
93, 302, -1
275, 288, -1
98, 246, -1
275, 315, -1
144, 222, -1
97, 299, -1
289, 222, -1
27, 222, -1
312, 44, -1
301, 44, -1
1, 331, -1
5, 292, -1
5, 301, -1
97, 146, -1
331, 84, -1
5, 310, -1
84, 222, -1
5, 319, -1
144, 334, -1
27, 334, -1
323, 67, -1
302, 44, -1
299, 146, -1
275, 27, -1
275, 292, -1
84, 334, -1
275, 301, -1
1, 299, -1
310, 2, -1
97, 285, -1
275, 310, -1
299, 2, -1
285, 67, -1
275, 319, -1
1, 317, -1
272, 3, -1
212, 101, -1
19, 222, -1
331, 61, -1
289, 55, -1
144, 64, -1
332, 44, -1
292, 246, -1
302, 3, -1
89, 146, -1
288, 212, -1
50, 331, -1
292, 84, -1
61, 331, -1
37, 212, -1
292, 93, -1
19, 334, -1
317, 37, -1
212, 222, -1
292, 102, -1
315, 67, -1
294, 44, -1
93, 292, -1
20, 317, -1
3, 246, -1
323, 98, -1
1, 285, -1
319, 55, -1
64, 332, -1
1, 294, -1
289, 212, -1
89, 285, -1
27, 212, -1
333, 246, -1
37, 333, -1
144, 50, -1
289, 50, -1
333, 84, -1
312, 61, -1
301, 61, -1
333, 93, -1
50, 299, -1
61, 299, -1
333, 102, -1
334, 67, -1
144, 315, -1
284, 246, -1
19, 302, -1
294, 3, -1
50, 317, -1
44, 246, -1
61, 317, -1
27, 315, -1
144, 333, -1
317, 5, -1
272, 101, -1
20, 285, -1
27, 333, -1
284, 84, -1
83, 332, -1
20, 294, -1
284, 93, -1
323, 84, -1
284, 102, -1
98, 222, -1
84, 333, -1
1, 289, -1
312, 20, -1
301, 20, -1
272, 222, -1
1, 307, -1
289, 27, -1
272, 2, -1
285, 84, -1
50, 285, -1
61, 285, -1
98, 334, -1
144, 301, -1
27, 292, -1
50, 294, -1
61, 294, -1
144, 310, -1
27, 301, -1
302, 2, -1
144, 319, -1
93, 246, -1
27, 310, -1
264, 146, -1
27, 319, -1
302, 20, -1
275, 3, -1
19, 315, -1
323, 61, -1
84, 292, -1
19, 333, -1
84, 301, -1
292, 101, -1
84, 310, -1
84, 319, -1
55, 246, -1
315, 84, -1
1, 275, -1
288, 67, -1
1, 284, -1
64, 331, -1
285, 61, -1
1, 302, -1
37, 323, -1
331, 37, -1
37, 332, -1
212, 333, -1
332, 20, -1
292, 222, -1
144, 67, -1
2, 212, -1
333, 101, -1
19, 292, -1
50, 307, -1
61, 307, -1
19, 301, -1
294, 2, -1
144, 323, -1
19, 310, -1
144, 332, -1
19, 319, -1
20, 284, -1
83, 331, -1
3, 222, -1
315, 61, -1
288, 44, -1
20, 302, -1
64, 299, -1
98, 212, -1
331, 5, -1
2, 333, -1
64, 317, -1
312, 1, -1
333, 222, -1
275, 101, -1
272, 212, -1
312, 19, -1
97, 332, -1
212, 319, -1
3, 334, -1
312, 37, -1
144, 44, -1
310, 67, -1
98, 315, -1
289, 44, -1
50, 275, -1
299, 67, -1
312, 275, -1
61, 275, -1
50, 284, -1
61, 284, -1
98, 333, -1
284, 222, -1
44, 222, -1
334, 61, -1
50, 302, -1
302, 1, -1
292, 55, -1
315, 20, -1
83, 299, -1
61, 302, -1
144, 246, -1
272, 333, -1
317, 246, -1
83, 317, -1
64, 294, -1
317, 84, -1
317, 93, -1
44, 334, -1
64, 312, -1
317, 102, -1
3, 302, -1
312, 5, -1
289, 3, -1
301, 5, -1
67, 323, -1
333, 55, -1
334, 20, -1
67, 332, -1
89, 332, -1
98, 301, -1
98, 310, -1
212, 332, -1
37, 331, -1
98, 319, -1
93, 222, -1
310, 89, -1
284, 37, -1
83, 285, -1
83, 294, -1
272, 319, -1
284, 55, -1
323, 37, -1
312, 144, -1
44, 302, -1
64, 289, -1
285, 19, -1
93, 334, -1
212, 44, -1
2, 323, -1
64, 307, -1
285, 37, -1
246, 55, -1
2, 332, -1
37, 299, -1
37, 317, -1
3, 315, -1
97, 331, -1
288, 146, -1
3, 333, -1
331, 98, -1
98, 323, -1
323, 5, -1
310, 84, -1
272, 67, -1
98, 332, -1
144, 299, -1
275, 212, -1
272, 323, -1
83, 307, -1
272, 332, -1
315, 37, -1
288, 20, -1
302, 67, -1
64, 275, -1
289, 146, -1
285, 5, -1
1, 246, -1
64, 284, -1
64, 302, -1
37, 285, -1
44, 333, -1
317, 101, -1
3, 292, -1
37, 294, -1
144, 2, -1
275, 333, -1
3, 301, -1
289, 2, -1
331, 246, -1
97, 317, -1
334, 1, -1
3, 310, -1
144, 20, -1
3, 319, -1
334, 19, -1
67, 331, -1
89, 331, -1
310, 61, -1
272, 44, -1
299, 61, -1
331, 93, -1
334, 37, -1
312, 89, -1
331, 102, -1
144, 285, -1
93, 212, -1
312, 98, -1
83, 275, -1
144, 294, -1
315, 5, -1
20, 246, -1
83, 284, -1
317, 222, -1
83, 302, -1
44, 292, -1
44, 301, -1
84, 285, -1
294, 67, -1
44, 310, -1
64, 288, -1
44, 319, -1
302, 89, -1
93, 333, -1
302, 98, -1
97, 294, -1
2, 331, -1
310, 20, -1
67, 299, -1
299, 20, -1
89, 299, -1
301, 246, -1
312, 246, -1
334, 5, -1
67, 317, -1
50, 246, -1
61, 246, -1
89, 317, -1
212, 317, -1
64, 144, -1
312, 84, -1
301, 84, -1
5, 323, -1
312, 93, -1
301, 93, -1
5, 332, -1
301, 102, -1
312, 102, -1
288, 1, -1
93, 301, -1
317, 55, -1
288, 19, -1
93, 310, -1
222, 55, -1
212, 20, -1
93, 319, -1
2, 299, -1
302, 84, -1
288, 275, -1
275, 67, -1
37, 275, -1
97, 289, -1
2, 317, -1
294, 89, -1
67, 285, -1
37, 284, -1
212, 285, -1
275, 323, -1
67, 294, -1
89, 294, -1
144, 1, -1
97, 307, -1
212, 294, -1
275, 332, -1
285, 98, -1
333, 44, -1
55, 319, -1
98, 299, -1
331, 83, -1
331, 101, -1
312, 97, -1
272, 299, -1
323, 246, -1
332, 84, -1
272, 317, -1
288, 5, -1
1, 222, -1
302, 61, -1
275, 44, -1
272, 146, -1
323, 93, -1
2, 285, -1
2, 294, -1
323, 102, -1
315, 98, -1
97, 275, -1
285, 246, -1
97, 284, -1
310, 1, -1
331, 222, -1
93, 332, -1
89, 289, -1
97, 302, -1
310, 19, -1
19, 212, -1
67, 307, -1
89, 307, -1
1, 334, -1
310, 37, -1
299, 37, -1
272, 20, -1
98, 285, -1
285, 93, -1
285, 102, -1
288, 144, -1
312, 83, -1
20, 222, -1
272, 285, -1
332, 61, -1
272, 294, -1
5, 331, -1
312, 101, -1
334, 98, -1
315, 246, -1
64, 246, -1
294, 61, -1
315, 93, -1
20, 334, -1
315, 102, -1
2, 307, -1
67, 275, -1
89, 275, -1
310, 5, -1
299, 5, -1
67, 284, -1
89, 284, -1
301, 222, -1
212, 284, -1
312, 222, -1
50, 222, -1
61, 222, -1
275, 331, -1
67, 302, -1
331, 55, -1
89, 302, -1
334, 246, -1
5, 299, -1
289, 67, -1
83, 246, -1
5, 317, -1
272, 289, -1
334, 84, -1
27, 323, -1
334, 93, -1
294, 20, -1
27, 332, -1
50, 334, -1
61, 334, -1
334, 102, -1
1, 212, -1
2, 275, -1
284, 101, -1
323, 83, -1
212, 5, -1
2, 284, -1
323, 101, -1
84, 332, -1
275, 61, -1
275, 299, -1
331, 212, -1
288, 89, -1
288, 98, -1
97, 292, -1
275, 317, -1
1, 315, -1
272, 1, -1
301, 37, -1
331, 50, -1
285, 83, -1
5, 285, -1
1, 333, -1
301, 55, -1
312, 55, -1
272, 19, -1
5, 294, -1
285, 101, -1
312, 64, -1
20, 212, -1
323, 222, -1
144, 89, -1
272, 284, -1
302, 19, -1
144, 98, -1
19, 323, -1
334, 97, -1
302, 37, -1
275, 20, -1
19, 332, -1
288, 246, -1
285, 222, -1
37, 246, -1
315, 83, -1
275, 285, -1
20, 333, -1
275, 294, -1
315, 101, -1
1, 292, -1
288, 84, -1
288, 93, -1
1, 301, -1
275, 312, -1
50, 212, -1
288, 102, -1
1, 310, -1
61, 212, -1
1, 319, -1
272, 5, -1
312, 50, -1
332, 37, -1
5, 307, -1
310, 98, -1
299, 98, -1
144, 84, -1
302, 5, -1
294, 1, -1
50, 315, -1
144, 93, -1
315, 222, -1
334, 83, -1
64, 222, -1
144, 331, -1
61, 315, -1
323, 55, -1
50, 333, -1
61, 333, -1
3, 212, -1
294, 19, -1
27, 331, -1
20, 292, -1
334, 101, -1
294, 37, -1
20, 301, -1
93, 285, -1
97, 246, -1
20, 310, -1
93, 294, -1
288, 61, -1
20, 319, -1
275, 289, -1
285, 55, -1
64, 334, -1
307, 101, -1
288, 97, -1
312, 27, -1
310, 246, -1
299, 246, -1
332, 5, -1
212, 98, -1
334, 222, -1
5, 275, -1
83, 222, -1
5, 284, -1
144, 61, -1
299, 84, -1
289, 61, -1
50, 292, -1
5, 302, -1
310, 93, -1
299, 93, -1
323, 212, -1
50, 301, -1
61, 301, -1
27, 299, -1
310, 102, -1
299, 102, -1
50, 310, -1
61, 310, -1
144, 317, -1
294, 5, -1
50, 319, -1
61, 319, -1
27, 317, -1
323, 50, -1
302, 27, -1
315, 55, -1
19, 331, -1
83, 334, -1
275, 19, -1
84, 317, -1
67, 246, -1
89, 246, -1
275, 284, -1
212, 246, -1
285, 50, -1
288, 83, -1
289, 20, -1
212, 84, -1
212, 93, -1
331, 44, -1
212, 102, -1
27, 285, -1
334, 55, -1
27, 294, -1
310, 97, -1
144, 312, -1
315, 212, -1
272, 89, -1
19, 299, -1
64, 212, -1
27, 312, -1
272, 98, -1
275, 5, -1
19, 317, -1
2, 246, -1
315, 50, -1
37, 222, -1
84, 294, -1
285, 27, -1
64, 315, -1
212, 61, -1
37, 307, -1
64, 333, -1
246, 319, -1
3, 323, -1
3, 332, -1
37, 334, -1
83, 212, -1
275, 144, -1
272, 246, -1
144, 289, -1
98, 331, -1
334, 50, -1
310, 83, -1
27, 289, -1
292, 44, -1
299, 83, -1
19, 285, -1
144, 307, -1
299, 101, -1
272, 84, -1
19, 294, -1
27, 307, -1
310, 101, -1
272, 93, -1
302, 246, -1
272, 331, -1
19, 312, -1
83, 315, -1
272, 102, -1
97, 222, -1
288, 37, -1
83, 333, -1
64, 292, -1
302, 93, -1
288, 55, -1
64, 301, -1
44, 332, -1
302, 102, -1
294, 98, -1
288, 64, -1
64, 310, -1
64, 319, -1
37, 302, -1
289, 1, -1
312, 3, -1
310, 222, -1
299, 222, -1
144, 19, -1
289, 19, -1
97, 334, -1
144, 37, -1
334, 27, -1
289, 37, -1
332, 246, -1
289, 275, -1
98, 317, -1
144, 284, -1
144, 275, -1
27, 275, -1
144, 55, -1
272, 61, -1
1, 146, -1
27, 284, -1
144, 302, -1
19, 289, -1
284, 44, -1
83, 292, -1
332, 93, -1
27, 302, -1
146, 101, -1
83, 301, -1
332, 102, -1
19, 307, -1
323, 44, -1
272, 97, -1
331, 146, -1
83, 310, -1
294, 246, -1
83, 319, -1
84, 284, -1
67, 222, -1
89, 222, -1
84, 302, -1
288, 50, -1
294, 84, -1
302, 97, -1
294, 93, -1
331, 2, -1
294, 102, -1
285, 44, -1
144, 5, -1
64, 323, -1
289, 5, -1
5, 246, -1
331, 20, -1
37, 315, -1
98, 294, -1
310, 55, -1
299, 55, -1
3, 331, -1
89, 334, -1
67, 334, -1
310, 64, -1
212, 334, -1
144, 288, -1
19, 275, -1
301, 101, -1
27, 288, -1
19, 284, -1
272, 312, -1
272, 83, -1
2, 222, -1
292, 61, -1
97, 212, -1
315, 44, -1
288, 27, -1
83, 323, -1
312, 146, -1
275, 246, -1
285, 3, -1
302, 83, -1
212, 37, -1
302, 101, -1
275, 84, -1
222, 319, -1
294, 97, -1
37, 292, -1
275, 93, -1
212, 55, -1
2, 334, -1
37, 301, -1
312, 2, -1
3, 299, -1
97, 315, -1
299, 212, -1
37, 310, -1
212, 302, -1
275, 102, -1
37, 319, -1
3, 317, -1
144, 27, -1
310, 50, -1
97, 333, -1
299, 50, -1
98, 307, -1
333, 61, -1
292, 20, -1
264, 101, -1
334, 44, -1
144, 292, -1
302, 222, -1
272, 307, -1
19, 288, -1
332, 101, -1
284, 61, -1
272, 334, -1
67, 212, -1
89, 212, -1
2, 302, -1
44, 317, -1
294, 83, -1
3, 285, -1
212, 50, -1
97, 301, -1
333, 20, -1
275, 97, -1
323, 27, -1
299, 27, -1
222, 332, -1
333, 212, -1
97, 264, -1
19, 146, -1
292, 97, -1
37, 289, -1
284, 212, -1
246, 292, -1
222, 334, -1
97, 312, -1
315, 144, -1
64, 272, -1
288, 264, -1
275, 1, -1
246, 84, -1
331, 97, -1
302, 146, -1
317, 144, -1
315, 64, -1
285, 212, -1
332, 144, -1
332, 98, -1
333, 97, -1
89, 264, -1
292, 1, -1
144, 264, -1
50, 312, -1
27, 264, -1
3, 264, -1
83, 144, -1
20, 289, -1
302, 212, -1
98, 144, -1
284, 97, -1
55, 310, -1
299, 97, -1
89, 312, -1
44, 289, -1
331, 19, -1
319, 246, -1
5, 144, -1
83, 146, -1
331, 275, -1
333, 1, -1
246, 97, -1
301, 97, -1
294, 146, -1
98, 146, -1
319, 84, -1
55, 294, -1
61, 289, -1
50, 289, -1
331, 3, -1
319, 102, -1
284, 1, -1
332, 50, -1
312, 264, -1
323, 1, -1
299, 1, -1
212, 97, -1
2, 312, -1
294, 212, -1
67, 289, -1
299, 19, -1
317, 98, -1
93, 289, -1
299, 275, -1
301, 1, -1
222, 98, -1
310, 275, -1
1, 288, -1
315, 27, -1
37, 144, -1
288, 272, -1
289, 264, -1
84, 289, -1
292, 144, -1
299, 3, -1
55, 289, -1
317, 27, -1
1, 144, -1
64, 264, -1
2, 289, -1
323, 97, -1
331, 144, -1
222, 292, -1
275, 2, -1
3, 144, -1
3, 272, -1
246, 332, -1
222, 310, -1
97, 288, -1
333, 144, -1
317, 212, -1
222, 84, -1
285, 97, -1
331, 64, -1
20, 144, -1
275, 50, -1
97, 144, -1
222, 294, -1
3, 146, -1
332, 1, -1
284, 144, -1
19, 264, -1
44, 144, -1
299, 144, -1
55, 302, -1
275, 89, -1
323, 19, -1
292, 50, -1
275, 98, -1
102, 307, -1
323, 275, -1
315, 97, -1
301, 144, -1
285, 1, -1
55, 332, -1
61, 144, -1
312, 272, -1
299, 64, -1
98, 312, -1
50, 144, -1
89, 288, -1
323, 3, -1
331, 1, -1
292, 98, -1
317, 97, -1
310, 146, -1
285, 275, -1
222, 97, -1
332, 97, -1
67, 144, -1
89, 144, -1
289, 144, -1
144, 272, -1
50, 146, -1
27, 144, -1
93, 144, -1
55, 334, -1
27, 272, -1
302, 275, -1
315, 1, -1
310, 212, -1
83, 289, -1
315, 19, -1
84, 144, -1
289, 64, -1
284, 50, -1
333, 98, -1
98, 289, -1
315, 275, -1
317, 1, -1
331, 27, -1
27, 146, -1
317, 19, -1
317, 83, -1
1, 264, -1
2, 144, -1
315, 3, -1
317, 275, -1
5, 289, -1
284, 98, -1
323, 144, -1
317, 3, -1
317, 67, -1
19, 144, -1
1, 312, -1
246, 98, -1
323, 64, -1
301, 98, -1
285, 144, -1
2, 146, -1
19, 272, -1
294, 275, -1
1, 272, -1
212, 1, -1
301, 3, -1
301, 67, -1
222, 289, -1
37, 146, -1
334, 146, -1
89, 272, -1
61, 146, -1
301, 27, -1
289, 272, -1
307, 146, -1
222, 44, -1
67, 146, -1
2, 288, -1
97, 272, -1
102, 146, -1
5, 146, -1
222, 1, -1
93, 146, -1
301, 212, -1
334, 212, -1
246, 44, -1
50, 288, -1
246, 1, -1
84, 146, -1
98, 288, -1
20, 146, -1
55, 146, -1
301, 19, -1
301, 83, -1
222, 302, -1
301, 275, -1
334, 275, -1
44, 146, -1

