768, 288, -1
1, 288, -1
1, 768, -1
403, 288, -1
403, 768, -1
403, 1, -1
3, 288, -1
3, 768, -1
3, 1, -1
3, 403, -1

404, 403, 1
29, 288, 1
686, 403, 1
686, 404, 1
582, 403, 1
582, 404, 1
582, 686, 1
689, 403, 1
689, 404, 1
689, 686, 1
689, 582, 1
404, 582, 1
403, 686, 1
686, 582, 1
403, 582, 1
404, 686, 1
403, 404, 1
582, 689, 1
404, 288, -1
404, 768, -1
404, 1, -1
404, 3, -1
29, 768, -1
29, 1, -1
29, 403, -1
29, 404, -1
29, 3, -1
686, 288, -1
686, 29, -1
686, 768, -1
686, 1, -1
686, 3, -1
582, 288, -1
582, 29, -1
582, 768, -1
582, 1, -1
582, 3, -1
689, 288, -1
689, 29, -1
689, 768, -1
689, 1, -1
689, 3, -1
768, 689, -1
288, 3, -1
768, 582, -1
403, 29, -1
1, 403, -1
288, 689, -1
288, 686, -1
288, 582, -1
3, 403, -1
403, 1, -1
1, 686, -1
1, 689, -1
768, 404, -1
1, 582, -1
768, 288, -1
3, 686, -1
3, 582, -1
288, 404, -1
288, 1, -1
768, 403, -1
29, 686, -1
1, 404, -1
404, 29, -1
29, 582, -1
288, 403, -1
3, 404, -1
768, 686, -1
3, 29, -1
1, 29, -1
768, 29, -1

445, 403, 1
445, 404, 1
445, 686, 1
445, 582, 1
445, 689, 1
636, 403, 1
636, 404, 1
636, 686, 1
636, 582, 1
636, 689, 1
636, 445, 1
691, 403, 1
691, 404, 1
691, 686, 1
691, 582, 1
691, 689, 1
691, 445, 1
691, 636, 1
586, 403, 1
586, 404, 1
586, 686, 1
586, 582, 1
586, 689, 1
586, 445, 1
586, 636, 1
586, 691, 1
459, 403, 1
459, 404, 1
459, 686, 1
459, 582, 1
459, 689, 1
459, 445, 1
459, 636, 1
459, 691, 1
459, 586, 1
689, 582, 1
403, 691, 1
445, 459, 1
403, 636, 1
403, 459, 1
404, 586, 1
403, 404, 1
636, 691, 1
404, 403, 1
636, 459, 1
689, 691, 1
689, 636, 1
686, 582, 1
689, 459, 1
689, 404, 1
691, 459, 1
404, 686, 1
404, 445, 1
582, 686, 1
404, 689, 1
404, 582, 1
686, 459, 1
689, 586, 1
689, 403, 1
403, 686, 1
403, 445, 1
404, 691, 1
404, 636, 1
404, 459, 1
403, 582, 1
582, 459, 1
689, 686, 1
689, 445, 1
586, 459, 1
582, 586, 1
582, 691, 1
636, 586, 1
582, 404, 1
582, 636, 1
582, 445, 1
686, 445, 1
582, 689, 1
582, 403, 1
445, 288, -1
445, 29, -1
445, 768, -1
445, 1, -1
445, 3, -1
636, 288, -1
636, 29, -1
636, 768, -1
636, 1, -1
636, 3, -1
691, 288, -1
691, 29, -1
691, 768, -1
691, 1, -1
691, 3, -1
586, 288, -1
586, 29, -1
586, 768, -1
586, 1, -1
586, 3, -1
459, 288, -1
459, 29, -1
459, 768, -1
459, 1, -1
459, 3, -1
768, 689, -1
768, 582, -1
1, 586, -1
403, 29, -1
29, 691, -1
1, 403, -1
29, 459, -1
288, 445, -1
29, 404, -1
288, 689, -1
29, 636, -1
288, 686, -1
288, 582, -1
3, 403, -1
689, 29, -1
3, 586, -1
404, 3, -1
1, 686, -1
1, 445, -1
768, 691, -1
1, 689, -1
768, 636, -1
768, 459, -1
1, 582, -1
768, 404, -1
689, 1, -1
3, 686, -1
3, 445, -1
29, 403, -1
3, 689, -1
288, 459, -1
288, 691, -1
29, 586, -1
288, 636, -1
3, 582, -1
288, 404, -1
1, 691, -1
1, 636, -1
768, 403, -1
29, 686, -1
1, 459, -1
29, 445, -1
768, 586, -1
1, 404, -1
404, 29, -1
29, 582, -1
689, 3, -1
3, 691, -1
3, 459, -1
288, 403, -1
3, 404, -1
3, 636, -1
288, 586, -1
768, 686, -1
768, 445, -1
582, 1, -1
403, 1, -1
686, 29, -1
582, 29, -1
582, 3, -1
404, 1, -1
686, 1, -1

411, 403, 1
411, 404, 1
411, 686, 1
411, 582, 1
411, 689, 1
411, 445, 1
411, 636, 1
411, 691, 1
411, 586, 1
411, 459, 1
470, 403, 1
470, 404, 1
470, 686, 1
470, 582, 1
470, 689, 1
470, 445, 1
470, 636, 1
470, 691, 1
470, 586, 1
470, 459, 1
470, 411, 1
691, 411, 1
582, 470, 1
691, 459, 1
691, 404, 1
582, 689, 1
459, 411, 1
445, 686, 1
691, 470, 1
582, 691, 1
404, 459, 1
459, 404, 1
586, 691, 1
586, 636, 1
691, 445, 1
691, 582, 1
689, 411, 1
403, 691, 1
403, 636, 1
404, 470, 1
636, 459, 1
459, 470, 1
582, 403, 1
636, 404, 1
582, 586, 1
586, 403, 1
689, 459, 1
689, 404, 1
404, 445, 1
459, 445, 1
582, 686, 1
404, 582, 1
459, 582, 1
586, 686, 1
636, 470, 1
689, 470, 1
403, 686, 1
636, 445, 1
582, 636, 1
636, 582, 1
689, 445, 1
689, 582, 1
445, 459, 1
459, 403, 1
691, 636, 1
445, 470, 1
686, 459, 1
586, 411, 1
689, 586, 1
691, 403, 1
404, 691, 1
459, 691, 1
404, 636, 1
459, 636, 1
445, 582, 1
411, 470, 1
582, 459, 1
582, 404, 1
403, 411, 1
586, 459, 1
691, 686, 1
586, 404, 1
686, 470, 1
636, 691, 1
403, 459, 1
403, 404, 1
404, 403, 1
686, 445, 1
689, 691, 1
689, 636, 1
686, 582, 1
586, 470, 1
404, 686, 1
459, 686, 1
582, 445, 1
586, 445, 1
403, 470, 1
636, 403, 1
586, 582, 1
582, 411, 1
689, 403, 1
403, 445, 1
636, 686, 1
403, 582, 1
689, 686, 1
404, 411, 1
636, 586, 1
636, 689, 1
404, 586, 1
636, 411, 1
404, 689, 1
766, 288, -1
766, 29, -1
766, 768, -1
766, 1, -1
766, 403, -1
766, 404, -1
766, 686, -1
766, 582, -1
766, 689, -1
766, 445, -1
766, 636, -1
766, 691, -1
766, 586, -1
766, 459, -1
766, 3, -1
411, 288, -1
411, 29, -1
411, 768, -1
411, 1, -1
411, 3, -1
411, 766, -1
470, 288, -1
470, 29, -1
470, 768, -1
470, 1, -1
470, 3, -1
470, 766, -1
768, 689, -1
768, 686, -1
768, 582, -1
1, 586, -1
403, 29, -1
1, 403, -1
768, 411, -1
1, 470, -1
288, 445, -1
636, 29, -1
288, 689, -1
288, 686, -1
404, 766, -1
459, 766, -1
582, 766, -1
288, 582, -1
3, 403, -1
691, 29, -1
586, 766, -1
689, 29, -1
1, 686, -1
1, 445, -1
288, 411, -1
3, 470, -1
1, 689, -1
582, 3, -1
768, 691, -1
768, 636, -1
3, 586, -1
768, 459, -1
1, 582, -1
768, 404, -1
689, 1, -1
586, 3, -1
1, 411, -1
445, 766, -1
3, 445, -1
3, 686, -1
403, 766, -1
3, 689, -1
686, 29, -1
288, 691, -1
288, 459, -1
29, 470, -1
288, 636, -1
636, 766, -1
3, 582, -1
288, 404, -1
689, 766, -1
1, 691, -1
3, 411, -1
1, 636, -1
768, 403, -1
29, 686, -1
29, 445, -1
691, 766, -1
768, 586, -1
1, 459, -1
459, 29, -1
768, 470, -1
1, 404, -1
404, 29, -1
29, 582, -1
689, 3, -1
582, 29, -1
3, 691, -1
3, 459, -1
288, 403, -1
586, 29, -1
3, 636, -1
3, 404, -1
288, 586, -1
288, 470, -1
686, 766, -1
768, 445, -1
582, 1, -1
403, 1, -1
586, 1, -1
691, 3, -1
404, 3, -1
636, 1, -1
29, 459, -1
636, 3, -1
404, 1, -1
459, 1, -1
691, 1, -1
686, 1, -1
445, 1, -1

645, 403, 1
645, 404, 1
645, 686, 1
645, 582, 1
645, 689, 1
645, 445, 1
645, 636, 1
645, 691, 1
645, 586, 1
645, 459, 1
645, 411, 1
645, 470, 1
517, 403, 1
517, 404, 1
517, 686, 1
517, 582, 1
517, 689, 1
517, 445, 1
517, 636, 1
517, 691, 1
517, 586, 1
517, 459, 1
517, 411, 1
517, 470, 1
517, 645, 1
719, 403, 1
719, 404, 1
719, 686, 1
719, 582, 1
719, 689, 1
719, 445, 1
719, 636, 1
719, 691, 1
719, 586, 1
719, 459, 1
719, 411, 1
719, 470, 1
719, 645, 1
719, 517, 1
501, 403, 1
501, 404, 1
501, 686, 1
501, 582, 1
501, 689, 1
501, 445, 1
501, 636, 1
501, 691, 1
501, 586, 1
501, 459, 1
501, 411, 1
501, 470, 1
501, 645, 1
501, 517, 1
501, 719, 1
688, 403, 1
688, 404, 1
688, 686, 1
688, 582, 1
688, 689, 1
688, 445, 1
688, 636, 1
688, 691, 1
688, 586, 1
688, 459, 1
688, 411, 1
688, 470, 1
688, 645, 1
688, 517, 1
688, 719, 1
688, 501, 1
691, 411, 1
445, 517, 1
445, 645, 1
582, 470, 1
470, 686, 1
689, 517, 1
445, 501, 1
691, 459, 1
691, 404, 1
411, 691, 1
411, 517, 1
411, 636, 1
411, 645, 1
459, 411, 1
686, 645, 1
517, 501, 1
582, 719, 1
411, 501, 1
445, 686, 1
691, 470, 1
459, 404, 1
586, 691, 1
586, 636, 1
691, 445, 1
691, 582, 1
689, 411, 1
411, 686, 1
403, 691, 1
691, 719, 1
403, 636, 1
403, 517, 1
586, 501, 1
403, 645, 1
404, 470, 1
459, 470, 1
636, 404, 1
470, 445, 1
586, 403, 1
689, 459, 1
689, 404, 1
403, 501, 1
404, 445, 1
459, 445, 1
582, 686, 1
404, 582, 1
459, 582, 1
586, 686, 1
636, 470, 1
404, 719, 1
459, 719, 1
689, 470, 1
403, 686, 1
636, 445, 1
636, 582, 1
582, 645, 1
689, 445, 1
586, 517, 1
636, 719, 1
586, 645, 1
689, 582, 1
689, 719, 1
459, 403, 1
691, 517, 1
691, 636, 1
691, 645, 1
470, 582, 1
470, 719, 1
411, 459, 1
411, 404, 1
445, 470, 1
691, 501, 1
586, 411, 1
689, 586, 1
691, 403, 1
404, 636, 1
459, 517, 1
459, 636, 1
445, 582, 1
459, 691, 1
404, 645, 1
411, 470, 1
459, 645, 1
403, 411, 1
445, 719, 1
586, 459, 1
645, 719, 1
691, 686, 1
586, 404, 1
686, 470, 1
404, 501, 1
459, 501, 1
411, 445, 1
411, 582, 1
403, 459, 1
636, 517, 1
517, 719, 1
403, 404, 1
686, 445, 1
636, 645, 1
411, 719, 1
689, 691, 1
689, 636, 1
686, 582, 1
586, 470, 1
689, 645, 1
686, 719, 1
404, 686, 1
459, 686, 1
636, 501, 1
582, 445, 1
586, 445, 1
403, 470, 1
689, 501, 1
586, 582, 1
689, 403, 1
586, 719, 1
470, 645, 1
403, 445, 1
411, 403, 1
636, 686, 1
404, 517, 1
403, 582, 1
689, 686, 1
403, 719, 1
582, 501, 1
445, 459, 1
636, 688, 1
636, 691, 1
404, 586, 1
404, 403, 1
636, 459, 1
582, 403, 1
582, 586, 1
404, 689, 1
582, 689, 1
404, 411, 1
636, 586, 1
686, 517, 1
636, 403, 1
686, 459, 1
582, 411, 1
470, 517, 1
470, 459, 1
404, 688, 1
404, 691, 1
582, 691, 1
404, 459, 1
636, 689, 1
686, 501, 1
582, 459, 1
582, 517, 1
582, 404, 1
582, 636, 1
470, 501, 1
636, 411, 1
645, 288, -1
645, 29, -1
645, 768, -1
645, 1, -1
645, 3, -1
645, 766, -1
517, 288, -1
517, 29, -1
517, 768, -1
517, 1, -1
517, 3, -1
517, 766, -1
719, 288, -1
719, 29, -1
719, 768, -1
719, 1, -1
719, 3, -1
719, 766, -1
501, 288, -1
501, 29, -1
501, 768, -1
501, 1, -1
501, 3, -1
501, 766, -1
688, 288, -1
688, 29, -1
688, 768, -1
688, 1, -1
688, 3, -1
688, 766, -1
768, 689, -1
470, 766, -1
1, 586, -1
29, 459, -1
29, 404, -1
288, 689, -1
288, 582, -1
691, 29, -1
3, 470, -1
768, 691, -1
1, 689, -1
768, 636, -1
689, 288, -1
768, 517, -1
288, 719, -1
768, 645, -1
445, 766, -1
768, 501, -1
1, 691, -1
1, 636, -1
29, 445, -1
459, 29, -1
29, 582, -1
411, 766, -1
3, 691, -1
29, 719, -1
288, 403, -1
288, 586, -1
1, 501, -1
768, 686, -1
686, 766, -1
1, 403, -1
636, 29, -1
3, 403, -1
586, 766, -1
1, 686, -1
768, 688, -1
586, 3, -1
3, 686, -1
403, 766, -1
288, 691, -1
288, 517, -1
29, 470, -1
288, 636, -1
288, 645, -1
1, 517, -1
1, 645, -1
404, 29, -1
691, 3, -1
288, 501, -1
3, 517, -1
3, 636, -1
3, 645, -1
445, 29, -1
29, 691, -1
768, 411, -1
288, 686, -1
3, 501, -1
582, 766, -1
689, 29, -1
768, 459, -1
411, 29, -1
768, 404, -1
1, 411, -1
29, 403, -1
288, 688, -1
29, 586, -1
288, 459, -1
29, 686, -1
691, 766, -1
1, 459, -1
1, 404, -1
768, 470, -1
3, 459, -1
3, 404, -1
766, 719, -1
768, 445, -1
768, 582, -1
403, 29, -1
1, 470, -1
288, 445, -1
29, 517, -1
29, 636, -1
768, 719, -1
404, 766, -1
459, 766, -1
29, 645, -1
288, 411, -1
1, 445, -1
1, 582, -1
29, 501, -1
1, 719, -1
3, 445, -1
636, 766, -1
3, 582, -1
288, 404, -1
3, 719, -1
3, 411, -1
689, 766, -1
768, 403, -1
768, 586, -1
689, 3, -1
29, 411, -1
586, 29, -1
288, 470, -1
766, 445, -1
3, 689, -1
686, 29, -1
3, 586, -1
404, 3, -1
582, 29, -1
636, 1, -1
582, 3, -1
470, 29, -1
3, 688, -1
766, 459, -1
636, 3, -1
689, 1, -1
766, 645, -1
582, 1, -1
403, 1, -1
586, 1, -1
470, 1, -1
411, 1, -1
404, 1, -1
459, 1, -1
691, 1, -1
686, 1, -1
445, 1, -1

508, 403, 1
508, 404, 1
508, 686, 1
508, 582, 1
508, 689, 1
508, 445, 1
508, 636, 1
508, 691, 1
508, 586, 1
508, 459, 1
508, 411, 1
508, 470, 1
508, 645, 1
508, 517, 1
508, 719, 1
508, 501, 1
508, 688, 1
668, 403, 1
668, 404, 1
668, 686, 1
668, 582, 1
668, 689, 1
668, 445, 1
668, 636, 1
668, 691, 1
668, 586, 1
668, 459, 1
668, 411, 1
668, 470, 1
668, 645, 1
668, 517, 1
668, 719, 1
668, 501, 1
668, 688, 1
668, 508, 1
446, 403, 1
446, 404, 1
446, 686, 1
446, 582, 1
446, 689, 1
446, 445, 1
446, 636, 1
446, 691, 1
446, 586, 1
446, 459, 1
446, 411, 1
446, 470, 1
446, 645, 1
446, 517, 1
446, 719, 1
446, 501, 1
446, 688, 1
446, 508, 1
446, 668, 1
688, 470, 1
691, 411, 1
404, 446, 1
636, 688, 1
445, 645, 1
501, 445, 1
688, 445, 1
582, 470, 1
470, 686, 1
689, 517, 1
688, 582, 1
517, 508, 1
691, 459, 1
445, 446, 1
691, 404, 1
411, 508, 1
645, 446, 1
411, 691, 1
411, 517, 1
688, 719, 1
411, 636, 1
517, 645, 1
582, 689, 1
411, 645, 1
404, 411, 1
686, 508, 1
459, 411, 1
686, 517, 1
689, 446, 1
686, 645, 1
517, 501, 1
411, 668, 1
517, 446, 1
582, 719, 1
411, 501, 1
411, 446, 1
445, 686, 1
691, 470, 1
645, 686, 1
582, 691, 1
404, 459, 1
686, 501, 1
686, 446, 1
586, 508, 1
459, 404, 1
586, 691, 1
586, 636, 1
636, 411, 1
691, 445, 1
688, 403, 1
517, 686, 1
688, 586, 1
689, 411, 1
501, 470, 1
411, 686, 1
691, 582, 1
403, 508, 1
403, 691, 1
668, 446, 1
403, 517, 1
691, 719, 1
403, 636, 1
586, 501, 1
403, 645, 1
404, 470, 1
459, 470, 1
636, 459, 1
582, 403, 1
636, 404, 1
470, 445, 1
582, 586, 1
688, 689, 1
586, 403, 1
689, 459, 1
689, 404, 1
501, 582, 1
582, 668, 1
403, 501, 1
403, 446, 1
404, 445, 1
459, 445, 1
501, 719, 1
586, 668, 1
582, 686, 1
404, 582, 1
459, 582, 1
586, 686, 1
636, 470, 1
404, 719, 1
459, 719, 1
688, 508, 1
688, 691, 1
688, 517, 1
688, 636, 1
403, 668, 1
688, 645, 1
689, 470, 1
403, 686, 1
636, 445, 1
582, 508, 1
582, 517, 1
582, 636, 1
688, 501, 1
636, 582, 1
688, 446, 1
689, 445, 1
582, 645, 1
517, 445, 1
586, 517, 1
636, 719, 1
586, 645, 1
689, 582, 1
689, 719, 1
582, 501, 1
582, 446, 1
459, 403, 1
688, 668, 1
404, 586, 1
586, 446, 1
688, 686, 1
691, 508, 1
691, 517, 1
691, 636, 1
691, 645, 1
470, 582, 1
404, 689, 1
470, 719, 1
411, 459, 1
411, 404, 1
445, 470, 1
645, 470, 1
636, 586, 1
691, 501, 1
501, 508, 1
691, 446, 1
501, 517, 1
586, 411, 1
689, 586, 1
501, 645, 1
691, 403, 1
404, 508, 1
459, 508, 1
645, 445, 1
404, 691, 1
517, 470, 1
459, 691, 1
459, 517, 1
445, 582, 1
459, 636, 1
636, 689, 1
404, 645, 1
411, 470, 1
645, 582, 1
582, 459, 1
691, 668, 1
582, 404, 1
403, 411, 1
459, 645, 1
445, 719, 1
508, 668, 1
501, 446, 1
586, 459, 1
691, 686, 1
586, 404, 1
645, 719, 1
686, 470, 1
404, 501, 1
459, 501, 1
411, 445, 1
459, 446, 1
517, 582, 1
636, 508, 1
411, 582, 1
636, 691, 1
403, 459, 1
517, 719, 1
636, 517, 1
404, 403, 1
404, 636, 1
686, 445, 1
636, 645, 1
403, 404, 1
411, 719, 1
689, 508, 1
501, 686, 1
689, 691, 1
689, 636, 1
686, 582, 1
586, 470, 1
689, 645, 1
404, 668, 1
459, 668, 1
686, 719, 1
688, 411, 1
404, 686, 1
459, 686, 1
636, 501, 1
636, 446, 1
582, 445, 1
586, 445, 1
689, 501, 1
403, 470, 1
636, 403, 1
586, 582, 1
582, 411, 1
470, 517, 1
688, 459, 1
688, 404, 1
508, 446, 1
689, 403, 1
586, 719, 1
470, 645, 1
636, 668, 1
403, 445, 1
411, 403, 1
636, 686, 1
689, 668, 1
404, 517, 1
403, 582, 1
689, 686, 1
470, 501, 1
403, 719, 1
470, 446, 1
501, 403, 1
501, 586, 1
445, 517, 1
501, 668, 1
517, 411, 1
445, 459, 1
645, 459, 1
719, 445, 1
501, 689, 1
445, 501, 1
517, 459, 1
517, 691, 1
517, 636, 1
501, 411, 1
517, 404, 1
686, 459, 1
501, 691, 1
501, 636, 1
501, 459, 1
501, 404, 1
470, 459, 1
517, 403, 1
404, 688, 1
517, 586, 1
517, 668, 1
508, 288, -1
508, 29, -1
508, 768, -1
508, 1, -1
508, 3, -1
508, 766, -1
668, 288, -1
668, 29, -1
668, 768, -1
668, 1, -1
668, 3, -1
668, 766, -1
446, 288, -1
446, 29, -1
446, 768, -1
446, 1, -1
446, 3, -1
446, 766, -1
768, 689, -1
470, 766, -1
1, 586, -1
288, 689, -1
288, 582, -1
691, 29, -1
768, 508, -1
3, 470, -1
1, 689, -1
768, 691, -1
288, 719, -1
768, 517, -1
768, 636, -1
768, 645, -1
445, 766, -1
645, 766, -1
501, 29, -1
768, 501, -1
768, 446, -1
1, 508, -1
1, 691, -1
1, 636, -1
29, 445, -1
459, 29, -1
688, 1, -1
517, 766, -1
29, 582, -1
411, 766, -1
3, 691, -1
29, 719, -1
288, 403, -1
1, 501, -1
288, 586, -1
768, 686, -1
686, 766, -1
288, 668, -1
1, 403, -1
688, 3, -1
636, 29, -1
1, 668, -1
3, 403, -1
586, 766, -1
1, 686, -1
768, 688, -1
582, 3, -1
3, 668, -1
586, 3, -1
3, 686, -1
288, 508, -1
403, 766, -1
288, 691, -1
288, 517, -1
29, 470, -1
288, 636, -1
288, 645, -1
470, 29, -1
1, 517, -1
1, 645, -1
404, 29, -1
288, 501, -1
288, 446, -1
3, 508, -1
3, 517, -1
3, 636, -1
3, 645, -1
1, 446, -1
688, 766, -1
768, 411, -1
288, 686, -1
3, 501, -1
3, 446, -1
582, 766, -1
689, 29, -1
636, 1, -1
517, 29, -1
411, 29, -1
768, 459, -1
768, 404, -1
1, 411, -1
288, 688, -1
686, 29, -1
288, 459, -1
636, 3, -1
29, 686, -1
691, 766, -1
1, 459, -1
1, 404, -1
768, 470, -1
3, 459, -1
3, 404, -1
766, 719, -1
768, 445, -1
719, 766, -1
501, 766, -1
768, 582, -1
403, 29, -1
1, 470, -1
288, 445, -1
768, 719, -1
404, 766, -1
459, 766, -1
29, 645, -1
288, 411, -1
1, 445, -1
404, 3, -1
1, 582, -1
29, 446, -1
1, 719, -1
3, 445, -1
636, 766, -1
3, 582, -1
688, 29, -1
288, 404, -1
3, 719, -1
689, 766, -1
3, 411, -1
768, 403, -1
768, 586, -1
689, 3, -1
582, 29, -1
768, 668, -1
586, 29, -1
288, 470, -1
445, 29, -1
29, 691, -1
29, 508, -1
501, 3, -1
29, 459, -1
29, 517, -1
766, 459, -1
29, 404, -1
29, 636, -1
766, 645, -1
29, 501, -1
689, 1, -1
29, 403, -1
29, 586, -1
29, 668, -1
766, 445, -1
691, 3, -1
29, 411, -1
517, 3, -1
582, 1, -1
517, 1, -1
501, 1, -1
3, 689, -1
586, 1, -1
645, 1, -1
3, 586, -1
470, 1, -1
411, 1, -1
403, 1, -1
3, 688, -1
404, 1, -1
459, 1, -1
691, 1, -1
686, 1, -1
445, 1, -1

556, 403, 1
556, 404, 1
556, 686, 1
556, 582, 1
556, 689, 1
556, 445, 1
556, 636, 1
556, 691, 1
556, 586, 1
556, 459, 1
556, 411, 1
556, 470, 1
556, 645, 1
556, 517, 1
556, 719, 1
556, 501, 1
556, 688, 1
556, 508, 1
556, 668, 1
556, 446, 1
566, 403, 1
566, 404, 1
566, 686, 1
566, 582, 1
566, 689, 1
566, 445, 1
566, 636, 1
566, 691, 1
566, 586, 1
566, 459, 1
566, 411, 1
566, 470, 1
566, 645, 1
566, 517, 1
566, 719, 1
566, 501, 1
566, 688, 1
566, 508, 1
566, 668, 1
566, 446, 1
566, 556, 1
547, 403, 1
547, 404, 1
547, 686, 1
547, 582, 1
547, 689, 1
547, 445, 1
547, 636, 1
547, 691, 1
547, 586, 1
547, 459, 1
547, 411, 1
547, 470, 1
547, 645, 1
547, 517, 1
547, 719, 1
547, 501, 1
547, 688, 1
547, 508, 1
547, 668, 1
547, 446, 1
547, 556, 1
547, 566, 1
474, 403, 1
474, 404, 1
474, 686, 1
474, 582, 1
474, 689, 1
474, 445, 1
474, 636, 1
474, 691, 1
474, 586, 1
474, 459, 1
474, 411, 1
474, 470, 1
474, 645, 1
474, 517, 1
474, 719, 1
474, 501, 1
474, 688, 1
474, 508, 1
474, 668, 1
474, 446, 1
474, 556, 1
474, 566, 1
474, 547, 1
548, 403, 1
548, 404, 1
548, 686, 1
548, 582, 1
548, 689, 1
548, 445, 1
548, 636, 1
548, 691, 1
548, 586, 1
548, 459, 1
548, 411, 1
548, 470, 1
548, 645, 1
548, 517, 1
548, 719, 1
548, 501, 1
548, 688, 1
548, 508, 1
548, 668, 1
548, 446, 1
548, 556, 1
548, 566, 1
548, 547, 1
548, 474, 1
701, 403, 1
701, 404, 1
701, 686, 1
701, 582, 1
701, 689, 1
701, 445, 1
701, 636, 1
701, 691, 1
701, 586, 1
701, 459, 1
701, 411, 1
701, 470, 1
701, 645, 1
701, 517, 1
701, 719, 1
701, 501, 1
701, 688, 1
701, 508, 1
701, 668, 1
701, 446, 1
701, 556, 1
701, 566, 1
701, 547, 1
701, 474, 1
701, 548, 1
477, 403, 1
477, 404, 1
477, 686, 1
477, 582, 1
477, 689, 1
477, 445, 1
477, 636, 1
477, 691, 1
477, 586, 1
477, 459, 1
477, 411, 1
477, 470, 1
477, 645, 1
477, 517, 1
477, 719, 1
477, 501, 1
477, 688, 1
477, 508, 1
477, 668, 1
477, 446, 1
477, 556, 1
477, 566, 1
477, 547, 1
477, 474, 1
477, 548, 1
477, 701, 1
508, 686, 1
691, 411, 1
501, 445, 1
470, 686, 1
501, 701, 1
645, 556, 1
517, 636, 1
517, 645, 1
411, 636, 1
411, 645, 1
501, 548, 1
501, 566, 1
474, 701, 1
459, 411, 1
689, 446, 1
517, 501, 1
446, 459, 1
582, 719, 1
411, 501, 1
501, 404, 1
474, 548, 1
446, 477, 1
645, 686, 1
686, 556, 1
668, 517, 1
586, 636, 1
508, 582, 1
403, 636, 1
586, 501, 1
403, 645, 1
404, 470, 1
719, 445, 1
446, 445, 1
719, 701, 1
689, 459, 1
446, 701, 1
403, 501, 1
689, 477, 1
446, 719, 1
404, 582, 1
688, 508, 1
636, 470, 1
446, 566, 1
688, 517, 1
668, 548, 1
501, 547, 1
668, 404, 1
636, 582, 1
689, 445, 1
501, 403, 1
689, 701, 1
689, 719, 1
501, 668, 1
404, 586, 1
586, 446, 1
689, 566, 1
691, 508, 1
691, 517, 1
404, 689, 1
411, 459, 1
517, 477, 1
445, 470, 1
411, 477, 1
636, 586, 1
501, 636, 1
501, 645, 1
459, 508, 1
459, 517, 1
445, 582, 1
636, 689, 1
446, 556, 1
547, 477, 1
586, 459, 1
586, 477, 1
411, 445, 1
411, 701, 1
403, 459, 1
517, 719, 1
411, 719, 1
403, 477, 1
446, 686, 1
689, 691, 1
411, 566, 1
508, 517, 1
636, 446, 1
556, 701, 1
689, 547, 1
689, 556, 1
586, 445, 1
556, 548, 1
586, 701, 1
582, 411, 1
470, 517, 1
689, 403, 1
556, 566, 1
586, 719, 1
403, 445, 1
586, 548, 1
668, 636, 1
689, 668, 1
404, 517, 1
403, 701, 1
548, 701, 1
586, 566, 1
689, 686, 1
403, 719, 1
668, 474, 1
688, 470, 1
668, 501, 1
403, 566, 1
636, 688, 1
688, 582, 1
445, 446, 1
517, 691, 1
411, 691, 1
582, 689, 1
686, 508, 1
686, 517, 1
517, 556, 1
404, 548, 1
411, 556, 1
501, 459, 1
688, 474, 1
691, 470, 1
501, 477, 1
586, 691, 1
474, 477, 1
517, 686, 1
636, 548, 1
688, 586, 1
689, 411, 1
691, 582, 1
411, 686, 1
586, 547, 1
403, 691, 1
668, 446, 1
586, 556, 1
459, 470, 1
636, 404, 1
688, 689, 1
586, 403, 1
403, 556, 1
501, 719, 1
586, 668, 1
459, 582, 1
586, 686, 1
403, 668, 1
691, 586, 1
403, 686, 1
582, 508, 1
508, 470, 1
668, 459, 1
582, 517, 1
688, 446, 1
668, 477, 1
445, 548, 1
586, 645, 1
517, 411, 1
459, 586, 1
470, 582, 1
668, 445, 1
668, 701, 1
645, 470, 1
446, 508, 1
691, 446, 1
668, 719, 1
446, 517, 1
501, 691, 1
586, 411, 1
668, 566, 1
404, 636, 1
508, 586, 1
404, 645, 1
645, 582, 1
582, 404, 1
501, 556, 1
403, 411, 1
404, 474, 1
686, 470, 1
404, 501, 1
459, 446, 1
636, 645, 1
689, 508, 1
501, 686, 1
686, 582, 1
636, 474, 1
636, 501, 1
688, 548, 1
688, 404, 1
508, 446, 1
668, 691, 1
556, 477, 1
701, 477, 1
470, 446, 1
668, 547, 1
668, 556, 1
404, 446, 1
445, 645, 1
691, 548, 1
668, 403, 1
582, 470, 1
548, 477, 1
517, 508, 1
691, 404, 1
411, 508, 1
501, 411, 1
645, 446, 1
508, 459, 1
668, 686, 1
411, 517, 1
459, 548, 1
404, 459, 1
686, 446, 1
586, 508, 1
459, 404, 1
668, 645, 1
404, 477, 1
582, 474, 1
688, 403, 1
508, 445, 1
446, 470, 1
508, 701, 1
403, 508, 1
403, 517, 1
636, 459, 1
501, 689, 1
470, 445, 1
508, 548, 1
582, 586, 1
636, 477, 1
508, 566, 1
446, 582, 1
470, 701, 1
404, 445, 1
508, 404, 1
404, 701, 1
470, 548, 1
668, 411, 1
470, 566, 1
404, 719, 1
688, 636, 1
688, 645, 1
689, 470, 1
404, 566, 1
636, 445, 1
688, 501, 1
636, 701, 1
636, 719, 1
645, 548, 1
689, 582, 1
445, 459, 1
582, 446, 1
636, 566, 1
459, 403, 1
691, 636, 1
508, 691, 1
691, 645, 1
686, 548, 1
691, 501, 1
501, 508, 1
508, 556, 1
501, 517, 1
689, 586, 1
404, 691, 1
517, 470, 1
459, 636, 1
445, 701, 1
459, 645, 1
411, 470, 1
582, 459, 1
445, 719, 1
508, 668, 1
404, 547, 1
404, 556, 1
459, 501, 1
445, 566, 1
517, 582, 1
411, 582, 1
636, 691, 1
404, 403, 1
586, 470, 1
404, 668, 1
636, 547, 1
404, 686, 1
636, 556, 1
508, 636, 1
582, 445, 1
508, 645, 1
403, 470, 1
582, 701, 1
636, 403, 1
586, 582, 1
688, 459, 1
508, 501, 1
582, 548, 1
636, 668, 1
470, 645, 1
688, 477, 1
668, 508, 1
517, 586, 1
582, 566, 1
636, 686, 1
411, 586, 1
403, 582, 1
547, 474, 1
470, 501, 1
688, 445, 1
689, 517, 1
445, 556, 1
688, 701, 1
691, 459, 1
688, 719, 1
691, 477, 1
446, 548, 1
403, 586, 1
404, 411, 1
688, 566, 1
686, 645, 1
517, 446, 1
411, 446, 1
445, 686, 1
582, 691, 1
686, 501, 1
459, 477, 1
636, 411, 1
691, 445, 1
582, 547, 1
501, 470, 1
691, 701, 1
582, 556, 1
689, 548, 1
691, 719, 1
582, 403, 1
691, 566, 1
689, 404, 1
501, 582, 1
517, 459, 1
582, 668, 1
403, 446, 1
459, 445, 1
582, 686, 1
459, 701, 1
508, 477, 1
459, 719, 1
688, 691, 1
470, 459, 1
501, 474, 1
459, 566, 1
470, 477, 1
566, 701, 1
688, 547, 1
688, 556, 1
582, 636, 1
582, 645, 1
586, 517, 1
517, 445, 1
566, 548, 1
501, 586, 1
517, 701, 1
582, 501, 1
688, 668, 1
645, 459, 1
668, 470, 1
508, 719, 1
517, 548, 1
688, 686, 1
411, 548, 1
517, 566, 1
517, 404, 1
470, 719, 1
411, 404, 1
547, 701, 1
668, 582, 1
691, 547, 1
691, 556, 1
686, 459, 1
547, 548, 1
446, 645, 1
686, 477, 1
691, 403, 1
404, 508, 1
645, 445, 1
459, 691, 1
645, 701, 1
691, 668, 1
446, 501, 1
501, 446, 1
645, 719, 1
691, 686, 1
586, 404, 1
403, 548, 1
459, 556, 1
645, 566, 1
636, 508, 1
636, 517, 1
403, 404, 1
668, 586, 1
686, 445, 1
689, 636, 1
686, 701, 1
689, 645, 1
459, 668, 1
686, 719, 1
688, 411, 1
689, 474, 1
459, 686, 1
668, 689, 1
517, 547, 1
689, 501, 1
686, 566, 1
517, 403, 1
411, 403, 1
517, 668, 1
470, 556, 1
411, 668, 1
582, 477, 1
566, 477, 1
404, 688, 1
668, 688, 1
566, 547, 1
508, 403, 1
686, 688, 1
446, 688, 1
517, 688, 1
445, 517, 1
445, 501, 1
501, 688, 1
582, 688, 1
508, 688, 1
470, 688, 1
508, 411, 1
566, 474, 1
445, 477, 1
445, 688, 1
556, 288, -1
556, 29, -1
556, 768, -1
556, 1, -1
556, 3, -1
556, 766, -1
566, 288, -1
566, 29, -1
566, 768, -1
566, 1, -1
566, 3, -1
566, 766, -1
547, 288, -1
547, 29, -1
547, 768, -1
547, 1, -1
547, 3, -1
547, 766, -1
474, 288, -1
474, 29, -1
474, 768, -1
474, 1, -1
474, 3, -1
474, 766, -1
548, 288, -1
548, 29, -1
548, 768, -1
548, 1, -1
548, 3, -1
548, 766, -1
701, 288, -1
701, 29, -1
701, 768, -1
701, 1, -1
701, 3, -1
701, 766, -1
477, 288, -1
477, 29, -1
477, 768, -1
477, 1, -1
477, 3, -1
477, 766, -1
768, 689, -1
3, 477, -1
470, 766, -1
1, 586, -1
29, 459, -1
29, 404, -1
288, 689, -1
668, 766, -1
288, 582, -1
691, 29, -1
768, 508, -1
3, 470, -1
1, 689, -1
768, 517, -1
768, 636, -1
288, 719, -1
768, 691, -1
668, 3, -1
768, 645, -1
445, 766, -1
3, 689, -1
645, 766, -1
446, 29, -1
501, 29, -1
768, 556, -1
768, 501, -1
768, 446, -1
288, 474, -1
1, 508, -1
1, 691, -1
1, 636, -1
288, 547, -1
29, 445, -1
459, 29, -1
517, 766, -1
688, 1, -1
29, 582, -1
29, 701, -1
411, 766, -1
1, 474, -1
3, 691, -1
1, 547, -1
29, 719, -1
288, 403, -1
1, 556, -1
1, 501, -1
288, 586, -1
768, 686, -1
686, 766, -1
29, 548, -1
3, 474, -1
288, 668, -1
29, 566, -1
1, 403, -1
3, 556, -1
688, 3, -1
636, 29, -1
1, 668, -1
3, 403, -1
586, 766, -1
3, 586, -1
1, 686, -1
768, 688, -1
582, 3, -1
508, 29, -1
3, 668, -1
586, 3, -1
3, 686, -1
288, 508, -1
403, 766, -1
288, 691, -1
288, 517, -1
288, 636, -1
29, 470, -1
288, 645, -1
470, 29, -1
1, 517, -1
1, 645, -1
404, 29, -1
288, 556, -1
288, 501, -1
691, 3, -1
288, 446, -1
3, 508, -1
3, 517, -1
3, 636, -1
3, 645, -1
1, 446, -1
768, 701, -1
688, 766, -1
766, 548, -1
29, 691, -1
768, 411, -1
501, 3, -1
3, 501, -1
288, 686, -1
768, 548, -1
3, 446, -1
582, 766, -1
768, 566, -1
689, 29, -1
29, 547, -1
636, 1, -1
517, 29, -1
29, 556, -1
411, 29, -1
768, 459, -1
768, 404, -1
689, 1, -1
1, 411, -1
768, 477, -1
29, 403, -1
288, 688, -1
288, 459, -1
29, 586, -1
686, 29, -1
29, 668, -1
636, 3, -1
691, 766, -1
1, 459, -1
29, 686, -1
1, 404, -1
768, 470, -1
668, 29, -1
3, 688, -1
3, 459, -1
3, 404, -1
766, 719, -1
768, 445, -1
719, 766, -1
446, 766, -1
501, 766, -1
768, 582, -1
403, 29, -1
1, 470, -1
29, 508, -1
288, 445, -1
29, 517, -1
29, 636, -1
768, 719, -1
404, 766, -1
29, 645, -1
459, 766, -1
288, 701, -1
288, 411, -1
1, 445, -1
404, 3, -1
288, 548, -1
1, 582, -1
1, 701, -1
29, 446, -1
768, 474, -1
288, 566, -1
1, 719, -1
3, 445, -1
768, 547, -1
636, 766, -1
1, 548, -1
3, 582, -1
3, 701, -1
288, 404, -1
688, 29, -1
1, 566, -1
3, 719, -1
689, 766, -1
3, 411, -1
288, 477, -1
768, 403, -1
768, 586, -1
3, 548, -1
508, 766, -1
689, 3, -1
582, 29, -1
3, 566, -1
768, 668, -1
517, 3, -1
29, 411, -1
1, 477, -1
586, 29, -1
288, 470, -1
582, 1, -1
586, 1, -1
445, 29, -1
3, 547, -1
766, 459, -1
766, 645, -1
445, 1, -1
29, 477, -1
403, 1, -1
645, 1, -1
459, 1, -1
29, 501, -1
766, 556, -1
691, 1, -1
517, 1, -1
508, 1, -1
411, 1, -1
686, 1, -1
766, 445, -1
446, 1, -1
501, 1, -1
470, 1, -1
766, 701, -1
404, 1, -1
668, 1, -1
29, 688, -1

614, 403, 1
614, 404, 1
614, 686, 1
614, 582, 1
614, 689, 1
614, 445, 1
614, 636, 1
614, 691, 1
614, 586, 1
614, 459, 1
614, 411, 1
614, 470, 1
614, 645, 1
614, 517, 1
614, 719, 1
614, 501, 1
614, 688, 1
614, 508, 1
614, 668, 1
614, 446, 1
614, 556, 1
614, 566, 1
614, 547, 1
614, 474, 1
614, 548, 1
614, 701, 1
614, 477, 1
714, 403, 1
714, 404, 1
714, 686, 1
714, 582, 1
714, 689, 1
714, 445, 1
714, 636, 1
714, 691, 1
714, 586, 1
714, 459, 1
714, 411, 1
714, 470, 1
714, 645, 1
714, 517, 1
714, 719, 1
714, 501, 1
714, 688, 1
714, 508, 1
714, 668, 1
714, 446, 1
714, 556, 1
714, 566, 1
714, 547, 1
714, 474, 1
714, 548, 1
714, 701, 1
714, 477, 1
714, 614, 1
557, 403, 1
557, 404, 1
557, 686, 1
557, 582, 1
557, 689, 1
557, 445, 1
557, 636, 1
557, 691, 1
557, 586, 1
557, 459, 1
557, 411, 1
557, 470, 1
557, 645, 1
557, 517, 1
557, 719, 1
557, 501, 1
557, 688, 1
557, 508, 1
557, 668, 1
557, 446, 1
557, 556, 1
557, 566, 1
557, 547, 1
557, 474, 1
557, 548, 1
557, 701, 1
557, 477, 1
557, 614, 1
557, 714, 1
644, 403, 1
644, 404, 1
644, 686, 1
644, 582, 1
644, 689, 1
644, 445, 1
644, 636, 1
644, 691, 1
644, 586, 1
644, 459, 1
644, 411, 1
644, 470, 1
644, 645, 1
644, 517, 1
644, 719, 1
644, 501, 1
644, 688, 1
644, 508, 1
644, 668, 1
644, 446, 1
644, 556, 1
644, 566, 1
644, 547, 1
644, 474, 1
644, 548, 1
644, 701, 1
644, 477, 1
644, 614, 1
644, 714, 1
644, 557, 1
485, 403, 1
485, 404, 1
485, 686, 1
485, 582, 1
485, 689, 1
485, 445, 1
485, 636, 1
485, 691, 1
485, 586, 1
485, 459, 1
485, 411, 1
485, 470, 1
485, 645, 1
485, 517, 1
485, 719, 1
485, 501, 1
485, 688, 1
485, 508, 1
485, 668, 1
485, 446, 1
485, 556, 1
485, 566, 1
485, 547, 1
485, 474, 1
485, 548, 1
485, 701, 1
485, 477, 1
485, 614, 1
485, 714, 1
485, 557, 1
485, 644, 1
430, 403, 1
430, 404, 1
430, 686, 1
430, 582, 1
430, 689, 1
430, 445, 1
430, 636, 1
430, 691, 1
430, 586, 1
430, 459, 1
430, 411, 1
430, 470, 1
430, 645, 1
430, 517, 1
430, 719, 1
430, 501, 1
430, 688, 1
430, 508, 1
430, 668, 1
430, 446, 1
430, 556, 1
430, 566, 1
430, 547, 1
430, 474, 1
430, 548, 1
430, 701, 1
430, 477, 1
430, 614, 1
430, 714, 1
430, 557, 1
430, 644, 1
430, 485, 1
701, 614, 1
688, 644, 1
508, 686, 1
691, 411, 1
566, 636, 1
586, 614, 1
566, 645, 1
547, 403, 1
470, 430, 1
556, 470, 1
501, 445, 1
701, 470, 1
470, 686, 1
501, 701, 1
547, 668, 1
645, 556, 1
517, 636, 1
566, 501, 1
548, 614, 1
517, 645, 1
411, 636, 1
411, 645, 1
501, 548, 1
556, 582, 1
501, 557, 1
701, 582, 1
459, 411, 1
474, 701, 1
501, 566, 1
689, 446, 1
548, 470, 1
517, 501, 1
645, 430, 1
582, 719, 1
411, 501, 1
501, 404, 1
477, 446, 1
691, 644, 1
714, 557, 1
474, 548, 1
446, 477, 1
645, 686, 1
474, 557, 1
474, 566, 1
686, 556, 1
547, 636, 1
668, 517, 1
547, 645, 1
586, 636, 1
474, 404, 1
547, 501, 1
508, 582, 1
686, 430, 1
403, 636, 1
586, 501, 1
403, 645, 1
556, 586, 1
404, 470, 1
459, 644, 1
719, 445, 1
446, 445, 1
582, 714, 1
719, 701, 1
689, 459, 1
582, 485, 1
446, 701, 1
636, 614, 1
403, 501, 1
689, 477, 1
477, 688, 1
548, 501, 1
446, 719, 1
477, 459, 1
566, 644, 1
404, 582, 1
636, 470, 1
688, 508, 1
446, 566, 1
548, 586, 1
688, 517, 1
668, 548, 1
517, 644, 1
501, 547, 1
668, 404, 1
636, 582, 1
689, 445, 1
501, 403, 1
689, 701, 1
477, 445, 1
474, 547, 1
556, 446, 1
701, 446, 1
689, 719, 1
477, 701, 1
501, 668, 1
688, 485, 1
547, 644, 1
404, 586, 1
689, 557, 1
586, 446, 1
474, 403, 1
566, 477, 1
689, 566, 1
691, 508, 1
477, 548, 1
445, 614, 1
691, 517, 1
477, 557, 1
477, 566, 1
474, 668, 1
582, 430, 1
404, 689, 1
411, 459, 1
548, 446, 1
517, 477, 1
477, 404, 1
445, 470, 1
411, 477, 1
636, 586, 1
501, 636, 1
501, 645, 1
689, 714, 1
459, 508, 1
459, 517, 1
445, 582, 1
636, 689, 1
691, 485, 1
446, 556, 1
474, 636, 1
474, 645, 1
586, 459, 1
547, 477, 1
566, 719, 1
586, 477, 1
668, 614, 1
411, 445, 1
474, 501, 1
446, 430, 1
411, 701, 1
403, 459, 1
517, 719, 1
411, 719, 1
446, 686, 1
403, 477, 1
689, 691, 1
459, 485, 1
556, 445, 1
477, 691, 1
411, 566, 1
508, 517, 1
636, 446, 1
556, 701, 1
689, 547, 1
689, 556, 1
586, 445, 1
566, 714, 1
566, 485, 1
477, 547, 1
582, 411, 1
547, 719, 1
477, 556, 1
586, 701, 1
701, 548, 1
556, 557, 1
556, 548, 1
470, 517, 1
689, 403, 1
556, 566, 1
586, 719, 1
403, 445, 1
548, 445, 1
586, 548, 1
668, 636, 1
689, 430, 1
477, 403, 1
688, 614, 1
404, 517, 1
586, 557, 1
403, 701, 1
689, 668, 1
586, 566, 1
548, 701, 1
689, 686, 1
403, 719, 1
477, 668, 1
668, 474, 1
548, 719, 1
501, 644, 1
688, 470, 1
668, 501, 1
548, 557, 1
403, 566, 1
548, 566, 1
636, 688, 1
470, 485, 1
474, 644, 1
688, 582, 1
517, 691, 1
445, 446, 1
411, 691, 1
477, 636, 1
582, 689, 1
477, 645, 1
691, 614, 1
686, 508, 1
686, 517, 1
517, 556, 1
404, 548, 1
566, 430, 1
411, 556, 1
501, 459, 1
477, 501, 1
688, 474, 1
691, 470, 1
501, 477, 1
547, 691, 1
586, 691, 1
517, 430, 1
474, 459, 1
411, 430, 1
517, 686, 1
459, 614, 1
636, 548, 1
688, 586, 1
474, 477, 1
691, 582, 1
689, 411, 1
411, 686, 1
547, 556, 1
686, 485, 1
586, 547, 1
403, 691, 1
668, 446, 1
586, 556, 1
459, 470, 1
636, 404, 1
688, 689, 1
586, 403, 1
547, 430, 1
403, 556, 1
548, 556, 1
586, 430, 1
501, 719, 1
547, 686, 1
586, 668, 1
459, 582, 1
474, 445, 1
586, 686, 1
508, 614, 1
403, 430, 1
403, 668, 1
548, 430, 1
474, 719, 1
689, 644, 1
691, 586, 1
403, 686, 1
548, 686, 1
566, 582, 1
477, 644, 1
508, 470, 1
556, 645, 1
582, 508, 1
701, 645, 1
668, 459, 1
470, 614, 1
582, 517, 1
566, 411, 1
688, 446, 1
668, 477, 1
445, 548, 1
586, 645, 1
404, 614, 1
556, 501, 1
501, 714, 1
517, 411, 1
459, 586, 1
548, 645, 1
474, 714, 1
645, 614, 1
470, 582, 1
668, 445, 1
668, 701, 1
645, 470, 1
547, 411, 1
446, 508, 1
691, 446, 1
668, 719, 1
446, 517, 1
501, 691, 1
586, 411, 1
566, 689, 1
668, 557, 1
668, 566, 1
686, 614, 1
404, 636, 1
508, 586, 1
404, 645, 1
411, 644, 1
645, 582, 1
582, 404, 1
474, 691, 1
403, 411, 1
501, 556, 1
404, 474, 1
686, 470, 1
404, 501, 1
459, 446, 1
474, 556, 1
446, 485, 1
501, 430, 1
636, 645, 1
668, 714, 1
689, 508, 1
477, 719, 1
501, 686, 1
686, 582, 1
586, 644, 1
636, 474, 1
714, 430, 1
474, 430, 1
636, 501, 1
688, 548, 1
474, 686, 1
688, 557, 1
403, 644, 1
688, 404, 1
508, 446, 1
668, 691, 1
689, 485, 1
477, 714, 1
556, 477, 1
477, 485, 1
470, 446, 1
668, 547, 1
668, 556, 1
582, 614, 1
566, 508, 1
404, 446, 1
566, 517, 1
445, 645, 1
691, 548, 1
668, 403, 1
582, 470, 1
548, 477, 1
668, 430, 1
517, 508, 1
691, 404, 1
411, 508, 1
501, 411, 1
645, 446, 1
668, 686, 1
411, 517, 1
701, 445, 1
485, 430, 1
556, 719, 1
701, 719, 1
474, 411, 1
459, 548, 1
459, 557, 1
547, 508, 1
701, 566, 1
547, 517, 1
446, 614, 1
404, 459, 1
459, 404, 1
686, 446, 1
586, 508, 1
517, 485, 1
668, 645, 1
404, 477, 1
411, 485, 1
582, 474, 1
477, 430, 1
688, 403, 1
508, 445, 1
446, 470, 1
477, 686, 1
508, 701, 1
403, 508, 1
403, 517, 1
636, 459, 1
501, 689, 1
470, 445, 1
614, 557, 1
714, 644, 1
508, 548, 1
582, 586, 1
636, 477, 1
508, 557, 1
547, 485, 1
446, 582, 1
508, 566, 1
470, 701, 1
404, 445, 1
586, 485, 1
582, 477, 1
508, 404, 1
474, 689, 1
470, 548, 1
404, 701, 1
470, 557, 1
668, 411, 1
470, 566, 1
404, 719, 1
688, 636, 1
403, 485, 1
548, 485, 1
688, 645, 1
689, 470, 1
404, 557, 1
404, 566, 1
636, 445, 1
688, 501, 1
636, 701, 1
636, 719, 1
645, 548, 1
689, 582, 1
701, 556, 1
636, 557, 1
644, 430, 1
636, 566, 1
582, 446, 1
459, 403, 1
668, 644, 1
477, 411, 1
404, 714, 1
556, 430, 1
691, 636, 1
701, 430, 1
566, 614, 1
691, 645, 1
556, 686, 1
686, 548, 1
701, 686, 1
566, 470, 1
691, 501, 1
517, 614, 1
501, 508, 1
508, 556, 1
636, 714, 1
501, 517, 1
411, 614, 1
689, 586, 1
404, 691, 1
517, 470, 1
459, 636, 1
445, 701, 1
614, 430, 1
474, 508, 1
411, 470, 1
459, 645, 1
582, 459, 1
474, 517, 1
445, 719, 1
508, 668, 1
404, 547, 1
404, 556, 1
547, 614, 1
477, 689, 1
459, 501, 1
445, 566, 1
517, 582, 1
501, 485, 1
411, 582, 1
636, 691, 1
404, 403, 1
566, 474, 1
547, 470, 1
586, 470, 1
404, 430, 1
404, 668, 1
403, 614, 1
714, 485, 1
636, 547, 1
474, 485, 1
404, 686, 1
636, 556, 1
508, 636, 1
582, 445, 1
508, 645, 1
566, 586, 1
403, 470, 1
547, 582, 1
582, 701, 1
636, 403, 1
586, 582, 1
688, 459, 1
508, 501, 1
636, 430, 1
470, 645, 1
636, 668, 1
582, 548, 1
688, 477, 1
582, 557, 1
668, 508, 1
517, 586, 1
582, 566, 1
636, 686, 1
411, 586, 1
403, 582, 1
548, 582, 1
470, 501, 1
547, 586, 1
688, 445, 1
668, 485, 1
689, 517, 1
445, 556, 1
688, 701, 1
691, 459, 1
566, 446, 1
477, 508, 1
688, 719, 1
691, 477, 1
477, 517, 1
446, 548, 1
446, 557, 1
557, 644, 1
403, 586, 1
404, 411, 1
688, 566, 1
686, 645, 1
445, 430, 1
517, 446, 1
411, 446, 1
614, 644, 1
445, 686, 1
508, 644, 1
582, 691, 1
686, 501, 1
501, 614, 1
459, 477, 1
636, 411, 1
691, 445, 1
582, 547, 1
691, 701, 1
501, 470, 1
688, 714, 1
582, 556, 1
474, 614, 1
547, 446, 1
566, 688, 1
566, 459, 1
691, 719, 1
689, 548, 1
404, 644, 1
582, 403, 1
691, 557, 1
691, 566, 1
474, 470, 1
689, 404, 1
501, 582, 1
517, 459, 1
582, 668, 1
403, 446, 1
459, 445, 1
582, 686, 1
459, 701, 1
508, 477, 1
636, 644, 1
459, 719, 1
474, 582, 1
688, 691, 1
566, 445, 1
501, 474, 1
556, 508, 1
459, 566, 1
556, 517, 1
470, 477, 1
566, 701, 1
547, 459, 1
688, 547, 1
688, 556, 1
582, 636, 1
582, 645, 1
517, 445, 1
586, 517, 1
566, 548, 1
566, 557, 1
501, 586, 1
517, 701, 1
644, 485, 1
582, 501, 1
688, 430, 1
548, 508, 1
688, 668, 1
566, 404, 1
548, 517, 1
668, 470, 1
517, 548, 1
508, 719, 1
688, 686, 1
517, 557, 1
411, 548, 1
474, 586, 1
517, 566, 1
556, 485, 1
411, 557, 1
547, 445, 1
517, 404, 1
470, 719, 1
411, 404, 1
547, 701, 1
668, 582, 1
691, 547, 1
689, 614, 1
691, 556, 1
557, 485, 1
477, 614, 1
446, 645, 1
547, 548, 1
686, 477, 1
547, 557, 1
691, 403, 1
404, 508, 1
547, 566, 1
645, 445, 1
459, 691, 1
614, 485, 1
691, 430, 1
477, 470, 1
691, 668, 1
645, 701, 1
547, 404, 1
446, 501, 1
508, 485, 1
501, 446, 1
645, 719, 1
691, 686, 1
586, 404, 1
403, 548, 1
403, 557, 1
459, 556, 1
566, 691, 1
645, 566, 1
636, 508, 1
474, 446, 1
477, 582, 1
636, 517, 1
403, 404, 1
668, 586, 1
686, 445, 1
582, 644, 1
566, 547, 1
689, 636, 1
404, 485, 1
686, 701, 1
566, 556, 1
689, 645, 1
459, 430, 1
459, 668, 1
688, 411, 1
686, 719, 1
459, 686, 1
689, 474, 1
668, 689, 1
566, 403, 1
686, 557, 1
517, 547, 1
477, 474, 1
689, 501, 1
686, 566, 1
566, 668, 1
636, 485, 1
557, 430, 1
566, 686, 1
517, 403, 1
411, 403, 1
477, 586, 1
517, 668, 1
470, 556, 1
411, 668, 1
508, 430, 1
556, 614, 1
701, 501, 1
445, 517, 1
445, 459, 1
548, 691, 1
556, 403, 1
645, 459, 1
508, 411, 1
548, 459, 1
445, 477, 1
547, 714, 1
701, 485, 1
517, 688, 1
508, 691, 1
445, 501, 1
508, 688, 1
508, 459, 1
556, 411, 1
686, 688, 1
548, 403, 1
446, 688, 1
501, 688, 1
445, 485, 1
686, 459, 1
470, 688, 1
446, 459, 1
470, 459, 1
701, 557, 1
404, 688, 1
668, 688, 1
556, 691, 1
508, 403, 1
701, 517, 1
556, 459, 1
582, 688, 1
701, 459, 1
547, 474, 1
548, 411, 1
701, 477, 1
445, 557, 1
445, 688, 1
701, 688, 1
614, 288, -1
614, 29, -1
614, 768, -1
614, 1, -1
614, 3, -1
614, 766, -1
714, 288, -1
714, 29, -1
714, 768, -1
714, 1, -1
714, 3, -1
714, 766, -1
557, 288, -1
557, 29, -1
557, 768, -1
557, 1, -1
557, 3, -1
557, 766, -1
644, 288, -1
644, 29, -1
644, 768, -1
644, 1, -1
644, 3, -1
644, 766, -1
485, 288, -1
485, 29, -1
485, 768, -1
485, 1, -1
485, 3, -1
485, 766, -1
430, 288, -1
430, 29, -1
430, 768, -1
430, 1, -1
430, 3, -1
430, 766, -1
768, 689, -1
3, 477, -1
470, 766, -1
1, 586, -1
3, 614, -1
29, 459, -1
1, 714, -1
29, 404, -1
288, 689, -1
548, 29, -1
668, 766, -1
288, 582, -1
691, 29, -1
547, 3, -1
768, 508, -1
3, 470, -1
768, 691, -1
768, 517, -1
768, 636, -1
288, 719, -1
1, 689, -1
668, 3, -1
768, 645, -1
445, 766, -1
29, 644, -1
566, 766, -1
645, 766, -1
446, 29, -1
768, 556, -1
501, 29, -1
768, 501, -1
768, 446, -1
288, 474, -1
1, 508, -1
1, 691, -1
1, 636, -1
288, 547, -1
29, 445, -1
459, 29, -1
517, 766, -1
688, 1, -1
29, 582, -1
29, 701, -1
411, 766, -1
1, 474, -1
474, 29, -1
477, 766, -1
3, 691, -1
768, 485, -1
768, 430, -1
1, 547, -1
29, 719, -1
288, 403, -1
1, 556, -1
1, 501, -1
288, 586, -1
686, 766, -1
768, 686, -1
29, 548, -1
288, 714, -1
29, 557, -1
288, 668, -1
29, 566, -1
1, 403, -1
688, 3, -1
3, 556, -1
636, 29, -1
1, 485, -1
547, 766, -1
1, 430, -1
1, 668, -1
3, 403, -1
586, 766, -1
768, 688, -1
1, 686, -1
29, 614, -1
582, 3, -1
508, 29, -1
3, 485, -1
3, 668, -1
586, 3, -1
3, 686, -1
288, 508, -1
403, 766, -1
288, 691, -1
288, 517, -1
29, 470, -1
288, 636, -1
288, 645, -1
470, 29, -1
1, 517, -1
1, 645, -1
288, 556, -1
691, 3, -1
288, 501, -1
404, 29, -1
288, 446, -1
3, 508, -1
3, 517, -1
3, 636, -1
3, 645, -1
1, 446, -1
688, 766, -1
768, 701, -1
288, 485, -1
29, 691, -1
288, 430, -1
566, 29, -1
768, 411, -1
501, 3, -1
556, 766, -1
3, 501, -1
3, 446, -1
701, 766, -1
288, 686, -1
768, 548, -1
768, 557, -1
582, 766, -1
768, 566, -1
29, 547, -1
689, 29, -1
636, 1, -1
29, 556, -1
517, 29, -1
474, 3, -1
411, 29, -1
768, 459, -1
768, 404, -1
477, 29, -1
1, 411, -1
3, 430, -1
768, 477, -1
29, 403, -1
288, 688, -1
288, 459, -1
686, 29, -1
768, 614, -1
29, 586, -1
548, 766, -1
29, 485, -1
29, 430, -1
29, 668, -1
636, 3, -1
691, 766, -1
1, 459, -1
29, 686, -1
1, 404, -1
768, 644, -1
768, 470, -1
547, 29, -1
668, 29, -1
3, 459, -1
288, 644, -1
3, 404, -1
766, 719, -1
768, 445, -1
719, 766, -1
446, 766, -1
501, 766, -1
768, 582, -1
403, 29, -1
1, 644, -1
1, 470, -1
29, 508, -1
288, 445, -1
29, 517, -1
29, 636, -1
768, 719, -1
404, 766, -1
29, 645, -1
459, 766, -1
288, 701, -1
3, 644, -1
474, 766, -1
566, 1, -1
288, 411, -1
1, 445, -1
404, 3, -1
288, 548, -1
1, 582, -1
1, 701, -1
29, 446, -1
768, 474, -1
288, 557, -1
288, 566, -1
1, 719, -1
768, 547, -1
3, 445, -1
636, 766, -1
688, 29, -1
3, 582, -1
3, 701, -1
288, 404, -1
1, 548, -1
1, 557, -1
566, 3, -1
477, 1, -1
1, 566, -1
3, 719, -1
3, 411, -1
288, 477, -1
689, 766, -1
768, 403, -1
556, 29, -1
768, 586, -1
288, 614, -1
3, 548, -1
768, 714, -1
3, 557, -1
508, 766, -1
689, 3, -1
582, 29, -1
768, 668, -1
3, 566, -1
517, 3, -1
29, 411, -1
1, 477, -1
586, 29, -1
477, 3, -1
1, 614, -1
288, 470, -1
766, 445, -1
3, 474, -1
701, 29, -1
29, 477, -1
3, 689, -1
766, 548, -1
445, 29, -1
3, 586, -1
3, 547, -1
766, 701, -1
3, 714, -1
3, 688, -1
766, 459, -1
29, 501, -1
766, 556, -1
689, 1, -1
766, 645, -1
582, 1, -1
474, 1, -1
586, 1, -1
29, 688, -1
445, 1, -1
403, 1, -1
645, 1, -1
459, 1, -1
548, 1, -1
691, 1, -1
517, 1, -1
508, 1, -1
411, 1, -1
404, 1, -1
686, 1, -1
446, 1, -1
501, 1, -1
470, 1, -1
556, 1, -1
668, 1, -1
701, 1, -1
547, 1, -1

660, 403, 1
660, 404, 1
660, 686, 1
660, 582, 1
660, 689, 1
660, 445, 1
660, 636, 1
660, 691, 1
660, 586, 1
660, 459, 1
660, 411, 1
660, 470, 1
660, 645, 1
660, 517, 1
660, 719, 1
660, 501, 1
660, 688, 1
660, 508, 1
660, 668, 1
660, 446, 1
660, 556, 1
660, 566, 1
660, 547, 1
660, 474, 1
660, 548, 1
660, 701, 1
660, 477, 1
660, 614, 1
660, 714, 1
660, 557, 1
660, 644, 1
660, 485, 1
660, 430, 1
633, 403, 1
633, 404, 1
633, 686, 1
633, 582, 1
633, 689, 1
633, 445, 1
633, 636, 1
633, 691, 1
633, 586, 1
633, 459, 1
633, 411, 1
633, 470, 1
633, 645, 1
633, 517, 1
633, 719, 1
633, 501, 1
633, 688, 1
633, 508, 1
633, 668, 1
633, 446, 1
633, 556, 1
633, 566, 1
633, 547, 1
633, 474, 1
633, 548, 1
633, 701, 1
633, 477, 1
633, 614, 1
633, 714, 1
633, 557, 1
633, 644, 1
633, 485, 1
633, 430, 1
633, 660, 1
471, 403, 1
471, 404, 1
471, 686, 1
471, 582, 1
471, 689, 1
471, 445, 1
471, 636, 1
471, 691, 1
471, 586, 1
471, 459, 1
471, 411, 1
471, 470, 1
471, 645, 1
471, 517, 1
471, 719, 1
471, 501, 1
471, 688, 1
471, 508, 1
471, 668, 1
471, 446, 1
471, 556, 1
471, 566, 1
471, 547, 1
471, 474, 1
471, 548, 1
471, 701, 1
471, 477, 1
471, 614, 1
471, 714, 1
471, 557, 1
471, 644, 1
471, 485, 1
471, 430, 1
471, 660, 1
471, 633, 1
767, 1, 1
701, 614, 1
644, 470, 1
688, 644, 1
508, 686, 1
691, 411, 1
445, 517, 1
636, 633, 1
586, 614, 1
547, 403, 1
556, 470, 1
470, 430, 1
501, 445, 1
701, 470, 1
636, 471, 1
470, 686, 1
485, 446, 1
501, 701, 1
547, 668, 1
644, 582, 1
645, 556, 1
548, 614, 1
517, 645, 1
411, 636, 1
501, 548, 1
411, 645, 1
556, 582, 1
501, 557, 1
701, 582, 1
474, 701, 1
501, 566, 1
459, 411, 1
689, 446, 1
548, 470, 1
719, 459, 1
517, 501, 1
445, 485, 1
645, 430, 1
582, 719, 1
411, 501, 1
714, 548, 1
719, 477, 1
477, 446, 1
691, 644, 1
474, 548, 1
714, 557, 1
645, 686, 1
474, 557, 1
474, 566, 1
686, 556, 1
557, 582, 1
547, 636, 1
668, 517, 1
547, 645, 1
586, 636, 1
714, 404, 1
474, 404, 1
714, 660, 1
644, 586, 1
614, 582, 1
474, 660, 1
508, 582, 1
547, 501, 1
686, 430, 1
403, 636, 1
586, 501, 1
403, 645, 1
404, 470, 1
459, 644, 1
445, 471, 1
719, 445, 1
644, 689, 1
719, 701, 1
689, 459, 1
636, 614, 1
403, 501, 1
689, 477, 1
548, 501, 1
446, 719, 1
404, 582, 1
719, 566, 1
636, 470, 1
688, 508, 1
446, 566, 1
688, 517, 1
668, 548, 1
668, 633, 1
668, 404, 1
485, 548, 1
644, 446, 1
636, 582, 1
485, 557, 1
689, 445, 1
582, 471, 1
668, 660, 1
689, 701, 1
477, 445, 1
474, 547, 1
556, 446, 1
701, 446, 1
689, 719, 1
477, 701, 1
688, 485, 1
547, 644, 1
404, 586, 1
714, 403, 1
689, 557, 1
586, 446, 1
474, 403, 1
689, 566, 1
691, 508, 1
477, 548, 1
445, 614, 1
691, 517, 1
477, 557, 1
477, 566, 1
474, 668, 1
582, 430, 1
404, 689, 1
411, 459, 1
548, 446, 1
517, 477, 1
445, 470, 1
660, 633, 1
411, 477, 1
636, 586, 1
719, 691, 1
688, 633, 1
501, 645, 1
689, 714, 1
688, 471, 1
459, 508, 1
719, 547, 1
459, 517, 1
430, 719, 1
445, 582, 1
719, 556, 1
636, 689, 1
691, 485, 1
714, 636, 1
446, 556, 1
474, 636, 1
714, 645, 1
474, 645, 1
566, 719, 1
547, 477, 1
586, 459, 1
430, 566, 1
586, 477, 1
668, 614, 1
411, 445, 1
714, 501, 1
719, 430, 1
557, 508, 1
719, 668, 1
474, 501, 1
446, 430, 1
411, 701, 1
557, 517, 1
403, 459, 1
517, 719, 1
719, 686, 1
411, 719, 1
403, 477, 1
446, 686, 1
689, 691, 1
459, 485, 1
556, 445, 1
411, 566, 1
508, 517, 1
691, 471, 1
636, 446, 1
644, 548, 1
556, 701, 1
689, 547, 1
689, 556, 1
586, 445, 1
586, 701, 1
547, 719, 1
556, 548, 1
701, 548, 1
477, 556, 1
644, 404, 1
556, 557, 1
644, 633, 1
689, 403, 1
586, 719, 1
556, 566, 1
644, 660, 1
403, 445, 1
548, 445, 1
586, 548, 1
668, 636, 1
689, 430, 1
689, 668, 1
586, 557, 1
688, 614, 1
403, 701, 1
404, 517, 1
548, 701, 1
586, 566, 1
689, 686, 1
459, 471, 1
403, 719, 1
668, 474, 1
548, 719, 1
688, 470, 1
668, 501, 1
485, 645, 1
548, 557, 1
403, 566, 1
548, 566, 1
636, 688, 1
566, 471, 1
474, 644, 1
430, 556, 1
485, 501, 1
688, 582, 1
719, 411, 1
445, 446, 1
411, 691, 1
517, 471, 1
477, 645, 1
691, 614, 1
517, 556, 1
404, 548, 1
430, 686, 1
566, 430, 1
411, 556, 1
477, 501, 1
688, 474, 1
691, 470, 1
501, 477, 1
547, 691, 1
404, 633, 1
644, 614, 1
547, 471, 1
586, 691, 1
714, 459, 1
517, 430, 1
474, 459, 1
404, 660, 1
411, 430, 1
714, 477, 1
719, 644, 1
474, 477, 1
459, 614, 1
636, 548, 1
688, 586, 1
517, 686, 1
691, 582, 1
689, 411, 1
411, 686, 1
547, 556, 1
586, 547, 1
403, 691, 1
668, 446, 1
586, 556, 1
459, 470, 1
636, 404, 1
645, 471, 1
688, 689, 1
586, 403, 1
636, 660, 1
547, 430, 1
557, 614, 1
403, 556, 1
548, 556, 1
586, 430, 1
501, 719, 1
547, 686, 1
586, 668, 1
714, 445, 1
459, 582, 1
474, 445, 1
586, 686, 1
557, 470, 1
714, 701, 1
644, 636, 1
508, 614, 1
644, 645, 1
714, 719, 1
403, 668, 1
403, 430, 1
689, 644, 1
474, 719, 1
686, 471, 1
548, 430, 1
644, 474, 1
403, 686, 1
614, 470, 1
548, 686, 1
566, 582, 1
508, 470, 1
714, 566, 1
556, 645, 1
701, 645, 1
668, 459, 1
644, 501, 1
470, 614, 1
688, 446, 1
668, 477, 1
445, 548, 1
445, 557, 1
586, 645, 1
556, 501, 1
404, 614, 1
701, 501, 1
485, 477, 1
548, 645, 1
474, 714, 1
645, 614, 1
470, 582, 1
668, 445, 1
668, 701, 1
645, 470, 1
719, 508, 1
547, 411, 1
719, 517, 1
691, 446, 1
668, 719, 1
485, 445, 1
586, 411, 1
501, 471, 1
668, 557, 1
485, 701, 1
668, 566, 1
686, 614, 1
404, 636, 1
485, 719, 1
411, 644, 1
714, 691, 1
645, 582, 1
404, 645, 1
474, 691, 1
501, 556, 1
403, 411, 1
404, 474, 1
686, 470, 1
485, 566, 1
404, 501, 1
714, 547, 1
459, 446, 1
714, 556, 1
719, 485, 1
474, 556, 1
501, 430, 1
636, 645, 1
668, 714, 1
689, 508, 1
477, 719, 1
501, 686, 1
686, 582, 1
586, 644, 1
636, 474, 1
714, 430, 1
714, 668, 1
474, 430, 1
547, 689, 1
636, 501, 1
557, 446, 1
688, 548, 1
714, 686, 1
474, 686, 1
688, 557, 1
403, 644, 1
614, 446, 1
644, 459, 1
688, 404, 1
508, 446, 1
719, 471, 1
644, 477, 1
446, 471, 1
688, 660, 1
668, 691, 1
689, 485, 1
556, 477, 1
477, 485, 1
701, 477, 1
470, 446, 1
668, 547, 1
668, 556, 1
582, 614, 1
404, 446, 1
445, 645, 1
691, 548, 1
668, 403, 1
644, 445, 1
485, 556, 1
582, 470, 1
548, 477, 1
668, 430, 1
644, 701, 1
517, 508, 1
445, 501, 1
691, 404, 1
689, 471, 1
411, 508, 1
645, 446, 1
644, 719, 1
668, 686, 1
411, 517, 1
701, 445, 1
691, 660, 1
477, 471, 1
644, 557, 1
485, 430, 1
644, 566, 1
556, 719, 1
701, 719, 1
714, 411, 1
474, 411, 1
485, 686, 1
459, 548, 1
459, 557, 1
701, 557, 1
557, 445, 1
701, 566, 1
719, 614, 1
547, 508, 1
547, 517, 1
446, 614, 1
557, 701, 1
404, 459, 1
686, 446, 1
586, 508, 1
459, 404, 1
517, 485, 1
668, 645, 1
404, 477, 1
557, 719, 1
411, 485, 1
459, 660, 1
477, 430, 1
688, 403, 1
508, 445, 1
719, 470, 1
557, 548, 1
446, 470, 1
644, 714, 1
477, 686, 1
508, 701, 1
557, 566, 1
403, 508, 1
614, 719, 1
430, 471, 1
403, 517, 1
614, 548, 1
636, 459, 1
714, 644, 1
508, 548, 1
614, 566, 1
636, 477, 1
508, 557, 1
719, 582, 1
508, 566, 1
547, 485, 1
446, 582, 1
404, 445, 1
586, 485, 1
474, 689, 1
404, 701, 1
470, 548, 1
411, 471, 1
668, 411, 1
470, 566, 1
404, 719, 1
644, 691, 1
688, 636, 1
403, 485, 1
548, 485, 1
688, 645, 1
689, 470, 1
404, 557, 1
404, 566, 1
636, 445, 1
644, 547, 1
556, 471, 1
644, 556, 1
688, 501, 1
636, 701, 1
636, 719, 1
719, 586, 1
645, 548, 1
689, 582, 1
586, 471, 1
644, 403, 1
701, 556, 1
636, 557, 1
644, 430, 1
582, 446, 1
644, 668, 1
636, 566, 1
459, 403, 1
668, 644, 1
445, 477, 1
404, 714, 1
644, 686, 1
403, 471, 1
548, 471, 1
556, 430, 1
566, 614, 1
701, 430, 1
691, 636, 1
557, 556, 1
691, 645, 1
556, 686, 1
430, 470, 1
701, 686, 1
686, 548, 1
566, 470, 1
614, 556, 1
691, 501, 1
517, 614, 1
501, 508, 1
508, 556, 1
636, 714, 1
501, 517, 1
411, 614, 1
689, 586, 1
430, 582, 1
557, 686, 1
404, 691, 1
517, 470, 1
459, 636, 1
714, 508, 1
445, 701, 1
614, 430, 1
411, 470, 1
474, 508, 1
719, 446, 1
714, 517, 1
459, 645, 1
474, 517, 1
445, 719, 1
614, 686, 1
404, 547, 1
547, 614, 1
404, 556, 1
459, 501, 1
445, 566, 1
517, 582, 1
411, 582, 1
501, 485, 1
636, 691, 1
404, 403, 1
557, 645, 1
547, 470, 1
586, 470, 1
404, 430, 1
403, 614, 1
404, 668, 1
714, 485, 1
636, 547, 1
644, 411, 1
474, 485, 1
404, 686, 1
636, 556, 1
557, 501, 1
508, 645, 1
403, 470, 1
547, 582, 1
636, 403, 1
586, 582, 1
688, 459, 1
508, 501, 1
636, 430, 1
582, 548, 1
636, 668, 1
688, 477, 1
668, 508, 1
582, 566, 1
636, 686, 1
403, 582, 1
548, 582, 1
714, 471, 1
485, 508, 1
474, 471, 1
485, 517, 1
688, 445, 1
430, 446, 1
668, 485, 1
689, 517, 1
445, 556, 1
688, 701, 1
691, 459, 1
566, 446, 1
477, 508, 1
688, 719, 1
719, 548, 1
691, 477, 1
477, 517, 1
446, 548, 1
719, 557, 1
404, 411, 1
586, 689, 1
688, 566, 1
445, 430, 1
719, 404, 1
517, 446, 1
411, 446, 1
445, 686, 1
719, 660, 1
501, 614, 1
668, 471, 1
459, 477, 1
636, 411, 1
691, 445, 1
501, 470, 1
691, 701, 1
688, 714, 1
714, 614, 1
582, 556, 1
474, 614, 1
547, 446, 1
689, 548, 1
691, 719, 1
485, 471, 1
404, 644, 1
691, 557, 1
714, 470, 1
557, 477, 1
474, 470, 1
691, 566, 1
689, 633, 1
689, 404, 1
501, 582, 1
403, 446, 1
459, 445, 1
582, 686, 1
689, 660, 1
459, 701, 1
508, 477, 1
644, 508, 1
714, 582, 1
636, 644, 1
474, 582, 1
644, 517, 1
660, 471, 1
459, 719, 1
688, 691, 1
556, 508, 1
459, 566, 1
556, 517, 1
701, 517, 1
547, 459, 1
688, 547, 1
430, 548, 1
688, 556, 1
714, 474, 1
719, 403, 1
517, 445, 1
586, 517, 1
566, 548, 1
517, 701, 1
644, 485, 1
688, 430, 1
548, 508, 1
688, 668, 1
548, 517, 1
668, 470, 1
508, 719, 1
485, 614, 1
517, 548, 1
714, 586, 1
688, 686, 1
517, 557, 1
474, 586, 1
411, 548, 1
517, 566, 1
556, 485, 1
411, 557, 1
701, 485, 1
547, 445, 1
485, 470, 1
470, 719, 1
411, 404, 1
547, 701, 1
714, 689, 1
668, 582, 1
689, 614, 1
691, 556, 1
411, 660, 1
719, 636, 1
557, 485, 1
719, 645, 1
477, 614, 1
547, 548, 1
547, 557, 1
644, 471, 1
633, 471, 1
691, 403, 1
485, 582, 1
547, 566, 1
404, 508, 1
645, 445, 1
459, 691, 1
719, 501, 1
691, 430, 1
477, 470, 1
645, 701, 1
508, 485, 1
691, 668, 1
547, 404, 1
501, 446, 1
701, 471, 1
645, 719, 1
691, 686, 1
586, 404, 1
403, 548, 1
547, 660, 1
403, 557, 1
459, 556, 1
586, 660, 1
645, 566, 1
714, 446, 1
636, 508, 1
474, 446, 1
477, 582, 1
636, 517, 1
403, 404, 1
668, 586, 1
557, 471, 1
430, 614, 1
403, 660, 1
689, 636, 1
404, 485, 1
566, 556, 1
689, 645, 1
459, 430, 1
459, 668, 1
686, 719, 1
688, 411, 1
614, 471, 1
689, 474, 1
459, 686, 1
668, 689, 1
508, 471, 1
689, 501, 1
686, 566, 1
636, 485, 1
566, 686, 1
557, 430, 1
470, 471, 1
411, 403, 1
404, 471, 1
470, 556, 1
411, 668, 1
508, 430, 1
556, 614, 1
485, 691, 1
485, 636, 1
430, 645, 1
614, 411, 1
566, 508, 1
566, 517, 1
566, 636, 1
557, 633, 1
557, 459, 1
557, 688, 1
557, 404, 1
566, 645, 1
470, 485, 1
547, 586, 1
485, 547, 1
547, 714, 1
430, 501, 1
557, 660, 1
614, 688, 1
614, 633, 1
614, 459, 1
614, 404, 1
517, 691, 1
517, 636, 1
501, 411, 1
508, 459, 1
508, 633, 1
566, 501, 1
477, 636, 1
614, 660, 1
582, 689, 1
446, 557, 1
557, 644, 1
430, 485, 1
403, 586, 1
686, 508, 1
485, 668, 1
686, 517, 1
686, 645, 1
470, 688, 1
470, 633, 1
446, 459, 1
501, 459, 1
501, 404, 1
614, 644, 1
446, 477, 1
668, 688, 1
508, 644, 1
501, 660, 1
582, 691, 1
686, 501, 1
557, 411, 1
614, 445, 1
582, 474, 1
430, 688, 1
485, 688, 1
485, 633, 1
582, 547, 1
614, 701, 1
445, 688, 1
430, 517, 1
445, 633, 1
566, 688, 1
686, 485, 1
566, 633, 1
566, 459, 1
645, 633, 1
548, 691, 1
556, 403, 1
508, 411, 1
556, 586, 1
566, 660, 1
582, 403, 1
501, 689, 1
470, 445, 1
446, 445, 1
582, 586, 1
614, 557, 1
582, 714, 1
582, 485, 1
470, 701, 1
446, 701, 1
517, 633, 1
517, 459, 1
582, 668, 1
517, 688, 1
411, 633, 1
477, 688, 1
477, 633, 1
477, 459, 1
582, 477, 1
508, 404, 1
566, 644, 1
614, 477, 1
686, 688, 1
470, 557, 1
686, 633, 1
508, 660, 1
548, 403, 1
548, 586, 1
566, 445, 1
470, 459, 1
501, 474, 1
517, 644, 1
691, 586, 1
556, 691, 1
501, 547, 1
485, 411, 1
566, 701, 1
547, 633, 1
477, 644, 1
470, 477, 1
582, 508, 1
582, 517, 1
582, 636, 1
566, 411, 1
582, 645, 1
501, 403, 1
566, 557, 1
501, 586, 1
430, 633, 1
430, 459, 1
485, 459, 1
501, 714, 1
485, 404, 1
557, 691, 1
403, 633, 1
430, 477, 1
517, 411, 1
501, 668, 1
582, 501, 1
445, 459, 1
645, 459, 1
485, 660, 1
566, 404, 1
459, 586, 1
477, 411, 1
566, 477, 1
614, 691, 1
557, 547, 1
614, 636, 1
508, 691, 1
517, 404, 1
485, 644, 1
477, 404, 1
614, 547, 1
517, 660, 1
557, 403, 1
691, 547, 1
557, 586, 1
614, 501, 1
644, 688, 1
446, 508, 1
477, 660, 1
686, 459, 1
501, 691, 1
446, 517, 1
430, 445, 1
501, 636, 1
557, 668, 1
446, 645, 1
686, 477, 1
614, 403, 1
566, 689, 1
430, 701, 1
614, 586, 1
556, 633, 1
701, 688, 1
508, 403, 1
701, 633, 1
508, 586, 1
614, 485, 1
582, 688, 1
582, 633, 1
582, 459, 1
614, 668, 1
582, 404, 1
446, 501, 1
548, 411, 1
508, 668, 1
586, 633, 1
430, 557, 1
582, 660, 1
477, 689, 1
566, 691, 1
485, 474, 1
446, 485, 1
557, 636, 1
548, 633, 1
548, 459, 1
686, 445, 1
582, 644, 1
566, 474, 1
566, 547, 1
691, 633, 1
686, 701, 1
614, 508, 1
614, 517, 1
485, 403, 1
477, 691, 1
614, 645, 1
485, 586, 1
508, 636, 1
582, 445, 1
485, 714, 1
566, 403, 1
566, 586, 1
517, 547, 1
686, 557, 1
582, 701, 1
477, 474, 1
556, 411, 1
566, 714, 1
446, 688, 1
566, 485, 1
446, 633, 1
477, 547, 1
501, 633, 1
566, 668, 1
582, 411, 1
501, 688, 1
470, 517, 1
485, 689, 1
470, 645, 1
517, 403, 1
404, 688, 1
582, 557, 1
517, 586, 1
459, 633, 1
477, 403, 1
556, 459, 1
714, 633, 1
477, 586, 1
701, 459, 1
411, 586, 1
474, 633, 1
517, 668, 1
477, 714, 1
547, 474, 1
470, 501, 1
477, 668, 1
430, 508, 1
501, 644, 1
508, 688, 1
660, 288, -1
660, 29, -1
660, 768, -1
660, 1, -1
660, 3, -1
660, 766, -1
633, 288, -1
633, 29, -1
633, 768, -1
633, 1, -1
633, 3, -1
633, 766, -1
471, 288, -1
471, 29, -1
471, 768, -1
471, 1, -1
471, 3, -1
471, 766, -1
767, 288, -1
767, 29, -1
767, 768, -1
767, 403, -1
767, 404, -1
767, 686, -1
767, 582, -1
767, 689, -1
767, 445, -1
767, 636, -1
767, 691, -1
767, 586, -1
767, 459, -1
767, 411, -1
767, 470, -1
767, 645, -1
767, 517, -1
767, 719, -1
767, 501, -1
767, 688, -1
767, 508, -1
767, 668, -1
767, 446, -1
767, 556, -1
767, 566, -1
767, 547, -1
767, 474, -1
767, 548, -1
767, 701, -1
767, 477, -1
767, 614, -1
767, 714, -1
767, 557, -1
767, 644, -1
767, 485, -1
767, 430, -1
767, 660, -1
767, 633, -1
767, 471, -1
767, 3, -1
767, 766, -1
768, 689, -1
3, 477, -1
586, 1, -1
470, 766, -1
1, 586, -1
1, 714, -1
3, 614, -1
288, 689, -1
548, 29, -1
668, 766, -1
403, 767, -1
766, 471, -1
548, 767, -1
288, 582, -1
691, 29, -1
403, 1, -1
547, 3, -1
768, 508, -1
3, 470, -1
1, 689, -1
768, 691, -1
288, 719, -1
768, 636, -1
668, 3, -1
768, 517, -1
768, 645, -1
430, 766, -1
471, 767, -1
485, 766, -1
445, 766, -1
566, 766, -1
645, 766, -1
719, 29, -1
768, 556, -1
501, 29, -1
768, 501, -1
644, 29, -1
768, 446, -1
288, 474, -1
1, 508, -1
501, 767, -1
1, 691, -1
1, 636, -1
644, 767, -1
633, 767, -1
288, 547, -1
29, 445, -1
288, 1, -1
688, 767, -1
644, 1, -1
459, 29, -1
688, 1, -1
517, 766, -1
29, 582, -1
29, 701, -1
1, 474, -1
714, 29, -1
474, 29, -1
411, 766, -1
3, 691, -1
768, 485, -1
556, 767, -1
768, 430, -1
1, 547, -1
701, 767, -1
29, 719, -1
288, 403, -1
1, 556, -1
556, 1, -1
288, 586, -1
701, 1, -1
1, 501, -1
768, 686, -1
686, 766, -1
288, 714, -1
582, 1, -1
288, 668, -1
29, 566, -1
1, 766, -1
547, 1, -1
1, 403, -1
3, 556, -1
688, 3, -1
557, 29, -1
636, 29, -1
557, 767, -1
1, 485, -1
547, 766, -1
1, 3, -1
1, 668, -1
1, 430, -1
3, 403, -1
586, 766, -1
1, 686, -1
768, 688, -1
768, 633, -1
29, 614, -1
548, 1, -1
508, 29, -1
3, 485, -1
614, 767, -1
691, 767, -1
3, 668, -1
586, 3, -1
508, 767, -1
768, 471, -1
691, 1, -1
3, 686, -1
288, 508, -1
403, 766, -1
288, 691, -1
288, 517, -1
29, 470, -1
288, 636, -1
288, 645, -1
288, 471, -1
719, 767, -1
446, 767, -1
1, 517, -1
446, 1, -1
501, 1, -1
1, 645, -1
288, 556, -1
1, 471, -1
288, 501, -1
404, 29, -1
288, 446, -1
404, 767, -1
3, 508, -1
459, 767, -1
3, 517, -1
3, 636, -1
404, 1, -1
714, 767, -1
459, 1, -1
3, 645, -1
474, 767, -1
485, 29, -1
3, 471, -1
714, 1, -1
644, 766, -1
1, 446, -1
768, 701, -1
474, 1, -1
688, 766, -1
445, 29, -1
719, 3, -1
288, 485, -1
288, 430, -1
768, 411, -1
644, 3, -1
566, 767, -1
556, 766, -1
3, 501, -1
288, 686, -1
701, 766, -1
3, 446, -1
768, 548, -1
768, 557, -1
582, 766, -1
768, 566, -1
636, 767, -1
689, 29, -1
557, 1, -1
636, 1, -1
714, 3, -1
517, 29, -1
474, 3, -1
689, 767, -1
411, 29, -1
768, 459, -1
768, 404, -1
517, 767, -1
477, 29, -1
689, 1, -1
1, 411, -1
3, 430, -1
768, 477, -1
477, 767, -1
768, 660, -1
614, 1, -1
288, 688, -1
288, 633, -1
288, 459, -1
768, 614, -1
508, 1, -1
548, 766, -1
29, 430, -1
636, 3, -1
691, 766, -1
1, 459, -1
29, 686, -1
1, 404, -1
1, 633, -1
768, 644, -1
768, 470, -1
470, 767, -1
547, 29, -1
470, 1, -1
668, 29, -1
1, 660, -1
547, 767, -1
668, 767, -1
288, 644, -1
3, 459, -1
3, 404, -1
668, 1, -1
766, 719, -1
768, 445, -1
719, 766, -1
446, 766, -1
3, 660, -1
501, 766, -1
768, 582, -1
403, 29, -1
1, 644, -1
1, 470, -1
430, 767, -1
485, 767, -1
288, 445, -1
768, 719, -1
430, 1, -1
485, 1, -1
404, 766, -1
445, 767, -1
29, 645, -1
29, 471, -1
459, 766, -1
288, 701, -1
645, 767, -1
445, 1, -1
714, 766, -1
3, 644, -1
474, 766, -1
566, 1, -1
645, 1, -1
288, 411, -1
1, 445, -1
404, 3, -1
477, 766, -1
288, 548, -1
1, 582, -1
1, 701, -1
29, 446, -1
768, 474, -1
288, 557, -1
288, 566, -1
1, 719, -1
3, 445, -1
768, 547, -1
768, 1, -1
411, 767, -1
517, 1, -1
557, 766, -1
636, 766, -1
411, 1, -1
3, 582, -1
3, 701, -1
660, 767, -1
1, 548, -1
688, 29, -1
1, 557, -1
288, 404, -1
477, 1, -1
1, 566, -1
3, 719, -1
689, 766, -1
686, 767, -1
1, 29, -1
3, 411, -1
768, 403, -1
288, 477, -1
686, 1, -1
288, 660, -1
768, 586, -1
556, 29, -1
614, 766, -1
701, 29, -1
288, 614, -1
3, 548, -1
768, 714, -1
3, 557, -1
508, 766, -1
689, 3, -1
3, 566, -1
768, 668, -1
1, 477, -1
582, 767, -1
586, 29, -1
1, 614, -1
288, 470, -1
586, 767, -1
3, 474, -1
766, 548, -1
430, 29, -1
29, 557, -1
566, 29, -1
29, 691, -1
29, 508, -1
501, 3, -1
29, 633, -1
29, 459, -1
29, 517, -1
766, 459, -1
766, 633, -1
29, 404, -1
29, 767, -1
29, 636, -1
766, 767, -1
766, 645, -1
29, 660, -1
29, 477, -1
29, 547, -1
3, 586, -1
614, 29, -1
29, 556, -1
582, 3, -1
3, 714, -1
29, 501, -1
766, 556, -1
768, 767, -1
29, 644, -1
485, 3, -1
29, 403, -1
3, 689, -1
686, 29, -1
29, 586, -1
446, 29, -1
288, 767, -1
566, 3, -1
29, 485, -1
470, 29, -1
29, 668, -1
557, 3, -1
766, 445, -1
691, 3, -1
582, 29, -1
766, 701, -1
29, 411, -1
517, 3, -1
614, 3, -1
3, 688, -1
3, 633, -1
477, 3, -1
3, 767, -1
29, 548, -1
3, 547, -1
29, 688, -1

581, 403, 1
581, 404, 1
581, 686, 1
581, 582, 1
581, 689, 1
581, 445, 1
581, 636, 1
581, 691, 1
581, 586, 1
581, 459, 1
581, 411, 1
581, 470, 1
581, 645, 1
581, 517, 1
581, 719, 1
581, 501, 1
581, 688, 1
581, 508, 1
581, 668, 1
581, 446, 1
581, 556, 1
581, 566, 1
581, 547, 1
581, 474, 1
581, 548, 1
581, 701, 1
581, 477, 1
581, 614, 1
581, 714, 1
581, 557, 1
581, 644, 1
581, 485, 1
581, 430, 1
581, 660, 1
581, 633, 1
581, 471, 1
651, 403, 1
651, 404, 1
651, 686, 1
651, 582, 1
651, 689, 1
651, 445, 1
651, 636, 1
651, 691, 1
651, 586, 1
651, 459, 1
651, 411, 1
651, 470, 1
651, 645, 1
651, 517, 1
651, 719, 1
651, 501, 1
651, 688, 1
651, 508, 1
651, 668, 1
651, 446, 1
651, 556, 1
651, 566, 1
651, 547, 1
651, 474, 1
651, 548, 1
651, 701, 1
651, 477, 1
651, 614, 1
651, 714, 1
651, 557, 1
651, 644, 1
651, 485, 1
651, 430, 1
651, 660, 1
651, 633, 1
651, 471, 1
651, 581, 1
479, 403, 1
479, 404, 1
479, 686, 1
479, 582, 1
479, 689, 1
479, 445, 1
479, 636, 1
479, 691, 1
479, 586, 1
479, 459, 1
479, 411, 1
479, 470, 1
479, 645, 1
479, 517, 1
479, 719, 1
479, 501, 1
479, 688, 1
479, 508, 1
479, 668, 1
479, 446, 1
479, 556, 1
479, 566, 1
479, 547, 1
479, 474, 1
479, 548, 1
479, 701, 1
479, 477, 1
479, 614, 1
479, 714, 1
479, 557, 1
479, 644, 1
479, 485, 1
479, 430, 1
479, 660, 1
479, 633, 1
479, 471, 1
479, 581, 1
479, 651, 1
570, 403, 1
570, 404, 1
570, 686, 1
570, 582, 1
570, 689, 1
570, 445, 1
570, 636, 1
570, 691, 1
570, 586, 1
570, 459, 1
570, 411, 1
570, 470, 1
570, 645, 1
570, 517, 1
570, 719, 1
570, 501, 1
570, 688, 1
570, 508, 1
570, 668, 1
570, 446, 1
570, 556, 1
570, 566, 1
570, 547, 1
570, 474, 1
570, 548, 1
570, 701, 1
570, 477, 1
570, 614, 1
570, 714, 1
570, 557, 1
570, 644, 1
570, 485, 1
570, 430, 1
570, 660, 1
570, 633, 1
570, 471, 1
570, 581, 1
570, 651, 1
570, 479, 1
2, 768, 1
431, 403, 1
431, 404, 1
431, 686, 1
431, 582, 1
431, 689, 1
431, 445, 1
431, 636, 1
431, 691, 1
431, 586, 1
431, 459, 1
431, 411, 1
431, 470, 1
431, 645, 1
431, 517, 1
431, 719, 1
431, 501, 1
431, 688, 1
431, 508, 1
431, 668, 1
431, 446, 1
431, 556, 1
431, 566, 1
431, 547, 1
431, 474, 1
431, 548, 1
431, 701, 1
431, 477, 1
431, 614, 1
431, 714, 1
431, 557, 1
431, 644, 1
431, 485, 1
431, 430, 1
431, 660, 1
431, 633, 1
431, 471, 1
431, 581, 1
431, 651, 1
431, 479, 1
431, 570, 1
218, 288, 1
218, 29, 1
701, 614, 1
633, 470, 1
688, 644, 1
508, 686, 1
485, 581, 1
644, 470, 1
430, 645, 1
691, 411, 1
445, 517, 1
586, 614, 1
566, 645, 1
547, 403, 1
556, 470, 1
470, 430, 1
501, 445, 1
701, 470, 1
556, 479, 1
701, 479, 1
636, 471, 1
470, 686, 1
485, 446, 1
501, 701, 1
547, 668, 1
633, 582, 1
644, 582, 1
689, 581, 1
517, 636, 1
586, 479, 1
548, 614, 1
517, 645, 1
411, 636, 1
477, 581, 1
411, 645, 1
501, 548, 1
556, 582, 1
501, 557, 1
701, 582, 1
474, 701, 1
501, 566, 1
459, 411, 1
445, 485, 1
689, 446, 1
719, 459, 1
517, 501, 1
548, 470, 1
548, 479, 1
645, 430, 1
582, 719, 1
471, 403, 1
446, 459, 1
714, 548, 1
719, 477, 1
411, 501, 1
477, 446, 1
691, 644, 1
714, 557, 1
474, 548, 1
501, 404, 1
645, 686, 1
474, 557, 1
501, 660, 1
474, 566, 1
471, 668, 1
501, 431, 1
557, 582, 1
547, 636, 1
668, 517, 1
547, 645, 1
586, 636, 1
714, 404, 1
557, 411, 1
474, 404, 1
714, 651, 1
474, 651, 1
633, 586, 1
714, 660, 1
644, 586, 1
614, 582, 1
474, 660, 1
474, 431, 1
508, 582, 1
547, 501, 1
686, 430, 1
403, 636, 1
586, 501, 1
403, 645, 1
556, 586, 1
404, 470, 1
459, 644, 1
445, 471, 1
719, 445, 1
446, 445, 1
633, 689, 1
719, 701, 1
689, 459, 1
471, 636, 1
446, 701, 1
471, 645, 1
636, 614, 1
403, 501, 1
689, 477, 1
548, 501, 1
477, 688, 1
446, 719, 1
477, 459, 1
404, 582, 1
660, 517, 1
719, 566, 1
471, 501, 1
688, 508, 1
636, 470, 1
446, 566, 1
548, 586, 1
688, 517, 1
644, 581, 1
668, 548, 1
636, 479, 1
517, 644, 1
501, 547, 1
556, 581, 1
719, 431, 1
701, 581, 1
446, 431, 1
668, 404, 1
485, 548, 1
644, 446, 1
636, 582, 1
485, 557, 1
689, 445, 1
582, 471, 1
668, 660, 1
586, 581, 1
501, 403, 1
689, 701, 1
477, 445, 1
474, 547, 1
430, 459, 1
556, 446, 1
701, 446, 1
689, 719, 1
485, 404, 1
477, 701, 1
501, 668, 1
485, 651, 1
688, 485, 1
547, 644, 1
485, 660, 1
404, 586, 1
714, 403, 1
689, 557, 1
586, 446, 1
548, 581, 1
474, 403, 1
719, 570, 1
689, 566, 1
691, 508, 1
477, 548, 1
445, 614, 1
691, 517, 1
477, 557, 1
477, 566, 1
474, 668, 1
582, 430, 1
411, 459, 1
548, 446, 1
517, 477, 1
477, 404, 1
445, 470, 1
689, 431, 1
445, 479, 1
411, 477, 1
660, 404, 1
636, 586, 1
719, 691, 1
477, 660, 1
688, 633, 1
477, 431, 1
501, 636, 1
430, 445, 1
633, 517, 1
501, 645, 1
689, 714, 1
688, 471, 1
430, 701, 1
651, 431, 1
459, 508, 1
719, 547, 1
459, 517, 1
445, 582, 1
430, 719, 1
719, 556, 1
691, 485, 1
714, 636, 1
474, 636, 1
714, 645, 1
566, 719, 1
586, 459, 1
689, 570, 1
474, 645, 1
547, 477, 1
430, 566, 1
586, 477, 1
668, 614, 1
411, 445, 1
714, 501, 1
719, 430, 1
557, 508, 1
719, 668, 1
474, 501, 1
446, 430, 1
411, 701, 1
403, 459, 1
557, 517, 1
517, 719, 1
548, 459, 1
636, 581, 1
651, 570, 1
719, 686, 1
430, 431, 1
411, 719, 1
403, 477, 1
446, 686, 1
689, 691, 1
668, 479, 1
459, 485, 1
556, 445, 1
471, 459, 1
477, 691, 1
485, 403, 1
411, 566, 1
508, 517, 1
691, 471, 1
471, 477, 1
636, 446, 1
556, 701, 1
633, 548, 1
644, 548, 1
689, 547, 1
689, 556, 1
586, 445, 1
477, 547, 1
586, 701, 1
547, 719, 1
477, 556, 1
556, 548, 1
411, 431, 1
633, 404, 1
644, 404, 1
556, 557, 1
689, 403, 1
586, 719, 1
556, 566, 1
633, 651, 1
660, 614, 1
403, 445, 1
633, 660, 1
644, 660, 1
548, 445, 1
586, 548, 1
581, 479, 1
689, 430, 1
668, 636, 1
689, 668, 1
586, 557, 1
688, 614, 1
403, 701, 1
404, 517, 1
477, 403, 1
586, 566, 1
548, 701, 1
689, 686, 1
459, 471, 1
403, 719, 1
477, 668, 1
471, 445, 1
548, 719, 1
556, 431, 1
660, 470, 1
501, 644, 1
660, 479, 1
517, 570, 1
485, 636, 1
688, 470, 1
471, 701, 1
668, 501, 1
485, 645, 1
688, 479, 1
548, 557, 1
403, 566, 1
445, 581, 1
586, 431, 1
471, 719, 1
548, 566, 1
557, 404, 1
566, 471, 1
557, 651, 1
474, 644, 1
557, 660, 1
547, 714, 1
479, 570, 1
485, 501, 1
471, 566, 1
688, 582, 1
719, 411, 1
403, 431, 1
445, 446, 1
517, 691, 1
548, 431, 1
411, 691, 1
517, 471, 1
477, 636, 1
547, 570, 1
477, 645, 1
660, 636, 1
691, 614, 1
586, 570, 1
471, 431, 1
517, 556, 1
404, 548, 1
430, 686, 1
566, 430, 1
411, 556, 1
501, 459, 1
477, 501, 1
688, 474, 1
691, 470, 1
501, 477, 1
660, 501, 1
691, 479, 1
547, 691, 1
633, 614, 1
668, 581, 1
547, 471, 1
586, 691, 1
714, 459, 1
517, 430, 1
644, 614, 1
474, 459, 1
404, 660, 1
660, 586, 1
411, 430, 1
714, 477, 1
471, 570, 1
719, 644, 1
517, 686, 1
459, 614, 1
688, 586, 1
474, 477, 1
636, 548, 1
691, 582, 1
689, 411, 1
411, 686, 1
547, 556, 1
586, 547, 1
633, 479, 1
668, 446, 1
403, 691, 1
586, 556, 1
644, 479, 1
548, 691, 1
459, 470, 1
636, 404, 1
645, 471, 1
459, 479, 1
688, 689, 1
508, 459, 1
586, 403, 1
471, 691, 1
636, 660, 1
547, 430, 1
403, 556, 1
557, 614, 1
548, 556, 1
586, 430, 1
501, 719, 1
586, 668, 1
547, 686, 1
714, 445, 1
474, 445, 1
586, 686, 1
570, 431, 1
459, 582, 1
471, 547, 1
471, 556, 1
660, 581, 1
714, 701, 1
557, 470, 1
633, 636, 1
508, 614, 1
557, 479, 1
644, 636, 1
688, 581, 1
403, 430, 1
714, 719, 1
403, 668, 1
548, 430, 1
474, 719, 1
686, 471, 1
633, 645, 1
644, 645, 1
689, 644, 1
691, 586, 1
403, 686, 1
633, 474, 1
548, 686, 1
614, 470, 1
566, 582, 1
477, 644, 1
614, 479, 1
660, 446, 1
714, 566, 1
668, 459, 1
556, 645, 1
701, 645, 1
508, 470, 1
633, 501, 1
508, 479, 1
644, 501, 1
471, 430, 1
688, 446, 1
470, 614, 1
668, 477, 1
471, 686, 1
445, 557, 1
586, 645, 1
556, 501, 1
404, 614, 1
485, 459, 1
701, 501, 1
714, 431, 1
501, 714, 1
470, 479, 1
517, 411, 1
485, 477, 1
459, 586, 1
548, 645, 1
501, 570, 1
404, 479, 1
474, 714, 1
645, 614, 1
691, 581, 1
470, 582, 1
668, 445, 1
714, 570, 1
668, 701, 1
474, 570, 1
660, 459, 1
719, 508, 1
645, 470, 1
557, 586, 1
547, 411, 1
719, 517, 1
691, 446, 1
668, 719, 1
645, 479, 1
501, 691, 1
586, 411, 1
485, 445, 1
633, 581, 1
501, 471, 1
668, 557, 1
485, 701, 1
668, 566, 1
686, 614, 1
404, 636, 1
508, 586, 1
459, 581, 1
485, 719, 1
404, 645, 1
714, 691, 1
645, 582, 1
411, 644, 1
474, 691, 1
501, 556, 1
403, 411, 1
633, 446, 1
686, 470, 1
485, 566, 1
668, 431, 1
686, 479, 1
404, 501, 1
714, 547, 1
459, 446, 1
471, 411, 1
714, 556, 1
719, 485, 1
660, 445, 1
474, 556, 1
501, 430, 1
557, 581, 1
660, 701, 1
636, 645, 1
689, 508, 1
485, 431, 1
477, 719, 1
501, 686, 1
660, 719, 1
586, 644, 1
686, 582, 1
714, 430, 1
660, 548, 1
714, 668, 1
474, 430, 1
636, 501, 1
508, 581, 1
557, 446, 1
660, 557, 1
485, 714, 1
688, 548, 1
714, 686, 1
660, 566, 1
288, 29, 1
474, 686, 1
688, 557, 1
581, 431, 1
403, 644, 1
614, 446, 1
633, 459, 1
644, 459, 1
485, 570, 1
688, 404, 1
508, 446, 1
719, 471, 1
660, 431, 1
633, 477, 1
688, 651, 1
446, 471, 1
644, 477, 1
471, 644, 1
688, 660, 1
668, 691, 1
689, 485, 1
556, 459, 1
701, 459, 1
404, 581, 1
477, 714, 1
556, 477, 1
477, 485, 1
701, 477, 1
470, 446, 1
485, 691, 1
668, 556, 1
582, 614, 1
477, 570, 1
404, 446, 1
445, 645, 1
557, 459, 1
691, 548, 1
668, 403, 1
485, 547, 1
633, 445, 1
644, 445, 1
485, 556, 1
582, 470, 1
582, 479, 1
668, 430, 1
633, 701, 1
644, 701, 1
445, 501, 1
548, 477, 1
517, 508, 1
691, 404, 1
614, 459, 1
411, 508, 1
689, 471, 1
645, 446, 1
633, 719, 1
668, 686, 1
644, 719, 1
701, 445, 1
691, 651, 1
411, 517, 1
501, 411, 1
691, 660, 1
660, 691, 1
477, 471, 1
633, 557, 1
485, 430, 1
644, 557, 1
485, 668, 1
556, 719, 1
633, 566, 1
644, 566, 1
714, 411, 1
701, 719, 1
459, 548, 1
485, 686, 1
474, 411, 1
459, 557, 1
660, 556, 1
701, 557, 1
557, 445, 1
701, 566, 1
719, 614, 1
547, 508, 1
547, 517, 1
446, 614, 1
633, 431, 1
644, 431, 1
686, 446, 1
586, 508, 1
459, 404, 1
557, 701, 1
404, 459, 1
517, 485, 1
668, 645, 1
459, 651, 1
557, 719, 1
404, 477, 1
660, 403, 1
614, 445, 1
411, 485, 1
459, 660, 1
477, 430, 1
688, 403, 1
508, 445, 1
719, 470, 1
557, 548, 1
660, 430, 1
446, 470, 1
719, 479, 1
633, 714, 1
701, 431, 1
660, 668, 1
477, 686, 1
446, 479, 1
508, 701, 1
557, 566, 1
403, 508, 1
614, 719, 1
430, 471, 1
660, 686, 1
403, 517, 1
636, 459, 1
501, 689, 1
470, 445, 1
714, 644, 1
633, 570, 1
508, 548, 1
471, 508, 1
636, 477, 1
508, 557, 1
719, 582, 1
614, 566, 1
471, 517, 1
547, 485, 1
508, 566, 1
446, 582, 1
557, 431, 1
470, 701, 1
586, 485, 1
404, 445, 1
517, 651, 1
508, 404, 1
474, 689, 1
404, 701, 1
614, 431, 1
411, 471, 1
668, 411, 1
508, 660, 1
404, 719, 1
508, 431, 1
633, 691, 1
660, 645, 1
470, 566, 1
644, 691, 1
688, 636, 1
403, 485, 1
548, 485, 1
688, 645, 1
689, 470, 1
404, 557, 1
404, 566, 1
556, 691, 1
485, 411, 1
547, 633, 1
636, 445, 1
633, 547, 1
556, 471, 1
470, 431, 1
633, 556, 1
644, 556, 1
471, 485, 1
547, 651, 1
688, 501, 1
636, 701, 1
719, 586, 1
636, 719, 1
689, 582, 1
586, 471, 1
404, 431, 1
633, 403, 1
644, 403, 1
557, 691, 1
636, 557, 1
445, 459, 1
633, 430, 1
644, 430, 1
633, 668, 1
582, 446, 1
636, 566, 1
644, 668, 1
459, 403, 1
668, 644, 1
445, 477, 1
477, 411, 1
633, 686, 1
644, 686, 1
403, 471, 1
548, 471, 1
660, 411, 1
556, 430, 1
557, 547, 1
691, 636, 1
701, 430, 1
566, 614, 1
557, 556, 1
508, 691, 1
691, 645, 1
636, 431, 1
556, 686, 1
430, 470, 1
701, 686, 1
485, 644, 1
557, 403, 1
566, 470, 1
517, 614, 1
691, 501, 1
566, 479, 1
508, 556, 1
719, 581, 1
501, 508, 1
501, 517, 1
411, 614, 1
557, 668, 1
689, 586, 1
430, 582, 1
557, 686, 1
404, 691, 1
517, 470, 1
459, 636, 1
714, 508, 1
445, 701, 1
517, 479, 1
614, 430, 1
459, 645, 1
714, 517, 1
719, 446, 1
474, 508, 1
411, 470, 1
474, 517, 1
411, 479, 1
445, 719, 1
508, 668, 1
660, 644, 1
582, 459, 1
614, 686, 1
547, 614, 1
404, 556, 1
477, 689, 1
459, 501, 1
445, 566, 1
517, 582, 1
411, 582, 1
501, 485, 1
636, 691, 1
557, 636, 1
404, 403, 1
557, 645, 1
547, 470, 1
547, 479, 1
586, 470, 1
404, 430, 1
403, 614, 1
445, 431, 1
404, 668, 1
714, 485, 1
633, 411, 1
644, 411, 1
474, 485, 1
404, 686, 1
636, 556, 1
557, 501, 1
508, 636, 1
614, 645, 1
582, 445, 1
508, 645, 1
471, 614, 1
547, 582, 1
403, 470, 1
582, 701, 1
403, 479, 1
636, 403, 1
501, 633, 1
586, 582, 1
688, 459, 1
508, 501, 1
660, 477, 1
501, 651, 1
636, 430, 1
470, 645, 1
636, 668, 1
471, 470, 1
688, 477, 1
668, 508, 1
517, 586, 1
471, 479, 1
582, 566, 1
636, 686, 1
411, 586, 1
714, 633, 1
403, 582, 1
474, 633, 1
548, 582, 1
547, 474, 1
714, 471, 1
485, 508, 1
474, 471, 1
633, 644, 1
485, 517, 1
471, 582, 1
582, 431, 1
547, 586, 1
688, 445, 1
430, 446, 1
668, 485, 1
689, 517, 1
688, 701, 1
691, 459, 1
566, 446, 1
517, 581, 1
477, 508, 1
688, 719, 1
719, 548, 1
691, 477, 1
660, 508, 1
411, 581, 1
719, 557, 1
477, 517, 1
557, 644, 1
403, 586, 1
404, 411, 1
688, 566, 1
445, 430, 1
686, 645, 1
719, 404, 1
517, 446, 1
719, 651, 1
411, 446, 1
471, 586, 1
445, 686, 1
719, 660, 1
508, 644, 1
501, 614, 1
547, 581, 1
688, 431, 1
668, 471, 1
459, 477, 1
636, 411, 1
691, 445, 1
485, 633, 1
660, 485, 1
691, 701, 1
714, 614, 1
688, 714, 1
501, 470, 1
474, 614, 1
547, 446, 1
501, 479, 1
566, 459, 1
691, 719, 1
485, 471, 1
689, 548, 1
403, 581, 1
404, 644, 1
691, 557, 1
714, 470, 1
688, 570, 1
557, 477, 1
691, 566, 1
474, 470, 1
689, 633, 1
714, 479, 1
474, 479, 1
471, 581, 1
501, 582, 1
517, 459, 1
689, 404, 1
689, 651, 1
403, 446, 1
477, 633, 1
459, 445, 1
582, 686, 1
689, 660, 1
477, 651, 1
459, 701, 1
508, 477, 1
691, 431, 1
714, 582, 1
633, 508, 1
644, 508, 1
636, 644, 1
474, 582, 1
459, 719, 1
688, 691, 1
644, 517, 1
660, 471, 1
471, 446, 1
470, 459, 1
566, 445, 1
501, 474, 1
556, 508, 1
459, 566, 1
556, 517, 1
566, 701, 1
701, 517, 1
547, 459, 1
688, 547, 1
688, 556, 1
582, 645, 1
714, 474, 1
719, 403, 1
586, 517, 1
517, 445, 1
459, 431, 1
501, 586, 1
517, 701, 1
633, 485, 1
644, 485, 1
688, 430, 1
548, 508, 1
688, 668, 1
645, 459, 1
548, 517, 1
668, 470, 1
508, 719, 1
485, 614, 1
517, 548, 1
714, 586, 1
688, 686, 1
517, 557, 1
474, 586, 1
411, 548, 1
556, 485, 1
517, 566, 1
566, 431, 1
701, 485, 1
411, 557, 1
547, 445, 1
517, 404, 1
485, 470, 1
470, 719, 1
485, 479, 1
411, 404, 1
547, 701, 1
714, 689, 1
668, 582, 1
691, 547, 1
517, 660, 1
411, 651, 1
517, 431, 1
689, 614, 1
691, 556, 1
411, 660, 1
719, 636, 1
686, 459, 1
557, 485, 1
719, 645, 1
477, 614, 1
501, 581, 1
547, 548, 1
446, 645, 1
547, 557, 1
633, 471, 1
644, 471, 1
691, 403, 1
485, 582, 1
547, 566, 1
404, 508, 1
645, 445, 1
459, 691, 1
479, 431, 1
689, 479, 1
719, 501, 1
691, 430, 1
645, 701, 1
691, 668, 1
508, 485, 1
714, 581, 1
547, 404, 1
477, 479, 1
474, 581, 1
701, 471, 1
501, 446, 1
477, 470, 1
645, 719, 1
691, 686, 1
586, 404, 1
547, 660, 1
403, 548, 1
547, 431, 1
586, 651, 1
403, 557, 1
651, 479, 1
586, 660, 1
459, 556, 1
645, 566, 1
485, 474, 1
714, 446, 1
636, 508, 1
474, 446, 1
477, 582, 1
636, 517, 1
403, 404, 1
471, 548, 1
668, 586, 1
471, 557, 1
660, 582, 1
557, 471, 1
686, 445, 1
403, 651, 1
430, 614, 1
403, 660, 1
689, 636, 1
404, 485, 1
686, 701, 1
459, 430, 1
689, 645, 1
459, 668, 1
645, 431, 1
471, 404, 1
686, 719, 1
688, 411, 1
614, 471, 1
459, 686, 1
689, 474, 1
485, 586, 1
471, 651, 1
508, 471, 1
471, 660, 1
614, 701, 1
430, 479, 1
517, 547, 1
477, 474, 1
689, 501, 1
686, 566, 1
485, 689, 1
636, 485, 1
557, 430, 1
566, 686, 1
470, 471, 1
517, 403, 1
411, 403, 1
686, 431, 1
477, 586, 1
517, 668, 1
404, 471, 1
411, 668, 1
508, 430, 1
556, 614, 1
668, 547, 1
430, 581, 1
614, 411, 1
411, 570, 1
566, 508, 1
566, 517, 1
566, 636, 1
660, 570, 1
636, 633, 1
557, 633, 1
566, 581, 1
636, 688, 1
470, 485, 1
660, 689, 1
557, 688, 1
430, 556, 1
430, 501, 1
614, 688, 1
614, 633, 1
445, 556, 1
614, 404, 1
645, 556, 1
566, 501, 1
508, 633, 1
508, 688, 1
614, 651, 1
614, 660, 1
446, 548, 1
582, 689, 1
582, 570, 1
508, 651, 1
446, 557, 1
430, 485, 1
288, 218, 1
686, 508, 1
586, 689, 1
686, 517, 1
686, 581, 1
470, 688, 1
660, 474, 1
470, 633, 1
660, 547, 1
614, 644, 1
446, 477, 1
668, 688, 1
403, 570, 1
548, 570, 1
582, 691, 1
404, 633, 1
686, 556, 1
686, 501, 1
404, 651, 1
582, 474, 1
430, 688, 1
660, 714, 1
485, 688, 1
582, 547, 1
644, 714, 1
582, 556, 1
430, 517, 1
445, 633, 1
445, 688, 1
566, 688, 1
686, 485, 1
566, 633, 1
645, 633, 1
556, 403, 1
508, 411, 1
566, 651, 1
614, 548, 1
566, 660, 1
582, 403, 1
614, 557, 1
582, 586, 1
644, 570, 1
644, 689, 1
636, 651, 1
582, 714, 1
582, 485, 1
517, 688, 1
517, 633, 1
582, 668, 1
411, 633, 1
556, 570, 1
566, 644, 1
614, 477, 1
470, 548, 1
686, 688, 1
470, 557, 1
686, 633, 1
548, 403, 1
644, 474, 1
470, 477, 1
644, 547, 1
668, 633, 1
582, 508, 1
430, 548, 1
582, 517, 1
582, 636, 1
566, 411, 1
582, 581, 1
668, 651, 1
445, 548, 1
614, 570, 1
566, 548, 1
691, 570, 1
645, 548, 1
566, 557, 1
430, 633, 1
701, 556, 1
403, 633, 1
430, 477, 1
582, 501, 1
566, 404, 1
404, 714, 1
566, 477, 1
614, 691, 1
614, 636, 1
686, 548, 1
404, 570, 1
404, 689, 1
459, 570, 1
614, 547, 1
660, 688, 1
660, 633, 1
614, 556, 1
614, 501, 1
644, 688, 1
446, 508, 1
660, 651, 1
636, 714, 1
446, 517, 1
446, 581, 1
686, 477, 1
614, 403, 1
566, 689, 1
566, 570, 1
614, 586, 1
556, 633, 1
701, 688, 1
508, 403, 1
701, 633, 1
636, 570, 1
636, 689, 1
614, 485, 1
582, 633, 1
614, 668, 1
446, 556, 1
582, 404, 1
446, 501, 1
556, 651, 1
582, 688, 1
548, 411, 1
404, 474, 1
586, 633, 1
582, 651, 1
430, 557, 1
582, 660, 1
404, 547, 1
566, 691, 1
508, 570, 1
446, 485, 1
548, 633, 1
566, 474, 1
582, 644, 1
668, 714, 1
548, 651, 1
566, 547, 1
691, 633, 1
636, 474, 1
566, 556, 1
614, 508, 1
614, 517, 1
636, 547, 1
614, 581, 1
547, 689, 1
668, 570, 1
668, 689, 1
566, 403, 1
566, 586, 1
686, 557, 1
556, 411, 1
566, 714, 1
446, 688, 1
566, 485, 1
446, 633, 1
501, 688, 1
566, 668, 1
582, 411, 1
644, 633, 1
701, 548, 1
470, 517, 1
470, 581, 1
582, 548, 1
644, 651, 1
404, 688, 1
582, 557, 1
459, 633, 1
470, 556, 1
470, 501, 1
668, 474, 1
430, 508, 1
582, 477, 1
581, 288, -1
581, 29, -1
581, 768, -1
581, 1, -1
581, 767, -1
581, 3, -1
581, 766, -1
651, 288, -1
651, 29, -1
651, 768, -1
651, 1, -1
651, 767, -1
651, 3, -1
651, 766, -1
479, 288, -1
479, 29, -1
479, 768, -1
479, 1, -1
479, 767, -1
479, 3, -1
479, 766, -1
570, 288, -1
570, 29, -1
570, 768, -1
570, 1, -1
570, 767, -1
570, 3, -1
570, 766, -1
2, 288, -1
2, 29, -1
2, 1, -1
2, 767, -1
2, 403, -1
2, 404, -1
2, 686, -1
2, 582, -1
2, 689, -1
2, 445, -1
2, 636, -1
2, 691, -1
2, 586, -1
2, 459, -1
2, 411, -1
2, 470, -1
2, 645, -1
2, 517, -1
2, 719, -1
2, 501, -1
2, 688, -1
2, 508, -1
2, 668, -1
2, 446, -1
2, 556, -1
2, 566, -1
2, 547, -1
2, 474, -1
2, 548, -1
2, 701, -1
2, 477, -1
2, 614, -1
2, 714, -1
2, 557, -1
2, 644, -1
2, 485, -1
2, 430, -1
2, 660, -1
2, 633, -1
2, 471, -1
2, 581, -1
2, 651, -1
2, 479, -1
2, 570, -1
2, 3, -1
2, 766, -1
431, 288, -1
431, 29, -1
431, 768, -1
431, 2, -1
431, 1, -1
431, 767, -1
431, 3, -1
431, 766, -1
218, 768, -1
218, 2, -1
218, 1, -1
218, 767, -1
218, 403, -1
218, 404, -1
218, 686, -1
218, 582, -1
218, 689, -1
218, 445, -1
218, 636, -1
218, 691, -1
218, 586, -1
218, 459, -1
218, 411, -1
218, 470, -1
218, 645, -1
218, 517, -1
218, 719, -1
218, 501, -1
218, 688, -1
218, 508, -1
218, 668, -1
218, 446, -1
218, 556, -1
218, 566, -1
218, 547, -1
218, 474, -1
218, 548, -1
218, 701, -1
218, 477, -1
218, 614, -1
218, 714, -1
218, 557, -1
218, 644, -1
218, 485, -1
218, 430, -1
218, 660, -1
218, 633, -1
218, 471, -1
218, 581, -1
218, 651, -1
218, 479, -1
218, 570, -1
218, 431, -1
218, 3, -1
218, 766, -1
29, 459, -1
403, 767, -1
767, 644, -1
548, 767, -1
691, 29, -1
547, 3, -1
768, 636, -1
768, 645, -1
430, 766, -1
471, 767, -1
566, 766, -1
3, 689, -1
768, 501, -1
633, 29, -1
644, 29, -1
1, 508, -1
288, 547, -1
29, 445, -1
768, 766, -1
459, 29, -1
688, 1, -1
517, 766, -1
471, 3, -1
29, 701, -1
411, 766, -1
29, 719, -1
288, 403, -1
29, 548, -1
288, 3, -1
29, 557, -1
288, 668, -1
29, 566, -1
557, 29, -1
1, 485, -1
547, 766, -1
586, 766, -1
29, 431, -1
508, 29, -1
403, 766, -1
288, 636, -1
2, 431, -1
288, 645, -1
547, 2, -1
471, 766, -1
29, 570, -1
767, 508, -1
1, 471, -1
404, 29, -1
288, 501, -1
767, 517, -1
3, 508, -1
3, 517, -1
714, 767, -1
288, 766, -1
474, 767, -1
29, 691, -1
501, 3, -1
29, 547, -1
714, 3, -1
767, 485, -1
29, 556, -1
688, 768, -1
474, 3, -1
766, 431, -1
288, 2, -1
768, 459, -1
768, 477, -1
29, 403, -1
29, 430, -1
29, 668, -1
29, 686, -1
668, 767, -1
3, 633, -1
714, 218, -1
288, 644, -1
3, 404, -1
3, 651, -1
768, 445, -1
3, 660, -1
501, 766, -1
1, 470, -1
485, 767, -1
768, 719, -1
29, 636, -1
29, 645, -1
714, 766, -1
474, 766, -1
1, 582, -1
29, 501, -1
501, 2, -1
485, 3, -1
29, 766, -1
660, 767, -1
288, 477, -1
1, 29, -1
768, 714, -1
689, 3, -1
29, 411, -1
477, 3, -1
768, 570, -1
767, 614, -1
1, 586, -1
485, 218, -1
3, 614, -1
668, 766, -1
767, 470, -1
3, 470, -1
768, 691, -1
1, 689, -1
288, 719, -1
3, 479, -1
485, 766, -1
29, 644, -1
767, 582, -1
719, 29, -1
768, 556, -1
633, 767, -1
644, 767, -1
477, 766, -1
556, 767, -1
768, 430, -1
701, 767, -1
768, 686, -1
288, 714, -1
3, 474, -1
689, 2, -1
288, 570, -1
557, 767, -1
477, 2, -1
29, 477, -1
3, 586, -1
614, 767, -1
586, 3, -1
508, 767, -1
288, 691, -1
288, 471, -1
633, 218, -1
1, 517, -1
288, 556, -1
767, 581, -1
404, 767, -1
3, 581, -1
633, 766, -1
644, 766, -1
288, 430, -1
767, 446, -1
768, 411, -1
288, 686, -1
556, 766, -1
3, 446, -1
701, 766, -1
636, 767, -1
768, 29, -1
517, 29, -1
411, 29, -1
689, 1, -1
548, 766, -1
29, 485, -1
688, 288, -1
1, 633, -1
1, 404, -1
768, 644, -1
547, 29, -1
1, 651, -1
1, 660, -1
3, 688, -1
3, 459, -1
766, 719, -1
403, 29, -1
404, 766, -1
445, 767, -1
29, 471, -1
471, 29, -1
288, 411, -1
768, 1, -1
3, 445, -1
636, 766, -1
3, 701, -1
3, 719, -1
767, 548, -1
767, 557, -1
3, 548, -1
3, 557, -1
3, 566, -1
767, 404, -1
582, 767, -1
767, 651, -1
1, 614, -1
767, 660, -1
767, 431, -1
3, 431, -1
570, 2, -1
288, 689, -1
1, 479, -1
766, 471, -1
768, 508, -1
768, 517, -1
445, 766, -1
3, 570, -1
501, 29, -1
714, 2, -1
1, 636, -1
288, 1, -1
688, 767, -1
474, 2, -1
714, 29, -1
29, 582, -1
1, 474, -1
474, 29, -1
3, 691, -1
768, 485, -1
1, 501, -1
3, 547, -1
688, 3, -1
3, 556, -1
767, 403, -1
3, 403, -1
767, 668, -1
768, 633, -1
3, 668, -1
691, 767, -1
768, 471, -1
3, 686, -1
288, 508, -1
288, 517, -1
688, 218, -1
1, 581, -1
691, 3, -1
767, 636, -1
485, 2, -1
767, 645, -1
459, 767, -1
3, 636, -1
660, 766, -1
3, 645, -1
485, 29, -1
1, 446, -1
688, 766, -1
288, 485, -1
767, 501, -1
633, 3, -1
566, 767, -1
3, 501, -1
288, 768, -1
689, 29, -1
477, 29, -1
517, 767, -1
288, 633, -1
768, 614, -1
288, 651, -1
557, 3, -1
691, 766, -1
1, 459, -1
470, 767, -1
768, 470, -1
768, 479, -1
547, 767, -1
768, 582, -1
29, 508, -1
29, 517, -1
459, 766, -1
645, 767, -1
3, 644, -1
1, 445, -1
768, 218, -1
1, 701, -1
768, 474, -1
633, 2, -1
1, 719, -1
557, 766, -1
1, 548, -1
288, 767, -1
477, 1, -1
1, 557, -1
1, 566, -1
686, 767, -1
768, 586, -1
556, 29, -1
288, 614, -1
701, 29, -1
614, 766, -1
508, 766, -1
547, 218, -1
767, 459, -1
586, 29, -1
1, 431, -1
767, 477, -1
288, 470, -1
768, 689, -1
288, 479, -1
3, 477, -1
470, 766, -1
1, 714, -1
29, 404, -1
548, 29, -1
29, 651, -1
29, 660, -1
288, 582, -1
1, 570, -1
768, 581, -1
767, 445, -1
645, 766, -1
767, 701, -1
768, 446, -1
288, 474, -1
501, 767, -1
1, 691, -1
767, 566, -1
1, 547, -1
1, 556, -1
288, 586, -1
686, 766, -1
1, 403, -1
636, 29, -1
29, 767, -1
1, 430, -1
1, 668, -1
1, 686, -1
768, 688, -1
29, 614, -1
3, 714, -1
3, 485, -1
768, 288, -1
29, 470, -1
288, 581, -1
29, 479, -1
501, 218, -1
719, 767, -1
446, 767, -1
1, 645, -1
767, 691, -1
288, 446, -1
474, 218, -1
3, 471, -1
768, 701, -1
445, 29, -1
719, 3, -1
767, 556, -1
768, 548, -1
768, 557, -1
582, 766, -1
768, 566, -1
767, 430, -1
689, 767, -1
768, 404, -1
1, 411, -1
3, 430, -1
768, 651, -1
767, 686, -1
477, 767, -1
768, 660, -1
288, 688, -1
768, 431, -1
288, 459, -1
29, 586, -1
766, 479, -1
668, 29, -1
719, 766, -1
446, 766, -1
1, 644, -1
430, 767, -1
288, 445, -1
29, 581, -1
288, 701, -1
689, 218, -1
288, 548, -1
29, 446, -1
768, 767, -1
288, 557, -1
477, 218, -1
688, 2, -1
288, 566, -1
768, 547, -1
660, 29, -1
411, 767, -1
3, 582, -1
688, 29, -1
767, 411, -1
288, 404, -1
689, 766, -1
3, 411, -1
288, 660, -1
768, 403, -1
288, 431, -1
768, 3, -1
768, 668, -1
517, 3, -1
1, 477, -1
3, 29, -1
586, 767, -1
586, 1, -1
29, 688, -1
29, 633, -1
766, 645, -1
403, 1, -1
767, 479, -1
668, 3, -1
689, 288, -1
431, 218, -1
766, 556, -1
660, 218, -1
446, 29, -1
404, 2, -1
767, 719, -1
660, 1, -1
1, 218, -1
644, 1, -1
633, 1, -1
582, 218, -1
566, 2, -1
556, 1, -1
701, 1, -1
636, 2, -1
582, 1, -1
660, 3, -1
766, 633, -1
766, 459, -1
614, 29, -1
582, 3, -1
548, 1, -1
691, 1, -1
477, 288, -1
470, 29, -1
668, 2, -1
644, 218, -1
766, 445, -1
446, 1, -1
501, 1, -1
766, 701, -1
404, 1, -1
459, 1, -1
714, 1, -1
766, 548, -1
474, 1, -1
566, 29, -1
644, 3, -1
557, 1, -1
636, 1, -1
660, 2, -1
474, 288, -1
614, 1, -1
1, 2, -1
686, 29, -1
508, 1, -1
636, 3, -1
582, 2, -1
633, 288, -1
586, 2, -1
470, 1, -1
404, 218, -1
614, 3, -1
767, 471, -1
668, 1, -1
430, 29, -1
566, 218, -1
430, 1, -1
485, 1, -1
636, 218, -1
445, 1, -1
566, 1, -1
645, 1, -1
404, 3, -1
644, 2, -1
517, 1, -1
411, 1, -1
566, 3, -1
686, 1, -1
582, 29, -1
668, 218, -1
714, 288, -1
547, 1, -1

