14299, 18910, -1
5001, 3219, -1
8629, 1856, -1
2480, 3131, -1
9668, 19284, -1
17133, 19417, -1
6173, 14463, -1
5262, 17343, -1
7725, 11171, -1
4741, 15795, -1

18272, 1947, -1
4744, 12414, -1
8598, 6397, -1
6928, 2930, -1
1059, 12202, -1
16214, 7270, -1
2115, 4929, -1
1819, 19226, -1
16589, 18470, -1
16221, 9239, -1

8123, 16344, -1
2460, 16225, -1
2821, 4681, -1
13245, 15510, -1
3543, 3268, -1
6764, 19493, -1
755, 5351, -1
902, 1918, -1
18449, 10440, -1
552, 7454, -1

132, 782, 1
15745, 3515, -1
17410, 17149, -1
11301, 13306, -1
3382, 17131, -1
8153, 6030, -1
11323, 7612, -1
2387, 11425, -1
12132, 19975, -1
3965, 4744, -1

3267, 18699, 1
1111, 4322, -1
16963, 3054, -1
2618, 10079, -1
7677, 13444, -1
14187, 12404, -1
2834, 17683, -1
3504, 8970, -1
13057, 9768, -1
4028, 12395, -1

7769, 11135, 1
8397, 18876, 1
19639, 9734, -1
9450, 9887, -1
11297, 4786, -1
4824, 9143, -1
3538, 19273, -1
3852, 11085, -1
9733, 2576, -1
14445, 6309, -1

14561, 3678, -1
19036, 10059, -1
15089, 2273, -1
15205, 10067, -1
5835, 3036, -1
9630, 17138, -1
1320, 18666, -1
19614, 12415, -1
7757, 19281, -1
14763, 8000, -1

10929, 11070, -1
6894, 7856, -1
18659, 3898, -1
17946, 8378, -1
15756, 10766, -1
5150, 3033, -1
5892, 479, -1
14967, 962, -1
17502, 269, -1
19544, 6615, -1

18712, 5930, -1
7317, 2250, -1
15695, 4192, -1
18643, 8428, -1
14247, 10901, -1
9244, 3681, -1
1197, 12115, -1
7726, 11789, -1
10355, 18868, -1
13857, 16549, -1

3979, 13058, 1
13658, 6543, -1
19353, 1755, -1
8973, 9513, -1
8199, 15934, -1
6092, 4749, -1
7129, 7933, -1
8706, 17209, -1
213, 17170, -1
16992, 14856, -1

