16562, 1803, -1
12809, 714, -1
2282, 2366, -1
5228, 9743, -1
14096, 6072, -1
11256, 6495, -1
9740, 3598, -1
15714, 17785, -1
2024, 1266, -1
2553, 1926, -1

19835, 12290, 1
1736, 19249, -1
584, 1834, -1
1569, 14132, -1
14292, 12782, -1
7939, 8040, -1
249, 255, -1
18730, 972, -1
19237, 1227, -1
19156, 12297, -1

19280, 13660, 1
8986, 19878, -1
5087, 7671, -1
12807, 19501, -1
4869, 17958, -1
7024, 17013, -1
18186, 4376, -1
7388, 6454, -1
13478, 4975, -1
8407, 10626, -1

17736, 13535, 1
3889, 7077, -1
14029, 11516, -1
2578, 8487, -1
17266, 119, -1
19176, 7165, -1
639, 12910, -1
1121, 18159, -1
13291, 6465, -1
6425, 11336, -1

15753, 7994, -1
697, 12679, -1
3827, 9481, -1
6096, 2341, -1
8476, 15601, -1
3366, 15480, -1
467, 18810, -1
14600, 660, -1
4855, 8834, -1
15458, 3629, -1

7574, 8278, -1
13742, 64, -1
563, 11397, -1
12786, 11241, -1
2887, 12691, -1
9014, 9027, -1
1717, 6773, -1
13383, 8857, -1
18658, 2672, -1
3837, 1085, -1

12890, 8847, -1
13713, 1753, -1
9837, 1066, -1
12416, 10427, -1
10815, 16345, -1
8246, 7450, -1
10223, 10645, -1
6198, 18848, -1
12131, 15831, -1
3455, 13812, -1

12301, 13466, 1
11444, 1591, -1
8236, 8168, -1
341, 2622, -1
15258, 6210, -1
3506, 13039, -1
13108, 10288, -1
18462, 13752, -1
9327, 17011, -1
8805, 19118, -1

12847, 1640, 1
11472, 19732, -1
13492, 16224, -1
10155, 18313, -1
6296, 6265, -1
17600, 4708, -1
8741, 18215, -1
15421, 3330, -1
423, 13221, -1
8600, 19545, -1

13730, 16379, -1
1164, 11667, -1
10347, 17558, -1
19456, 16844, -1
1304, 19603, -1
839, 17120, -1
12467, 3252, -1
1847, 6223, -1
2072, 16182, -1
10195, 3943, -1

