11370, 15559, -1
18431, 16366, -1
13856, 15433, -1
2375, 13762, -1
17760, 16422, -1
8810, 17459, -1
16778, 10438, -1
19426, 9633, -1
13290, 12087, -1
9928, 14802, -1

1604, 13456, 1
9036, 19058, 1
3643, 3491, -1
4257, 3905, -1
16484, 9864, -1
4272, 13251, -1
4707, 1515, -1
7437, 14811, -1
7793, 4782, -1
2464, 19295, -1

8783, 8216, -1
17730, 17332, -1
5582, 5822, -1
5888, 2440, -1
3343, 17732, -1
439, 18177, -1
10973, 13181, -1
5277, 15505, -1
7549, 13758, -1
2329, 15218, -1

17299, 12966, -1
17712, 8295, -1
744, 8902, -1
11436, 12158, -1
9698, 6615, -1
6169, 6669, -1
10763, 1378, -1
11065, 3612, -1
8020, 15895, -1
1420, 17700, -1

5055, 16751, 1
16072, 11550, 1
13699, 7493, -1
378, 3711, -1
13118, 2154, -1
15539, 3677, -1
672, 3379, -1
17574, 9284, -1
533, 5300, -1
1488, 19126, -1

16901, 16932, -1
5951, 19081, -1
19436, 19603, -1
16628, 4842, -1
14994, 2110, -1
1612, 16252, -1
13749, 2638, -1
8005, 14390, -1
8852, 2444, -1
11560, 7726, -1

19632, 14413, 1
2624, 9206, -1
2282, 19734, -1
1547, 10191, -1
6895, 6743, -1
9816, 13273, -1
13622, 6729, -1
17805, 3679, -1
4131, 12060, -1
5099, 8906, -1

8359, 19349, 1
17687, 1165, -1
14926, 7073, -1
15636, 6770, -1
18070, 18398, -1
13462, 10771, -1
19416, 17662, -1
13462, 3898, -1
1224, 1147, -1
8977, 16419, -1

8008, 68, 1
9291, 6934, -1
19652, 16198, -1
15703, 15489, -1
11385, 7576, -1
17467, 19300, -1
572, 3521, -1
17952, 1871, -1
17458, 9193, -1
503, 13274, -1

7023, 19685, -1
12136, 18125, -1
3757, 9172, -1
15279, 16667, -1
18454, 13625, -1
1449, 9435, -1
5388, 1153, -1
9116, 19675, -1
10066, 10440, -1
11109, 18176, -1

