116, 135, 1
134, 156, 1
19, 62, 1
116, 38, -1
110, 12, -1
65, 130, -1
2, 178, -1
149, 27, -1
173, 53, -1
150, 43, -1
38, 135, -1

16, 81, 1
138, 170, 1
74, 96, 1
124, 139, 1
24, 1, 1
118, 108, 1
172, 19, -1
190, 75, -1
32, 185, -1
81, 100, -1
16, 100, -1

63, 76, 1
15, 66, 1
38, 20, 1
65, 60, 1
61, 5, 1
170, 46, -1
196, 30, -1
197, 65, -1
100, 55, -1
10, 192, -1
60, 197, -1
65, 197, -1

33, 65, 1
123, 141, 1
114, 197, 1
54, 36, 1
188, 199, 1
65, 33, 1
87, 194, -1
58, 175, -1
133, 16, -1
207, 33, -1
45, 149, -1
65, 207, -1
33, 207, -1

74, 21, 1
76, 7, 1
68, 92, 1
169, 155, 1
114, 111, 1
44, 24, 1
92, 68, 1
101, 18, -1
171, 68, -1
196, 89, -1
1, 150, -1
171, 92, -1

108, 113, 1
162, 172, 1
172, 153, 1
144, 118, 1
6, 58, 1
178, 202, 1
153, 162, 1
153, 172, 1
130, 27, -1
96, 165, -1
140, 62, -1
2, 98, -1

207, 175, 1
170, 159, 1
85, 61, 1
152, 127, 1
99, 100, 1
75, 28, 1
82, 42, 1
175, 207, 1
42, 82, 1
194, 42, -1
49, 175, -1
102, 91, -1
82, 194, -1
49, 207, -1
194, 82, -1

27, 37, 1
142, 131, 1
51, 15, 1
129, 92, -1
0, 151, -1
23, 153, -1
40, 123, -1
80, 166, -1
97, 1, -1
198, 79, -1

116, 99, 1
106, 171, 1
120, 154, 1
141, 120, 1
93, 21, 1
136, 150, 1
172, 194, 1
154, 141, 1
120, 141, 1
183, 34, -1
108, 86, -1
165, 15, -1

189, 151, 1
141, 104, 1
152, 206, 1
167, 131, 1
12, 24, 1
100, 116, 1
97, 64, -1
142, 90, -1
130, 30, -1
173, 93, -1

