122, 105, 1
140, 161, 1
157, 188, 1
89, 15, 1
62, 61, 1
8, 172, -1
60, 163, -1
175, 93, -1
174, 70, -1
195, 78, -1

109, 103, 1
114, 132, 1
187, 134, 1
36, 73, 1
152, 111, 1
181, 27, -1
111, 77, -1
20, 177, -1
5, 115, -1
152, 77, -1
65, 197, -1
77, 111, -1

88, 1, 1
200, 107, 1
119, 175, 1
57, 28, 1
159, 140, 1
26, 17, 1
142, 21, -1
92, 108, -1
125, 35, -1
134, 7, -1

97, 175, 1
74, 61, 1
182, 200, 1
33, 69, 1
141, 200, 1
141, 182, 1
200, 141, 1
200, 182, 1
152, 46, -1
50, 179, -1
22, 113, -1
85, 108, -1
107, 59, -1

70, 1, 1
184, 154, 1
77, 79, 1
95, 54, 1
14, 8, 1
155, 176, 1
173, 66, -1
200, 90, -1
36, 144, -1
117, 92, -1

19, 35, 1
24, 19, 1
57, 77, 1
170, 197, 1
24, 35, 1
148, 52, -1
17, 152, -1
145, 29, -1
66, 163, -1
88, 109, -1
149, 94, -1

88, 50, 1
9, 62, 1
106, 107, 1
107, 160, 1
22, 13, 1
160, 106, 1
160, 107, 1
92, 167, -1
143, 33, -1
136, 51, -1
94, 192, -1
144, 76, -1

114, 136, 1
121, 142, 1
70, 24, 1
132, 179, 1
179, 132, 1
201, 43, -1
159, 35, -1
122, 75, -1
192, 37, -1
179, 18, -1
139, 94, -1
18, 132, -1
18, 179, -1

116, 138, 1
13, 26, 1
148, 155, 1
26, 13, 1
37, 187, -1
146, 0, -1
204, 13, -1
98, 49, -1
164, 40, -1
64, 203, -1
22, 166, -1
26, 204, -1

125, 106, 1
32, 64, 1
37, 24, 1
125, 106, 1
99, 142, 1
64, 32, 1
155, 67, -1
31, 99, -1
89, 105, -1
177, 8, -1
144, 64, -1
31, 142, -1
144, 32, -1
142, 31, -1
99, 31, -1

