150, 133, 1
143, 140, 1
177, 119, 1
24, 62, 1
140, 143, 1
83, 143, -1
8, 163, -1
205, 76, -1
169, 79, -1
37, 116, -1
164, 3, -1
83, 140, -1

34, 73, 1
155, 130, 1
54, 26, 1
196, 131, 1
131, 196, 1
206, 72, -1
196, 59, -1
76, 118, -1
171, 4, -1
78, 195, -1
90, 165, -1
59, 131, -1
59, 196, -1

112, 146, 1
81, 19, 1
75, 72, 1
100, 131, 1
66, 91, 1
173, 198, 1
66, 94, 1
91, 94, 1
112, 4, -1
176, 80, -1
126, 83, -1
146, 4, -1

1, 7, 1
149, 171, 1
66, 38, 1
93, 74, 1
87, 71, 1
178, 99, 1
49, 78, 1
175, 81, -1
48, 151, -1
118, 82, -1

174, 119, 1
183, 155, 1
35, 77, 1
71, 83, 1
197, 26, -1
153, 2, -1
58, 152, -1
53, 154, -1
200, 55, -1
59, 174, -1
59, 119, -1

21, 10, 1
87, 9, 1
152, 151, 1
9, 87, 1
87, 109, -1
50, 106, -1
122, 25, -1
152, 89, -1
164, 28, -1
97, 49, -1
151, 89, -1
45, 162, -1
9, 109, -1
89, 151, -1
109, 87, -1

131, 146, 1
173, 155, 1
174, 196, 1
17, 26, 1
183, 118, 1
140, 166, 1
85, 169, -1
87, 101, -1
2, 201, -1
125, 58, -1

113, 168, 1
92, 39, 1
123, 141, 1
79, 5, 1
29, 16, 1
144, 149, 1
160, 189, 1
117, 144, 1
117, 149, 1
144, 117, 1
78, 138, -1
125, 68, -1

23, 79, 1
173, 204, 1
132, 97, 1
50, 7, 1
204, 173, 1
73, 152, -1
135, 78, -1
70, 100, -1
173, 68, -1
185, 31, -1
56, 111, -1
204, 68, -1

28, 69, 1
61, 56, 1
56, 61, 1
83, 118, -1
30, 188, -1
41, 119, -1
96, 175, -1
36, 195, -1
56, 200, -1
150, 95, -1
88, 162, -1
61, 200, -1
200, 56, -1
200, 61, -1

