187, 174, 1
147, 123, 1
190, 169, 1
70, 48, 1
31, 22, 1
19, 23, 1
162, 174, 1
152, 161, 1
162, 187, 1
10, 161, -1
152, 10, -1
46, 186, -1
161, 10, -1

159, 107, 1
169, 144, 1
152, 158, 1
43, 51, 1
76, 44, 1
44, 91, 1
145, 194, 1
91, 76, 1
91, 44, 1
44, 76, 1
187, 3, -1
194, 26, -1
145, 26, -1
65, 114, -1

176, 166, 1
112, 117, 1
193, 112, 1
102, 165, 1
193, 117, 1
112, 193, 1
36, 117, -1
45, 106, -1
94, 134, -1
108, 73, -1
147, 34, -1
115, 82, -1
112, 36, -1
193, 36, -1

154, 158, 1
192, 172, 1
190, 109, 1
153, 124, 1
98, 154, 1
99, 154, 1
99, 158, 1
99, 98, 1
98, 158, 1
154, 99, 1
98, 99, 1
154, 98, 1
158, 98, 1
158, 154, 1
110, 65, -1
7, 100, -1
20, 97, -1
87, 137, -1

83, 92, 1
187, 181, 1
129, 156, 1
25, 78, 1
113, 162, 1
197, 136, 1
98, 164, 1
60, 115, -1
105, 46, -1
17, 154, -1

2, 55, 1
79, 94, 1
36, 32, 1
40, 27, 1
139, 63, -1
131, 23, -1
93, 143, -1
6, 109, -1
89, 112, -1
53, 159, -1

111, 113, 1
200, 129, 1
42, 68, 1
163, 156, 1
57, 6, 1
163, 29, -1
30, 133, -1
57, 186, -1
38, 100, -1
186, 6, -1
22, 105, -1
156, 29, -1

131, 130, 1
142, 138, 1
175, 197, 1
128, 187, 1
91, 12, 1
75, 200, -1
3, 147, -1
187, 4, -1
181, 35, -1
12, 109, -1
109, 91, -1
128, 4, -1
91, 109, -1

31, 87, 1
152, 116, 1
106, 142, 1
151, 178, 1
15, 92, 1
16, 14, 1
78, 207, -1
194, 21, -1
161, 7, -1
22, 139, -1

25, 34, 1
102, 162, 1
73, 8, 1
8, 73, 1
141, 73, -1
133, 14, -1
84, 151, -1
0, 106, -1
93, 156, -1
114, 17, -1
15, 174, -1
8, 141, -1
73, 141, -1

