47, 60, 1
12, 26, 1
83, 5, 1
105, 202, 1
198, 0, -1
66, 167, -1
52, 111, -1
140, 9, -1
115, 10, -1
120, 29, -1

112, 126, 1
13, 74, 1
200, 166, 1
35, 44, 1
146, 188, 1
82, 84, 1
89, 22, 1
176, 196, 1
14, 164, -1
27, 127, -1

158, 100, 1
160, 121, 1
117, 140, 1
142, 148, 1
55, 83, 1
77, 88, 1
149, 87, -1
58, 134, -1
162, 52, -1
81, 167, -1

5, 64, 1
24, 53, 1
186, 119, 1
82, 42, 1
10, 57, 1
81, 30, 1
144, 142, 1
42, 82, 1
42, 202, -1
119, 51, -1
144, 35, -1
35, 142, -1
186, 51, -1
202, 82, -1
202, 42, -1
51, 119, -1

166, 112, 1
182, 172, 1
39, 25, 1
142, 187, 1
24, 33, 1
144, 195, 1
195, 156, 1
144, 156, 1
25, 39, 1
76, 162, -1
144, 39, -1
156, 39, -1
79, 126, -1
195, 39, -1
144, 25, -1
25, 195, -1
25, 156, -1

120, 205, 1
21, 95, 1
198, 207, 1
60, 38, 1
113, 140, 1
38, 60, 1
38, 140, -1
14, 145, -1
38, 113, -1
91, 97, -1
6, 108, -1
143, 16, -1
140, 60, -1
113, 60, -1
140, 38, -1
113, 38, -1

38, 77, 1
103, 161, 1
92, 29, 1
166, 145, 1
55, 198, -1
105, 35, -1
28, 118, -1
60, 134, -1
62, 194, -1
189, 65, -1

143, 105, 1
94, 79, 1
76, 93, 1
171, 178, 1
84, 92, 1
59, 27, 1
203, 173, 1
1, 142, -1
137, 93, -1
113, 65, -1
137, 76, -1

170, 117, 1
32, 86, 1
46, 18, 1
189, 186, 1
41, 138, -1
90, 205, -1
30, 114, -1
151, 43, -1
48, 127, -1
202, 49, -1

53, 11, 1
114, 160, 1
170, 186, 1
81, 19, 1
113, 126, 1
7, 102, -1
175, 64, -1
135, 91, -1
101, 81, -1
79, 181, -1
19, 101, -1
81, 101, -1

