135, 509, 1
389, 596, 1
804, 156, 1
883, 619, 1
717, 453, 1
471, 395, 1
762, 466, 1
76, 600, 1
186, 45, -1
128, 878, -1

702, 374, 1
688, 385, 1
498, 690, 1
160, 746, 1
687, 143, 1
308, 473, -1
754, 673, -1
1014, 558, -1
393, 910, -1
544, 687, -1
544, 143, -1

799, 897, 1
504, 160, 1
885, 181, 1
3, 524, 1
536, 655, -1
994, 431, -1
281, 659, -1
761, 385, -1
132, 599, -1
949, 242, -1

509, 277, 1
754, 278, 1
471, 317, 1
864, 998, 1
430, 117, -1
82, 147, -1
828, 453, -1
659, 667, -1
145, 928, -1
812, 29, -1

673, 183, 1
511, 670, 1
805, 225, 1
648, 986, 1
758, 656, 1
686, 57, -1
220, 744, -1
800, 113, -1
60, 815, -1
766, 139, -1

1008, 549, 1
367, 233, 1
379, 127, 1
472, 208, 1
385, 930, 1
413, 659, -1
463, 174, -1
180, 247, -1
15, 690, -1
999, 141, -1

818, 582, 1
75, 255, 1
994, 492, 1
267, 497, 1
352, 905, 1
782, 901, 1
331, 601, 1
553, 355, 1
620, 358, 1
861, 872, -1

1005, 443, 1
684, 144, 1
935, 48, 1
86, 550, 1
12, 776, 1
809, 369, 1
787, 242, -1
421, 310, -1
997, 589, -1
624, 699, -1

843, 878, 1
296, 618, 1
682, 804, 1
69, 331, 1
691, 893, 1
529, 502, 1
269, 809, 1
823, 874, 1
702, 513, -1
722, 797, -1

841, 445, 1
438, 958, 1
723, 649, 1
427, 541, 1
675, 254, -1
1015, 344, -1
90, 133, -1
615, 865, -1
577, 322, -1
236, 285, -1

