480, 506, 1
816, 58, 1
86, 416, 1
84, 214, 1
420, 384, 1
444, 294, 1
266, 261, -1
875, 934, -1
872, 308, -1
793, 358, -1

26, 656, 1
908, 879, 1
88, 1000, 1
226, 895, 1
396, 872, 1
691, 909, 1
310, 410, 1
957, 550, -1
411, 370, -1
373, 180, -1

240, 863, 1
416, 866, 1
571, 443, 1
232, 336, 1
444, 646, 1
326, 312, 1
183, 540, 1
173, 927, -1
970, 515, -1
546, 711, -1

286, 54, 1
471, 463, 1
790, 215, 1
649, 831, 1
757, 244, -1
726, 531, -1
925, 163, -1
913, 525, -1
59, 688, -1
964, 870, -1

377, 457, 1
680, 998, 1
554, 504, 1
358, 304, 1
28, 385, 1
291, 917, 1
1005, 517, 1
608, 468, 1
299, 890, -1
31, 748, -1

851, 849, 1
351, 99, 1
155, 333, 1
177, 717, 1
898, 451, -1
524, 721, -1
516, 976, -1
852, 145, -1
945, 658, -1
422, 433, -1

783, 402, 1
509, 251, 1
826, 450, 1
950, 387, 1
903, 980, 1
345, 18, 1
251, 509, 1
420, 441, -1
269, 60, -1
509, 306, -1
136, 311, -1
306, 251, -1
306, 509, -1

39, 885, 1
730, 644, 1
937, 765, 1
856, 314, 1
791, 90, -1
423, 773, -1
101, 840, -1
784, 578, -1
471, 714, -1
319, 564, -1

608, 822, 1
744, 614, 1
291, 977, 1
784, 731, 1
54, 761, -1
427, 966, -1
674, 3, -1
193, 448, -1
102, 540, -1
759, 736, -1

564, 988, 1
711, 787, 1
339, 435, 1
588, 432, 1
787, 711, 1
571, 502, -1
691, 905, -1
172, 668, -1
22, 820, -1
214, 711, -1
837, 861, -1
787, 214, -1

