164, 582, 1
365, 285, 1
669, 505, 1
912, 206, 1
936, 138, 1
407, 190, -1
951, 214, -1
629, 412, -1
563, 558, -1
463, 392, -1

202, 904, 1
323, 573, 1
207, 630, 1
99, 543, 1
184, 835, -1
385, 849, -1
579, 436, -1
717, 182, -1
639, 62, -1
528, 216, -1

887, 177, 1
259, 665, 1
713, 233, 1
354, 136, 1
475, 513, 1
921, 917, 1
995, 55, -1
883, 34, -1
661, 567, -1
84, 471, -1

308, 322, 1
60, 300, 1
323, 427, 1
512, 925, 1
544, 652, 1
498, 859, 1
893, 436, -1
581, 268, -1
754, 339, -1
112, 841, -1

377, 249, 1
799, 615, 1
311, 877, 1
793, 642, -1
483, 238, -1
782, 902, -1
831, 78, -1
201, 651, -1
660, 431, -1
646, 15, -1

253, 619, 1
933, 200, 1
447, 532, 1
522, 769, 1
257, 605, 1
793, 265, 1
532, 447, 1
271, 94, -1
265, 50, -1
956, 532, -1
863, 561, -1
50, 793, -1
956, 447, -1

1000, 248, 1
624, 632, 1
214, 84, 1
941, 157, 1
465, 701, 1
964, 573, -1
188, 433, -1
568, 979, -1
38, 429, -1
403, 230, -1

578, 146, 1
325, 589, 1
518, 886, 1
311, 216, 1
834, 406, 1
190, 397, -1
53, 5, -1
927, 669, -1
246, 379, -1
810, 109, -1

380, 360, 1
394, 809, 1
761, 843, 1
110, 794, 1
979, 958, -1
694, 543, -1
620, 337, -1
92, 873, -1
821, 688, -1
657, 687, -1

540, 635, 1
272, 966, 1
748, 346, 1
862, 400, -1
267, 334, -1
243, 933, -1
17, 378, -1
437, 760, -1
816, 647, -1
362, 581, -1

