628, 150, 1
357, 107, 1
945, 623, 1
837, 186, -1
967, 818, -1
25, 636, -1
873, 903, -1
963, 570, -1
189, 338, -1
84, 179, -1

751, 721, 1
483, 107, 1
769, 42, 1
622, 548, 1
646, 858, 1
530, 88, 1
342, 224, -1
196, 309, -1
262, 664, -1
207, 115, -1

256, 564, 1
173, 809, 1
976, 131, 1
420, 460, 1
575, 801, 1
584, 863, 1
860, 261, -1
391, 873, -1
21, 852, -1
715, 448, -1

315, 591, 1
120, 314, 1
1000, 416, 1
156, 64, 1
182, 46, 1
46, 182, 1
714, 913, -1
182, 707, -1
290, 333, -1
966, 837, -1
707, 46, -1
543, 88, -1
707, 182, -1
46, 707, -1

892, 724, 1
514, 920, 1
44, 194, 1
237, 24, 1
872, 876, 1
461, 283, 1
534, 242, -1
342, 670, -1
678, 955, -1
681, 56, -1

578, 228, 1
261, 199, 1
832, 600, 1
295, 423, 1
85, 712, -1
258, 394, -1
724, 251, -1
893, 648, -1
930, 555, -1
873, 556, -1

917, 601, 1
348, 936, 1
49, 809, 1
596, 326, 1
601, 917, 1
753, 444, -1
939, 660, -1
111, 844, -1
75, 156, -1
70, 601, -1
400, 730, -1
917, 70, -1
601, 70, -1

116, 188, 1
488, 278, 1
537, 851, 1
769, 777, 1
580, 282, 1
451, 149, 1
693, 421, 1
133, 798, -1
775, 664, -1
110, 27, -1

477, 711, 1
105, 641, 1
484, 628, 1
414, 916, 1
335, 922, -1
831, 420, -1
853, 104, -1
90, 792, -1
724, 447, -1
268, 869, -1

164, 144, 1
511, 89, 1
393, 495, 1
288, 403, -1
459, 412, -1
463, 590, -1
744, 18, -1
336, 49, -1
940, 346, -1
437, 574, -1

