684, 703, 1
603, 703, 1
603, 684, 1
24, 44, 1
71, 44, 1
71, 24, 1
365, 44, 1
365, 24, 1
365, 71, 1
44, 71, 1
24, 71, 1
684, 603, 1
703, 684, 1
44, 365, 1
24, 365, 1
703, 603, 1
44, 703, -1
44, 684, -1
44, 603, -1
24, 703, -1
24, 684, -1
24, 603, -1
71, 703, -1
71, 684, -1
71, 603, -1
365, 703, -1
365, 684, -1
365, 603, -1
684, 71, -1
603, 71, -1
703, 71, -1
684, 44, -1
603, 44, -1
703, 44, -1
684, 365, -1
603, 365, -1
703, 365, -1

87, 44, 1
87, 24, 1
87, 71, 1
87, 365, 1
112, 44, 1
112, 24, 1
112, 71, 1
112, 365, 1
112, 87, 1
130, 44, 1
130, 24, 1
130, 71, 1
130, 365, 1
130, 87, 1
130, 112, 1
333, 44, 1
333, 24, 1
333, 71, 1
333, 365, 1
333, 87, 1
333, 112, 1
333, 130, 1
147, 44, 1
147, 24, 1
147, 71, 1
147, 365, 1
147, 87, 1
147, 112, 1
147, 130, 1
147, 333, 1
71, 87, 1
703, 684, 1
24, 112, 1
44, 365, 1
24, 365, 1
24, 130, 1
112, 130, 1
365, 130, 1
44, 87, 1
24, 87, 1
365, 87, 1
603, 703, 1
24, 44, 1
365, 44, 1
44, 71, 1
24, 71, 1
603, 684, 1
365, 71, 1
130, 147, 1
130, 333, 1
684, 703, 1
44, 333, 1
24, 147, 1
24, 333, 1
703, 603, 1
112, 147, 1
112, 333, 1
365, 333, 1
365, 147, 1
684, 603, 1
44, 112, 1
87, 703, -1
87, 684, -1
87, 603, -1
112, 703, -1
112, 684, -1
112, 603, -1
130, 703, -1
130, 684, -1
130, 603, -1
333, 703, -1
333, 684, -1
333, 603, -1
147, 703, -1
147, 684, -1
147, 603, -1
703, 71, -1
71, 703, -1
603, 365, -1
703, 333, -1
24, 603, -1
603, 130, -1
703, 147, -1
365, 603, -1
603, 87, -1
603, 44, -1
44, 703, -1
24, 703, -1
684, 365, -1
365, 703, -1
684, 87, -1
603, 71, -1
684, 44, -1
603, 147, -1
603, 333, -1
24, 684, -1
365, 684, -1
703, 365, -1
703, 130, -1
684, 71, -1
684, 333, -1
703, 44, -1
703, 87, -1
684, 112, -1
603, 112, -1
684, 147, -1

395, 44, 1
395, 24, 1
395, 71, 1
395, 365, 1
395, 87, 1
395, 112, 1
395, 130, 1
395, 333, 1
395, 147, 1
92, 44, 1
92, 24, 1
92, 71, 1
92, 365, 1
92, 87, 1
92, 112, 1
92, 130, 1
92, 333, 1
92, 147, 1
92, 395, 1
397, 44, 1
397, 24, 1
397, 71, 1
397, 365, 1
397, 87, 1
397, 112, 1
397, 130, 1
397, 333, 1
397, 147, 1
397, 395, 1
397, 92, 1
199, 44, 1
199, 24, 1
199, 71, 1
199, 365, 1
199, 87, 1
199, 112, 1
199, 130, 1
199, 333, 1
199, 147, 1
199, 395, 1
199, 92, 1
199, 397, 1
212, 44, 1
212, 24, 1
212, 71, 1
212, 365, 1
212, 87, 1
212, 112, 1
212, 130, 1
212, 333, 1
212, 147, 1
212, 395, 1
212, 92, 1
212, 397, 1
212, 199, 1
87, 71, 1
333, 212, 1
87, 199, 1
395, 397, 1
44, 365, 1
112, 130, 1
130, 44, 1
112, 212, 1
112, 395, 1
147, 87, 1
24, 44, 1
603, 684, 1
684, 703, 1
130, 147, 1
130, 92, 1
24, 147, 1
24, 92, 1
112, 333, 1
112, 397, 1
333, 44, 1
703, 684, 1
147, 365, 1
112, 365, 1
130, 87, 1
24, 87, 1
333, 92, 1
71, 92, 1
147, 212, 1
147, 395, 1
365, 44, 1
130, 71, 1
130, 199, 1
24, 71, 1
24, 199, 1
44, 92, 1
365, 147, 1
365, 92, 1
147, 333, 1
147, 397, 1
92, 199, 1
333, 87, 1
112, 24, 1
71, 87, 1
24, 112, 1
395, 92, 1
24, 130, 1
333, 71, 1
44, 87, 1
130, 212, 1
333, 199, 1
130, 395, 1
71, 199, 1
365, 87, 1
24, 395, 1
112, 44, 1
44, 71, 1
44, 199, 1
365, 71, 1
130, 333, 1
130, 397, 1
365, 199, 1
24, 333, 1
703, 603, 1
112, 147, 1
24, 397, 1
112, 92, 1
92, 397, 1
395, 199, 1
87, 92, 1
130, 365, 1
24, 365, 1
365, 130, 1
397, 199, 1
112, 87, 1
365, 212, 1
684, 603, 1
333, 397, 1
24, 212, 1
365, 395, 1
603, 703, 1
147, 44, 1
147, 71, 1
112, 71, 1
44, 333, 1
147, 199, 1
112, 199, 1
44, 397, 1
365, 333, 1
365, 397, 1
147, 92, 1
395, 212, 1
333, 365, 1
44, 395, 1
130, 112, 1
199, 212, 1
44, 112, 1
44, 147, 1
333, 130, 1
147, 112, 1
395, 703, -1
395, 684, -1
395, 603, -1
92, 703, -1
92, 684, -1
92, 603, -1
397, 703, -1
397, 684, -1
397, 603, -1
199, 703, -1
199, 684, -1
199, 603, -1
212, 703, -1
212, 684, -1
212, 603, -1
703, 71, -1
333, 703, -1
71, 703, -1
130, 603, -1
703, 147, -1
24, 603, -1
703, 333, -1
703, 92, -1
703, 397, -1
112, 603, -1
603, 365, -1
603, 130, -1
365, 603, -1
603, 87, -1
603, 395, -1
333, 684, -1
603, 212, -1
603, 44, -1
130, 703, -1
44, 703, -1
24, 703, -1
684, 365, -1
684, 130, -1
112, 703, -1
365, 703, -1
147, 703, -1
684, 87, -1
603, 71, -1
684, 212, -1
684, 395, -1
603, 199, -1
130, 684, -1
684, 44, -1
603, 147, -1
603, 333, -1
24, 684, -1
603, 92, -1
603, 397, -1
112, 684, -1
365, 684, -1
147, 684, -1
703, 365, -1
703, 130, -1
684, 71, -1
684, 199, -1
703, 87, -1
703, 212, -1
684, 147, -1
684, 333, -1
684, 92, -1
87, 703, -1
684, 397, -1
703, 395, -1
703, 44, -1
703, 199, -1
684, 112, -1
603, 112, -1

25, 44, 1
25, 24, 1
25, 71, 1
25, 365, 1
25, 87, 1
25, 112, 1
25, 130, 1
25, 333, 1
25, 147, 1
25, 395, 1
25, 92, 1
25, 397, 1
25, 199, 1
25, 212, 1
329, 44, 1
329, 24, 1
329, 71, 1
329, 365, 1
329, 87, 1
329, 112, 1
329, 130, 1
329, 333, 1
329, 147, 1
329, 395, 1
329, 92, 1
329, 397, 1
329, 199, 1
329, 212, 1
329, 25, 1
330, 44, 1
330, 24, 1
330, 71, 1
330, 365, 1
330, 87, 1
330, 112, 1
330, 130, 1
330, 333, 1
330, 147, 1
330, 395, 1
330, 92, 1
330, 397, 1
330, 199, 1
330, 212, 1
330, 25, 1
330, 329, 1
7, 44, 1
7, 24, 1
7, 71, 1
7, 365, 1
7, 87, 1
7, 112, 1
7, 130, 1
7, 333, 1
7, 147, 1
7, 395, 1
7, 92, 1
7, 397, 1
7, 199, 1
7, 212, 1
7, 25, 1
7, 329, 1
7, 330, 1
385, 44, 1
385, 24, 1
385, 71, 1
385, 365, 1
385, 87, 1
385, 112, 1
385, 130, 1
385, 333, 1
385, 147, 1
385, 395, 1
385, 92, 1
385, 397, 1
385, 199, 1
385, 212, 1
385, 25, 1
385, 329, 1
385, 330, 1
385, 7, 1
87, 7, 1
112, 329, 1
87, 71, 1
87, 199, 1
395, 333, 1
395, 397, 1
44, 365, 1
212, 25, 1
199, 333, 1
199, 397, 1
112, 130, 1
130, 44, 1
112, 212, 1
112, 395, 1
147, 87, 1
24, 44, 1
603, 684, 1
92, 44, 1
684, 703, 1
130, 147, 1
147, 7, 1
130, 92, 1
24, 147, 1
24, 92, 1
395, 365, 1
112, 333, 1
24, 330, 1
87, 130, 1
112, 397, 1
212, 365, 1
147, 25, 1
329, 385, 1
199, 147, 1
703, 684, 1
199, 330, 1
147, 365, 1
112, 365, 1
212, 333, 1
130, 87, 1
212, 397, 1
147, 130, 1
24, 87, 1
147, 212, 1
147, 395, 1
130, 7, 1
92, 87, 1
130, 71, 1
330, 7, 1
24, 7, 1
130, 199, 1
130, 25, 1
24, 71, 1
24, 199, 1
24, 25, 1
44, 92, 1
112, 385, 1
112, 330, 1
147, 333, 1
92, 7, 1
147, 397, 1
92, 71, 1
92, 199, 1
92, 25, 1
395, 44, 1
199, 44, 1
333, 87, 1
24, 329, 1
112, 24, 1
199, 7, 1
71, 87, 1
199, 71, 1
395, 147, 1
24, 112, 1
329, 330, 1
395, 92, 1
212, 92, 1
199, 92, 1
333, 7, 1
24, 130, 1
333, 71, 1
71, 7, 1
130, 212, 1
44, 87, 1
333, 199, 1
130, 395, 1
71, 199, 1
25, 385, 1
365, 87, 1
25, 330, 1
24, 395, 1
112, 44, 1
92, 130, 1
44, 7, 1
44, 71, 1
44, 199, 1
365, 7, 1
44, 25, 1
365, 71, 1
130, 333, 1
130, 397, 1
365, 199, 1
365, 25, 1
24, 333, 1
703, 603, 1
112, 147, 1
24, 397, 1
112, 92, 1
395, 87, 1
199, 87, 1
92, 333, 1
92, 397, 1
333, 130, 1
71, 130, 1
212, 44, 1
397, 87, 1
329, 7, 1
395, 7, 1
395, 71, 1
212, 7, 1
212, 71, 1
395, 199, 1
395, 25, 1
212, 199, 1
130, 365, 1
44, 130, 1
25, 7, 1
397, 7, 1
24, 365, 1
397, 71, 1
365, 130, 1
397, 199, 1
397, 25, 1
112, 87, 1
333, 25, 1
603, 703, 1
333, 397, 1
24, 212, 1
92, 365, 1
147, 44, 1
112, 7, 1
130, 385, 1
147, 71, 1
130, 330, 1
112, 71, 1
330, 385, 1
24, 385, 1
44, 333, 1
147, 199, 1
112, 199, 1
44, 397, 1
112, 25, 1
199, 365, 1
365, 333, 1
395, 130, 1
365, 397, 1
212, 130, 1
147, 92, 1
199, 130, 1
395, 212, 1
199, 212, 1
212, 87, 1
333, 365, 1
199, 395, 1
397, 130, 1
397, 44, 1
333, 212, 1
333, 44, 1
130, 112, 1
44, 112, 1
395, 330, 1
87, 92, 1
147, 112, 1
212, 147, 1
212, 330, 1
44, 395, 1
397, 92, 1
92, 112, 1
333, 92, 1
365, 212, 1
333, 330, 1
684, 603, 1
365, 395, 1
71, 92, 1
365, 44, 1
92, 395, 1
395, 112, 1
44, 147, 1
44, 330, 1
212, 112, 1
365, 330, 1
365, 147, 1
147, 330, 1
365, 92, 1
92, 147, 1
92, 330, 1
212, 395, 1
25, 703, -1
25, 684, -1
25, 603, -1
329, 703, -1
329, 684, -1
329, 603, -1
330, 703, -1
330, 684, -1
330, 603, -1
7, 703, -1
7, 684, -1
7, 603, -1
385, 703, -1
385, 684, -1
385, 603, -1
397, 703, -1
703, 71, -1
333, 703, -1
395, 684, -1
130, 603, -1
703, 199, -1
71, 703, -1
703, 330, -1
212, 684, -1
199, 684, -1
703, 147, -1
603, 365, -1
703, 92, -1
24, 603, -1
112, 603, -1
703, 397, -1
703, 333, -1
603, 87, -1
603, 395, -1
603, 212, -1
603, 44, -1
130, 703, -1
44, 703, -1
703, 25, -1
684, 365, -1
24, 703, -1
112, 703, -1
365, 703, -1
147, 703, -1
603, 7, -1
684, 87, -1
603, 71, -1
603, 199, -1
130, 684, -1
684, 44, -1
92, 703, -1
603, 147, -1
603, 333, -1
603, 92, -1
24, 684, -1
603, 397, -1
112, 684, -1
703, 385, -1
199, 603, -1
147, 684, -1
703, 365, -1
703, 130, -1
684, 7, -1
684, 71, -1
703, 87, -1
684, 199, -1
703, 212, -1
87, 703, -1
684, 333, -1
684, 92, -1
395, 703, -1
684, 397, -1
703, 44, -1
703, 395, -1
212, 703, -1
199, 703, -1
212, 603, -1
684, 212, -1
703, 7, -1
684, 395, -1
333, 684, -1
684, 25, -1
603, 25, -1
684, 330, -1
684, 112, -1
603, 112, -1
684, 147, -1
603, 330, -1
365, 684, -1
684, 130, -1
603, 130, -1
365, 603, -1

322, 44, 1
322, 24, 1
322, 71, 1
322, 365, 1
322, 87, 1
322, 112, 1
322, 130, 1
322, 333, 1
322, 147, 1
322, 395, 1
322, 92, 1
322, 397, 1
322, 199, 1
322, 212, 1
322, 25, 1
322, 329, 1
322, 330, 1
322, 7, 1
322, 385, 1
165, 44, 1
165, 24, 1
165, 71, 1
165, 365, 1
165, 87, 1
165, 112, 1
165, 130, 1
165, 333, 1
165, 147, 1
165, 395, 1
165, 92, 1
165, 397, 1
165, 199, 1
165, 212, 1
165, 25, 1
165, 329, 1
165, 330, 1
165, 7, 1
165, 385, 1
165, 322, 1
59, 44, 1
59, 24, 1
59, 71, 1
59, 365, 1
59, 87, 1
59, 112, 1
59, 130, 1
59, 333, 1
59, 147, 1
59, 395, 1
59, 92, 1
59, 397, 1
59, 199, 1
59, 212, 1
59, 25, 1
59, 329, 1
59, 330, 1
59, 7, 1
59, 385, 1
59, 322, 1
59, 165, 1
295, 44, 1
295, 24, 1
295, 71, 1
295, 365, 1
295, 87, 1
295, 112, 1
295, 130, 1
295, 333, 1
295, 147, 1
295, 395, 1
295, 92, 1
295, 397, 1
295, 199, 1
295, 212, 1
295, 25, 1
295, 329, 1
295, 330, 1
295, 7, 1
295, 385, 1
295, 322, 1
295, 165, 1
295, 59, 1
90, 44, 1
90, 24, 1
90, 71, 1
90, 365, 1
90, 87, 1
90, 112, 1
90, 130, 1
90, 333, 1
90, 147, 1
90, 395, 1
90, 92, 1
90, 397, 1
90, 199, 1
90, 212, 1
90, 25, 1
90, 329, 1
90, 330, 1
90, 7, 1
90, 385, 1
90, 322, 1
90, 165, 1
90, 59, 1
90, 295, 1
329, 333, 1
385, 322, 1
112, 322, 1
7, 165, 1
603, 684, 1
130, 92, 1
24, 92, 1
87, 130, 1
24, 330, 1
92, 330, 1
212, 395, 1
199, 330, 1
130, 87, 1
147, 130, 1
24, 87, 1
25, 397, 1
147, 395, 1
92, 87, 1
130, 199, 1
24, 199, 1
385, 330, 1
112, 330, 1
365, 92, 1
92, 199, 1
329, 44, 1
24, 329, 1
112, 24, 1
165, 295, 1
329, 147, 1
395, 92, 1
212, 147, 1
329, 165, 1
330, 130, 1
130, 212, 1
365, 87, 1
330, 395, 1
397, 165, 1
7, 397, 1
130, 59, 1
24, 59, 1
329, 295, 1
130, 333, 1
365, 199, 1
24, 333, 1
703, 603, 1
397, 295, 1
395, 87, 1
92, 333, 1
333, 130, 1
71, 130, 1
7, 365, 1
329, 7, 1
212, 7, 1
329, 25, 1
395, 199, 1
44, 130, 1
397, 7, 1
59, 295, 1
365, 212, 1
7, 333, 1
365, 59, 1
365, 333, 1
147, 92, 1
199, 130, 1
395, 212, 1
212, 87, 1
25, 130, 1
199, 395, 1
25, 395, 1
87, 199, 1
395, 333, 1
329, 397, 1
385, 130, 1
112, 130, 1
130, 44, 1
385, 395, 1
112, 395, 1
147, 87, 1
24, 44, 1
92, 44, 1
130, 147, 1
24, 147, 1
329, 365, 1
330, 92, 1
130, 165, 1
212, 365, 1
24, 165, 1
329, 212, 1
92, 165, 1
130, 295, 1
24, 295, 1
199, 147, 1
7, 44, 1
147, 365, 1
212, 333, 1
330, 87, 1
7, 71, 1
92, 295, 1
333, 92, 1
333, 330, 1
147, 212, 1
365, 44, 1
130, 7, 1
24, 7, 1
330, 199, 1
24, 25, 1
44, 92, 1
112, 385, 1
44, 330, 1
365, 147, 1
147, 333, 1
92, 7, 1
365, 165, 1
329, 90, 1
212, 90, 1
395, 44, 1
7, 295, 1
333, 87, 1
199, 7, 1
71, 87, 1
395, 147, 1
365, 295, 1
199, 92, 1
395, 165, 1
44, 87, 1
333, 199, 1
330, 212, 1
71, 199, 1
25, 92, 1
25, 330, 1
147, 90, 1
330, 59, 1
59, 90, 1
44, 199, 1
365, 7, 1
395, 295, 1
130, 397, 1
330, 333, 1
385, 92, 1
24, 397, 1
112, 92, 1
199, 87, 1
92, 397, 1
212, 44, 1
25, 87, 1
395, 7, 1
329, 71, 1
212, 71, 1
130, 365, 1
322, 59, 1
24, 365, 1
397, 71, 1
25, 199, 1
385, 87, 1
212, 165, 1
112, 87, 1
24, 212, 1
92, 365, 1
147, 44, 1
87, 295, 1
147, 71, 1
385, 199, 1
44, 333, 1
112, 199, 1
199, 365, 1
212, 295, 1
365, 397, 1
329, 322, 1
147, 165, 1
212, 322, 1
199, 212, 1
87, 7, 1
112, 329, 1
199, 59, 1
25, 59, 1
395, 397, 1
199, 333, 1
147, 295, 1
130, 90, 1
385, 212, 1
24, 90, 1
112, 212, 1
330, 44, 1
385, 59, 1
112, 59, 1
92, 90, 1
147, 7, 1
330, 147, 1
385, 333, 1
395, 365, 1
112, 333, 1
330, 165, 1
199, 90, 1
333, 44, 1
330, 295, 1
212, 397, 1
365, 90, 1
322, 165, 1
333, 165, 1
130, 71, 1
330, 7, 1
24, 71, 1
44, 165, 1
147, 397, 1
92, 71, 1
395, 90, 1
71, 295, 1
199, 44, 1
7, 130, 1
199, 71, 1
44, 295, 1
333, 7, 1
130, 322, 1
71, 7, 1
199, 165, 1
24, 322, 1
25, 147, 1
25, 385, 1
385, 44, 1
112, 44, 1
92, 322, 1
44, 7, 1
365, 71, 1
199, 295, 1
385, 147, 1
330, 397, 1
112, 147, 1
385, 165, 1
112, 165, 1
199, 322, 1
395, 71, 1
385, 295, 1
112, 295, 1
330, 365, 1
25, 7, 1
365, 322, 1
333, 397, 1
385, 7, 1
112, 7, 1
130, 330, 1
385, 25, 1
112, 25, 1
44, 397, 1
329, 130, 1
212, 130, 1
395, 322, 1
329, 395, 1
397, 130, 1
333, 365, 1
87, 71, 1
333, 212, 1
44, 365, 1
199, 397, 1
330, 90, 1
7, 92, 1
684, 703, 1
365, 330, 1
385, 397, 1
112, 397, 1
25, 365, 1
322, 90, 1
25, 212, 1
7, 87, 1
329, 385, 1
395, 330, 1
703, 684, 1
385, 365, 1
112, 365, 1
44, 90, 1
7, 199, 1
147, 322, 1
25, 333, 1
330, 71, 1
25, 90, 1
329, 92, 1
24, 112, 1
329, 330, 1
212, 92, 1
212, 330, 1
24, 130, 1
333, 71, 1
330, 322, 1
130, 395, 1
385, 90, 1
24, 395, 1
112, 90, 1
92, 130, 1
44, 71, 1
147, 330, 1
329, 87, 1
322, 295, 1
333, 295, 1
397, 87, 1
333, 322, 1
329, 199, 1
25, 44, 1
212, 199, 1
25, 71, 1
44, 322, 1
365, 130, 1
397, 199, 1
603, 703, 1
365, 395, 1
25, 165, 1
385, 71, 1
112, 71, 1
24, 385, 1
147, 199, 1
395, 130, 1
25, 295, 1
25, 322, 1
329, 59, 1
212, 59, 1
333, 90, 1
397, 44, 1
385, 112, 1
130, 112, 1
395, 25, 1
44, 112, 1
330, 112, 1
87, 92, 1
147, 112, 1
87, 165, 1
212, 25, 1
397, 25, 1
44, 395, 1
397, 92, 1
92, 112, 1
333, 25, 1
684, 603, 1
71, 92, 1
329, 24, 1
71, 165, 1
92, 395, 1
395, 112, 1
130, 25, 1
44, 25, 1
130, 385, 1
330, 25, 1
329, 112, 1
44, 147, 1
330, 385, 1
25, 24, 1
365, 25, 1
212, 112, 1
147, 25, 1
25, 112, 1
92, 25, 1
92, 147, 1
385, 24, 1
322, 703, -1
322, 684, -1
322, 603, -1
165, 703, -1
165, 684, -1
165, 603, -1
59, 703, -1
59, 684, -1
59, 603, -1
295, 703, -1
295, 684, -1
295, 603, -1
90, 703, -1
90, 684, -1
90, 603, -1
333, 703, -1
71, 703, -1
703, 385, -1
703, 330, -1
385, 603, -1
112, 603, -1
603, 90, -1
603, 44, -1
44, 703, -1
684, 365, -1
365, 703, -1
130, 684, -1
330, 684, -1
603, 147, -1
24, 684, -1
603, 92, -1
603, 330, -1
603, 165, -1
703, 90, -1
329, 703, -1
395, 703, -1
25, 603, -1
703, 44, -1
212, 703, -1
199, 703, -1
397, 703, -1
25, 703, -1
603, 295, -1
703, 147, -1
703, 92, -1
703, 165, -1
603, 87, -1
333, 684, -1
385, 703, -1
112, 703, -1
603, 7, -1
603, 71, -1
684, 90, -1
603, 199, -1
684, 44, -1
365, 684, -1
703, 87, -1
87, 703, -1
684, 92, -1
684, 165, -1
703, 7, -1
703, 71, -1
329, 684, -1
395, 684, -1
130, 603, -1
703, 199, -1
703, 25, -1
212, 684, -1
330, 603, -1
199, 684, -1
24, 603, -1
603, 130, -1
603, 322, -1
25, 684, -1
603, 395, -1
684, 295, -1
147, 703, -1
684, 87, -1
603, 333, -1
385, 684, -1
603, 397, -1
112, 684, -1
703, 130, -1
684, 7, -1
684, 71, -1
703, 322, -1
684, 199, -1
703, 212, -1
703, 395, -1
703, 59, -1
7, 703, -1
603, 365, -1
703, 333, -1
703, 397, -1
365, 603, -1
603, 212, -1
130, 703, -1
330, 703, -1
24, 703, -1
92, 703, -1
329, 603, -1
199, 603, -1
147, 684, -1
703, 365, -1
684, 333, -1
684, 397, -1
684, 322, -1
212, 603, -1
684, 212, -1
684, 395, -1
684, 25, -1
603, 25, -1
684, 330, -1
684, 112, -1
603, 112, -1
684, 147, -1
703, 295, -1
684, 130, -1
684, 59, -1
603, 59, -1

45, 44, 1
45, 24, 1
45, 71, 1
45, 365, 1
45, 87, 1
45, 112, 1
45, 130, 1
45, 333, 1
45, 147, 1
45, 395, 1
45, 92, 1
45, 397, 1
45, 199, 1
45, 212, 1
45, 25, 1
45, 329, 1
45, 330, 1
45, 7, 1
45, 385, 1
45, 322, 1
45, 165, 1
45, 59, 1
45, 295, 1
45, 90, 1
125, 44, 1
125, 24, 1
125, 71, 1
125, 365, 1
125, 87, 1
125, 112, 1
125, 130, 1
125, 333, 1
125, 147, 1
125, 395, 1
125, 92, 1
125, 397, 1
125, 199, 1
125, 212, 1
125, 25, 1
125, 329, 1
125, 330, 1
125, 7, 1
125, 385, 1
125, 322, 1
125, 165, 1
125, 59, 1
125, 295, 1
125, 90, 1
125, 45, 1
319, 44, 1
319, 24, 1
319, 71, 1
319, 365, 1
319, 87, 1
319, 112, 1
319, 130, 1
319, 333, 1
319, 147, 1
319, 395, 1
319, 92, 1
319, 397, 1
319, 199, 1
319, 212, 1
319, 25, 1
319, 329, 1
319, 330, 1
319, 7, 1
319, 385, 1
319, 322, 1
319, 165, 1
319, 59, 1
319, 295, 1
319, 90, 1
319, 45, 1
319, 125, 1
116, 44, 1
116, 24, 1
116, 71, 1
116, 365, 1
116, 87, 1
116, 112, 1
116, 130, 1
116, 333, 1
116, 147, 1
116, 395, 1
116, 92, 1
116, 397, 1
116, 199, 1
116, 212, 1
116, 25, 1
116, 329, 1
116, 330, 1
116, 7, 1
116, 385, 1
116, 322, 1
116, 165, 1
116, 59, 1
116, 295, 1
116, 90, 1
116, 45, 1
116, 125, 1
116, 319, 1
240, 44, 1
240, 24, 1
240, 71, 1
240, 365, 1
240, 87, 1
240, 112, 1
240, 130, 1
240, 333, 1
240, 147, 1
240, 395, 1
240, 92, 1
240, 397, 1
240, 199, 1
240, 212, 1
240, 25, 1
240, 329, 1
240, 330, 1
240, 7, 1
240, 385, 1
240, 322, 1
240, 165, 1
240, 59, 1
240, 295, 1
240, 90, 1
240, 45, 1
240, 125, 1
240, 319, 1
240, 116, 1
212, 59, 1
165, 45, 1
329, 333, 1
165, 319, 1
385, 322, 1
395, 116, 1
112, 322, 1
395, 125, 1
7, 165, 1
329, 45, 1
603, 684, 1
212, 45, 1
130, 92, 1
24, 92, 1
295, 397, 1
24, 330, 1
329, 319, 1
59, 333, 1
397, 319, 1
212, 395, 1
125, 116, 1
147, 45, 1
199, 330, 1
130, 87, 1
59, 45, 1
24, 87, 1
165, 44, 1
25, 397, 1
212, 125, 1
147, 395, 1
59, 319, 1
92, 87, 1
130, 199, 1
24, 199, 1
385, 330, 1
112, 330, 1
365, 92, 1
92, 199, 1
329, 44, 1
147, 125, 1
24, 329, 1
112, 24, 1
397, 44, 1
165, 295, 1
329, 147, 1
330, 112, 1
395, 92, 1
212, 147, 1
329, 165, 1
330, 130, 1
90, 130, 1
130, 212, 1
330, 395, 1
365, 87, 1
90, 395, 1
397, 165, 1
7, 397, 1
130, 59, 1
24, 59, 1
165, 7, 1
329, 295, 1
59, 44, 1
130, 333, 1
365, 199, 1
24, 333, 1
703, 603, 1
397, 295, 1
395, 87, 1
330, 116, 1
322, 112, 1
90, 116, 1
330, 125, 1
59, 147, 1
92, 333, 1
90, 125, 1
322, 130, 1
59, 165, 1
7, 365, 1
329, 7, 1
130, 45, 1
322, 395, 1
212, 7, 1
329, 25, 1
395, 199, 1
24, 45, 1
87, 92, 1
397, 7, 1
130, 319, 1
24, 319, 1
92, 45, 1
59, 295, 1
365, 212, 1
684, 603, 1
92, 319, 1
7, 333, 1
322, 116, 1
333, 116, 1
365, 59, 1
322, 125, 1
333, 125, 1
199, 45, 1
165, 397, 1
365, 333, 1
59, 7, 1
147, 92, 1
199, 130, 1
295, 125, 1
395, 212, 1
25, 112, 1
44, 125, 1
25, 130, 1
212, 87, 1
199, 395, 1
25, 395, 1
87, 199, 1
365, 45, 1
395, 333, 1
329, 397, 1
385, 130, 1
112, 130, 1
365, 319, 1
130, 44, 1
385, 395, 1
112, 395, 1
147, 87, 1
199, 125, 1
24, 44, 1
25, 116, 1
25, 125, 1
395, 45, 1
92, 44, 1
130, 147, 1
24, 147, 1
330, 92, 1
329, 365, 1
130, 165, 1
90, 92, 1
212, 365, 1
395, 319, 1
24, 165, 1
385, 116, 1
112, 116, 1
385, 125, 1
329, 212, 1
112, 125, 1
59, 397, 1
92, 165, 1
130, 295, 1
24, 295, 1
199, 147, 1
7, 44, 1
147, 365, 1
212, 333, 1
330, 87, 1
7, 71, 1
92, 295, 1
90, 87, 1
322, 92, 1
333, 92, 1
322, 330, 1
71, 92, 1
147, 212, 1
59, 365, 1
365, 44, 1
125, 319, 1
130, 7, 1
24, 7, 1
59, 212, 1
330, 199, 1
295, 92, 1
24, 25, 1
90, 199, 1
44, 92, 1
112, 385, 1
365, 147, 1
87, 319, 1
147, 333, 1
92, 7, 1
365, 165, 1
329, 90, 1
212, 319, 1
395, 44, 1
7, 295, 1
322, 87, 1
333, 87, 1
199, 7, 1
71, 87, 1
395, 147, 1
365, 295, 1
24, 240, 1
199, 92, 1
395, 165, 1
295, 87, 1
44, 87, 1
322, 199, 1
333, 199, 1
330, 212, 1
71, 199, 1
147, 319, 1
25, 92, 1
25, 330, 1
90, 212, 1
330, 59, 1
90, 59, 1
295, 199, 1
165, 71, 1
365, 7, 1
44, 199, 1
395, 295, 1
130, 397, 1
330, 333, 1
385, 92, 1
90, 333, 1
24, 397, 1
112, 92, 1
199, 87, 1
92, 397, 1
212, 44, 1
25, 87, 1
395, 7, 1
329, 71, 1
330, 45, 1
212, 71, 1
90, 45, 1
130, 365, 1
112, 240, 1
322, 59, 1
87, 165, 1
24, 365, 1
397, 71, 1
330, 319, 1
25, 199, 1
90, 319, 1
385, 87, 1
212, 165, 1
112, 87, 1
24, 212, 1
92, 365, 1
147, 44, 1
87, 295, 1
147, 71, 1
385, 199, 1
44, 333, 1
112, 199, 1
199, 365, 1
212, 295, 1
365, 397, 1
329, 322, 1
59, 71, 1
322, 45, 1
333, 45, 1
147, 165, 1
199, 212, 1
333, 319, 1
322, 319, 1
71, 319, 1
87, 7, 1
112, 329, 1
199, 59, 1
295, 45, 1
44, 45, 1
25, 59, 1
395, 397, 1
147, 295, 1
295, 319, 1
199, 333, 1
44, 319, 1
130, 90, 1
385, 212, 1
24, 90, 1
112, 212, 1
330, 44, 1
90, 44, 1
385, 59, 1
112, 59, 1
147, 7, 1
330, 147, 1
385, 333, 1
90, 147, 1
395, 365, 1
112, 333, 1
330, 165, 1
25, 45, 1
90, 165, 1
199, 319, 1
199, 90, 1
333, 44, 1
385, 45, 1
330, 295, 1
112, 45, 1
90, 295, 1
385, 319, 1
212, 397, 1
112, 319, 1
322, 147, 1
365, 90, 1
322, 165, 1
333, 165, 1
329, 24, 1
71, 165, 1
130, 71, 1
330, 7, 1
90, 7, 1
24, 71, 1
44, 165, 1
147, 397, 1
92, 71, 1
71, 295, 1
199, 44, 1
199, 71, 1
44, 295, 1
322, 7, 1
333, 7, 1
130, 322, 1
71, 7, 1
199, 165, 1
24, 322, 1
45, 116, 1
25, 147, 1
25, 385, 1
45, 125, 1
385, 44, 1
112, 44, 1
295, 7, 1
44, 7, 1
395, 112, 1
7, 125, 1
365, 71, 1
199, 295, 1
385, 147, 1
330, 397, 1
112, 147, 1
90, 397, 1
385, 165, 1
112, 165, 1
199, 322, 1
395, 71, 1
385, 295, 1
112, 295, 1
330, 365, 1
25, 7, 1
90, 365, 1
365, 322, 1
322, 397, 1
333, 397, 1
385, 7, 1
112, 7, 1
130, 330, 1
329, 112, 1
385, 25, 1
112, 25, 1
44, 397, 1
212, 112, 1
329, 130, 1
329, 395, 1
165, 125, 1
322, 365, 1
333, 365, 1
87, 71, 1
322, 212, 1
333, 212, 1
295, 365, 1
147, 112, 1
44, 365, 1
199, 397, 1
329, 116, 1
329, 125, 1
330, 90, 1
59, 112, 1
212, 116, 1
322, 333, 1
7, 92, 1
59, 395, 1
684, 703, 1
295, 333, 1
365, 330, 1
385, 397, 1
112, 397, 1
147, 116, 1
25, 365, 1
59, 116, 1
322, 90, 1
25, 212, 1
59, 125, 1
7, 87, 1
329, 385, 1
90, 112, 1
703, 684, 1
385, 365, 1
112, 365, 1
7, 199, 1
25, 333, 1
330, 71, 1
90, 71, 1
165, 92, 1
25, 319, 1
25, 90, 1
130, 112, 1
322, 44, 1
329, 92, 1
24, 112, 1
329, 330, 1
212, 92, 1
24, 130, 1
322, 71, 1
333, 71, 1
330, 322, 1
130, 395, 1
90, 322, 1
165, 87, 1
385, 90, 1
397, 92, 1
24, 395, 1
112, 90, 1
295, 71, 1
44, 71, 1
165, 199, 1
295, 165, 1
45, 319, 1
130, 116, 1
329, 87, 1
130, 125, 1
24, 116, 1
7, 45, 1
322, 295, 1
24, 125, 1
59, 92, 1
333, 295, 1
397, 87, 1
7, 319, 1
92, 125, 1
329, 199, 1
385, 112, 1
25, 44, 1
212, 199, 1
165, 365, 1
25, 71, 1
365, 130, 1
397, 199, 1
199, 116, 1
603, 703, 1
365, 395, 1
25, 165, 1
59, 87, 1
385, 71, 1
112, 71, 1
24, 385, 1
147, 199, 1
90, 330, 1
165, 333, 1
59, 199, 1
25, 295, 1
365, 116, 1
365, 125, 1
25, 322, 1
329, 59, 1
333, 90, 1
395, 25, 1
44, 112, 1
395, 330, 1
385, 240, 1
385, 24, 1
295, 130, 1
44, 130, 1
212, 25, 1
212, 330, 1
165, 130, 1
44, 322, 1
397, 25, 1
147, 130, 1
44, 90, 1
44, 395, 1
92, 112, 1
322, 25, 1
333, 25, 1
147, 90, 1
333, 330, 1
147, 322, 1
116, 240, 1
322, 385, 1
59, 130, 1
92, 130, 1
59, 322, 1
92, 322, 1
59, 90, 1
92, 90, 1
92, 395, 1
130, 25, 1
130, 385, 1
44, 25, 1
330, 25, 1
165, 25, 1
44, 147, 1
330, 385, 1
90, 25, 1
25, 24, 1
329, 240, 1
44, 330, 1
365, 25, 1
87, 130, 1
90, 385, 1
147, 25, 1
395, 130, 1
147, 330, 1
212, 130, 1
395, 322, 1
212, 322, 1
395, 90, 1
92, 25, 1
59, 25, 1
25, 240, 1
92, 147, 1
212, 90, 1
59, 330, 1
92, 330, 1
397, 130, 1
333, 130, 1
71, 130, 1
7, 130, 1
333, 322, 1
59, 385, 1
45, 703, -1
45, 684, -1
45, 603, -1
125, 703, -1
125, 684, -1
125, 603, -1
319, 703, -1
319, 684, -1
319, 603, -1
116, 703, -1
116, 684, -1
116, 603, -1
240, 703, -1
240, 684, -1
240, 603, -1
684, 125, -1
322, 703, -1
333, 703, -1
71, 703, -1
703, 385, -1
703, 330, -1
385, 603, -1
112, 603, -1
684, 45, -1
295, 703, -1
603, 44, -1
59, 603, -1
44, 703, -1
165, 703, -1
684, 365, -1
365, 703, -1
684, 319, -1
130, 684, -1
603, 147, -1
330, 684, -1
603, 92, -1
24, 684, -1
90, 684, -1
603, 165, -1
212, 603, -1
684, 330, -1
703, 90, -1
329, 703, -1
395, 703, -1
25, 603, -1
703, 44, -1
212, 703, -1
199, 703, -1
25, 703, -1
397, 703, -1
603, 295, -1
703, 147, -1
703, 92, -1
703, 165, -1
603, 87, -1
322, 684, -1
333, 684, -1
385, 703, -1
112, 703, -1
603, 7, -1
603, 71, -1
684, 90, -1
603, 199, -1
59, 703, -1
684, 44, -1
703, 295, -1
365, 684, -1
703, 87, -1
87, 703, -1
684, 147, -1
684, 92, -1
684, 165, -1
703, 7, -1
703, 71, -1
329, 684, -1
395, 684, -1
130, 603, -1
703, 199, -1
703, 25, -1
212, 684, -1
330, 603, -1
199, 684, -1
24, 603, -1
90, 603, -1
25, 684, -1
603, 395, -1
684, 295, -1
147, 703, -1
684, 87, -1
603, 333, -1
385, 684, -1
603, 397, -1
112, 684, -1
703, 130, -1
684, 7, -1
684, 71, -1
603, 116, -1
703, 322, -1
603, 125, -1
59, 684, -1
703, 212, -1
684, 199, -1
703, 395, -1
703, 59, -1
603, 45, -1
7, 703, -1
603, 365, -1
703, 333, -1
703, 397, -1
365, 603, -1
603, 319, -1
703, 116, -1
603, 212, -1
130, 703, -1
703, 125, -1
330, 703, -1
24, 703, -1
90, 703, -1
684, 130, -1
684, 322, -1
684, 212, -1
684, 395, -1
703, 45, -1
92, 703, -1
329, 603, -1
199, 603, -1
147, 684, -1
703, 365, -1
684, 59, -1
684, 333, -1
684, 397, -1
322, 603, -1
603, 322, -1
684, 116, -1
703, 319, -1
603, 90, -1
684, 25, -1
603, 25, -1
684, 112, -1
603, 112, -1
603, 330, -1
603, 130, -1
603, 59, -1

378, 44, 1
378, 24, 1
378, 71, 1
378, 365, 1
378, 87, 1
378, 112, 1
378, 130, 1
378, 333, 1
378, 147, 1
378, 395, 1
378, 92, 1
378, 397, 1
378, 199, 1
378, 212, 1
378, 25, 1
378, 329, 1
378, 330, 1
378, 7, 1
378, 385, 1
378, 322, 1
378, 165, 1
378, 59, 1
378, 295, 1
378, 90, 1
378, 45, 1
378, 125, 1
378, 319, 1
378, 116, 1
378, 240, 1
244, 44, 1
244, 24, 1
244, 71, 1
244, 365, 1
244, 87, 1
244, 112, 1
244, 130, 1
244, 333, 1
244, 147, 1
244, 395, 1
244, 92, 1
244, 397, 1
244, 199, 1
244, 212, 1
244, 25, 1
244, 329, 1
244, 330, 1
244, 7, 1
244, 385, 1
244, 322, 1
244, 165, 1
244, 59, 1
244, 295, 1
244, 90, 1
244, 45, 1
244, 125, 1
244, 319, 1
244, 116, 1
244, 240, 1
244, 378, 1
379, 44, 1
379, 24, 1
379, 71, 1
379, 365, 1
379, 87, 1
379, 112, 1
379, 130, 1
379, 333, 1
379, 147, 1
379, 395, 1
379, 92, 1
379, 397, 1
379, 199, 1
379, 212, 1
379, 25, 1
379, 329, 1
379, 330, 1
379, 7, 1
379, 385, 1
379, 322, 1
379, 165, 1
379, 59, 1
379, 295, 1
379, 90, 1
379, 45, 1
379, 125, 1
379, 319, 1
379, 116, 1
379, 240, 1
379, 378, 1
379, 244, 1
362, 44, 1
362, 24, 1
362, 71, 1
362, 365, 1
362, 87, 1
362, 112, 1
362, 130, 1
362, 333, 1
362, 147, 1
362, 395, 1
362, 92, 1
362, 397, 1
362, 199, 1
362, 212, 1
362, 25, 1
362, 329, 1
362, 330, 1
362, 7, 1
362, 385, 1
362, 322, 1
362, 165, 1
362, 59, 1
362, 295, 1
362, 90, 1
362, 45, 1
362, 125, 1
362, 319, 1
362, 116, 1
362, 240, 1
362, 378, 1
362, 244, 1
362, 379, 1
372, 44, 1
372, 24, 1
372, 71, 1
372, 365, 1
372, 87, 1
372, 112, 1
372, 130, 1
372, 333, 1
372, 147, 1
372, 395, 1
372, 92, 1
372, 397, 1
372, 199, 1
372, 212, 1
372, 25, 1
372, 329, 1
372, 330, 1
372, 7, 1
372, 385, 1
372, 322, 1
372, 165, 1
372, 59, 1
372, 295, 1
372, 90, 1
372, 45, 1
372, 125, 1
372, 319, 1
372, 116, 1
372, 240, 1
372, 378, 1
372, 244, 1
372, 379, 1
372, 362, 1
240, 130, 1
212, 59, 1
130, 362, 1
329, 333, 1
240, 395, 1
24, 362, 1
319, 130, 1
45, 165, 1
165, 319, 1
385, 322, 1
395, 116, 1
112, 322, 1
116, 45, 1
395, 125, 1
92, 362, 1
395, 372, 1
125, 130, 1
116, 319, 1
329, 45, 1
603, 684, 1
240, 116, 1
45, 295, 1
212, 45, 1
130, 92, 1
240, 125, 1
24, 92, 1
87, 130, 1
24, 330, 1
240, 372, 1
329, 319, 1
59, 333, 1
92, 330, 1
397, 319, 1
212, 395, 1
45, 7, 1
147, 45, 1
365, 362, 1
130, 87, 1
59, 45, 1
147, 130, 1
24, 87, 1
165, 44, 1
25, 397, 1
212, 125, 1
147, 395, 1
59, 319, 1
92, 87, 1
130, 199, 1
24, 199, 1
385, 330, 1
116, 44, 1
322, 378, 1
112, 330, 1
395, 362, 1
365, 92, 1
92, 199, 1
329, 44, 1
116, 147, 1
147, 125, 1
240, 362, 1
116, 165, 1
24, 329, 1
112, 24, 1
397, 44, 1
165, 295, 1
329, 147, 1
395, 92, 1
45, 397, 1
212, 147, 1
329, 165, 1
330, 130, 1
90, 130, 1
130, 212, 1
330, 395, 1
365, 87, 1
45, 244, 1
116, 295, 1
90, 395, 1
125, 362, 1
397, 165, 1
130, 59, 1
240, 92, 1
240, 330, 1
24, 59, 1
165, 7, 1
329, 295, 1
59, 44, 1
130, 333, 1
25, 378, 1
365, 199, 1
379, 372, 1
319, 92, 1
24, 333, 1
45, 365, 1
397, 295, 1
116, 7, 1
395, 87, 1
330, 116, 1
90, 116, 1
330, 125, 1
59, 147, 1
92, 333, 1
90, 125, 1
116, 25, 1
125, 92, 1
330, 372, 1
322, 130, 1
333, 130, 1
90, 372, 1
59, 165, 1
71, 130, 1
329, 7, 1
130, 45, 1
322, 395, 1
212, 7, 1
329, 25, 1
24, 45, 1
240, 87, 1
395, 199, 1
87, 92, 1
295, 130, 1
44, 130, 1
397, 7, 1
130, 319, 1
147, 362, 1
24, 319, 1
92, 45, 1
319, 87, 1
59, 295, 1
684, 603, 1
240, 199, 1
45, 378, 1
92, 319, 1
322, 116, 1
125, 87, 1
333, 125, 1
322, 125, 1
319, 199, 1
322, 372, 1
165, 397, 1
365, 333, 1
59, 7, 1
147, 92, 1
199, 130, 1
240, 329, 1
395, 212, 1
59, 25, 1
125, 199, 1
378, 379, 1
44, 125, 1
45, 90, 1
116, 379, 1
212, 87, 1
25, 130, 1
379, 362, 1
116, 397, 1
25, 395, 1
87, 199, 1
378, 244, 1
329, 379, 1
116, 244, 1
365, 45, 1
212, 379, 1
395, 333, 1
329, 397, 1
330, 362, 1
90, 362, 1
385, 130, 1
112, 130, 1
240, 59, 1
365, 319, 1
329, 244, 1
130, 44, 1
385, 395, 1
147, 87, 1
112, 395, 1
24, 44, 1
212, 244, 1
116, 365, 1
25, 116, 1
25, 125, 1
395, 45, 1
25, 372, 1
92, 44, 1
130, 147, 1
24, 147, 1
330, 92, 1
329, 365, 1
130, 165, 1
90, 92, 1
212, 365, 1
24, 165, 1
395, 319, 1
59, 379, 1
385, 116, 1
112, 116, 1
385, 125, 1
329, 212, 1
322, 362, 1
125, 333, 1
112, 125, 1
240, 45, 1
147, 244, 1
59, 397, 1
165, 378, 1
385, 372, 1
333, 362, 1
92, 165, 1
112, 372, 1
240, 319, 1
45, 71, 1
59, 244, 1
130, 295, 1
24, 295, 1
44, 362, 1
116, 378, 1
147, 365, 1
212, 333, 1
125, 45, 1
330, 87, 1
7, 71, 1
92, 295, 1
90, 87, 1
322, 92, 1
333, 92, 1
322, 330, 1
329, 378, 1
71, 92, 1
147, 212, 1
59, 365, 1
333, 330, 1
365, 44, 1
125, 319, 1
130, 7, 1
24, 7, 1
59, 212, 1
397, 378, 1
116, 90, 1
330, 199, 1
295, 92, 1
24, 25, 1
90, 199, 1
44, 92, 1
112, 385, 1
44, 330, 1
87, 319, 1
147, 333, 1
92, 7, 1
365, 165, 1
45, 322, 1
329, 90, 1
212, 319, 1
25, 362, 1
212, 90, 1
395, 44, 1
7, 295, 1
322, 87, 1
333, 87, 1
199, 7, 1
71, 87, 1
59, 378, 1
395, 147, 1
365, 295, 1
385, 362, 1
24, 240, 1
199, 92, 1
112, 362, 1
395, 165, 1
295, 87, 1
44, 87, 1
322, 199, 1
333, 199, 1
330, 212, 1
71, 199, 1
25, 92, 1
90, 212, 1
147, 319, 1
147, 90, 1
25, 330, 1
116, 112, 1
240, 147, 1
240, 385, 1
330, 59, 1
90, 59, 1
240, 165, 1
59, 90, 1
295, 199, 1
165, 71, 1
130, 379, 1
44, 199, 1
365, 7, 1
395, 295, 1
125, 44, 1
24, 379, 1
130, 397, 1
330, 333, 1
385, 92, 1
90, 333, 1
24, 397, 1
112, 92, 1
116, 71, 1
130, 244, 1
199, 87, 1
24, 244, 1
92, 397, 1
125, 165, 1
212, 44, 1
25, 87, 1
395, 7, 1
329, 71, 1
92, 244, 1
330, 45, 1
212, 71, 1
319, 295, 1
90, 45, 1
130, 365, 1
112, 240, 1
322, 59, 1
24, 365, 1
397, 71, 1
330, 319, 1
25, 199, 1
90, 319, 1
385, 87, 1
212, 165, 1
125, 295, 1
112, 87, 1
240, 7, 1
24, 212, 1
92, 365, 1
147, 44, 1
319, 7, 1
116, 322, 1
87, 295, 1
147, 71, 1
385, 199, 1
44, 333, 1
112, 199, 1
212, 295, 1
365, 397, 1
125, 7, 1
59, 71, 1
329, 322, 1
322, 45, 1
333, 45, 1
147, 165, 1
212, 322, 1
130, 378, 1
365, 244, 1
244, 372, 1
24, 378, 1
322, 319, 1
333, 319, 1
71, 319, 1
87, 7, 1
112, 329, 1
44, 45, 1
92, 378, 1
25, 59, 1
395, 397, 1
295, 319, 1
147, 295, 1
44, 319, 1
130, 90, 1
385, 212, 1
24, 90, 1
112, 212, 1
395, 244, 1
330, 44, 1
240, 379, 1
90, 44, 1
59, 322, 1
385, 59, 1
112, 59, 1
92, 90, 1
147, 7, 1
330, 147, 1
240, 244, 1
385, 333, 1
90, 147, 1
395, 365, 1
112, 333, 1
330, 165, 1
25, 45, 1
90, 165, 1
199, 319, 1
116, 330, 1
125, 397, 1
365, 378, 1
240, 365, 1
125, 244, 1
333, 44, 1
385, 45, 1
330, 295, 1
112, 45, 1
90, 295, 1
240, 212, 1
244, 362, 1
116, 24, 1
385, 319, 1
212, 397, 1
112, 319, 1
322, 147, 1
365, 90, 1
395, 378, 1
125, 365, 1
322, 165, 1
333, 165, 1
240, 333, 1
130, 71, 1
330, 7, 1
90, 7, 1
24, 71, 1
44, 165, 1
45, 130, 1
147, 397, 1
92, 71, 1
395, 90, 1
71, 295, 1
7, 130, 1
199, 71, 1
44, 295, 1
240, 90, 1
125, 378, 1
322, 7, 1
333, 7, 1
130, 322, 1
71, 7, 1
24, 322, 1
25, 147, 1
25, 385, 1
45, 125, 1
385, 44, 1
112, 44, 1
295, 7, 1
92, 322, 1
212, 378, 1
44, 7, 1
125, 90, 1
330, 379, 1
365, 71, 1
90, 379, 1
199, 295, 1
385, 147, 1
330, 397, 1
112, 147, 1
90, 397, 1
385, 165, 1
112, 165, 1
330, 244, 1
90, 244, 1
147, 378, 1
395, 71, 1
385, 295, 1
112, 295, 1
330, 365, 1
25, 7, 1
165, 130, 1
90, 365, 1
240, 44, 1
322, 379, 1
365, 322, 1
240, 71, 1
333, 397, 1
322, 397, 1
116, 130, 1
385, 7, 1
319, 71, 1
322, 244, 1
333, 244, 1
112, 7, 1
130, 330, 1
116, 395, 1
385, 25, 1
112, 25, 1
44, 397, 1
45, 362, 1
329, 130, 1
212, 130, 1
125, 71, 1
395, 322, 1
329, 395, 1
44, 244, 1
397, 130, 1
322, 365, 1
333, 365, 1
330, 378, 1
90, 378, 1
240, 295, 1
87, 71, 1
322, 212, 1
240, 322, 1
116, 125, 1
378, 372, 1
116, 372, 1
45, 92, 1
44, 365, 1
45, 330, 1
25, 379, 1
329, 116, 1
329, 125, 1
330, 90, 1
212, 116, 1
329, 372, 1
322, 333, 1
7, 92, 1
59, 130, 1
212, 372, 1
240, 25, 1
125, 322, 1
25, 244, 1
59, 395, 1
333, 378, 1
385, 379, 1
684, 703, 1
112, 379, 1
365, 330, 1
385, 397, 1
112, 397, 1
45, 87, 1
147, 116, 1
385, 244, 1
25, 365, 1
116, 385, 1
44, 378, 1
112, 244, 1
147, 372, 1
59, 116, 1
322, 90, 1
333, 90, 1
25, 212, 1
59, 125, 1
7, 87, 1
329, 385, 1
45, 199, 1
59, 372, 1
395, 330, 1
165, 362, 1
385, 365, 1
112, 365, 1
44, 90, 1
7, 199, 1
147, 322, 1
25, 333, 1
378, 362, 1
116, 362, 1
240, 397, 1
330, 71, 1
90, 71, 1
329, 362, 1
165, 92, 1
212, 362, 1
240, 24, 1
59, 385, 1
397, 362, 1
125, 330, 1
385, 378, 1
116, 92, 1
112, 378, 1
25, 319, 1
25, 90, 1
322, 44, 1
329, 92, 1
24, 112, 1
45, 333, 1
329, 330, 1
212, 92, 1
212, 330, 1
24, 130, 1
322, 71, 1
333, 71, 1
330, 322, 1
165, 87, 1
130, 395, 1
90, 322, 1
385, 90, 1
397, 92, 1
24, 395, 1
112, 90, 1
59, 362, 1
362, 372, 1
116, 240, 1
92, 130, 1
295, 71, 1
44, 71, 1
116, 87, 1
165, 199, 1
147, 330, 1
45, 319, 1
240, 378, 1
130, 116, 1
329, 87, 1
130, 125, 1
24, 116, 1
116, 199, 1
24, 125, 1
322, 295, 1
333, 295, 1
59, 92, 1
130, 372, 1
59, 330, 1
24, 372, 1
397, 87, 1
333, 322, 1
7, 319, 1
92, 125, 1
329, 199, 1
25, 44, 1
212, 199, 1
25, 71, 1
116, 329, 1
365, 130, 1
44, 322, 1
397, 199, 1
603, 703, 1
25, 165, 1
59, 87, 1
385, 71, 1
116, 212, 1
112, 71, 1
24, 385, 1
147, 199, 1
90, 330, 1
395, 130, 1
116, 59, 1
59, 199, 1
25, 295, 1
45, 44, 1
365, 125, 1
116, 333, 1
240, 112, 1
25, 322, 1
329, 59, 1
199, 59, 1
295, 45, 1
333, 212, 1
165, 45, 1
295, 365, 1
45, 147, 1
147, 112, 1
199, 333, 1
212, 25, 1
199, 397, 1
59, 112, 1
199, 125, 1
7, 165, 1
125, 212, 1
125, 395, 1
319, 333, 1
295, 333, 1
319, 397, 1
295, 397, 1
147, 25, 1
125, 59, 1
199, 90, 1
125, 379, 1
319, 125, 1
92, 147, 1
125, 116, 1
319, 45, 1
45, 25, 1
90, 112, 1
125, 372, 1
199, 147, 1
703, 684, 1
199, 330, 1
319, 365, 1
7, 44, 1
322, 385, 1
199, 378, 1
329, 24, 1
71, 165, 1
130, 25, 1
330, 25, 1
44, 147, 1
90, 25, 1
25, 24, 1
365, 147, 1
199, 362, 1
45, 212, 1
92, 25, 1
45, 395, 1
199, 44, 1
385, 24, 1
45, 59, 1
130, 112, 1
45, 379, 1
330, 112, 1
199, 165, 1
45, 116, 1
92, 112, 1
45, 372, 1
7, 397, 1
92, 395, 1
395, 112, 1
44, 25, 1
7, 125, 1
7, 244, 1
165, 25, 1
365, 25, 1
703, 603, 1
319, 165, 1
295, 165, 1
199, 322, 1
7, 45, 1
322, 112, 1
125, 147, 1
7, 365, 1
385, 112, 1
199, 379, 1
395, 25, 1
44, 112, 1
385, 240, 1
165, 365, 1
87, 165, 1
397, 25, 1
199, 116, 1
44, 395, 1
199, 244, 1
333, 25, 1
322, 25, 1
365, 212, 1
199, 372, 1
365, 395, 1
7, 333, 1
333, 116, 1
365, 59, 1
199, 45, 1
130, 385, 1
333, 372, 1
329, 112, 1
330, 385, 1
90, 385, 1
365, 379, 1
329, 240, 1
165, 333, 1
212, 112, 1
199, 365, 1
295, 125, 1
25, 112, 1
125, 25, 1
365, 116, 1
165, 125, 1
199, 212, 1
25, 240, 1
199, 395, 1
365, 372, 1
378, 703, -1
378, 684, -1
378, 603, -1
244, 703, -1
244, 684, -1
244, 603, -1
379, 703, -1
379, 684, -1
379, 603, -1
362, 703, -1
362, 684, -1
362, 603, -1
372, 703, -1
372, 684, -1
372, 603, -1
684, 125, -1
684, 244, -1
333, 703, -1
322, 703, -1
71, 703, -1
603, 362, -1
385, 603, -1
112, 603, -1
684, 45, -1
603, 90, -1
295, 703, -1
603, 44, -1
59, 603, -1
44, 703, -1
165, 703, -1
684, 365, -1
365, 703, -1
684, 319, -1
130, 684, -1
603, 147, -1
330, 684, -1
603, 92, -1
24, 684, -1
116, 703, -1
90, 684, -1
603, 330, -1
603, 165, -1
212, 603, -1
684, 330, -1
329, 703, -1
25, 603, -1
395, 703, -1
212, 703, -1
199, 703, -1
240, 603, -1
25, 703, -1
397, 703, -1
603, 295, -1
684, 378, -1
240, 703, -1
603, 87, -1
322, 684, -1
684, 362, -1
319, 703, -1
385, 703, -1
112, 703, -1
603, 7, -1
603, 71, -1
684, 90, -1
603, 199, -1
684, 44, -1
59, 703, -1
125, 703, -1
87, 703, -1
684, 147, -1
116, 684, -1
684, 92, -1
684, 165, -1
329, 684, -1
395, 684, -1
130, 603, -1
212, 684, -1
330, 603, -1
24, 603, -1
603, 130, -1
90, 603, -1
603, 322, -1
25, 684, -1
603, 395, -1
684, 295, -1
240, 684, -1
147, 703, -1
684, 87, -1
603, 333, -1
385, 684, -1
603, 397, -1
112, 684, -1
684, 7, -1
684, 71, -1
603, 116, -1
603, 125, -1
684, 199, -1
603, 244, -1
59, 684, -1
603, 372, -1
45, 703, -1
603, 45, -1
7, 703, -1
603, 365, -1
603, 319, -1
603, 212, -1
130, 703, -1
330, 703, -1
24, 703, -1
116, 603, -1
90, 703, -1
684, 130, -1
684, 322, -1
684, 212, -1
684, 395, -1
92, 703, -1
329, 603, -1
684, 59, -1
147, 684, -1
684, 379, -1
684, 333, -1
603, 378, -1
684, 397, -1
322, 603, -1
703, 59, -1
684, 116, -1
703, 7, -1
703, 71, -1
603, 112, -1
684, 372, -1
45, 684, -1
703, 199, -1
703, 379, -1
703, 330, -1
703, 25, -1
199, 684, -1
703, 147, -1
703, 333, -1
703, 92, -1
703, 385, -1
703, 397, -1
365, 603, -1
703, 165, -1
333, 684, -1
703, 116, -1
684, 112, -1
703, 125, -1
703, 244, -1
125, 603, -1
703, 372, -1
703, 378, -1
603, 59, -1
603, 379, -1
603, 25, -1
703, 45, -1
703, 295, -1
45, 603, -1
365, 684, -1
703, 362, -1
199, 603, -1
703, 365, -1
703, 130, -1
703, 319, -1
703, 322, -1
703, 87, -1
684, 25, -1
703, 212, -1
125, 684, -1
703, 90, -1
703, 395, -1
703, 44, -1

228, 44, 1
228, 24, 1
228, 71, 1
228, 365, 1
228, 87, 1
228, 112, 1
228, 130, 1
228, 333, 1
228, 147, 1
228, 395, 1
228, 92, 1
228, 397, 1
228, 199, 1
228, 212, 1
228, 25, 1
228, 329, 1
228, 330, 1
228, 7, 1
228, 385, 1
228, 322, 1
228, 165, 1
228, 59, 1
228, 295, 1
228, 90, 1
228, 45, 1
228, 125, 1
228, 319, 1
228, 116, 1
228, 240, 1
228, 378, 1
228, 244, 1
228, 379, 1
228, 362, 1
228, 372, 1
114, 44, 1
114, 24, 1
114, 71, 1
114, 365, 1
114, 87, 1
114, 112, 1
114, 130, 1
114, 333, 1
114, 147, 1
114, 395, 1
114, 92, 1
114, 397, 1
114, 199, 1
114, 212, 1
114, 25, 1
114, 329, 1
114, 330, 1
114, 7, 1
114, 385, 1
114, 322, 1
114, 165, 1
114, 59, 1
114, 295, 1
114, 90, 1
114, 45, 1
114, 125, 1
114, 319, 1
114, 116, 1
114, 240, 1
114, 378, 1
114, 244, 1
114, 379, 1
114, 362, 1
114, 372, 1
114, 228, 1
317, 44, 1
317, 24, 1
317, 71, 1
317, 365, 1
317, 87, 1
317, 112, 1
317, 130, 1
317, 333, 1
317, 147, 1
317, 395, 1
317, 92, 1
317, 397, 1
317, 199, 1
317, 212, 1
317, 25, 1
317, 329, 1
317, 330, 1
317, 7, 1
317, 385, 1
317, 322, 1
317, 165, 1
317, 59, 1
317, 295, 1
317, 90, 1
317, 45, 1
317, 125, 1
317, 319, 1
317, 116, 1
317, 240, 1
317, 378, 1
317, 244, 1
317, 379, 1
317, 362, 1
317, 372, 1
317, 228, 1
317, 114, 1
155, 44, 1
155, 24, 1
155, 71, 1
155, 365, 1
155, 87, 1
155, 112, 1
155, 130, 1
155, 333, 1
155, 147, 1
155, 395, 1
155, 92, 1
155, 397, 1
155, 199, 1
155, 212, 1
155, 25, 1
155, 329, 1
155, 330, 1
155, 7, 1
155, 385, 1
155, 322, 1
155, 165, 1
155, 59, 1
155, 295, 1
155, 90, 1
155, 45, 1
155, 125, 1
155, 319, 1
155, 116, 1
155, 240, 1
155, 378, 1
155, 244, 1
155, 379, 1
155, 362, 1
155, 372, 1
155, 228, 1
155, 114, 1
155, 317, 1
340, 44, 1
340, 24, 1
340, 71, 1
340, 365, 1
340, 87, 1
340, 112, 1
340, 130, 1
340, 333, 1
340, 147, 1
340, 395, 1
340, 92, 1
340, 397, 1
340, 199, 1
340, 212, 1
340, 25, 1
340, 329, 1
340, 330, 1
340, 7, 1
340, 385, 1
340, 322, 1
340, 165, 1
340, 59, 1
340, 295, 1
340, 90, 1
340, 45, 1
340, 125, 1
340, 319, 1
340, 116, 1
340, 240, 1
340, 378, 1
340, 244, 1
340, 379, 1
340, 362, 1
340, 372, 1
340, 228, 1
340, 114, 1
340, 317, 1
340, 155, 1
240, 130, 1
212, 59, 1
385, 228, 1
372, 295, 1
112, 228, 1
130, 362, 1
329, 333, 1
240, 395, 1
362, 92, 1
45, 147, 1
362, 330, 1
24, 362, 1
319, 130, 1
244, 365, 1
45, 165, 1
165, 319, 1
385, 322, 1
395, 116, 1
378, 45, 1
112, 322, 1
116, 45, 1
395, 125, 1
385, 340, 1
92, 362, 1
244, 212, 1
395, 372, 1
112, 340, 1
125, 130, 1
378, 319, 1
7, 165, 1
372, 7, 1
116, 319, 1
329, 45, 1
125, 395, 1
372, 25, 1
25, 317, 1
603, 684, 1
240, 116, 1
45, 295, 1
212, 45, 1
130, 92, 1
395, 228, 1
240, 125, 1
24, 92, 1
87, 130, 1
24, 330, 1
240, 372, 1
25, 155, 1
329, 319, 1
244, 333, 1
362, 87, 1
59, 333, 1
92, 330, 1
240, 228, 1
397, 319, 1
385, 317, 1
212, 395, 1
112, 317, 1
372, 155, 1
125, 116, 1
45, 7, 1
362, 199, 1
147, 45, 1
125, 372, 1
372, 240, 1
240, 340, 1
365, 362, 1
130, 87, 1
59, 45, 1
147, 130, 1
24, 87, 1
244, 319, 1
125, 228, 1
244, 90, 1
165, 44, 1
25, 397, 1
147, 395, 1
212, 125, 1
372, 114, 1
59, 319, 1
92, 87, 1
130, 199, 1
372, 379, 1
378, 44, 1
24, 199, 1
385, 330, 1
116, 44, 1
372, 397, 1
322, 378, 1
112, 330, 1
395, 362, 1
365, 92, 1
228, 114, 1
362, 212, 1
92, 199, 1
372, 244, 1
329, 44, 1
378, 147, 1
379, 112, 1
116, 147, 1
147, 125, 1
378, 165, 1
240, 362, 1
362, 59, 1
379, 130, 1
116, 165, 1
24, 329, 1
112, 24, 1
317, 155, 1
397, 44, 1
379, 395, 1
45, 379, 1
165, 295, 1
329, 147, 1
362, 333, 1
395, 92, 1
372, 365, 1
212, 147, 1
45, 397, 1
329, 165, 1
330, 130, 1
90, 130, 1
130, 212, 1
378, 295, 1
365, 87, 1
45, 244, 1
330, 395, 1
116, 295, 1
90, 395, 1
125, 362, 1
397, 165, 1
130, 59, 1
244, 44, 1
240, 92, 1
240, 330, 1
24, 59, 1
165, 7, 1
379, 116, 1
362, 45, 1
244, 71, 1
59, 44, 1
379, 125, 1
329, 295, 1
130, 333, 1
25, 378, 1
365, 199, 1
319, 92, 1
379, 372, 1
24, 333, 1
45, 365, 1
362, 319, 1
378, 7, 1
397, 295, 1
395, 87, 1
244, 165, 1
116, 7, 1
330, 116, 1
90, 116, 1
330, 125, 1
59, 147, 1
379, 228, 1
92, 333, 1
372, 378, 1
116, 25, 1
90, 125, 1
125, 92, 1
330, 372, 1
322, 130, 1
333, 130, 1
59, 165, 1
90, 372, 1
71, 130, 1
329, 7, 1
130, 45, 1
322, 395, 1
212, 7, 1
329, 25, 1
24, 45, 1
240, 87, 1
395, 199, 1
330, 228, 1
87, 92, 1
90, 228, 1
295, 130, 1
244, 295, 1
44, 130, 1
397, 7, 1
130, 319, 1
378, 155, 1
116, 155, 1
147, 362, 1
24, 319, 1
92, 45, 1
319, 87, 1
372, 90, 1
59, 295, 1
244, 322, 1
379, 385, 1
365, 212, 1
684, 603, 1
240, 199, 1
45, 378, 1
92, 319, 1
322, 116, 1
333, 116, 1
125, 87, 1
365, 59, 1
333, 125, 1
322, 125, 1
319, 199, 1
322, 372, 1
333, 372, 1
165, 397, 1
378, 114, 1
365, 333, 1
116, 114, 1
59, 7, 1
147, 92, 1
199, 130, 1
240, 329, 1
333, 228, 1
322, 228, 1
125, 199, 1
378, 379, 1
45, 90, 1
44, 125, 1
59, 25, 1
116, 379, 1
362, 44, 1
395, 212, 1
212, 87, 1
25, 130, 1
378, 397, 1
379, 362, 1
244, 317, 1
116, 397, 1
329, 114, 1
25, 395, 1
87, 199, 1
329, 379, 1
378, 244, 1
44, 228, 1
116, 244, 1
322, 340, 1
333, 340, 1
362, 147, 1
365, 45, 1
395, 333, 1
329, 397, 1
330, 362, 1
212, 379, 1
90, 362, 1
362, 165, 1
385, 130, 1
112, 130, 1
240, 59, 1
365, 319, 1
329, 244, 1
130, 44, 1
385, 395, 1
147, 87, 1
212, 244, 1
24, 44, 1
112, 395, 1
379, 92, 1
378, 365, 1
116, 365, 1
25, 116, 1
25, 125, 1
372, 71, 1
125, 212, 1
395, 45, 1
25, 372, 1
92, 44, 1
362, 295, 1
130, 147, 1
24, 147, 1
330, 92, 1
329, 365, 1
130, 165, 1
90, 92, 1
59, 114, 1
125, 59, 1
212, 365, 1
24, 165, 1
244, 397, 1
395, 319, 1
25, 228, 1
59, 379, 1
385, 116, 1
112, 116, 1
385, 125, 1
329, 212, 1
322, 362, 1
240, 45, 1
147, 244, 1
59, 397, 1
125, 333, 1
112, 125, 1
379, 240, 1
385, 372, 1
165, 378, 1
92, 165, 1
112, 372, 1
362, 7, 1
379, 87, 1
45, 71, 1
240, 319, 1
59, 244, 1
130, 295, 1
25, 340, 1
24, 295, 1
44, 362, 1
116, 378, 1
147, 365, 1
212, 333, 1
372, 322, 1
330, 87, 1
125, 45, 1
7, 71, 1
92, 295, 1
90, 87, 1
372, 340, 1
379, 199, 1
333, 92, 1
322, 92, 1
322, 330, 1
329, 378, 1
71, 92, 1
147, 212, 1
59, 365, 1
333, 330, 1
365, 44, 1
125, 319, 1
362, 155, 1
130, 7, 1
24, 7, 1
378, 90, 1
59, 212, 1
397, 378, 1
116, 90, 1
330, 199, 1
295, 92, 1
24, 25, 1
90, 199, 1
44, 92, 1
112, 385, 1
44, 330, 1
365, 147, 1
87, 319, 1
379, 329, 1
147, 333, 1
92, 7, 1
365, 165, 1
45, 322, 1
329, 90, 1
212, 319, 1
25, 362, 1
45, 340, 1
212, 90, 1
395, 44, 1
372, 317, 1
7, 295, 1
130, 155, 1
362, 114, 1
244, 378, 1
333, 87, 1
322, 87, 1
199, 7, 1
71, 87, 1
379, 212, 1
362, 379, 1
59, 378, 1
395, 147, 1
365, 295, 1
362, 397, 1
385, 362, 1
228, 317, 1
24, 240, 1
112, 362, 1
199, 92, 1
395, 165, 1
379, 59, 1
295, 87, 1
44, 87, 1
333, 199, 1
322, 199, 1
330, 212, 1
228, 155, 1
71, 199, 1
147, 319, 1
25, 92, 1
362, 244, 1
25, 330, 1
317, 340, 1
116, 112, 1
90, 212, 1
147, 90, 1
379, 333, 1
45, 317, 1
130, 114, 1
240, 147, 1
240, 385, 1
330, 59, 1
24, 114, 1
90, 59, 1
240, 165, 1
59, 90, 1
295, 199, 1
45, 155, 1
130, 379, 1
165, 71, 1
44, 199, 1
365, 7, 1
125, 44, 1
395, 295, 1
24, 379, 1
130, 397, 1
330, 333, 1
385, 92, 1
362, 365, 1
90, 333, 1
24, 397, 1
112, 92, 1
319, 165, 1
378, 71, 1
116, 71, 1
130, 244, 1
379, 45, 1
199, 87, 1
24, 244, 1
125, 147, 1
92, 397, 1
372, 24, 1
125, 165, 1
25, 87, 1
212, 44, 1
379, 319, 1
395, 7, 1
329, 71, 1
365, 155, 1
92, 244, 1
114, 155, 1
330, 45, 1
212, 71, 1
319, 295, 1
90, 45, 1
130, 365, 1
112, 240, 1
322, 59, 1
87, 165, 1
24, 365, 1
397, 71, 1
244, 130, 1
330, 319, 1
25, 199, 1
90, 319, 1
385, 87, 1
212, 165, 1
116, 228, 1
125, 295, 1
112, 87, 1
240, 7, 1
165, 340, 1
24, 212, 1
362, 378, 1
92, 365, 1
147, 44, 1
395, 155, 1
378, 322, 1
365, 114, 1
319, 7, 1
116, 322, 1
87, 295, 1
147, 71, 1
378, 340, 1
385, 199, 1
116, 340, 1
44, 333, 1
112, 199, 1
365, 379, 1
212, 295, 1
365, 397, 1
125, 7, 1
59, 71, 1
329, 322, 1
333, 45, 1
322, 45, 1
147, 165, 1
362, 90, 1
244, 116, 1
329, 340, 1
212, 322, 1
244, 125, 1
130, 378, 1
365, 244, 1
244, 372, 1
24, 378, 1
333, 319, 1
322, 319, 1
71, 319, 1
87, 7, 1
112, 329, 1
397, 340, 1
44, 45, 1
92, 378, 1
244, 228, 1
379, 44, 1
378, 317, 1
25, 59, 1
395, 397, 1
116, 317, 1
147, 295, 1
295, 319, 1
125, 155, 1
44, 319, 1
240, 114, 1
130, 90, 1
385, 212, 1
24, 90, 1
395, 244, 1
112, 212, 1
330, 44, 1
329, 317, 1
379, 147, 1
240, 379, 1
90, 44, 1
244, 340, 1
212, 317, 1
379, 165, 1
59, 322, 1
385, 59, 1
329, 155, 1
112, 59, 1
92, 90, 1
59, 340, 1
212, 155, 1
147, 7, 1
330, 147, 1
240, 244, 1
385, 333, 1
90, 147, 1
395, 365, 1
112, 333, 1
125, 114, 1
330, 165, 1
25, 45, 1
90, 165, 1
199, 319, 1
125, 379, 1
379, 295, 1
116, 330, 1
125, 397, 1
365, 378, 1
240, 365, 1
362, 71, 1
125, 244, 1
333, 44, 1
385, 45, 1
147, 155, 1
372, 112, 1
330, 295, 1
112, 45, 1
59, 317, 1
90, 295, 1
240, 212, 1
372, 130, 1
244, 362, 1
116, 24, 1
59, 155, 1
385, 319, 1
212, 397, 1
379, 7, 1
112, 319, 1
372, 395, 1
322, 147, 1
379, 25, 1
365, 90, 1
395, 378, 1
125, 365, 1
333, 165, 1
322, 165, 1
71, 165, 1
240, 333, 1
130, 71, 1
330, 7, 1
90, 7, 1
24, 71, 1
244, 92, 1
244, 330, 1
44, 165, 1
45, 130, 1
379, 155, 1
147, 397, 1
92, 71, 1
372, 116, 1
362, 322, 1
372, 125, 1
395, 90, 1
71, 295, 1
362, 340, 1
45, 395, 1
7, 130, 1
90, 155, 1
199, 71, 1
372, 228, 1
44, 295, 1
240, 90, 1
125, 378, 1
379, 114, 1
333, 7, 1
322, 7, 1
130, 322, 1
71, 7, 1
199, 165, 1
24, 322, 1
45, 116, 1
244, 87, 1
25, 147, 1
130, 340, 1
25, 385, 1
45, 125, 1
24, 340, 1
385, 44, 1
362, 317, 1
45, 372, 1
112, 44, 1
379, 397, 1
330, 114, 1
295, 7, 1
92, 322, 1
90, 114, 1
44, 7, 1
212, 378, 1
125, 90, 1
92, 340, 1
372, 385, 1
379, 244, 1
330, 379, 1
244, 199, 1
365, 71, 1
90, 379, 1
45, 228, 1
199, 295, 1
385, 147, 1
330, 397, 1
228, 340, 1
112, 147, 1
90, 397, 1
385, 165, 1
112, 165, 1
330, 244, 1
130, 317, 1
90, 244, 1
24, 317, 1
379, 365, 1
147, 378, 1
395, 71, 1
24, 155, 1
365, 228, 1
385, 295, 1
92, 317, 1
372, 362, 1
112, 295, 1
322, 114, 1
330, 365, 1
25, 7, 1
165, 130, 1
90, 365, 1
240, 44, 1
322, 379, 1
365, 322, 1
240, 71, 1
333, 397, 1
322, 397, 1
365, 340, 1
114, 340, 1
378, 130, 1
116, 130, 1
385, 7, 1
333, 244, 1
319, 71, 1
322, 244, 1
378, 395, 1
112, 7, 1
130, 330, 1
116, 395, 1
385, 25, 1
372, 92, 1
372, 330, 1
44, 397, 1
45, 362, 1
112, 25, 1
379, 378, 1
329, 130, 1
212, 130, 1
125, 71, 1
395, 322, 1
329, 395, 1
44, 244, 1
395, 340, 1
397, 130, 1
333, 365, 1
322, 365, 1
330, 378, 1
90, 378, 1
240, 295, 1
365, 317, 1
114, 317, 1
385, 155, 1
87, 71, 1
112, 155, 1
378, 116, 1
322, 212, 1
378, 125, 1
240, 322, 1
379, 90, 1
244, 45, 1
116, 125, 1
333, 212, 1
378, 372, 1
25, 114, 1
116, 372, 1
45, 92, 1
44, 365, 1
45, 330, 1
372, 87, 1
25, 379, 1
329, 116, 1
329, 125, 1
330, 90, 1
378, 228, 1
212, 116, 1
329, 372, 1
322, 333, 1
395, 317, 1
7, 92, 1
59, 130, 1
212, 372, 1
240, 25, 1
385, 114, 1
125, 322, 1
112, 114, 1
25, 244, 1
59, 395, 1
372, 199, 1
125, 340, 1
329, 228, 1
333, 378, 1
385, 379, 1
684, 703, 1
112, 379, 1
212, 228, 1
365, 330, 1
385, 397, 1
240, 317, 1
112, 397, 1
45, 87, 1
147, 116, 1
240, 155, 1
385, 244, 1
116, 385, 1
25, 365, 1
44, 378, 1
112, 244, 1
147, 372, 1
212, 340, 1
372, 329, 1
59, 116, 1
322, 90, 1
333, 90, 1
25, 212, 1
59, 125, 1
7, 87, 1
329, 385, 1
45, 199, 1
59, 372, 1
395, 330, 1
125, 317, 1
147, 228, 1
165, 362, 1
385, 365, 1
112, 365, 1
372, 212, 1
379, 71, 1
59, 228, 1
44, 90, 1
7, 199, 1
147, 322, 1
25, 333, 1
378, 362, 1
116, 362, 1
147, 340, 1
372, 59, 1
240, 397, 1
330, 71, 1
90, 71, 1
372, 333, 1
329, 362, 1
165, 92, 1
362, 130, 1
212, 362, 1
240, 24, 1
45, 212, 1
59, 385, 1
362, 395, 1
397, 362, 1
125, 330, 1
155, 340, 1
378, 92, 1
378, 330, 1
385, 378, 1
116, 92, 1
112, 378, 1
25, 319, 1
45, 59, 1
147, 317, 1
25, 90, 1
379, 322, 1
372, 45, 1
379, 340, 1
322, 44, 1
329, 92, 1
24, 112, 1
45, 333, 1
329, 330, 1
212, 92, 1
212, 330, 1
372, 319, 1
24, 130, 1
333, 71, 1
322, 71, 1
330, 322, 1
362, 116, 1
165, 87, 1
130, 395, 1
90, 322, 1
362, 125, 1
397, 92, 1
385, 90, 1
24, 395, 1
330, 340, 1
112, 90, 1
362, 372, 1
90, 340, 1
116, 240, 1
59, 362, 1
92, 130, 1
333, 362, 1
295, 71, 1
378, 87, 1
44, 71, 1
244, 7, 1
116, 87, 1
362, 228, 1
165, 199, 1
379, 317, 1
147, 330, 1
295, 165, 1
45, 319, 1
240, 378, 1
130, 116, 1
329, 87, 1
130, 125, 1
24, 116, 1
378, 199, 1
24, 125, 1
333, 295, 1
59, 92, 1
116, 199, 1
322, 295, 1
130, 372, 1
59, 330, 1
24, 372, 1
330, 317, 1
90, 317, 1
397, 87, 1
333, 322, 1
7, 319, 1
330, 155, 1
92, 125, 1
130, 228, 1
329, 199, 1
25, 44, 1
24, 228, 1
212, 199, 1
25, 71, 1
116, 329, 1
365, 130, 1
44, 322, 1
397, 199, 1
92, 228, 1
44, 340, 1
372, 44, 1
603, 703, 1
379, 330, 1
365, 395, 1
25, 165, 1
59, 87, 1
378, 212, 1
385, 71, 1
116, 212, 1
112, 71, 1
333, 317, 1
372, 147, 1
24, 385, 1
147, 199, 1
322, 317, 1
90, 330, 1
372, 165, 1
395, 130, 1
378, 59, 1
379, 24, 1
116, 59, 1
322, 155, 1
59, 199, 1
25, 295, 1
365, 116, 1
378, 333, 1
45, 44, 1
365, 125, 1
44, 317, 1
116, 333, 1
240, 112, 1
365, 372, 1
25, 322, 1
329, 59, 1
212, 114, 1
199, 59, 1
44, 155, 1
295, 45, 1
244, 155, 1
165, 45, 1
397, 114, 1
295, 365, 1
147, 112, 1
199, 333, 1
212, 25, 1
199, 397, 1
59, 112, 1
319, 340, 1
295, 340, 1
199, 125, 1
199, 317, 1
147, 114, 1
319, 333, 1
295, 333, 1
319, 397, 1
295, 397, 1
147, 25, 1
199, 90, 1
87, 340, 1
319, 125, 1
378, 385, 1
92, 147, 1
319, 317, 1
319, 45, 1
362, 25, 1
45, 25, 1
90, 112, 1
199, 147, 1
703, 684, 1
199, 330, 1
319, 365, 1
7, 44, 1
322, 385, 1
199, 378, 1
329, 24, 1
130, 25, 1
330, 25, 1
362, 112, 1
44, 147, 1
90, 25, 1
25, 24, 1
244, 147, 1
199, 362, 1
92, 25, 1
199, 44, 1
45, 114, 1
385, 24, 1
130, 112, 1
330, 112, 1
92, 155, 1
92, 112, 1
165, 114, 1
7, 397, 1
92, 395, 1
395, 112, 1
44, 25, 1
7, 125, 1
7, 244, 1
165, 25, 1
365, 25, 1
7, 317, 1
703, 603, 1
92, 114, 1
199, 322, 1
7, 45, 1
322, 112, 1
378, 25, 1
7, 228, 1
7, 365, 1
199, 114, 1
385, 112, 1
71, 340, 1
199, 379, 1
44, 112, 1
395, 25, 1
362, 385, 1
385, 240, 1
165, 365, 1
244, 112, 1
7, 340, 1
333, 114, 1
397, 25, 1
199, 116, 1
44, 395, 1
199, 244, 1
333, 25, 1
322, 25, 1
244, 395, 1
199, 372, 1
378, 112, 1
44, 114, 1
7, 333, 1
244, 114, 1
199, 155, 1
199, 45, 1
130, 385, 1
199, 228, 1
329, 112, 1
330, 385, 1
90, 385, 1
329, 240, 1
165, 333, 1
212, 112, 1
199, 365, 1
244, 25, 1
295, 125, 1
25, 112, 1
125, 25, 1
165, 125, 1
199, 212, 1
295, 317, 1
25, 240, 1
199, 395, 1
199, 340, 1
165, 317, 1
395, 114, 1
228, 703, -1
228, 684, -1
228, 603, -1
114, 703, -1
114, 684, -1
114, 603, -1
317, 703, -1
317, 684, -1
317, 603, -1
155, 703, -1
155, 684, -1
155, 603, -1
340, 703, -1
340, 684, -1
340, 603, -1
684, 125, -1
684, 244, -1
333, 703, -1
322, 703, -1
362, 684, -1
71, 703, -1
684, 317, -1
45, 684, -1
603, 362, -1
385, 603, -1
112, 603, -1
684, 45, -1
603, 90, -1
684, 228, -1
295, 703, -1
603, 44, -1
59, 603, -1
44, 703, -1
379, 684, -1
125, 603, -1
165, 703, -1
244, 703, -1
684, 365, -1
365, 703, -1
684, 319, -1
130, 684, -1
603, 147, -1
378, 703, -1
24, 684, -1
603, 92, -1
116, 703, -1
330, 684, -1
90, 684, -1
603, 330, -1
603, 165, -1
212, 603, -1
684, 330, -1
329, 703, -1
25, 603, -1
395, 703, -1
212, 703, -1
199, 703, -1
240, 603, -1
397, 703, -1
25, 703, -1
603, 295, -1
684, 378, -1
372, 603, -1
240, 703, -1
603, 87, -1
322, 684, -1
333, 684, -1
684, 362, -1
319, 703, -1
385, 703, -1
112, 703, -1
603, 7, -1
603, 71, -1
684, 90, -1
603, 199, -1
684, 44, -1
59, 703, -1
125, 703, -1
244, 684, -1
362, 603, -1
45, 603, -1
365, 684, -1
378, 684, -1
684, 147, -1
87, 703, -1
684, 92, -1
116, 684, -1
379, 603, -1
684, 165, -1
329, 684, -1
395, 684, -1
130, 603, -1
212, 684, -1
330, 603, -1
24, 603, -1
603, 130, -1
90, 603, -1
603, 322, -1
25, 684, -1
603, 395, -1
684, 295, -1
603, 340, -1
372, 703, -1
240, 684, -1
603, 114, -1
147, 703, -1
684, 87, -1
603, 333, -1
385, 684, -1
603, 397, -1
112, 684, -1
684, 7, -1
684, 71, -1
603, 116, -1
603, 125, -1
603, 244, -1
684, 199, -1
59, 684, -1
125, 684, -1
603, 372, -1
362, 703, -1
603, 317, -1
45, 703, -1
603, 155, -1
603, 45, -1
603, 228, -1
379, 703, -1
7, 703, -1
603, 365, -1
684, 155, -1
365, 603, -1
603, 319, -1
603, 212, -1
130, 703, -1
378, 603, -1
330, 703, -1
24, 703, -1
116, 603, -1
90, 703, -1
684, 130, -1
684, 322, -1
684, 212, -1
684, 395, -1
684, 340, -1
372, 684, -1
92, 703, -1
329, 603, -1
684, 114, -1
684, 59, -1
147, 684, -1
684, 379, -1
684, 333, -1
603, 378, -1
684, 397, -1
322, 603, -1
703, 59, -1
684, 116, -1
703, 7, -1
703, 71, -1
603, 112, -1
684, 372, -1
703, 199, -1
703, 379, -1
703, 25, -1
703, 330, -1
703, 385, -1
199, 684, -1
703, 147, -1
703, 333, -1
703, 92, -1
703, 397, -1
703, 165, -1
703, 116, -1
684, 112, -1
703, 125, -1
703, 244, -1
703, 372, -1
703, 378, -1
703, 317, -1
603, 59, -1
703, 155, -1
603, 379, -1
703, 228, -1
603, 25, -1
703, 45, -1
703, 295, -1
703, 362, -1
199, 603, -1
703, 365, -1
703, 130, -1
703, 319, -1
703, 322, -1
703, 87, -1
684, 25, -1
703, 212, -1
703, 90, -1
703, 395, -1
703, 340, -1
703, 44, -1
703, 114, -1

91, 44, 1
91, 24, 1
91, 71, 1
91, 365, 1
91, 87, 1
91, 112, 1
91, 130, 1
91, 333, 1
91, 147, 1
91, 395, 1
91, 92, 1
91, 397, 1
91, 199, 1
91, 212, 1
91, 25, 1
91, 329, 1
91, 330, 1
91, 7, 1
91, 385, 1
91, 322, 1
91, 165, 1
91, 59, 1
91, 295, 1
91, 90, 1
91, 45, 1
91, 125, 1
91, 319, 1
91, 116, 1
91, 240, 1
91, 378, 1
91, 244, 1
91, 379, 1
91, 362, 1
91, 372, 1
91, 228, 1
91, 114, 1
91, 317, 1
91, 155, 1
91, 340, 1
242, 44, 1
242, 24, 1
242, 71, 1
242, 365, 1
242, 87, 1
242, 112, 1
242, 130, 1
242, 333, 1
242, 147, 1
242, 395, 1
242, 92, 1
242, 397, 1
242, 199, 1
242, 212, 1
242, 25, 1
242, 329, 1
242, 330, 1
242, 7, 1
242, 385, 1
242, 322, 1
242, 165, 1
242, 59, 1
242, 295, 1
242, 90, 1
242, 45, 1
242, 125, 1
242, 319, 1
242, 116, 1
242, 240, 1
242, 378, 1
242, 244, 1
242, 379, 1
242, 362, 1
242, 372, 1
242, 228, 1
242, 114, 1
242, 317, 1
242, 155, 1
242, 340, 1
242, 91, 1
65, 44, 1
65, 24, 1
65, 71, 1
65, 365, 1
65, 87, 1
65, 112, 1
65, 130, 1
65, 333, 1
65, 147, 1
65, 395, 1
65, 92, 1
65, 397, 1
65, 199, 1
65, 212, 1
65, 25, 1
65, 329, 1
65, 330, 1
65, 7, 1
65, 385, 1
65, 322, 1
65, 165, 1
65, 59, 1
65, 295, 1
65, 90, 1
65, 45, 1
65, 125, 1
65, 319, 1
65, 116, 1
65, 240, 1
65, 378, 1
65, 244, 1
65, 379, 1
65, 362, 1
65, 372, 1
65, 228, 1
65, 114, 1
65, 317, 1
65, 155, 1
65, 340, 1
65, 91, 1
65, 242, 1
3, 44, 1
3, 24, 1
3, 71, 1
3, 365, 1
3, 87, 1
3, 112, 1
3, 130, 1
3, 333, 1
3, 147, 1
3, 395, 1
3, 92, 1
3, 397, 1
3, 199, 1
3, 212, 1
3, 25, 1
3, 329, 1
3, 330, 1
3, 7, 1
3, 385, 1
3, 322, 1
3, 165, 1
3, 59, 1
3, 295, 1
3, 90, 1
3, 45, 1
3, 125, 1
3, 319, 1
3, 116, 1
3, 240, 1
3, 378, 1
3, 244, 1
3, 379, 1
3, 362, 1
3, 372, 1
3, 228, 1
3, 114, 1
3, 317, 1
3, 155, 1
3, 340, 1
3, 91, 1
3, 242, 1
3, 65, 1
267, 44, 1
267, 24, 1
267, 71, 1
267, 365, 1
267, 87, 1
267, 112, 1
267, 130, 1
267, 333, 1
267, 147, 1
267, 395, 1
267, 92, 1
267, 397, 1
267, 199, 1
267, 212, 1
267, 25, 1
267, 329, 1
267, 330, 1
267, 7, 1
267, 385, 1
267, 322, 1
267, 165, 1
267, 59, 1
267, 295, 1
267, 90, 1
267, 45, 1
267, 125, 1
267, 319, 1
267, 116, 1
267, 240, 1
267, 378, 1
267, 244, 1
267, 379, 1
267, 362, 1
267, 372, 1
267, 228, 1
267, 114, 1
267, 317, 1
267, 155, 1
267, 340, 1
267, 91, 1
267, 242, 1
267, 65, 1
267, 3, 1
240, 130, 1
385, 228, 1
372, 295, 1
112, 228, 1
130, 362, 1
340, 333, 1
240, 395, 1
329, 333, 1
362, 92, 1
362, 330, 1
24, 362, 1
319, 130, 1
244, 365, 1
45, 165, 1
165, 319, 1
385, 322, 1
395, 116, 1
378, 45, 1
240, 242, 1
112, 322, 1
395, 125, 1
116, 45, 1
385, 340, 1
92, 362, 1
395, 372, 1
112, 340, 1
125, 130, 1
378, 319, 1
372, 7, 1
317, 71, 1
116, 319, 1
340, 45, 1
329, 45, 1
24, 65, 1
372, 25, 1
25, 317, 1
603, 684, 1
395, 228, 1
212, 45, 1
240, 116, 1
45, 295, 1
130, 92, 1
240, 125, 1
87, 130, 1
24, 92, 1
240, 372, 1
24, 330, 1
25, 155, 1
340, 319, 1
244, 333, 1
329, 319, 1
362, 87, 1
228, 7, 1
91, 267, 1
59, 333, 1
114, 3, 1
92, 330, 1
240, 228, 1
397, 319, 1
212, 395, 1
385, 317, 1
112, 317, 1
372, 155, 1
45, 7, 1
362, 199, 1
147, 45, 1
317, 295, 1
45, 25, 1
65, 3, 1
240, 340, 1
365, 362, 1
317, 322, 1
114, 362, 1
130, 87, 1
59, 45, 1
147, 130, 1
24, 87, 1
244, 319, 1
244, 90, 1
25, 397, 1
212, 125, 1
372, 114, 1
147, 395, 1
59, 319, 1
362, 91, 1
92, 87, 1
112, 65, 1
130, 199, 1
378, 44, 1
24, 199, 1
317, 25, 1
228, 87, 1
116, 44, 1
372, 397, 1
322, 378, 1
112, 330, 1
385, 330, 1
395, 362, 1
114, 92, 1
155, 130, 1
228, 114, 1
362, 212, 1
92, 199, 1
372, 244, 1
329, 44, 1
340, 44, 1
378, 147, 1
155, 395, 1
379, 112, 1
116, 147, 1
147, 125, 1
130, 91, 1
378, 165, 1
240, 362, 1
379, 130, 1
45, 114, 1
116, 165, 1
362, 59, 1
24, 329, 1
112, 24, 1
378, 3, 1
379, 395, 1
165, 295, 1
228, 244, 1
329, 147, 1
362, 333, 1
395, 92, 1
372, 365, 1
45, 397, 1
212, 147, 1
340, 165, 1
329, 165, 1
330, 130, 1
90, 130, 1
379, 242, 1
130, 212, 1
155, 116, 1
330, 395, 1
378, 295, 1
240, 65, 1
116, 295, 1
90, 395, 1
155, 125, 1
114, 87, 1
365, 87, 1
329, 3, 1
397, 165, 1
125, 362, 1
155, 372, 1
130, 59, 1
244, 44, 1
240, 92, 1
228, 365, 1
240, 330, 1
24, 59, 1
330, 242, 1
165, 7, 1
90, 242, 1
379, 116, 1
362, 45, 1
244, 71, 1
340, 295, 1
329, 295, 1
379, 125, 1
59, 44, 1
130, 333, 1
165, 25, 1
25, 378, 1
365, 199, 1
379, 372, 1
24, 333, 1
114, 199, 1
45, 365, 1
362, 319, 1
378, 7, 1
397, 295, 1
395, 87, 1
116, 7, 1
330, 116, 1
244, 165, 1
242, 3, 1
90, 116, 1
330, 125, 1
59, 147, 1
116, 25, 1
90, 125, 1
92, 333, 1
379, 228, 1
330, 372, 1
322, 130, 1
372, 378, 1
333, 130, 1
90, 372, 1
59, 165, 1
71, 130, 1
228, 333, 1
329, 7, 1
340, 7, 1
322, 395, 1
130, 45, 1
114, 91, 1
212, 7, 1
59, 3, 1
329, 25, 1
395, 199, 1
240, 87, 1
24, 45, 1
330, 228, 1
340, 25, 1
90, 228, 1
295, 130, 1
244, 295, 1
44, 130, 1
397, 7, 1
130, 319, 1
378, 155, 1
114, 365, 1
322, 242, 1
116, 155, 1
147, 362, 1
24, 319, 1
397, 25, 1
92, 45, 1
319, 87, 1
244, 322, 1
59, 295, 1
372, 90, 1
379, 385, 1
114, 212, 1
240, 199, 1
45, 378, 1
92, 319, 1
322, 116, 1
125, 87, 1
378, 267, 1
322, 125, 1
333, 125, 1
114, 59, 1
228, 319, 1
322, 372, 1
319, 199, 1
228, 90, 1
329, 240, 1
244, 25, 1
165, 397, 1
378, 114, 1
365, 333, 1
155, 362, 1
116, 114, 1
59, 7, 1
114, 333, 1
147, 92, 1
199, 130, 1
329, 267, 1
240, 329, 1
395, 212, 1
59, 25, 1
125, 199, 1
44, 125, 1
322, 228, 1
45, 90, 1
378, 379, 1
362, 44, 1
212, 87, 1
25, 130, 1
378, 397, 1
379, 362, 1
317, 378, 1
244, 317, 1
116, 397, 1
329, 114, 1
340, 114, 1
212, 114, 1
25, 395, 1
87, 199, 1
378, 244, 1
329, 379, 1
44, 228, 1
322, 340, 1
116, 244, 1
365, 45, 1
362, 147, 1
397, 114, 1
395, 333, 1
329, 397, 1
340, 397, 1
114, 45, 1
330, 362, 1
25, 242, 1
155, 92, 1
90, 362, 1
362, 165, 1
385, 130, 1
112, 130, 1
240, 59, 1
365, 319, 1
329, 244, 1
340, 244, 1
130, 44, 1
385, 395, 1
114, 319, 1
362, 3, 1
212, 244, 1
112, 395, 1
147, 87, 1
24, 44, 1
379, 92, 1
378, 365, 1
116, 365, 1
25, 116, 1
59, 267, 1
329, 91, 1
25, 125, 1
372, 71, 1
385, 242, 1
147, 114, 1
112, 242, 1
395, 45, 1
25, 372, 1
362, 295, 1
92, 44, 1
130, 147, 1
24, 147, 1
340, 365, 1
59, 114, 1
130, 165, 1
329, 365, 1
90, 92, 1
228, 44, 1
330, 92, 1
212, 365, 1
395, 319, 1
244, 397, 1
24, 165, 1
25, 228, 1
59, 379, 1
385, 116, 1
130, 3, 1
228, 71, 1
155, 87, 1
329, 212, 1
112, 116, 1
385, 125, 1
322, 362, 1
240, 45, 1
59, 397, 1
112, 125, 1
125, 333, 1
147, 244, 1
385, 372, 1
24, 3, 1
333, 362, 1
112, 372, 1
155, 114, 1
92, 165, 1
165, 378, 1
362, 7, 1
240, 319, 1
45, 71, 1
59, 244, 1
130, 295, 1
379, 87, 1
25, 340, 1
228, 165, 1
362, 25, 1
24, 295, 1
155, 199, 1
44, 362, 1
116, 378, 1
317, 130, 1
59, 91, 1
147, 365, 1
212, 333, 1
372, 322, 1
125, 45, 1
7, 71, 1
330, 87, 1
92, 295, 1
372, 340, 1
90, 87, 1
379, 199, 1
322, 92, 1
322, 330, 1
329, 378, 1
340, 378, 1
59, 365, 1
147, 212, 1
333, 330, 1
228, 295, 1
114, 44, 1
125, 319, 1
362, 155, 1
130, 7, 1
24, 7, 1
378, 90, 1
228, 322, 1
59, 212, 1
397, 378, 1
116, 90, 1
130, 25, 1
330, 199, 1
24, 25, 1
90, 199, 1
44, 92, 1
112, 385, 1
44, 330, 1
155, 365, 1
87, 319, 1
114, 147, 1
379, 329, 1
92, 7, 1
147, 333, 1
379, 91, 1
365, 165, 1
362, 267, 1
45, 322, 1
317, 125, 1
114, 165, 1
329, 90, 1
385, 3, 1
340, 90, 1
212, 319, 1
112, 3, 1
25, 362, 1
155, 212, 1
212, 90, 1
395, 44, 1
372, 317, 1
92, 25, 1
7, 295, 1
228, 25, 1
130, 155, 1
362, 114, 1
244, 378, 1
322, 87, 1
333, 87, 1
90, 91, 1
199, 7, 1
71, 87, 1
379, 212, 1
362, 379, 1
59, 378, 1
395, 147, 1
365, 295, 1
362, 397, 1
385, 362, 1
114, 295, 1
24, 240, 1
112, 362, 1
228, 317, 1
395, 165, 1
155, 333, 1
379, 59, 1
295, 87, 1
130, 267, 1
44, 87, 1
322, 199, 1
333, 199, 1
330, 212, 1
24, 267, 1
71, 199, 1
25, 92, 1
90, 212, 1
25, 330, 1
362, 244, 1
147, 319, 1
147, 90, 1
379, 333, 1
45, 317, 1
130, 114, 1
240, 147, 1
240, 385, 1
24, 114, 1
330, 59, 1
90, 59, 1
240, 165, 1
59, 90, 1
295, 199, 1
165, 71, 1
130, 379, 1
365, 7, 1
44, 199, 1
395, 295, 1
114, 7, 1
155, 45, 1
24, 379, 1
130, 397, 1
240, 3, 1
330, 333, 1
365, 25, 1
362, 365, 1
90, 333, 1
24, 397, 1
112, 92, 1
385, 92, 1
92, 114, 1
114, 25, 1
378, 71, 1
155, 319, 1
116, 71, 1
130, 244, 1
379, 45, 1
199, 87, 1
24, 244, 1
92, 397, 1
125, 165, 1
212, 44, 1
25, 87, 1
379, 319, 1
228, 397, 1
395, 7, 1
340, 71, 1
329, 71, 1
24, 91, 1
92, 244, 1
114, 155, 1
330, 45, 1
212, 71, 1
379, 240, 1
319, 295, 1
90, 45, 1
317, 362, 1
395, 25, 1
130, 365, 1
112, 240, 1
322, 59, 1
24, 365, 1
397, 71, 1
244, 130, 1
330, 319, 1
25, 199, 1
90, 319, 1
385, 87, 1
212, 165, 1
116, 228, 1
240, 7, 1
112, 87, 1
125, 295, 1
114, 267, 1
24, 212, 1
362, 378, 1
92, 365, 1
147, 44, 1
395, 155, 1
378, 322, 1
365, 114, 1
319, 7, 1
116, 322, 1
87, 295, 1
378, 340, 1
147, 71, 1
385, 199, 1
116, 340, 1
65, 267, 1
44, 333, 1
112, 199, 1
317, 330, 1
114, 379, 1
212, 295, 1
365, 397, 1
125, 7, 1
114, 397, 1
59, 71, 1
322, 45, 1
329, 322, 1
333, 45, 1
340, 322, 1
362, 90, 1
147, 165, 1
125, 25, 1
329, 340, 1
212, 322, 1
244, 125, 1
130, 378, 1
155, 44, 1
24, 378, 1
114, 244, 1
322, 319, 1
333, 319, 1
395, 114, 1
71, 319, 1
385, 91, 1
87, 7, 1
112, 91, 1
112, 329, 1
44, 45, 1
240, 267, 1
92, 378, 1
244, 228, 1
379, 44, 1
378, 317, 1
25, 59, 1
395, 397, 1
116, 317, 1
155, 147, 1
295, 319, 1
147, 295, 1
212, 25, 1
44, 319, 1
228, 378, 1
317, 87, 1
155, 165, 1
240, 114, 1
130, 90, 1
385, 212, 1
395, 244, 1
112, 212, 1
24, 90, 1
330, 44, 1
340, 317, 1
240, 379, 1
329, 317, 1
379, 147, 1
90, 44, 1
244, 340, 1
212, 317, 1
379, 165, 1
59, 322, 1
385, 59, 1
112, 59, 1
329, 155, 1
92, 90, 1
317, 199, 1
59, 340, 1
212, 155, 1
379, 3, 1
147, 7, 1
155, 295, 1
240, 244, 1
330, 147, 1
385, 333, 1
90, 147, 1
395, 365, 1
112, 333, 1
125, 114, 1
147, 25, 1
330, 165, 1
25, 45, 1
90, 165, 1
199, 319, 1
240, 91, 1
379, 295, 1
330, 3, 1
116, 330, 1
90, 3, 1
125, 397, 1
365, 378, 1
114, 378, 1
240, 365, 1
362, 71, 1
155, 7, 1
91, 242, 1
147, 155, 1
385, 45, 1
330, 295, 1
112, 45, 1
59, 317, 1
90, 295, 1
155, 25, 1
240, 212, 1
244, 362, 1
372, 130, 1
59, 155, 1
385, 319, 1
212, 397, 1
379, 7, 1
112, 319, 1
372, 395, 1
242, 267, 1
322, 147, 1
379, 25, 1
365, 90, 1
395, 378, 1
114, 90, 1
125, 365, 1
322, 165, 1
333, 165, 1
329, 24, 1
228, 130, 1
240, 333, 1
130, 71, 1
330, 7, 1
322, 3, 1
90, 7, 1
24, 71, 1
330, 25, 1
90, 25, 1
244, 92, 1
244, 330, 1
44, 165, 1
45, 130, 1
379, 155, 1
147, 397, 1
92, 71, 1
372, 116, 1
362, 322, 1
372, 125, 1
395, 90, 1
71, 295, 1
362, 340, 1
7, 130, 1
90, 155, 1
317, 45, 1
199, 71, 1
379, 267, 1
372, 228, 1
44, 295, 1
228, 125, 1
240, 90, 1
125, 378, 1
317, 319, 1
155, 397, 1
379, 114, 1
322, 7, 1
333, 7, 1
130, 322, 1
71, 7, 1
24, 322, 1
330, 267, 1
244, 87, 1
130, 340, 1
25, 147, 1
90, 267, 1
45, 125, 1
25, 385, 1
91, 3, 1
24, 340, 1
155, 244, 1
385, 44, 1
362, 317, 1
112, 44, 1
379, 397, 1
330, 114, 1
295, 7, 1
212, 378, 1
90, 114, 1
44, 7, 1
92, 322, 1
25, 3, 1
114, 242, 1
125, 90, 1
92, 340, 1
44, 25, 1
365, 71, 1
379, 244, 1
244, 199, 1
330, 379, 1
114, 71, 1
90, 379, 1
199, 295, 1
385, 147, 1
330, 397, 1
228, 340, 1
112, 147, 1
90, 397, 1
385, 165, 1
112, 165, 1
3, 267, 1
330, 244, 1
130, 317, 1
90, 244, 1
24, 317, 1
379, 365, 1
322, 267, 1
147, 378, 1
330, 91, 1
395, 71, 1
24, 155, 1
385, 295, 1
92, 317, 1
114, 228, 1
372, 362, 1
112, 295, 1
322, 114, 1
333, 114, 1
330, 365, 1
25, 7, 1
165, 130, 1
90, 365, 1
240, 44, 1
322, 379, 1
365, 322, 1
240, 71, 1
114, 322, 1
322, 397, 1
333, 397, 1
114, 340, 1
378, 130, 1
155, 378, 1
228, 362, 1
116, 130, 1
44, 114, 1
385, 7, 1
322, 244, 1
319, 71, 1
378, 395, 1
112, 7, 1
130, 330, 1
116, 395, 1
329, 112, 1
385, 25, 1
372, 92, 1
112, 25, 1
44, 397, 1
379, 378, 1
372, 330, 1
317, 165, 1
329, 130, 1
45, 362, 1
340, 130, 1
322, 91, 1
212, 130, 1
378, 242, 1
125, 71, 1
395, 322, 1
329, 395, 1
44, 244, 1
395, 340, 1
155, 90, 1
397, 130, 1
322, 365, 1
333, 365, 1
330, 378, 1
90, 378, 1
228, 92, 1
228, 330, 1
240, 295, 1
25, 267, 1
365, 317, 1
114, 317, 1
329, 242, 1
385, 155, 1
87, 71, 1
112, 155, 1
378, 116, 1
322, 212, 1
378, 125, 1
240, 322, 1
379, 90, 1
244, 45, 1
116, 125, 1
378, 372, 1
25, 114, 1
116, 372, 1
44, 365, 1
45, 330, 1
372, 87, 1
25, 379, 1
329, 116, 1
385, 267, 1
340, 125, 1
329, 125, 1
212, 116, 1
112, 267, 1
378, 228, 1
330, 90, 1
329, 372, 1
395, 317, 1
322, 333, 1
59, 130, 1
212, 372, 1
240, 25, 1
385, 114, 1
317, 7, 1
125, 322, 1
112, 114, 1
25, 244, 1
59, 395, 1
372, 199, 1
329, 228, 1
340, 228, 1
333, 378, 1
385, 379, 1
684, 703, 1
212, 228, 1
112, 379, 1
365, 330, 1
385, 397, 1
25, 91, 1
114, 330, 1
240, 317, 1
112, 397, 1
59, 242, 1
45, 87, 1
147, 116, 1
240, 155, 1
385, 244, 1
25, 365, 1
228, 199, 1
44, 378, 1
112, 244, 1
147, 372, 1
212, 340, 1
59, 116, 1
322, 90, 1
333, 90, 1
25, 212, 1
7, 87, 1
59, 125, 1
155, 71, 1
329, 385, 1
45, 199, 1
59, 372, 1
395, 330, 1
125, 317, 1
147, 228, 1
165, 362, 1
385, 365, 1
112, 365, 1
372, 212, 1
379, 71, 1
59, 228, 1
44, 90, 1
7, 199, 1
147, 322, 1
25, 333, 1
378, 362, 1
116, 362, 1
317, 114, 1
147, 340, 1
240, 397, 1
330, 71, 1
90, 71, 1
155, 228, 1
372, 333, 1
317, 397, 1
329, 362, 1
340, 362, 1
362, 130, 1
212, 362, 1
240, 24, 1
378, 25, 1
155, 322, 1
59, 385, 1
362, 395, 1
397, 362, 1
125, 330, 1
155, 340, 1
378, 92, 1
378, 330, 1
385, 378, 1
116, 92, 1
112, 378, 1
25, 319, 1
25, 90, 1
147, 317, 1
362, 242, 1
329, 65, 1
379, 322, 1
372, 45, 1
379, 340, 1
322, 44, 1
329, 92, 1
24, 112, 1
317, 365, 1
45, 333, 1
329, 330, 1
340, 92, 1
340, 330, 1
212, 92, 1
212, 330, 1
372, 319, 1
24, 130, 1
322, 71, 1
333, 71, 1
330, 322, 1
362, 116, 1
130, 395, 1
165, 87, 1
90, 322, 1
362, 125, 1
385, 90, 1
228, 45, 1
24, 395, 1
330, 340, 1
112, 90, 1
362, 372, 1
90, 340, 1
59, 362, 1
92, 130, 1
165, 114, 1
155, 317, 1
130, 242, 1
295, 71, 1
378, 87, 1
44, 71, 1
24, 242, 1
244, 7, 1
116, 87, 1
362, 228, 1
165, 199, 1
379, 317, 1
317, 333, 1
147, 330, 1
45, 319, 1
240, 378, 1
130, 116, 1
340, 87, 1
329, 87, 1
130, 125, 1
24, 116, 1
378, 199, 1
116, 199, 1
322, 295, 1
333, 295, 1
24, 125, 1
130, 372, 1
59, 92, 1
59, 330, 1
24, 372, 1
330, 317, 1
90, 317, 1
397, 87, 1
333, 322, 1
7, 319, 1
330, 155, 1
92, 125, 1
130, 228, 1
340, 199, 1
329, 199, 1
25, 44, 1
24, 228, 1
212, 199, 1
155, 330, 1
378, 91, 1
25, 71, 1
379, 65, 1
365, 130, 1
44, 322, 1
397, 199, 1
317, 90, 1
114, 130, 1
92, 228, 1
44, 340, 1
372, 44, 1
322, 25, 1
333, 25, 1
379, 330, 1
603, 703, 1
114, 395, 1
25, 165, 1
244, 114, 1
59, 87, 1
378, 212, 1
385, 71, 1
116, 212, 1
112, 71, 1
322, 317, 1
333, 317, 1
24, 385, 1
147, 199, 1
372, 147, 1
90, 330, 1
372, 165, 1
395, 130, 1
378, 59, 1
379, 24, 1
322, 155, 1
59, 199, 1
25, 295, 1
114, 116, 1
44, 317, 1
378, 333, 1
365, 125, 1
116, 333, 1
114, 125, 1
240, 112, 1
25, 322, 1
329, 59, 1
114, 372, 1
212, 59, 1
295, 45, 1
397, 340, 1
199, 59, 1
44, 155, 1
333, 212, 1
244, 155, 1
165, 45, 1
333, 340, 1
212, 379, 1
295, 365, 1
45, 147, 1
228, 147, 1
45, 92, 1
147, 112, 1
125, 91, 1
199, 333, 1
125, 155, 1
199, 397, 1
59, 112, 1
319, 340, 1
45, 3, 1
295, 340, 1
244, 212, 1
317, 44, 1
199, 125, 1
7, 92, 1
199, 317, 1
7, 165, 1
125, 267, 1
340, 155, 1
125, 212, 1
212, 91, 1
125, 395, 1
125, 340, 1
155, 112, 1
319, 333, 1
295, 333, 1
25, 240, 1
319, 397, 1
295, 397, 1
114, 385, 1
125, 59, 1
125, 242, 1
116, 65, 1
199, 90, 1
125, 379, 1
87, 340, 1
319, 125, 1
378, 385, 1
365, 3, 1
92, 147, 1
116, 385, 1
212, 267, 1
319, 317, 1
372, 91, 1
372, 329, 1
125, 116, 1
116, 3, 1
125, 244, 1
333, 44, 1
319, 45, 1
372, 112, 1
90, 112, 1
125, 372, 1
199, 147, 1
703, 684, 1
372, 240, 1
199, 330, 1
25, 112, 1
319, 365, 1
7, 44, 1
116, 24, 1
317, 267, 1
372, 267, 1
317, 395, 1
125, 228, 1
199, 3, 1
333, 92, 1
322, 385, 1
165, 44, 1
71, 92, 1
228, 112, 1
365, 44, 1
317, 59, 1
199, 378, 1
71, 165, 1
372, 59, 1
372, 242, 1
317, 379, 1
372, 379, 1
295, 92, 1
362, 112, 1
228, 395, 1
44, 147, 1
25, 24, 1
244, 147, 1
165, 92, 1
365, 147, 1
199, 362, 1
365, 92, 1
317, 116, 1
45, 267, 1
317, 244, 1
45, 212, 1
45, 395, 1
317, 372, 1
45, 340, 1
199, 44, 1
385, 24, 1
45, 59, 1
317, 91, 1
317, 155, 1
397, 44, 1
317, 228, 1
228, 116, 1
130, 112, 1
45, 379, 1
340, 147, 1
330, 112, 1
114, 112, 1
228, 372, 1
199, 92, 1
92, 155, 1
199, 165, 1
45, 116, 1
317, 212, 1
228, 155, 1
397, 92, 1
116, 112, 1
45, 244, 1
92, 112, 1
317, 340, 1
116, 240, 1
212, 3, 1
45, 372, 1
7, 397, 1
372, 65, 1
45, 91, 1
45, 155, 1
92, 395, 1
395, 112, 1
372, 385, 1
7, 125, 1
7, 244, 1
45, 228, 1
125, 44, 1
228, 212, 1
319, 92, 1
7, 317, 1
703, 603, 1
319, 165, 1
295, 165, 1
199, 322, 1
7, 45, 1
322, 112, 1
7, 228, 1
125, 147, 1
125, 92, 1
372, 24, 1
7, 365, 1
199, 114, 1
199, 242, 1
365, 91, 1
365, 155, 1
125, 3, 1
71, 340, 1
199, 379, 1
365, 228, 1
44, 112, 1
385, 112, 1
362, 385, 1
87, 92, 1
385, 240, 1
165, 365, 1
244, 112, 1
7, 340, 1
87, 165, 1
116, 91, 1
116, 329, 1
199, 116, 1
44, 395, 1
199, 244, 1
365, 267, 1
365, 212, 1
165, 340, 1
244, 395, 1
199, 372, 1
365, 395, 1
378, 112, 1
365, 340, 1
684, 603, 1
7, 333, 1
333, 116, 1
199, 91, 1
365, 59, 1
199, 155, 1
333, 244, 1
116, 267, 1
365, 242, 1
199, 45, 1
130, 385, 1
199, 228, 1
333, 372, 1
317, 147, 1
317, 92, 1
340, 112, 1
330, 385, 1
90, 385, 1
365, 379, 1
165, 333, 1
212, 112, 1
199, 365, 1
116, 59, 1
116, 242, 1
295, 125, 1
333, 228, 1
317, 3, 1
244, 116, 1
372, 3, 1
340, 395, 1
199, 267, 1
365, 116, 1
199, 212, 1
295, 317, 1
165, 125, 1
45, 44, 1
116, 379, 1
199, 340, 1
365, 244, 1
244, 372, 1
165, 317, 1
199, 395, 1
365, 372, 1
91, 703, -1
91, 684, -1
91, 603, -1
242, 703, -1
242, 684, -1
242, 603, -1
65, 703, -1
65, 684, -1
65, 603, -1
3, 703, -1
3, 684, -1
3, 603, -1
267, 703, -1
267, 684, -1
267, 603, -1
684, 125, -1
684, 244, -1
322, 703, -1
333, 703, -1
362, 684, -1
71, 703, -1
684, 317, -1
603, 362, -1
155, 684, -1
385, 603, -1
112, 603, -1
684, 45, -1
603, 90, -1
684, 228, -1
295, 703, -1
603, 44, -1
59, 603, -1
379, 684, -1
44, 703, -1
165, 703, -1
244, 703, -1
684, 365, -1
365, 703, -1
684, 319, -1
114, 703, -1
130, 684, -1
378, 703, -1
330, 684, -1
24, 684, -1
603, 147, -1
116, 703, -1
90, 684, -1
603, 92, -1
603, 330, -1
603, 165, -1
603, 3, -1
340, 703, -1
329, 703, -1
395, 703, -1
25, 603, -1
212, 703, -1
199, 703, -1
240, 603, -1
397, 703, -1
25, 703, -1
603, 295, -1
240, 703, -1
603, 87, -1
322, 684, -1
319, 703, -1
385, 703, -1
112, 703, -1
603, 7, -1
603, 71, -1
603, 199, -1
59, 703, -1
684, 44, -1
125, 703, -1
362, 603, -1
114, 684, -1
378, 684, -1
87, 703, -1
116, 684, -1
684, 92, -1
379, 603, -1
684, 165, -1
329, 684, -1
395, 684, -1
130, 603, -1
212, 684, -1
330, 603, -1
24, 603, -1
603, 130, -1
90, 603, -1
603, 322, -1
603, 267, -1
25, 684, -1
603, 395, -1
684, 295, -1
603, 340, -1
317, 703, -1
372, 703, -1
240, 684, -1
603, 114, -1
147, 703, -1
684, 87, -1
603, 333, -1
385, 684, -1
603, 397, -1
112, 684, -1
228, 703, -1
684, 7, -1
684, 71, -1
603, 116, -1
684, 199, -1
603, 125, -1
603, 244, -1
59, 684, -1
603, 372, -1
362, 703, -1
603, 317, -1
45, 703, -1
155, 703, -1
603, 155, -1
603, 45, -1
603, 228, -1
7, 703, -1
379, 703, -1
603, 365, -1
603, 319, -1
114, 603, -1
603, 212, -1
130, 703, -1
378, 603, -1
330, 703, -1
24, 703, -1
90, 703, -1
684, 340, -1
372, 684, -1
92, 703, -1
329, 603, -1
147, 684, -1
684, 333, -1
603, 378, -1
684, 397, -1
322, 603, -1
684, 116, -1
684, 372, -1
45, 684, -1
703, 385, -1
703, 330, -1
703, 3, -1
125, 603, -1
703, 378, -1
703, 362, -1
212, 603, -1
684, 330, -1
703, 90, -1
703, 44, -1
684, 378, -1
372, 603, -1
703, 147, -1
703, 92, -1
703, 165, -1
333, 684, -1
684, 362, -1
684, 90, -1
603, 25, -1
703, 295, -1
244, 684, -1
45, 603, -1
365, 684, -1
703, 87, -1
684, 147, -1
703, 114, -1
703, 242, -1
703, 7, -1
684, 3, -1
703, 71, -1
603, 112, -1
703, 199, -1
703, 25, -1
199, 684, -1
317, 603, -1
603, 59, -1
703, 91, -1
703, 155, -1
603, 379, -1
703, 228, -1
703, 130, -1
703, 322, -1
703, 267, -1
684, 25, -1
703, 212, -1
125, 684, -1
703, 395, -1
703, 340, -1
603, 91, -1
703, 59, -1
703, 379, -1
703, 333, -1
684, 91, -1
703, 397, -1
684, 155, -1
365, 603, -1
703, 116, -1
684, 112, -1
703, 125, -1
703, 244, -1
116, 603, -1
684, 130, -1
703, 317, -1
703, 372, -1
684, 322, -1
684, 267, -1
684, 212, -1
684, 395, -1
317, 684, -1
703, 45, -1
684, 114, -1
199, 603, -1
684, 59, -1
703, 365, -1
684, 242, -1
703, 319, -1
684, 379, -1
228, 684, -1

195, 44, 1
195, 24, 1
195, 71, 1
195, 365, 1
195, 87, 1
195, 112, 1
195, 130, 1
195, 333, 1
195, 147, 1
195, 395, 1
195, 92, 1
195, 397, 1
195, 199, 1
195, 212, 1
195, 25, 1
195, 329, 1
195, 330, 1
195, 7, 1
195, 385, 1
195, 322, 1
195, 165, 1
195, 59, 1
195, 295, 1
195, 90, 1
195, 45, 1
195, 125, 1
195, 319, 1
195, 116, 1
195, 240, 1
195, 378, 1
195, 244, 1
195, 379, 1
195, 362, 1
195, 372, 1
195, 228, 1
195, 114, 1
195, 317, 1
195, 155, 1
195, 340, 1
195, 91, 1
195, 242, 1
195, 65, 1
195, 3, 1
195, 267, 1
169, 44, 1
169, 24, 1
169, 71, 1
169, 365, 1
169, 87, 1
169, 112, 1
169, 130, 1
169, 333, 1
169, 147, 1
169, 395, 1
169, 92, 1
169, 397, 1
169, 199, 1
169, 212, 1
169, 25, 1
169, 329, 1
169, 330, 1
169, 7, 1
169, 385, 1
169, 322, 1
169, 165, 1
169, 59, 1
169, 295, 1
169, 90, 1
169, 45, 1
169, 125, 1
169, 319, 1
169, 116, 1
169, 240, 1
169, 378, 1
169, 244, 1
169, 379, 1
169, 362, 1
169, 372, 1
169, 228, 1
169, 114, 1
169, 317, 1
169, 155, 1
169, 340, 1
169, 91, 1
169, 242, 1
169, 65, 1
169, 3, 1
169, 267, 1
169, 195, 1
381, 44, 1
381, 24, 1
381, 71, 1
381, 365, 1
381, 87, 1
381, 112, 1
381, 130, 1
381, 333, 1
381, 147, 1
381, 395, 1
381, 92, 1
381, 397, 1
381, 199, 1
381, 212, 1
381, 25, 1
381, 329, 1
381, 330, 1
381, 7, 1
381, 385, 1
381, 322, 1
381, 165, 1
381, 59, 1
381, 295, 1
381, 90, 1
381, 45, 1
381, 125, 1
381, 319, 1
381, 116, 1
381, 240, 1
381, 378, 1
381, 244, 1
381, 379, 1
381, 362, 1
381, 372, 1
381, 228, 1
381, 114, 1
381, 317, 1
381, 155, 1
381, 340, 1
381, 91, 1
381, 242, 1
381, 65, 1
381, 3, 1
381, 267, 1
381, 195, 1
381, 169, 1
111, 44, 1
111, 24, 1
111, 71, 1
111, 365, 1
111, 87, 1
111, 112, 1
111, 130, 1
111, 333, 1
111, 147, 1
111, 395, 1
111, 92, 1
111, 397, 1
111, 199, 1
111, 212, 1
111, 25, 1
111, 329, 1
111, 330, 1
111, 7, 1
111, 385, 1
111, 322, 1
111, 165, 1
111, 59, 1
111, 295, 1
111, 90, 1
111, 45, 1
111, 125, 1
111, 319, 1
111, 116, 1
111, 240, 1
111, 378, 1
111, 244, 1
111, 379, 1
111, 362, 1
111, 372, 1
111, 228, 1
111, 114, 1
111, 317, 1
111, 155, 1
111, 340, 1
111, 91, 1
111, 242, 1
111, 65, 1
111, 3, 1
111, 267, 1
111, 195, 1
111, 169, 1
111, 381, 1
238, 44, 1
238, 24, 1
238, 71, 1
238, 365, 1
238, 87, 1
238, 112, 1
238, 130, 1
238, 333, 1
238, 147, 1
238, 395, 1
238, 92, 1
238, 397, 1
238, 199, 1
238, 212, 1
238, 25, 1
238, 329, 1
238, 330, 1
238, 7, 1
238, 385, 1
238, 322, 1
238, 165, 1
238, 59, 1
238, 295, 1
238, 90, 1
238, 45, 1
238, 125, 1
238, 319, 1
238, 116, 1
238, 240, 1
238, 378, 1
238, 244, 1
238, 379, 1
238, 362, 1
238, 372, 1
238, 228, 1
238, 114, 1
238, 317, 1
238, 155, 1
238, 340, 1
238, 91, 1
238, 242, 1
238, 65, 1
238, 3, 1
238, 267, 1
238, 195, 1
238, 169, 1
238, 381, 1
238, 111, 1
240, 130, 1
91, 7, 1
340, 333, 1
240, 395, 1
362, 92, 1
24, 362, 1
244, 365, 1
395, 125, 1
385, 340, 1
7, 165, 1
114, 111, 1
340, 45, 1
603, 684, 1
212, 45, 1
130, 92, 1
240, 372, 1
25, 155, 1
125, 242, 1
65, 111, 1
267, 362, 1
59, 333, 1
114, 3, 1
240, 228, 1
385, 317, 1
212, 395, 1
24, 195, 1
372, 155, 1
242, 45, 1
45, 25, 1
65, 3, 1
59, 45, 1
24, 87, 1
244, 319, 1
242, 395, 1
25, 397, 1
267, 195, 1
228, 87, 1
385, 330, 1
372, 397, 1
125, 111, 1
365, 92, 1
45, 267, 1
92, 199, 1
378, 147, 1
379, 112, 1
116, 147, 1
240, 362, 1
362, 59, 1
24, 329, 1
378, 3, 1
228, 244, 1
329, 147, 1
395, 92, 1
90, 130, 1
155, 116, 1
329, 3, 1
45, 244, 1
90, 395, 1
7, 397, 1
130, 59, 1
244, 44, 1
155, 381, 1
228, 365, 1
147, 111, 1
333, 238, 1
379, 125, 1
267, 329, 1
114, 199, 1
45, 365, 1
240, 195, 1
397, 295, 1
244, 165, 1
330, 125, 1
92, 333, 1
90, 372, 1
65, 199, 1
114, 91, 1
340, 25, 1
240, 87, 1
90, 228, 1
397, 7, 1
322, 242, 1
24, 319, 1
92, 45, 1
65, 91, 1
319, 87, 1
3, 116, 1
114, 212, 1
3, 381, 1
365, 59, 1
228, 319, 1
333, 372, 1
65, 212, 1
378, 114, 1
114, 333, 1
240, 329, 1
333, 228, 1
59, 25, 1
44, 125, 1
125, 199, 1
378, 379, 1
212, 87, 1
295, 381, 1
329, 114, 1
65, 333, 1
329, 379, 1
322, 340, 1
362, 147, 1
322, 111, 1
114, 45, 1
125, 91, 1
90, 362, 1
385, 130, 1
242, 87, 1
340, 244, 1
362, 3, 1
385, 395, 1
212, 244, 1
199, 125, 1
24, 44, 1
65, 45, 1
379, 92, 1
329, 91, 1
59, 267, 1
25, 125, 1
125, 212, 1
112, 242, 1
130, 147, 1
330, 92, 1
340, 365, 1
228, 44, 1
212, 365, 1
24, 165, 1
244, 397, 1
317, 238, 1
130, 3, 1
242, 244, 1
329, 212, 1
125, 333, 1
385, 372, 1
91, 340, 1
240, 319, 1
59, 244, 1
228, 165, 1
242, 365, 1
317, 395, 1
125, 45, 1
90, 87, 1
322, 330, 1
147, 212, 1
59, 365, 1
91, 317, 1
112, 111, 1
44, 92, 1
365, 147, 1
87, 319, 1
147, 333, 1
165, 238, 1
92, 25, 1
212, 319, 1
112, 3, 1
317, 372, 1
7, 295, 1
362, 114, 1
333, 87, 1
199, 7, 1
71, 87, 1
378, 238, 1
116, 238, 1
317, 228, 1
362, 379, 1
59, 378, 1
395, 147, 1
385, 362, 1
91, 330, 1
24, 240, 1
199, 92, 1
379, 59, 1
242, 319, 1
322, 199, 1
242, 90, 1
25, 92, 1
130, 114, 1
330, 59, 1
240, 165, 1
59, 90, 1
45, 155, 1
165, 71, 1
130, 379, 1
114, 25, 1
24, 397, 1
319, 165, 1
65, 169, 1
378, 71, 1
116, 71, 1
267, 240, 1
65, 25, 1
212, 44, 1
228, 397, 1
329, 71, 1
92, 244, 1
87, 165, 1
90, 319, 1
385, 87, 1
116, 228, 1
212, 165, 1
114, 267, 1
92, 365, 1
242, 44, 1
365, 114, 1
381, 238, 1
147, 71, 1
65, 267, 1
112, 199, 1
365, 379, 1
242, 165, 1
322, 45, 1
125, 25, 1
244, 125, 1
317, 195, 1
114, 244, 1
329, 169, 1
333, 319, 1
71, 319, 1
112, 91, 1
199, 59, 1
25, 59, 1
65, 244, 1
317, 87, 1
242, 322, 1
362, 238, 1
112, 212, 1
379, 147, 1
90, 44, 1
59, 322, 1
125, 267, 1
65, 365, 1
212, 155, 1
379, 3, 1
155, 295, 1
330, 147, 1
319, 397, 1
112, 333, 1
147, 25, 1
130, 238, 1
90, 165, 1
91, 130, 1
330, 3, 1
91, 395, 1
114, 378, 1
242, 155, 1
362, 71, 1
155, 7, 1
125, 244, 1
333, 44, 1
112, 45, 1
65, 378, 1
59, 155, 1
385, 319, 1
212, 397, 1
114, 90, 1
125, 365, 1
333, 165, 1
91, 372, 1
71, 165, 1
130, 71, 1
65, 90, 1
244, 92, 1
242, 397, 1
365, 238, 1
90, 155, 1
3, 7, 1
228, 125, 1
125, 378, 1
317, 319, 1
379, 114, 1
395, 238, 1
25, 147, 1
45, 125, 1
385, 44, 1
372, 111, 1
330, 114, 1
295, 7, 1
25, 3, 1
125, 90, 1
365, 71, 1
330, 379, 1
90, 397, 1
91, 362, 1
385, 165, 1
267, 295, 1
322, 267, 1
330, 91, 1
395, 71, 1
365, 228, 1
7, 340, 1
7, 111, 1
114, 322, 1
333, 397, 1
112, 169, 1
322, 244, 1
65, 322, 1
112, 25, 1
317, 165, 1
130, 195, 1
91, 87, 1
322, 365, 1
228, 92, 1
165, 381, 1
240, 295, 1
385, 155, 1
378, 116, 1
25, 114, 1
378, 381, 1
45, 92, 1
116, 381, 1
25, 379, 1
329, 116, 1
340, 125, 1
112, 267, 1
329, 381, 1
125, 322, 1
379, 238, 1
372, 199, 1
385, 397, 1
25, 91, 1
330, 238, 1
147, 116, 1
112, 244, 1
365, 195, 1
322, 90, 1
25, 212, 1
59, 125, 1
703, 684, 1
112, 365, 1
372, 212, 1
65, 24, 1
379, 71, 1
7, 199, 1
395, 195, 1
25, 333, 1
330, 71, 1
372, 333, 1
317, 397, 1
91, 319, 1
169, 238, 1
155, 340, 1
112, 378, 1
45, 59, 1
372, 45, 1
322, 44, 1
340, 92, 1
212, 92, 1
362, 116, 1
199, 238, 1
112, 90, 1
362, 381, 1
155, 317, 1
24, 242, 1
44, 71, 1
242, 92, 1
130, 116, 1
7, 45, 1
333, 295, 1
59, 92, 1
130, 381, 1
91, 44, 1
397, 87, 1
92, 125, 1
267, 242, 1
25, 71, 1
91, 165, 1
199, 372, 1
3, 317, 1
24, 111, 1
199, 228, 1
379, 195, 1
322, 155, 1
365, 116, 1
295, 317, 1
114, 125, 1
365, 381, 1
267, 340, 1
267, 111, 1
25, 169, 1
45, 147, 1
65, 125, 1
395, 116, 1
240, 242, 1
112, 322, 1
45, 3, 1
244, 212, 1
395, 381, 1
242, 59, 1
91, 155, 1
24, 65, 1
372, 25, 1
24, 330, 1
244, 333, 1
397, 319, 1
317, 295, 1
240, 340, 1
267, 65, 1
91, 397, 1
240, 111, 1
267, 330, 1
199, 195, 1
319, 111, 1
24, 199, 1
114, 92, 1
372, 244, 1
155, 395, 1
87, 111, 1
147, 125, 1
65, 92, 1
112, 24, 1
45, 379, 1
165, 295, 1
372, 365, 1
212, 147, 1
267, 199, 1
378, 295, 1
240, 65, 1
116, 295, 1
3, 238, 1
397, 165, 1
155, 372, 1
240, 330, 1
45, 91, 1
165, 7, 1
90, 242, 1
379, 116, 1
244, 71, 1
329, 295, 1
7, 244, 1
242, 147, 1
25, 378, 1
228, 212, 1
24, 333, 1
379, 381, 1
3, 130, 1
378, 7, 1
116, 7, 1
295, 238, 1
330, 116, 1
242, 3, 1
59, 147, 1
3, 395, 1
125, 92, 1
330, 381, 1
7, 365, 1
228, 333, 1
329, 7, 1
59, 3, 1
24, 45, 1
240, 199, 1
3, 372, 1
90, 111, 1
322, 125, 1
114, 59, 1
319, 199, 1
3, 228, 1
244, 25, 1
147, 92, 1
267, 45, 1
65, 59, 1
44, 381, 1
169, 381, 1
87, 199, 1
267, 395, 1
333, 340, 1
333, 111, 1
71, 111, 1
242, 114, 1
25, 116, 1
199, 381, 1
385, 242, 1
242, 379, 1
362, 295, 1
25, 381, 1
319, 333, 1
59, 114, 1
3, 362, 1
125, 59, 1
59, 379, 1
155, 87, 1
228, 71, 1
240, 45, 1
112, 125, 1
379, 240, 1
242, 91, 1
362, 7, 1
45, 71, 1
130, 295, 1
319, 45, 1
7, 44, 1
59, 91, 1
212, 333, 1
267, 385, 1
242, 212, 1
322, 92, 1
385, 111, 1
3, 195, 1
130, 7, 1
59, 212, 1
24, 25, 1
90, 199, 1
155, 365, 1
242, 333, 1
114, 147, 1
385, 3, 1
3, 87, 1
228, 25, 1
65, 147, 1
90, 91, 1
365, 295, 1
295, 87, 1
340, 238, 1
333, 199, 1
24, 267, 1
71, 199, 1
90, 212, 1
317, 340, 1
317, 111, 1
240, 385, 1
3, 329, 1
365, 7, 1
395, 295, 1
90, 333, 1
112, 92, 1
155, 319, 1
24, 244, 1
125, 147, 1
395, 7, 1
267, 87, 1
340, 71, 1
125, 3, 1
212, 71, 1
90, 45, 1
322, 59, 1
24, 365, 1
267, 244, 1
242, 71, 1
378, 340, 1
385, 199, 1
116, 340, 1
114, 379, 1
59, 71, 1
333, 45, 1
3, 319, 1
65, 114, 1
244, 116, 1
329, 340, 1
267, 365, 1
155, 44, 1
24, 378, 1
165, 317, 1
65, 379, 1
244, 381, 1
385, 91, 1
240, 267, 1
378, 317, 1
116, 317, 1
295, 319, 1
212, 25, 1
155, 165, 1
385, 212, 1
24, 90, 1
329, 317, 1
112, 59, 1
317, 199, 1
242, 25, 1
240, 244, 1
385, 333, 1
125, 114, 1
125, 379, 1
379, 295, 1
3, 44, 1
267, 319, 1
240, 365, 1
92, 238, 1
267, 90, 1
91, 242, 1
385, 45, 1
330, 295, 1
319, 365, 1
3, 165, 1
379, 7, 1
242, 267, 1
322, 147, 1
330, 7, 1
322, 3, 1
90, 25, 1
92, 71, 1
372, 125, 1
362, 340, 1
114, 238, 1
91, 111, 1
317, 45, 1
228, 116, 1
44, 295, 1
267, 44, 1
240, 90, 1
65, 238, 1
228, 381, 1
155, 397, 1
24, 322, 1
45, 116, 1
130, 340, 1
90, 267, 1
91, 3, 1
362, 317, 1
45, 381, 1
267, 165, 1
44, 7, 1
7, 125, 1
114, 71, 1
199, 295, 1
112, 147, 1
3, 240, 1
130, 317, 1
90, 244, 1
65, 71, 1
242, 378, 1
267, 322, 1
125, 238, 1
24, 155, 1
114, 228, 1
322, 114, 1
25, 7, 1
3, 397, 1
90, 365, 1
240, 44, 1
322, 379, 1
329, 238, 1
65, 228, 1
385, 169, 1
365, 340, 1
378, 130, 1
333, 244, 1
378, 395, 1
130, 330, 1
116, 395, 1
385, 25, 1
372, 92, 1
329, 130, 1
322, 91, 1
267, 155, 1
125, 71, 1
329, 395, 1
395, 340, 1
147, 238, 1
333, 365, 1
90, 378, 1
365, 317, 1
322, 212, 1
240, 322, 1
378, 372, 1
116, 372, 1
91, 199, 1
385, 267, 1
378, 228, 1
212, 116, 1
329, 372, 1
322, 333, 1
395, 317, 1
7, 92, 1
340, 381, 1
267, 397, 1
212, 381, 1
112, 114, 1
329, 228, 1
112, 379, 1
267, 24, 1
365, 330, 1
242, 116, 1
240, 155, 1
385, 244, 1
91, 212, 1
242, 381, 1
147, 372, 1
114, 195, 1
59, 116, 1
329, 385, 1
397, 111, 1
147, 228, 1
59, 381, 1
385, 365, 1
91, 333, 1
65, 195, 1
317, 267, 1
378, 362, 1
240, 397, 1
91, 45, 1
329, 362, 1
362, 130, 1
240, 24, 1
317, 244, 1
362, 395, 1
385, 378, 1
125, 195, 1
379, 340, 1
317, 365, 1
24, 112, 1
378, 195, 1
322, 71, 1
165, 87, 1
130, 395, 1
90, 322, 1
385, 90, 1
330, 340, 1
362, 372, 1
329, 195, 1
378, 87, 1
244, 7, 1
116, 87, 1
362, 228, 1
379, 317, 1
3, 295, 1
329, 87, 1
267, 112, 1
112, 238, 1
130, 372, 1
24, 125, 1
330, 317, 1
147, 195, 1
199, 242, 1
130, 228, 1
92, 381, 1
165, 365, 1
379, 65, 1
365, 130, 1
397, 199, 1
44, 340, 1
322, 25, 1
379, 330, 1
365, 395, 1
112, 71, 1
372, 147, 1
114, 116, 1
44, 317, 1
199, 340, 1
240, 112, 1
365, 372, 1
114, 381, 1
112, 228, 1
130, 362, 1
65, 116, 1
91, 25, 1
165, 319, 1
65, 381, 1
385, 322, 1
395, 372, 1
317, 44, 1
362, 195, 1
199, 317, 1
378, 319, 1
116, 319, 1
25, 317, 1
395, 228, 1
45, 295, 1
240, 125, 1
24, 92, 1
329, 319, 1
362, 87, 1
228, 7, 1
319, 125, 1
91, 267, 1
125, 116, 1
45, 7, 1
125, 381, 1
199, 330, 1
365, 362, 1
130, 87, 1
267, 92, 1
91, 244, 1
212, 125, 1
378, 44, 1
116, 44, 1
322, 378, 1
91, 365, 1
329, 44, 1
242, 125, 1
112, 195, 1
378, 165, 1
379, 130, 1
116, 165, 1
317, 155, 1
147, 381, 1
379, 395, 1
329, 165, 1
330, 130, 1
365, 87, 1
330, 395, 1
65, 240, 1
240, 92, 1
91, 378, 1
24, 59, 1
340, 295, 1
379, 372, 1
362, 319, 1
395, 87, 1
44, 238, 1
379, 228, 1
90, 125, 1
91, 90, 1
330, 372, 1
155, 111, 1
340, 7, 1
3, 242, 1
212, 7, 1
330, 228, 1
267, 59, 1
130, 319, 1
378, 155, 1
116, 155, 1
397, 25, 1
59, 295, 1
379, 385, 1
7, 333, 1
322, 116, 1
242, 7, 1
25, 238, 1
333, 125, 1
199, 45, 1
322, 381, 1
329, 240, 1
165, 397, 1
59, 7, 1
199, 130, 1
372, 238, 1
362, 44, 1
25, 130, 1
199, 395, 1
378, 397, 1
379, 362, 1
244, 317, 1
116, 397, 1
3, 340, 1
3, 111, 1
25, 395, 1
44, 228, 1
329, 397, 1
330, 362, 1
362, 165, 1
240, 59, 1
365, 319, 1
130, 44, 1
295, 111, 1
372, 71, 1
25, 372, 1
24, 147, 1
130, 165, 1
90, 92, 1
395, 319, 1
25, 228, 1
91, 322, 1
112, 116, 1
385, 125, 1
24, 3, 1
330, 195, 1
112, 381, 1
379, 87, 1
3, 65, 1
155, 199, 1
3, 330, 1
330, 87, 1
7, 71, 1
92, 295, 1
267, 147, 1
333, 92, 1
365, 44, 1
362, 155, 1
267, 3, 1
199, 362, 1
379, 329, 1
92, 7, 1
365, 165, 1
317, 125, 1
25, 362, 1
155, 212, 1
45, 340, 1
395, 44, 1
130, 155, 1
3, 199, 1
362, 397, 1
228, 317, 1
155, 333, 1
114, 295, 1
395, 165, 1
44, 87, 1
45, 317, 1
65, 295, 1
240, 147, 1
24, 114, 1
90, 59, 1
295, 199, 1
25, 195, 1
114, 7, 1
24, 379, 1
155, 45, 1
130, 397, 1
240, 3, 1
385, 92, 1
199, 87, 1
244, 238, 1
65, 7, 1
25, 87, 1
379, 319, 1
24, 91, 1
365, 155, 1
195, 238, 1
267, 114, 1
112, 240, 1
3, 333, 1
330, 319, 1
267, 379, 1
125, 295, 1
199, 244, 1
24, 212, 1
395, 155, 1
3, 45, 1
317, 92, 1
199, 365, 1
267, 91, 1
365, 397, 1
125, 7, 1
244, 372, 1
295, 45, 1
267, 212, 1
244, 228, 1
379, 44, 1
395, 397, 1
147, 295, 1
44, 319, 1
240, 114, 1
330, 44, 1
340, 317, 1
267, 333, 1
240, 379, 1
212, 317, 1
379, 165, 1
385, 59, 1
59, 340, 1
147, 7, 1
90, 147, 1
330, 165, 1
199, 319, 1
199, 90, 1
240, 91, 1
242, 317, 1
90, 3, 1
59, 317, 1
228, 238, 1
155, 25, 1
240, 212, 1
3, 385, 1
45, 238, 1
91, 125, 1
317, 59, 1
240, 333, 1
24, 71, 1
44, 165, 1
379, 155, 1
372, 116, 1
45, 395, 1
372, 381, 1
199, 44, 1
3, 25, 1
228, 372, 1
322, 7, 1
267, 71, 1
199, 165, 1
244, 87, 1
155, 244, 1
45, 372, 1
379, 397, 1
24, 169, 1
90, 114, 1
114, 242, 1
92, 340, 1
45, 228, 1
90, 379, 1
385, 147, 1
330, 397, 1
7, 381, 1
199, 322, 1
3, 267, 1
92, 317, 1
267, 169, 1
112, 295, 1
91, 92, 1
87, 238, 1
267, 25, 1
240, 71, 1
212, 238, 1
3, 244, 1
114, 340, 1
199, 155, 1
319, 71, 1
112, 7, 1
317, 147, 1
44, 397, 1
65, 340, 1
3, 365, 1
378, 242, 1
317, 3, 1
242, 238, 1
114, 317, 1
329, 242, 1
87, 71, 1
59, 238, 1
333, 212, 1
295, 365, 1
242, 130, 1
199, 397, 1
65, 317, 1
240, 169, 1
59, 130, 1
212, 372, 1
45, 195, 1
165, 111, 1
3, 378, 1
240, 25, 1
385, 114, 1
59, 395, 1
125, 340, 1
340, 228, 1
385, 379, 1
212, 228, 1
378, 111, 1
116, 111, 1
114, 330, 1
45, 87, 1
90, 238, 1
3, 90, 1
242, 372, 1
329, 111, 1
65, 330, 1
91, 59, 1
242, 228, 1
59, 372, 1
125, 317, 1
195, 381, 1
59, 228, 1
147, 340, 1
71, 238, 1
317, 379, 1
90, 71, 1
267, 378, 1
59, 385, 1
125, 330, 1
378, 330, 1
317, 91, 1
147, 317, 1
362, 242, 1
329, 65, 1
242, 362, 1
329, 330, 1
381, 111, 1
333, 71, 1
317, 212, 1
59, 362, 1
130, 242, 1
165, 199, 1
317, 333, 1
295, 165, 1
45, 319, 1
240, 378, 1
340, 87, 1
385, 238, 1
3, 322, 1
24, 116, 1
378, 199, 1
116, 199, 1
242, 195, 1
362, 111, 1
24, 381, 1
329, 199, 1
59, 195, 1
378, 91, 1
91, 147, 1
114, 130, 1
92, 228, 1
333, 25, 1
603, 703, 1
130, 111, 1
114, 395, 1
267, 116, 1
59, 87, 1
65, 130, 1
378, 212, 1
385, 71, 1
116, 212, 1
3, 155, 1
365, 242, 1
322, 317, 1
267, 381, 1
147, 199, 1
165, 333, 1
65, 395, 1
25, 295, 1
378, 333, 1
45, 44, 1
90, 195, 1
116, 333, 1
114, 372, 1
385, 228, 1
372, 295, 1
165, 45, 1
329, 333, 1
362, 330, 1
65, 372, 1
45, 165, 1
378, 45, 1
116, 45, 1
112, 340, 1
125, 130, 1
365, 111, 1
372, 7, 1
317, 71, 1
3, 24, 1
329, 45, 1
125, 395, 1
240, 116, 1
295, 397, 1
340, 319, 1
240, 381, 1
365, 3, 1
395, 111, 1
65, 385, 1
319, 381, 1
112, 317, 1
91, 114, 1
362, 199, 1
147, 45, 1
125, 372, 1
91, 379, 1
114, 362, 1
125, 228, 1
147, 395, 1
59, 319, 1
362, 91, 1
65, 362, 1
92, 87, 1
112, 65, 1
130, 199, 1
317, 25, 1
112, 330, 1
362, 212, 1
340, 44, 1
385, 195, 1
130, 91, 1
362, 333, 1
45, 397, 1
340, 165, 1
379, 242, 1
130, 212, 1
114, 87, 1
155, 125, 1
125, 362, 1
330, 242, 1
322, 238, 1
362, 45, 1
59, 44, 1
130, 333, 1
65, 87, 1
165, 25, 1
365, 199, 1
3, 112, 1
703, 603, 1
90, 116, 1
378, 25, 1
116, 25, 1
322, 130, 1
59, 165, 1
90, 381, 1
365, 91, 1
130, 45, 1
322, 395, 1
329, 25, 1
395, 199, 1
244, 295, 1
379, 111, 1
114, 365, 1
65, 329, 1
91, 238, 1
365, 212, 1
3, 125, 1
330, 111, 1
92, 319, 1
333, 116, 1
125, 87, 1
378, 267, 1
322, 372, 1
333, 381, 1
365, 333, 1
329, 267, 1
295, 125, 1
322, 228, 1
395, 212, 1
378, 244, 1
116, 244, 1
91, 71, 1
365, 45, 1
395, 333, 1
340, 397, 1
25, 242, 1
155, 92, 1
112, 130, 1
329, 244, 1
114, 319, 1
147, 87, 1
112, 395, 1
44, 111, 1
378, 365, 1
116, 365, 1
169, 111, 1
395, 45, 1
65, 319, 1
267, 125, 1
92, 44, 1
91, 228, 1
329, 365, 1
385, 116, 1
322, 362, 1
147, 244, 1
59, 397, 1
112, 372, 1
385, 381, 1
92, 165, 1
199, 111, 1
25, 340, 1
362, 25, 1
25, 111, 1
24, 295, 1
199, 147, 1
3, 92, 1
147, 365, 1
372, 340, 1
199, 3, 1
379, 199, 1
329, 378, 1
228, 295, 1
114, 44, 1
125, 319, 1
24, 7, 1
378, 90, 1
130, 25, 1
330, 199, 1
322, 195, 1
112, 385, 1
65, 44, 1
379, 91, 1
317, 116, 1
362, 267, 1
114, 165, 1
329, 90, 1
372, 317, 1
317, 381, 1
322, 87, 1
65, 165, 1
379, 212, 1
112, 362, 1
267, 7, 1
130, 267, 1
330, 212, 1
362, 244, 1
147, 319, 1
25, 330, 1
379, 333, 1
91, 195, 1
397, 238, 1
44, 199, 1
125, 44, 1
330, 333, 1
7, 317, 1
365, 25, 1
362, 365, 1
130, 244, 1
379, 45, 1
92, 397, 1
125, 165, 1
199, 114, 1
3, 59, 1
114, 155, 1
330, 45, 1
199, 379, 1
319, 295, 1
395, 25, 1
130, 365, 1
397, 71, 1
25, 199, 1
65, 155, 1
240, 7, 1
112, 87, 1
365, 267, 1
362, 378, 1
147, 44, 1
378, 322, 1
199, 91, 1
319, 7, 1
87, 295, 1
44, 333, 1
212, 295, 1
329, 322, 1
114, 397, 1
147, 165, 1
362, 90, 1
199, 212, 1
130, 378, 1
365, 244, 1
322, 319, 1
87, 7, 1
65, 397, 1
112, 329, 1
44, 45, 1
242, 295, 1
155, 147, 1
199, 333, 1
125, 155, 1
130, 90, 1
395, 244, 1
244, 340, 1
244, 111, 1
329, 155, 1
395, 365, 1
195, 111, 1
25, 45, 1
125, 397, 1
365, 378, 1
147, 155, 1
90, 295, 1
379, 169, 1
3, 147, 1
112, 319, 1
372, 395, 1
91, 116, 1
379, 25, 1
365, 90, 1
322, 165, 1
329, 24, 1
91, 381, 1
90, 7, 1
7, 238, 1
330, 25, 1
147, 397, 1
362, 322, 1
71, 295, 1
199, 71, 1
379, 267, 1
372, 228, 1
333, 7, 1
130, 322, 1
71, 7, 1
330, 267, 1
25, 385, 1
24, 340, 1
65, 112, 1
112, 44, 1
44, 25, 1
379, 244, 1
244, 199, 1
228, 340, 1
228, 111, 1
112, 165, 1
330, 244, 1
7, 228, 1
24, 317, 1
45, 111, 1
379, 365, 1
3, 114, 1
385, 295, 1
3, 379, 1
330, 365, 1
365, 322, 1
322, 397, 1
385, 7, 1
3, 91, 1
267, 317, 1
329, 112, 1
379, 378, 1
44, 244, 1
199, 267, 1
165, 125, 1
3, 212, 1
330, 378, 1
25, 267, 1
112, 155, 1
378, 125, 1
379, 90, 1
244, 45, 1
116, 125, 1
44, 365, 1
372, 87, 1
155, 238, 1
330, 90, 1
329, 125, 1
317, 7, 1
25, 244, 1
684, 703, 1
295, 333, 1
240, 317, 1
112, 397, 1
59, 242, 1
25, 365, 1
228, 199, 1
319, 317, 1
340, 111, 1
212, 340, 1
212, 111, 1
7, 87, 1
155, 71, 1
45, 199, 1
242, 340, 1
242, 111, 1
199, 378, 1
155, 228, 1
59, 111, 1
45, 212, 1
24, 238, 1
378, 92, 1
116, 92, 1
25, 319, 1
25, 90, 1
379, 322, 1
3, 71, 1
329, 92, 1
45, 333, 1
372, 319, 1
24, 130, 1
330, 322, 1
362, 125, 1
228, 45, 1
24, 395, 1
90, 340, 1
295, 71, 1
267, 238, 1
242, 330, 1
130, 125, 1
322, 295, 1
59, 330, 1
267, 130, 1
24, 372, 1
90, 317, 1
3, 169, 1
7, 319, 1
330, 155, 1
340, 199, 1
25, 44, 1
24, 228, 1
212, 199, 1
199, 116, 1
372, 44, 1
155, 195, 1
25, 165, 1
267, 372, 1
242, 199, 1
333, 317, 1
24, 385, 1
240, 238, 1
92, 111, 1
90, 330, 1
91, 295, 1
372, 165, 1
378, 59, 1
379, 24, 1
267, 228, 1
59, 199, 1
319, 238, 1
65, 242, 1
365, 125, 1
25, 322, 1
329, 59, 1
212, 114, 1
212, 59, 1
44, 155, 1
397, 340, 1
244, 155, 1
242, 112, 1
92, 378, 1
212, 379, 1
397, 114, 1
147, 112, 1
45, 330, 1
228, 195, 1
319, 130, 1
228, 378, 1
111, 238, 1
59, 112, 1
319, 340, 1
295, 340, 1
92, 362, 1
242, 169, 1
147, 114, 1
340, 155, 1
92, 90, 1
212, 91, 1
333, 378, 1
155, 112, 1
59, 169, 1
87, 130, 1
114, 385, 1
116, 65, 1
87, 340, 1
378, 385, 1
333, 362, 1
116, 385, 1
92, 147, 1
44, 378, 1
92, 330, 1
165, 195, 1
212, 267, 1
165, 378, 1
116, 330, 1
372, 91, 1
155, 114, 1
372, 329, 1
333, 90, 1
116, 3, 1
372, 112, 1
90, 112, 1
395, 330, 1
116, 195, 1
92, 195, 1
372, 240, 1
44, 362, 1
116, 378, 1
165, 362, 1
372, 130, 1
244, 362, 1
317, 130, 1
116, 24, 1
317, 322, 1
372, 322, 1
372, 267, 1
147, 130, 1
44, 90, 1
244, 90, 1
130, 169, 1
147, 322, 1
333, 330, 1
340, 378, 1
165, 44, 1
395, 378, 1
71, 92, 1
228, 112, 1
317, 114, 1
116, 362, 1
372, 114, 1
90, 169, 1
372, 59, 1
372, 169, 1
228, 130, 1
372, 242, 1
228, 322, 1
372, 379, 1
397, 378, 1
116, 90, 1
295, 92, 1
362, 112, 1
333, 195, 1
228, 395, 1
340, 362, 1
25, 24, 1
395, 362, 1
244, 147, 1
165, 92, 1
44, 330, 1
44, 147, 1
212, 362, 1
244, 330, 1
45, 130, 1
228, 114, 1
155, 130, 1
45, 322, 1
340, 90, 1
155, 322, 1
395, 90, 1
397, 362, 1
212, 90, 1
44, 195, 1
362, 169, 1
244, 195, 1
7, 130, 1
45, 114, 1
244, 378, 1
385, 24, 1
397, 44, 1
130, 112, 1
340, 147, 1
330, 112, 1
340, 330, 1
114, 112, 1
92, 155, 1
212, 330, 1
228, 155, 1
397, 92, 1
116, 112, 1
92, 112, 1
147, 90, 1
116, 240, 1
212, 3, 1
340, 195, 1
92, 130, 1
165, 114, 1
330, 169, 1
212, 195, 1
372, 65, 1
114, 169, 1
92, 322, 1
212, 378, 1
92, 395, 1
395, 112, 1
372, 385, 1
397, 195, 1
378, 169, 1
242, 385, 1
319, 92, 1
116, 169, 1
92, 114, 1
147, 330, 1
91, 169, 1
322, 112, 1
372, 378, 1
333, 130, 1
71, 130, 1
372, 24, 1
333, 322, 1
147, 378, 1
71, 340, 1
385, 112, 1
362, 385, 1
44, 112, 1
317, 362, 1
322, 385, 1
87, 92, 1
372, 362, 1
322, 169, 1
155, 330, 1
333, 114, 1
244, 112, 1
295, 130, 1
44, 130, 1
385, 240, 1
165, 130, 1
244, 130, 1
116, 91, 1
116, 329, 1
147, 362, 1
44, 322, 1
317, 90, 1
372, 90, 1
244, 322, 1
44, 395, 1
244, 395, 1
165, 340, 1
378, 112, 1
684, 603, 1
45, 378, 1
228, 362, 1
155, 378, 1
44, 114, 1
116, 130, 1
244, 114, 1
116, 322, 1
116, 267, 1
130, 385, 1
228, 90, 1
340, 112, 1
330, 385, 1
91, 112, 1
317, 330, 1
372, 330, 1
90, 385, 1
45, 362, 1
212, 112, 1
340, 130, 1
155, 362, 1
395, 130, 1
116, 114, 1
212, 130, 1
116, 59, 1
340, 322, 1
395, 322, 1
116, 242, 1
25, 112, 1
212, 322, 1
340, 395, 1
45, 90, 1
372, 3, 1
25, 240, 1
155, 90, 1
116, 379, 1
397, 130, 1
372, 195, 1
317, 378, 1
228, 147, 1
340, 114, 1
228, 330, 1
395, 114, 1
195, 703, -1
195, 684, -1
195, 603, -1
169, 703, -1
169, 684, -1
169, 603, -1
381, 703, -1
381, 684, -1
381, 603, -1
111, 703, -1
111, 684, -1
111, 603, -1
238, 703, -1
238, 684, -1
238, 603, -1
684, 125, -1
684, 244, -1
333, 703, -1
322, 703, -1
362, 684, -1
71, 703, -1
684, 317, -1
45, 684, -1
603, 362, -1
684, 381, -1
155, 684, -1
385, 603, -1
703, 385, -1
703, 330, -1
112, 603, -1
684, 45, -1
603, 90, -1
684, 228, -1
703, 3, -1
295, 703, -1
603, 44, -1
59, 603, -1
44, 703, -1
379, 684, -1
125, 603, -1
703, 195, -1
165, 703, -1
244, 703, -1
684, 365, -1
703, 378, -1
365, 703, -1
684, 319, -1
114, 703, -1
130, 684, -1
603, 147, -1
330, 684, -1
24, 684, -1
603, 92, -1
116, 703, -1
90, 684, -1
684, 111, -1
378, 703, -1
603, 330, -1
703, 362, -1
603, 165, -1
91, 603, -1
65, 703, -1
703, 90, -1
340, 703, -1
329, 703, -1
25, 603, -1
395, 703, -1
603, 195, -1
703, 44, -1
212, 703, -1
199, 703, -1
240, 603, -1
25, 703, -1
397, 703, -1
603, 295, -1
267, 703, -1
3, 684, -1
703, 147, -1
703, 92, -1
240, 703, -1
242, 603, -1
703, 165, -1
603, 87, -1
703, 238, -1
322, 684, -1
333, 684, -1
242, 703, -1
319, 703, -1
385, 703, -1
112, 703, -1
603, 7, -1
603, 71, -1
603, 199, -1
684, 44, -1
59, 703, -1
125, 703, -1
703, 295, -1
244, 684, -1
362, 603, -1
45, 603, -1
365, 684, -1
114, 684, -1
703, 87, -1
603, 238, -1
378, 684, -1
87, 703, -1
116, 684, -1
684, 92, -1
379, 603, -1
703, 169, -1
703, 114, -1
684, 165, -1
65, 684, -1
91, 703, -1
703, 242, -1
684, 238, -1
703, 7, -1
703, 71, -1
329, 684, -1
395, 684, -1
130, 603, -1
703, 199, -1
703, 25, -1
212, 684, -1
330, 603, -1
199, 684, -1
24, 603, -1
317, 603, -1
90, 603, -1
603, 130, -1
603, 322, -1
25, 684, -1
603, 395, -1
684, 295, -1
603, 340, -1
317, 703, -1
267, 684, -1
372, 703, -1
240, 684, -1
603, 114, -1
147, 703, -1
703, 91, -1
684, 87, -1
703, 155, -1
703, 228, -1
385, 684, -1
603, 333, -1
603, 397, -1
112, 684, -1
228, 703, -1
3, 603, -1
703, 130, -1
684, 7, -1
684, 71, -1
603, 116, -1
703, 322, -1
684, 199, -1
603, 244, -1
603, 125, -1
59, 684, -1
125, 684, -1
703, 212, -1
703, 267, -1
603, 372, -1
362, 703, -1
603, 317, -1
45, 703, -1
703, 395, -1
603, 381, -1
703, 340, -1
155, 703, -1
703, 59, -1
603, 155, -1
603, 45, -1
603, 228, -1
703, 379, -1
7, 703, -1
379, 703, -1
603, 365, -1
91, 684, -1
703, 333, -1
703, 397, -1
365, 603, -1
603, 319, -1
114, 603, -1
703, 116, -1
603, 212, -1
130, 703, -1
703, 125, -1
703, 244, -1
378, 603, -1
330, 703, -1
24, 703, -1
603, 111, -1
90, 703, -1
703, 372, -1
703, 317, -1
703, 381, -1
65, 603, -1
684, 340, -1
317, 684, -1
372, 684, -1
703, 45, -1
92, 703, -1
329, 603, -1
242, 684, -1
199, 603, -1
147, 684, -1
703, 365, -1
703, 319, -1
684, 333, -1
603, 378, -1
267, 603, -1
228, 684, -1
684, 397, -1
322, 603, -1
3, 703, -1
603, 91, -1
684, 116, -1
684, 3, -1
684, 195, -1
603, 112, -1
684, 372, -1
684, 378, -1
372, 603, -1
684, 91, -1
684, 155, -1
603, 267, -1
684, 112, -1
684, 362, -1
116, 603, -1
684, 130, -1
603, 59, -1
684, 322, -1
684, 267, -1
684, 212, -1
684, 90, -1
684, 395, -1
603, 379, -1
603, 25, -1
684, 114, -1
684, 59, -1
684, 242, -1
212, 603, -1
684, 379, -1
684, 25, -1
603, 3, -1
684, 330, -1
684, 147, -1
703, 111, -1

