258, 360, 1
44, 360, 1
44, 258, 1
201, 360, 1
201, 258, 1
201, 44, 1
93, 360, 1
93, 258, 1
93, 44, 1
93, 201, 1
360, 201, 1
201, 93, 1
360, 258, 1
258, 93, 1
44, 93, 1
360, 93, 1
258, 44, 1
360, 44, 1
360, 759, -1
258, 759, -1
44, 759, -1
201, 759, -1
93, 759, -1

83, 360, 1
83, 258, 1
83, 44, 1
83, 201, 1
83, 93, 1
125, 360, 1
125, 258, 1
125, 44, 1
125, 201, 1
125, 93, 1
125, 83, 1
1, 360, 1
1, 258, 1
1, 44, 1
1, 201, 1
1, 93, 1
1, 83, 1
1, 125, 1
228, 360, 1
228, 258, 1
228, 44, 1
228, 201, 1
228, 93, 1
228, 83, 1
228, 125, 1
228, 1, 1
122, 360, 1
122, 258, 1
122, 44, 1
122, 201, 1
122, 93, 1
122, 83, 1
122, 125, 1
122, 1, 1
122, 228, 1
201, 93, 1
125, 122, 1
83, 122, 1
258, 93, 1
44, 228, 1
83, 125, 1
201, 44, 1
360, 122, 1
228, 122, 1
360, 125, 1
258, 44, 1
1, 122, 1
201, 1, 1
93, 44, 1
360, 201, 1
44, 93, 1
201, 83, 1
258, 83, 1
360, 228, 1
83, 228, 1
93, 125, 1
1, 228, 1
201, 122, 1
360, 258, 1
201, 125, 1
258, 125, 1
258, 122, 1
360, 93, 1
93, 228, 1
258, 201, 1
360, 44, 1
125, 1, 1
83, 1, 1
360, 1, 1
201, 228, 1
44, 125, 1
258, 228, 1
360, 83, 1
201, 258, 1
258, 1, 1
44, 1, 1
93, 1, 1
125, 228, 1
44, 122, 1
93, 122, 1
44, 201, 1
83, 759, -1
125, 759, -1
1, 759, -1
228, 759, -1
122, 759, -1
258, 759, -1
44, 759, -1
360, 759, -1
93, 759, -1
201, 759, -1

347, 360, 1
347, 258, 1
347, 44, 1
347, 201, 1
347, 93, 1
347, 83, 1
347, 125, 1
347, 1, 1
347, 228, 1
347, 122, 1
65, 360, 1
65, 258, 1
65, 44, 1
65, 201, 1
65, 93, 1
65, 83, 1
65, 125, 1
65, 1, 1
65, 228, 1
65, 122, 1
65, 347, 1
230, 360, 1
230, 258, 1
230, 44, 1
230, 201, 1
230, 93, 1
230, 83, 1
230, 125, 1
230, 1, 1
230, 228, 1
230, 122, 1
230, 347, 1
230, 65, 1
59, 360, 1
59, 258, 1
59, 44, 1
59, 201, 1
59, 93, 1
59, 83, 1
59, 125, 1
59, 1, 1
59, 228, 1
59, 122, 1
59, 347, 1
59, 65, 1
59, 230, 1
263, 360, 1
263, 258, 1
263, 44, 1
263, 201, 1
263, 93, 1
263, 83, 1
263, 125, 1
263, 1, 1
263, 228, 1
263, 122, 1
263, 347, 1
263, 65, 1
263, 230, 1
263, 59, 1
201, 93, 1
44, 228, 1
201, 230, 1
1, 122, 1
201, 59, 1
258, 1, 1
44, 93, 1
258, 83, 1
44, 230, 1
93, 125, 1
201, 125, 1
258, 122, 1
228, 44, 1
1, 44, 1
122, 44, 1
65, 230, 1
83, 263, 1
228, 263, 1
360, 263, 1
122, 263, 1
1, 83, 1
93, 230, 1
93, 1, 1
230, 263, 1
258, 44, 1
201, 1, 1
83, 201, 1
360, 201, 1
83, 347, 1
258, 263, 1
360, 228, 1
360, 347, 1
44, 1, 1
83, 258, 1
201, 122, 1
360, 258, 1
125, 93, 1
360, 93, 1
258, 201, 1
125, 230, 1
125, 1, 1
83, 59, 1
360, 59, 1
347, 263, 1
1, 263, 1
83, 125, 1
201, 44, 1
228, 125, 1
360, 125, 1
258, 59, 1
1, 201, 1
122, 201, 1
201, 83, 1
83, 228, 1
1, 347, 1
122, 228, 1
122, 347, 1
258, 125, 1
44, 263, 1
83, 93, 1
1, 258, 1
228, 93, 1
122, 258, 1
122, 93, 1
83, 230, 1
228, 230, 1
83, 1, 1
360, 230, 1
347, 59, 1
122, 230, 1
360, 1, 1
360, 65, 1
258, 228, 1
1, 59, 1
258, 347, 1
122, 59, 1
65, 263, 1
83, 122, 1
258, 93, 1
360, 122, 1
258, 230, 1
1, 125, 1
93, 263, 1
122, 125, 1
201, 263, 1
1, 228, 1
83, 44, 1
360, 44, 1
347, 230, 1
1, 93, 1
201, 228, 1
201, 347, 1
1, 230, 1
228, 1, 1
65, 59, 1
44, 125, 1
59, 263, 1
125, 263, 1
122, 1, 1
360, 83, 1
122, 83, 1
201, 258, 1
125, 347, 1
125, 122, 1
125, 228, 1
125, 83, 1
125, 44, 1
44, 122, 1
228, 122, 1
93, 228, 1
93, 122, 1
44, 201, 1
125, 258, 1
125, 59, 1
228, 201, 1
93, 44, 1
347, 759, -1
65, 759, -1
230, 759, -1
59, 759, -1
263, 759, -1
83, 759, -1
258, 759, -1
44, 759, -1
125, 759, -1
360, 759, -1
228, 759, -1
93, 759, -1
759, 228, -1
1, 759, -1
759, 93, -1
122, 759, -1
759, 125, -1
759, 44, -1
759, 230, -1
201, 759, -1

274, 360, 1
274, 258, 1
274, 44, 1
274, 201, 1
274, 93, 1
274, 83, 1
274, 125, 1
274, 1, 1
274, 228, 1
274, 122, 1
274, 347, 1
274, 65, 1
274, 230, 1
274, 59, 1
274, 263, 1
180, 360, 1
180, 258, 1
180, 44, 1
180, 201, 1
180, 93, 1
180, 83, 1
180, 125, 1
180, 1, 1
180, 228, 1
180, 122, 1
180, 347, 1
180, 65, 1
180, 230, 1
180, 59, 1
180, 263, 1
180, 274, 1
40, 360, 1
40, 258, 1
40, 44, 1
40, 201, 1
40, 93, 1
40, 83, 1
40, 125, 1
40, 1, 1
40, 228, 1
40, 122, 1
40, 347, 1
40, 65, 1
40, 230, 1
40, 59, 1
40, 263, 1
40, 274, 1
40, 180, 1
73, 360, 1
73, 258, 1
73, 44, 1
73, 201, 1
73, 93, 1
73, 83, 1
73, 125, 1
73, 1, 1
73, 228, 1
73, 122, 1
73, 347, 1
73, 65, 1
73, 230, 1
73, 59, 1
73, 263, 1
73, 274, 1
73, 180, 1
73, 40, 1
87, 360, 1
87, 258, 1
87, 44, 1
87, 201, 1
87, 93, 1
87, 83, 1
87, 125, 1
87, 1, 1
87, 228, 1
87, 122, 1
87, 347, 1
87, 65, 1
87, 230, 1
87, 59, 1
87, 263, 1
87, 274, 1
87, 180, 1
87, 40, 1
87, 73, 1
201, 93, 1
347, 122, 1
44, 228, 1
347, 360, 1
201, 230, 1
228, 122, 1
59, 201, 1
65, 180, 1
1, 122, 1
65, 125, 1
1, 360, 1
201, 59, 1
258, 1, 1
274, 180, 1
263, 125, 1
44, 93, 1
258, 83, 1
44, 230, 1
93, 125, 1
59, 258, 1
201, 180, 1
83, 87, 1
201, 125, 1
263, 228, 1
258, 122, 1
360, 87, 1
347, 44, 1
228, 44, 1
1, 44, 1
122, 44, 1
65, 230, 1
65, 1, 1
263, 93, 1
83, 263, 1
347, 83, 1
228, 263, 1
263, 230, 1
360, 263, 1
122, 263, 1
1, 83, 1
59, 180, 1
93, 230, 1
59, 125, 1
65, 40, 1
73, 87, 1
93, 1, 1
230, 263, 1
65, 122, 1
258, 44, 1
65, 360, 1
274, 40, 1
83, 201, 1
360, 73, 1
201, 1, 1
360, 201, 1
360, 274, 1
59, 228, 1
59, 347, 1
83, 347, 1
125, 228, 1
258, 263, 1
360, 228, 1
360, 347, 1
93, 122, 1
44, 1, 1
83, 258, 1
201, 122, 1
201, 360, 1
59, 93, 1
347, 87, 1
125, 93, 1
360, 258, 1
360, 93, 1
228, 87, 1
59, 230, 1
1, 87, 1
125, 230, 1
258, 201, 1
122, 87, 1
125, 1, 1
65, 44, 1
83, 59, 1
360, 59, 1
230, 87, 1
44, 122, 1
347, 263, 1
65, 83, 1
1, 263, 1
93, 44, 1
59, 360, 1
125, 122, 1
258, 87, 1
83, 180, 1
83, 125, 1
201, 44, 1
228, 125, 1
360, 180, 1
360, 125, 1
122, 180, 1
258, 59, 1
347, 201, 1
44, 87, 1
1, 201, 1
122, 201, 1
201, 83, 1
1, 274, 1
83, 228, 1
122, 274, 1
1, 347, 1
122, 228, 1
122, 347, 1
347, 258, 1
258, 180, 1
258, 125, 1
59, 44, 1
44, 263, 1
1, 258, 1
83, 93, 1
65, 87, 1
228, 93, 1
122, 258, 1
125, 44, 1
122, 93, 1
83, 230, 1
228, 230, 1
83, 1, 1
59, 1, 1
347, 59, 1
274, 87, 1
360, 230, 1
258, 274, 1
122, 230, 1
360, 1, 1
360, 65, 1
258, 228, 1
258, 347, 1
1, 59, 1
59, 83, 1
122, 59, 1
93, 87, 1
263, 44, 1
65, 263, 1
201, 87, 1
360, 40, 1
40, 87, 1
83, 122, 1
59, 122, 1
258, 93, 1
83, 360, 1
347, 180, 1
347, 125, 1
360, 122, 1
122, 360, 1
258, 230, 1
1, 180, 1
1, 125, 1
93, 263, 1
122, 125, 1
65, 73, 1
65, 201, 1
65, 274, 1
201, 263, 1
347, 228, 1
65, 228, 1
65, 347, 1
1, 228, 1
59, 87, 1
125, 87, 1
180, 87, 1
258, 360, 1
65, 258, 1
347, 93, 1
83, 44, 1
65, 93, 1
40, 73, 1
93, 228, 1
360, 44, 1
347, 230, 1
201, 274, 1
1, 93, 1
347, 1, 1
201, 228, 1
201, 347, 1
1, 230, 1
228, 1, 1
65, 59, 1
44, 125, 1
59, 263, 1
263, 87, 1
125, 263, 1
122, 1, 1
360, 83, 1
122, 83, 1
201, 258, 1
125, 180, 1
1, 40, 1
122, 40, 1
228, 180, 1
228, 360, 1
59, 274, 1
228, 201, 1
125, 274, 1
83, 274, 1
347, 274, 1
125, 347, 1
230, 122, 1
93, 180, 1
201, 40, 1
258, 40, 1
125, 258, 1
125, 59, 1
44, 360, 1
125, 83, 1
230, 44, 1
44, 201, 1
230, 1, 1
274, 759, -1
180, 759, -1
40, 759, -1
73, 759, -1
87, 759, -1
44, 759, -1
759, 228, -1
125, 759, -1
83, 759, -1
59, 759, -1
347, 759, -1
360, 759, -1
228, 759, -1
65, 759, -1
759, 93, -1
1, 759, -1
122, 759, -1
759, 44, -1
759, 230, -1
230, 759, -1
263, 759, -1
93, 759, -1
759, 263, -1
201, 759, -1
258, 759, -1
759, 180, -1
759, 125, -1
759, 87, -1

319, 360, 1
319, 258, 1
319, 44, 1
319, 201, 1
319, 93, 1
319, 83, 1
319, 125, 1
319, 1, 1
319, 228, 1
319, 122, 1
319, 347, 1
319, 65, 1
319, 230, 1
319, 59, 1
319, 263, 1
319, 274, 1
319, 180, 1
319, 40, 1
319, 73, 1
319, 87, 1
24, 360, 1
24, 258, 1
24, 44, 1
24, 201, 1
24, 93, 1
24, 83, 1
24, 125, 1
24, 1, 1
24, 228, 1
24, 122, 1
24, 347, 1
24, 65, 1
24, 230, 1
24, 59, 1
24, 263, 1
24, 274, 1
24, 180, 1
24, 40, 1
24, 73, 1
24, 87, 1
24, 319, 1
17, 360, 1
17, 258, 1
17, 44, 1
17, 201, 1
17, 93, 1
17, 83, 1
17, 125, 1
17, 1, 1
17, 228, 1
17, 122, 1
17, 347, 1
17, 65, 1
17, 230, 1
17, 59, 1
17, 263, 1
17, 274, 1
17, 180, 1
17, 40, 1
17, 73, 1
17, 87, 1
17, 319, 1
17, 24, 1
210, 360, 1
210, 258, 1
210, 44, 1
210, 201, 1
210, 93, 1
210, 83, 1
210, 125, 1
210, 1, 1
210, 228, 1
210, 122, 1
210, 347, 1
210, 65, 1
210, 230, 1
210, 59, 1
210, 263, 1
210, 274, 1
210, 180, 1
210, 40, 1
210, 73, 1
210, 87, 1
210, 319, 1
210, 24, 1
210, 17, 1
147, 360, 1
147, 258, 1
147, 44, 1
147, 201, 1
147, 93, 1
147, 83, 1
147, 125, 1
147, 1, 1
147, 228, 1
147, 122, 1
147, 347, 1
147, 65, 1
147, 230, 1
147, 59, 1
147, 263, 1
147, 274, 1
147, 180, 1
147, 40, 1
147, 73, 1
147, 87, 1
147, 319, 1
147, 24, 1
147, 17, 1
147, 210, 1
347, 122, 1
347, 360, 1
1, 122, 1
65, 125, 1
1, 360, 1
180, 201, 1
40, 59, 1
180, 228, 1
258, 147, 1
73, 83, 1
180, 93, 1
201, 125, 1
274, 347, 1
40, 180, 1
83, 263, 1
228, 263, 1
274, 230, 1
263, 230, 1
201, 17, 1
122, 263, 1
40, 319, 1
59, 180, 1
73, 87, 1
17, 210, 1
274, 360, 1
360, 274, 1
201, 147, 1
258, 263, 1
59, 319, 1
44, 1, 1
83, 258, 1
125, 93, 1
228, 87, 1
122, 87, 1
274, 319, 1
263, 319, 1
73, 347, 1
44, 122, 1
65, 83, 1
40, 17, 1
258, 87, 1
40, 44, 1
360, 125, 1
347, 201, 1
347, 210, 1
73, 59, 1
1, 201, 1
1, 210, 1
201, 83, 1
40, 147, 1
122, 347, 1
59, 17, 1
59, 44, 1
73, 180, 1
65, 87, 1
83, 230, 1
228, 230, 1
83, 1, 1
122, 230, 1
258, 347, 1
59, 147, 1
122, 59, 1
274, 44, 1
263, 44, 1
201, 87, 1
73, 319, 1
83, 122, 1
83, 360, 1
122, 360, 1
258, 230, 1
65, 73, 1
40, 263, 1
65, 347, 1
274, 201, 1
73, 40, 1
125, 87, 1
258, 360, 1
228, 319, 1
122, 319, 1
201, 347, 1
65, 59, 1
44, 125, 1
59, 263, 1
360, 83, 1
40, 258, 1
258, 319, 1
73, 17, 1
44, 228, 1
201, 230, 1
73, 44, 1
65, 180, 1
201, 59, 1
24, 17, 1
44, 93, 1
73, 147, 1
93, 125, 1
59, 258, 1
201, 180, 1
65, 319, 1
360, 87, 1
24, 147, 1
228, 44, 1
122, 44, 1
201, 319, 1
65, 40, 1
180, 125, 1
210, 147, 1
258, 44, 1
83, 201, 1
360, 73, 1
40, 230, 1
83, 210, 1
59, 347, 1
360, 347, 1
73, 263, 1
201, 40, 1
125, 319, 1
40, 122, 1
40, 360, 1
65, 17, 1
59, 230, 1
258, 201, 1
65, 44, 1
87, 319, 1
360, 59, 1
65, 147, 1
274, 1, 1
73, 258, 1
59, 360, 1
201, 44, 1
360, 180, 1
347, 274, 1
44, 87, 1
274, 122, 1
1, 274, 1
360, 319, 1
122, 258, 1
93, 87, 1
65, 263, 1
360, 40, 1
347, 125, 1
1, 125, 1
73, 230, 1
73, 1, 1
201, 263, 1
347, 228, 1
1, 228, 1
180, 87, 1
360, 17, 1
73, 122, 1
65, 258, 1
73, 360, 1
347, 93, 1
360, 44, 1
40, 201, 1
1, 93, 1
40, 210, 1
228, 1, 1
125, 263, 1
122, 1, 1
360, 147, 1
201, 258, 1
87, 263, 1
59, 201, 1
228, 122, 1
59, 210, 1
44, 319, 1
258, 1, 1
274, 125, 1
263, 125, 1
274, 210, 1
274, 228, 1
263, 228, 1
258, 122, 1
180, 230, 1
65, 230, 1
65, 1, 1
274, 93, 1
263, 93, 1
93, 319, 1
347, 83, 1
360, 263, 1
1, 83, 1
65, 122, 1
65, 360, 1
201, 1, 1
83, 274, 1
180, 319, 1
201, 122, 1
201, 360, 1
347, 87, 1
360, 258, 1
1, 87, 1
125, 230, 1
125, 1, 1
73, 201, 1
40, 24, 1
73, 210, 1
87, 230, 1
24, 210, 1
125, 122, 1
274, 83, 1
83, 125, 1
228, 125, 1
40, 1, 1
122, 201, 1
83, 228, 1
1, 347, 1
122, 228, 1
258, 125, 1
44, 263, 1
83, 93, 1
180, 44, 1
228, 93, 1
122, 93, 1
59, 1, 1
347, 59, 1
274, 87, 1
360, 230, 1
360, 1, 1
258, 210, 1
258, 228, 1
1, 59, 1
59, 122, 1
258, 93, 1
347, 180, 1
360, 122, 1
1, 180, 1
93, 263, 1
73, 65, 1
65, 201, 1
65, 210, 1
65, 228, 1
347, 319, 1
1, 319, 1
65, 93, 1
201, 210, 1
73, 24, 1
40, 274, 1
201, 228, 1
180, 263, 1
17, 147, 1
274, 59, 1
122, 83, 1
201, 93, 1
1, 40, 1
59, 274, 1
274, 180, 1
258, 83, 1
44, 230, 1
83, 87, 1
40, 125, 1
1, 17, 1
347, 44, 1
1, 44, 1
40, 228, 1
347, 147, 1
1, 147, 1
93, 230, 1
59, 125, 1
93, 1, 1
230, 263, 1
40, 93, 1
360, 201, 1
360, 210, 1
65, 24, 1
59, 228, 1
83, 347, 1
360, 228, 1
93, 122, 1
59, 93, 1
360, 93, 1
180, 1, 1
83, 59, 1
73, 274, 1
230, 87, 1
347, 263, 1
1, 263, 1
180, 122, 1
180, 360, 1
83, 180, 1
274, 147, 1
122, 180, 1
258, 59, 1
40, 65, 1
122, 274, 1
40, 83, 1
83, 319, 1
347, 258, 1
258, 180, 1
1, 258, 1
73, 125, 1
258, 274, 1
360, 65, 1
59, 83, 1
73, 228, 1
40, 87, 1
274, 263, 1
73, 93, 1
122, 125, 1
360, 24, 1
65, 274, 1
59, 87, 1
83, 44, 1
40, 73, 1
347, 230, 1
201, 274, 1
274, 258, 1
347, 1, 1
230, 319, 1
1, 230, 1
263, 87, 1
40, 347, 1
83, 147, 1
122, 147, 1
125, 180, 1
122, 40, 1
228, 360, 1
228, 180, 1
274, 40, 1
228, 201, 1
125, 274, 1
44, 17, 1
125, 347, 1
180, 347, 1
1, 24, 1
125, 228, 1
230, 122, 1
93, 180, 1
258, 40, 1
180, 17, 1
125, 258, 1
125, 17, 1
83, 17, 1
347, 17, 1
228, 17, 1
230, 1, 1
122, 17, 1
125, 44, 1
201, 24, 1
93, 228, 1
125, 59, 1
230, 17, 1
274, 17, 1
180, 59, 1
93, 17, 1
44, 360, 1
125, 83, 1
180, 83, 1
125, 147, 1
180, 147, 1
230, 44, 1
44, 201, 1
93, 44, 1
258, 17, 1
180, 258, 1
180, 274, 1
319, 759, -1
24, 759, -1
17, 759, -1
210, 759, -1
147, 759, -1
44, 759, -1
759, 228, -1
125, 759, -1
180, 759, -1
83, 759, -1
59, 759, -1
347, 759, -1
360, 759, -1
65, 759, -1
228, 759, -1
759, 93, -1
1, 759, -1
759, 87, -1
122, 759, -1
759, 44, -1
759, 230, -1
87, 759, -1
230, 759, -1
274, 759, -1
263, 759, -1
93, 759, -1
759, 263, -1
759, 147, -1
201, 759, -1
73, 759, -1
258, 759, -1
40, 759, -1
759, 180, -1
759, 125, -1
759, 319, -1

272, 360, 1
272, 258, 1
272, 44, 1
272, 201, 1
272, 93, 1
272, 83, 1
272, 125, 1
272, 1, 1
272, 228, 1
272, 122, 1
272, 347, 1
272, 65, 1
272, 230, 1
272, 59, 1
272, 263, 1
272, 274, 1
272, 180, 1
272, 40, 1
272, 73, 1
272, 87, 1
272, 319, 1
272, 24, 1
272, 17, 1
272, 210, 1
272, 147, 1
372, 360, 1
372, 258, 1
372, 44, 1
372, 201, 1
372, 93, 1
372, 83, 1
372, 125, 1
372, 1, 1
372, 228, 1
372, 122, 1
372, 347, 1
372, 65, 1
372, 230, 1
372, 59, 1
372, 263, 1
372, 274, 1
372, 180, 1
372, 40, 1
372, 73, 1
372, 87, 1
372, 319, 1
372, 24, 1
372, 17, 1
372, 210, 1
372, 147, 1
372, 272, 1
141, 360, 1
141, 258, 1
141, 44, 1
141, 201, 1
141, 93, 1
141, 83, 1
141, 125, 1
141, 1, 1
141, 228, 1
141, 122, 1
141, 347, 1
141, 65, 1
141, 230, 1
141, 59, 1
141, 263, 1
141, 274, 1
141, 180, 1
141, 40, 1
141, 73, 1
141, 87, 1
141, 319, 1
141, 24, 1
141, 17, 1
141, 210, 1
141, 147, 1
141, 272, 1
141, 372, 1
214, 360, 1
214, 258, 1
214, 44, 1
214, 201, 1
214, 93, 1
214, 83, 1
214, 125, 1
214, 1, 1
214, 228, 1
214, 122, 1
214, 347, 1
214, 65, 1
214, 230, 1
214, 59, 1
214, 263, 1
214, 274, 1
214, 180, 1
214, 40, 1
214, 73, 1
214, 87, 1
214, 319, 1
214, 24, 1
214, 17, 1
214, 210, 1
214, 147, 1
214, 272, 1
214, 372, 1
214, 141, 1
130, 360, 1
130, 258, 1
130, 44, 1
130, 201, 1
130, 93, 1
130, 83, 1
130, 125, 1
130, 1, 1
130, 228, 1
130, 122, 1
130, 347, 1
130, 65, 1
130, 230, 1
130, 59, 1
130, 263, 1
130, 274, 1
130, 180, 1
130, 40, 1
130, 73, 1
130, 87, 1
130, 319, 1
130, 24, 1
130, 17, 1
130, 210, 1
130, 147, 1
130, 272, 1
130, 372, 1
130, 141, 1
130, 214, 1
347, 122, 1
347, 360, 1
1, 122, 1
65, 125, 1
1, 360, 1
210, 214, 1
125, 274, 1
65, 372, 1
93, 214, 1
40, 59, 1
180, 228, 1
258, 147, 1
73, 83, 1
125, 130, 1
180, 93, 1
24, 65, 1
201, 125, 1
274, 347, 1
40, 180, 1
201, 372, 1
24, 83, 1
17, 44, 1
147, 180, 1
83, 263, 1
180, 214, 1
228, 263, 1
274, 230, 1
263, 230, 1
201, 17, 1
122, 263, 1
40, 319, 1
59, 180, 1
73, 87, 1
210, 83, 1
125, 372, 1
17, 201, 1
17, 210, 1
274, 360, 1
360, 274, 1
24, 87, 1
201, 147, 1
125, 228, 1
258, 263, 1
59, 319, 1
83, 258, 1
360, 130, 1
372, 141, 1
125, 93, 1
228, 87, 1
122, 87, 1
263, 319, 1
274, 319, 1
73, 347, 1
83, 141, 1
44, 122, 1
24, 73, 1
147, 125, 1
65, 83, 1
40, 17, 1
258, 87, 1
40, 44, 1
360, 125, 1
360, 372, 1
73, 59, 1
1, 201, 1
1, 210, 1
201, 83, 1
40, 147, 1
122, 347, 1
24, 59, 1
59, 44, 1
73, 180, 1
65, 87, 1
83, 230, 1
228, 230, 1
122, 230, 1
258, 347, 1
125, 83, 1
59, 147, 1
24, 180, 1
122, 59, 1
17, 141, 1
274, 44, 1
210, 59, 1
73, 319, 1
201, 87, 1
83, 122, 1
83, 360, 1
122, 360, 1
258, 230, 1
65, 73, 1
24, 319, 1
319, 87, 1
210, 180, 1
40, 263, 1
65, 347, 1
40, 272, 1
73, 40, 1
125, 87, 1
210, 274, 1
258, 360, 1
228, 319, 1
122, 319, 1
147, 263, 1
24, 40, 1
17, 1, 1
201, 347, 1
65, 59, 1
44, 125, 1
59, 263, 1
360, 83, 1
40, 258, 1
258, 319, 1
73, 17, 1
44, 228, 1
17, 122, 1
201, 230, 1
73, 44, 1
65, 180, 1
210, 40, 1
201, 59, 1
180, 274, 1
24, 17, 1
125, 347, 1
44, 93, 1
40, 141, 1
147, 87, 1
210, 125, 1
24, 44, 1
73, 147, 1
93, 125, 1
180, 130, 1
59, 258, 1
93, 372, 1
201, 180, 1
65, 319, 1
360, 87, 1
24, 147, 1
44, 214, 1
125, 59, 1
228, 44, 1
210, 17, 1
122, 44, 1
201, 319, 1
65, 40, 1
125, 180, 1
180, 125, 1
274, 141, 1
210, 147, 1
180, 372, 1
258, 44, 1
360, 73, 1
40, 230, 1
17, 274, 1
59, 347, 1
360, 347, 1
73, 263, 1
201, 40, 1
17, 130, 1
125, 319, 1
147, 230, 1
40, 122, 1
40, 360, 1
65, 17, 1
24, 263, 1
59, 230, 1
24, 272, 1
65, 44, 1
87, 319, 1
360, 59, 1
147, 360, 1
65, 147, 1
73, 258, 1
59, 360, 1
17, 125, 1
201, 44, 1
210, 263, 1
17, 372, 1
360, 180, 1
347, 274, 1
44, 87, 1
24, 258, 1
274, 122, 1
147, 319, 1
17, 228, 1
73, 141, 1
1, 274, 1
360, 319, 1
1, 130, 1
17, 93, 1
24, 141, 1
125, 44, 1
122, 258, 1
210, 258, 1
214, 130, 1
210, 87, 1
180, 83, 1
125, 147, 1
93, 87, 1
228, 141, 1
17, 214, 1
65, 263, 1
122, 141, 1
360, 40, 1
347, 125, 1
24, 347, 1
347, 372, 1
1, 125, 1
73, 230, 1
73, 1, 1
1, 372, 1
201, 263, 1
258, 141, 1
347, 228, 1
24, 230, 1
1, 228, 1
147, 44, 1
180, 87, 1
360, 17, 1
73, 122, 1
65, 258, 1
73, 360, 1
210, 347, 1
319, 263, 1
347, 93, 1
274, 130, 1
360, 44, 1
40, 201, 1
1, 93, 1
40, 210, 1
125, 263, 1
24, 360, 1
17, 83, 1
65, 141, 1
210, 230, 1
360, 147, 1
347, 214, 1
201, 258, 1
1, 214, 1
87, 263, 1
228, 122, 1
44, 319, 1
180, 347, 1
201, 141, 1
274, 125, 1
210, 360, 1
274, 372, 1
93, 180, 1
125, 258, 1
17, 87, 1
274, 228, 1
258, 122, 1
180, 230, 1
180, 59, 1
65, 230, 1
210, 319, 1
65, 1, 1
125, 141, 1
274, 93, 1
93, 319, 1
347, 83, 1
360, 263, 1
360, 272, 1
1, 83, 1
65, 122, 1
65, 360, 1
274, 214, 1
372, 130, 1
201, 1, 1
83, 274, 1
319, 230, 1
180, 319, 1
201, 122, 1
201, 360, 1
347, 87, 1
360, 258, 1
1, 87, 1
125, 230, 1
147, 141, 1
73, 201, 1
17, 59, 1
40, 24, 1
73, 210, 1
59, 141, 1
360, 141, 1
87, 230, 1
210, 44, 1
258, 130, 1
24, 201, 1
93, 44, 1
24, 210, 1
125, 122, 1
272, 141, 1
17, 180, 1
274, 83, 1
83, 125, 1
228, 125, 1
83, 372, 1
228, 372, 1
122, 372, 1
40, 1, 1
83, 228, 1
1, 347, 1
122, 228, 1
17, 319, 1
258, 125, 1
44, 263, 1
83, 93, 1
180, 44, 1
258, 372, 1
228, 93, 1
372, 214, 1
122, 93, 1
360, 230, 1
274, 87, 1
347, 59, 1
360, 1, 1
258, 228, 1
1, 59, 1
180, 147, 1
147, 122, 1
17, 40, 1
83, 214, 1
228, 214, 1
122, 214, 1
59, 122, 1
258, 93, 1
347, 180, 1
360, 122, 1
1, 180, 1
93, 263, 1
73, 65, 1
65, 201, 1
65, 210, 1
65, 228, 1
258, 214, 1
141, 214, 1
347, 319, 1
44, 141, 1
1, 319, 1
65, 93, 1
201, 210, 1
73, 24, 1
40, 274, 1
201, 228, 1
180, 263, 1
17, 147, 1
274, 59, 1
122, 83, 1
40, 130, 1
65, 214, 1
201, 93, 1
1, 40, 1
210, 141, 1
93, 141, 1
59, 274, 1
274, 180, 1
258, 83, 1
201, 214, 1
44, 230, 1
180, 258, 1
24, 1, 1
83, 87, 1
40, 125, 1
1, 17, 1
272, 130, 1
347, 44, 1
40, 372, 1
1, 44, 1
180, 141, 1
17, 263, 1
125, 214, 1
40, 228, 1
24, 122, 1
347, 147, 1
147, 372, 1
1, 147, 1
210, 1, 1
93, 230, 1
59, 125, 1
230, 263, 1
59, 372, 1
40, 93, 1
147, 228, 1
360, 201, 1
360, 210, 1
65, 24, 1
83, 347, 1
272, 372, 1
59, 228, 1
210, 122, 1
360, 228, 1
147, 93, 1
93, 122, 1
40, 214, 1
17, 258, 1
59, 93, 1
360, 93, 1
147, 214, 1
83, 59, 1
73, 274, 1
230, 87, 1
347, 263, 1
59, 214, 1
360, 214, 1
1, 263, 1
73, 130, 1
24, 274, 1
180, 122, 1
180, 360, 1
83, 180, 1
228, 180, 1
274, 147, 1
272, 214, 1
122, 180, 1
258, 59, 1
24, 130, 1
40, 65, 1
17, 347, 1
40, 83, 1
122, 274, 1
83, 319, 1
347, 258, 1
258, 180, 1
122, 130, 1
1, 258, 1
73, 125, 1
73, 372, 1
17, 230, 1
210, 130, 1
258, 274, 1
360, 65, 1
59, 83, 1
347, 141, 1
24, 125, 1
73, 228, 1
24, 372, 1
1, 141, 1
141, 130, 1
40, 87, 1
17, 360, 1
274, 263, 1
73, 93, 1
24, 228, 1
122, 125, 1
360, 24, 1
65, 274, 1
24, 93, 1
210, 372, 1
73, 214, 1
210, 201, 1
59, 87, 1
65, 130, 1
210, 228, 1
83, 44, 1
40, 73, 1
93, 228, 1
347, 230, 1
24, 214, 1
201, 274, 1
274, 258, 1
230, 319, 1
1, 230, 1
263, 87, 1
40, 347, 1
210, 93, 1
83, 147, 1
201, 130, 1
122, 147, 1
122, 40, 1
59, 201, 1
180, 201, 1
59, 210, 1
319, 130, 1
258, 1, 1
263, 125, 1
1, 24, 1
230, 122, 1
59, 130, 1
274, 210, 1
347, 17, 1
263, 228, 1
319, 141, 1
201, 24, 1
87, 130, 1
93, 17, 1
44, 360, 1
263, 93, 1
319, 125, 1
230, 44, 1
17, 272, 1
147, 201, 1
93, 1, 1
263, 141, 1
263, 214, 1
274, 40, 1
83, 201, 1
228, 201, 1
83, 210, 1
44, 17, 1
147, 130, 1
319, 93, 1
73, 272, 1
180, 17, 1
83, 130, 1
228, 130, 1
44, 1, 1
258, 201, 1
125, 1, 1
319, 214, 1
180, 1, 1
274, 17, 1
274, 1, 1
1, 272, 1
87, 214, 1
347, 201, 1
347, 210, 1
147, 17, 1
122, 201, 1
59, 17, 1
347, 130, 1
125, 17, 1
147, 1, 1
230, 130, 1
83, 1, 1
59, 1, 1
258, 210, 1
263, 44, 1
44, 201, 1
65, 272, 1
228, 360, 1
230, 214, 1
44, 130, 1
17, 24, 1
201, 272, 1
274, 201, 1
258, 40, 1
83, 17, 1
228, 17, 1
122, 17, 1
263, 130, 1
230, 17, 1
347, 1, 1
228, 1, 1
93, 130, 1
122, 1, 1
230, 1, 1
258, 17, 1
230, 141, 1
272, 759, -1
372, 759, -1
141, 759, -1
214, 759, -1
130, 759, -1
44, 759, -1
319, 759, -1
24, 759, -1
147, 759, -1
125, 759, -1
180, 759, -1
83, 759, -1
59, 759, -1
347, 759, -1
17, 759, -1
360, 759, -1
65, 759, -1
228, 759, -1
1, 759, -1
122, 759, -1
87, 759, -1
230, 759, -1
263, 759, -1
274, 759, -1
210, 759, -1
93, 759, -1
201, 759, -1
73, 759, -1
258, 759, -1
40, 759, -1
759, 319, -1
759, 180, -1
759, 87, -1
759, 228, -1
759, 93, -1
759, 263, -1
759, 141, -1
759, 372, -1
759, 125, -1
759, 147, -1
759, 44, -1
759, 230, -1
759, 214, -1

110, 360, 1
110, 258, 1
110, 44, 1
110, 201, 1
110, 93, 1
110, 83, 1
110, 125, 1
110, 1, 1
110, 228, 1
110, 122, 1
110, 347, 1
110, 65, 1
110, 230, 1
110, 59, 1
110, 263, 1
110, 274, 1
110, 180, 1
110, 40, 1
110, 73, 1
110, 87, 1
110, 319, 1
110, 24, 1
110, 17, 1
110, 210, 1
110, 147, 1
110, 272, 1
110, 372, 1
110, 141, 1
110, 214, 1
110, 130, 1
171, 360, 1
171, 258, 1
171, 44, 1
171, 201, 1
171, 93, 1
171, 83, 1
171, 125, 1
171, 1, 1
171, 228, 1
171, 122, 1
171, 347, 1
171, 65, 1
171, 230, 1
171, 59, 1
171, 263, 1
171, 274, 1
171, 180, 1
171, 40, 1
171, 73, 1
171, 87, 1
171, 319, 1
171, 24, 1
171, 17, 1
171, 210, 1
171, 147, 1
171, 272, 1
171, 372, 1
171, 141, 1
171, 214, 1
171, 130, 1
171, 110, 1
30, 360, 1
30, 258, 1
30, 44, 1
30, 201, 1
30, 93, 1
30, 83, 1
30, 125, 1
30, 1, 1
30, 228, 1
30, 122, 1
30, 347, 1
30, 65, 1
30, 230, 1
30, 59, 1
30, 263, 1
30, 274, 1
30, 180, 1
30, 40, 1
30, 73, 1
30, 87, 1
30, 319, 1
30, 24, 1
30, 17, 1
30, 210, 1
30, 147, 1
30, 272, 1
30, 372, 1
30, 141, 1
30, 214, 1
30, 130, 1
30, 110, 1
30, 171, 1
45, 360, 1
45, 258, 1
45, 44, 1
45, 201, 1
45, 93, 1
45, 83, 1
45, 125, 1
45, 1, 1
45, 228, 1
45, 122, 1
45, 347, 1
45, 65, 1
45, 230, 1
45, 59, 1
45, 263, 1
45, 274, 1
45, 180, 1
45, 40, 1
45, 73, 1
45, 87, 1
45, 319, 1
45, 24, 1
45, 17, 1
45, 210, 1
45, 147, 1
45, 272, 1
45, 372, 1
45, 141, 1
45, 214, 1
45, 130, 1
45, 110, 1
45, 171, 1
45, 30, 1
236, 360, 1
236, 258, 1
236, 44, 1
236, 201, 1
236, 93, 1
236, 83, 1
236, 125, 1
236, 1, 1
236, 228, 1
236, 122, 1
236, 347, 1
236, 65, 1
236, 230, 1
236, 59, 1
236, 263, 1
236, 274, 1
236, 180, 1
236, 40, 1
236, 73, 1
236, 87, 1
236, 319, 1
236, 24, 1
236, 17, 1
236, 210, 1
236, 147, 1
236, 272, 1
236, 372, 1
236, 141, 1
236, 214, 1
236, 130, 1
236, 110, 1
236, 171, 1
236, 30, 1
236, 45, 1
158, 360, 1
158, 258, 1
158, 44, 1
158, 201, 1
158, 93, 1
158, 83, 1
158, 125, 1
158, 1, 1
158, 228, 1
158, 122, 1
158, 347, 1
158, 65, 1
158, 230, 1
158, 59, 1
158, 263, 1
158, 274, 1
158, 180, 1
158, 40, 1
158, 73, 1
158, 87, 1
158, 319, 1
158, 24, 1
158, 17, 1
158, 210, 1
158, 147, 1
158, 272, 1
158, 372, 1
158, 141, 1
158, 214, 1
158, 130, 1
158, 110, 1
158, 171, 1
158, 30, 1
158, 45, 1
158, 236, 1
214, 230, 1
347, 122, 1
147, 158, 1
1, 122, 1
65, 125, 1
210, 214, 1
73, 236, 1
65, 372, 1
83, 30, 1
93, 214, 1
40, 59, 1
125, 274, 1
180, 228, 1
272, 73, 1
360, 158, 1
258, 147, 1
73, 83, 1
130, 236, 1
125, 130, 1
24, 236, 1
272, 158, 1
73, 110, 1
180, 93, 1
40, 171, 1
201, 125, 1
24, 65, 1
274, 347, 1
130, 83, 1
40, 180, 1
372, 263, 1
201, 372, 1
372, 272, 1
24, 83, 1
17, 44, 1
130, 110, 1
228, 236, 1
147, 171, 1
122, 236, 1
40, 45, 1
147, 180, 1
83, 263, 1
180, 214, 1
228, 263, 1
272, 59, 1
274, 230, 1
263, 230, 1
201, 17, 1
122, 263, 1
59, 171, 1
40, 319, 1
59, 180, 1
73, 87, 1
228, 110, 1
210, 83, 1
147, 45, 1
122, 110, 1
125, 372, 1
17, 201, 1
17, 210, 1
272, 171, 1
258, 236, 1
372, 258, 1
272, 180, 1
130, 87, 1
59, 45, 1
360, 274, 1
24, 87, 1
201, 147, 1
125, 228, 1
258, 263, 1
141, 263, 1
59, 319, 1
272, 274, 1
230, 30, 1
272, 45, 1
83, 258, 1
360, 130, 1
258, 110, 1
372, 141, 1
141, 110, 1
125, 93, 1
228, 87, 1
122, 87, 1
171, 236, 1
274, 319, 1
263, 319, 1
65, 236, 1
73, 347, 1
83, 141, 1
24, 73, 1
147, 125, 1
65, 83, 1
44, 158, 1
214, 44, 1
130, 347, 1
40, 17, 1
65, 110, 1
258, 87, 1
141, 87, 1
272, 40, 1
40, 44, 1
360, 125, 1
201, 236, 1
360, 372, 1
347, 210, 1
73, 59, 1
1, 201, 1
272, 125, 1
1, 210, 1
201, 83, 1
40, 147, 1
372, 230, 1
372, 1, 1
122, 347, 1
130, 59, 1
201, 110, 1
59, 17, 1
24, 59, 1
73, 171, 1
210, 158, 1
59, 44, 1
73, 180, 1
214, 30, 1
93, 158, 1
65, 87, 1
125, 236, 1
272, 17, 1
83, 230, 1
228, 230, 1
40, 30, 1
130, 171, 1
122, 230, 1
372, 122, 1
130, 180, 1
372, 360, 1
24, 171, 1
258, 347, 1
24, 180, 1
125, 83, 1
59, 147, 1
122, 59, 1
73, 45, 1
17, 141, 1
274, 44, 1
125, 110, 1
210, 59, 1
201, 87, 1
73, 319, 1
130, 45, 1
83, 122, 1
272, 147, 1
24, 45, 1
258, 230, 1
59, 30, 1
130, 319, 1
65, 73, 1
141, 230, 1
180, 158, 1
24, 319, 1
210, 171, 1
319, 87, 1
210, 180, 1
40, 263, 1
65, 347, 1
40, 272, 1
274, 30, 1
263, 30, 1
125, 87, 1
147, 236, 1
210, 274, 1
40, 110, 1
210, 45, 1
228, 319, 1
122, 319, 1
147, 263, 1
24, 40, 1
17, 1, 1
360, 236, 1
201, 347, 1
65, 59, 1
44, 125, 1
147, 110, 1
59, 263, 1
360, 83, 1
272, 236, 1
180, 171, 1
59, 110, 1
40, 258, 1
258, 319, 1
73, 17, 1
360, 110, 1
272, 263, 1
141, 319, 1
44, 228, 1
17, 122, 1
201, 230, 1
65, 171, 1
73, 44, 1
65, 180, 1
201, 59, 1
214, 141, 1
272, 110, 1
180, 274, 1
17, 158, 1
24, 17, 1
125, 347, 1
44, 93, 1
130, 44, 1
171, 45, 1
40, 141, 1
147, 87, 1
210, 125, 1
24, 44, 1
65, 45, 1
73, 147, 1
93, 125, 1
180, 130, 1
59, 258, 1
93, 372, 1
201, 180, 1
65, 319, 1
360, 87, 1
130, 147, 1
24, 147, 1
272, 258, 1
44, 214, 1
125, 59, 1
228, 44, 1
73, 30, 1
122, 44, 1
272, 87, 1
201, 45, 1
372, 201, 1
130, 30, 1
372, 210, 1
201, 319, 1
24, 30, 1
125, 171, 1
125, 180, 1
180, 125, 1
274, 141, 1
180, 372, 1
210, 147, 1
258, 44, 1
360, 73, 1
40, 230, 1
141, 44, 1
83, 210, 1
17, 274, 1
347, 158, 1
125, 45, 1
228, 30, 1
59, 347, 1
122, 30, 1
360, 347, 1
1, 158, 1
73, 263, 1
44, 236, 1
17, 130, 1
125, 319, 1
147, 230, 1
272, 347, 1
40, 122, 1
40, 360, 1
65, 17, 1
130, 263, 1
214, 158, 1
24, 263, 1
59, 230, 1
24, 272, 1
65, 44, 1
87, 319, 1
258, 30, 1
360, 59, 1
141, 30, 1
24, 110, 1
272, 230, 1
65, 147, 1
210, 236, 1
73, 258, 1
93, 236, 1
17, 125, 1
360, 171, 1
201, 44, 1
210, 263, 1
360, 180, 1
17, 372, 1
130, 258, 1
272, 360, 1
171, 30, 1
347, 274, 1
44, 87, 1
210, 110, 1
24, 258, 1
65, 30, 1
274, 122, 1
147, 319, 1
17, 228, 1
1, 274, 1
73, 141, 1
93, 110, 1
360, 45, 1
372, 65, 1
347, 130, 1
130, 141, 1
360, 319, 1
1, 130, 1
17, 93, 1
24, 141, 1
125, 44, 1
122, 258, 1
180, 236, 1
201, 30, 1
272, 319, 1
210, 258, 1
210, 87, 1
180, 83, 1
125, 147, 1
110, 158, 1
93, 87, 1
228, 141, 1
17, 214, 1
372, 24, 1
65, 263, 1
122, 141, 1
180, 110, 1
319, 30, 1
360, 40, 1
347, 125, 1
24, 347, 1
347, 372, 1
1, 125, 1
125, 30, 1
73, 230, 1
73, 1, 1
1, 372, 1
201, 263, 1
258, 141, 1
347, 228, 1
130, 230, 1
214, 125, 1
87, 30, 1
1, 228, 1
147, 44, 1
24, 230, 1
180, 87, 1
360, 17, 1
73, 122, 1
65, 258, 1
110, 171, 1
210, 347, 1
319, 263, 1
347, 93, 1
274, 130, 1
360, 44, 1
40, 201, 1
17, 236, 1
1, 93, 1
40, 210, 1
130, 122, 1
24, 360, 1
125, 263, 1
17, 83, 1
272, 44, 1
65, 141, 1
210, 230, 1
214, 93, 1
360, 147, 1
347, 214, 1
201, 258, 1
372, 158, 1
1, 214, 1
147, 30, 1
44, 45, 1
87, 263, 1
59, 201, 1
59, 210, 1
44, 319, 1
83, 158, 1
360, 30, 1
180, 347, 1
274, 125, 1
201, 141, 1
272, 201, 1
274, 372, 1
93, 180, 1
272, 30, 1
125, 258, 1
274, 210, 1
45, 158, 1
17, 87, 1
274, 228, 1
258, 122, 1
180, 230, 1
93, 45, 1
180, 59, 1
347, 236, 1
65, 230, 1
210, 319, 1
65, 1, 1
1, 236, 1
125, 141, 1
274, 93, 1
93, 319, 1
347, 83, 1
360, 263, 1
372, 274, 1
1, 83, 1
360, 272, 1
347, 110, 1
1, 110, 1
65, 122, 1
274, 214, 1
372, 130, 1
201, 1, 1
83, 274, 1
180, 45, 1
319, 230, 1
83, 130, 1
180, 319, 1
201, 122, 1
360, 258, 1
347, 87, 1
1, 87, 1
125, 230, 1
147, 141, 1
73, 201, 1
17, 59, 1
40, 24, 1
73, 210, 1
372, 125, 1
59, 141, 1
214, 87, 1
360, 141, 1
87, 230, 1
210, 44, 1
258, 130, 1
44, 30, 1
24, 201, 1
93, 44, 1
24, 210, 1
17, 171, 1
125, 122, 1
17, 180, 1
272, 141, 1
372, 228, 1
274, 83, 1
83, 125, 1
228, 125, 1
83, 372, 1
228, 372, 1
122, 372, 1
40, 1, 1
110, 236, 1
17, 45, 1
372, 93, 1
83, 228, 1
272, 24, 1
1, 347, 1
122, 228, 1
17, 319, 1
210, 30, 1
258, 125, 1
93, 30, 1
44, 263, 1
130, 214, 1
180, 44, 1
258, 372, 1
83, 93, 1
228, 93, 1
372, 214, 1
122, 93, 1
59, 1, 1
360, 230, 1
274, 87, 1
347, 59, 1
360, 1, 1
40, 158, 1
44, 110, 1
258, 210, 1
258, 228, 1
1, 59, 1
180, 147, 1
272, 1, 1
83, 214, 1
228, 214, 1
122, 214, 1
347, 171, 1
59, 122, 1
258, 93, 1
347, 180, 1
360, 122, 1
1, 171, 1
1, 180, 1
180, 30, 1
93, 263, 1
59, 158, 1
73, 65, 1
65, 201, 1
272, 122, 1
65, 210, 1
347, 45, 1
65, 228, 1
258, 214, 1
1, 45, 1
372, 236, 1
141, 214, 1
347, 319, 1
274, 158, 1
44, 141, 1
372, 83, 1
1, 319, 1
65, 93, 1
214, 45, 1
201, 210, 1
83, 236, 1
372, 110, 1
40, 274, 1
201, 228, 1
236, 158, 1
214, 319, 1
180, 263, 1
17, 147, 1
274, 59, 1
122, 83, 1
45, 236, 1
40, 130, 1
65, 214, 1
83, 110, 1
201, 93, 1
210, 141, 1
93, 141, 1
59, 274, 1
17, 30, 1
274, 171, 1
372, 87, 1
274, 180, 1
258, 83, 1
201, 214, 1
59, 130, 1
44, 230, 1
180, 258, 1
24, 1, 1
83, 87, 1
274, 45, 1
40, 125, 1
1, 17, 1
272, 130, 1
347, 44, 1
40, 372, 1
1, 44, 1
73, 158, 1
180, 141, 1
17, 263, 1
125, 214, 1
372, 73, 1
24, 122, 1
40, 228, 1
347, 147, 1
147, 372, 1
110, 45, 1
130, 158, 1
1, 147, 1
17, 110, 1
93, 230, 1
59, 125, 1
24, 158, 1
372, 347, 1
230, 263, 1
59, 372, 1
40, 93, 1
147, 228, 1
360, 201, 1
347, 30, 1
360, 210, 1
83, 347, 1
59, 228, 1
1, 30, 1
272, 372, 1
210, 122, 1
360, 228, 1
228, 158, 1
147, 93, 1
122, 158, 1
372, 59, 1
272, 210, 1
40, 214, 1
17, 258, 1
272, 228, 1
59, 93, 1
360, 93, 1
83, 59, 1
147, 214, 1
372, 171, 1
73, 274, 1
272, 93, 1
258, 158, 1
230, 87, 1
372, 180, 1
141, 158, 1
347, 263, 1
59, 214, 1
360, 214, 1
130, 274, 1
1, 263, 1
73, 130, 1
24, 274, 1
83, 171, 1
372, 45, 1
180, 122, 1
83, 180, 1
228, 180, 1
274, 147, 1
122, 171, 1
272, 214, 1
122, 180, 1
214, 263, 1
258, 59, 1
40, 236, 1
372, 319, 1
24, 130, 1
171, 158, 1
40, 65, 1
83, 45, 1
65, 158, 1
17, 347, 1
228, 45, 1
214, 110, 1
40, 83, 1
122, 274, 1
122, 45, 1
83, 319, 1
258, 171, 1
347, 258, 1
258, 180, 1
122, 130, 1
1, 258, 1
73, 125, 1
59, 236, 1
73, 372, 1
17, 230, 1
372, 40, 1
210, 130, 1
201, 158, 1
258, 274, 1
360, 65, 1
130, 125, 1
258, 45, 1
59, 83, 1
110, 30, 1
347, 141, 1
130, 372, 1
24, 125, 1
73, 228, 1
24, 372, 1
1, 141, 1
272, 65, 1
274, 236, 1
272, 83, 1
40, 87, 1
130, 228, 1
274, 263, 1
73, 93, 1
24, 228, 1
122, 125, 1
372, 17, 1
125, 158, 1
274, 110, 1
360, 24, 1
30, 158, 1
130, 93, 1
65, 274, 1
372, 44, 1
24, 93, 1
210, 372, 1
201, 171, 1
73, 214, 1
59, 87, 1
65, 130, 1
210, 228, 1
372, 147, 1
83, 44, 1
40, 73, 1
93, 228, 1
347, 230, 1
274, 258, 1
24, 214, 1
201, 274, 1
230, 319, 1
1, 230, 1
263, 87, 1
40, 347, 1
210, 93, 1
83, 147, 1
201, 130, 1
372, 30, 1
122, 147, 1
141, 17, 1
1, 40, 1
122, 40, 1
347, 360, 1
228, 122, 1
180, 201, 1
1, 360, 1
210, 40, 1
319, 130, 1
130, 17, 1
258, 1, 1
141, 1, 1
263, 125, 1
210, 360, 1
1, 24, 1
230, 122, 1
347, 17, 1
263, 45, 1
263, 228, 1
319, 141, 1
201, 24, 1
141, 122, 1
87, 130, 1
210, 17, 1
93, 17, 1
44, 360, 1
263, 93, 1
214, 17, 1
319, 125, 1
230, 44, 1
17, 272, 1
210, 1, 1
147, 201, 1
65, 40, 1
93, 1, 1
319, 45, 1
214, 1, 1
263, 141, 1
65, 360, 1
263, 214, 1
274, 40, 1
83, 201, 1
228, 201, 1
44, 17, 1
230, 110, 1
274, 360, 1
147, 130, 1
65, 24, 1
319, 93, 1
93, 122, 1
73, 272, 1
214, 122, 1
180, 17, 1
201, 40, 1
228, 130, 1
44, 1, 1
230, 158, 1
201, 360, 1
44, 147, 1
258, 201, 1
125, 1, 1
319, 214, 1
180, 1, 1
274, 17, 1
44, 122, 1
147, 360, 1
130, 201, 1
274, 1, 1
1, 272, 1
59, 360, 1
180, 360, 1
228, 171, 1
87, 214, 1
347, 201, 1
147, 17, 1
122, 201, 1
125, 17, 1
147, 1, 1
83, 1, 1
230, 130, 1
214, 130, 1
147, 122, 1
263, 44, 1
44, 201, 1
17, 40, 1
263, 236, 1
65, 272, 1
319, 158, 1
141, 130, 1
17, 360, 1
83, 360, 1
228, 360, 1
230, 214, 1
122, 360, 1
44, 130, 1
17, 24, 1
87, 110, 1
263, 110, 1
93, 171, 1
201, 272, 1
274, 201, 1
130, 1, 1
258, 40, 1
73, 40, 1
210, 201, 1
87, 158, 1
83, 17, 1
228, 17, 1
258, 360, 1
263, 158, 1
122, 17, 1
73, 360, 1
263, 130, 1
130, 40, 1
230, 17, 1
73, 24, 1
347, 1, 1
44, 171, 1
319, 110, 1
228, 1, 1
93, 130, 1
130, 360, 1
122, 1, 1
228, 147, 1
230, 1, 1
258, 17, 1
230, 141, 1
110, 759, -1
171, 759, -1
30, 759, -1
45, 759, -1
236, 759, -1
158, 759, -1
44, 759, -1
319, 759, -1
24, 759, -1
147, 759, -1
125, 759, -1
180, 759, -1
83, 759, -1
59, 759, -1
347, 759, -1
17, 759, -1
360, 759, -1
65, 759, -1
228, 759, -1
1, 759, -1
122, 759, -1
87, 759, -1
272, 759, -1
230, 759, -1
274, 759, -1
263, 759, -1
210, 759, -1
93, 759, -1
214, 759, -1
201, 759, -1
73, 759, -1
258, 759, -1
40, 759, -1
141, 759, -1
130, 759, -1
372, 759, -1
759, 30, -1
759, 45, -1
759, 158, -1
759, 228, -1
759, 319, -1
759, 87, -1
759, 93, -1
759, 44, -1
759, 230, -1
759, 236, -1
759, 263, -1
759, 141, -1
759, 147, -1
759, 214, -1
759, 171, -1
759, 110, -1
759, 180, -1
759, 372, -1
759, 125, -1

116, 360, 1
116, 258, 1
116, 44, 1
116, 201, 1
116, 93, 1
116, 83, 1
116, 125, 1
116, 1, 1
116, 228, 1
116, 122, 1
116, 347, 1
116, 65, 1
116, 230, 1
116, 59, 1
116, 263, 1
116, 274, 1
116, 180, 1
116, 40, 1
116, 73, 1
116, 87, 1
116, 319, 1
116, 24, 1
116, 17, 1
116, 210, 1
116, 147, 1
116, 272, 1
116, 372, 1
116, 141, 1
116, 214, 1
116, 130, 1
116, 110, 1
116, 171, 1
116, 30, 1
116, 45, 1
116, 236, 1
116, 158, 1
225, 360, 1
225, 258, 1
225, 44, 1
225, 201, 1
225, 93, 1
225, 83, 1
225, 125, 1
225, 1, 1
225, 228, 1
225, 122, 1
225, 347, 1
225, 65, 1
225, 230, 1
225, 59, 1
225, 263, 1
225, 274, 1
225, 180, 1
225, 40, 1
225, 73, 1
225, 87, 1
225, 319, 1
225, 24, 1
225, 17, 1
225, 210, 1
225, 147, 1
225, 272, 1
225, 372, 1
225, 141, 1
225, 214, 1
225, 130, 1
225, 110, 1
225, 171, 1
225, 30, 1
225, 45, 1
225, 236, 1
225, 158, 1
225, 116, 1
317, 360, 1
317, 258, 1
317, 44, 1
317, 201, 1
317, 93, 1
317, 83, 1
317, 125, 1
317, 1, 1
317, 228, 1
317, 122, 1
317, 347, 1
317, 65, 1
317, 230, 1
317, 59, 1
317, 263, 1
317, 274, 1
317, 180, 1
317, 40, 1
317, 73, 1
317, 87, 1
317, 319, 1
317, 24, 1
317, 17, 1
317, 210, 1
317, 147, 1
317, 272, 1
317, 372, 1
317, 141, 1
317, 214, 1
317, 130, 1
317, 110, 1
317, 171, 1
317, 30, 1
317, 45, 1
317, 236, 1
317, 158, 1
317, 116, 1
317, 225, 1
267, 360, 1
267, 258, 1
267, 44, 1
267, 201, 1
267, 93, 1
267, 83, 1
267, 125, 1
267, 1, 1
267, 228, 1
267, 122, 1
267, 347, 1
267, 65, 1
267, 230, 1
267, 59, 1
267, 263, 1
267, 274, 1
267, 180, 1
267, 40, 1
267, 73, 1
267, 87, 1
267, 319, 1
267, 24, 1
267, 17, 1
267, 210, 1
267, 147, 1
267, 272, 1
267, 372, 1
267, 141, 1
267, 214, 1
267, 130, 1
267, 110, 1
267, 171, 1
267, 30, 1
267, 45, 1
267, 236, 1
267, 158, 1
267, 116, 1
267, 225, 1
267, 317, 1
178, 360, 1
178, 258, 1
178, 44, 1
178, 201, 1
178, 93, 1
178, 83, 1
178, 125, 1
178, 1, 1
178, 228, 1
178, 122, 1
178, 347, 1
178, 65, 1
178, 230, 1
178, 59, 1
178, 263, 1
178, 274, 1
178, 180, 1
178, 40, 1
178, 73, 1
178, 87, 1
178, 319, 1
178, 24, 1
178, 17, 1
178, 210, 1
178, 147, 1
178, 272, 1
178, 372, 1
178, 141, 1
178, 214, 1
178, 130, 1
178, 110, 1
178, 171, 1
178, 30, 1
178, 45, 1
178, 236, 1
178, 158, 1
178, 116, 1
178, 225, 1
178, 317, 1
178, 267, 1
214, 230, 1
141, 17, 1
236, 87, 1
347, 122, 1
171, 116, 1
147, 158, 1
171, 125, 1
65, 116, 1
45, 147, 1
1, 122, 1
65, 125, 1
180, 201, 1
210, 214, 1
319, 130, 1
73, 236, 1
65, 372, 1
125, 274, 1
93, 214, 1
40, 59, 1
83, 30, 1
180, 228, 1
272, 73, 1
360, 158, 1
258, 147, 1
73, 83, 1
130, 236, 1
1, 225, 1
125, 130, 1
110, 141, 1
210, 317, 1
24, 236, 1
45, 30, 1
171, 17, 1
30, 130, 1
272, 158, 1
93, 317, 1
73, 110, 1
201, 116, 1
180, 93, 1
40, 171, 1
201, 125, 1
24, 65, 1
274, 347, 1
40, 180, 1
372, 263, 1
130, 83, 1
201, 372, 1
372, 272, 1
24, 83, 1
17, 44, 1
87, 130, 1
130, 110, 1
228, 236, 1
147, 171, 1
40, 45, 1
122, 236, 1
147, 180, 1
171, 147, 1
83, 263, 1
180, 214, 1
228, 263, 1
274, 230, 1
272, 59, 1
201, 17, 1
122, 263, 1
59, 171, 1
40, 319, 1
125, 116, 1
59, 180, 1
73, 87, 1
228, 110, 1
210, 83, 1
147, 45, 1
45, 263, 1
122, 110, 1
125, 372, 1
180, 317, 1
236, 230, 1
17, 201, 1
17, 210, 1
272, 171, 1
372, 258, 1
258, 236, 1
272, 180, 1
130, 87, 1
372, 267, 1
59, 45, 1
45, 110, 1
360, 274, 1
201, 147, 1
24, 87, 1
125, 228, 1
147, 130, 1
258, 263, 1
110, 1, 1
141, 263, 1
59, 319, 1
272, 274, 1
230, 30, 1
272, 45, 1
83, 258, 1
360, 130, 1
258, 110, 1
44, 1, 1
83, 267, 1
372, 141, 1
141, 110, 1
125, 93, 1
228, 87, 1
110, 122, 1
122, 87, 1
171, 236, 1
17, 178, 1
274, 319, 1
263, 319, 1
65, 236, 1
45, 267, 1
73, 347, 1
83, 141, 1
44, 122, 1
24, 73, 1
147, 125, 1
65, 83, 1
44, 158, 1
214, 44, 1
171, 110, 1
130, 347, 1
40, 17, 1
236, 319, 1
258, 87, 1
65, 110, 1
45, 141, 1
360, 116, 1
141, 87, 1
272, 40, 1
40, 44, 1
360, 125, 1
17, 317, 1
201, 236, 1
360, 372, 1
347, 201, 1
347, 210, 1
73, 59, 1
1, 201, 1
147, 17, 1
272, 125, 1
1, 210, 1
201, 83, 1
40, 147, 1
372, 230, 1
372, 1, 1
130, 59, 1
122, 347, 1
201, 110, 1
59, 17, 1
158, 130, 1
24, 59, 1
73, 171, 1
210, 158, 1
171, 87, 1
59, 44, 1
73, 180, 1
214, 30, 1
93, 158, 1
65, 87, 1
125, 236, 1
272, 17, 1
83, 230, 1
228, 230, 1
83, 1, 1
40, 30, 1
130, 171, 1
347, 178, 1
122, 230, 1
372, 122, 1
130, 180, 1
372, 360, 1
24, 171, 1
258, 347, 1
73, 45, 1
24, 180, 1
59, 147, 1
122, 59, 1
17, 141, 1
1, 178, 1
125, 83, 1
274, 44, 1
45, 230, 1
125, 110, 1
210, 59, 1
201, 87, 1
73, 319, 1
130, 45, 1
372, 225, 1
83, 122, 1
272, 147, 1
24, 45, 1
236, 44, 1
258, 230, 1
347, 317, 1
59, 30, 1
44, 130, 1
130, 319, 1
141, 230, 1
65, 73, 1
180, 158, 1
24, 319, 1
210, 171, 1
1, 317, 1
319, 87, 1
210, 180, 1
45, 122, 1
93, 171, 1
171, 347, 1
40, 263, 1
65, 347, 1
274, 201, 1
40, 272, 1
158, 17, 1
73, 40, 1
274, 30, 1
125, 87, 1
210, 274, 1
147, 236, 1
40, 110, 1
210, 45, 1
30, 87, 1
228, 319, 1
116, 267, 1
122, 319, 1
147, 263, 1
171, 230, 1
24, 40, 1
236, 30, 1
360, 236, 1
17, 1, 1
171, 59, 1
201, 347, 1
93, 130, 1
65, 59, 1
44, 125, 1
59, 263, 1
147, 110, 1
272, 236, 1
360, 83, 1
274, 178, 1
180, 171, 1
59, 110, 1
40, 258, 1
258, 319, 1
73, 17, 1
272, 263, 1
40, 267, 1
360, 110, 1
141, 319, 1
44, 228, 1
171, 180, 1
201, 230, 1
65, 171, 1
17, 122, 1
73, 44, 1
65, 180, 1
225, 178, 1
201, 59, 1
272, 110, 1
214, 141, 1
180, 274, 1
130, 17, 1
17, 158, 1
24, 17, 1
125, 347, 1
44, 93, 1
130, 44, 1
171, 45, 1
40, 141, 1
274, 317, 1
210, 125, 1
147, 87, 1
24, 44, 1
65, 45, 1
73, 147, 1
93, 116, 1
93, 125, 1
180, 130, 1
59, 258, 1
93, 372, 1
59, 267, 1
110, 214, 1
171, 319, 1
201, 180, 1
65, 319, 1
360, 87, 1
130, 147, 1
236, 317, 1
24, 147, 1
272, 258, 1
44, 214, 1
125, 59, 1
228, 44, 1
73, 30, 1
210, 17, 1
122, 44, 1
272, 87, 1
201, 45, 1
93, 17, 1
372, 201, 1
130, 30, 1
372, 210, 1
201, 319, 1
158, 110, 1
24, 30, 1
125, 171, 1
180, 116, 1
65, 40, 1
125, 180, 1
225, 267, 1
180, 125, 1
214, 1, 1
274, 141, 1
210, 147, 1
180, 372, 1
258, 44, 1
83, 201, 1
360, 73, 1
40, 230, 1
141, 44, 1
83, 210, 1
17, 274, 1
347, 158, 1
125, 45, 1
228, 30, 1
59, 347, 1
116, 225, 1
236, 141, 1
122, 30, 1
360, 347, 1
1, 158, 1
73, 263, 1
73, 272, 1
214, 122, 1
17, 130, 1
180, 17, 1
372, 178, 1
125, 319, 1
147, 230, 1
44, 236, 1
158, 87, 1
30, 319, 1
272, 347, 1
40, 122, 1
130, 263, 1
214, 158, 1
40, 360, 1
65, 17, 1
24, 263, 1
59, 230, 1
171, 44, 1
258, 201, 1
24, 272, 1
65, 44, 1
87, 319, 1
83, 178, 1
258, 30, 1
360, 59, 1
141, 30, 1
24, 110, 1
40, 225, 1
272, 230, 1
372, 317, 1
65, 147, 1
274, 1, 1
210, 236, 1
73, 258, 1
17, 116, 1
93, 236, 1
73, 267, 1
17, 125, 1
360, 171, 1
201, 44, 1
210, 263, 1
360, 180, 1
17, 372, 1
83, 317, 1
228, 317, 1
258, 178, 1
130, 258, 1
236, 1, 1
171, 30, 1
130, 267, 1
347, 274, 1
44, 87, 1
210, 110, 1
24, 258, 1
272, 360, 1
65, 30, 1
24, 267, 1
59, 225, 1
274, 122, 1
93, 110, 1
17, 228, 1
1, 274, 1
73, 141, 1
147, 319, 1
360, 45, 1
45, 317, 1
372, 65, 1
347, 130, 1
125, 17, 1
272, 225, 1
130, 141, 1
360, 319, 1
1, 130, 1
236, 122, 1
17, 93, 1
125, 44, 1
24, 141, 1
258, 317, 1
122, 258, 1
122, 267, 1
180, 236, 1
201, 30, 1
272, 319, 1
210, 258, 1
214, 130, 1
210, 87, 1
180, 83, 1
125, 147, 1
110, 158, 1
93, 87, 1
171, 263, 1
228, 141, 1
17, 214, 1
372, 24, 1
65, 263, 1
122, 141, 1
180, 110, 1
65, 272, 1
360, 40, 1
347, 116, 1
258, 267, 1
347, 125, 1
24, 347, 1
201, 178, 1
347, 372, 1
1, 116, 1
1, 125, 1
125, 30, 1
73, 230, 1
73, 1, 1
1, 372, 1
201, 263, 1
258, 141, 1
347, 228, 1
130, 230, 1
130, 1, 1
1, 228, 1
24, 230, 1
147, 44, 1
158, 319, 1
180, 87, 1
360, 17, 1
73, 122, 1
65, 258, 1
73, 360, 1
210, 347, 1
171, 267, 1
319, 263, 1
347, 93, 1
65, 267, 1
274, 130, 1
263, 130, 1
360, 44, 1
40, 201, 1
17, 236, 1
1, 93, 1
40, 210, 1
116, 178, 1
44, 171, 1
130, 122, 1
228, 1, 1
125, 263, 1
73, 225, 1
171, 141, 1
272, 44, 1
24, 360, 1
17, 83, 1
122, 1, 1
30, 263, 1
65, 141, 1
236, 130, 1
210, 230, 1
360, 147, 1
347, 214, 1
201, 258, 1
372, 158, 1
201, 267, 1
45, 1, 1
44, 45, 1
1, 214, 1
147, 30, 1
110, 130, 1
87, 263, 1
24, 225, 1
228, 122, 1
59, 201, 1
116, 317, 1
59, 210, 1
44, 319, 1
258, 1, 1
40, 178, 1
274, 116, 1
83, 158, 1
360, 30, 1
180, 347, 1
201, 141, 1
274, 125, 1
141, 1, 1
272, 201, 1
274, 372, 1
93, 180, 1
272, 30, 1
125, 258, 1
274, 210, 1
125, 267, 1
45, 158, 1
17, 87, 1
236, 116, 1
210, 225, 1
274, 228, 1
258, 122, 1
158, 44, 1
236, 372, 1
180, 230, 1
141, 122, 1
93, 45, 1
40, 317, 1
59, 178, 1
180, 59, 1
347, 236, 1
171, 1, 1
65, 230, 1
210, 319, 1
65, 1, 1
125, 141, 1
1, 236, 1
274, 93, 1
236, 228, 1
93, 319, 1
347, 83, 1
272, 178, 1
360, 263, 1
372, 274, 1
360, 272, 1
1, 83, 1
347, 110, 1
236, 93, 1
110, 17, 1
171, 122, 1
1, 110, 1
59, 317, 1
65, 122, 1
65, 360, 1
274, 214, 1
372, 130, 1
201, 1, 1
158, 30, 1
44, 17, 1
83, 274, 1
180, 45, 1
272, 317, 1
65, 225, 1
236, 214, 1
83, 130, 1
180, 319, 1
228, 130, 1
201, 122, 1
347, 87, 1
360, 258, 1
360, 267, 1
1, 87, 1
125, 230, 1
147, 141, 1
225, 317, 1
125, 1, 1
73, 201, 1
45, 130, 1
30, 230, 1
17, 59, 1
40, 24, 1
73, 210, 1
272, 267, 1
372, 116, 1
201, 225, 1
372, 125, 1
59, 141, 1
158, 263, 1
214, 87, 1
360, 141, 1
130, 201, 1
210, 44, 1
258, 130, 1
24, 201, 1
44, 30, 1
93, 44, 1
24, 210, 1
17, 171, 1
125, 122, 1
83, 116, 1
17, 180, 1
272, 141, 1
372, 228, 1
274, 83, 1
83, 125, 1
228, 116, 1
228, 125, 1
122, 116, 1
83, 372, 1
228, 372, 1
122, 372, 1
73, 178, 1
40, 1, 1
45, 116, 1
17, 45, 1
122, 201, 1
372, 93, 1
45, 125, 1
83, 228, 1
272, 24, 1
45, 372, 1
1, 347, 1
122, 228, 1
17, 319, 1
24, 178, 1
210, 30, 1
258, 116, 1
147, 1, 1
258, 125, 1
93, 30, 1
44, 263, 1
83, 93, 1
180, 44, 1
130, 214, 1
228, 93, 1
258, 372, 1
45, 228, 1
372, 214, 1
73, 317, 1
122, 93, 1
230, 130, 1
59, 1, 1
347, 59, 1
274, 87, 1
360, 230, 1
44, 110, 1
40, 158, 1
360, 1, 1
258, 210, 1
158, 141, 1
258, 228, 1
1, 59, 1
45, 93, 1
130, 317, 1
180, 147, 1
147, 122, 1
24, 317, 1
272, 1, 1
83, 214, 1
228, 214, 1
210, 178, 1
122, 214, 1
347, 171, 1
59, 122, 1
258, 93, 1
347, 180, 1
171, 372, 1
360, 122, 1
1, 171, 1
110, 87, 1
267, 178, 1
1, 180, 1
45, 214, 1
180, 30, 1
93, 263, 1
59, 158, 1
171, 201, 1
73, 65, 1
65, 201, 1
272, 122, 1
122, 317, 1
65, 210, 1
171, 228, 1
347, 45, 1
65, 228, 1
360, 225, 1
372, 236, 1
1, 45, 1
258, 214, 1
141, 214, 1
347, 319, 1
274, 158, 1
44, 141, 1
171, 93, 1
372, 83, 1
1, 319, 1
65, 93, 1
158, 230, 1
201, 210, 1
83, 236, 1
372, 110, 1
158, 1, 1
73, 24, 1
40, 274, 1
201, 228, 1
236, 158, 1
65, 178, 1
214, 319, 1
210, 267, 1
180, 263, 1
17, 147, 1
171, 214, 1
274, 59, 1
45, 236, 1
122, 83, 1
40, 130, 1
65, 214, 1
83, 110, 1
201, 93, 1
158, 122, 1
210, 141, 1
45, 83, 1
93, 141, 1
171, 317, 1
59, 274, 1
17, 30, 1
65, 317, 1
274, 171, 1
110, 230, 1
372, 87, 1
274, 180, 1
258, 83, 1
201, 214, 1
59, 130, 1
44, 230, 1
180, 258, 1
236, 171, 1
180, 267, 1
274, 45, 1
83, 87, 1
24, 1, 1
40, 116, 1
347, 17, 1
236, 180, 1
40, 125, 1
1, 17, 1
201, 317, 1
272, 130, 1
347, 44, 1
40, 372, 1
1, 44, 1
236, 45, 1
45, 87, 1
73, 158, 1
180, 141, 1
147, 116, 1
214, 17, 1
171, 83, 1
372, 73, 1
125, 214, 1
40, 228, 1
17, 263, 1
24, 122, 1
347, 147, 1
147, 372, 1
130, 158, 1
1, 147, 1
59, 116, 1
210, 1, 1
147, 201, 1
372, 347, 1
93, 230, 1
59, 125, 1
24, 158, 1
17, 110, 1
93, 1, 1
230, 263, 1
59, 372, 1
110, 319, 1
40, 93, 1
125, 317, 1
147, 228, 1
272, 116, 1
360, 201, 1
347, 30, 1
317, 267, 1
360, 210, 1
65, 24, 1
59, 228, 1
272, 372, 1
1, 30, 1
83, 347, 1
210, 122, 1
360, 228, 1
228, 158, 1
147, 93, 1
93, 122, 1
122, 158, 1
272, 210, 1
372, 59, 1
40, 214, 1
17, 258, 1
272, 228, 1
17, 267, 1
59, 93, 1
45, 347, 1
360, 93, 1
236, 125, 1
180, 1, 1
274, 17, 1
147, 214, 1
83, 59, 1
372, 171, 1
73, 274, 1
272, 93, 1
372, 180, 1
230, 87, 1
258, 158, 1
360, 178, 1
141, 158, 1
347, 263, 1
59, 214, 1
360, 214, 1
130, 274, 1
73, 130, 1
1, 263, 1
45, 59, 1
147, 317, 1
236, 17, 1
24, 274, 1
83, 171, 1
372, 45, 1
180, 122, 1
228, 171, 1
83, 180, 1
228, 180, 1
274, 147, 1
122, 171, 1
272, 214, 1
122, 180, 1
214, 263, 1
258, 59, 1
40, 236, 1
372, 319, 1
24, 130, 1
360, 317, 1
110, 44, 1
45, 171, 1
171, 158, 1
40, 65, 1
83, 45, 1
45, 180, 1
228, 45, 1
17, 347, 1
214, 110, 1
65, 158, 1
40, 83, 1
122, 274, 1
122, 45, 1
83, 319, 1
258, 171, 1
347, 258, 1
258, 180, 1
347, 267, 1
73, 116, 1
122, 130, 1
73, 125, 1
1, 258, 1
1, 267, 1
59, 236, 1
73, 372, 1
17, 230, 1
372, 40, 1
210, 130, 1
201, 158, 1
45, 319, 1
130, 116, 1
258, 274, 1
258, 45, 1
130, 125, 1
360, 65, 1
24, 116, 1
59, 83, 1
110, 30, 1
347, 141, 1
24, 125, 1
130, 372, 1
73, 228, 1
158, 214, 1
24, 372, 1
1, 141, 1
274, 236, 1
272, 65, 1
141, 130, 1
272, 83, 1
40, 87, 1
130, 228, 1
274, 263, 1
73, 93, 1
24, 228, 1
122, 125, 1
372, 17, 1
125, 158, 1
274, 110, 1
360, 24, 1
210, 116, 1
17, 225, 1
130, 93, 1
65, 274, 1
236, 263, 1
372, 44, 1
24, 93, 1
210, 372, 1
201, 171, 1
73, 214, 1
210, 201, 1
110, 263, 1
171, 130, 1
59, 87, 1
236, 110, 1
83, 17, 1
65, 130, 1
228, 17, 1
210, 228, 1
122, 17, 1
372, 147, 1
83, 44, 1
40, 73, 1
93, 228, 1
347, 230, 1
201, 274, 1
274, 258, 1
24, 214, 1
347, 1, 1
274, 267, 1
230, 319, 1
45, 17, 1
1, 230, 1
263, 87, 1
40, 347, 1
210, 93, 1
45, 44, 1
44, 317, 1
83, 147, 1
201, 130, 1
372, 30, 1
122, 147, 1
258, 17, 1
130, 225, 1
1, 40, 1
30, 110, 1
122, 40, 1
347, 360, 1
110, 258, 1
110, 267, 1
110, 93, 1
1, 360, 1
210, 40, 1
263, 125, 1
210, 360, 1
1, 24, 1
230, 122, 1
347, 225, 1
110, 59, 1
263, 317, 1
263, 45, 1
263, 228, 1
319, 141, 1
201, 24, 1
110, 116, 1
158, 236, 1
110, 180, 1
110, 125, 1
110, 317, 1
44, 360, 1
263, 93, 1
319, 125, 1
158, 83, 1
158, 147, 1
230, 44, 1
17, 272, 1
319, 317, 1
263, 230, 1
110, 45, 1
44, 225, 1
319, 45, 1
171, 360, 1
263, 141, 1
263, 214, 1
274, 40, 1
228, 201, 1
230, 110, 1
274, 360, 1
171, 225, 1
319, 93, 1
201, 40, 1
319, 230, 1
110, 147, 1
230, 158, 1
236, 360, 1
274, 225, 1
201, 360, 1
44, 147, 1
93, 225, 1
319, 214, 1
236, 225, 1
147, 360, 1
87, 230, 1
158, 171, 1
30, 214, 1
1, 272, 1
59, 360, 1
180, 360, 1
30, 122, 1
147, 225, 1
87, 214, 1
158, 228, 1
158, 347, 1
125, 225, 1
180, 225, 1
110, 236, 1
236, 147, 1
110, 83, 1
158, 267, 1
158, 93, 1
30, 17, 1
30, 44, 1
158, 59, 1
30, 1, 1
263, 44, 1
44, 201, 1
17, 40, 1
319, 30, 1
263, 236, 1
319, 158, 1
110, 347, 1
158, 116, 1
158, 180, 1
17, 360, 1
158, 125, 1
83, 360, 1
228, 360, 1
158, 372, 1
158, 317, 1
230, 214, 1
122, 360, 1
17, 24, 1
87, 110, 1
263, 110, 1
30, 158, 1
158, 45, 1
83, 225, 1
228, 225, 1
201, 272, 1
122, 225, 1
214, 125, 1
258, 40, 1
87, 30, 1
214, 317, 1
87, 158, 1
263, 30, 1
263, 158, 1
258, 360, 1
45, 225, 1
110, 171, 1
214, 45, 1
236, 201, 1
130, 40, 1
110, 372, 1
230, 17, 1
319, 110, 1
258, 225, 1
130, 360, 1
110, 274, 1
110, 228, 1
228, 147, 1
214, 93, 1
230, 1, 1
230, 141, 1
30, 141, 1
116, 759, -1
225, 759, -1
317, 759, -1
267, 759, -1
178, 759, -1
44, 759, -1
319, 759, -1
24, 759, -1
147, 759, -1
125, 759, -1
158, 759, -1
180, 759, -1
83, 759, -1
59, 759, -1
347, 759, -1
171, 759, -1
17, 759, -1
360, 759, -1
228, 759, -1
65, 759, -1
30, 759, -1
1, 759, -1
122, 759, -1
87, 759, -1
272, 759, -1
230, 759, -1
274, 759, -1
263, 759, -1
210, 759, -1
45, 759, -1
93, 759, -1
214, 759, -1
201, 759, -1
73, 759, -1
258, 759, -1
236, 759, -1
40, 759, -1
141, 759, -1
110, 759, -1
130, 759, -1
372, 759, -1
759, 30, -1
759, 45, -1
759, 158, -1
759, 228, -1
759, 319, -1
759, 87, -1
759, 93, -1
759, 44, -1
759, 230, -1
759, 236, -1
759, 263, -1
759, 141, -1
759, 147, -1
759, 214, -1
759, 171, -1
759, 110, -1
759, 116, -1
759, 180, -1
759, 372, -1
759, 125, -1
759, 317, -1

328, 360, 1
328, 258, 1
328, 44, 1
328, 201, 1
328, 93, 1
328, 83, 1
328, 125, 1
328, 1, 1
328, 228, 1
328, 122, 1
328, 347, 1
328, 65, 1
328, 230, 1
328, 59, 1
328, 263, 1
328, 274, 1
328, 180, 1
328, 40, 1
328, 73, 1
328, 87, 1
328, 319, 1
328, 24, 1
328, 17, 1
328, 210, 1
328, 147, 1
328, 272, 1
328, 372, 1
328, 141, 1
328, 214, 1
328, 130, 1
328, 110, 1
328, 171, 1
328, 30, 1
328, 45, 1
328, 236, 1
328, 158, 1
328, 116, 1
328, 225, 1
328, 317, 1
328, 267, 1
328, 178, 1
114, 360, 1
114, 258, 1
114, 44, 1
114, 201, 1
114, 93, 1
114, 83, 1
114, 125, 1
114, 1, 1
114, 228, 1
114, 122, 1
114, 347, 1
114, 65, 1
114, 230, 1
114, 59, 1
114, 263, 1
114, 274, 1
114, 180, 1
114, 40, 1
114, 73, 1
114, 87, 1
114, 319, 1
114, 24, 1
114, 17, 1
114, 210, 1
114, 147, 1
114, 272, 1
114, 372, 1
114, 141, 1
114, 214, 1
114, 130, 1
114, 110, 1
114, 171, 1
114, 30, 1
114, 45, 1
114, 236, 1
114, 158, 1
114, 116, 1
114, 225, 1
114, 317, 1
114, 267, 1
114, 178, 1
114, 328, 1
333, 360, 1
333, 258, 1
333, 44, 1
333, 201, 1
333, 93, 1
333, 83, 1
333, 125, 1
333, 1, 1
333, 228, 1
333, 122, 1
333, 347, 1
333, 65, 1
333, 230, 1
333, 59, 1
333, 263, 1
333, 274, 1
333, 180, 1
333, 40, 1
333, 73, 1
333, 87, 1
333, 319, 1
333, 24, 1
333, 17, 1
333, 210, 1
333, 147, 1
333, 272, 1
333, 372, 1
333, 141, 1
333, 214, 1
333, 130, 1
333, 110, 1
333, 171, 1
333, 30, 1
333, 45, 1
333, 236, 1
333, 158, 1
333, 116, 1
333, 225, 1
333, 317, 1
333, 267, 1
333, 178, 1
333, 328, 1
333, 114, 1
11, 360, 1
11, 258, 1
11, 44, 1
11, 201, 1
11, 93, 1
11, 83, 1
11, 125, 1
11, 1, 1
11, 228, 1
11, 122, 1
11, 347, 1
11, 65, 1
11, 230, 1
11, 59, 1
11, 263, 1
11, 274, 1
11, 180, 1
11, 40, 1
11, 73, 1
11, 87, 1
11, 319, 1
11, 24, 1
11, 17, 1
11, 210, 1
11, 147, 1
11, 272, 1
11, 372, 1
11, 141, 1
11, 214, 1
11, 130, 1
11, 110, 1
11, 171, 1
11, 30, 1
11, 45, 1
11, 236, 1
11, 158, 1
11, 116, 1
11, 225, 1
11, 317, 1
11, 267, 1
11, 178, 1
11, 328, 1
11, 114, 1
11, 333, 1
31, 360, 1
31, 258, 1
31, 44, 1
31, 201, 1
31, 93, 1
31, 83, 1
31, 125, 1
31, 1, 1
31, 228, 1
31, 122, 1
31, 347, 1
31, 65, 1
31, 230, 1
31, 59, 1
31, 263, 1
31, 274, 1
31, 180, 1
31, 40, 1
31, 73, 1
31, 87, 1
31, 319, 1
31, 24, 1
31, 17, 1
31, 210, 1
31, 147, 1
31, 272, 1
31, 372, 1
31, 141, 1
31, 214, 1
31, 130, 1
31, 110, 1
31, 171, 1
31, 30, 1
31, 45, 1
31, 236, 1
31, 158, 1
31, 116, 1
31, 225, 1
31, 317, 1
31, 267, 1
31, 178, 1
31, 328, 1
31, 114, 1
31, 333, 1
31, 11, 1
214, 230, 1
267, 93, 1
116, 171, 1
236, 87, 1
225, 87, 1
171, 116, 1
116, 180, 1
347, 360, 1
347, 122, 1
147, 158, 1
171, 125, 1
65, 116, 1
59, 225, 1
45, 147, 1
1, 122, 1
65, 125, 1
225, 114, 1
210, 214, 1
1, 360, 1
319, 130, 1
73, 236, 1
65, 372, 1
83, 30, 1
93, 214, 1
40, 59, 1
178, 11, 1
125, 274, 1
180, 228, 1
272, 73, 1
178, 258, 1
360, 158, 1
201, 31, 1
116, 45, 1
178, 267, 1
258, 147, 1
267, 214, 1
73, 83, 1
317, 44, 1
130, 236, 1
40, 333, 1
1, 225, 1
125, 130, 1
110, 141, 1
210, 317, 1
24, 236, 1
45, 30, 1
30, 130, 1
272, 158, 1
116, 319, 1
93, 317, 1
73, 110, 1
201, 116, 1
180, 93, 1
40, 171, 1
24, 65, 1
201, 125, 1
274, 347, 1
40, 180, 1
130, 83, 1
372, 263, 1
201, 372, 1
24, 83, 1
178, 141, 1
17, 44, 1
87, 130, 1
130, 110, 1
228, 236, 1
147, 171, 1
225, 347, 1
319, 125, 1
40, 45, 1
122, 236, 1
147, 180, 1
171, 147, 1
83, 263, 1
180, 214, 1
59, 333, 1
228, 263, 1
274, 230, 1
263, 230, 1
272, 59, 1
201, 17, 1
116, 31, 1
122, 263, 1
178, 24, 1
59, 171, 1
40, 319, 1
125, 116, 1
59, 180, 1
40, 328, 1
73, 87, 1
228, 110, 1
147, 45, 1
210, 83, 1
45, 263, 1
122, 110, 1
125, 372, 1
180, 317, 1
225, 230, 1
236, 230, 1
17, 201, 1
274, 333, 1
263, 333, 1
17, 210, 1
272, 171, 1
258, 236, 1
267, 65, 1
272, 180, 1
130, 87, 1
59, 45, 1
274, 360, 1
45, 110, 1
360, 274, 1
24, 87, 1
201, 147, 1
267, 83, 1
147, 130, 1
258, 263, 1
319, 93, 1
125, 228, 1
141, 263, 1
236, 333, 1
40, 31, 1
225, 333, 1
59, 319, 1
83, 11, 1
272, 274, 1
230, 30, 1
272, 45, 1
83, 258, 1
360, 130, 1
178, 1, 1
258, 110, 1
225, 360, 1
83, 267, 1
372, 141, 1
141, 110, 1
125, 93, 1
228, 87, 1
116, 44, 1
110, 122, 1
122, 87, 1
319, 214, 1
147, 31, 1
45, 11, 1
83, 114, 1
17, 178, 1
171, 236, 1
263, 319, 1
274, 319, 1
65, 236, 1
122, 114, 1
45, 267, 1
73, 347, 1
83, 141, 1
44, 122, 1
178, 122, 1
59, 31, 1
24, 73, 1
116, 147, 1
147, 125, 1
65, 83, 1
30, 214, 1
44, 158, 1
225, 319, 1
236, 319, 1
40, 17, 1
171, 110, 1
130, 347, 1
258, 87, 1
65, 110, 1
45, 141, 1
272, 31, 1
360, 116, 1
141, 87, 1
272, 40, 1
40, 44, 1
17, 317, 1
360, 125, 1
201, 236, 1
87, 214, 1
258, 114, 1
360, 372, 1
116, 30, 1
347, 210, 1
73, 59, 1
1, 201, 1
272, 125, 1
1, 210, 1
201, 83, 1
40, 147, 1
372, 230, 1
73, 333, 1
158, 130, 1
122, 347, 1
130, 59, 1
201, 110, 1
59, 17, 1
24, 59, 1
263, 317, 1
73, 171, 1
210, 158, 1
171, 87, 1
267, 73, 1
59, 44, 1
317, 141, 1
214, 30, 1
73, 180, 1
93, 158, 1
65, 87, 1
130, 333, 1
24, 333, 1
125, 236, 1
272, 17, 1
83, 230, 1
228, 230, 1
40, 30, 1
130, 171, 1
267, 158, 1
347, 178, 1
122, 230, 1
372, 122, 1
130, 180, 1
372, 360, 1
24, 171, 1
258, 347, 1
24, 180, 1
73, 45, 1
59, 147, 1
122, 59, 1
17, 141, 1
116, 263, 1
1, 178, 1
274, 44, 1
263, 44, 1
125, 83, 1
45, 230, 1
125, 110, 1
210, 59, 1
228, 333, 1
73, 319, 1
201, 87, 1
122, 333, 1
130, 45, 1
83, 122, 1
272, 147, 1
83, 360, 1
24, 45, 1
201, 114, 1
236, 44, 1
225, 44, 1
258, 230, 1
267, 59, 1
347, 317, 1
59, 30, 1
44, 130, 1
122, 360, 1
130, 319, 1
141, 230, 1
65, 73, 1
87, 110, 1
180, 158, 1
24, 319, 1
1, 317, 1
210, 171, 1
319, 87, 1
45, 122, 1
210, 180, 1
93, 171, 1
171, 347, 1
40, 263, 1
65, 347, 1
40, 272, 1
258, 333, 1
73, 31, 1
267, 171, 1
73, 40, 1
274, 30, 1
263, 30, 1
267, 180, 1
125, 87, 1
147, 236, 1
210, 274, 1
40, 110, 1
210, 45, 1
30, 87, 1
228, 319, 1
258, 360, 1
122, 319, 1
130, 31, 1
147, 263, 1
171, 230, 1
24, 31, 1
24, 40, 1
114, 333, 1
236, 30, 1
225, 30, 1
267, 45, 1
360, 236, 1
17, 1, 1
201, 347, 1
267, 274, 1
171, 59, 1
178, 116, 1
65, 59, 1
317, 122, 1
44, 125, 1
147, 110, 1
116, 141, 1
59, 263, 1
93, 130, 1
178, 372, 1
272, 236, 1
360, 83, 1
171, 333, 1
274, 178, 1
40, 11, 1
180, 171, 1
317, 158, 1
65, 333, 1
178, 201, 1
59, 110, 1
40, 258, 1
258, 319, 1
73, 17, 1
178, 210, 1
360, 110, 1
40, 267, 1
272, 263, 1
141, 319, 1
44, 228, 1
17, 122, 1
201, 230, 1
65, 171, 1
178, 228, 1
171, 180, 1
73, 44, 1
210, 31, 1
65, 180, 1
210, 40, 1
225, 178, 1
214, 141, 1
272, 110, 1
40, 114, 1
201, 59, 1
17, 158, 1
24, 17, 1
125, 347, 1
44, 93, 1
130, 44, 1
267, 31, 1
178, 93, 1
171, 45, 1
274, 317, 1
147, 87, 1
40, 141, 1
24, 44, 1
93, 116, 1
65, 45, 1
73, 147, 1
201, 333, 1
93, 125, 1
210, 125, 1
59, 11, 1
59, 258, 1
180, 130, 1
93, 372, 1
59, 267, 1
110, 214, 1
171, 319, 1
201, 180, 1
65, 319, 1
267, 125, 1
360, 87, 1
130, 147, 1
236, 317, 1
319, 333, 1
24, 147, 1
59, 114, 1
44, 214, 1
272, 258, 1
116, 230, 1
228, 44, 1
178, 214, 1
274, 11, 1
125, 59, 1
73, 30, 1
114, 31, 1
210, 17, 1
122, 44, 1
272, 87, 1
201, 45, 1
125, 333, 1
272, 114, 1
130, 30, 1
267, 17, 1
178, 317, 1
158, 110, 1
201, 319, 1
24, 30, 1
65, 31, 1
225, 11, 1
125, 171, 1
180, 116, 1
65, 40, 1
125, 180, 1
225, 267, 1
319, 45, 1
180, 125, 1
116, 360, 1
116, 122, 1
274, 141, 1
263, 141, 1
210, 147, 1
180, 372, 1
258, 44, 1
317, 130, 1
360, 73, 1
40, 230, 1
83, 210, 1
17, 274, 1
347, 158, 1
125, 45, 1
228, 30, 1
59, 347, 1
267, 147, 1
236, 141, 1
225, 141, 1
122, 30, 1
1, 158, 1
360, 347, 1
73, 263, 1
44, 236, 1
73, 272, 1
17, 130, 1
201, 40, 1
214, 122, 1
125, 319, 1
147, 230, 1
158, 87, 1
30, 319, 1
272, 347, 1
178, 65, 1
40, 122, 1
40, 360, 1
65, 17, 1
214, 158, 1
130, 263, 1
178, 83, 1
24, 263, 1
59, 230, 1
171, 44, 1
319, 31, 1
24, 272, 1
65, 44, 1
87, 319, 1
147, 333, 1
258, 30, 1
317, 116, 1
83, 178, 1
360, 59, 1
317, 125, 1
141, 30, 1
24, 110, 1
40, 225, 1
317, 372, 1
147, 360, 1
272, 230, 1
372, 317, 1
125, 31, 1
30, 31, 1
360, 333, 1
73, 11, 1
65, 147, 1
210, 236, 1
73, 258, 1
59, 360, 1
17, 116, 1
93, 236, 1
73, 267, 1
317, 228, 1
17, 125, 1
360, 171, 1
201, 44, 1
210, 263, 1
17, 372, 1
87, 31, 1
360, 180, 1
272, 333, 1
83, 317, 1
130, 11, 1
228, 317, 1
267, 236, 1
258, 178, 1
24, 11, 1
130, 258, 1
73, 114, 1
225, 1, 1
171, 30, 1
272, 360, 1
130, 267, 1
24, 258, 1
44, 87, 1
210, 110, 1
347, 274, 1
65, 30, 1
24, 267, 1
317, 93, 1
267, 263, 1
147, 319, 1
93, 110, 1
17, 228, 1
73, 141, 1
1, 274, 1
274, 122, 1
360, 45, 1
267, 272, 1
45, 317, 1
45, 228, 1
130, 114, 1
267, 110, 1
24, 114, 1
347, 130, 1
272, 225, 1
130, 141, 1
360, 319, 1
1, 130, 1
225, 122, 1
122, 11, 1
360, 328, 1
24, 141, 1
17, 93, 1
125, 44, 1
236, 122, 1
258, 317, 1
11, 31, 1
122, 258, 1
317, 214, 1
122, 267, 1
180, 236, 1
201, 30, 1
272, 319, 1
210, 258, 1
272, 328, 1
214, 130, 1
210, 87, 1
125, 147, 1
110, 158, 1
93, 87, 1
171, 263, 1
228, 141, 1
17, 214, 1
267, 258, 1
65, 263, 1
210, 114, 1
319, 30, 1
360, 31, 1
122, 141, 1
180, 110, 1
258, 11, 1
65, 272, 1
360, 40, 1
267, 87, 1
347, 116, 1
178, 158, 1
258, 267, 1
347, 125, 1
24, 347, 1
267, 114, 1
230, 214, 1
1, 116, 1
201, 178, 1
347, 372, 1
125, 30, 1
1, 125, 1
73, 230, 1
73, 1, 1
1, 372, 1
114, 11, 1
116, 228, 1
201, 263, 1
258, 141, 1
347, 228, 1
130, 230, 1
317, 236, 1
87, 30, 1
24, 230, 1
147, 44, 1
158, 319, 1
1, 228, 1
171, 11, 1
180, 87, 1
65, 11, 1
116, 93, 1
360, 17, 1
73, 122, 1
65, 258, 1
73, 360, 1
210, 347, 1
171, 267, 1
319, 263, 1
347, 93, 1
44, 333, 1
65, 267, 1
317, 83, 1
274, 130, 1
263, 130, 1
17, 236, 1
360, 44, 1
40, 201, 1
1, 93, 1
40, 210, 1
44, 171, 1
130, 122, 1
319, 110, 1
65, 114, 1
267, 347, 1
178, 171, 1
130, 360, 1
178, 180, 1
24, 360, 1
125, 263, 1
17, 83, 1
272, 44, 1
171, 141, 1
73, 225, 1
158, 31, 1
116, 214, 1
65, 141, 1
30, 263, 1
210, 230, 1
225, 130, 1
201, 11, 1
360, 147, 1
236, 130, 1
347, 214, 1
201, 258, 1
372, 158, 1
201, 267, 1
44, 45, 1
1, 214, 1
147, 30, 1
178, 45, 1
178, 274, 1
24, 225, 1
87, 263, 1
30, 110, 1
110, 130, 1
267, 230, 1
59, 201, 1
228, 122, 1
116, 317, 1
201, 130, 1
59, 210, 1
210, 333, 1
44, 319, 1
317, 87, 1
93, 333, 1
40, 178, 1
83, 158, 1
360, 30, 1
274, 116, 1
178, 130, 1
201, 141, 1
274, 125, 1
210, 360, 1
263, 125, 1
24, 328, 1
333, 31, 1
272, 201, 1
274, 372, 1
267, 333, 1
93, 180, 1
125, 11, 1
272, 30, 1
110, 31, 1
125, 258, 1
274, 210, 1
267, 360, 1
225, 116, 1
45, 158, 1
17, 87, 1
236, 116, 1
125, 267, 1
210, 225, 1
274, 228, 1
319, 141, 1
258, 122, 1
263, 228, 1
225, 372, 1
236, 372, 1
180, 230, 1
141, 122, 1
44, 31, 1
40, 317, 1
178, 31, 1
93, 45, 1
59, 178, 1
225, 201, 1
125, 114, 1
347, 236, 1
225, 210, 1
267, 225, 1
65, 230, 1
210, 319, 1
65, 1, 1
1, 236, 1
125, 141, 1
274, 93, 1
263, 93, 1
225, 228, 1
93, 319, 1
236, 228, 1
180, 333, 1
178, 125, 1
347, 83, 1
272, 178, 1
360, 263, 1
360, 272, 1
1, 83, 1
267, 319, 1
347, 110, 1
267, 328, 1
225, 93, 1
236, 93, 1
171, 122, 1
1, 110, 1
171, 360, 1
59, 317, 1
65, 122, 1
65, 360, 1
274, 214, 1
263, 214, 1
372, 130, 1
201, 1, 1
158, 30, 1
83, 274, 1
93, 31, 1
178, 17, 1
180, 45, 1
272, 317, 1
65, 225, 1
236, 214, 1
225, 214, 1
319, 230, 1
317, 59, 1
83, 130, 1
180, 319, 1
228, 130, 1
360, 11, 1
230, 158, 1
201, 122, 1
201, 360, 1
347, 87, 1
360, 258, 1
360, 267, 1
267, 40, 1
1, 87, 1
178, 147, 1
125, 230, 1
147, 141, 1
225, 317, 1
272, 11, 1
73, 201, 1
45, 130, 1
17, 59, 1
40, 24, 1
30, 230, 1
73, 210, 1
317, 171, 1
360, 114, 1
272, 267, 1
372, 116, 1
201, 225, 1
317, 180, 1
372, 125, 1
59, 141, 1
158, 263, 1
214, 87, 1
360, 141, 1
180, 31, 1
87, 230, 1
210, 44, 1
258, 130, 1
24, 201, 1
44, 30, 1
93, 44, 1
24, 210, 1
17, 171, 1
317, 45, 1
125, 122, 1
83, 116, 1
17, 180, 1
272, 141, 1
372, 228, 1
274, 83, 1
83, 125, 1
228, 116, 1
267, 44, 1
228, 125, 1
122, 116, 1
83, 372, 1
228, 372, 1
317, 319, 1
122, 372, 1
73, 178, 1
116, 158, 1
40, 1, 1
45, 116, 1
17, 45, 1
372, 93, 1
225, 83, 1
45, 125, 1
83, 228, 1
272, 24, 1
45, 372, 1
1, 347, 1
122, 228, 1
328, 333, 1
17, 319, 1
178, 236, 1
210, 30, 1
24, 178, 1
258, 116, 1
258, 125, 1
93, 30, 1
44, 263, 1
83, 93, 1
180, 44, 1
317, 31, 1
228, 93, 1
130, 214, 1
178, 263, 1
267, 201, 1
258, 372, 1
372, 214, 1
73, 317, 1
122, 93, 1
267, 30, 1
230, 130, 1
59, 1, 1
360, 230, 1
274, 87, 1
258, 210, 1
44, 110, 1
40, 158, 1
360, 1, 1
178, 110, 1
347, 59, 1
158, 141, 1
258, 228, 1
1, 59, 1
45, 93, 1
130, 317, 1
180, 147, 1
147, 122, 1
17, 31, 1
347, 333, 1
24, 317, 1
17, 40, 1
83, 214, 1
272, 1, 1
228, 214, 1
210, 178, 1
1, 333, 1
122, 214, 1
347, 171, 1
59, 122, 1
258, 93, 1
347, 180, 1
360, 122, 1
230, 31, 1
171, 372, 1
1, 171, 1
110, 87, 1
267, 178, 1
1, 180, 1
45, 214, 1
180, 30, 1
93, 263, 1
59, 158, 1
73, 65, 1
65, 201, 1
272, 122, 1
122, 317, 1
65, 210, 1
171, 228, 1
347, 45, 1
178, 87, 1
65, 228, 1
360, 225, 1
372, 236, 1
1, 45, 1
258, 214, 1
178, 114, 1
141, 214, 1
116, 130, 1
328, 31, 1
347, 319, 1
274, 158, 1
263, 158, 1
44, 141, 1
171, 93, 1
267, 317, 1
1, 319, 1
317, 147, 1
65, 93, 1
158, 230, 1
201, 210, 1
83, 236, 1
372, 110, 1
73, 24, 1
210, 11, 1
40, 274, 1
201, 228, 1
236, 158, 1
225, 158, 1
65, 178, 1
214, 319, 1
210, 267, 1
180, 263, 1
17, 147, 1
171, 214, 1
317, 30, 1
347, 31, 1
274, 59, 1
122, 83, 1
45, 236, 1
40, 130, 1
65, 214, 1
267, 11, 1
83, 110, 1
178, 73, 1
201, 93, 1
1, 31, 1
158, 122, 1
1, 40, 1
116, 125, 1
178, 347, 1
210, 141, 1
45, 83, 1
116, 372, 1
93, 141, 1
171, 317, 1
225, 59, 1
59, 274, 1
17, 30, 1
65, 317, 1
214, 31, 1
110, 230, 1
372, 87, 1
274, 171, 1
274, 180, 1
267, 141, 1
258, 83, 1
201, 214, 1
59, 130, 1
44, 230, 1
178, 230, 1
236, 171, 1
225, 171, 1
24, 1, 1
274, 45, 1
83, 87, 1
40, 116, 1
225, 180, 1
317, 263, 1
236, 180, 1
178, 59, 1
40, 125, 1
263, 45, 1
1, 17, 1
201, 317, 1
272, 130, 1
347, 44, 1
40, 372, 1
267, 24, 1
178, 333, 1
1, 44, 1
317, 110, 1
225, 274, 1
73, 158, 1
225, 45, 1
236, 45, 1
45, 87, 1
180, 141, 1
178, 360, 1
147, 116, 1
171, 83, 1
17, 263, 1
125, 214, 1
40, 228, 1
24, 122, 1
319, 317, 1
347, 147, 1
147, 372, 1
130, 158, 1
1, 147, 1
210, 1, 1
59, 116, 1
17, 110, 1
24, 158, 1
93, 230, 1
59, 125, 1
230, 263, 1
178, 225, 1
59, 372, 1
110, 319, 1
40, 93, 1
274, 31, 1
147, 228, 1
263, 31, 1
125, 317, 1
317, 11, 1
267, 1, 1
272, 116, 1
347, 30, 1
230, 110, 1
360, 201, 1
317, 267, 1
360, 210, 1
65, 24, 1
178, 319, 1
83, 347, 1
272, 372, 1
1, 30, 1
59, 228, 1
178, 328, 1
228, 158, 1
360, 228, 1
210, 122, 1
236, 31, 1
147, 93, 1
225, 31, 1
122, 158, 1
93, 122, 1
225, 40, 1
17, 11, 1
272, 210, 1
40, 214, 1
17, 258, 1
17, 267, 1
272, 228, 1
267, 122, 1
59, 93, 1
45, 347, 1
360, 93, 1
236, 125, 1
225, 125, 1
372, 333, 1
17, 114, 1
116, 236, 1
147, 214, 1
83, 59, 1
372, 171, 1
178, 40, 1
73, 274, 1
272, 93, 1
258, 158, 1
230, 87, 1
360, 178, 1
372, 180, 1
141, 158, 1
347, 263, 1
59, 214, 1
83, 333, 1
360, 214, 1
130, 274, 1
225, 17, 1
1, 263, 1
73, 130, 1
147, 317, 1
116, 110, 1
24, 274, 1
328, 11, 1
45, 59, 1
83, 171, 1
372, 45, 1
180, 122, 1
228, 171, 1
180, 360, 1
83, 180, 1
317, 347, 1
228, 180, 1
274, 147, 1
122, 171, 1
272, 214, 1
45, 333, 1
122, 180, 1
214, 263, 1
258, 59, 1
40, 236, 1
360, 317, 1
24, 130, 1
372, 319, 1
328, 114, 1
171, 158, 1
40, 65, 1
45, 171, 1
83, 45, 1
45, 180, 1
65, 158, 1
17, 347, 1
228, 45, 1
214, 110, 1
40, 83, 1
225, 147, 1
317, 230, 1
122, 45, 1
122, 274, 1
178, 44, 1
347, 11, 1
83, 319, 1
258, 171, 1
347, 258, 1
258, 180, 1
116, 87, 1
1, 11, 1
73, 116, 1
347, 267, 1
122, 130, 1
1, 258, 1
73, 125, 1
372, 31, 1
1, 267, 1
59, 236, 1
317, 333, 1
73, 372, 1
17, 230, 1
210, 130, 1
347, 114, 1
201, 158, 1
45, 319, 1
130, 116, 1
258, 274, 1
258, 45, 1
360, 65, 1
130, 125, 1
24, 116, 1
1, 114, 1
110, 30, 1
59, 83, 1
347, 141, 1
24, 125, 1
130, 372, 1
158, 214, 1
73, 228, 1
267, 130, 1
24, 372, 1
83, 31, 1
1, 141, 1
17, 333, 1
228, 31, 1
274, 236, 1
272, 65, 1
263, 236, 1
122, 31, 1
319, 158, 1
178, 30, 1
141, 130, 1
272, 83, 1
40, 87, 1
17, 360, 1
130, 228, 1
274, 263, 1
24, 228, 1
73, 93, 1
45, 31, 1
225, 236, 1
122, 125, 1
125, 158, 1
274, 110, 1
263, 110, 1
360, 24, 1
210, 116, 1
30, 158, 1
17, 225, 1
130, 93, 1
65, 274, 1
236, 263, 1
225, 263, 1
372, 44, 1
24, 93, 1
210, 372, 1
258, 31, 1
141, 31, 1
201, 171, 1
73, 214, 1
210, 201, 1
110, 263, 1
267, 116, 1
59, 87, 1
236, 110, 1
225, 110, 1
87, 158, 1
171, 130, 1
65, 130, 1
267, 372, 1
210, 228, 1
372, 147, 1
83, 44, 1
93, 228, 1
40, 73, 1
347, 230, 1
24, 214, 1
201, 274, 1
267, 210, 1
274, 258, 1
178, 272, 1
230, 319, 1
274, 267, 1
267, 228, 1
1, 230, 1
263, 87, 1
40, 347, 1
210, 93, 1
45, 44, 1
44, 317, 1
171, 31, 1
83, 147, 1
116, 333, 1
274, 114, 1
372, 30, 1
225, 258, 1
122, 147, 1
45, 1, 1
130, 225, 1
141, 17, 1
110, 11, 1
258, 328, 1
122, 40, 1
110, 258, 1
228, 147, 1
110, 267, 1
110, 93, 1
180, 201, 1
236, 114, 1
130, 17, 1
180, 274, 1
258, 1, 1
214, 333, 1
180, 347, 1
141, 1, 1
230, 122, 1
1, 24, 1
347, 225, 1
110, 59, 1
225, 272, 1
180, 11, 1
171, 17, 1
180, 258, 1
147, 114, 1
110, 333, 1
180, 267, 1
347, 17, 1
116, 328, 1
158, 44, 1
65, 328, 1
201, 24, 1
372, 272, 1
110, 116, 1
158, 236, 1
110, 180, 1
110, 125, 1
180, 59, 1
116, 1, 1
171, 1, 1
116, 65, 1
30, 114, 1
110, 317, 1
93, 17, 1
44, 360, 1
210, 328, 1
214, 17, 1
158, 83, 1
372, 73, 1
30, 141, 1
158, 147, 1
230, 44, 1
17, 272, 1
372, 201, 1
110, 45, 1
372, 210, 1
372, 274, 1
116, 40, 1
201, 328, 1
147, 201, 1
372, 347, 1
44, 225, 1
93, 1, 1
110, 17, 1
214, 1, 1
372, 11, 1
274, 40, 1
83, 201, 1
141, 44, 1
228, 201, 1
372, 258, 1
116, 24, 1
44, 17, 1
372, 267, 1
110, 1, 1
116, 225, 1
171, 225, 1
317, 114, 1
372, 114, 1
180, 17, 1
110, 147, 1
372, 178, 1
372, 59, 1
44, 1, 1
116, 17, 1
274, 225, 1
236, 360, 1
44, 147, 1
258, 201, 1
93, 225, 1
225, 24, 1
125, 1, 1
180, 1, 1
274, 17, 1
228, 114, 1
236, 225, 1
274, 328, 1
116, 83, 1
130, 201, 1
230, 114, 1
158, 171, 1
45, 114, 1
236, 17, 1
274, 1, 1
214, 44, 1
1, 272, 1
225, 328, 1
30, 122, 1
147, 225, 1
347, 201, 1
236, 1, 1
110, 44, 1
141, 114, 1
372, 328, 1
158, 228, 1
158, 347, 1
125, 225, 1
147, 17, 1
110, 236, 1
180, 225, 1
122, 201, 1
236, 147, 1
158, 11, 1
372, 1, 1
372, 65, 1
125, 17, 1
110, 83, 1
158, 267, 1
158, 93, 1
83, 328, 1
59, 328, 1
147, 1, 1
30, 17, 1
30, 44, 1
372, 40, 1
171, 114, 1
158, 114, 1
158, 59, 1
83, 1, 1
30, 1, 1
180, 83, 1
158, 333, 1
44, 201, 1
116, 272, 1
372, 24, 1
93, 114, 1
158, 116, 1
214, 114, 1
372, 225, 1
158, 180, 1
317, 225, 1
158, 125, 1
73, 328, 1
230, 141, 1
228, 360, 1
158, 372, 1
158, 317, 1
116, 73, 1
116, 201, 1
17, 24, 1
171, 201, 1
317, 17, 1
116, 210, 1
372, 17, 1
130, 328, 1
116, 274, 1
110, 114, 1
158, 45, 1
116, 347, 1
83, 225, 1
228, 225, 1
201, 272, 1
274, 201, 1
122, 225, 1
214, 125, 1
130, 1, 1
158, 17, 1
44, 114, 1
258, 40, 1
116, 11, 1
317, 1, 1
214, 317, 1
83, 17, 1
116, 258, 1
228, 17, 1
116, 267, 1
347, 328, 1
45, 225, 1
17, 328, 1
110, 171, 1
122, 17, 1
372, 83, 1
1, 328, 1
180, 114, 1
214, 45, 1
236, 201, 1
122, 328, 1
130, 40, 1
158, 1, 1
110, 372, 1
230, 17, 1
116, 114, 1
347, 1, 1
116, 59, 1
116, 178, 1
45, 17, 1
228, 1, 1
258, 225, 1
122, 1, 1
110, 274, 1
110, 228, 1
110, 347, 1
214, 93, 1
230, 1, 1
258, 17, 1
328, 759, -1
114, 759, -1
333, 759, -1
11, 759, -1
31, 759, -1
317, 759, -1
759, 30, -1
44, 759, -1
319, 759, -1
178, 759, -1
759, 158, -1
24, 759, -1
759, 45, -1
147, 759, -1
759, 228, -1
125, 759, -1
158, 759, -1
180, 759, -1
83, 759, -1
59, 759, -1
116, 759, -1
171, 759, -1
347, 759, -1
759, 319, -1
17, 759, -1
360, 759, -1
65, 759, -1
30, 759, -1
759, 93, -1
1, 759, -1
228, 759, -1
759, 87, -1
122, 759, -1
759, 44, -1
759, 230, -1
87, 759, -1
272, 759, -1
759, 236, -1
230, 759, -1
263, 759, -1
274, 759, -1
210, 759, -1
45, 759, -1
93, 759, -1
759, 263, -1
214, 759, -1
759, 147, -1
759, 141, -1
759, 214, -1
759, 333, -1
201, 759, -1
267, 759, -1
236, 759, -1
225, 759, -1
73, 759, -1
258, 759, -1
759, 110, -1
759, 171, -1
40, 759, -1
759, 180, -1
141, 759, -1
759, 116, -1
110, 759, -1
759, 125, -1
759, 372, -1
759, 317, -1
130, 759, -1
372, 759, -1
759, 31, -1

124, 360, 1
124, 258, 1
124, 44, 1
124, 201, 1
124, 93, 1
124, 83, 1
124, 125, 1
124, 1, 1
124, 228, 1
124, 122, 1
124, 347, 1
124, 65, 1
124, 230, 1
124, 59, 1
124, 263, 1
124, 274, 1
124, 180, 1
124, 40, 1
124, 73, 1
124, 87, 1
124, 319, 1
124, 24, 1
124, 17, 1
124, 210, 1
124, 147, 1
124, 272, 1
124, 372, 1
124, 141, 1
124, 214, 1
124, 130, 1
124, 110, 1
124, 171, 1
124, 30, 1
124, 45, 1
124, 236, 1
124, 158, 1
124, 116, 1
124, 225, 1
124, 317, 1
124, 267, 1
124, 178, 1
124, 328, 1
124, 114, 1
124, 333, 1
124, 11, 1
124, 31, 1
58, 360, 1
58, 258, 1
58, 44, 1
58, 201, 1
58, 93, 1
58, 83, 1
58, 125, 1
58, 1, 1
58, 228, 1
58, 122, 1
58, 347, 1
58, 65, 1
58, 230, 1
58, 59, 1
58, 263, 1
58, 274, 1
58, 180, 1
58, 40, 1
58, 73, 1
58, 87, 1
58, 319, 1
58, 24, 1
58, 17, 1
58, 210, 1
58, 147, 1
58, 272, 1
58, 372, 1
58, 141, 1
58, 214, 1
58, 130, 1
58, 110, 1
58, 171, 1
58, 30, 1
58, 45, 1
58, 236, 1
58, 158, 1
58, 116, 1
58, 225, 1
58, 317, 1
58, 267, 1
58, 178, 1
58, 328, 1
58, 114, 1
58, 333, 1
58, 11, 1
58, 31, 1
58, 124, 1
112, 360, 1
112, 258, 1
112, 44, 1
112, 201, 1
112, 93, 1
112, 83, 1
112, 125, 1
112, 1, 1
112, 228, 1
112, 122, 1
112, 347, 1
112, 65, 1
112, 230, 1
112, 59, 1
112, 263, 1
112, 274, 1
112, 180, 1
112, 40, 1
112, 73, 1
112, 87, 1
112, 319, 1
112, 24, 1
112, 17, 1
112, 210, 1
112, 147, 1
112, 272, 1
112, 372, 1
112, 141, 1
112, 214, 1
112, 130, 1
112, 110, 1
112, 171, 1
112, 30, 1
112, 45, 1
112, 236, 1
112, 158, 1
112, 116, 1
112, 225, 1
112, 317, 1
112, 267, 1
112, 178, 1
112, 328, 1
112, 114, 1
112, 333, 1
112, 11, 1
112, 31, 1
112, 124, 1
112, 58, 1
199, 360, 1
199, 258, 1
199, 44, 1
199, 201, 1
199, 93, 1
199, 83, 1
199, 125, 1
199, 1, 1
199, 228, 1
199, 122, 1
199, 347, 1
199, 65, 1
199, 230, 1
199, 59, 1
199, 263, 1
199, 274, 1
199, 180, 1
199, 40, 1
199, 73, 1
199, 87, 1
199, 319, 1
199, 24, 1
199, 17, 1
199, 210, 1
199, 147, 1
199, 272, 1
199, 372, 1
199, 141, 1
199, 214, 1
199, 130, 1
199, 110, 1
199, 171, 1
199, 30, 1
199, 45, 1
199, 236, 1
199, 158, 1
199, 116, 1
199, 225, 1
199, 317, 1
199, 267, 1
199, 178, 1
199, 328, 1
199, 114, 1
199, 333, 1
199, 11, 1
199, 31, 1
199, 124, 1
199, 58, 1
199, 112, 1
136, 360, 1
136, 258, 1
136, 44, 1
136, 201, 1
136, 93, 1
136, 83, 1
136, 125, 1
136, 1, 1
136, 228, 1
136, 122, 1
136, 347, 1
136, 65, 1
136, 230, 1
136, 59, 1
136, 263, 1
136, 274, 1
136, 180, 1
136, 40, 1
136, 73, 1
136, 87, 1
136, 319, 1
136, 24, 1
136, 17, 1
136, 210, 1
136, 147, 1
136, 272, 1
136, 372, 1
136, 141, 1
136, 214, 1
136, 130, 1
136, 110, 1
136, 171, 1
136, 30, 1
136, 45, 1
136, 236, 1
136, 158, 1
136, 116, 1
136, 225, 1
136, 317, 1
136, 267, 1
136, 178, 1
136, 328, 1
136, 114, 1
136, 333, 1
136, 11, 1
136, 31, 1
136, 124, 1
136, 58, 1
136, 112, 1
136, 199, 1
11, 158, 1
272, 199, 1
225, 87, 1
17, 58, 1
171, 116, 1
116, 180, 1
319, 130, 1
178, 11, 1
201, 31, 1
130, 236, 1
83, 124, 1
93, 317, 1
73, 110, 1
201, 116, 1
180, 93, 1
372, 263, 1
87, 130, 1
122, 236, 1
59, 333, 1
147, 180, 1
180, 214, 1
178, 24, 1
40, 319, 1
73, 87, 1
228, 110, 1
11, 112, 1
236, 230, 1
263, 333, 1
372, 11, 1
114, 124, 1
59, 45, 1
45, 110, 1
24, 87, 1
141, 263, 1
40, 31, 1
65, 124, 1
272, 274, 1
272, 45, 1
83, 258, 1
258, 110, 1
178, 1, 1
228, 87, 1
83, 114, 1
274, 319, 1
328, 210, 1
11, 125, 1
44, 122, 1
178, 122, 1
116, 147, 1
44, 158, 1
214, 44, 1
225, 319, 1
130, 347, 1
258, 87, 1
40, 44, 1
1, 201, 1
201, 83, 1
372, 230, 1
372, 1, 1
130, 59, 1
122, 347, 1
114, 199, 1
372, 122, 1
130, 180, 1
1, 178, 1
122, 59, 1
274, 44, 1
333, 130, 1
65, 199, 1
210, 59, 1
73, 319, 1
178, 112, 1
225, 44, 1
122, 360, 1
87, 110, 1
141, 230, 1
147, 124, 1
180, 158, 1
24, 319, 1
319, 87, 1
210, 180, 1
40, 263, 1
73, 31, 1
360, 124, 1
17, 136, 1
116, 258, 1
228, 319, 1
171, 230, 1
24, 31, 1
116, 114, 1
114, 333, 1
236, 30, 1
333, 228, 1
93, 130, 1
44, 125, 1
125, 199, 1
40, 11, 1
180, 171, 1
65, 333, 1
59, 110, 1
258, 319, 1
178, 210, 1
201, 230, 1
73, 44, 1
114, 45, 1
225, 178, 1
272, 110, 1
267, 31, 1
24, 44, 1
65, 45, 1
59, 267, 1
147, 114, 1
130, 147, 1
228, 44, 1
274, 11, 1
272, 87, 1
114, 58, 1
125, 333, 1
360, 199, 1
372, 210, 1
225, 11, 1
201, 328, 1
180, 125, 1
65, 58, 1
210, 147, 1
258, 44, 1
317, 130, 1
40, 230, 1
347, 158, 1
125, 45, 1
116, 225, 1
236, 141, 1
1, 158, 1
73, 263, 1
44, 236, 1
214, 122, 1
201, 40, 1
11, 59, 1
40, 122, 1
214, 158, 1
24, 263, 1
319, 31, 1
210, 124, 1
87, 319, 1
147, 333, 1
11, 180, 1
141, 30, 1
31, 158, 1
158, 199, 1
360, 333, 1
73, 11, 1
333, 87, 1
17, 116, 1
317, 228, 1
87, 31, 1
24, 11, 1
130, 258, 1
225, 1, 1
171, 30, 1
267, 263, 1
274, 122, 1
93, 110, 1
360, 45, 1
347, 112, 1
130, 114, 1
1, 112, 1
225, 122, 1
17, 93, 1
122, 258, 1
180, 236, 1
201, 30, 1
272, 319, 1
210, 258, 1
93, 87, 1
17, 214, 1
210, 114, 1
258, 11, 1
360, 58, 1
347, 125, 1
230, 214, 1
1, 125, 1
73, 230, 1
73, 1, 1
116, 228, 1
114, 267, 1
24, 230, 1
73, 122, 1
274, 112, 1
11, 147, 1
65, 267, 1
319, 263, 1
112, 199, 1
31, 125, 1
40, 210, 1
178, 180, 1
225, 112, 1
171, 141, 1
17, 83, 1
272, 44, 1
333, 319, 1
328, 124, 1
110, 130, 1
87, 263, 1
267, 230, 1
228, 122, 1
11, 124, 1
210, 333, 1
317, 87, 1
114, 136, 1
274, 125, 1
201, 141, 1
180, 347, 1
272, 201, 1
333, 31, 1
24, 328, 1
45, 158, 1
65, 136, 1
210, 225, 1
258, 122, 1
347, 236, 1
180, 59, 1
225, 210, 1
1, 236, 1
263, 93, 1
93, 319, 1
272, 178, 1
267, 328, 1
333, 44, 1
171, 360, 1
263, 214, 1
11, 258, 1
31, 236, 1
93, 31, 1
210, 58, 1
328, 199, 1
319, 230, 1
11, 114, 1
230, 158, 1
201, 360, 1
360, 267, 1
178, 147, 1
272, 11, 1
73, 210, 1
258, 112, 1
87, 230, 1
93, 44, 1
24, 210, 1
17, 171, 1
83, 116, 1
228, 125, 1
317, 319, 1
178, 124, 1
122, 372, 1
147, 136, 1
333, 263, 1
45, 125, 1
272, 24, 1
1, 347, 1
122, 228, 1
328, 333, 1
360, 136, 1
258, 125, 1
83, 93, 1
317, 31, 1
11, 333, 1
267, 30, 1
347, 59, 1
1, 59, 1
180, 147, 1
328, 45, 1
272, 1, 1
83, 214, 1
17, 40, 1
59, 122, 1
347, 180, 1
110, 87, 1
1, 180, 1
93, 263, 1
59, 158, 1
65, 201, 1
272, 122, 1
236, 199, 1
114, 93, 1
44, 114, 1
178, 114, 1
263, 158, 1
328, 58, 1
65, 93, 1
114, 214, 1
65, 178, 1
210, 267, 1
274, 59, 1
45, 236, 1
65, 214, 1
333, 230, 1
171, 317, 1
225, 59, 1
17, 30, 1
274, 180, 1
267, 141, 1
59, 112, 1
180, 258, 1
225, 180, 1
272, 112, 1
372, 199, 1
317, 263, 1
201, 317, 1
178, 333, 1
210, 136, 1
236, 45, 1
147, 116, 1
125, 214, 1
347, 147, 1
1, 147, 1
93, 230, 1
59, 125, 1
178, 225, 1
110, 319, 1
360, 201, 1
112, 136, 1
65, 24, 1
147, 93, 1
93, 122, 1
272, 210, 1
347, 124, 1
1, 124, 1
360, 93, 1
372, 333, 1
147, 214, 1
360, 178, 1
178, 58, 1
116, 83, 1
360, 214, 1
83, 171, 1
372, 45, 1
114, 158, 1
274, 147, 1
328, 267, 1
258, 59, 1
110, 44, 1
40, 65, 1
65, 158, 1
17, 347, 1
225, 147, 1
317, 230, 1
347, 258, 1
83, 328, 1
258, 180, 1
1, 258, 1
59, 236, 1
274, 124, 1
347, 114, 1
372, 58, 1
130, 116, 1
114, 171, 1
1, 114, 1
158, 214, 1
225, 124, 1
263, 236, 1
122, 31, 1
328, 136, 1
214, 114, 1
141, 130, 1
17, 360, 1
116, 73, 1
125, 158, 1
11, 136, 1
360, 24, 1
210, 116, 1
130, 93, 1
40, 199, 1
210, 201, 1
110, 263, 1
171, 130, 1
236, 110, 1
201, 274, 1
274, 258, 1
210, 93, 1
114, 125, 1
274, 114, 1
201, 130, 1
225, 258, 1
116, 171, 1
236, 87, 1
147, 158, 1
65, 125, 1
225, 114, 1
210, 214, 1
83, 30, 1
180, 228, 1
360, 158, 1
333, 141, 1
178, 267, 1
258, 147, 1
40, 333, 1
1, 225, 1
116, 328, 1
24, 65, 1
130, 83, 1
201, 372, 1
147, 171, 1
40, 45, 1
272, 59, 1
258, 124, 1
122, 263, 1
116, 40, 1
59, 180, 1
210, 83, 1
274, 333, 1
44, 136, 1
272, 180, 1
372, 267, 1
178, 136, 1
73, 199, 1
225, 333, 1
116, 17, 1
114, 236, 1
40, 58, 1
141, 110, 1
24, 199, 1
110, 122, 1
228, 114, 1
328, 201, 1
11, 116, 1
65, 236, 1
83, 141, 1
147, 125, 1
45, 114, 1
30, 214, 1
236, 319, 1
171, 110, 1
141, 87, 1
360, 125, 1
17, 317, 1
372, 136, 1
258, 114, 1
116, 30, 1
267, 199, 1
274, 58, 1
328, 178, 1
11, 93, 1
73, 333, 1
201, 110, 1
328, 214, 1
225, 58, 1
210, 158, 1
171, 87, 1
317, 141, 1
11, 214, 1
24, 333, 1
125, 236, 1
130, 171, 1
122, 230, 1
73, 45, 1
59, 147, 1
116, 272, 1
228, 333, 1
201, 87, 1
272, 147, 1
83, 360, 1
24, 45, 1
114, 347, 1
236, 44, 1
130, 328, 1
210, 171, 1
65, 347, 1
59, 124, 1
258, 333, 1
147, 236, 1
40, 110, 1
114, 59, 1
73, 58, 1
11, 83, 1
319, 199, 1
272, 124, 1
122, 328, 1
267, 274, 1
360, 236, 1
267, 45, 1
328, 24, 1
178, 116, 1
65, 59, 1
116, 141, 1
114, 180, 1
178, 201, 1
40, 267, 1
87, 199, 1
141, 319, 1
65, 180, 1
210, 40, 1
44, 93, 1
178, 93, 1
263, 317, 1
210, 125, 1
59, 258, 1
171, 319, 1
258, 58, 1
319, 333, 1
59, 114, 1
44, 214, 1
272, 258, 1
178, 214, 1
210, 17, 1
328, 158, 1
272, 114, 1
372, 201, 1
130, 30, 1
201, 319, 1
180, 116, 1
225, 267, 1
319, 45, 1
116, 360, 1
141, 44, 1
17, 274, 1
122, 30, 1
360, 347, 1
17, 130, 1
372, 178, 1
178, 83, 1
124, 112, 1
171, 44, 1
114, 147, 1
274, 136, 1
11, 171, 1
360, 59, 1
24, 110, 1
147, 360, 1
328, 112, 1
65, 147, 1
225, 136, 1
210, 236, 1
73, 267, 1
201, 44, 1
272, 333, 1
360, 180, 1
17, 372, 1
83, 317, 1
333, 199, 1
24, 267, 1
17, 228, 1
267, 110, 1
272, 225, 1
130, 141, 1
236, 122, 1
328, 125, 1
180, 83, 1
171, 263, 1
372, 24, 1
122, 141, 1
73, 136, 1
93, 114, 1
267, 87, 1
347, 116, 1
178, 158, 1
258, 267, 1
1, 116, 1
201, 178, 1
93, 199, 1
272, 58, 1
114, 258, 1
201, 263, 1
228, 136, 1
65, 258, 1
210, 347, 1
347, 93, 1
263, 130, 1
40, 201, 1
1, 93, 1
333, 45, 1
130, 360, 1
65, 114, 1
178, 171, 1
319, 110, 1
201, 11, 1
11, 30, 1
360, 147, 1
347, 214, 1
372, 158, 1
258, 136, 1
1, 214, 1
31, 93, 1
116, 317, 1
40, 178, 1
93, 333, 1
274, 116, 1
328, 236, 1
210, 360, 1
11, 236, 1
31, 214, 1
225, 116, 1
17, 87, 1
317, 199, 1
263, 228, 1
180, 230, 1
141, 122, 1
93, 45, 1
125, 114, 1
225, 201, 1
116, 65, 1
274, 93, 1
347, 83, 1
178, 125, 1
1, 83, 1
267, 319, 1
225, 93, 1
171, 122, 1
372, 112, 1
274, 214, 1
201, 1, 1
83, 274, 1
178, 17, 1
65, 225, 1
225, 214, 1
83, 130, 1
201, 122, 1
360, 258, 1
73, 201, 1
40, 24, 1
360, 114, 1
272, 267, 1
372, 125, 1
328, 347, 1
44, 30, 1
24, 201, 1
317, 45, 1
274, 83, 1
11, 347, 1
267, 44, 1
58, 199, 1
83, 372, 1
73, 178, 1
40, 1, 1
328, 59, 1
225, 83, 1
171, 112, 1
83, 228, 1
59, 136, 1
17, 319, 1
333, 110, 1
24, 178, 1
178, 236, 1
258, 116, 1
228, 93, 1
328, 180, 1
272, 136, 1
158, 114, 1
40, 158, 1
11, 360, 1
201, 112, 1
45, 93, 1
130, 317, 1
17, 31, 1
228, 214, 1
347, 171, 1
258, 93, 1
230, 31, 1
114, 228, 1
1, 171, 1
45, 214, 1
180, 30, 1
116, 274, 1
110, 114, 1
122, 317, 1
65, 228, 1
360, 225, 1
258, 214, 1
372, 236, 1
110, 199, 1
116, 130, 1
274, 158, 1
347, 328, 1
44, 141, 1
1, 328, 1
201, 210, 1
73, 24, 1
225, 158, 1
40, 112, 1
267, 11, 1
83, 110, 1
1, 40, 1
178, 347, 1
116, 372, 1
274, 171, 1
258, 83, 1
328, 147, 1
225, 171, 1
24, 1, 1
178, 59, 1
83, 87, 1
40, 125, 1
1, 17, 1
317, 110, 1
73, 158, 1
180, 141, 1
178, 360, 1
17, 263, 1
24, 122, 1
122, 199, 1
147, 372, 1
59, 116, 1
372, 347, 1
24, 158, 1
230, 263, 1
263, 31, 1
147, 228, 1
272, 116, 1
347, 30, 1
1, 30, 1
228, 158, 1
360, 228, 1
225, 40, 1
17, 11, 1
372, 59, 1
267, 122, 1
59, 93, 1
225, 125, 1
31, 30, 1
272, 93, 1
258, 158, 1
372, 180, 1
11, 317, 1
73, 112, 1
59, 214, 1
130, 274, 1
225, 17, 1
116, 110, 1
180, 360, 1
328, 258, 1
272, 214, 1
24, 112, 1
124, 199, 1
40, 236, 1
328, 114, 1
122, 274, 1
122, 45, 1
83, 319, 1
258, 171, 1
116, 87, 1
122, 130, 1
73, 125, 1
17, 230, 1
210, 130, 1
267, 112, 1
59, 83, 1
347, 141, 1
130, 372, 1
24, 125, 1
83, 31, 1
1, 141, 1
274, 236, 1
319, 158, 1
272, 83, 1
130, 228, 1
225, 236, 1
210, 372, 1
31, 141, 1
87, 158, 1
17, 328, 1
210, 228, 1
372, 147, 1
83, 44, 1
58, 136, 1
40, 347, 1
114, 116, 1
44, 317, 1
328, 225, 1
347, 360, 1
65, 116, 1
372, 124, 1
236, 114, 1
1, 360, 1
73, 236, 1
40, 59, 1
93, 214, 1
178, 258, 1
272, 73, 1
124, 58, 1
317, 44, 1
24, 236, 1
45, 30, 1
30, 130, 1
272, 158, 1
116, 319, 1
274, 347, 1
40, 180, 1
130, 110, 1
228, 236, 1
225, 347, 1
319, 125, 1
171, 147, 1
83, 263, 1
263, 230, 1
116, 31, 1
11, 274, 1
59, 171, 1
122, 110, 1
180, 317, 1
11, 130, 1
17, 210, 1
272, 171, 1
258, 236, 1
372, 258, 1
130, 87, 1
274, 360, 1
201, 147, 1
236, 333, 1
171, 124, 1
372, 114, 1
83, 11, 1
230, 30, 1
225, 360, 1
333, 122, 1
125, 93, 1
116, 44, 1
122, 87, 1
147, 31, 1
114, 83, 1
333, 158, 1
73, 347, 1
11, 372, 1
201, 124, 1
65, 83, 1
11, 228, 1
45, 141, 1
360, 116, 1
272, 40, 1
141, 114, 1
73, 59, 1
272, 125, 1
40, 147, 1
141, 199, 1
24, 59, 1
73, 180, 1
93, 158, 1
272, 17, 1
83, 230, 1
171, 114, 1
258, 347, 1
24, 180, 1
17, 141, 1
171, 199, 1
116, 263, 1
40, 124, 1
372, 225, 1
83, 122, 1
201, 114, 1
267, 59, 1
59, 30, 1
347, 317, 1
44, 130, 1
130, 319, 1
65, 73, 1
1, 317, 1
201, 199, 1
116, 11, 1
114, 230, 1
263, 30, 1
267, 180, 1
333, 125, 1
258, 360, 1
30, 87, 1
130, 31, 1
122, 319, 1
147, 263, 1
31, 317, 1
124, 136, 1
317, 122, 1
178, 372, 1
171, 333, 1
360, 83, 1
272, 236, 1
317, 158, 1
40, 258, 1
44, 228, 1
178, 228, 1
65, 171, 1
210, 31, 1
40, 114, 1
180, 274, 1
11, 87, 1
130, 44, 1
171, 45, 1
114, 328, 1
274, 317, 1
201, 333, 1
73, 147, 1
93, 125, 1
180, 130, 1
110, 214, 1
65, 328, 1
24, 147, 1
116, 230, 1
116, 1, 1
122, 44, 1
201, 45, 1
73, 124, 1
65, 40, 1
116, 122, 1
263, 141, 1
180, 372, 1
333, 236, 1
360, 73, 1
24, 124, 1
59, 347, 1
267, 147, 1
147, 230, 1
201, 58, 1
30, 319, 1
272, 347, 1
130, 263, 1
65, 17, 1
317, 125, 1
40, 225, 1
267, 124, 1
30, 31, 1
236, 136, 1
73, 258, 1
59, 360, 1
93, 236, 1
114, 30, 1
360, 171, 1
210, 263, 1
130, 11, 1
228, 317, 1
11, 319, 1
73, 114, 1
272, 360, 1
347, 274, 1
24, 258, 1
44, 87, 1
65, 30, 1
116, 112, 1
1, 274, 1
45, 317, 1
347, 130, 1
24, 114, 1
1, 130, 1
122, 11, 1
360, 328, 1
328, 116, 1
258, 317, 1
11, 31, 1
58, 112, 1
214, 130, 1
110, 158, 1
267, 258, 1
180, 110, 1
65, 272, 1
31, 130, 1
360, 40, 1
267, 114, 1
347, 372, 1
328, 93, 1
125, 30, 1
116, 210, 1
1, 372, 1
347, 228, 1
130, 230, 1
317, 236, 1
1, 228, 1
180, 87, 1
360, 17, 1
114, 141, 1
274, 130, 1
130, 122, 1
73, 225, 1
30, 263, 1
31, 228, 1
65, 141, 1
225, 130, 1
210, 230, 1
201, 267, 1
147, 30, 1
24, 225, 1
44, 319, 1
360, 30, 1
274, 372, 1
267, 333, 1
328, 83, 1
171, 136, 1
274, 228, 1
11, 263, 1
225, 372, 1
44, 31, 1
178, 31, 1
125, 141, 1
225, 228, 1
210, 328, 1
17, 199, 1
24, 58, 1
114, 360, 1
201, 136, 1
360, 272, 1
347, 110, 1
230, 199, 1
236, 93, 1
1, 110, 1
59, 317, 1
65, 360, 1
158, 30, 1
272, 317, 1
236, 214, 1
122, 112, 1
180, 319, 1
228, 130, 1
31, 110, 1
347, 87, 1
1, 87, 1
147, 141, 1
328, 73, 1
30, 230, 1
45, 130, 1
372, 116, 1
214, 87, 1
360, 141, 1
180, 31, 1
258, 130, 1
40, 136, 1
31, 87, 1
17, 45, 1
372, 93, 1
11, 230, 1
210, 30, 1
44, 263, 1
328, 171, 1
180, 44, 1
258, 372, 1
178, 263, 1
45, 228, 1
372, 214, 1
230, 130, 1
274, 87, 1
258, 228, 1
263, 199, 1
333, 114, 1
11, 328, 1
141, 214, 1
347, 319, 1
328, 40, 1
171, 93, 1
372, 83, 1
1, 319, 1
236, 158, 1
214, 319, 1
180, 263, 1
171, 214, 1
347, 31, 1
178, 73, 1
114, 317, 1
1, 31, 1
201, 93, 1
31, 319, 1
328, 17, 1
210, 141, 1
59, 274, 1
65, 317, 1
214, 31, 1
24, 136, 1
201, 214, 1
59, 130, 1
44, 230, 1
180, 11, 1
178, 230, 1
263, 45, 1
40, 116, 1
272, 130, 1
347, 44, 1
1, 44, 1
328, 30, 1
45, 87, 1
83, 199, 1
372, 73, 1
267, 136, 1
17, 110, 1
59, 372, 1
40, 93, 1
274, 31, 1
125, 317, 1
31, 44, 1
230, 110, 1
59, 228, 1
272, 372, 1
178, 328, 1
225, 31, 1
116, 124, 1
317, 114, 1
40, 214, 1
328, 272, 1
272, 228, 1
17, 267, 1
236, 125, 1
372, 171, 1
178, 40, 1
230, 87, 1
141, 158, 1
347, 263, 1
83, 333, 1
1, 263, 1
147, 317, 1
180, 122, 1
122, 180, 1
214, 263, 1
360, 317, 1
372, 328, 1
171, 158, 1
83, 45, 1
40, 83, 1
328, 141, 1
31, 263, 1
347, 11, 1
1, 11, 1
73, 116, 1
11, 141, 1
317, 333, 1
372, 40, 1
201, 158, 1
45, 319, 1
360, 65, 1
24, 116, 1
116, 199, 1
228, 31, 1
178, 30, 1
114, 274, 1
274, 263, 1
73, 93, 1
45, 31, 1
372, 17, 1
263, 110, 1
114, 130, 1
180, 112, 1
65, 274, 1
225, 263, 1
24, 93, 1
258, 31, 1
201, 171, 1
73, 214, 1
267, 116, 1
59, 87, 1
65, 130, 1
147, 199, 1
40, 73, 1
328, 360, 1
93, 228, 1
347, 230, 1
24, 214, 1
178, 272, 1
230, 319, 1
1, 230, 1
263, 87, 1
45, 44, 1
116, 333, 1
372, 30, 1
114, 372, 1
122, 147, 1
214, 230, 1
267, 93, 1
347, 122, 1
130, 124, 1
171, 125, 1
1, 122, 1
65, 372, 1
31, 230, 1
116, 45, 1
267, 214, 1
73, 83, 1
125, 130, 1
210, 317, 1
122, 124, 1
40, 171, 1
201, 125, 1
372, 272, 1
178, 141, 1
24, 83, 1
17, 44, 1
228, 263, 1
274, 230, 1
201, 17, 1
116, 58, 1
40, 328, 1
147, 45, 1
45, 263, 1
225, 230, 1
17, 201, 1
147, 130, 1
360, 274, 1
267, 83, 1
125, 228, 1
258, 263, 1
319, 93, 1
59, 319, 1
360, 130, 1
83, 267, 1
372, 141, 1
130, 199, 1
319, 214, 1
17, 178, 1
171, 236, 1
263, 319, 1
122, 114, 1
274, 328, 1
114, 110, 1
59, 31, 1
24, 73, 1
40, 17, 1
225, 328, 1
65, 110, 1
210, 199, 1
272, 31, 1
201, 236, 1
87, 214, 1
360, 372, 1
1, 210, 1
114, 87, 1
158, 130, 1
83, 136, 1
73, 171, 1
59, 44, 1
214, 30, 1
130, 333, 1
65, 87, 1
228, 230, 1
40, 30, 1
328, 317, 1
267, 158, 1
372, 360, 1
24, 171, 1
263, 44, 1
45, 230, 1
125, 110, 1
122, 333, 1
130, 45, 1
73, 328, 1
258, 230, 1
328, 65, 1
45, 122, 1
40, 272, 1
267, 171, 1
73, 40, 1
274, 30, 1
125, 87, 1
210, 274, 1
116, 267, 1
210, 45, 1
24, 40, 1
225, 30, 1
130, 58, 1
17, 1, 1
201, 347, 1
59, 263, 1
147, 110, 1
30, 199, 1
73, 17, 1
360, 110, 1
333, 93, 1
258, 328, 1
272, 263, 1
17, 122, 1
171, 180, 1
122, 58, 1
201, 59, 1
17, 158, 1
24, 17, 1
114, 319, 1
40, 141, 1
147, 87, 1
333, 214, 1
59, 11, 1
116, 136, 1
201, 180, 1
11, 199, 1
65, 319, 1
267, 125, 1
360, 87, 1
236, 317, 1
73, 30, 1
114, 31, 1
158, 110, 1
178, 317, 1
24, 30, 1
65, 31, 1
274, 141, 1
228, 30, 1
225, 141, 1
17, 112, 1
73, 272, 1
114, 44, 1
125, 319, 1
158, 87, 1
178, 65, 1
40, 360, 1
59, 230, 1
24, 272, 1
65, 44, 1
258, 30, 1
328, 274, 1
272, 230, 1
372, 317, 1
125, 31, 1
328, 130, 1
11, 45, 1
17, 125, 1
267, 236, 1
130, 267, 1
210, 110, 1
317, 93, 1
147, 319, 1
73, 141, 1
180, 124, 1
372, 65, 1
59, 328, 1
360, 319, 1
44, 199, 1
24, 141, 1
178, 199, 1
125, 44, 1
317, 214, 1
122, 267, 1
114, 263, 1
328, 372, 1
272, 328, 1
210, 87, 1
228, 141, 1
328, 228, 1
65, 263, 1
319, 30, 1
360, 31, 1
24, 347, 1
130, 136, 1
116, 201, 1
114, 11, 1
258, 141, 1
87, 30, 1
147, 44, 1
158, 319, 1
65, 11, 1
116, 93, 1
73, 360, 1
122, 136, 1
44, 333, 1
180, 114, 1
360, 44, 1
17, 236, 1
116, 178, 1
267, 347, 1
180, 199, 1
24, 360, 1
125, 263, 1
158, 31, 1
116, 214, 1
236, 130, 1
201, 258, 1
178, 274, 1
44, 45, 1
30, 110, 1
178, 45, 1
178, 130, 1
83, 158, 1
263, 125, 1
272, 30, 1
110, 31, 1
267, 360, 1
328, 110, 1
319, 141, 1
158, 44, 1
40, 317, 1
11, 110, 1
65, 230, 1
210, 319, 1
65, 1, 1
236, 228, 1
180, 333, 1
114, 122, 1
360, 263, 1
372, 274, 1
328, 87, 1
65, 122, 1
372, 130, 1
116, 24, 1
11, 267, 1
180, 45, 1
83, 112, 1
360, 11, 1
125, 230, 1
333, 30, 1
225, 317, 1
17, 59, 1
201, 225, 1
59, 141, 1
158, 263, 1
347, 199, 1
210, 44, 1
1, 199, 1
180, 58, 1
125, 122, 1
272, 141, 1
17, 180, 1
372, 228, 1
83, 125, 1
122, 116, 1
114, 112, 1
214, 199, 1
116, 158, 1
31, 199, 1
65, 112, 1
93, 30, 1
130, 214, 1
73, 317, 1
122, 93, 1
360, 230, 1
360, 1, 1
44, 110, 1
178, 110, 1
147, 122, 1
347, 333, 1
24, 317, 1
210, 178, 1
1, 333, 1
122, 214, 1
274, 199, 1
328, 319, 1
360, 122, 1
171, 372, 1
73, 65, 1
65, 210, 1
225, 199, 1
171, 228, 1
347, 45, 1
178, 87, 1
1, 45, 1
31, 333, 1
328, 31, 1
267, 317, 1
158, 230, 1
83, 236, 1
372, 110, 1
210, 11, 1
40, 274, 1
201, 228, 1
31, 45, 1
17, 147, 1
317, 30, 1
122, 83, 1
40, 130, 1
158, 122, 1
116, 125, 1
1, 58, 1
147, 112, 1
93, 141, 1
328, 44, 1
110, 230, 1
372, 87, 1
360, 112, 1
11, 44, 1
17, 124, 1
180, 267, 1
274, 45, 1
40, 372, 1
225, 274, 1
225, 45, 1
40, 228, 1
228, 199, 1
319, 317, 1
130, 158, 1
210, 1, 1
45, 199, 1
360, 210, 1
178, 319, 1
83, 347, 1
258, 199, 1
210, 122, 1
236, 31, 1
122, 158, 1
328, 263, 1
180, 136, 1
17, 258, 1
17, 114, 1
116, 236, 1
83, 59, 1
73, 274, 1
73, 130, 1
24, 274, 1
328, 11, 1
83, 180, 1
130, 112, 1
122, 171, 1
45, 333, 1
372, 319, 1
24, 130, 1
228, 45, 1
214, 110, 1
178, 44, 1
347, 267, 1
210, 112, 1
372, 31, 1
1, 267, 1
73, 372, 1
258, 274, 1
258, 45, 1
130, 125, 1
110, 30, 1
73, 228, 1
267, 130, 1
24, 372, 1
17, 333, 1
272, 65, 1
40, 87, 1
24, 228, 1
122, 125, 1
274, 110, 1
328, 230, 1
328, 1, 1
30, 158, 1
17, 225, 1
116, 347, 1
236, 263, 1
372, 44, 1
141, 31, 1
347, 136, 1
225, 110, 1
1, 136, 1
267, 372, 1
333, 317, 1
328, 122, 1
116, 59, 1
274, 267, 1
267, 228, 1
59, 199, 1
11, 122, 1
171, 31, 1
83, 147, 1
45, 1, 1
130, 225, 1
141, 17, 1
347, 58, 1
110, 11, 1
147, 17, 1
122, 40, 1
228, 58, 1
45, 83, 1
110, 258, 1
59, 201, 1
45, 147, 1
317, 124, 1
110, 267, 1
180, 201, 1
59, 210, 1
110, 93, 1
228, 147, 1
214, 141, 1
125, 274, 1
130, 17, 1
258, 1, 1
214, 333, 1
125, 347, 1
141, 1, 1
114, 17, 1
230, 122, 1
1, 24, 1
347, 225, 1
110, 59, 1
158, 124, 1
267, 40, 1
93, 116, 1
125, 11, 1
225, 272, 1
93, 180, 1
110, 141, 1
228, 124, 1
125, 258, 1
274, 210, 1
236, 171, 1
93, 372, 1
236, 116, 1
125, 267, 1
347, 17, 1
236, 180, 1
114, 1, 1
110, 333, 1
236, 372, 1
201, 24, 1
11, 272, 1
267, 24, 1
110, 116, 1
158, 236, 1
110, 180, 1
59, 178, 1
125, 59, 1
45, 124, 1
110, 125, 1
171, 1, 1
30, 114, 1
267, 225, 1
333, 225, 1
110, 317, 1
114, 40, 1
44, 360, 1
93, 17, 1
93, 136, 1
214, 17, 1
171, 83, 1
158, 83, 1
11, 73, 1
30, 141, 1
158, 147, 1
230, 44, 1
17, 272, 1
11, 201, 1
110, 45, 1
11, 210, 1
267, 17, 1
333, 17, 1
333, 136, 1
125, 171, 1
125, 116, 1
147, 201, 1
125, 180, 1
44, 225, 1
93, 1, 1
110, 17, 1
171, 58, 1
214, 1, 1
125, 372, 1
317, 11, 1
114, 225, 1
274, 40, 1
83, 201, 1
267, 1, 1
228, 201, 1
333, 1, 1
267, 65, 1
83, 210, 1
44, 17, 1
317, 267, 1
110, 1, 1
171, 225, 1
228, 112, 1
317, 59, 1
180, 17, 1
110, 147, 1
11, 178, 1
125, 136, 1
44, 1, 1
267, 58, 1
274, 225, 1
236, 360, 1
45, 347, 1
44, 147, 1
110, 58, 1
258, 201, 1
93, 225, 1
225, 24, 1
125, 1, 1
180, 1, 1
45, 11, 1
274, 17, 1
317, 171, 1
83, 178, 1
317, 116, 1
93, 124, 1
317, 180, 1
236, 225, 1
45, 267, 1
44, 58, 1
317, 372, 1
333, 124, 1
130, 201, 1
230, 114, 1
158, 171, 1
236, 17, 1
274, 1, 1
45, 59, 1
110, 124, 1
125, 58, 1
1, 272, 1
228, 171, 1
317, 347, 1
228, 116, 1
30, 122, 1
228, 180, 1
147, 225, 1
228, 372, 1
347, 201, 1
258, 178, 1
236, 1, 1
347, 210, 1
158, 228, 1
45, 171, 1
59, 225, 1
45, 116, 1
110, 236, 1
158, 347, 1
45, 180, 1
180, 225, 1
122, 201, 1
125, 225, 1
267, 272, 1
125, 124, 1
236, 147, 1
45, 372, 1
158, 11, 1
59, 17, 1
125, 17, 1
110, 83, 1
158, 267, 1
158, 93, 1
30, 17, 1
147, 1, 1
236, 58, 1
267, 73, 1
267, 201, 1
30, 44, 1
11, 40, 1
158, 59, 1
83, 1, 1
59, 1, 1
258, 210, 1
347, 178, 1
30, 1, 1
158, 141, 1
125, 83, 1
125, 147, 1
147, 58, 1
158, 333, 1
236, 124, 1
44, 201, 1
11, 24, 1
114, 201, 1
158, 116, 1
83, 58, 1
59, 58, 1
158, 180, 1
11, 225, 1
158, 125, 1
317, 225, 1
230, 141, 1
228, 360, 1
44, 112, 1
158, 372, 1
158, 317, 1
267, 178, 1
17, 24, 1
171, 201, 1
317, 17, 1
317, 136, 1
11, 17, 1
158, 45, 1
83, 225, 1
171, 347, 1
93, 171, 1
228, 225, 1
201, 272, 1
274, 201, 1
122, 225, 1
214, 125, 1
130, 1, 1
158, 17, 1
258, 40, 1
317, 1, 1
333, 171, 1
11, 1, 1
333, 116, 1
214, 317, 1
83, 17, 1
333, 180, 1
11, 65, 1
171, 11, 1
228, 17, 1
171, 267, 1
317, 83, 1
45, 225, 1
110, 171, 1
317, 147, 1
333, 372, 1
122, 17, 1
214, 45, 1
236, 201, 1
130, 40, 1
158, 1, 1
110, 372, 1
267, 210, 1
230, 17, 1
347, 1, 1
171, 59, 1
45, 17, 1
45, 136, 1
44, 171, 1
228, 1, 1
258, 225, 1
11, 58, 1
236, 112, 1
122, 1, 1
110, 274, 1
110, 228, 1
110, 347, 1
214, 93, 1
274, 178, 1
171, 17, 1
230, 1, 1
258, 17, 1
124, 759, -1
58, 759, -1
112, 759, -1
199, 759, -1
136, 759, -1
317, 759, -1
759, 30, -1
11, 759, -1
44, 759, -1
319, 759, -1
178, 759, -1
759, 158, -1
24, 759, -1
114, 759, -1
147, 759, -1
759, 45, -1
759, 228, -1
759, 124, -1
125, 759, -1
158, 759, -1
180, 759, -1
83, 759, -1
59, 759, -1
347, 759, -1
171, 759, -1
116, 759, -1
17, 759, -1
759, 319, -1
360, 759, -1
65, 759, -1
30, 759, -1
228, 759, -1
1, 759, -1
759, 87, -1
759, 93, -1
122, 759, -1
759, 44, -1
759, 230, -1
87, 759, -1
272, 759, -1
759, 236, -1
230, 759, -1
274, 759, -1
263, 759, -1
210, 759, -1
45, 759, -1
93, 759, -1
759, 263, -1
759, 141, -1
214, 759, -1
759, 147, -1
759, 31, -1
759, 214, -1
759, 333, -1
201, 759, -1
267, 759, -1
333, 759, -1
225, 759, -1
258, 759, -1
73, 759, -1
236, 759, -1
31, 759, -1
759, 110, -1
40, 759, -1
328, 759, -1
141, 759, -1
759, 171, -1
759, 116, -1
759, 180, -1
110, 759, -1
759, 125, -1
759, 372, -1
759, 317, -1
130, 759, -1
372, 759, -1
759, 199, -1

