3609, 2796, 1
1536, 108, 1
4054, 3348, 1
3497, 3951, 1
1403, 525, 1
85, 1893, 1
2090, 1384, -1
1762, 2853, -1
53, 3612, -1
2687, 1894, -1

3675, 3980, 1
1098, 282, 1
300, 1229, 1
578, 312, 1
2029, 298, 1
3384, 528, -1
3571, 1607, -1
2832, 1508, -1
2984, 1288, -1
1900, 3559, -1

469, 976, 1
1196, 1156, 1
1036, 843, 1
2851, 3983, 1
1052, 3339, -1
2661, 806, -1
3567, 1918, -1
578, 2339, -1
3813, 1191, -1
2959, 733, -1

969, 295, 1
3713, 2675, 1
210, 3400, -1
2717, 1082, -1
2901, 146, -1
3325, 1619, -1
2518, 1223, -1
376, 2087, -1
3030, 765, -1
656, 2734, -1

1680, 558, 1
2383, 2776, 1
2243, 3050, 1
3404, 3816, 1
327, 1355, 1
3136, 790, -1
2925, 1009, -1
3165, 249, -1
2120, 959, -1
1458, 2939, -1

808, 946, 1
527, 1972, 1
3795, 3806, 1
700, 375, 1
3887, 1595, -1
2488, 1673, -1
186, 2282, -1
1314, 3696, -1
60, 3764, -1
3850, 2021, -1

3436, 2754, 1
2816, 3270, 1
2368, 3982, 1
2630, 1862, -1
1344, 3232, -1
2471, 942, -1
1885, 4069, -1
1598, 2069, -1
2331, 866, -1
1900, 2698, -1

2266, 2145, 1
3092, 3262, 1
2895, 2182, 1
2689, 2164, 1
862, 1852, 1
1671, 2470, -1
897, 2560, -1
3566, 1503, -1
2196, 1696, -1
1054, 2273, -1

3119, 3792, 1
1443, 224, 1
4049, 2190, 1
3987, 3503, 1
591, 545, 1
3344, 3882, 1
1158, 3544, -1
3582, 1630, -1
3864, 1266, -1
524, 3845, -1

911, 972, 1
400, 1265, 1
3910, 2090, 1
1220, 1920, 1
731, 1606, 1
97, 1729, 1
2575, 2090, 1
3910, 2575, 1
2090, 2575, 1
2090, 3910, 1
3004, 903, -1
2683, 1706, -1
1723, 3678, -1

