1885, 241, 1
2738, 283, -1
1851, 2617, -1
2301, 1882, -1
586, 3724, -1
2033, 2490, -1
1154, 3541, -1
18, 3104, -1
3980, 902, -1
945, 2187, -1

1815, 740, 1
997, 696, 1
993, 1447, 1
1114, 1339, 1
934, 1095, 1
1710, 757, 1
975, 3989, -1
3422, 1324, -1
1630, 3659, -1
772, 2183, -1

2864, 3575, 1
2271, 3672, 1
1161, 1345, 1
1814, 1738, 1
2114, 3688, 1
1651, 3549, -1
302, 3988, -1
3528, 579, -1
1957, 3362, -1
3653, 1620, -1

2173, 2536, 1
3657, 2812, 1
2735, 4045, 1
1691, 1708, 1
158, 3500, -1
924, 3339, -1
1746, 2692, -1
1953, 3483, -1
1580, 4095, -1
1422, 3705, -1

1372, 1322, 1
3631, 2591, 1
2638, 4001, 1
2150, 3391, 1
5, 1554, 1
3395, 1345, -1
1475, 3330, -1
3881, 1426, -1
1861, 3357, -1
3252, 1510, -1

3969, 3887, 1
37, 1607, 1
263, 2331, -1
3597, 1541, -1
2251, 265, -1
3107, 1496, -1
363, 2834, -1
2774, 1360, -1
1249, 2736, -1
3987, 1189, -1

2520, 2090, 1
95, 1249, 1
3648, 4001, 1
104, 1462, 1
1089, 1070, 1
353, 1159, 1
379, 3359, -1
203, 3158, -1
1941, 2794, -1
1603, 2658, -1

1068, 828, 1
3132, 3204, 1
3802, 3196, 1
1236, 676, 1
2431, 1729, -1
4024, 237, -1
318, 3472, -1
2409, 386, -1
1963, 3640, -1
1243, 2766, -1

3584, 2802, 1
2065, 2701, 1
1821, 1395, 1
3358, 2502, 1
2560, 1354, -1
591, 3044, -1
476, 4010, -1
1927, 2626, -1
3131, 1508, -1
2890, 417, -1

4080, 3087, 1
1288, 1211, 1
3086, 2503, 1
3746, 2170, 1
3673, 2818, 1
922, 3465, -1
3898, 1299, -1
3923, 218, -1
1116, 3358, -1
2586, 1948, -1

