1767, 1697, 1
3099, 2082, 1
1048, 1537, 1
780, 1417, 1
79, 675, 1
442, 3395, -1
1195, 3645, -1
639, 2591, -1
2890, 1403, -1
1148, 2795, -1

1156, 1044, 1
3126, 2953, 1
3458, 2378, 1
907, 952, 1
3402, 37, -1
1864, 2277, -1
3545, 895, -1
955, 3873, -1
1379, 4025, -1
2046, 4000, -1

1002, 1121, 1
1086, 237, 1
2367, 4012, 1
2919, 2112, 1
3063, 1680, -1
2452, 1834, -1
1452, 2466, -1
2119, 1035, -1
1357, 3149, -1
618, 3861, -1

3686, 2196, 1
2582, 2817, 1
3672, 2123, 1
1015, 381, 1
388, 3144, -1
4069, 867, -1
3717, 1702, -1
2675, 1082, -1
979, 3954, -1
398, 2523, -1

2272, 3112, 1
1023, 1047, 1
67, 1473, 1
652, 1369, 1
3754, 3314, 1
1860, 1155, 1
534, 2054, -1
982, 2404, -1
643, 4076, -1
1625, 2642, -1

2360, 2209, 1
3974, 2605, 1
2642, 3182, 1
2105, 3178, 1
1593, 2138, -1
2296, 1008, -1
3806, 1434, -1
3022, 601, -1
2859, 549, -1
1103, 3700, -1

1019, 1784, 1
82, 848, 1
386, 865, 1
432, 1094, 1
1416, 664, 1
6, 293, 1
3529, 3811, 1
3956, 2618, 1
1007, 1518, 1
45, 3289, -1

2716, 3738, 1
2537, 2219, 1
3306, 3271, 1
1319, 1769, 1
2580, 2625, 1
1315, 180, 1
1984, 2077, -1
2581, 324, -1
1564, 3354, -1
3260, 709, -1

2650, 2387, 1
1228, 1302, 1
2642, 3362, 1
2602, 3863, 1
155, 21, 1
503, 696, 1
1244, 3403, -1
1706, 2885, -1
486, 3559, -1
3315, 2034, -1

338, 1637, 1
3883, 2671, 1
2561, 3639, 1
1703, 1557, 1
879, 1299, 1
1472, 2644, -1
3701, 1565, -1
3017, 339, -1
3665, 1170, -1
67, 2724, -1

