3789, 3793, 1
3393, 2370, 1
3014, 2130, 1
393, 516, 1
2925, 2555, 1
1439, 2308, -1
1052, 3690, -1
860, 3686, -1
2484, 632, -1
407, 3828, -1

1585, 2, 1
964, 1749, 1
2295, 2571, 1
1527, 1605, 1
121, 1996, 1
1075, 2023, 1
3427, 3471, 1
443, 2656, -1
1946, 3996, -1
1871, 3088, -1

3134, 3249, 1
3213, 3821, 1
1096, 568, 1
2556, 3353, 1
3199, 2858, 1
3970, 873, -1
537, 2920, -1
560, 3160, -1
3749, 727, -1
2063, 1927, -1

3980, 3791, 1
2045, 1016, 1
1093, 301, 1
2803, 2641, 1
2689, 3289, 1
3025, 1791, -1
476, 3181, -1
24, 2062, -1
1452, 2235, -1
2162, 915, -1

3694, 4028, 1
1859, 411, 1
2928, 2880, 1
3106, 3176, 1
3080, 2175, 1
2000, 3584, -1
3610, 197, -1
2333, 825, -1
3368, 102, -1
995, 4027, -1

1487, 1002, 1
1449, 1487, 1
1077, 1729, 1
3187, 3858, 1
1449, 1002, 1
1002, 1487, 1
3292, 1365, -1
3375, 1491, -1
2582, 1627, -1
747, 3696, -1
2211, 596, -1
3002, 1319, -1

3627, 3421, 1
3018, 2324, 1
2398, 61, -1
3499, 1759, -1
1300, 2786, -1
3402, 1807, -1
1394, 2291, -1
388, 3536, -1
3327, 1365, -1
2008, 2609, -1

1540, 94, 1
2202, 4015, 1
450, 535, 1
3335, 3079, 1
2431, 1383, -1
3400, 1083, -1
1473, 3598, -1
1940, 3646, -1
501, 3043, -1
3090, 667, -1

1509, 293, 1
2733, 2422, 1
98, 2045, 1
1625, 665, 1
710, 1210, 1
33, 1949, 1
2562, 3899, 1
707, 3202, -1
1698, 3273, -1
689, 2349, -1

435, 1845, 1
1404, 1632, 1
2425, 3764, 1
3957, 3937, 1
3900, 2965, 1
3900, 1680, -1
1260, 3450, -1
90, 2286, -1
1648, 2157, -1
1601, 4071, -1
1680, 2965, -1
1680, 3900, -1

