1892, 1818, 1
2081, 2987, 1
2562, 2664, 1
2531, 2769, 1
3794, 1238, -1
2964, 845, -1
1550, 2154, -1
755, 2381, -1
3803, 864, -1
2268, 968, -1

484, 1963, 1
2916, 3617, 1
1382, 536, 1
1289, 898, 1
2524, 2083, 1
1424, 2741, -1
2307, 2006, -1
1426, 3339, -1
2804, 1570, -1
2820, 1945, -1

504, 976, 1
1974, 932, 1
1783, 1831, 1
225, 141, 1
3086, 2860, 1
901, 855, 1
1541, 3443, -1
1965, 3701, -1
668, 4031, -1
2895, 1525, -1

335, 34, 1
3614, 3226, 1
1409, 939, 1
802, 2928, -1
952, 3397, -1
388, 3047, -1
3796, 1571, -1
2886, 1112, -1
89, 2171, -1
434, 3872, -1

1353, 1750, 1
3590, 2297, 1
1809, 1860, 1
1360, 2580, -1
1343, 2756, -1
3512, 1573, -1
3827, 1091, -1
319, 3781, -1
2977, 92, -1
1193, 3153, -1

2293, 4022, 1
3096, 3256, 1
329, 1655, 1
3925, 2256, 1
1817, 1895, 1
3073, 2548, 1
1379, 1519, 1
615, 2517, -1
2913, 2005, -1
3964, 1410, -1

1190, 585, 1
724, 548, 1
2879, 2550, 1
1023, 382, 1
2388, 1605, -1
834, 2986, -1
1795, 2062, -1
2023, 3355, -1
3482, 1685, -1
790, 3706, -1

1112, 1341, 1
3858, 4017, 1
503, 1465, 1
2475, 3470, 1
2933, 1635, -1
702, 3830, -1
3257, 756, -1
1223, 2054, -1
1421, 3965, -1
640, 2092, -1

952, 149, 1
3380, 3059, 1
926, 1509, 1
3489, 2719, 1
108, 3896, -1
3112, 1677, -1
804, 2869, -1
572, 4080, -1
2726, 632, -1
3276, 1375, -1

459, 1014, 1
562, 1353, 1
2302, 2827, 1
2365, 2056, 1
2030, 345, 1
4077, 3312, 1
3937, 2077, 1
1461, 883, 1
3289, 678, -1
2282, 2025, -1

