1594, 1072, 1
3728, 2975, 1
2930, 2510, 1
1633, 716, 1
3326, 1938, -1
2228, 1332, -1
1563, 2137, -1
2171, 1367, -1
2098, 95, -1
2212, 1434, -1

3199, 3691, 1
3175, 2208, 1
3854, 3116, 1
135, 539, 1
2818, 961, -1
2799, 774, -1
827, 2113, -1
1365, 3039, -1
1560, 3578, -1
1900, 2300, -1

4001, 2738, 1
2302, 3682, 1
375, 1699, 1
2339, 2124, 1
1501, 37, 1
4061, 2423, 1
2111, 159, -1
1275, 2828, -1
1258, 3302, -1
3554, 1498, -1

2334, 3901, 1
2681, 3997, 1
461, 1890, 1
167, 586, 1
721, 1155, 1
3201, 1388, -1
1225, 3849, -1
3332, 1618, -1
1807, 3499, -1
2019, 3821, -1

3510, 2505, 1
1021, 1964, 1
810, 602, 1
1775, 768, 1
3846, 3042, 1
307, 1947, 1
3333, 3462, 1
46, 2824, -1
2959, 1781, -1
1012, 2816, -1

3544, 2589, 1
3450, 3271, 1
2673, 4093, 1
516, 1590, 1
1387, 1781, 1
3147, 1286, -1
179, 3205, -1
518, 2539, -1
1093, 3276, -1
3126, 235, -1

78, 264, 1
3249, 2438, 1
142, 1944, 1
772, 64, 1
2869, 970, -1
931, 2718, -1
2314, 1197, -1
492, 2928, -1
2805, 820, -1
583, 3950, -1

2090, 3562, 1
510, 696, 1
2614, 3515, 1
3184, 3446, 1
2871, 3064, 1
2545, 748, -1
2327, 1955, -1
3847, 708, -1
2488, 196, -1
1203, 2352, -1

976, 1646, 1
3183, 2399, 1
3427, 3198, 1
2254, 3725, 1
2511, 1357, -1
467, 2336, -1
2516, 676, -1
2108, 1760, -1
3086, 1027, -1
1095, 3242, -1

3550, 3923, 1
581, 1847, 1
3315, 3175, 1
2148, 2532, 1
1978, 606, 1
573, 1257, 1
3936, 3928, 1
2373, 409, -1
641, 3849, -1
780, 3784, -1

