1715, 48, 1
3028, 2083, 1
2722, 2816, 1
662, 498, 1
1222, 308, 1
1365, 2027, 1
1988, 3761, -1
755, 2160, -1
2928, 1648, -1
3845, 2042, -1

3747, 2063, 1
2399, 3515, 1
3342, 3646, 1
2344, 704, -1
2721, 930, -1
2238, 201, -1
1857, 3061, -1
689, 2537, -1
655, 2311, -1
2828, 925, -1

650, 1019, 1
96, 423, 1
1554, 425, 1
2370, 402, -1
2069, 103, -1
439, 2428, -1
2236, 1767, -1
2460, 1122, -1
736, 3692, -1
3949, 348, -1

3436, 3661, 1
2973, 2177, 1
1342, 2033, 1
3684, 2627, 1
3728, 3748, 1
1463, 1370, 1
3328, 1142, -1
2833, 1120, -1
566, 2253, -1
2909, 1595, -1

2804, 2103, 1
20, 1358, 1
2596, 2948, 1
4091, 3489, 1
4066, 872, -1
2838, 1151, -1
2669, 1575, -1
1805, 3294, -1
3245, 119, -1
2885, 108, -1

745, 103, 1
2413, 2590, 1
456, 1631, 1
3998, 2108, 1
669, 606, 1
3094, 751, -1
2576, 1671, -1
3283, 1640, -1
3256, 859, -1
2420, 881, -1

1233, 1350, 1
3443, 3915, 1
74, 1599, 1
3437, 2342, 1
354, 929, 1
1962, 642, 1
3750, 87, -1
2815, 1670, -1
4008, 289, -1
1181, 3324, -1

3520, 3485, 1
2307, 2236, 1
1777, 684, 1
402, 628, 1
1658, 404, 1
3833, 252, -1
3182, 928, -1
813, 2269, -1
2175, 701, -1
1024, 2717, -1

2091, 3995, 1
2390, 3496, 1
2656, 3658, 1
1543, 5, 1
3975, 2850, 1
3315, 492, -1
778, 3711, -1
1909, 3436, -1
2925, 1865, -1
656, 3484, -1

35, 1875, 1
1583, 776, 1
2139, 3881, 1
183, 1408, 1
1716, 1884, 1
2918, 3533, 1
776, 1583, 1
1583, 2217, -1
909, 2134, -1
3717, 526, -1
204, 3545, -1
776, 2217, -1
2217, 1583, -1

