161, 206, 1
133, 118, 1
49, 85, 1
82, 73, 1
187, 102, 1
113, 169, 1
80, 31, 1
104, 180, 1
183, 179, 1
16, 54, 1
3, 19, 1
126, 192, 1
93, 43, 1
123, 176, 1
101, 195, 1
146, 177, 1
159, 121, 1
201, 148, 1
115, 120, 1
51, 31, 1
16, 7, 1
128, 182, 1
91, 11, 1
156, 130, 1
54, 60, 1
60, 31, 1
183, 198, 1
44, 82, 1
152, 161, 1
170, 168, 1
188, 200, 1
124, 159, 1
20, 10, 1
162, 108, 1
180, 127, 1
182, 109, 1
123, 124, 1
74, 91, 1
90, 59, 1
160, 101, 1
184, 172, 1
125, 160, 1
9, 50, 1
85, 79, 1
192, 157, 1
178, 163, 1
193, 126, 1
163, 191, 1
167, 188, 1
141, 112, 1
196, 155, 1
105, 188, 1
132, 163, 1
15, 73, 1
54, 7, 1
104, 142, 1
102, 114, 1
72, 82, 1
18, 87, 1
157, 126, 1
125, 134, 1
35, 51, 1
200, 167, 1
54, 31, 1
152, 206, 1
73, 44, 1
160, 195, 1
176, 124, 1
121, 124, 1
132, 191, 1
67, 95, 1
178, 191, 1
192, 193, 1
105, 167, 1
161, 138, 1
200, 105, 1
115, 113, 1
170, 113, 1
11, 74, 1
178, 132, 1
179, 198, 1
80, 51, 1
82, 15, 1
40, 18, 1
80, 60, 1
49, 79, 1
128, 198, 1
116, 111, 1
51, 60, 1
123, 159, 1
183, 161, 1
73, 42, 1
131, 181, 1
170, 115, 1
101, 125, 1
128, 109, 1
16, 60, 1
114, 122, 1
104, 127, 1
194, 179, 1
72, 73, 1
183, 206, 1
138, 183, 1
134, 140, 1
176, 121, 1
115, 169, 1
170, 169, 1
182, 198, 1
179, 181, 1
200, 188, 1
120, 113, 1
194, 181, 1
40, 77, 1
16, 31, 1
152, 138, 1
181, 183, 1
187, 114, 1
82, 95, 1
193, 157, 1
179, 183, 1
163, 132, 1
138, 206, 1
120, 170, 1
128, 183, 1
120, 115, 1
194, 183, 1
95, 15, 1
161, 198, 1
80, 35, 1
44, 15, 1
42, 82, 1
152, 179, 1
72, 15, 1
179, 206, 1
82, 44, 1
60, 7, 1
140, 125, 1
195, 125, 1
169, 170, 1
35, 60, 1
169, 115, 1
140, 134, 1
137, 117, 1
192, 126, 1
92, 69, 1
131, 179, 1
121, 123, 1
176, 123, 1
152, 183, 1
142, 127, 1
176, 159, 1
73, 82, 1
51, 54, 1
6, 95, 1
16, 51, 1
42, 15, 1
120, 169, 1
2, 6, 1
161, 179, 1
136, 125, 1
136, 134, 1
11, 91, 1
134, 125, 1
168, 120, 1
182, 183, 1
125, 195, 1
160, 125, 1
160, 134, 1
131, 183, 1
198, 182, 1
16, 80, 1
168, 113, 1
102, 122, 1
72, 44, 1
136, 175, 1
188, 167, 1
73, 6, 1
168, 170, 1
168, 115, 1
43, 93, 1
60, 54, 1
194, 198, 1
121, 159, 1
101, 134, 1
195, 101, 1
40, 87, 1
206, 183, 1
19, 3, 1
160, 140, 1
198, 206, 1
175, 125, 1
18, 77, 1
42, 44, 1
109, 198, 1
175, 134, 1
7, 31, 1
73, 95, 1
180, 142, 1
179, 131, 1
114, 187, 1
109, 182, 1
194, 131, 1
80, 54, 1
35, 31, 1
73, 15, 1
152, 198, 1
113, 170, 1
113, 115, 1
198, 183, 1
128, 179, 1
168, 169, 1
152, 182, 1
161, 194, 1
194, 206, 1
16, 93, 1
51, 7, 1
51, 80, 1
120, 168, 1
131, 198, 1
128, 181, 1
183, 181, 1
67, 6, 1
206, 109, 1
175, 140, 1
206, 182, 1
136, 160, 1
114, 102, 1
74, 11, 1
43, 60, 1
131, 182, 1
105, 200, 1
134, 160, 1
73, 67, 1
44, 95, 1
152, 131, 1
93, 54, 1
195, 175, 1
82, 42, 1
169, 113, 1
161, 109, 1
51, 93, 1
72, 6, 1
161, 182, 1
44, 42, 1
16, 35, 1
198, 109, 1
128, 206, 1
77, 87, 1
175, 101, 1
195, 134, 1
69, 92, 1
206, 198, 1
93, 31, 1
152, 181, 1
167, 200, 1
67, 15, 1
140, 136, 1
35, 7, 1
67, 42, 1
54, 51, 1
82, 67, 1
35, 80, 1
42, 95, 1
161, 131, 1
152, 128, 1
125, 175, 1
2, 95, 1
93, 60, 1
181, 182, 1
140, 175, 1
122, 114, 1
72, 95, 1
42, 6, 1
194, 109, 1
15, 6, 1
60, 93, 1
67, 44, 1
73, 2, 1
72, 67, 1
2, 15, 1
31, 60, 1
128, 194, 1
6, 15, 1
183, 194, 1
54, 16, 1
80, 7, 1
91, 74, 1
80, 16, 1
72, 42, 1
138, 198, 1
140, 195, 1
195, 140, 1
170, 120, 1
161, 181, 1
31, 7, 1
109, 183, 1
138, 182, 1
43, 54, 1
160, 136, 1
181, 198, 1
182, 206, 1
161, 183, 1
134, 175, 1
131, 206, 1
160, 175, 1
122, 102, 1
128, 152, 1
15, 95, 1
194, 161, 1
179, 109, 1
42, 67, 1
80, 93, 1
179, 182, 1
152, 109, 1
2, 67, 1
82, 2, 1
122, 187, 1
125, 101, 1
194, 182, 1
51, 35, 1
136, 140, 1
136, 195, 1
43, 31, 1
140, 101, 1
152, 194, 1
138, 131, 1
93, 7, 1
35, 54, 1
80, 43, 1
128, 138, 1
194, 138, 1
183, 138, 1
138, 179, 1
43, 51, 1
67, 82, 1
16, 43, 1
101, 175, 1
82, 6, 1
128, 131, 1
183, 131, 1
140, 160, 1
138, 181, 1
136, 101, 1
44, 6, 1
128, 161, 1
181, 206, 1
134, 101, 1
31, 54, 1
2, 42, 1
109, 138, 1
42, 2, 1
7, 93, 1
134, 195, 1
138, 128, 1
31, 93, 1
125, 140, 1
181, 138, 1
131, 128, 1
42, 72, 1
54, 43, 1
73, 72, 1
138, 152, 1
101, 136, 1
2, 72, 1
179, 138, 1
72, 2, 1
131, 152, 1
82, 72, 1
51, 43, 1
138, 109, 1
35, 93, 1
131, 109, 1
101, 160, 1
175, 195, 1
125, 136, 1
2, 44, 1
113, 168, 1
198, 181, 1
115, 168, 1
109, 152, 1
195, 136, 1
198, 138, 1
179, 128, 1
161, 128, 1
194, 128, 1
95, 6, 1
181, 109, 1
179, 152, 1
67, 2, 1
43, 35, 1
195, 160, 1
182, 181, 1
161, 152, 1
35, 43, 1
194, 152, 1
109, 206, 1
206, 181, 1
169, 168, 1
54, 35, 1
54, 93, 1
182, 138, 1
187, 122, 1
183, 109, 1
43, 7, 1
7, 54, 1
206, 138, 1
131, 138, 1
7, 60, 1
2, 82, 1
109, 181, 1
183, 182, 1
101, 140, 1
67, 72, 1
169, 120, 1
109, 179, 1
109, 131, 1
113, 120, 1
6, 44, 1
187, 77, -1
60, 134, -1
153, 53, -1
67, 138, -1
73, 194, -1
57, 115, -1
92, 180, -1
114, 18, -1
82, 131, -1
137, 74, -1
69, 104, -1
34, 97, -1
62, 100, -1
198, 6, -1
162, 84, -1
93, 195, -1
179, 73, -1
39, 111, -1
140, 54, -1
161, 95, -1
181, 72, -1
6, 128, -1
40, 102, -1
175, 80, -1
203, 19, -1
125, 60, -1
12, 189, -1
95, 183, -1
1, 133, -1
116, 39, -1
2, 182, -1
87, 122, -1
96, 132, -1
136, 35, -1
57, 170, -1
136, 51, -1
102, 18, -1
67, 161, -1
57, 113, -1
69, 142, -1
181, 82, -1
167, 8, -1
87, 114, -1
117, 11, -1
176, 26, -1
42, 194, -1
91, 117, -1
182, 6, -1
2, 109, -1
108, 84, -1
73, 181, -1
77, 102, -1
31, 175, -1
43, 195, -1
18, 187, -1
40, 187, -1
101, 93, -1
54, 134, -1
125, 54, -1
92, 127, -1
104, 92, -1
180, 69, -1
179, 95, -1
160, 60, -1
140, 60, -1
152, 95, -1
57, 169, -1
1, 118, -1
44, 181, -1
8, 188, -1
26, 123, -1
179, 15, -1
73, 183, -1
120, 57, -1
183, 6, -1
16, 140, -1
198, 95, -1
73, 131, -1
152, 67, -1
168, 57, -1
96, 163, -1
136, 31, -1
137, 91, -1
194, 15, -1
194, 82, -1
131, 44, -1
3, 203, -1
67, 206, -1
134, 31, -1
82, 179, -1
125, 31, -1
128, 2, -1
206, 95, -1
80, 175, -1
43, 101, -1
179, 44, -1
194, 44, -1
131, 15, -1
40, 114, -1
26, 124, -1
60, 101, -1
187, 87, -1
72, 194, -1
134, 60, -1
8, 167, -1
67, 198, -1
11, 117, -1
111, 39, -1
19, 203, -1
175, 51, -1
175, 60, -1
195, 93, -1
161, 6, -1
16, 134, -1
136, 80, -1
8, 105, -1
134, 7, -1
160, 16, -1
160, 80, -1
11, 137, -1
15, 183, -1
140, 31, -1
160, 43, -1
82, 181, -1
51, 125, -1
92, 142, -1
80, 140, -1
51, 134, -1
160, 93, -1
125, 93, -1
161, 67, -1
67, 179, -1
179, 82, -1
122, 87, -1
160, 31, -1
198, 15, -1
72, 131, -1
2, 198, -1
51, 175, -1
136, 54, -1
18, 114, -1
72, 179, -1
122, 18, -1
134, 54, -1
114, 87, -1
160, 54, -1
60, 125, -1
183, 95, -1
195, 60, -1
194, 95, -1
181, 15, -1
179, 6, -1
8, 200, -1
72, 181, -1
82, 183, -1
128, 6, -1
183, 15, -1
73, 198, -1
74, 117, -1
26, 159, -1
96, 178, -1
44, 183, -1
42, 131, -1
180, 92, -1
137, 11, -1
138, 95, -1
60, 175, -1
138, 67, -1
42, 179, -1
18, 102, -1
101, 54, -1
136, 60, -1
109, 6, -1
160, 51, -1
67, 183, -1
80, 125, -1
80, 134, -1
42, 181, -1
128, 95, -1
96, 191, -1
16, 125, -1
51, 140, -1
175, 54, -1
183, 67, -1
82, 198, -1
114, 77, -1
101, 31, -1
69, 127, -1
125, 7, -1
42, 183, -1
73, 161, -1
140, 7, -1
194, 42, -1
102, 87, -1
73, 179, -1
104, 69, -1
44, 182, -1
182, 15, -1
128, 44, -1
16, 175, -1
109, 95, -1
183, 44, -1
131, 6, -1
175, 31, -1
43, 140, -1
15, 206, -1
73, 138, -1
109, 15, -1
80, 195, -1
93, 134, -1
15, 181, -1
140, 93, -1
136, 7, -1
18, 122, -1
67, 109, -1
136, 16, -1
161, 15, -1
67, 182, -1
35, 101, -1
54, 136, -1
82, 161, -1
160, 7, -1
175, 35, -1
152, 42, -1
195, 31, -1
35, 195, -1
35, 140, -1
125, 43, -1
16, 136, -1
6, 198, -1
72, 198, -1
93, 175, -1
73, 206, -1
72, 152, -1
42, 182, -1
44, 179, -1
206, 6, -1
54, 101, -1
206, 15, -1
138, 82, -1
152, 44, -1
80, 101, -1
82, 138, -1
131, 42, -1
136, 93, -1
54, 140, -1
195, 54, -1
101, 7, -1
40, 122, -1
16, 195, -1
128, 73, -1
128, 82, -1
183, 82, -1
57, 168, -1
54, 160, -1
161, 42, -1
44, 131, -1
42, 198, -1
80, 160, -1
127, 92, -1
15, 198, -1
194, 2, -1
67, 181, -1
42, 161, -1
175, 7, -1
82, 206, -1
138, 6, -1
138, 15, -1
43, 125, -1
161, 44, -1
72, 161, -1
169, 57, -1
161, 2, -1
43, 134, -1
15, 182, -1
181, 95, -1
44, 206, -1
93, 101, -1
77, 114, -1
67, 131, -1
181, 6, -1
72, 128, -1
16, 101, -1
51, 195, -1
42, 138, -1
194, 6, -1
128, 15, -1
152, 73, -1
152, 82, -1
195, 7, -1
35, 125, -1
73, 109, -1
35, 134, -1
72, 183, -1
73, 182, -1
122, 77, -1
152, 2, -1
16, 160, -1
142, 92, -1
2, 179, -1
7, 175, -1
42, 206, -1
131, 82, -1
121, 26, -1
54, 125, -1
2, 206, -1
51, 101, -1
6, 206, -1
72, 206, -1
35, 175, -1
160, 35, -1
128, 67, -1
194, 67, -1
31, 125, -1
138, 44, -1
152, 6, -1
161, 73, -1
31, 134, -1
152, 15, -1
161, 82, -1
179, 42, -1
80, 136, -1
128, 42, -1
82, 109, -1
183, 42, -1
2, 183, -1
44, 198, -1
82, 182, -1
182, 95, -1
54, 175, -1
6, 183, -1
131, 95, -1
44, 152, -1
152, 72, -1
2, 152, -1
42, 109, -1
2, 161, -1
44, 109, -1
95, 206, -1
101, 51, -1
15, 109, -1
101, 60, -1
175, 43, -1
72, 109, -1
42, 152, -1
2, 194, -1
6, 182, -1
72, 182, -1
35, 136, -1
125, 51, -1
138, 42, -1
35, 160, -1
95, 138, -1
54, 195, -1
67, 128, -1
109, 82, -1
101, 35, -1
138, 2, -1
93, 125, -1
7, 101, -1
60, 195, -1
31, 101, -1
57, 120, -1
67, 152, -1
2, 181, -1
179, 67, -1
43, 136, -1
134, 93, -1
125, 35, -1
6, 181, -1
44, 138, -1
7, 125, -1
82, 128, -1
2, 138, -1
73, 128, -1
72, 138, -1
15, 138, -1
77, 122, -1
7, 134, -1
95, 198, -1
6, 138, -1
43, 160, -1
161, 72, -1
82, 152, -1
101, 43, -1
43, 175, -1
136, 43, -1
73, 152, -1
60, 136, -1
93, 136, -1
175, 93, -1
42, 128, -1
113, 57, -1
51, 136, -1
44, 128, -1
115, 57, -1
2, 128, -1
170, 57, -1
2, 131, -1
95, 182, -1
60, 160, -1
93, 160, -1
183, 2, -1
128, 72, -1
51, 160, -1
194, 72, -1
109, 67, -1
109, 44, -1
182, 44, -1
138, 72, -1

