165, 127, 1
29, 61, 1
18, 10, 1
63, 65, 1
127, 129, 1
201, 165, 1
185, 108, 1
201, 127, 1
129, 165, 1
201, 129, 1
129, 201, 1
129, 127, 1
78, 176, -1
189, 73, -1
192, 77, -1

131, 175, 1
53, 84, 1
163, 117, 1
20, 17, 1
90, 27, 1
65, 93, 1
183, 65, -1
71, 181, -1
27, 167, -1
121, 86, -1
183, 93, -1
90, 167, -1
65, 183, -1
93, 183, -1

33, 76, 1
157, 205, 1
60, 81, 1
165, 108, 1
200, 130, 1
71, 77, 1
93, 88, 1
101, 167, 1
43, 5, 1
119, 179, 1

114, 189, 1
168, 115, 1
11, 81, 1
59, 65, 1
149, 204, 1
30, 143, -1
28, 129, -1
106, 22, -1
168, 20, -1
166, 31, -1
115, 20, -1

134, 117, 1
58, 57, 1
130, 111, 1
95, 12, 1
49, 71, 1
130, 161, 1
161, 111, 1
161, 130, 1
38, 149, -1
138, 18, -1
190, 43, -1
8, 198, -1

93, 92, 1
116, 150, 1
201, 107, 1
76, 85, 1
184, 164, 1
89, 75, 1
141, 181, 1
66, 6, 1
193, 88, -1
91, 158, -1

186, 177, 1
91, 8, 1
201, 157, 1
168, 165, 1
200, 103, 1
177, 186, 1
61, 141, -1
48, 101, -1
71, 186, -1
59, 116, -1
196, 43, -1
177, 71, -1
186, 71, -1

27, 34, 1
156, 157, 1
72, 24, 1
95, 7, 1
117, 17, -1
38, 200, -1
107, 95, -1
77, 114, -1
62, 122, -1
57, 189, -1
107, 7, -1

175, 205, 1
161, 122, 1
168, 21, -1
122, 8, -1
92, 115, -1
193, 83, -1
126, 61, -1
69, 99, -1
87, 199, -1
11, 154, -1
8, 161, -1
8, 122, -1

164, 145, 1
107, 141, 1
67, 78, 1
124, 142, 1
145, 164, 1
171, 20, -1
9, 145, -1
73, 179, -1
25, 117, -1
173, 23, -1
199, 11, -1
9, 164, -1

