40, 22, 1
57, 19, 1
188, 133, 1
44, 84, 1
161, 118, 1
124, 111, 1
0, 55, 1
123, 122, 1
117, 162, 1
62, 14, 1
27, 24, 1
13, 90, 1
158, 171, 1
39, 26, 1
157, 173, 1
106, 155, 1
175, 170, 1
13, 87, 1
4, 49, 1
81, 21, 1
9, 24, 1
61, 23, 1
60, 57, 1
149, 188, 1
167, 149, 1
186, 174, 1
142, 197, 1
181, 110, 1
27, 86, 1
7, 6, 1
122, 193, 1
21, 16, 1
64, 11, 1
18, 60, 1
28, 86, 1
115, 193, 1
89, 69, 1
181, 104, 1
188, 157, 1
146, 160, 1
164, 102, 1
95, 30, 1
114, 127, 1
46, 36, 1
39, 35, 1
119, 105, 1
16, 81, 1
13, 94, 1
148, 199, 1
124, 199, 1
154, 127, 1
99, 191, 1
27, 28, 1
57, 75, 1
108, 206, 1
160, 161, 1
90, 87, 1
115, 199, 1
26, 35, 1
201, 162, 1
72, 90, 1
149, 133, 1
19, 60, 1
104, 110, 1
122, 115, 1
9, 27, 1
120, 161, 1
157, 149, 1
47, 39, 1
17, 84, 1
193, 123, 1
188, 167, 1
188, 173, 1
12, 54, 1
19, 38, 1
24, 86, 1
136, 147, 1
160, 120, 1
26, 95, 1
157, 133, 1
148, 124, 1
126, 127, 1
106, 164, 1
0, 3, 1
57, 18, 1
173, 150, 1
45, 53, 1
26, 30, 1
26, 39, 1
150, 157, 1
161, 157, 1
188, 150, 1
17, 94, 1
84, 13, 1
149, 167, 1
146, 150, 1
30, 39, 1
18, 19, 1
161, 150, 1
19, 57, 1
148, 189, 1
19, 75, 1
173, 133, 1
17, 87, 1
94, 87, 1
75, 19, 1
168, 155, 1
9, 28, 1
44, 13, 1
168, 164, 1
72, 13, 1
24, 28, 1
17, 44, 1
162, 117, 1
146, 173, 1
146, 118, 1
26, 55, 1
168, 102, 1
122, 199, 1
199, 111, 1
1, 92, 1
115, 148, 1
90, 94, 1
0, 39, 1
148, 111, 1
111, 199, 1
75, 60, 1
106, 102, 1
146, 120, 1
157, 150, 1
160, 146, 1
49, 4, 1
92, 39, 1
115, 123, 1
161, 120, 1
173, 149, 1
173, 167, 1
147, 148, 1
57, 38, 1
180, 127, 1
125, 191, 1
114, 154, 1
154, 126, 1
189, 111, 1
155, 164, 1
114, 126, 1
149, 157, 1
160, 157, 1
16, 21, 1
120, 160, 1
24, 9, 1
160, 150, 1
193, 122, 1
147, 189, 1
30, 95, 1
18, 75, 1
44, 94, 1
35, 39, 1
89, 74, 1
84, 90, 1
123, 115, 1
201, 117, 1
170, 175, 1
193, 115, 1
3, 55, 1
160, 173, 1
160, 118, 1
154, 114, 1
120, 146, 1
26, 47, 1
188, 149, 1
147, 111, 1
178, 190, 1
90, 13, 1
133, 167, 1
125, 99, 1
189, 199, 1
3, 39, 1
173, 157, 1
168, 106, 1
193, 199, 1
84, 94, 1
95, 39, 1
17, 13, 1
124, 148, 1
115, 124, 1
122, 123, 1
118, 150, 1
155, 102, 1
60, 38, 1
190, 175, 1
24, 27, 1
84, 87, 1
120, 150, 1
57, 60, 1
104, 181, 1
147, 124, 1
170, 190, 1
0, 26, 1
72, 87, 1
35, 47, 1
124, 189, 1
173, 118, 1
74, 69, 1
17, 90, 1
9, 86, 1
120, 173, 1
155, 106, 1
120, 118, 1
6, 7, 1
157, 167, 1
147, 199, 1
35, 95, 1
161, 146, 1
39, 95, 1
99, 125, 1
161, 173, 1
120, 157, 1
114, 180, 1
26, 3, 1
146, 157, 1
1, 95, 1
30, 55, 1
133, 150, 1
19, 18, 1
170, 178, 1
3, 95, 1
6, 57, 1
160, 149, 1
123, 148, 1
160, 167, 1
72, 84, 1
13, 44, 1
199, 189, 1
90, 44, 1
193, 148, 1
193, 111, 1
122, 124, 1
120, 188, 1
1, 26, 1
133, 118, 1
124, 115, 1
35, 92, 1
188, 118, 1
1, 35, 1
133, 173, 1
35, 3, 1
3, 35, 1
123, 189, 1
150, 173, 1
150, 118, 1
35, 30, 1
0, 30, 1
126, 114, 1
39, 30, 1
60, 7, 1
199, 147, 1
95, 47, 1
92, 30, 1
3, 92, 1
124, 147, 1
148, 147, 1
55, 47, 1
72, 17, 1
118, 167, 1
1, 39, 1
136, 148, 1
120, 149, 1
75, 7, 1
123, 111, 1
3, 30, 1
178, 175, 1
94, 84, 1
120, 167, 1
55, 95, 1
123, 193, 1
115, 189, 1
127, 154, 1
118, 160, 1
173, 160, 1
199, 124, 1
30, 47, 1
157, 118, 1
120, 133, 1
148, 115, 1
193, 147, 1
94, 13, 1
35, 55, 1
146, 188, 1
149, 150, 1
7, 57, 1
39, 55, 1
136, 189, 1
161, 188, 1
115, 136, 1
150, 133, 1
161, 133, 1
75, 57, 1
178, 170, 1
84, 44, 1
115, 111, 1
123, 124, 1
47, 95, 1
44, 87, 1
193, 124, 1
90, 84, 1
0, 47, 1
149, 173, 1
111, 189, 1
149, 118, 1
72, 44, 1
133, 149, 1
136, 111, 1
115, 122, 1
180, 154, 1
118, 157, 1
136, 193, 1
0, 95, 1
122, 148, 1
146, 149, 1
123, 147, 1
180, 126, 1
146, 167, 1
161, 149, 1
150, 149, 1
75, 6, 1
150, 167, 1
55, 39, 1
161, 167, 1
146, 133, 1
72, 94, 1
18, 38, 1
161, 160, 1
150, 160, 1
136, 115, 1
136, 124, 1
122, 189, 1
0, 35, 1
75, 38, 1
115, 147, 1
160, 188, 1
160, 133, 1
39, 47, 1
94, 17, 1
57, 7, 1
95, 55, 1
92, 47, 1
94, 44, 1
123, 199, 1
136, 199, 1
0, 92, 1
180, 114, 1
26, 92, 1
1, 47, 1
19, 7, 1
122, 111, 1
199, 148, 1
154, 180, 1
133, 157, 1
92, 95, 1
157, 160, 1
3, 47, 1
193, 189, 1
122, 147, 1
199, 123, 1
167, 146, 1
188, 120, 1
92, 55, 1
3, 1, 1
148, 123, 1
124, 123, 1
124, 193, 1
19, 6, 1
167, 161, 1
167, 173, 1
69, 74, 1
7, 38, 1
148, 193, 1
1, 55, 1
1, 0, 1
167, 118, 1
1, 3, 1
167, 188, 1
167, 133, 1
38, 7, 1
118, 146, 1
123, 136, 1
18, 7, 1
118, 149, 1
44, 90, 1
35, 26, 1
1, 30, 1
13, 84, 1
47, 55, 1
124, 122, 1
167, 157, 1
60, 6, 1
118, 173, 1
148, 122, 1
126, 180, 1
86, 28, 1
118, 188, 1
87, 94, 1
118, 133, 1
0, 1, 1
47, 30, 1
94, 90, 1
136, 123, 1
38, 6, 1
149, 160, 1
147, 193, 1
18, 6, 1
199, 115, 1
102, 106, 1
167, 150, 1
86, 9, 1
92, 1, 1
87, 84, 1
150, 146, 1
127, 126, 1
86, 27, 1
55, 30, 1
3, 26, 1
75, 18, 1
57, 6, 1
189, 122, 1
133, 160, 1
136, 122, 1
188, 160, 1
126, 154, 1
147, 122, 1
7, 60, 1
150, 188, 1
26, 1, 1
35, 1, 1
199, 122, 1
38, 57, 1
38, 18, 1
18, 57, 1
164, 106, 1
6, 38, 1
38, 19, 1
38, 75, 1
38, 60, 1
146, 161, 1
190, 27, -1
7, 123, -1
26, 120, -1
75, 199, -1
65, 129, -1
146, 3, -1
106, 89, -1
94, 114, -1
47, 150, -1
134, 50, -1
161, 26, -1
162, 22, -1
85, 156, -1
127, 17, -1
75, 115, -1
21, 125, -1
146, 0, -1
148, 57, -1
160, 26, -1
147, 38, -1
185, 12, -1
188, 92, -1
150, 39, -1
170, 24, -1
17, 126, -1
154, 84, -1
1, 149, -1
16, 191, -1
54, 185, -1
97, 45, -1
199, 57, -1
127, 84, -1
53, 97, -1
19, 147, -1
124, 57, -1
174, 42, -1
49, 159, -1
206, 82, -1
16, 99, -1
95, 161, -1
72, 180, -1
155, 74, -1
5, 200, -1
114, 13, -1
82, 108, -1
164, 89, -1
136, 38, -1
60, 189, -1
39, 173, -1
69, 168, -1
178, 28, -1
180, 90, -1
201, 22, -1
20, 181, -1
118, 95, -1
106, 69, -1
26, 146, -1
9, 170, -1
160, 3, -1
35, 173, -1
44, 127, -1
26, 173, -1
133, 92, -1
26, 118, -1
60, 199, -1
168, 89, -1
13, 127, -1
157, 92, -1
160, 39, -1
114, 84, -1
117, 22, -1
74, 106, -1
114, 87, -1
86, 190, -1
154, 44, -1
193, 75, -1
114, 90, -1
1, 167, -1
186, 42, -1
0, 160, -1
94, 127, -1
57, 111, -1
19, 124, -1
24, 175, -1
120, 39, -1
89, 155, -1
40, 162, -1
146, 55, -1
164, 69, -1
16, 125, -1
24, 190, -1
157, 39, -1
1, 188, -1
20, 110, -1
19, 148, -1
99, 21, -1
18, 189, -1
178, 86, -1
57, 147, -1
124, 60, -1
170, 27, -1
40, 201, -1
21, 191, -1
17, 114, -1
35, 150, -1
26, 150, -1
148, 60, -1
161, 30, -1
180, 13, -1
161, 39, -1
122, 7, -1
19, 199, -1
123, 6, -1
57, 189, -1
4, 159, -1
81, 125, -1
89, 102, -1
149, 92, -1
104, 20, -1
178, 27, -1
160, 55, -1
24, 170, -1
120, 95, -1
136, 57, -1
160, 30, -1
115, 7, -1
123, 75, -1
74, 155, -1
149, 39, -1
26, 188, -1
86, 175, -1
57, 148, -1
38, 199, -1
18, 147, -1
26, 160, -1
161, 95, -1
150, 95, -1
72, 114, -1
89, 164, -1
75, 147, -1
126, 94, -1
120, 26, -1
28, 190, -1
120, 35, -1
115, 57, -1
18, 124, -1
84, 127, -1
115, 75, -1
193, 6, -1
173, 92, -1
27, 175, -1
160, 0, -1
19, 189, -1
75, 124, -1
124, 19, -1
92, 149, -1
150, 47, -1
161, 47, -1
190, 28, -1
97, 53, -1
35, 188, -1
118, 30, -1
92, 167, -1
118, 39, -1
173, 39, -1
120, 3, -1
170, 86, -1
18, 199, -1
74, 164, -1
30, 118, -1
92, 133, -1
114, 44, -1
120, 30, -1
9, 190, -1
13, 126, -1
89, 106, -1
1, 133, -1
161, 3, -1
87, 127, -1
19, 111, -1
160, 95, -1
185, 54, -1
35, 146, -1
0, 146, -1
157, 47, -1
154, 94, -1
82, 206, -1
39, 146, -1
114, 94, -1
161, 35, -1
57, 115, -1
81, 191, -1
17, 127, -1
26, 157, -1
24, 178, -1
44, 126, -1
133, 39, -1
188, 39, -1
127, 87, -1
122, 75, -1
193, 7, -1
136, 19, -1
160, 47, -1
146, 39, -1
39, 150, -1
168, 69, -1
167, 92, -1
75, 189, -1
90, 180, -1
115, 60, -1
3, 160, -1
173, 95, -1
60, 111, -1
0, 161, -1
18, 148, -1
27, 190, -1
35, 118, -1
18, 111, -1
90, 127, -1
122, 6, -1
57, 124, -1
147, 60, -1
180, 94, -1
193, 57, -1
40, 117, -1
75, 148, -1
84, 126, -1
92, 173, -1
115, 19, -1
75, 111, -1
9, 175, -1
35, 157, -1
170, 28, -1
81, 99, -1
1, 173, -1
0, 120, -1
180, 87, -1
154, 13, -1
123, 7, -1
17, 154, -1
92, 157, -1
160, 35, -1
57, 199, -1
155, 69, -1
173, 47, -1
1, 157, -1
95, 146, -1
42, 174, -1
120, 47, -1
148, 38, -1
124, 38, -1
69, 102, -1
3, 120, -1
1, 150, -1
26, 149, -1
193, 18, -1
26, 167, -1
188, 95, -1
123, 57, -1
0, 188, -1
160, 92, -1
3, 150, -1
0, 133, -1
30, 146, -1
149, 30, -1
84, 114, -1
26, 133, -1
13, 154, -1
189, 38, -1
90, 154, -1
95, 150, -1
1, 161, -1
193, 38, -1
47, 146, -1
180, 84, -1
122, 60, -1
57, 123, -1
118, 26, -1
18, 122, -1
69, 106, -1
115, 18, -1
167, 95, -1
19, 123, -1
94, 126, -1
126, 87, -1
18, 115, -1
95, 118, -1
133, 47, -1
188, 47, -1
136, 18, -1
35, 149, -1
118, 55, -1
173, 55, -1
35, 167, -1
199, 19, -1
146, 47, -1
120, 92, -1
148, 19, -1
39, 167, -1
157, 95, -1
133, 95, -1
35, 133, -1
173, 30, -1
72, 127, -1
106, 74, -1
136, 75, -1
44, 154, -1
154, 90, -1
35, 160, -1
146, 95, -1
167, 47, -1
122, 57, -1
3, 149, -1
57, 193, -1
90, 126, -1
115, 6, -1
199, 60, -1
193, 19, -1
74, 102, -1
3, 188, -1
3, 133, -1
57, 122, -1
30, 150, -1
146, 26, -1
199, 7, -1
146, 35, -1
17, 180, -1
148, 7, -1
0, 173, -1
168, 74, -1
0, 118, -1
115, 38, -1
84, 154, -1
124, 7, -1
150, 35, -1
38, 111, -1
123, 60, -1
189, 60, -1
127, 94, -1
193, 60, -1
18, 123, -1
120, 55, -1
188, 55, -1
154, 87, -1
120, 0, -1
1, 146, -1
0, 157, -1
146, 92, -1
19, 115, -1
9, 178, -1
161, 92, -1
150, 92, -1
124, 18, -1
72, 154, -1
13, 114, -1
75, 123, -1
90, 114, -1
133, 30, -1
188, 30, -1
3, 146, -1
161, 55, -1
150, 55, -1
72, 126, -1
180, 44, -1
0, 150, -1
146, 30, -1
149, 47, -1
28, 175, -1
122, 38, -1
160, 1, -1
150, 30, -1
124, 75, -1
126, 17, -1
19, 193, -1
111, 38, -1
149, 95, -1
167, 39, -1
19, 122, -1
125, 21, -1
190, 86, -1
136, 60, -1
39, 118, -1
157, 55, -1
92, 118, -1
44, 114, -1
39, 157, -1
35, 120, -1
1, 118, -1
148, 18, -1
157, 30, -1
94, 154, -1
30, 160, -1
3, 173, -1
3, 118, -1
6, 199, -1
118, 47, -1
75, 122, -1
199, 75, -1
127, 13, -1
55, 146, -1
148, 75, -1
92, 150, -1
3, 157, -1
122, 19, -1
120, 1, -1
0, 149, -1
126, 44, -1
149, 55, -1
35, 161, -1
118, 3, -1
55, 157, -1
147, 57, -1
75, 136, -1
18, 193, -1
148, 6, -1
55, 150, -1
75, 193, -1
3, 161, -1
147, 7, -1
136, 7, -1
170, 9, -1
118, 35, -1
189, 6, -1
86, 170, -1
118, 92, -1
55, 173, -1
55, 118, -1
111, 7, -1
39, 149, -1
0, 167, -1
161, 1, -1
39, 133, -1
7, 199, -1
30, 173, -1
123, 38, -1
167, 1, -1
6, 111, -1
92, 160, -1
150, 3, -1
127, 44, -1
30, 157, -1
111, 57, -1
47, 173, -1
47, 118, -1
1, 160, -1
167, 3, -1
126, 84, -1
147, 6, -1
47, 157, -1
136, 6, -1
94, 180, -1
126, 13, -1
92, 146, -1
133, 55, -1
122, 18, -1
111, 6, -1
167, 26, -1
167, 35, -1
190, 9, -1
189, 7, -1
19, 136, -1
7, 189, -1
123, 19, -1
3, 167, -1
167, 55, -1
87, 154, -1
21, 99, -1
95, 167, -1
55, 149, -1
164, 74, -1
55, 167, -1
167, 30, -1
55, 133, -1
26, 161, -1
189, 57, -1
7, 111, -1
30, 149, -1
86, 178, -1
30, 167, -1
124, 6, -1
60, 122, -1
30, 133, -1
47, 149, -1
38, 122, -1
47, 167, -1
92, 120, -1
47, 133, -1
1, 120, -1
199, 38, -1
178, 9, -1
126, 90, -1
123, 18, -1
133, 1, -1
150, 1, -1
118, 1, -1
188, 1, -1
173, 1, -1
157, 1, -1
38, 193, -1
38, 148, -1
38, 189, -1
38, 147, -1
199, 6, -1
38, 115, -1
111, 60, -1
38, 124, -1
146, 1, -1
199, 18, -1
38, 123, -1
149, 1, -1

