155, 144, 1
103, 97, 1
77, 58, 1
81, 10, 1
114, 122, 1
206, 103, 1
97, 206, 1
97, 103, 1
56, 177, -1
140, 12, -1
19, 115, -1
109, 41, -1

124, 144, 1
109, 116, 1
9, 56, 1
96, 66, 1
172, 182, 1
112, 189, 1
190, 10, -1
161, 2, -1
121, 53, -1
178, 87, -1

36, 91, 1
51, 10, 1
179, 118, 1
81, 32, 1
32, 17, 1
81, 17, 1
32, 81, 1
168, 18, -1
170, 85, -1
31, 110, -1
12, 144, -1
187, 62, -1

194, 195, 1
63, 72, 1
54, 46, 1
199, 161, 1
188, 152, 1
194, 120, 1
69, 82, 1
149, 104, 1
120, 195, 1
120, 194, 1
131, 78, -1
142, 84, -1

79, 9, 1
140, 135, 1
40, 69, 1
133, 124, 1
98, 199, 1
117, 160, 1
123, 182, 1
1, 98, -1
20, 114, -1
187, 83, -1
1, 199, -1

41, 63, 1
59, 56, 1
176, 100, 1
71, 49, 1
131, 109, 1
49, 71, 1
119, 79, -1
117, 80, -1
168, 23, -1
134, 34, -1
104, 49, -1
104, 71, -1

67, 12, 1
90, 50, 1
63, 69, 1
32, 138, -1
85, 205, -1
77, 100, -1
119, 30, -1
7, 174, -1
55, 184, -1
198, 8, -1

167, 108, 1
186, 157, 1
181, 185, 1
98, 180, 1
125, 48, -1
143, 20, -1
7, 127, -1
87, 153, -1
168, 0, -1
150, 64, -1

149, 188, 1
32, 39, 1
53, 86, 1
82, 91, 1
31, 13, 1
127, 191, 1
158, 97, 1
25, 28, 1
155, 28, -1
25, 155, -1
63, 153, -1

91, 75, 1
67, 25, 1
101, 154, 1
117, 128, 1
27, 171, -1
147, 53, -1
120, 34, -1
140, 61, -1
119, 1, -1
178, 83, -1

