170, 107, 1
175, 114, 1
18, 64, 1
95, 168, -1
201, 5, -1
159, 24, -1
123, 17, -1
93, 101, -1
98, 91, -1
59, 203, -1

46, 80, 1
6, 87, 1
162, 139, 1
62, 22, 1
21, 151, -1
83, 120, -1
148, 14, -1
27, 153, -1
171, 81, -1
19, 99, -1

154, 187, 1
156, 120, 1
66, 84, 1
161, 177, 1
120, 156, 1
177, 161, 1
47, 120, -1
18, 140, -1
87, 177, -1
115, 42, -1
118, 0, -1
5, 141, -1
87, 161, -1
156, 47, -1
120, 47, -1
161, 87, -1
177, 87, -1

94, 76, 1
176, 182, 1
3, 83, 1
166, 103, 1
57, 48, 1
175, 180, 1
31, 138, -1
13, 129, -1
5, 177, -1
21, 120, -1

187, 149, 1
35, 10, 1
166, 179, 1
24, 43, 1
151, 147, 1
179, 166, 1
8, 115, -1
45, 99, -1
26, 198, -1
175, 53, -1
47, 179, -1
166, 47, -1
179, 47, -1

49, 28, 1
2, 84, 1
84, 39, 1
17, 44, 1
80, 81, 1
2, 39, 1
181, 54, -1
6, 195, -1
25, 160, -1
75, 139, -1
201, 39, -1
201, 84, -1
201, 2, -1

47, 7, 1
149, 182, 1
81, 82, 1
17, 161, -1
64, 133, -1
158, 36, -1
182, 95, -1
118, 75, -1
86, 103, -1
74, 188, -1
149, 95, -1

139, 143, 1
150, 145, 1
6, 8, 1
125, 97, 1
114, 119, 1
131, 24, -1
79, 119, -1
114, 79, -1
74, 140, -1
11, 123, -1
82, 184, -1
119, 79, -1

5, 57, 1
176, 128, 1
172, 187, 1
191, 134, 1
50, 68, 1
134, 191, 1
24, 191, -1
68, 154, -1
190, 73, -1
45, 122, -1
40, 136, -1
154, 50, -1
24, 134, -1
154, 68, -1

75, 92, 1
16, 44, 1
35, 17, 1
83, 52, 1
104, 110, 1
200, 155, 1
176, 105, 1
109, 128, 1
19, 145, -1
73, 137, -1

