86, 12, 1
193, 110, 1
123, 143, 1
36, 76, 1
92, 37, 1
42, 12, 1
121, 202, 1
9, 15, 1
75, 46, 1
32, 47, 1
173, 191, 1
157, 185, 1
196, 124, 1
91, 51, 1
113, 142, 1
95, 78, 1
67, 5, 1
65, 77, 1
33, 35, 1
87, 27, 1
80, 92, 1
50, 12, 1
63, 76, 1
122, 97, 1
194, 171, 1
108, 157, 1
65, 41, 1
204, 148, 1
174, 103, 1
38, 11, 1
179, 104, 1
157, 191, 1
155, 185, 1
52, 20, 1
107, 203, 1
109, 136, 1
188, 168, 1
76, 42, 1
60, 25, 1
74, 0, 1
49, 28, 1
121, 202, 1
192, 188, 1
175, 123, 1
102, 170, 1
121, 109, 1
177, 109, 1
172, 197, 1
32, 37, 1
185, 191, 1
178, 155, 1
130, 109, 1
69, 7, 1
117, 151, 1
202, 109, 1
42, 63, 1
108, 191, 1
54, 95, 1
136, 121, 1
77, 41, 1
80, 37, 1
76, 12, 1
185, 108, 1
43, 21, 1
50, 42, 1
200, 142, 1
143, 175, 1
62, 22, 1
50, 63, 1
161, 150, 1
3, 15, 1
61, 69, 1
118, 191, 1
192, 168, 1
120, 170, 1
42, 86, 1
130, 147, 1
173, 157, 1
177, 121, 1
1, 90, 1
36, 63, 1
61, 7, 1
160, 135, 1
155, 157, 1
136, 177, 1
50, 86, 1
28, 37, 1
32, 28, 1
42, 36, 1
128, 130, 1
32, 49, 1
108, 173, 1
108, 118, 1
177, 202, 1
40, 93, 1
136, 109, 1
147, 109, 1
12, 86, 1
59, 79, 1
50, 76, 1
185, 157, 1
170, 102, 1
80, 28, 1
36, 86, 1
78, 95, 1
121, 130, 1
49, 47, 1
192, 117, 1
36, 50, 1
202, 130, 1
185, 178, 1
50, 36, 1
136, 130, 1
69, 61, 1
117, 141, 1
178, 157, 1
188, 192, 1
49, 37, 1
49, 92, 1
12, 76, 1
128, 147, 1
36, 12, 1
173, 118, 1
176, 111, 1
76, 63, 1
103, 111, 1
148, 204, 1
12, 36, 1
20, 52, 1
37, 47, 1
78, 54, 1
118, 157, 1
92, 47, 1
28, 47, 1
109, 121, 1
136, 202, 1
155, 173, 1
12, 63, 1
157, 118, 1
54, 78, 1
155, 191, 1
177, 130, 1
151, 117, 1
9, 3, 1
185, 155, 1
200, 113, 1
42, 76, 1
80, 32, 1
120, 102, 1
28, 92, 1
185, 173, 1
76, 86, 1
155, 108, 1
86, 63, 1
185, 118, 1
32, 92, 1
128, 136, 1
96, 40, 1
168, 117, 1
117, 188, 1
176, 103, 1
192, 151, 1
40, 96, 1
177, 147, 1
178, 173, 1
188, 141, 1
141, 151, 1
178, 118, 1
47, 92, 1
178, 191, 1
86, 50, 1
174, 111, 1
111, 174, 1
80, 49, 1
192, 141, 1
128, 202, 1
76, 36, 1
191, 173, 1
42, 50, 1
168, 192, 1
118, 173, 1
178, 108, 1
117, 168, 1
111, 103, 1
128, 177, 1
96, 93, 1
157, 173, 1
121, 147, 1
155, 118, 1
136, 147, 1
109, 130, 1
202, 147, 1
117, 192, 1
86, 76, 1
168, 188, 1
130, 177, 1
76, 50, 1
176, 174, 1
121, 177, 1
41, 77, 1
86, 36, 1
92, 28, 1
37, 92, 1
86, 42, 1
128, 109, 1
188, 151, 1
168, 151, 1
136, 128, 1
32, 80, 1
128, 121, 1
80, 47, 1
188, 117, 1
63, 86, 1
49, 32, 1
130, 121, 1
151, 192, 1
168, 141, 1
130, 136, 1
147, 121, 1
121, 136, 1
47, 37, 1
147, 136, 1
49, 80, 1
109, 128, 1
177, 128, 1
3, 9, 1
151, 188, 1
141, 168, 1
141, 192, 1
37, 28, 1
130, 128, 1
103, 174, 1
121, 128, 1
151, 141, 1
202, 177, 1
147, 128, 1
202, 128, 1
177, 136, 1
202, 136, 1
202, 121, 1
93, 118, -1
154, 88, -1
110, 62, -1
200, 21, -1
110, 22, -1
29, 160, -1
34, 172, -1
145, 18, -1
28, 117, -1
147, 15, -1
32, 151, -1
107, 77, -1
192, 80, -1
3, 109, -1
3, 130, -1
194, 59, -1
128, 9, -1
54, 120, -1
111, 50, -1
37, 117, -1
197, 34, -1
61, 148, -1
103, 86, -1
182, 90, -1
191, 93, -1
40, 108, -1
161, 52, -1
178, 96, -1
98, 16, -1
139, 82, -1
170, 95, -1
176, 76, -1
30, 162, -1
155, 96, -1
134, 68, -1
24, 112, -1
39, 183, -1
135, 29, -1
148, 7, -1
63, 111, -1
54, 170, -1
69, 148, -1
15, 130, -1
43, 200, -1
117, 32, -1
156, 33, -1
79, 171, -1
142, 43, -1
141, 49, -1
182, 1, -1
52, 150, -1
167, 5, -1
146, 14, -1
59, 171, -1
176, 36, -1
170, 78, -1
161, 20, -1
176, 42, -1
65, 107, -1
204, 61, -1
9, 130, -1
40, 157, -1
176, 63, -1
117, 47, -1
49, 117, -1
102, 95, -1
62, 193, -1
203, 77, -1
177, 3, -1
192, 92, -1
113, 43, -1
117, 92, -1
111, 76, -1
204, 69, -1
174, 86, -1
20, 150, -1
96, 185, -1
67, 167, -1
9, 147, -1
12, 103, -1
173, 93, -1
128, 15, -1
102, 54, -1
194, 79, -1
35, 156, -1
193, 22, -1
80, 188, -1
204, 7, -1
121, 3, -1
47, 151, -1
28, 141, -1
136, 3, -1
93, 157, -1
12, 111, -1
42, 103, -1
49, 151, -1
168, 80, -1
171, 79, -1
120, 95, -1
86, 111, -1
80, 168, -1
109, 15, -1
176, 50, -1
117, 28, -1
148, 61, -1
62, 110, -1
28, 151, -1
150, 52, -1
43, 142, -1
5, 167, -1
113, 21, -1
50, 111, -1
96, 108, -1
93, 173, -1
34, 197, -1
76, 111, -1
93, 191, -1
40, 155, -1
130, 3, -1
40, 173, -1
78, 102, -1
40, 191, -1
80, 117, -1
185, 93, -1
3, 147, -1
108, 93, -1
42, 111, -1
192, 37, -1
37, 151, -1
69, 204, -1
92, 151, -1
160, 29, -1
176, 86, -1
33, 156, -1
151, 47, -1
120, 78, -1
200, 43, -1
148, 69, -1
155, 93, -1
86, 103, -1
170, 54, -1
121, 15, -1
32, 141, -1
136, 15, -1
36, 111, -1
188, 92, -1
188, 37, -1
96, 155, -1
49, 141, -1
76, 103, -1
177, 15, -1
80, 192, -1
41, 203, -1
111, 36, -1
96, 157, -1
96, 178, -1
130, 15, -1
176, 12, -1
202, 3, -1
9, 109, -1
41, 107, -1
50, 174, -1
90, 182, -1
168, 92, -1
12, 174, -1
50, 103, -1
29, 135, -1
96, 191, -1
1, 182, -1
128, 3, -1
120, 54, -1
65, 203, -1
151, 32, -1
21, 142, -1
42, 174, -1
32, 117, -1
102, 78, -1
37, 141, -1
54, 102, -1
40, 185, -1
174, 63, -1
28, 168, -1
151, 49, -1
192, 32, -1
32, 168, -1
76, 174, -1
9, 121, -1
92, 192, -1
37, 192, -1
111, 86, -1
80, 141, -1
28, 192, -1
192, 47, -1
188, 28, -1
168, 28, -1
32, 192, -1
61, 204, -1
103, 63, -1
141, 47, -1
168, 37, -1
40, 178, -1
36, 174, -1
168, 49, -1
188, 47, -1
178, 93, -1
177, 9, -1
192, 28, -1
111, 12, -1
96, 173, -1
151, 28, -1
96, 118, -1
117, 37, -1
28, 188, -1
192, 49, -1
63, 103, -1
32, 188, -1
37, 168, -1
9, 202, -1
86, 174, -1
36, 103, -1
193, 62, -1
78, 170, -1
107, 41, -1
111, 63, -1
174, 76, -1
92, 117, -1
151, 92, -1
168, 47, -1
9, 177, -1
107, 65, -1
92, 141, -1
174, 36, -1
121, 9, -1
80, 151, -1
168, 32, -1
40, 118, -1
49, 188, -1
136, 9, -1
92, 168, -1
202, 15, -1
151, 37, -1
103, 76, -1
103, 36, -1
47, 141, -1
185, 96, -1
9, 136, -1
63, 174, -1
108, 96, -1
3, 177, -1
109, 9, -1
3, 128, -1
37, 188, -1
47, 192, -1
49, 168, -1
185, 40, -1
141, 92, -1
49, 192, -1
174, 12, -1
3, 121, -1
178, 40, -1
9, 128, -1
3, 136, -1
130, 9, -1
151, 80, -1
202, 9, -1
147, 9, -1
103, 12, -1

