19, 18, 1
132, 114, 1
29, 11, 1
125, 140, 1
203, 52, -1
174, 53, -1
69, 100, -1
34, 103, -1
108, 64, -1
48, 168, -1

180, 128, 1
92, 70, 1
185, 123, 1
125, 193, 1
128, 180, 1
20, 120, -1
168, 15, -1
204, 57, -1
87, 206, -1
128, 60, -1
99, 94, -1
180, 60, -1

41, 55, 1
48, 33, 1
146, 108, 1
34, 13, 1
83, 65, 1
4, 166, -1
154, 58, -1
78, 201, -1
43, 195, -1
144, 31, -1

1, 35, 1
67, 12, 1
174, 152, 1
126, 139, 1
161, 23, -1
91, 137, -1
177, 79, -1
51, 97, -1
59, 207, -1
114, 49, -1

117, 164, 1
24, 86, 1
17, 88, 1
52, 77, 1
148, 132, 1
183, 153, 1
126, 51, -1
89, 113, -1
111, 50, -1
167, 23, -1

111, 131, 1
152, 181, 1
70, 50, 1
158, 143, 1
131, 111, 1
12, 111, -1
120, 31, -1
64, 100, -1
167, 40, -1
148, 91, -1
48, 179, -1
131, 12, -1

60, 16, 1
153, 187, 1
0, 85, 1
194, 28, -1
41, 130, -1
202, 23, -1
39, 160, -1
204, 85, -1
0, 204, -1
45, 117, -1
129, 77, -1

133, 155, 1
114, 97, 1
57, 21, 1
109, 149, 1
33, 35, 1
2, 23, 1
24, 74, 1
11, 43, 1
44, 186, -1
166, 91, -1

61, 54, 1
176, 186, 1
16, 13, 1
188, 111, 1
207, 183, 1
22, 49, 1
132, 124, 1
172, 67, -1
5, 178, -1
0, 198, -1

18, 56, 1
118, 120, 1
94, 11, 1
130, 34, -1
61, 159, -1
4, 111, -1
129, 20, -1
139, 40, -1
133, 15, -1
6, 189, -1

