176, 193, 1
200, 159, 1
110, 191, 1
181, 156, 1
82, 14, 1
116, 51, -1
140, 37, -1
114, 56, -1
47, 138, -1
96, 129, -1

91, 57, 1
7, 29, 1
138, 168, 1
109, 108, 1
128, 186, 1
85, 23, 1
160, 53, -1
89, 98, -1
15, 127, -1
49, 199, -1

106, 120, 1
39, 77, 1
135, 169, 1
58, 22, 1
3, 36, 1
33, 51, 1
126, 33, -1
85, 191, -1
166, 57, -1
126, 51, -1
32, 195, -1
33, 126, -1
51, 126, -1

46, 2, 1
177, 179, 1
77, 47, 1
52, 132, -1
29, 198, -1
7, 178, -1
56, 157, -1
189, 74, -1
14, 141, -1
161, 15, -1

127, 198, 1
20, 56, 1
131, 158, 1
12, 53, 1
163, 151, 1
139, 147, 1
146, 27, -1
184, 55, -1
57, 141, -1
51, 139, -1
51, 147, -1

82, 96, 1
206, 133, 1
59, 86, 1
44, 117, -1
142, 34, -1
172, 86, -1
66, 192, -1
139, 25, -1
138, 85, -1
160, 95, -1
59, 172, -1

54, 3, 1
99, 101, 1
1, 10, 1
181, 184, 1
75, 82, 1
36, 54, 1
3, 36, 1
3, 54, 1
108, 36, -1
48, 178, -1
54, 108, -1
137, 12, -1
57, 153, -1
3, 108, -1
108, 54, -1

171, 185, 1
170, 105, 1
162, 119, 1
144, 138, 1
118, 198, 1
182, 139, 1
193, 117, 1
19, 29, 1
175, 204, 1
185, 171, 1
171, 48, -1
48, 185, -1
48, 171, -1

34, 75, 1
206, 124, 1
197, 135, 1
127, 158, 1
3, 69, 1
85, 176, -1
76, 203, -1
40, 111, -1
35, 120, -1
28, 195, -1

0, 65, 1
36, 78, 1
116, 132, 1
107, 106, 1
2, 82, 1
112, 151, 1
39, 181, -1
8, 151, -1
23, 146, -1
84, 114, -1
8, 112, -1

