73, 42, 1
179, 146, 1
197, 191, 1
163, 184, 1
56, 73, 1
106, 155, 1
56, 42, 1
149, 17, -1
195, 84, -1
97, 40, -1
103, 6, -1

204, 205, 1
122, 101, 1
44, 10, 1
171, 149, 1
115, 131, 1
104, 67, -1
17, 145, -1
72, 115, -1
27, 164, -1
26, 158, -1
131, 72, -1
72, 131, -1

34, 15, 1
68, 89, 1
198, 112, 1
52, 64, 1
206, 183, 1
48, 73, 1
118, 76, -1
19, 103, -1
90, 158, -1
22, 173, -1

111, 171, 1
14, 85, 1
165, 11, -1
22, 142, -1
22, 142, -1
149, 53, -1
185, 26, -1
66, 205, -1
112, 83, -1
192, 91, -1

15, 18, 1
55, 61, 1
154, 122, 1
58, 90, 1
46, 96, 1
181, 97, 1
73, 65, 1
18, 15, 1
109, 135, 1
135, 109, 1
109, 15, -1
135, 18, -1
21, 193, -1
15, 135, -1
18, 109, -1
135, 15, -1
18, 135, -1
15, 109, -1

163, 153, 1
58, 32, 1
53, 65, 1
97, 153, 1
73, 76, 1
97, 163, 1
153, 163, 1
163, 97, 1
153, 97, 1
178, 73, -1
113, 7, -1
176, 79, -1
76, 178, -1
96, 102, -1
49, 116, -1
73, 178, -1
178, 76, -1

6, 66, 1
64, 67, 1
106, 126, 1
192, 168, 1
49, 60, 1
60, 195, -1
49, 195, -1
93, 175, -1
132, 53, -1
165, 86, -1
114, 70, -1
195, 60, -1

62, 69, 1
84, 63, 1
189, 111, 1
99, 174, 1
57, 9, 1
103, 45, -1
9, 141, -1
74, 174, -1
167, 68, -1
165, 55, -1
141, 57, -1
99, 74, -1
74, 99, -1

183, 6, -1
37, 133, -1
2, 163, -1
24, 114, -1
204, 65, -1
94, 151, -1
167, 69, -1
172, 5, -1
13, 198, -1
159, 19, -1

55, 85, 1
71, 21, 1
18, 36, 1
45, 29, 1
112, 161, 1
189, 164, 1
182, 188, 1
91, 172, -1
185, 61, -1
177, 34, -1

