40619, 42678, 1
24771, 18207, 1
7496, 48062, -1
30614, 69917, -1
64470, 64362, -1
56662, 62929, -1
47775, 42807, -1
44749, 35178, -1
56674, 19312, -1
22704, 51589, -1

53962, 51653, -1
40971, 35377, -1
46966, 14579, -1
31852, 16284, -1
48728, 41813, -1
58324, 58687, -1
15720, 43498, -1
30340, 15141, -1
13685, 54547, -1
68427, 12196, -1

1777, 55269, 1
8649, 24805, -1
61991, 9745, -1
7123, 45595, -1
35363, 41312, -1
4290, 19643, -1
11021, 18006, -1
31314, 13512, -1
1621, 49061, -1
56883, 29575, -1

34380, 11194, -1
9622, 55133, -1
55445, 38548, -1
2181, 11486, -1
19544, 65814, -1
21867, 30302, -1
31682, 64211, -1
45427, 30659, -1
50349, 66886, -1
53081, 64178, -1

67920, 43713, -1
9288, 54711, -1
63911, 62665, -1
8786, 18999, -1
40211, 27399, -1
26219, 4424, -1
57125, 62229, -1
33204, 45327, -1
41849, 53456, -1
64335, 38692, -1

59249, 55521, 1
16765, 8174, 1
64740, 30030, -1
22721, 1739, -1
58973, 25224, -1
46050, 35333, -1
24522, 58179, -1
64451, 49540, -1
5366, 66426, -1
62016, 69974, -1

43304, 245, -1
23224, 1498, -1
29531, 64369, -1
45614, 46975, -1
22835, 1375, -1
33682, 65595, -1
16070, 69505, -1
25219, 28813, -1
7284, 40852, -1
50412, 26159, -1

41902, 45327, 1
36837, 64929, 1
57033, 29798, -1
36649, 4538, -1
23158, 41124, -1
19397, 60571, -1
8211, 19913, -1
18980, 24956, -1
9357, 2303, -1
64297, 49234, -1

53470, 39745, 1
23844, 30418, -1
29330, 33479, -1
37582, 50062, -1
24358, 46368, -1
26721, 32987, -1
54775, 3770, -1
19356, 61668, -1
2933, 5631, -1
44696, 44894, -1

38291, 59839, 1
42374, 65342, 1
3711, 64707, 1
58388, 60178, -1
33103, 38426, -1
61399, 9804, -1
17481, 34289, -1
2038, 1939, -1
27294, 23811, -1
2931, 25001, -1

