18146, 48718, 1
6893, 30633, 1
763, 18600, -1
4318, 4595, -1
36348, 24433, -1
45229, 21792, -1
67320, 58220, -1
20537, 23837, -1
13779, 58118, -1
16893, 10324, -1

30847, 50698, -1
24162, 27582, -1
1495, 7512, -1
48700, 28005, -1
61104, 63254, -1
54257, 7660, -1
29333, 60028, -1
20608, 26099, -1
9698, 33263, -1
37082, 16357, -1

14345, 26398, -1
54796, 1488, -1
41642, 61418, -1
32330, 990, -1
45659, 15314, -1
48811, 59543, -1
7343, 7175, -1
3366, 68076, -1
32855, 8573, -1
39416, 17953, -1

39504, 48419, 1
6647, 17259, 1
61042, 67728, -1
38727, 39845, -1
28576, 2456, -1
53555, 35803, -1
7050, 22131, -1
62571, 64317, -1
16615, 42098, -1
33414, 58012, -1

69906, 53649, 1
15000, 52669, -1
46759, 36297, -1
62121, 6961, -1
1944, 466, -1
620, 49610, -1
4001, 13742, -1
63979, 55477, -1
40068, 6481, -1
58754, 57928, -1

33477, 44829, -1
22661, 38882, -1
34029, 68322, -1
49790, 50150, -1
29958, 11379, -1
22496, 128, -1
56512, 8458, -1
40976, 53671, -1
22142, 46999, -1
29381, 69228, -1

61387, 33629, 1
49236, 39929, -1
14034, 16949, -1
12060, 15748, -1
29554, 5028, -1
59186, 39175, -1
2288, 31471, -1
52904, 44910, -1
59590, 42848, -1
33989, 40030, -1

64787, 23495, -1
21378, 65893, -1
11896, 26084, -1
43704, 58853, -1
38616, 47715, -1
52431, 10754, -1
67806, 16811, -1
63200, 60288, -1
58232, 45429, -1
56686, 17632, -1

65242, 58927, 1
6244, 965, -1
28876, 51757, -1
11694, 18101, -1
10583, 33280, -1
36593, 63150, -1
20209, 55186, -1
50340, 38296, -1
21793, 21183, -1
43489, 30667, -1

59961, 55432, 1
43067, 57498, -1
42747, 12664, -1
14126, 17362, -1
60321, 4082, -1
18789, 51661, -1
66735, 33917, -1
63995, 38521, -1
69161, 55278, -1
51663, 9428, -1

