52759, 9373, -1
52061, 26014, -1
22054, 48306, -1
9734, 22276, -1
33134, 7053, -1
16545, 1208, -1
13705, 63922, -1
65738, 55329, -1
11193, 36111, -1
21925, 68832, -1

4673, 17588, -1
39529, 62992, -1
65011, 53729, -1
50238, 43462, -1
28247, 40918, -1
15382, 3758, -1
17382, 3915, -1
30847, 18696, -1
50938, 67316, -1
17789, 16886, -1

36142, 39420, 1
32147, 42674, -1
44255, 48695, -1
33736, 13285, -1
23047, 17776, -1
30649, 5910, -1
45349, 4004, -1
66261, 57703, -1
6117, 19700, -1
63615, 13512, -1

21169, 27542, 1
44428, 15000, -1
49488, 33729, -1
12500, 19858, -1
59554, 37821, -1
36205, 57957, -1
1647, 52016, -1
31523, 44211, -1
59532, 69289, -1
54734, 17694, -1

39158, 13619, 1
26809, 21946, 1
57580, 12396, -1
44294, 58039, -1
64842, 48118, -1
12679, 55552, -1
1506, 41448, -1
56074, 44115, -1
20816, 36995, -1
45024, 37053, -1

2, 38375, 1
10854, 25941, -1
47026, 47988, -1
38630, 11109, -1
55577, 66477, -1
43607, 58623, -1
51741, 15329, -1
13871, 12944, -1
34364, 40661, -1
44003, 9595, -1

46225, 37024, 1
4507, 41119, 1
60992, 37150, 1
11347, 60986, 1
47210, 31147, -1
2073, 11948, -1
68610, 15990, -1
36480, 59693, -1
40377, 11915, -1
39342, 57291, -1

52371, 66488, -1
64473, 2145, -1
16068, 38552, -1
34556, 19125, -1
12237, 66398, -1
59002, 33192, -1
15257, 2758, -1
48457, 46767, -1
52269, 68303, -1
37254, 37914, -1

16283, 31388, 1
18234, 56206, 1
34647, 1560, -1
61353, 55818, -1
30718, 13458, -1
24864, 63441, -1
13642, 66855, -1
67728, 38667, -1
38044, 7917, -1
69101, 39592, -1

7321, 11356, 1
39664, 62649, 1
29824, 48868, -1
47992, 26030, -1
34524, 24522, -1
34528, 51851, -1
29362, 30465, -1
64913, 63266, -1
42950, 57476, -1
66163, 52314, -1

