68874, 65055, -1
44448, 2328, -1
25141, 62662, -1
50384, 50590, -1
67607, 42911, -1
24294, 13351, -1
837, 31138, -1
5632, 14424, -1
61918, 35733, -1
38458, 66836, -1

37226, 50341, 1
48481, 9176, -1
31066, 67089, -1
35290, 49445, -1
30937, 3209, -1
9086, 69153, -1
27876, 2975, -1
49442, 35552, -1
53149, 69759, -1
57306, 1115, -1

22179, 64062, -1
49000, 25257, -1
50666, 69681, -1
40313, 22575, -1
13886, 43364, -1
53992, 40780, -1
36578, 29078, -1
15916, 14494, -1
48238, 66112, -1
78, 31358, -1

57576, 426, 1
50824, 1628, -1
57118, 51961, -1
55548, 26026, -1
55518, 20475, -1
22476, 51388, -1
59195, 28623, -1
5750, 56101, -1
15022, 25, -1
58791, 45683, -1

10310, 57559, 1
12847, 61065, -1
54124, 20924, -1
56047, 54457, -1
37009, 31327, -1
28110, 22982, -1
50333, 14791, -1
45092, 12943, -1
43465, 21025, -1
38749, 20038, -1

56303, 52553, 1
39592, 51186, -1
35663, 32844, -1
50210, 6759, -1
10595, 67326, -1
55628, 43795, -1
38831, 67194, -1
55282, 54021, -1
8440, 25943, -1
59374, 41812, -1

37242, 58529, 1
49826, 38532, -1
63711, 10724, -1
5249, 56630, -1
49335, 44648, -1
44056, 31668, -1
5065, 7269, -1
51625, 63063, -1
11315, 61371, -1
12795, 54675, -1

38123, 55612, -1
25366, 15768, -1
69702, 56729, -1
65381, 49201, -1
33181, 42646, -1
29163, 23835, -1
36842, 43342, -1
4008, 18408, -1
69778, 66169, -1
51542, 66757, -1

53176, 55832, 1
64903, 17059, -1
15917, 45911, -1
61841, 12167, -1
25945, 29362, -1
10295, 27817, -1
46731, 13160, -1
44911, 19438, -1
48153, 43700, -1
30566, 32100, -1

32260, 1352, 1
6559, 22231, 1
52898, 35025, -1
33127, 35945, -1
69002, 20196, -1
60224, 42812, -1
67900, 50522, -1
24911, 39138, -1
57869, 41444, -1
13791, 24598, -1

