55036, 33714, -1
51539, 31489, -1
35424, 48597, -1
47905, 18271, -1
32441, 59777, -1
32062, 49841, -1
44943, 36169, -1
14595, 27458, -1
36839, 14442, -1
11780, 34087, -1

48721, 13933, 1
47349, 11786, 1
53843, 1456, -1
45142, 69550, -1
50944, 46198, -1
47364, 30606, -1
11393, 20343, -1
17468, 36696, -1
9703, 55255, -1
11893, 57442, -1

19621, 32899, -1
53722, 21577, -1
30864, 30010, -1
3658, 21274, -1
41595, 49366, -1
21125, 33096, -1
68202, 30040, -1
50275, 52851, -1
5897, 11772, -1
69152, 18390, -1

21152, 42484, 1
860, 50534, 1
22651, 65465, 1
12503, 4518, -1
20207, 3347, -1
57800, 29643, -1
12672, 21140, -1
18888, 42186, -1
67278, 47719, -1
12861, 53784, -1

51030, 13045, 1
12692, 17429, -1
22610, 61538, -1
22345, 11568, -1
2747, 46473, -1
20282, 66989, -1
52217, 12281, -1
27829, 5044, -1
34191, 20748, -1
54249, 64049, -1

21018, 16861, 1
18933, 27984, -1
40394, 23809, -1
9665, 40058, -1
68123, 37269, -1
1054, 31344, -1
57699, 12590, -1
38955, 13311, -1
46849, 21464, -1
23579, 16106, -1

59032, 44143, -1
38227, 56828, -1
36874, 69602, -1
23741, 44069, -1
28151, 39772, -1
47330, 15955, -1
9871, 47130, -1
38023, 34797, -1
40109, 67747, -1
62821, 4808, -1

37511, 3259, 1
29560, 63908, -1
37311, 28059, -1
24166, 55518, -1
42099, 32717, -1
68388, 10324, -1
9636, 42780, -1
61460, 2662, -1
14962, 14939, -1
8811, 44649, -1

61239, 25766, -1
29373, 55066, -1
24739, 61851, -1
8022, 13261, -1
13307, 37258, -1
41507, 66348, -1
63674, 7735, -1
42345, 53442, -1
38047, 10029, -1
28693, 19068, -1

42770, 36226, 1
10048, 31332, 1
45640, 22592, 1
47612, 3524, -1
32243, 595, -1
5948, 12660, -1
9545, 58126, -1
777, 55171, -1
47772, 3634, -1
21820, 35486, -1

