25042, 28420, 1
6069, 18986, 1
48753, 981, -1
67435, 37933, -1
27110, 37073, -1
64202, 28253, -1
51317, 2460, -1
22809, 55577, -1
29435, 7061, -1
59817, 43291, -1

34666, 60807, -1
26822, 64435, -1
47326, 3124, -1
53321, 47815, -1
69895, 20274, -1
8639, 52440, -1
7847, 6901, -1
40536, 36476, -1
62610, 9953, -1
1284, 16650, -1

62863, 60273, 1
64067, 33212, -1
65727, 19189, -1
9487, 64482, -1
42531, 33000, -1
53386, 21569, -1
15169, 58656, -1
21559, 43059, -1
42939, 64579, -1
45847, 54456, -1

1563, 44122, -1
57168, 46751, -1
33004, 63499, -1
16222, 20457, -1
27427, 54227, -1
36965, 9644, -1
21498, 68028, -1
1944, 42003, -1
65420, 10553, -1
67630, 32356, -1

33500, 843, 1
54406, 34171, 1
29504, 3243, -1
47338, 988, -1
6641, 29101, -1
53243, 54950, -1
30276, 17441, -1
43116, 27220, -1
42344, 25313, -1
28862, 59432, -1

62502, 69175, 1
13321, 11505, 1
22282, 20886, -1
60634, 50920, -1
44426, 1934, -1
11953, 65992, -1
489, 64506, -1
36073, 19530, -1
26160, 22405, -1
23051, 3132, -1

59079, 21924, 1
11462, 55410, 1
28068, 21803, -1
63099, 20500, -1
46595, 59399, -1
10755, 19680, -1
5652, 64791, -1
58012, 37240, -1
22918, 59317, -1
16555, 50357, -1

29510, 65095, 1
21071, 26524, -1
16324, 29917, -1
49516, 52288, -1
14336, 32232, -1
8861, 10777, -1
65992, 1438, -1
24727, 62585, -1
64059, 29347, -1
19987, 62218, -1

23783, 2934, -1
22959, 39173, -1
52184, 61549, -1
36591, 6316, -1
1365, 3629, -1
30994, 34803, -1
20303, 60047, -1
33743, 173, -1
18983, 21956, -1
42228, 38361, -1

52954, 63091, 1
48308, 30318, -1
16162, 26650, -1
29040, 35084, -1
54469, 66819, -1
53815, 25566, -1
51163, 63451, -1
68759, 9129, -1
62142, 54791, -1
10515, 2662, -1

