103, 140, 1
129, 108, 1
22, 2, 1
25, 46, 1
146, 86, -1
131, 20, -1
128, 17, -1
47, 102, -1
11, 132, -1
105, 39, -1

143, 116, 1
37, 47, 1
43, 19, 1
135, 65, -1
147, 55, -1
117, 42, -1
78, 3, -1
49, 117, -1
14, 99, -1
37, 136, -1
136, 47, -1
136, 37, -1

130, 112, 1
126, 125, 1
90, 77, 1
107, 56, -1
49, 110, -1
49, 72, -1
109, 50, -1
88, 147, -1
113, 12, -1
82, 3, -1

77, 90, 1
53, 78, 1
94, 65, 1
126, 101, 1
65, 54, 1
94, 54, 1
54, 65, 1
65, 94, 1
54, 94, 1
69, 119, -1
103, 20, -1
2, 78, -1
109, 87, -1
48, 60, -1
2, 53, -1

11, 4, 1
82, 2, -1
101, 9, -1
29, 63, -1
59, 39, -1
118, 49, -1
65, 18, -1
66, 138, -1
21, 123, -1
99, 44, -1

52, 74, 1
77, 58, 1
115, 24, -1
30, 106, -1
32, 73, -1
110, 64, -1
107, 21, -1
138, 61, -1
15, 122, -1
148, 50, -1

75, 98, 1
39, 44, 1
105, 89, -1
80, 138, -1
76, 127, -1
84, 9, -1
15, 71, -1
80, 101, -1
89, 7, -1
31, 96, -1

113, 106, 1
79, 68, 1
10, 9, 1
91, 90, 1
12, 80, -1
102, 84, -1
127, 5, -1
34, 73, -1
2, 70, -1
109, 92, -1

41, 28, 1
122, 112, 1
47, 37, 1
83, 95, 1
103, 45, -1
4, 53, -1
139, 66, -1
22, 133, -1
127, 26, -1
68, 25, -1

54, 87, 1
72, 92, 1
20, 26, 1
23, 90, -1
149, 39, -1
123, 0, -1
77, 110, -1
94, 38, -1
57, 123, -1
109, 97, -1

