24, 0, 1
78, 76, 1
134, 149, 1
8, 42, 1
0, 20, 1
24, 20, 1
24, 96, -1
25, 118, -1
144, 34, -1
99, 120, -1
86, 10, -1
0, 96, -1
96, 20, -1
96, 0, -1
96, 24, -1

69, 91, 1
144, 135, 1
12, 11, 1
47, 25, 1
67, 107, -1
22, 77, -1
4, 62, -1
111, 20, -1
121, 99, -1
19, 109, -1

59, 90, 1
26, 28, 1
52, 25, -1
15, 134, -1
134, 26, -1
96, 9, -1
37, 110, -1
79, 137, -1
65, 110, -1
47, 107, -1
28, 134, -1
26, 134, -1

31, 44, 1
62, 58, 1
87, 50, 1
129, 131, 1
7, 19, 1
128, 149, 1
141, 109, 1
113, 58, -1
148, 92, -1
105, 53, -1
113, 62, -1

76, 60, 1
68, 92, 1
54, 55, 1
23, 39, 1
118, 85, -1
73, 105, -1
85, 39, -1
33, 59, -1
50, 104, -1
59, 18, -1
85, 23, -1
39, 85, -1

34, 42, 1
130, 122, 1
23, 48, 1
128, 88, -1
63, 113, -1
76, 43, -1
99, 101, -1
42, 105, -1
22, 100, -1
36, 130, -1
122, 36, -1
105, 34, -1
105, 42, -1

146, 116, 1
42, 38, 1
36, 15, 1
37, 12, 1
88, 149, -1
13, 95, -1
123, 49, -1
58, 110, -1
96, 22, -1
79, 130, -1

130, 121, 1
27, 39, 1
130, 120, 1
119, 108, 1
54, 84, 1
108, 128, 1
128, 119, 1
120, 121, 1
120, 130, 1
121, 130, 1
108, 119, 1
128, 108, 1
64, 135, -1
52, 147, -1
30, 56, -1
90, 129, -1

86, 55, 1
15, 39, 1
25, 33, 1
114, 38, -1
22, 83, -1
10, 126, -1
129, 27, -1
14, 69, -1
65, 120, -1
58, 12, -1

60, 82, 1
13, 48, 1
63, 55, 1
94, 58, 1
122, 104, 1
121, 8, -1
132, 73, -1
87, 141, -1
133, 98, -1
45, 53, -1

