29, 33, 1
43, 34, 1
28, 84, -1
25, 149, -1
80, 18, -1
138, 71, -1
82, 47, -1
144, 97, -1
14, 104, -1
32, 145, -1

24, 2, 1
136, 131, 1
89, 93, 1
134, 102, 1
120, 76, -1
114, 35, -1
30, 59, -1
27, 69, -1
117, 47, -1
117, 51, -1

136, 122, 1
101, 119, 1
16, 44, 1
94, 70, 1
64, 67, 1
143, 20, -1
126, 20, -1
107, 89, -1
16, 70, -1
54, 120, -1
16, 94, -1
44, 70, -1
44, 94, -1
70, 44, -1

124, 100, 1
8, 13, 1
88, 149, -1
80, 129, -1
85, 10, -1
124, 98, -1
70, 1, -1
101, 40, -1
147, 24, -1
107, 0, -1
100, 98, -1
98, 124, -1

98, 51, 1
17, 6, 1
146, 128, 1
84, 98, 1
51, 84, 1
98, 84, 1
70, 122, -1
73, 131, -1
70, 12, -1
141, 29, -1
27, 127, -1
0, 67, -1

25, 47, 1
31, 32, 1
40, 42, 1
20, 149, -1
137, 13, -1
29, 60, -1
84, 108, -1
51, 25, -1
89, 109, -1
130, 36, -1
51, 47, -1
25, 51, -1

144, 110, 1
53, 58, 1
26, 36, 1
125, 119, 1
23, 46, 1
16, 122, -1
58, 33, -1
49, 138, -1
55, 13, -1
49, 98, -1
33, 53, -1
33, 58, -1

63, 86, 1
69, 1, -1
6, 68, -1
131, 12, -1
63, 111, -1
23, 68, -1
79, 126, -1
2, 95, -1
78, 109, -1
74, 7, -1
111, 86, -1

41, 42, 1
43, 46, 1
104, 115, 1
34, 29, 1
129, 135, 1
142, 32, -1
54, 142, -1
138, 46, -1
77, 16, -1
70, 23, -1
138, 43, -1

141, 112, 1
36, 73, -1
73, 143, -1
136, 14, -1
64, 32, -1
57, 44, -1
8, 119, -1
80, 24, -1
95, 143, -1
138, 40, -1

