22, 45, 1
129, 112, 1
94, 77, 1
45, 46, 1
45, 23, 1
85, 51, 1
46, 23, 1
46, 22, 1
22, 23, 1
23, 22, 1
45, 22, 1
46, 45, 1
43, 144, -1
4, 139, -1
32, 78, -1
32, 105, -1

67, 54, 1
58, 134, -1
18, 52, -1
141, 87, -1
99, 136, -1
75, 44, -1
115, 35, -1
139, 8, -1
91, 25, -1
55, 33, -1

145, 127, 1
130, 85, -1
136, 64, -1
112, 29, -1
9, 148, -1
141, 55, -1
144, 21, -1
117, 26, -1
56, 28, -1
125, 65, -1

1, 5, 1
69, 79, 1
81, 74, 1
12, 3, 1
8, 57, -1
54, 24, -1
123, 68, -1
6, 86, -1
146, 99, -1
75, 8, -1

104, 121, 1
11, 3, 1
53, 33, -1
6, 52, -1
49, 145, -1
29, 92, -1
58, 140, -1
134, 19, -1
4, 92, -1
43, 76, -1

47, 17, 1
35, 19, 1
20, 26, 1
81, 100, -1
35, 135, -1
93, 110, -1
67, 0, -1
68, 42, -1
138, 68, -1
102, 40, -1
19, 135, -1

33, 37, 1
81, 73, 1
91, 79, 1
50, 72, 1
132, 110, 1
52, 9, -1
60, 136, -1
23, 92, -1
82, 129, -1
22, 135, -1

105, 103, 1
10, 139, -1
10, 121, -1
4, 116, -1
101, 23, -1
62, 35, -1
92, 45, -1
16, 147, -1
138, 71, -1
41, 139, -1

80, 90, 1
101, 115, 1
147, 114, 1
47, 38, 1
95, 144, -1
102, 63, -1
41, 66, -1
62, 2, -1
120, 84, -1
21, 101, -1
115, 21, -1
101, 21, -1
21, 115, -1

55, 90, 1
101, 109, 1
53, 56, 1
94, 93, 1
105, 106, 1
3, 30, 1
111, 94, -1
146, 63, -1
51, 10, -1
55, 36, -1
90, 36, -1
93, 111, -1
94, 111, -1
36, 55, -1

