107, 139, 1
124, 131, 1
146, 46, -1
34, 85, -1
127, 85, -1
80, 12, -1
114, 90, -1
47, 148, -1
139, 0, -1
101, 83, -1
0, 107, -1
0, 139, -1

148, 135, 1
136, 131, 1
77, 73, 1
7, 80, -1
136, 67, -1
58, 20, -1
63, 103, -1
135, 37, -1
23, 115, -1
75, 136, -1
67, 131, -1
75, 131, -1
148, 37, -1
136, 75, -1
37, 135, -1

2, 5, 1
129, 117, 1
146, 148, 1
122, 16, -1
23, 138, -1
114, 42, -1
136, 32, -1
58, 108, -1
85, 29, -1
44, 56, -1

24, 7, 1
38, 4, 1
73, 66, 1
72, 106, -1
97, 142, -1
23, 94, -1
70, 5, -1
26, 95, -1
81, 101, -1
88, 137, -1

139, 122, 1
47, 7, 1
65, 60, 1
29, 41, 1
31, 62, -1
42, 144, -1
66, 125, -1
148, 43, -1
20, 118, -1
104, 48, -1

124, 138, 1
55, 95, 1
54, 95, 1
1, 8, 1
124, 109, 1
60, 92, 1
138, 109, 1
54, 55, 1
95, 54, 1
95, 55, 1
138, 124, 1
55, 54, 1
68, 106, -1
6, 115, -1
143, 61, -1
131, 87, -1

94, 64, 1
31, 45, 1
58, 59, 1
61, 53, 1
9, 97, -1
99, 14, -1
74, 130, -1
57, 44, -1
28, 52, -1
101, 27, -1

132, 104, 1
137, 120, 1
4, 44, 1
98, 97, 1
42, 24, 1
36, 2, 1
17, 71, -1
115, 11, -1
72, 10, -1
86, 34, -1

8, 11, 1
11, 96, -1
68, 122, -1
28, 56, -1
144, 60, -1
22, 125, -1
23, 54, -1
9, 68, -1
31, 97, -1
7, 121, -1
96, 8, -1
96, 11, -1

117, 140, 1
95, 72, 1
8, 20, 1
41, 144, -1
138, 22, -1
90, 117, -1
65, 141, -1
28, 81, -1
126, 16, -1
120, 42, -1
90, 140, -1

