135, 139, 1
132, 119, 1
136, 134, 1
89, 78, 1
15, 1, 1
122, 27, -1
6, 122, -1
16, 102, -1
76, 29, -1
107, 40, -1

133, 129, 1
4, 40, 1
99, 8, -1
84, 32, -1
56, 32, -1
95, 36, -1
113, 46, -1
124, 22, -1
54, 111, -1
84, 106, -1

119, 135, 1
50, 75, 1
127, 110, 1
112, 116, 1
30, 111, -1
32, 80, -1
68, 131, -1
45, 130, -1
77, 2, -1
29, 131, -1

115, 144, 1
21, 43, 1
11, 5, 1
137, 14, -1
32, 94, -1
124, 55, -1
26, 67, -1
67, 143, -1
145, 8, -1
124, 23, -1

137, 148, 1
121, 144, 1
29, 147, -1
5, 143, -1
144, 63, -1
44, 85, -1
89, 120, -1
140, 24, -1
142, 74, -1
140, 95, -1
121, 63, -1

135, 126, 1
147, 121, 1
9, 1, 1
23, 33, 1
0, 131, -1
87, 121, -1
89, 116, -1
100, 81, -1
26, 132, -1
92, 23, -1
147, 87, -1
33, 92, -1
121, 87, -1

101, 147, 1
31, 48, 1
148, 141, 1
134, 148, 1
44, 21, 1
141, 134, 1
148, 134, 1
11, 109, -1
77, 114, -1
108, 26, -1
110, 74, -1
86, 14, -1

66, 65, 1
89, 84, 1
105, 147, 1
111, 146, 1
91, 113, -1
93, 10, -1
77, 132, -1
121, 14, -1
73, 16, -1
145, 48, -1

35, 37, 1
108, 124, 1
94, 72, 1
110, 123, 1
57, 53, 1
69, 58, 1
35, 131, -1
131, 17, -1
12, 83, -1
112, 18, -1
131, 37, -1

86, 83, 1
139, 121, 1
39, 17, 1
149, 107, 1
128, 10, -1
36, 146, -1
21, 101, -1
12, 89, -1
83, 19, -1
102, 12, -1
19, 86, -1

