130, 149, 1
15, 13, 1
126, 132, 1
85, 128, -1
93, 7, -1
110, 14, -1
57, 20, -1
115, 43, -1
121, 52, -1
68, 127, -1

93, 89, 1
77, 60, 1
43, 24, 1
54, 82, 1
122, 25, -1
138, 95, -1
70, 140, -1
53, 126, -1
107, 24, -1
0, 50, -1
43, 107, -1

98, 87, 1
25, 20, 1
142, 123, 1
146, 122, 1
25, 21, 1
20, 21, 1
37, 136, -1
97, 141, -1
44, 56, -1
113, 70, -1
39, 61, -1

47, 31, 1
128, 141, 1
22, 120, -1
138, 17, -1
86, 109, -1
129, 89, -1
64, 136, -1
19, 64, -1
64, 116, -1
44, 58, -1

146, 139, 1
101, 138, 1
43, 6, 1
90, 107, -1
87, 22, -1
41, 122, -1
32, 148, -1
106, 37, -1
93, 19, -1
53, 46, -1

123, 131, 1
104, 143, 1
93, 54, 1
122, 107, 1
132, 14, -1
2, 71, -1
35, 103, -1
74, 145, -1
120, 21, -1
113, 23, -1

121, 123, 1
111, 103, 1
124, 129, 1
113, 147, 1
29, 86, -1
107, 73, -1
39, 117, -1
35, 140, -1
64, 46, -1
131, 29, -1

31, 24, 1
74, 75, 1
102, 43, -1
83, 109, -1
142, 47, -1
92, 128, -1
117, 87, -1
78, 13, -1
56, 29, -1
23, 142, -1

10, 44, 1
38, 2, 1
5, 43, 1
149, 54, -1
88, 140, -1
35, 50, -1
138, 35, -1
135, 41, -1
128, 98, -1
93, 20, -1

127, 129, 1
5, 29, 1
62, 57, 1
49, 32, 1
144, 106, 1
40, 125, -1
54, 11, -1
16, 147, -1
115, 4, -1
61, 141, -1

