88, 80, 1
108, 149, 1
1, 30, 1
94, 88, 1
80, 94, 1
88, 94, 1
80, 88, 1
146, 96, -1
149, 36, -1
26, 108, -1
29, 132, -1
27, 92, -1
29, 101, -1
108, 36, -1
26, 149, -1

28, 19, 1
92, 98, 1
12, 45, 1
106, 142, 1
35, 39, 1
106, 149, 1
149, 142, 1
138, 5, -1
141, 54, -1
133, 94, -1
18, 107, -1

12, 16, 1
11, 5, 1
67, 120, -1
78, 48, -1
62, 110, -1
128, 64, -1
62, 132, -1
20, 123, -1
103, 55, -1
0, 57, -1

81, 78, 1
125, 104, 1
108, 52, -1
43, 144, -1
85, 11, -1
72, 109, -1
71, 119, -1
147, 47, -1
114, 48, -1
101, 38, -1

80, 91, 1
40, 27, 1
60, 61, 1
123, 82, -1
122, 99, -1
65, 8, -1
49, 147, -1
90, 102, -1
24, 112, -1
70, 19, -1

46, 15, 1
59, 82, 1
2, 29, 1
143, 44, -1
101, 63, -1
112, 70, -1
146, 69, -1
41, 146, -1
60, 131, -1
32, 105, -1

112, 122, 1
91, 66, 1
133, 114, 1
51, 69, 1
3, 133, -1
119, 32, -1
91, 15, -1
34, 142, -1
30, 88, -1
47, 50, -1
114, 3, -1
66, 15, -1

109, 132, 1
25, 40, 1
50, 133, -1
3, 108, -1
96, 9, -1
102, 63, -1
4, 97, -1
128, 77, -1
142, 60, -1
56, 140, -1

47, 5, 1
0, 27, 1
13, 27, 1
109, 101, 1
0, 13, 1
27, 13, 1
107, 55, -1
96, 129, -1
78, 8, -1
64, 1, -1
141, 29, -1
26, 138, -1

44, 42, 1
0, 22, 1
126, 129, 1
17, 28, 1
87, 51, 1
104, 106, 1
19, 20, 1
17, 87, -1
134, 88, -1
140, 36, -1
17, 51, -1
28, 87, -1
51, 28, -1

