64, 97, 1
95, 34, -1
62, 114, -1
28, 61, -1
10, 135, -1
115, 22, -1
3, 87, -1
0, 118, -1
132, 67, -1
25, 139, -1

42, 30, 1
42, 19, 1
58, 67, 1
144, 143, 1
19, 30, 1
15, 57, -1
110, 56, -1
8, 100, -1
106, 32, -1
140, 18, -1
135, 93, -1

30, 42, 1
78, 62, 1
115, 129, 1
64, 58, 1
142, 3, -1
90, 26, -1
28, 68, -1
65, 140, -1
133, 32, -1
135, 53, -1

25, 45, 1
19, 23, 1
10, 28, 1
53, 39, -1
120, 68, -1
82, 21, -1
69, 111, -1
42, 140, -1
25, 132, -1
97, 108, -1
132, 45, -1

64, 76, 1
107, 125, 1
113, 106, 1
79, 119, -1
130, 58, -1
32, 70, -1
0, 105, -1
87, 102, -1
74, 103, -1
79, 45, -1

22, 13, 1
104, 114, 1
126, 25, -1
39, 72, -1
114, 22, -1
15, 115, -1
135, 60, -1
107, 66, -1
94, 132, -1
17, 130, -1
114, 13, -1
104, 22, -1
104, 13, -1

48, 36, 1
45, 3, 1
112, 85, -1
70, 26, -1
40, 137, -1
98, 143, -1
144, 79, -1
8, 91, -1
12, 113, -1
25, 105, -1

120, 110, 1
125, 129, 1
20, 31, 1
90, 67, 1
79, 85, 1
47, 54, -1
13, 64, -1
74, 11, -1
27, 85, -1
54, 145, -1
27, 79, -1

41, 15, 1
48, 22, 1
17, 116, -1
106, 25, -1
59, 118, -1
9, 126, -1
132, 48, -1
119, 88, -1
41, 63, -1
140, 81, -1
132, 22, -1
15, 63, -1
48, 132, -1

138, 129, 1
33, 28, 1
45, 9, 1
94, 87, 1
12, 21, 1
13, 60, -1
85, 43, -1
89, 11, -1
61, 119, -1
84, 45, -1
9, 84, -1

