2218, 517, 1
1326, 1463, 1
2128, 2119, -1
1639, 177, -1
2183, 1654, -1
568, 237, -1
1199, 1020, -1
1102, 740, -1
836, 861, -1
226, 2007, -1

1093, 1164, 1
9, 1440, -1
642, 345, -1
1589, 1601, -1
1397, 956, -1
502, 709, -1
108, 1831, -1
1073, 1614, -1
885, 2020, -1
217, 1010, -1

737, 1846, -1
634, 1185, -1
765, 715, -1
915, 1513, -1
258, 1203, -1
1295, 432, -1
285, 810, -1
2231, 2277, -1
399, 2233, -1
1216, 2300, -1

1747, 2238, -1
876, 959, -1
787, 182, -1
368, 2281, -1
2124, 886, -1
1715, 402, -1
2020, 1904, -1
543, 10, -1
97, 145, -1
232, 431, -1

541, 736, 1
63, 2037, 1
876, 1081, -1
1582, 1621, -1
1244, 1186, -1
2162, 275, -1
1745, 2211, -1
1137, 1228, -1
1183, 334, -1
312, 2058, -1

1138, 1158, 1
2255, 88, 1
821, 2140, -1
809, 394, -1
600, 133, -1
1161, 1698, -1
608, 1441, -1
1183, 222, -1
1638, 2210, -1
1471, 1208, -1

2026, 1557, 1
2199, 171, 1
1175, 1744, -1
136, 2275, -1
1828, 757, -1
1371, 2023, -1
15, 6, -1
1436, 1081, -1
1470, 1765, -1
1531, 1617, -1

52, 1179, 1
398, 700, 1
836, 420, -1
803, 1643, -1
1024, 1281, -1
1359, 210, -1
847, 310, -1
731, 1647, -1
1132, 43, -1
2035, 2111, -1

1258, 1931, 1
1551, 817, 1
176, 10, -1
40, 935, -1
416, 237, -1
295, 1648, -1
1509, 2122, -1
2223, 1978, -1
779, 544, -1
153, 2094, -1

1747, 1427, 1
54, 2063, 1
1699, 1529, -1
983, 1226, -1
58, 2263, -1
529, 53, -1
1561, 1780, -1
1861, 1261, -1
246, 767, -1
1953, 489, -1

