3, 0, 1
946, 1156, -1
0, 1156, -1
0, 946, -1
1, 1156, -1
1, 946, -1
1, 0, -1
3, 1156, -1
3, 946, -1
3, 1, -1
0, 1, -1
1, 3, -1
946, 3, -1

10, 1156, 1
10, 946, -1
10, 0, -1
10, 3, -1
10, 1, -1
6, 1156, -1
6, 10, -1
6, 946, -1
6, 0, -1
6, 3, -1
6, 1, -1
11, 1156, -1
11, 10, -1
11, 946, -1
11, 0, -1
11, 3, -1
11, 1, -1
11, 6, -1
10, 11, -1
1, 1156, -1
1156, 6, -1
0, 1156, -1
10, 6, -1
3, 1156, -1
946, 1156, -1
946, 10, -1
0, 10, -1
1, 10, -1

2216, 1156, 1
2216, 10, 1
1888, 6, 1
2035, 1, 1
10, 1156, 1
2216, 946, -1
2216, 0, -1
2216, 3, -1
2216, 1, -1
2216, 6, -1
2216, 11, -1
1888, 1156, -1
1888, 10, -1
1888, 2216, -1
1888, 946, -1
1888, 0, -1
1888, 3, -1
1888, 1, -1
1888, 11, -1
2035, 1156, -1
2035, 10, -1
2035, 2216, -1
2035, 946, -1
2035, 0, -1
2035, 3, -1
2035, 6, -1
2035, 1888, -1
2035, 11, -1
3, 1, -1
2216, 1888, -1
10, 2035, -1
1, 946, -1
10, 6, -1
10, 3, -1
1, 6, -1
1, 1156, -1
3, 6, -1
3, 1156, -1
0, 1, -1
11, 1, -1
10, 11, -1
0, 10, -1
946, 10, -1
1156, 6, -1
0, 6, -1
11, 6, -1
946, 6, -1
0, 1156, -1
11, 1156, -1
1, 10, -1
2216, 2035, -1
1888, 2035, -1
946, 1156, -1
0, 2035, -1
11, 2035, -1
10, 1888, -1
946, 2035, -1
3, 2035, -1
1156, 1888, -1
0, 1888, -1
0, 2216, -1
1, 11, -1
1, 3, -1

1145, 1, 1
1145, 2035, 1
241, 11, 1
253, 11, 1
253, 241, 1
241, 253, 1
1, 2035, 1
11, 253, 1
1, 1145, 1
2035, 1145, 1
2035, 1, 1
1145, 1156, -1
1145, 10, -1
1145, 2216, -1
1145, 946, -1
1145, 0, -1
1145, 3, -1
1145, 6, -1
1145, 1888, -1
1145, 11, -1
241, 1156, -1
241, 10, -1
241, 2216, -1
241, 946, -1
241, 0, -1
241, 3, -1
241, 1, -1
241, 2035, -1
241, 1145, -1
241, 6, -1
241, 1888, -1
253, 1156, -1
253, 10, -1
253, 2216, -1
253, 946, -1
253, 0, -1
253, 3, -1
253, 1, -1
253, 2035, -1
253, 1145, -1
253, 6, -1
253, 1888, -1
946, 253, -1
1888, 241, -1
2216, 253, -1
1888, 253, -1
2035, 6, -1
1, 946, -1
10, 2035, -1
2035, 253, -1
2035, 1156, -1
1, 241, -1
1, 6, -1
10, 253, -1
1, 3, -1
0, 11, -1
1, 253, -1
946, 11, -1
1, 1156, -1
3, 2035, -1
2216, 11, -1
1145, 241, -1
1888, 11, -1
3, 253, -1
1145, 253, -1
0, 1, -1
11, 1, -1
10, 11, -1
11, 1145, -1
1, 11, -1
1156, 253, -1
2216, 1, -1
1888, 1, -1
0, 2035, -1
11, 2035, -1
0, 241, -1
946, 2035, -1
11, 3, -1
11, 6, -1
0, 253, -1
11, 1156, -1
1, 10, -1
2216, 2035, -1
1888, 2035, -1
2216, 241, -1
1156, 1145, -1
0, 1145, -1
946, 1145, -1
2035, 241, -1
3, 1145, -1
6, 1145, -1
3, 241, -1
10, 1145, -1
2216, 1145, -1
1888, 1145, -1
946, 1, -1
3, 1, -1
6, 1, -1
10, 1, -1
1156, 1, -1

1627, 1156, 1
1627, 10, 1
1627, 2216, 1
896, 0, 1
896, 3, 1
530, 1156, 1
530, 10, 1
530, 2216, 1
530, 1627, 1
126, 1156, 1
126, 10, 1
126, 2216, 1
126, 1627, 1
126, 530, 1
787, 0, 1
787, 3, 1
787, 896, 1
1156, 126, 1
2216, 530, 1
530, 126, 1
2216, 1156, 1
0, 3, 1
10, 1627, 1
10, 126, 1
0, 787, 1
3, 0, 1
2216, 126, 1
10, 530, 1
3, 787, 1
2216, 10, 1
2216, 1627, 1
1627, 126, 1
10, 1156, 1
3, 896, 1
1627, 530, 1
0, 896, 1
896, 787, 1
1627, 946, -1
1627, 0, -1
1627, 3, -1
1627, 1, -1
1627, 2035, -1
1627, 1145, -1
1627, 6, -1
1627, 1888, -1
1627, 11, -1
1627, 241, -1
1627, 253, -1
896, 1156, -1
896, 10, -1
896, 2216, -1
896, 1627, -1
896, 946, -1
896, 1, -1
896, 2035, -1
896, 1145, -1
896, 6, -1
896, 1888, -1
896, 11, -1
896, 241, -1
896, 253, -1
530, 946, -1
530, 0, -1
530, 3, -1
530, 896, -1
530, 1, -1
530, 2035, -1
530, 1145, -1
530, 6, -1
530, 1888, -1
530, 11, -1
530, 241, -1
530, 253, -1
126, 946, -1
126, 0, -1
126, 3, -1
126, 896, -1
126, 1, -1
126, 2035, -1
126, 1145, -1
126, 6, -1
126, 1888, -1
126, 11, -1
126, 241, -1
126, 253, -1
787, 1156, -1
787, 10, -1
787, 2216, -1
787, 1627, -1
787, 530, -1
787, 126, -1
787, 946, -1
787, 1, -1
787, 2035, -1
787, 1145, -1
787, 6, -1
787, 1888, -1
787, 11, -1
787, 241, -1
787, 253, -1
1888, 0, -1
241, 10, -1
530, 787, -1
10, 946, -1
1145, 10, -1
946, 530, -1
10, 6, -1
2035, 1156, -1
10, 253, -1
1888, 530, -1
241, 3, -1
241, 787, -1
3, 241, -1
2216, 11, -1
1145, 3, -1
3, 6, -1
1145, 787, -1
0, 126, -1
11, 126, -1
946, 1627, -1
1156, 6, -1
1888, 1627, -1
11, 0, -1
1, 10, -1
0, 1888, -1
946, 1156, -1
241, 126, -1
2216, 6, -1
2216, 253, -1
0, 530, -1
11, 530, -1
3, 1, -1
3, 10, -1
1888, 1156, -1
1145, 126, -1
11, 896, -1
1, 3, -1
1, 787, -1
896, 126, -1
3, 2035, -1
0, 1627, -1
946, 2216, -1
1156, 2035, -1
0, 1145, -1
946, 10, -1
2216, 1, -1
1888, 2216, -1
1145, 530, -1
1888, 10, -1
0, 946, -1
946, 3, -1
0, 253, -1
896, 530, -1
946, 787, -1
0, 1156, -1
11, 1156, -1
1, 126, -1
2216, 2035, -1
2216, 3, -1
2216, 241, -1
2216, 787, -1
241, 1627, -1
1888, 3, -1
3, 126, -1
1145, 1627, -1
10, 2035, -1
10, 3, -1
10, 787, -1
0, 11, -1
241, 1156, -1
1, 530, -1
1145, 1156, -1
3, 1888, -1
946, 126, -1
1627, 787, -1
241, 530, -1
3, 530, -1
1888, 126, -1
3, 11, -1
2035, 126, -1
0, 241, -1
0, 6, -1
1, 1627, -1
2216, 0, -1
3, 1627, -1
3, 1145, -1
2216, 896, -1
1, 1156, -1
1888, 896, -1
3, 946, -1
3, 253, -1
3, 1156, -1
0, 2216, -1
11, 2216, -1
0, 1, -1
10, 11, -1
253, 126, -1
0, 10, -1
11, 10, -1
1156, 253, -1
2216, 1145, -1
0, 2035, -1
1627, 896, -1
11, 3, -1
2216, 946, -1
3, 2216, -1
1, 896, -1
1888, 787, -1
11, 787, -1
241, 896, -1
1156, 896, -1
946, 896, -1
2035, 896, -1
1145, 896, -1
10, 896, -1
1, 0, -1
1145, 0, -1
241, 0, -1

2253, 1156, 1
2253, 10, 1
2253, 2216, 1
2253, 1627, 1
2253, 530, 1
2253, 126, 1
159, 0, 1
159, 3, 1
159, 896, 1
159, 787, 1
1725, 11, 1
1725, 241, 1
1725, 253, 1
1244, 1156, 1
1244, 10, 1
1244, 2216, 1
1244, 1627, 1
1244, 530, 1
1244, 126, 1
1244, 2253, 1
1211, 1156, 1
1211, 10, 1
1211, 2216, 1
1211, 1627, 1
1211, 530, 1
1211, 126, 1
1211, 2253, 1
1211, 1244, 1
844, 1156, 1
844, 10, 1
844, 2216, 1
844, 1627, 1
844, 530, 1
844, 126, 1
844, 2253, 1
844, 1244, 1
844, 1211, 1
59, 1156, 1
59, 10, 1
59, 2216, 1
59, 1627, 1
59, 530, 1
59, 126, 1
59, 2253, 1
59, 1244, 1
59, 1211, 1
59, 844, 1
2216, 1211, 1
2216, 1156, 1
1627, 2253, 1
1156, 2253, 1
530, 1211, 1
530, 1156, 1
2253, 1211, 1
1156, 59, 1
2216, 1244, 1
1211, 59, 1
1627, 126, 1
10, 1211, 1
1627, 59, 1
10, 1156, 1
1156, 126, 1
253, 11, 1
2216, 530, 1
530, 1244, 1
1156, 10, 1
1156, 1627, 1
2216, 844, 1
530, 844, 1
10, 1244, 1
10, 530, 1
3, 787, 1
2216, 2253, 1
10, 844, 1
530, 2253, 1
1627, 1211, 1
1244, 1211, 1
1627, 1156, 1
896, 0, 1
1156, 1211, 1
896, 3, 1
2216, 126, 1
2216, 59, 1
530, 59, 1
2216, 10, 1
896, 787, 1
10, 2253, 1
2216, 1627, 1
530, 1627, 1
530, 126, 1
241, 11, 1
530, 10, 1
1627, 1244, 1
1156, 1244, 1
10, 59, 1
1156, 530, 1
0, 3, 1
10, 1627, 1
10, 126, 1
0, 787, 1
253, 241, 1
1627, 844, 1
1244, 844, 1
1244, 59, 1
1156, 844, 1
1211, 844, 1
896, 159, 1
3, 159, 1
126, 844, 1
3, 896, 1
11, 253, 1
0, 896, 1
241, 1725, 1
11, 1725, 1
2253, 844, 1
253, 1725, 1
241, 253, 1
787, 896, 1
0, 159, 1
1627, 10, 1
787, 159, 1
787, 3, 1
3, 0, 1
2253, 946, -1
2253, 0, -1
2253, 3, -1
2253, 896, -1
2253, 787, -1
2253, 1, -1
2253, 2035, -1
2253, 1145, -1
2253, 6, -1
2253, 1888, -1
2253, 11, -1
2253, 241, -1
2253, 253, -1
159, 1156, -1
159, 10, -1
159, 2216, -1
159, 1627, -1
159, 530, -1
159, 126, -1
159, 2253, -1
159, 946, -1
159, 1, -1
159, 2035, -1
159, 1145, -1
159, 6, -1
159, 1888, -1
159, 11, -1
159, 241, -1
159, 253, -1
1725, 1156, -1
1725, 10, -1
1725, 2216, -1
1725, 1627, -1
1725, 530, -1
1725, 126, -1
1725, 2253, -1
1725, 946, -1
1725, 0, -1
1725, 3, -1
1725, 896, -1
1725, 787, -1
1725, 159, -1
1725, 1, -1
1725, 2035, -1
1725, 1145, -1
1725, 6, -1
1725, 1888, -1
1244, 946, -1
1244, 0, -1
1244, 3, -1
1244, 896, -1
1244, 787, -1
1244, 159, -1
1244, 1, -1
1244, 2035, -1
1244, 1145, -1
1244, 6, -1
1244, 1888, -1
1244, 11, -1
1244, 241, -1
1244, 253, -1
1244, 1725, -1
1211, 946, -1
1211, 0, -1
1211, 3, -1
1211, 896, -1
1211, 787, -1
1211, 159, -1
1211, 1, -1
1211, 2035, -1
1211, 1145, -1
1211, 6, -1
1211, 1888, -1
1211, 11, -1
1211, 241, -1
1211, 253, -1
1211, 1725, -1
844, 946, -1
844, 0, -1
844, 3, -1
844, 896, -1
844, 787, -1
844, 159, -1
844, 1, -1
844, 2035, -1
844, 1145, -1
844, 6, -1
844, 1888, -1
844, 11, -1
844, 241, -1
844, 253, -1
844, 1725, -1
59, 946, -1
59, 0, -1
59, 3, -1
59, 896, -1
59, 787, -1
59, 159, -1
59, 1, -1
59, 2035, -1
59, 1145, -1
59, 6, -1
59, 1888, -1
59, 11, -1
59, 241, -1
59, 253, -1
59, 1725, -1
1888, 0, -1
241, 10, -1
530, 3, -1
1888, 1211, -1
530, 787, -1
0, 1244, -1
253, 530, -1
11, 1244, -1
10, 946, -1
1145, 10, -1
1156, 1725, -1
946, 530, -1
10, 6, -1
2035, 1211, -1
2035, 1156, -1
0, 844, -1
11, 844, -1
1, 241, -1
10, 253, -1
946, 11, -1
241, 2035, -1
1888, 530, -1
241, 3, -1
896, 10, -1
241, 787, -1
946, 2253, -1
787, 530, -1
2216, 11, -1
1888, 11, -1
1156, 159, -1
1145, 3, -1
3, 6, -1
1145, 787, -1
253, 59, -1
1888, 2253, -1
253, 1627, -1
0, 126, -1
11, 126, -1
946, 59, -1
241, 1244, -1
2216, 1725, -1
946, 1627, -1
896, 2035, -1
1156, 6, -1
2035, 2253, -1
1145, 1244, -1
241, 844, -1
1888, 59, -1
1888, 1627, -1
10, 1725, -1
787, 59, -1
253, 946, -1
1145, 844, -1
787, 1627, -1
2216, 159, -1
896, 1244, -1
253, 1211, -1
253, 1156, -1
1, 10, -1
1627, 11, -1
946, 1156, -1
896, 844, -1
241, 126, -1
2216, 6, -1
10, 159, -1
2216, 253, -1
0, 530, -1
1888, 253, -1
11, 530, -1
3, 10, -1
1888, 1156, -1
1627, 1725, -1
1145, 126, -1
787, 253, -1
787, 1211, -1
787, 1156, -1
1, 3, -1
1, 787, -1
896, 1145, -1
896, 126, -1
3, 2035, -1
1627, 159, -1
1, 1244, -1
0, 59, -1
11, 59, -1
896, 946, -1
0, 1627, -1
11, 1627, -1
0, 1145, -1
787, 11, -1
1156, 2035, -1
946, 10, -1
1627, 6, -1
1156, 3, -1
1, 844, -1
1156, 787, -1
3, 1244, -1
787, 2253, -1
2216, 1, -1
1888, 2216, -1
1627, 253, -1
1145, 530, -1
1888, 10, -1
787, 1725, -1
253, 159, -1
3, 844, -1
0, 946, -1
1145, 11, -1
946, 3, -1
0, 253, -1
896, 530, -1
0, 1211, -1
946, 787, -1
0, 1156, -1
11, 1156, -1
1, 126, -1
11, 1211, -1
2216, 2035, -1
253, 6, -1
241, 59, -1
530, 946, -1
2216, 3, -1
896, 11, -1
241, 1627, -1
2216, 787, -1
2216, 241, -1
1888, 3, -1
1888, 787, -1
1888, 241, -1
1145, 59, -1
3, 126, -1
946, 1244, -1
1145, 1627, -1
10, 2035, -1
787, 6, -1
10, 3, -1
10, 787, -1
946, 844, -1
1888, 1244, -1
0, 11, -1
241, 946, -1
896, 59, -1
126, 159, -1
896, 1627, -1
0, 2253, -1
2035, 1244, -1
11, 2253, -1
1888, 844, -1
241, 1211, -1
241, 1156, -1
0, 1725, -1
530, 11, -1
126, 6, -1
1, 530, -1
1145, 253, -1
2035, 844, -1
1145, 1211, -1
1145, 1156, -1
1627, 2035, -1
1627, 3, -1
253, 10, -1
946, 126, -1
1627, 787, -1
1, 11, -1
241, 530, -1
530, 1725, -1
896, 6, -1
3, 530, -1
2253, 1725, -1
1888, 126, -1
896, 253, -1
896, 1211, -1
11, 159, -1
896, 1156, -1
3, 11, -1
787, 2216, -1
2035, 126, -1
0, 241, -1
253, 2035, -1
241, 2253, -1
787, 10, -1
253, 3, -1
3, 2216, -1
1, 59, -1
0, 6, -1
11, 6, -1
253, 787, -1
1, 1627, -1
530, 159, -1
1156, 11, -1
2253, 159, -1
1145, 2253, -1
2216, 0, -1
3, 59, -1
530, 6, -1
3, 1627, -1
787, 2035, -1
253, 1244, -1
530, 253, -1
896, 2253, -1
241, 159, -1
253, 844, -1
896, 1725, -1
896, 2216, -1
896, 1, -1
1, 253, -1
1, 1211, -1
2216, 896, -1
1, 1156, -1
1888, 896, -1
241, 6, -1
787, 1244, -1
126, 2035, -1
1145, 241, -1
3, 253, -1
3, 1211, -1
3, 1156, -1
787, 844, -1
0, 2216, -1
1156, 946, -1
0, 1, -1
11, 2216, -1
10, 11, -1
253, 126, -1
0, 10, -1
11, 10, -1
896, 241, -1
1156, 253, -1
2216, 1145, -1
1, 2253, -1
0, 2035, -1
11, 2035, -1
787, 126, -1
11, 3, -1
11, 787, -1
2216, 946, -1
3, 2253, -1
946, 1211, -1
3, 1725, -1
530, 2035, -1
1145, 1725, -1
787, 946, -1
1, 159, -1
787, 241, -1
11, 896, -1
2035, 253, -1
946, 896, -1
1145, 159, -1
530, 896, -1
253, 2253, -1
3, 241, -1
2035, 896, -1
946, 1725, -1
10, 896, -1
946, 2216, -1
1, 896, -1
1888, 1725, -1
241, 896, -1
2035, 1725, -1
1145, 896, -1
946, 159, -1
1, 1725, -1
787, 1, -1
11, 0, -1
6, 159, -1
787, 1145, -1
1627, 896, -1
1888, 159, -1
1156, 896, -1
946, 253, -1
2035, 159, -1
126, 1725, -1
1, 0, -1
1145, 0, -1
241, 0, -1
253, 2216, -1
3, 1, -1
3, 1145, -1
3, 946, -1

2044, 1156, 1
2044, 10, 1
2044, 2216, 1
2044, 1627, 1
2044, 530, 1
2044, 126, 1
2044, 2253, 1
2044, 1244, 1
2044, 1211, 1
2044, 844, 1
2044, 59, 1
1921, 1156, 1
1921, 10, 1
1921, 2216, 1
1921, 1627, 1
1921, 530, 1
1921, 126, 1
1921, 2253, 1
1921, 1244, 1
1921, 1211, 1
1921, 844, 1
1921, 59, 1
1921, 2044, 1
1761, 1, 1
1761, 2035, 1
1761, 1145, 1
402, 1156, 1
402, 10, 1
402, 2216, 1
402, 1627, 1
402, 530, 1
402, 126, 1
402, 2253, 1
402, 1244, 1
402, 1211, 1
402, 844, 1
402, 59, 1
402, 2044, 1
402, 1921, 1
778, 1156, 1
778, 10, 1
778, 2216, 1
778, 1627, 1
778, 530, 1
778, 126, 1
778, 2253, 1
778, 1244, 1
778, 1211, 1
778, 844, 1
778, 59, 1
778, 2044, 1
778, 1921, 1
778, 402, 1
844, 126, 1
2216, 1211, 1
530, 2044, 1
2216, 1156, 1
1156, 2253, 1
1211, 2253, 1
2216, 402, 1
10, 1211, 1
10, 1156, 1
59, 402, 1
2216, 530, 1
530, 1244, 1
1244, 126, 1
2044, 402, 1
530, 844, 1
2253, 844, 1
2216, 2253, 1
844, 402, 1
1627, 1211, 1
1244, 1211, 1
1627, 1156, 1
2216, 59, 1
10, 2253, 1
2216, 1627, 1
530, 126, 1
2253, 126, 1
1627, 402, 1
1244, 402, 1
1627, 530, 1
1627, 2253, 1
59, 1211, 1
59, 1156, 1
1, 2035, 1
1627, 59, 1
1244, 59, 1
2253, 402, 1
1156, 10, 1
2216, 1921, 1
1156, 778, 1
1156, 2044, 1
59, 2253, 1
1211, 2044, 1
126, 402, 1
530, 59, 1
2216, 10, 1
530, 1627, 1
1156, 1244, 1
1211, 1244, 1
844, 2253, 1
1, 1145, 1
1156, 844, 1
1211, 844, 1
2216, 778, 1
2216, 2044, 1
530, 1211, 1
1244, 2253, 1
530, 1156, 1
10, 2044, 1
2216, 1244, 1
1921, 402, 1
1156, 126, 1
1211, 126, 1
530, 402, 1
2216, 844, 1
10, 1244, 1
10, 844, 1
1627, 2044, 1
530, 2253, 1
2216, 126, 1
2035, 1145, 1
1156, 402, 1
1627, 1244, 1
1211, 402, 1
1156, 530, 1
10, 126, 1
1627, 844, 1
1244, 844, 1
59, 2044, 1
1156, 59, 1
1627, 126, 1
1156, 1627, 1
59, 1244, 1
10, 402, 1
59, 844, 1
10, 530, 1
1244, 2044, 1
1156, 1211, 1
1211, 1156, 1
530, 10, 1
59, 126, 1
126, 844, 1
10, 59, 1
10, 1627, 1
1921, 778, 1
530, 778, 1
1145, 1, 1
59, 778, 1
2253, 2044, 1
402, 778, 1
10, 778, 1
1145, 1761, 1
1211, 59, 1
1627, 10, 1
1211, 1627, 1
1244, 1627, 1
59, 530, 1
844, 2044, 1
59, 1921, 1
126, 2044, 1
1244, 1156, 1
2035, 1, 1
59, 1627, 1
59, 10, 1
2035, 1761, 1
1, 1761, 1
1156, 1921, 1
1627, 778, 1
1145, 2035, 1
2044, 946, -1
2044, 0, -1
2044, 3, -1
2044, 896, -1
2044, 787, -1
2044, 159, -1
2044, 1, -1
2044, 2035, -1
2044, 1145, -1
2044, 6, -1
2044, 1888, -1
2044, 11, -1
2044, 241, -1
2044, 253, -1
2044, 1725, -1
1921, 946, -1
1921, 0, -1
1921, 3, -1
1921, 896, -1
1921, 787, -1
1921, 159, -1
1921, 1, -1
1921, 2035, -1
1921, 1145, -1
1921, 6, -1
1921, 1888, -1
1921, 11, -1
1921, 241, -1
1921, 253, -1
1921, 1725, -1
1761, 1156, -1
1761, 10, -1
1761, 2216, -1
1761, 1627, -1
1761, 530, -1
1761, 126, -1
1761, 2253, -1
1761, 1244, -1
1761, 1211, -1
1761, 844, -1
1761, 59, -1
1761, 2044, -1
1761, 1921, -1
1761, 946, -1
1761, 0, -1
1761, 3, -1
1761, 896, -1
1761, 787, -1
1761, 159, -1
1761, 6, -1
1761, 1888, -1
1761, 11, -1
1761, 241, -1
1761, 253, -1
1761, 1725, -1
402, 946, -1
402, 0, -1
402, 3, -1
402, 896, -1
402, 787, -1
402, 159, -1
402, 1, -1
402, 2035, -1
402, 1145, -1
402, 1761, -1
402, 6, -1
402, 1888, -1
402, 11, -1
402, 241, -1
402, 253, -1
402, 1725, -1
778, 946, -1
778, 0, -1
778, 3, -1
778, 896, -1
778, 787, -1
778, 159, -1
778, 1, -1
778, 2035, -1
778, 1145, -1
778, 1761, -1
778, 6, -1
778, 1888, -1
778, 11, -1
778, 241, -1
778, 253, -1
778, 1725, -1
241, 10, -1
530, 3, -1
1888, 1211, -1
530, 241, -1
530, 787, -1
0, 1244, -1
11, 1244, -1
1, 159, -1
2035, 6, -1
2035, 253, -1
946, 402, -1
1145, 10, -1
1156, 1725, -1
946, 530, -1
10, 6, -1
2035, 1211, -1
1211, 1725, -1
0, 844, -1
11, 844, -1
2035, 1156, -1
1211, 1, -1
10, 253, -1
1, 241, -1
1627, 1145, -1
1244, 1145, -1
1888, 402, -1
1888, 530, -1
241, 778, -1
241, 2044, -1
896, 10, -1
946, 2253, -1
2216, 11, -1
59, 11, -1
1145, 2044, -1
1156, 159, -1
1145, 3, -1
1211, 159, -1
1145, 787, -1
1888, 2253, -1
0, 126, -1
11, 126, -1
1156, 241, -1
946, 59, -1
2216, 1725, -1
241, 1244, -1
1211, 241, -1
1, 1921, -1
946, 1627, -1
896, 2035, -1
1156, 6, -1
2035, 2253, -1
896, 2044, -1
1145, 1244, -1
241, 844, -1
1888, 59, -1
2035, 1725, -1
1888, 1627, -1
1725, 126, -1
10, 1725, -1
59, 1145, -1
1145, 844, -1
1761, 402, -1
2216, 159, -1
896, 1244, -1
1, 10, -1
1627, 11, -1
1244, 11, -1
2035, 159, -1
946, 1156, -1
896, 844, -1
241, 126, -1
2216, 6, -1
844, 1145, -1
0, 402, -1
10, 159, -1
2216, 253, -1
0, 530, -1
2035, 241, -1
59, 253, -1
1888, 1156, -1
1627, 1725, -1
1145, 126, -1
1244, 1725, -1
10, 241, -1
126, 1145, -1
787, 1211, -1
787, 1156, -1
1, 2044, -1
1, 3, -1
1156, 1, -1
1, 787, -1
896, 1145, -1
1145, 946, -1
896, 126, -1
3, 2035, -1
844, 253, -1
3, 2044, -1
1627, 159, -1
1, 1244, -1
0, 59, -1
0, 1627, -1
946, 2216, -1
1156, 2035, -1
0, 1145, -1
1211, 2035, -1
946, 10, -1
1156, 3, -1
1627, 6, -1
1244, 6, -1
1156, 787, -1
1, 844, -1
1145, 402, -1
1627, 253, -1
787, 2253, -1
2216, 1, -1
1888, 2216, -1
1244, 253, -1
1145, 530, -1
59, 1725, -1
3, 1244, -1
1888, 1, -1
1888, 10, -1
530, 1145, -1
3, 844, -1
2216, 1761, -1
2253, 1145, -1
1145, 11, -1
2044, 1761, -1
946, 2035, -1
896, 402, -1
10, 1, -1
946, 778, -1
896, 530, -1
0, 1211, -1
11, 1211, -1
0, 1156, -1
1, 126, -1
844, 1725, -1
11, 1156, -1
2216, 2035, -1
59, 159, -1
241, 59, -1
1888, 2035, -1
2216, 3, -1
1888, 778, -1
241, 1627, -1
2216, 787, -1
2216, 241, -1
59, 241, -1
1145, 59, -1
3, 126, -1
946, 1244, -1
1145, 1627, -1
2253, 253, -1
59, 6, -1
2035, 2044, -1
10, 2035, -1
10, 3, -1
844, 159, -1
10, 787, -1
946, 844, -1
1888, 1244, -1
1627, 1, -1
1244, 1, -1
1211, 1145, -1
946, 1921, -1
896, 59, -1
126, 159, -1
844, 241, -1
896, 1627, -1
0, 2253, -1
11, 2253, -1
1888, 844, -1
844, 6, -1
241, 1211, -1
2035, 1244, -1
241, 1156, -1
1888, 1921, -1
1, 402, -1
1145, 6, -1
530, 11, -1
126, 6, -1
1, 530, -1
1244, 159, -1
2035, 844, -1
1145, 1211, -1
1145, 253, -1
1145, 1156, -1
1627, 2035, -1
946, 126, -1
1627, 3, -1
1244, 3, -1
1627, 787, -1
1244, 787, -1
1627, 241, -1
1244, 241, -1
1, 11, -1
1761, 778, -1
241, 530, -1
530, 1725, -1
241, 402, -1
2253, 1725, -1
1888, 126, -1
896, 1211, -1
896, 1156, -1
59, 1, -1
2035, 126, -1
241, 2253, -1
1, 59, -1
1, 1627, -1
530, 159, -1
946, 2044, -1
1156, 11, -1
2253, 159, -1
1145, 2253, -1
844, 1, -1
1145, 1725, -1
59, 2035, -1
2253, 241, -1
1888, 2044, -1
530, 6, -1
59, 3, -1
126, 1, -1
59, 787, -1
2253, 6, -1
787, 2035, -1
530, 253, -1
787, 2044, -1
896, 2253, -1
0, 1921, -1
1, 946, -1
1, 6, -1
896, 2216, -1
896, 1, -1
1156, 1145, -1
1, 1211, -1
1, 253, -1
1, 1156, -1
1, 778, -1
1145, 159, -1
787, 1244, -1
1145, 778, -1
1145, 241, -1
3, 1211, -1
3, 1156, -1
787, 844, -1
1156, 946, -1
0, 2216, -1
0, 1, -1
10, 11, -1
253, 126, -1
0, 10, -1
1244, 2035, -1
1211, 6, -1
896, 778, -1
1156, 253, -1
1211, 253, -1
241, 1921, -1
2216, 1145, -1
1888, 1145, -1
530, 1, -1
1, 2253, -1
2253, 1, -1
1145, 1921, -1
1921, 1761, -1
1, 1725, -1
0, 2035, -1
11, 2035, -1
787, 126, -1
0, 778, -1
0, 2044, -1
11, 2044, -1
10, 1145, -1
2216, 946, -1
3, 2253, -1
946, 1211, -1
896, 1921, -1
530, 2035, -1
2253, 2035, -1
1725, 2044, -1
253, 530, -1
10, 946, -1
241, 1761, -1
6, 402, -1
1211, 1761, -1
787, 530, -1
253, 59, -1
253, 1627, -1
3, 1921, -1
787, 59, -1
787, 1627, -1
253, 1211, -1
10, 1761, -1
253, 1156, -1
59, 946, -1
11, 402, -1
3, 1, -1
11, 530, -1
253, 402, -1
3, 10, -1
3, 1761, -1
1725, 402, -1
1156, 1761, -1
787, 402, -1
3, 778, -1
11, 59, -1
11, 1627, -1
946, 1, -1
6, 1, -1
1211, 3, -1
1211, 787, -1
946, 1761, -1
1888, 1761, -1
530, 946, -1
126, 1725, -1
241, 1145, -1
253, 1921, -1
1627, 1761, -1
1244, 1761, -1
787, 1921, -1
253, 1, -1
253, 10, -1
3, 402, -1
3, 530, -1
787, 2216, -1
787, 1, -1
253, 778, -1
253, 2044, -1
787, 10, -1
59, 1761, -1
787, 1761, -1
1211, 11, -1
6, 2044, -1
3, 59, -1
3, 1627, -1
253, 1244, -1
844, 1761, -1
787, 778, -1
11, 1921, -1
253, 844, -1
844, 2035, -1
2035, 402, -1
896, 1761, -1
126, 2035, -1
11, 2216, -1
11, 1, -1
11, 10, -1
11, 1761, -1
0, 1761, -1
1725, 1, -1
530, 1761, -1
11, 778, -1
2253, 1761, -1
241, 1, -1
3, 2216, -1
241, 2035, -1
11, 1145, -1
253, 1145, -1
946, 1145, -1
6, 844, -1
787, 1145, -1
3, 1145, -1
6, 1145, -1
1725, 844, -1
1725, 1145, -1

1949, 1156, 1
1949, 10, 1
1949, 2216, 1
1949, 1627, 1
1949, 530, 1
1949, 126, 1
1949, 2253, 1
1949, 1244, 1
1949, 1211, 1
1949, 844, 1
1949, 59, 1
1949, 2044, 1
1949, 1921, 1
1949, 402, 1
1949, 778, 1
1614, 11, 1
1614, 241, 1
1614, 253, 1
1614, 1725, 1
1469, 1156, 1
1469, 10, 1
1469, 2216, 1
1469, 1627, 1
1469, 530, 1
1469, 126, 1
1469, 2253, 1
1469, 1244, 1
1469, 1211, 1
1469, 844, 1
1469, 59, 1
1469, 2044, 1
1469, 1921, 1
1469, 402, 1
1469, 778, 1
1469, 1949, 1
605, 1156, 1
605, 10, 1
605, 2216, 1
605, 1627, 1
605, 530, 1
605, 126, 1
605, 2253, 1
605, 1244, 1
605, 1211, 1
605, 844, 1
605, 59, 1
605, 2044, 1
605, 1921, 1
605, 402, 1
605, 778, 1
605, 1949, 1
605, 1469, 1
1362, 0, 1
1362, 3, 1
1362, 896, 1
1362, 787, 1
1362, 159, 1
802, 1156, 1
802, 10, 1
802, 2216, 1
802, 1627, 1
802, 530, 1
802, 126, 1
802, 2253, 1
802, 1244, 1
802, 1211, 1
802, 844, 1
802, 59, 1
802, 2044, 1
802, 1921, 1
802, 402, 1
802, 778, 1
802, 1949, 1
802, 1469, 1
802, 605, 1
844, 126, 1
2216, 1211, 1
530, 2044, 1
2216, 1156, 1
1156, 1469, 1
2253, 778, 1
2253, 2044, 1
1211, 1469, 1
1156, 2253, 1
530, 778, 1
1211, 2253, 1
2216, 802, 1
402, 1211, 1
2216, 402, 1
10, 1211, 1
778, 1156, 1
10, 1156, 1
1921, 1244, 1
1156, 605, 1
2216, 530, 1
530, 1244, 1
1244, 126, 1
778, 1211, 1
2253, 1244, 1
10, 1949, 1
778, 1949, 1
3, 159, 1
59, 402, 1
1921, 844, 1
402, 530, 1
530, 844, 1
2253, 844, 1
2216, 1469, 1
2216, 2253, 1
844, 402, 1
402, 1469, 1
1627, 1211, 1
1627, 1156, 1
896, 3, 1
778, 1469, 1
10, 1469, 1
2216, 59, 1
2216, 605, 1
1921, 126, 1
896, 787, 1
10, 2253, 1
2216, 1627, 1
2044, 605, 1
530, 126, 1
778, 2253, 1
2253, 126, 1
402, 59, 1
402, 605, 1
1627, 402, 1
1244, 402, 1
402, 1627, 1
1627, 530, 1
778, 605, 1
10, 605, 1
1627, 1469, 1
1627, 2253, 1
10, 778, 1
59, 1211, 1
59, 1156, 1
2216, 1949, 1
59, 1949, 1
402, 1156, 1
2044, 1949, 1
1627, 59, 1
1627, 605, 1
1244, 605, 1
2253, 402, 1
402, 1949, 1
2216, 1921, 1
2253, 530, 1
253, 1725, 1
3, 787, 1
844, 1949, 1
59, 1469, 1
2044, 1469, 1
1156, 2044, 1
59, 2253, 1
1211, 2044, 1
2044, 2253, 1
896, 0, 1
126, 402, 1
530, 59, 1
2216, 10, 1
2253, 59, 1
530, 1627, 1
1627, 1949, 1
1244, 1949, 1
2253, 1627, 1
59, 605, 1
402, 10, 1
1156, 1244, 1
844, 1469, 1
1211, 1244, 1
844, 2253, 1
11, 253, 1
778, 10, 1
126, 1469, 1
1156, 844, 1
1211, 844, 1
2216, 778, 1
2216, 2044, 1
787, 159, 1
844, 605, 1
1921, 1211, 1
1921, 1156, 1
1244, 1469, 1
402, 778, 1
530, 1211, 1
1244, 2253, 1
530, 1156, 1
2253, 1211, 1
1921, 802, 1
2253, 1156, 1
778, 2044, 1
10, 2044, 1
2253, 802, 1
2216, 1244, 1
2253, 1949, 1
1921, 402, 1
1156, 126, 1
1211, 126, 1
530, 402, 1
1921, 530, 1
2044, 402, 1
402, 1244, 1
2216, 844, 1
778, 1244, 1
10, 1244, 1
11, 1725, 1
402, 844, 1
1921, 1469, 1
1921, 2253, 1
530, 1469, 1
10, 844, 1
1627, 2044, 1
778, 844, 1
2253, 1469, 1
1627, 778, 1
530, 2253, 1
126, 1949, 1
2216, 126, 1
1921, 59, 1
1921, 605, 1
0, 159, 1
241, 11, 1
1921, 1627, 1
530, 605, 1
1949, 1469, 1
2253, 605, 1
1627, 1244, 1
402, 126, 1
1156, 402, 1
1211, 402, 1
778, 126, 1
10, 126, 1
1627, 844, 1
1244, 844, 1
241, 1725, 1
1949, 605, 1
59, 778, 1
59, 2044, 1
402, 2044, 1
1921, 1949, 1
1211, 59, 1
1627, 126, 1
1211, 605, 1
530, 1949, 1
59, 1244, 1
778, 402, 1
10, 402, 1
2253, 1921, 1
778, 530, 1
59, 844, 1
2044, 844, 1
241, 253, 1
10, 530, 1
896, 159, 1
1244, 2044, 1
1211, 1156, 1
1156, 1949, 1
1921, 10, 1
1211, 1949, 1
2253, 2216, 1
530, 10, 1
2044, 126, 1
59, 126, 1
2253, 10, 1
778, 59, 1
10, 59, 1
0, 3, 1
778, 1627, 1
10, 1627, 1
0, 787, 1
1921, 778, 1
1921, 2044, 1
1725, 1614, 1
0, 896, 1
2044, 802, 1
59, 802, 1
530, 802, 1
896, 1362, 1
1156, 59, 1
402, 802, 1
1244, 59, 1
1627, 10, 1
10, 802, 1
1211, 1627, 1
253, 11, 1
1156, 10, 1
241, 1614, 1
1156, 1627, 1
778, 802, 1
59, 530, 1
844, 2044, 1
0, 1362, 1
59, 1921, 1
787, 896, 1
844, 802, 1
126, 2044, 1
1156, 778, 1
402, 2253, 1
1244, 1211, 1
1156, 1211, 1
1156, 802, 1
1244, 1156, 1
1211, 802, 1
787, 1362, 1
1244, 802, 1
1627, 802, 1
3, 896, 1
59, 1627, 1
126, 844, 1
59, 10, 1
11, 1614, 1
253, 1614, 1
1244, 1627, 1
1156, 1921, 1
787, 3, 1
1156, 530, 1
3, 1362, 1
3, 0, 1
1949, 946, -1
1949, 0, -1
1949, 3, -1
1949, 896, -1
1949, 787, -1
1949, 159, -1
1949, 1, -1
1949, 2035, -1
1949, 1145, -1
1949, 1761, -1
1949, 6, -1
1949, 1888, -1
1949, 11, -1
1949, 241, -1
1949, 253, -1
1949, 1725, -1
1614, 1156, -1
1614, 10, -1
1614, 2216, -1
1614, 1627, -1
1614, 530, -1
1614, 126, -1
1614, 2253, -1
1614, 1244, -1
1614, 1211, -1
1614, 844, -1
1614, 59, -1
1614, 2044, -1
1614, 1921, -1
1614, 402, -1
1614, 778, -1
1614, 1949, -1
1614, 946, -1
1614, 0, -1
1614, 3, -1
1614, 896, -1
1614, 787, -1
1614, 159, -1
1614, 1, -1
1614, 2035, -1
1614, 1145, -1
1614, 1761, -1
1614, 6, -1
1614, 1888, -1
1469, 946, -1
1469, 0, -1
1469, 3, -1
1469, 896, -1
1469, 787, -1
1469, 159, -1
1469, 1, -1
1469, 2035, -1
1469, 1145, -1
1469, 1761, -1
1469, 6, -1
1469, 1888, -1
1469, 11, -1
1469, 241, -1
1469, 253, -1
1469, 1725, -1
1469, 1614, -1
605, 946, -1
605, 0, -1
605, 3, -1
605, 896, -1
605, 787, -1
605, 159, -1
605, 1, -1
605, 2035, -1
605, 1145, -1
605, 1761, -1
605, 6, -1
605, 1888, -1
605, 11, -1
605, 241, -1
605, 253, -1
605, 1725, -1
605, 1614, -1
1362, 1156, -1
1362, 10, -1
1362, 2216, -1
1362, 1627, -1
1362, 530, -1
1362, 126, -1
1362, 2253, -1
1362, 1244, -1
1362, 1211, -1
1362, 844, -1
1362, 59, -1
1362, 2044, -1
1362, 1921, -1
1362, 402, -1
1362, 778, -1
1362, 1949, -1
1362, 1469, -1
1362, 605, -1
1362, 946, -1
1362, 1, -1
1362, 2035, -1
1362, 1145, -1
1362, 1761, -1
1362, 6, -1
1362, 1888, -1
1362, 11, -1
1362, 241, -1
1362, 253, -1
1362, 1725, -1
1362, 1614, -1
802, 946, -1
802, 0, -1
802, 3, -1
802, 896, -1
802, 787, -1
802, 159, -1
802, 1362, -1
802, 1, -1
802, 2035, -1
802, 1145, -1
802, 1761, -1
802, 6, -1
802, 1888, -1
802, 11, -1
802, 241, -1
802, 253, -1
802, 1725, -1
802, 1614, -1
59, 1614, -1
1888, 1211, -1
2253, 787, -1
1888, 802, -1
946, 530, -1
1, 778, -1
2035, 1211, -1
1888, 402, -1
241, 2035, -1
241, 2044, -1
946, 1469, -1
1888, 11, -1
946, 1725, -1
3, 6, -1
1211, 159, -1
253, 59, -1
402, 11, -1
1888, 2253, -1
253, 1627, -1
0, 126, -1
11, 126, -1
241, 1244, -1
778, 11, -1
2035, 2253, -1
59, 1362, -1
241, 844, -1
10, 1725, -1
159, 402, -1
1614, 1469, -1
1888, 159, -1
2035, 159, -1
778, 159, -1
946, 1949, -1
2044, 6, -1
0, 530, -1
1888, 253, -1
2044, 253, -1
1888, 1156, -1
402, 6, -1
3, 10, -1
787, 253, -1
402, 253, -1
787, 1156, -1
778, 6, -1
1, 2044, -1
1761, 59, -1
1761, 1627, -1
253, 1469, -1
844, 253, -1
3, 778, -1
1, 1244, -1
1211, 1614, -1
0, 1145, -1
1, 844, -1
1211, 787, -1
1888, 2216, -1
59, 1725, -1
1888, 10, -1
896, 802, -1
2216, 1761, -1
2253, 1145, -1
6, 159, -1
896, 402, -1
946, 3, -1
1921, 946, -1
2216, 2035, -1
11, 1949, -1
0, 1949, -1
1888, 778, -1
896, 11, -1
1888, 787, -1
1145, 59, -1
3, 126, -1
1761, 1469, -1
1145, 1627, -1
402, 787, -1
10, 3, -1
1761, 1725, -1
778, 787, -1
946, 1921, -1
241, 946, -1
241, 1211, -1
1921, 11, -1
530, 11, -1
241, 802, -1
1244, 159, -1
1627, 2035, -1
11, 605, -1
1156, 1614, -1
0, 605, -1
241, 402, -1
896, 6, -1
3, 530, -1
1888, 126, -1
896, 253, -1
896, 1156, -1
2035, 126, -1
0, 241, -1
241, 2253, -1
1, 605, -1
1921, 159, -1
530, 159, -1
1761, 844, -1
1145, 1469, -1
1145, 1725, -1
2253, 241, -1
1888, 2044, -1
1921, 6, -1
530, 6, -1
59, 3, -1
1921, 253, -1
787, 2035, -1
1156, 1362, -1
787, 2044, -1
530, 253, -1
1362, 802, -1
0, 1921, -1
946, 896, -1
241, 159, -1
896, 2216, -1
896, 1, -1
1, 1211, -1
241, 6, -1
787, 1244, -1
605, 1362, -1
787, 844, -1
1244, 1614, -1
10, 11, -1
3, 1949, -1
896, 778, -1
1761, 3, -1
1, 2253, -1
2216, 946, -1
241, 10, -1
1921, 787, -1
530, 787, -1
1, 159, -1
3, 605, -1
1156, 1725, -1
10, 6, -1
10, 253, -1
2035, 1949, -1
241, 778, -1
241, 787, -1
2216, 11, -1
126, 1614, -1
59, 11, -1
1145, 3, -1
946, 59, -1
946, 1627, -1
896, 2035, -1
896, 2044, -1
1888, 605, -1
1761, 802, -1
0, 1614, -1
1761, 402, -1
2216, 159, -1
896, 1244, -1
253, 1156, -1
1, 10, -1
1627, 11, -1
1761, 11, -1
896, 844, -1
241, 126, -1
2216, 6, -1
2253, 1614, -1
2216, 253, -1
59, 253, -1
1244, 1725, -1
787, 1211, -1
1, 787, -1
896, 1145, -1
787, 402, -1
1627, 159, -1
0, 59, -1
11, 59, -1
1145, 802, -1
0, 1627, -1
11, 1627, -1
787, 11, -1
1627, 6, -1
2253, 1362, -1
1145, 402, -1
1627, 253, -1
787, 2253, -1
2216, 1, -1
1761, 253, -1
1761, 1156, -1
1145, 11, -1
1, 126, -1
2044, 159, -1
126, 1725, -1
2216, 787, -1
402, 159, -1
946, 1244, -1
10, 2035, -1
787, 6, -1
844, 159, -1
946, 844, -1
896, 605, -1
11, 1469, -1
0, 1469, -1
844, 6, -1
3, 1614, -1
0, 1725, -1
241, 1949, -1
1, 530, -1
1145, 253, -1
1145, 1156, -1
1761, 778, -1
1627, 787, -1
2253, 1725, -1
896, 1211, -1
253, 2044, -1
787, 10, -1
1725, 159, -1
2216, 0, -1
2044, 1614, -1
241, 605, -1
59, 2035, -1
3, 59, -1
402, 1614, -1
253, 1244, -1
1725, 6, -1
3, 1627, -1
787, 778, -1
1211, 1362, -1
778, 1614, -1
896, 2253, -1
253, 844, -1
1, 1949, -1
1145, 778, -1
1156, 253, -1
1761, 2044, -1
241, 1921, -1
2216, 1145, -1
778, 1362, -1
787, 126, -1
11, 3, -1
1761, 1244, -1
3, 1469, -1
946, 1211, -1
3, 1725, -1
946, 802, -1
1888, 0, -1
2253, 3, -1
946, 402, -1
1211, 1725, -1
1, 241, -1
946, 11, -1
1888, 530, -1
896, 10, -1
946, 2253, -1
787, 530, -1
1145, 2044, -1
1888, 1469, -1
1, 1921, -1
896, 1614, -1
1888, 1725, -1
2035, 1469, -1
1145, 1244, -1
402, 1725, -1
2035, 1725, -1
1725, 126, -1
778, 1725, -1
1145, 844, -1
253, 1211, -1
946, 253, -1
1921, 1614, -1
253, 802, -1
946, 1156, -1
530, 1614, -1
0, 402, -1
10, 159, -1
253, 402, -1
1244, 1362, -1
1888, 1949, -1
1761, 605, -1
787, 1949, -1
896, 126, -1
253, 2253, -1
2253, 11, -1
6, 1469, -1
946, 2216, -1
1921, 1362, -1
946, 10, -1
530, 1362, -1
1211, 3, -1
1761, 1211, -1
253, 159, -1
787, 605, -1
946, 778, -1
241, 1362, -1
0, 253, -1
896, 530, -1
253, 6, -1
946, 787, -1
0, 1156, -1
11, 1156, -1
59, 159, -1
241, 59, -1
241, 1627, -1
1888, 3, -1
1888, 241, -1
1145, 605, -1
402, 3, -1
2253, 253, -1
59, 6, -1
1761, 2253, -1
778, 3, -1
1725, 1949, -1
10, 787, -1
1888, 1921, -1
1145, 1211, -1
1761, 159, -1
946, 126, -1
253, 10, -1
1921, 1725, -1
3, 402, -1
241, 530, -1
530, 1725, -1
3, 11, -1
896, 1949, -1
241, 1469, -1
253, 778, -1
1, 59, -1
1, 1627, -1
946, 2044, -1
1211, 11, -1
2216, 1614, -1
1145, 2253, -1
59, 787, -1
1888, 896, -1
1145, 159, -1
1761, 10, -1
3, 253, -1
3, 1156, -1
1627, 1614, -1
2216, 1362, -1
253, 126, -1
1211, 6, -1
896, 241, -1
1211, 253, -1
0, 1761, -1
1761, 787, -1
1, 1469, -1
11, 2035, -1
1, 1725, -1
0, 2035, -1
0, 2044, -1
11, 2044, -1
2253, 1761, -1
896, 1921, -1
1921, 3, -1
1921, 241, -1
2253, 2035, -1
530, 3, -1
0, 1244, -1
11, 1244, -1
253, 530, -1
1627, 1362, -1
787, 1614, -1
1145, 10, -1
2035, 253, -1
2035, 1156, -1
0, 844, -1
11, 844, -1
778, 253, -1
844, 1614, -1
1761, 126, -1
241, 3, -1
1156, 159, -1
1145, 787, -1
2216, 1725, -1
946, 605, -1
1156, 6, -1
2044, 1362, -1
1888, 59, -1
402, 1362, -1
1888, 1627, -1
787, 59, -1
787, 1627, -1
1761, 530, -1
844, 1362, -1
253, 1949, -1
1627, 1725, -1
1145, 126, -1
1, 3, -1
1949, 1614, -1
3, 2035, -1
3, 2044, -1
253, 605, -1
1211, 2035, -1
1244, 6, -1
787, 1469, -1
1244, 253, -1
3, 1244, -1
2044, 1725, -1
1145, 530, -1
787, 1725, -1
3, 844, -1
1761, 1949, -1
946, 159, -1
126, 11, -1
0, 1211, -1
11, 1211, -1
844, 1725, -1
0, 802, -1
2216, 3, -1
2253, 946, -1
2216, 241, -1
402, 2035, -1
2035, 2044, -1
778, 2035, -1
253, 1921, -1
1888, 1244, -1
0, 11, -1
896, 59, -1
126, 159, -1
1, 802, -1
896, 1627, -1
0, 2253, -1
2035, 1244, -1
1888, 844, -1
11, 2253, -1
241, 1156, -1
1, 402, -1
126, 6, -1
2035, 844, -1
126, 253, -1
1725, 1469, -1
1627, 3, -1
1145, 1949, -1
1, 11, -1
1761, 241, -1
11, 159, -1
11, 6, -1
0, 6, -1
2253, 159, -1
1761, 1921, -1
2253, 6, -1
896, 1469, -1
10, 1614, -1
896, 1725, -1
1, 253, -1
2216, 896, -1
1, 1156, -1
896, 1761, -1
1145, 241, -1
3, 1211, -1
0, 2216, -1
0, 1, -1
0, 10, -1
10, 1362, -1
2253, 1, -1
1145, 1921, -1
2035, 605, -1
0, 778, -1
11, 787, -1
946, 0, -1
3, 2253, -1
1921, 2035, -1
530, 2035, -1
1725, 2035, -1
1725, 2044, -1
530, 241, -1
778, 946, -1
10, 946, -1
6, 402, -1
1145, 1614, -1
3, 241, -1
59, 896, -1
2044, 896, -1
253, 1362, -1
946, 1362, -1
1614, 802, -1
1156, 241, -1
1211, 241, -1
1888, 1362, -1
844, 896, -1
3, 1921, -1
253, 946, -1
11, 0, -1
787, 1145, -1
1761, 896, -1
1244, 11, -1
59, 946, -1
11, 402, -1
1614, 605, -1
787, 946, -1
11, 530, -1
1, 1614, -1
11, 896, -1
10, 241, -1
778, 241, -1
1761, 1362, -1
1725, 402, -1
787, 802, -1
1921, 896, -1
530, 896, -1
2253, 896, -1
11, 1362, -1
896, 946, -1
1156, 2035, -1
1156, 3, -1
1156, 787, -1
241, 896, -1
1145, 896, -1
0, 946, -1
530, 946, -1
11, 802, -1
1145, 1362, -1
2035, 1614, -1
59, 241, -1
2044, 241, -1
787, 241, -1
402, 241, -1
844, 241, -1
787, 1921, -1
3, 802, -1
253, 2216, -1
159, 2035, -1
1, 896, -1
1244, 3, -1
1244, 241, -1
1244, 787, -1
1627, 241, -1
1, 1362, -1
787, 2216, -1
253, 2035, -1
787, 1, -1
946, 1614, -1
253, 3, -1
1156, 896, -1
253, 787, -1
1211, 896, -1
787, 1761, -1
1156, 11, -1
1888, 1614, -1
6, 2044, -1
2044, 2035, -1
11, 1921, -1
2035, 802, -1
844, 2035, -1
2035, 402, -1
126, 2035, -1
402, 896, -1
2035, 896, -1
778, 896, -1
10, 896, -1
11, 2216, -1
1156, 946, -1
1761, 1614, -1
11, 10, -1
1244, 2035, -1
11, 778, -1
1627, 896, -1
1244, 896, -1
3, 2216, -1
241, 0, -1
6, 844, -1
1761, 0, -1
1725, 844, -1
1145, 0, -1
1, 0, -1
1921, 0, -1
3, 1, -1
3, 1145, -1
3, 946, -1
3, 1761, -1

1926, 1156, 1
1926, 10, 1
1926, 2216, 1
1926, 1627, 1
1926, 530, 1
1926, 126, 1
1926, 2253, 1
1926, 1244, 1
1926, 1211, 1
1926, 844, 1
1926, 59, 1
1926, 2044, 1
1926, 1921, 1
1926, 402, 1
1926, 778, 1
1926, 1949, 1
1926, 1469, 1
1926, 605, 1
1926, 802, 1
1565, 1156, 1
1565, 10, 1
1565, 2216, 1
1565, 1627, 1
1565, 530, 1
1565, 126, 1
1565, 2253, 1
1565, 1244, 1
1565, 1211, 1
1565, 844, 1
1565, 59, 1
1565, 2044, 1
1565, 1921, 1
1565, 402, 1
1565, 778, 1
1565, 1949, 1
1565, 1469, 1
1565, 605, 1
1565, 802, 1
1565, 1926, 1
2001, 1156, 1
2001, 10, 1
2001, 2216, 1
2001, 1627, 1
2001, 530, 1
2001, 126, 1
2001, 2253, 1
2001, 1244, 1
2001, 1211, 1
2001, 844, 1
2001, 59, 1
2001, 2044, 1
2001, 1921, 1
2001, 402, 1
2001, 778, 1
2001, 1949, 1
2001, 1469, 1
2001, 605, 1
2001, 802, 1
2001, 1926, 1
2001, 1565, 1
1570, 1156, 1
1570, 10, 1
1570, 2216, 1
1570, 1627, 1
1570, 530, 1
1570, 126, 1
1570, 2253, 1
1570, 1244, 1
1570, 1211, 1
1570, 844, 1
1570, 59, 1
1570, 2044, 1
1570, 1921, 1
1570, 402, 1
1570, 778, 1
1570, 1949, 1
1570, 1469, 1
1570, 605, 1
1570, 802, 1
1570, 1926, 1
1570, 1565, 1
1570, 2001, 1
1003, 1156, 1
1003, 10, 1
1003, 2216, 1
1003, 1627, 1
1003, 530, 1
1003, 126, 1
1003, 2253, 1
1003, 1244, 1
1003, 1211, 1
1003, 844, 1
1003, 59, 1
1003, 2044, 1
1003, 1921, 1
1003, 402, 1
1003, 778, 1
1003, 1949, 1
1003, 1469, 1
1003, 605, 1
1003, 802, 1
1003, 1926, 1
1003, 1565, 1
1003, 2001, 1
1003, 1570, 1
1953, 1156, 1
1953, 10, 1
1953, 2216, 1
1953, 1627, 1
1953, 530, 1
1953, 126, 1
1953, 2253, 1
1953, 1244, 1
1953, 1211, 1
1953, 844, 1
1953, 59, 1
1953, 2044, 1
1953, 1921, 1
1953, 402, 1
1953, 778, 1
1953, 1949, 1
1953, 1469, 1
1953, 605, 1
1953, 802, 1
1953, 1926, 1
1953, 1565, 1
1953, 2001, 1
1953, 1570, 1
1953, 1003, 1
2096, 1156, 1
2096, 10, 1
2096, 2216, 1
2096, 1627, 1
2096, 530, 1
2096, 126, 1
2096, 2253, 1
2096, 1244, 1
2096, 1211, 1
2096, 844, 1
2096, 59, 1
2096, 2044, 1
2096, 1921, 1
2096, 402, 1
2096, 778, 1
2096, 1949, 1
2096, 1469, 1
2096, 605, 1
2096, 802, 1
2096, 1926, 1
2096, 1565, 1
2096, 2001, 1
2096, 1570, 1
2096, 1003, 1
2096, 1953, 1
2117, 1156, 1
2117, 10, 1
2117, 2216, 1
2117, 1627, 1
2117, 530, 1
2117, 126, 1
2117, 2253, 1
2117, 1244, 1
2117, 1211, 1
2117, 844, 1
2117, 59, 1
2117, 2044, 1
2117, 1921, 1
2117, 402, 1
2117, 778, 1
2117, 1949, 1
2117, 1469, 1
2117, 605, 1
2117, 802, 1
2117, 1926, 1
2117, 1565, 1
2117, 2001, 1
2117, 1570, 1
2117, 1003, 1
2117, 1953, 1
2117, 2096, 1
1694, 1156, 1
1694, 10, 1
1694, 2216, 1
1694, 1627, 1
1694, 530, 1
1694, 126, 1
1694, 2253, 1
1694, 1244, 1
1694, 1211, 1
1694, 844, 1
1694, 59, 1
1694, 2044, 1
1694, 1921, 1
1694, 402, 1
1694, 778, 1
1694, 1949, 1
1694, 1469, 1
1694, 605, 1
1694, 802, 1
1694, 1926, 1
1694, 1565, 1
1694, 2001, 1
1694, 1570, 1
1694, 1003, 1
1694, 1953, 1
1694, 2096, 1
1694, 2117, 1
605, 1949, 1
530, 2044, 1
2216, 1156, 1
2253, 778, 1
1211, 2253, 1
2253, 2117, 1
402, 1211, 1
126, 1694, 1
802, 126, 1
2216, 1003, 1
778, 1211, 1
1921, 1244, 1
802, 1694, 1
402, 802, 1
1156, 1926, 1
1156, 605, 1
530, 1244, 1
2044, 402, 1
1953, 1694, 1
778, 802, 1
1921, 844, 1
530, 844, 1
126, 2044, 1
844, 402, 1
802, 2044, 1
605, 1926, 1
402, 2253, 1
1627, 1156, 1
10, 1469, 1
2216, 59, 1
778, 2253, 1
1211, 2001, 1
1926, 2117, 1
2216, 1627, 1
59, 1627, 1
2253, 126, 1
1627, 1003, 1
2253, 1694, 1
2044, 1565, 1
402, 1565, 1
402, 1156, 1
1627, 59, 1
1244, 605, 1
778, 2001, 1
2253, 530, 1
844, 1565, 1
1926, 1694, 1
59, 1469, 1
1211, 2117, 1
1570, 1003, 1
402, 10, 1
778, 10, 1
2216, 2044, 1
1921, 1211, 1
402, 778, 1
530, 1211, 1
1244, 2253, 1
126, 605, 1
126, 1926, 1
1921, 802, 1
530, 802, 1
802, 1926, 1
802, 605, 1
2253, 1949, 1
2216, 1244, 1
778, 2117, 1
1921, 402, 1
1211, 126, 1
530, 402, 1
1211, 1694, 1
2216, 844, 1
1921, 1570, 1
530, 1570, 1
1921, 2253, 1
1627, 2044, 1
530, 2253, 1
1244, 2001, 1
2253, 1926, 1
2253, 605, 1
1627, 1244, 1
402, 126, 1
402, 1694, 1
778, 126, 1
1627, 844, 1
778, 1694, 1
2001, 1570, 1
1921, 1565, 1
530, 1565, 1
402, 2044, 1
10, 802, 1
10, 402, 1
2253, 1921, 1
778, 530, 1
2044, 844, 1
10, 1570, 1
802, 2001, 1
1244, 2117, 1
1921, 10, 1
1211, 1949, 1
530, 10, 1
2001, 1003, 1
1565, 1003, 1
1921, 778, 1
2216, 1211, 1
530, 778, 1
1156, 1469, 1
2216, 802, 1
59, 802, 1
10, 1565, 1
2216, 402, 1
10, 1156, 1
59, 402, 1
1211, 1926, 1
1244, 126, 1
778, 1949, 1
1244, 1694, 1
605, 1469, 1
2216, 1570, 1
59, 1570, 1
2216, 2253, 1
126, 2117, 1
1627, 1211, 1
1953, 2117, 1
802, 2117, 1
1627, 802, 1
1921, 126, 1
2044, 605, 1
530, 126, 1
1921, 1694, 1
530, 1694, 1
402, 605, 1
1627, 402, 1
10, 2216, 1
778, 1926, 1
778, 605, 1
2216, 1565, 1
1627, 2253, 1
59, 1565, 1
10, 778, 1
59, 1156, 1
59, 1003, 1
2044, 2253, 1
1627, 1565, 1
2216, 10, 1
2253, 59, 1
126, 530, 1
1244, 1949, 1
2117, 1694, 1
2253, 1627, 1
802, 530, 1
844, 2253, 1
126, 1469, 1
2216, 778, 1
802, 1469, 1
10, 2044, 1
402, 2001, 1
1244, 1926, 1
10, 1244, 1
10, 844, 1
1627, 778, 1
2253, 1469, 1
126, 1949, 1
1156, 802, 1
2216, 126, 1
802, 1949, 1
1921, 1926, 1
1921, 605, 1
2216, 1694, 1
530, 1926, 1
530, 605, 1
1156, 402, 1
1211, 1003, 1
59, 2044, 1
2044, 2117, 1
402, 2117, 1
1211, 59, 1
1627, 126, 1
1627, 1694, 1
59, 1244, 1
1949, 1565, 1
844, 2117, 1
59, 844, 1
1156, 1565, 1
2044, 126, 1
778, 59, 1
2044, 1694, 1
778, 1627, 1
605, 1565, 1
2253, 1953, 1
844, 126, 1
844, 1694, 1
1211, 1469, 1
1921, 2001, 1
1156, 2216, 1
530, 2001, 1
10, 1211, 1
402, 530, 1
402, 1469, 1
778, 1469, 1
2216, 1926, 1
2216, 605, 1
10, 2253, 1
1949, 126, 1
1949, 1694, 1
1921, 2117, 1
59, 1211, 1
530, 2117, 1
2044, 1949, 1
1627, 1926, 1
1627, 605, 1
2253, 402, 1
402, 1949, 1
10, 2001, 1
2216, 1921, 1
2253, 1570, 1
844, 1949, 1
126, 1156, 1
802, 1156, 1
1156, 2044, 1
59, 2253, 1
2096, 2117, 1
2001, 2117, 1
1003, 1694, 1
126, 1003, 1
530, 59, 1
530, 1627, 1
802, 1003, 1
2044, 1926, 1
1156, 1244, 1
402, 1926, 1
605, 2044, 1
1156, 844, 1
844, 1926, 1
844, 605, 1
2253, 1565, 1
1244, 1469, 1
126, 59, 1
2216, 2001, 1
2253, 1156, 1
126, 1627, 1
59, 2001, 1
802, 59, 1
802, 1627, 1
605, 844, 1
10, 2117, 1
2096, 1694, 1
1921, 530, 1
2253, 1003, 1
2001, 1694, 1
1565, 1694, 1
1921, 1469, 1
530, 1469, 1
1926, 1565, 1
1211, 802, 1
1627, 2001, 1
1211, 402, 1
59, 10, 1
1926, 1003, 1
10, 126, 1
1244, 844, 1
10, 1694, 1
1949, 1926, 1
1949, 605, 1
1469, 126, 1
59, 778, 1
1469, 1694, 1
2216, 2117, 1
59, 2117, 1
1921, 1949, 1
530, 1949, 1
778, 402, 1
10, 530, 1
778, 1570, 1
1211, 1565, 1
1156, 1211, 1
126, 1244, 1
1211, 1156, 1
1627, 2117, 1
802, 1244, 1
59, 126, 1
126, 844, 1
59, 1694, 1
802, 844, 1
2253, 2044, 1
1156, 2253, 1
778, 1565, 1
778, 1156, 1
2216, 530, 1
2253, 1244, 1
10, 1949, 1
59, 530, 1
402, 1003, 1
778, 1003, 1
2253, 844, 1
2216, 1469, 1
1469, 1949, 1
1244, 1211, 1
1570, 2117, 1
1156, 2001, 1
1244, 802, 1
402, 59, 1
1244, 402, 1
402, 1627, 1
1627, 530, 1
10, 1926, 1
10, 605, 1
1627, 1469, 1
1469, 1926, 1
2216, 1949, 1
59, 1949, 1
1570, 1694, 1
1949, 2117, 1
126, 1211, 1
802, 1211, 1
2044, 1469, 1
1244, 1565, 1
1211, 2044, 1
1156, 2117, 1
126, 402, 1
1627, 1949, 1
802, 402, 1
59, 1926, 1
59, 605, 1
844, 1469, 1
1211, 1244, 1
2216, 1953, 1
126, 2253, 1
1211, 844, 1
605, 2117, 1
802, 2253, 1
1003, 2117, 1
1921, 1156, 1
530, 1156, 1
2253, 1211, 1
778, 2044, 1
2253, 802, 1
1921, 1003, 1
1156, 126, 1
530, 1003, 1
1156, 1694, 1
402, 1244, 1
778, 1244, 1
402, 844, 1
126, 1565, 1
778, 844, 1
802, 1565, 1
605, 126, 1
605, 1694, 1
1921, 59, 1
1921, 1627, 1
1949, 1469, 1
1565, 2117, 1
126, 10, 1
2253, 2001, 1
802, 10, 1
1211, 605, 1
10, 1003, 1
802, 778, 1
1244, 2044, 1
1156, 1949, 1
2253, 2216, 1
2253, 10, 1
10, 59, 1
10, 1627, 1
1921, 2044, 1
1921, 2096, 1
778, 1953, 1
605, 1003, 1
605, 402, 1
402, 2096, 1
605, 1244, 1
778, 2096, 1
10, 2096, 1
2044, 1211, 1
2044, 2001, 1
1565, 1570, 1
1627, 10, 1
2044, 1003, 1
1211, 1627, 1
1949, 2044, 1
10, 1953, 1
844, 2044, 1
1469, 2044, 1
1570, 1953, 1
802, 1953, 1
530, 1921, 1
2001, 1953, 1
605, 2253, 1
1627, 1570, 1
1627, 1953, 1
844, 2001, 1
1211, 1953, 1
2044, 1570, 1
1953, 2096, 1
59, 1921, 1
844, 1211, 1
844, 802, 1
1570, 2096, 1
402, 1570, 1
1949, 1003, 1
1949, 402, 1
1469, 1003, 1
402, 1953, 1
802, 2096, 1
2001, 2096, 1
1469, 402, 1
10, 1921, 1
844, 1003, 1
1156, 778, 1
1949, 844, 1
1244, 1156, 1
844, 1570, 1
1469, 844, 1
1949, 2253, 1
1244, 1003, 1
1003, 1953, 1
1156, 1003, 1
1921, 1953, 1
59, 1953, 1
530, 1953, 1
802, 1570, 1
1156, 1570, 1
2216, 2096, 1
1211, 1570, 1
1244, 1570, 1
605, 1156, 1
530, 2096, 1
2253, 2096, 1
1156, 10, 1
1156, 530, 1
1156, 1921, 1
1949, 2216, 1
1156, 1953, 1
530, 2216, 1
1156, 59, 1
605, 2216, 1
1156, 1627, 1
1244, 1627, 1
1244, 59, 1
1926, 946, -1
1926, 0, -1
1926, 3, -1
1926, 896, -1
1926, 787, -1
1926, 159, -1
1926, 1362, -1
1926, 1, -1
1926, 2035, -1
1926, 1145, -1
1926, 1761, -1
1926, 6, -1
1926, 1888, -1
1926, 11, -1
1926, 241, -1
1926, 253, -1
1926, 1725, -1
1926, 1614, -1
1565, 946, -1
1565, 0, -1
1565, 3, -1
1565, 896, -1
1565, 787, -1
1565, 159, -1
1565, 1362, -1
1565, 1, -1
1565, 2035, -1
1565, 1145, -1
1565, 1761, -1
1565, 6, -1
1565, 1888, -1
1565, 11, -1
1565, 241, -1
1565, 253, -1
1565, 1725, -1
1565, 1614, -1
2001, 946, -1
2001, 0, -1
2001, 3, -1
2001, 896, -1
2001, 787, -1
2001, 159, -1
2001, 1362, -1
2001, 1, -1
2001, 2035, -1
2001, 1145, -1
2001, 1761, -1
2001, 6, -1
2001, 1888, -1
2001, 11, -1
2001, 241, -1
2001, 253, -1
2001, 1725, -1
2001, 1614, -1
1570, 946, -1
1570, 0, -1
1570, 3, -1
1570, 896, -1
1570, 787, -1
1570, 159, -1
1570, 1362, -1
1570, 1, -1
1570, 2035, -1
1570, 1145, -1
1570, 1761, -1
1570, 6, -1
1570, 1888, -1
1570, 11, -1
1570, 241, -1
1570, 253, -1
1570, 1725, -1
1570, 1614, -1
1003, 946, -1
1003, 0, -1
1003, 3, -1
1003, 896, -1
1003, 787, -1
1003, 159, -1
1003, 1362, -1
1003, 1, -1
1003, 2035, -1
1003, 1145, -1
1003, 1761, -1
1003, 6, -1
1003, 1888, -1
1003, 11, -1
1003, 241, -1
1003, 253, -1
1003, 1725, -1
1003, 1614, -1
1953, 946, -1
1953, 0, -1
1953, 3, -1
1953, 896, -1
1953, 787, -1
1953, 159, -1
1953, 1362, -1
1953, 1, -1
1953, 2035, -1
1953, 1145, -1
1953, 1761, -1
1953, 6, -1
1953, 1888, -1
1953, 11, -1
1953, 241, -1
1953, 253, -1
1953, 1725, -1
1953, 1614, -1
2096, 946, -1
2096, 0, -1
2096, 3, -1
2096, 896, -1
2096, 787, -1
2096, 159, -1
2096, 1362, -1
2096, 1, -1
2096, 2035, -1
2096, 1145, -1
2096, 1761, -1
2096, 6, -1
2096, 1888, -1
2096, 11, -1
2096, 241, -1
2096, 253, -1
2096, 1725, -1
2096, 1614, -1
2117, 946, -1
2117, 0, -1
2117, 3, -1
2117, 896, -1
2117, 787, -1
2117, 159, -1
2117, 1362, -1
2117, 1, -1
2117, 2035, -1
2117, 1145, -1
2117, 1761, -1
2117, 6, -1
2117, 1888, -1
2117, 11, -1
2117, 241, -1
2117, 253, -1
2117, 1725, -1
2117, 1614, -1
1694, 946, -1
1694, 0, -1
1694, 3, -1
1694, 896, -1
1694, 787, -1
1694, 159, -1
1694, 1362, -1
1694, 1, -1
1694, 2035, -1
1694, 1145, -1
1694, 1761, -1
1694, 6, -1
1694, 1888, -1
1694, 11, -1
1694, 241, -1
1694, 253, -1
1694, 1725, -1
1694, 1614, -1
1614, 1627, -1
1888, 1211, -1
59, 1614, -1
787, 2096, -1
778, 946, -1
2253, 787, -1
1888, 802, -1
946, 530, -1
2035, 1211, -1
1, 778, -1
59, 1888, -1
1244, 1145, -1
1888, 402, -1
241, 2044, -1
946, 1469, -1
2044, 896, -1
1888, 1570, -1
1211, 159, -1
253, 59, -1
3, 2001, -1
402, 11, -1
1888, 2253, -1
787, 1570, -1
0, 126, -1
253, 1627, -1
11, 126, -1
1156, 241, -1
241, 1244, -1
0, 1694, -1
778, 11, -1
11, 1694, -1
2035, 2253, -1
59, 1362, -1
844, 896, -1
1614, 530, -1
241, 844, -1
10, 1725, -1
1761, 1003, -1
1614, 1469, -1
605, 241, -1
1469, 1725, -1
10, 1761, -1
1362, 2044, -1
778, 159, -1
946, 1949, -1
2044, 6, -1
1888, 1565, -1
0, 530, -1
11, 530, -1
2044, 253, -1
1888, 1156, -1
402, 6, -1
787, 1565, -1
126, 1145, -1
3, 10, -1
402, 253, -1
802, 1145, -1
787, 1156, -1
778, 6, -1
1, 2044, -1
1362, 1244, -1
1761, 59, -1
1761, 1627, -1
253, 1469, -1
1362, 844, -1
844, 253, -1
787, 1003, -1
3, 778, -1
1, 1244, -1
3, 2117, -1
1211, 1614, -1
1, 844, -1
896, 2096, -1
946, 1926, -1
1211, 787, -1
1145, 1003, -1
1888, 2216, -1
59, 1725, -1
2044, 1, -1
1888, 10, -1
896, 802, -1
946, 1953, -1
402, 1, -1
2216, 1761, -1
2253, 1145, -1
896, 402, -1
778, 1, -1
1921, 946, -1
2216, 2035, -1
530, 946, -1
0, 1949, -1
11, 1949, -1
1888, 778, -1
896, 1570, -1
1145, 59, -1
3, 126, -1
1761, 1469, -1
1145, 1627, -1
402, 787, -1
3, 1694, -1
2035, 2117, -1
10, 3, -1
778, 787, -1
1614, 1953, -1
946, 1921, -1
1627, 1761, -1
241, 1211, -1
1921, 11, -1
530, 11, -1
241, 802, -1
1244, 159, -1
1627, 2035, -1
0, 1926, -1
0, 605, -1
11, 605, -1
1156, 1614, -1
11, 1926, -1
241, 402, -1
896, 1565, -1
3, 530, -1
1888, 126, -1
253, 1953, -1
896, 1156, -1
1156, 1888, -1
1888, 1694, -1
2035, 126, -1
241, 2253, -1
2035, 1694, -1
605, 1614, -1
1, 605, -1
1921, 159, -1
530, 159, -1
1761, 844, -1
1145, 1469, -1
2044, 2035, -1
1921, 6, -1
1888, 2044, -1
2253, 241, -1
1362, 1211, -1
530, 6, -1
59, 3, -1
1921, 253, -1
844, 1761, -1
1156, 1362, -1
530, 253, -1
787, 2044, -1
1362, 802, -1
0, 1921, -1
11, 1921, -1
896, 2216, -1
1362, 402, -1
1, 1211, -1
844, 2035, -1
787, 1244, -1
241, 1565, -1
1362, 1570, -1
605, 1362, -1
1888, 2096, -1
787, 844, -1
10, 896, -1
1244, 1614, -1
1362, 2253, -1
10, 11, -1
3, 1949, -1
896, 778, -1
1921, 1, -1
530, 1, -1
2044, 1145, -1
1, 2253, -1
1614, 1570, -1
402, 1145, -1
778, 1145, -1
2216, 946, -1
241, 10, -1
1921, 787, -1
1362, 1565, -1
530, 787, -1
3, 1926, -1
3, 605, -1
946, 1003, -1
1156, 1725, -1
10, 6, -1
253, 1570, -1
3, 1953, -1
10, 253, -1
1949, 2035, -1
2035, 1949, -1
1, 2001, -1
241, 778, -1
1469, 6, -1
59, 896, -1
2216, 11, -1
126, 1614, -1
59, 11, -1
1614, 1156, -1
605, 1725, -1
802, 1614, -1
946, 59, -1
1211, 241, -1
946, 1627, -1
1614, 1003, -1
605, 1761, -1
802, 1888, -1
896, 2044, -1
1888, 1926, -1
1888, 605, -1
1761, 802, -1
1362, 10, -1
3, 1921, -1
2035, 1926, -1
1761, 402, -1
2216, 159, -1
896, 1244, -1
253, 1156, -1
2035, 1953, -1
1, 10, -1
1627, 11, -1
1761, 1570, -1
896, 844, -1
1362, 778, -1
241, 126, -1
2216, 6, -1
2253, 1614, -1
802, 1362, -1
241, 1694, -1
2216, 253, -1
253, 1003, -1
59, 253, -1
1244, 1725, -1
778, 241, -1
787, 1211, -1
787, 802, -1
1, 2117, -1
787, 402, -1
1627, 159, -1
0, 59, -1
11, 59, -1
1145, 802, -1
0, 1627, -1
11, 1627, -1
1627, 6, -1
1761, 1565, -1
2253, 1362, -1
1145, 402, -1
1627, 253, -1
787, 2253, -1
2216, 1, -1
1761, 1156, -1
1362, 126, -1
1921, 1145, -1
530, 1145, -1
1362, 1694, -1
1145, 1570, -1
1, 126, -1
2044, 159, -1
1, 1694, -1
126, 1725, -1
2216, 787, -1
402, 159, -1
802, 1725, -1
946, 1244, -1
1888, 2001, -1
10, 2035, -1
844, 159, -1
946, 844, -1
1627, 1, -1
787, 2001, -1
896, 605, -1
1469, 2035, -1
0, 1469, -1
11, 1469, -1
1614, 2044, -1
844, 6, -1
1145, 1565, -1
241, 1949, -1
1, 530, -1
1145, 1156, -1
1761, 778, -1
1244, 241, -1
1627, 787, -1
1614, 1244, -1
2253, 1725, -1
896, 1211, -1
1614, 844, -1
1211, 1888, -1
787, 2216, -1
253, 2044, -1
787, 10, -1
59, 1761, -1
1156, 896, -1
2216, 0, -1
2044, 1614, -1
844, 1, -1
241, 1926, -1
241, 605, -1
59, 2035, -1
3, 59, -1
402, 1614, -1
253, 1244, -1
3, 1627, -1
1888, 2117, -1
787, 778, -1
1949, 159, -1
778, 1614, -1
896, 2253, -1
1211, 1362, -1
605, 896, -1
253, 844, -1
787, 2117, -1
2035, 1003, -1
1949, 6, -1
778, 1888, -1
1, 1949, -1
1949, 253, -1
1145, 778, -1
126, 3, -1
802, 3, -1
802, 241, -1
1156, 253, -1
1761, 2044, -1
241, 1921, -1
2216, 1145, -1
1362, 1926, -1
1362, 605, -1
0, 1953, -1
778, 1362, -1
896, 2001, -1
11, 1953, -1
787, 126, -1
1244, 896, -1
1761, 1244, -1
605, 6, -1
946, 2096, -1
3, 1469, -1
787, 1694, -1
1, 1926, -1
946, 1211, -1
605, 253, -1
1949, 1, -1
946, 802, -1
1, 1953, -1
2253, 3, -1
10, 946, -1
946, 402, -1
1211, 1725, -1
1627, 1145, -1
946, 1570, -1
1888, 530, -1
1211, 1761, -1
896, 10, -1
946, 2253, -1
787, 530, -1
1614, 1211, -1
1145, 2044, -1
241, 2001, -1
1888, 1469, -1
1614, 802, -1
1, 1921, -1
2035, 1469, -1
1614, 402, -1
1145, 1244, -1
402, 1725, -1
896, 2117, -1
1725, 126, -1
1244, 1888, -1
778, 1725, -1
1145, 844, -1
0, 2096, -1
802, 896, -1
11, 2096, -1
1725, 1694, -1
1614, 2253, -1
253, 1211, -1
946, 1565, -1
1921, 1614, -1
253, 802, -1
946, 1156, -1
59, 946, -1
530, 1614, -1
844, 1145, -1
0, 402, -1
11, 402, -1
10, 159, -1
253, 402, -1
1244, 1362, -1
1921, 1888, -1
1888, 1949, -1
530, 1888, -1
0, 1570, -1
1469, 159, -1
11, 1570, -1
1761, 605, -1
787, 1949, -1
896, 126, -1
1156, 1761, -1
2253, 896, -1
896, 1694, -1
1614, 1565, -1
2253, 11, -1
241, 2117, -1
1614, 2001, -1
946, 2216, -1
1156, 2035, -1
1921, 1362, -1
946, 10, -1
530, 1362, -1
1211, 3, -1
1761, 1211, -1
787, 1926, -1
787, 605, -1
0, 1565, -1
11, 1565, -1
946, 778, -1
10, 1, -1
605, 2035, -1
1888, 1953, -1
896, 530, -1
253, 1565, -1
0, 1156, -1
11, 1156, -1
253, 2001, -1
59, 159, -1
241, 59, -1
1949, 1145, -1
241, 1627, -1
1469, 1, -1
2044, 241, -1
1614, 10, -1
1145, 605, -1
0, 1003, -1
402, 3, -1
11, 1003, -1
2253, 253, -1
59, 6, -1
1761, 2253, -1
402, 241, -1
1362, 2117, -1
778, 3, -1
1725, 1949, -1
10, 787, -1
844, 241, -1
1244, 1761, -1
1614, 778, -1
3, 2096, -1
1888, 1921, -1
1, 1003, -1
787, 1921, -1
3, 802, -1
1145, 1211, -1
946, 126, -1
253, 10, -1
1921, 1725, -1
3, 402, -1
946, 1694, -1
241, 530, -1
530, 1725, -1
1761, 2001, -1
1725, 1926, -1
59, 1, -1
3, 1570, -1
896, 1949, -1
241, 1469, -1
253, 778, -1
1, 59, -1
1211, 896, -1
1, 1627, -1
253, 2117, -1
946, 2044, -1
1145, 2253, -1
2216, 1614, -1
1211, 11, -1
1614, 126, -1
1614, 1694, -1
59, 787, -1
2216, 1888, -1
802, 1761, -1
1362, 530, -1
1761, 10, -1
896, 1926, -1
126, 2035, -1
3, 1565, -1
402, 896, -1
896, 1953, -1
802, 2035, -1
3, 1156, -1
778, 896, -1
1362, 1469, -1
1627, 1614, -1
1145, 2001, -1
2216, 1362, -1
253, 126, -1
1211, 6, -1
253, 1694, -1
1211, 253, -1
3, 1003, -1
1627, 1888, -1
1761, 2117, -1
1, 1469, -1
0, 2044, -1
11, 2044, -1
2253, 1761, -1
10, 1145, -1
896, 1921, -1
3, 2216, -1
1921, 3, -1
1921, 241, -1
2253, 2035, -1
1469, 1145, -1
530, 3, -1
530, 241, -1
0, 1244, -1
11, 1244, -1
253, 530, -1
1627, 1362, -1
2035, 1565, -1
1145, 10, -1
2035, 1156, -1
0, 844, -1
11, 844, -1
1362, 1949, -1
778, 253, -1
1211, 1, -1
241, 1953, -1
1888, 1003, -1
402, 1888, -1
844, 1614, -1
1761, 126, -1
1761, 1694, -1
1156, 159, -1
1614, 1949, -1
1145, 2117, -1
2216, 1725, -1
946, 605, -1
1156, 6, -1
2044, 1362, -1
1888, 59, -1
402, 1362, -1
1888, 1627, -1
605, 159, -1
59, 1145, -1
787, 59, -1
787, 1627, -1
1761, 530, -1
1362, 1953, -1
844, 1362, -1
253, 1949, -1
1614, 1926, -1
1614, 605, -1
1627, 1725, -1
1145, 126, -1
10, 241, -1
1145, 1694, -1
1949, 1614, -1
1156, 1, -1
1921, 896, -1
530, 896, -1
3, 2044, -1
253, 1926, -1
253, 605, -1
1211, 2035, -1
605, 1, -1
1244, 6, -1
787, 1469, -1
3, 1244, -1
1244, 253, -1
2044, 1725, -1
1145, 530, -1
1614, 1921, -1
241, 1570, -1
3, 844, -1
1761, 1949, -1
2044, 1761, -1
126, 11, -1
896, 1003, -1
402, 1761, -1
0, 1211, -1
11, 1211, -1
844, 1725, -1
802, 11, -1
778, 1761, -1
0, 802, -1
11, 802, -1
2216, 3, -1
2253, 946, -1
2216, 241, -1
946, 2001, -1
59, 241, -1
402, 2035, -1
2035, 2044, -1
778, 2035, -1
253, 1921, -1
1244, 1, -1
1888, 1244, -1
1211, 1145, -1
896, 59, -1
126, 159, -1
1, 802, -1
1761, 1926, -1
896, 1627, -1
0, 2253, -1
11, 2253, -1
2035, 1244, -1
1888, 844, -1
802, 159, -1
241, 1156, -1
1, 402, -1
1761, 1953, -1
126, 6, -1
2035, 844, -1
126, 253, -1
1725, 1469, -1
802, 6, -1
1627, 3, -1
1145, 1949, -1
1627, 241, -1
1, 1570, -1
802, 253, -1
241, 1003, -1
1949, 1725, -1
0, 2001, -1
11, 2001, -1
2253, 159, -1
1761, 1921, -1
946, 2117, -1
787, 1953, -1
1362, 1156, -1
126, 1, -1
2253, 6, -1
1145, 1926, -1
896, 1469, -1
10, 1614, -1
802, 1, -1
1, 1565, -1
1145, 1953, -1
1362, 1003, -1
1156, 1145, -1
2216, 896, -1
1, 1156, -1
1469, 1614, -1
10, 1888, -1
126, 787, -1
3, 1211, -1
1614, 2117, -1
0, 2216, -1
11, 2216, -1
802, 787, -1
0, 10, -1
11, 10, -1
1244, 2035, -1
605, 1145, -1
1362, 59, -1
10, 1362, -1
1362, 1627, -1
1145, 1921, -1
2035, 605, -1
2253, 1, -1
1921, 1761, -1
0, 778, -1
530, 1761, -1
11, 778, -1
1627, 896, -1
0, 2117, -1
3, 2253, -1
11, 2117, -1
1921, 2035, -1
1614, 59, -1
530, 2035, -1
1362, 2096, -1
1725, 2044, -1
1362, 2001, -1
6, 1003, -1
6, 402, -1
1, 2096, -1
2035, 802, -1
2035, 2001, -1
1725, 402, -1
241, 2096, -1
1725, 1003, -1
2035, 402, -1
1362, 1921, -1
253, 2253, -1
1145, 2096, -1
6, 1469, -1
2035, 1570, -1
1156, 946, -1
1244, 3, -1
1761, 2096, -1
1156, 3, -1
1244, 787, -1
1156, 787, -1
1156, 11, -1
1244, 11, -1
6, 2044, -1
1145, 2216, -1
6, 844, -1
1, 2216, -1
1725, 844, -1
1725, 2216, -1
1362, 2216, -1
2035, 2216, -1
1761, 2216, -1
241, 2216, -1
253, 2216, -1

133, 0, 1
133, 3, 1
133, 896, 1
133, 787, 1
133, 159, 1
133, 1362, 1
428, 1, 1
428, 2035, 1
428, 1145, 1
428, 1761, 1
150, 0, 1
150, 3, 1
150, 896, 1
150, 787, 1
150, 159, 1
150, 1362, 1
150, 133, 1
917, 0, 1
917, 3, 1
917, 896, 1
917, 787, 1
917, 159, 1
917, 1362, 1
917, 133, 1
917, 150, 1
1362, 3, 1
896, 133, 1
1362, 787, 1
1145, 1, 1
896, 917, 1
133, 150, 1
1, 2035, 1
896, 1362, 1
3, 150, 1
1761, 1, 1
0, 133, 1
0, 917, 1
1761, 1145, 1
3, 159, 1
0, 1362, 1
1145, 2035, 1
1362, 133, 1
1362, 917, 1
3, 787, 1
896, 150, 1
896, 159, 1
787, 133, 1
787, 917, 1
1761, 2035, 1
896, 0, 1
896, 3, 1
0, 150, 1
896, 787, 1
0, 159, 1
3, 133, 1
3, 917, 1
1362, 150, 1
0, 3, 1
0, 787, 1
1362, 159, 1
787, 150, 1
787, 159, 1
150, 917, 1
2035, 428, 1
1761, 428, 1
2035, 1761, 1
1145, 428, 1
1, 1145, 1
0, 896, 1
787, 3, 1
1, 428, 1
787, 896, 1
787, 1362, 1
2035, 1145, 1
3, 896, 1
133, 917, 1
1362, 896, 1
3, 0, 1
1145, 1761, 1
3, 1362, 1
1, 1761, 1
2035, 1, 1
133, 1156, -1
133, 10, -1
133, 2216, -1
133, 1627, -1
133, 530, -1
133, 126, -1
133, 2253, -1
133, 1244, -1
133, 1211, -1
133, 844, -1
133, 59, -1
133, 2044, -1
133, 1921, -1
133, 402, -1
133, 778, -1
133, 1949, -1
133, 1469, -1
133, 605, -1
133, 802, -1
133, 1926, -1
133, 1565, -1
133, 2001, -1
133, 1570, -1
133, 1003, -1
133, 1953, -1
133, 2096, -1
133, 2117, -1
133, 1694, -1
133, 946, -1
133, 1, -1
133, 2035, -1
133, 1145, -1
133, 1761, -1
133, 6, -1
133, 1888, -1
133, 11, -1
133, 241, -1
133, 253, -1
133, 1725, -1
133, 1614, -1
428, 1156, -1
428, 10, -1
428, 2216, -1
428, 1627, -1
428, 530, -1
428, 126, -1
428, 2253, -1
428, 1244, -1
428, 1211, -1
428, 844, -1
428, 59, -1
428, 2044, -1
428, 1921, -1
428, 402, -1
428, 778, -1
428, 1949, -1
428, 1469, -1
428, 605, -1
428, 802, -1
428, 1926, -1
428, 1565, -1
428, 2001, -1
428, 1570, -1
428, 1003, -1
428, 1953, -1
428, 2096, -1
428, 2117, -1
428, 1694, -1
428, 946, -1
428, 0, -1
428, 3, -1
428, 896, -1
428, 787, -1
428, 159, -1
428, 1362, -1
428, 133, -1
428, 6, -1
428, 1888, -1
428, 11, -1
428, 241, -1
428, 253, -1
428, 1725, -1
428, 1614, -1
150, 1156, -1
150, 10, -1
150, 2216, -1
150, 1627, -1
150, 530, -1
150, 126, -1
150, 2253, -1
150, 1244, -1
150, 1211, -1
150, 844, -1
150, 59, -1
150, 2044, -1
150, 1921, -1
150, 402, -1
150, 778, -1
150, 1949, -1
150, 1469, -1
150, 605, -1
150, 802, -1
150, 1926, -1
150, 1565, -1
150, 2001, -1
150, 1570, -1
150, 1003, -1
150, 1953, -1
150, 2096, -1
150, 2117, -1
150, 1694, -1
150, 946, -1
150, 1, -1
150, 2035, -1
150, 1145, -1
150, 1761, -1
150, 428, -1
150, 6, -1
150, 1888, -1
150, 11, -1
150, 241, -1
150, 253, -1
150, 1725, -1
150, 1614, -1
917, 1156, -1
917, 10, -1
917, 2216, -1
917, 1627, -1
917, 530, -1
917, 126, -1
917, 2253, -1
917, 1244, -1
917, 1211, -1
917, 844, -1
917, 59, -1
917, 2044, -1
917, 1921, -1
917, 402, -1
917, 778, -1
917, 1949, -1
917, 1469, -1
917, 605, -1
917, 802, -1
917, 1926, -1
917, 1565, -1
917, 2001, -1
917, 1570, -1
917, 1003, -1
917, 1953, -1
917, 2096, -1
917, 2117, -1
917, 1694, -1
917, 946, -1
917, 1, -1
917, 2035, -1
917, 1145, -1
917, 1761, -1
917, 428, -1
917, 6, -1
917, 1888, -1
917, 11, -1
917, 241, -1
917, 253, -1
917, 1725, -1
917, 1614, -1
2253, 787, -1
241, 1761, -1
1, 778, -1
11, 917, -1
2096, 1761, -1
241, 2035, -1
253, 1362, -1
1211, 150, -1
3, 6, -1
1725, 133, -1
1211, 159, -1
2253, 917, -1
0, 126, -1
0, 1694, -1
2035, 2253, -1
1949, 133, -1
1761, 1003, -1
1888, 150, -1
1888, 159, -1
402, 150, -1
2035, 150, -1
1362, 2035, -1
2035, 159, -1
778, 150, -1
1362, 2044, -1
1926, 917, -1
778, 159, -1
2253, 0, -1
3, 428, -1
0, 530, -1
787, 1565, -1
1761, 1362, -1
787, 253, -1
1953, 1145, -1
787, 1156, -1
1, 2044, -1
1362, 1244, -1
1761, 59, -1
1761, 1627, -1
1003, 133, -1
1362, 844, -1
787, 1003, -1
1, 1244, -1
3, 2117, -1
1694, 917, -1
896, 946, -1
0, 1145, -1
2096, 3, -1
1, 844, -1
2001, 3, -1
159, 6, -1
1145, 1003, -1
1888, 1, -1
896, 802, -1
1565, 3, -1
2216, 1761, -1
6, 159, -1
896, 402, -1
946, 3, -1
2096, 133, -1
2216, 2035, -1
0, 1949, -1
1145, 1362, -1
2001, 133, -1
896, 11, -1
896, 1570, -1
1211, 917, -1
1888, 787, -1
2035, 1614, -1
1145, 59, -1
3, 126, -1
1570, 1362, -1
1761, 1469, -1
1145, 1627, -1
402, 787, -1
3, 1694, -1
2035, 2117, -1
10, 3, -1
1761, 1725, -1
778, 787, -1
1614, 3, -1
1888, 917, -1
1244, 159, -1
1627, 2035, -1
0, 1926, -1
0, 605, -1
2035, 917, -1
10, 133, -1
778, 917, -1
896, 6, -1
896, 1565, -1
896, 253, -1
896, 1156, -1
1469, 133, -1
1614, 133, -1
2035, 126, -1
0, 241, -1
2096, 896, -1
1921, 150, -1
2035, 1694, -1
253, 3, -1
1, 605, -1
1921, 159, -1
530, 150, -1
530, 159, -1
1145, 1469, -1
1761, 844, -1
1145, 1725, -1
1362, 1211, -1
787, 2035, -1
787, 2044, -1
1, 946, -1
241, 150, -1
0, 1921, -1
241, 159, -1
253, 133, -1
896, 1, -1
1, 1211, -1
787, 1244, -1
6, 917, -1
1362, 11, -1
59, 133, -1
787, 844, -1
1362, 2253, -1
3, 1949, -1
896, 778, -1
1761, 3, -1
1921, 1, -1
1888, 1145, -1
1, 2253, -1
2117, 159, -1
241, 1, -1
1761, 133, -1
1244, 917, -1
1921, 787, -1
1362, 6, -1
1, 150, -1
1362, 1565, -1
530, 787, -1
3, 1926, -1
3, 605, -1
1, 159, -1
1362, 253, -1
2096, 1, -1
2035, 1949, -1
1565, 1362, -1
241, 787, -1
1921, 917, -1
1145, 3, -1
530, 917, -1
946, 1362, -1
1761, 946, -1
896, 2035, -1
896, 2044, -1
1761, 802, -1
241, 917, -1
2035, 1926, -1
0, 1614, -1
1761, 402, -1
1145, 133, -1
2216, 150, -1
2216, 159, -1
896, 1244, -1
1003, 2035, -1
1, 10, -1
1570, 133, -1
126, 1362, -1
1761, 11, -1
1761, 1570, -1
896, 844, -1
1953, 1362, -1
802, 1362, -1
1, 1614, -1
787, 1211, -1
1, 787, -1
896, 1145, -1
1, 2117, -1
1145, 946, -1
2001, 1761, -1
1627, 150, -1
1761, 150, -1
1627, 159, -1
2117, 917, -1
0, 59, -1
2096, 2035, -1
1145, 802, -1
0, 1627, -1
787, 11, -1
2001, 2035, -1
1761, 6, -1
1761, 1565, -1
2253, 1362, -1
1145, 402, -1
1, 917, -1
787, 2253, -1
2216, 1, -1
1761, 253, -1
1362, 126, -1
1921, 1145, -1
1362, 1694, -1
1145, 11, -1
1145, 1570, -1
946, 2035, -1
2044, 150, -1
1, 126, -1
2044, 159, -1
1, 1694, -1
1156, 133, -1
2216, 787, -1
402, 159, -1
241, 1145, -1
10, 2035, -1
844, 150, -1
2096, 1145, -1
787, 6, -1
844, 159, -1
605, 133, -1
896, 605, -1
1570, 150, -1
0, 1469, -1
3, 1614, -1
2216, 917, -1
0, 1725, -1
1145, 1565, -1
1145, 6, -1
1, 530, -1
1145, 253, -1
1761, 778, -1
896, 1211, -1
1725, 159, -1
2216, 0, -1
1627, 917, -1
3, 59, -1
59, 2035, -1
3, 1627, -1
1949, 159, -1
896, 2253, -1
1565, 133, -1
787, 2117, -1
946, 133, -1
1, 1949, -1
1145, 778, -1
126, 3, -1
2044, 917, -1
1953, 3, -1
802, 3, -1
1570, 787, -1
402, 917, -1
1761, 2044, -1
2216, 1145, -1
0, 1953, -1
1362, 605, -1
1362, 1926, -1
778, 1362, -1
896, 2001, -1
1003, 150, -1
844, 917, -1
1003, 159, -1
126, 133, -1
787, 126, -1
1761, 1244, -1
787, 1694, -1
1953, 133, -1
3, 1469, -1
802, 133, -1
1, 1926, -1
3, 1725, -1
1888, 0, -1
2253, 3, -1
11, 133, -1
896, 428, -1
896, 10, -1
2096, 150, -1
2096, 159, -1
2001, 150, -1
1145, 2044, -1
2001, 159, -1
2253, 133, -1
1725, 917, -1
1570, 2035, -1
896, 1614, -1
1565, 150, -1
2035, 1469, -1
1145, 1244, -1
1949, 917, -1
2035, 1725, -1
946, 150, -1
896, 2117, -1
1145, 844, -1
1926, 133, -1
10, 150, -1
0, 402, -1
10, 159, -1
159, 1469, -1
159, 1725, -1
0, 1570, -1
1469, 159, -1
1614, 159, -1
2001, 1, -1
1761, 605, -1
787, 1949, -1
896, 126, -1
1003, 917, -1
1156, 1761, -1
2253, 896, -1
896, 1694, -1
1694, 133, -1
1156, 2035, -1
1921, 1362, -1
2096, 787, -1
530, 1362, -1
2001, 787, -1
1761, 1211, -1
253, 150, -1
253, 159, -1
1362, 428, -1
1565, 787, -1
787, 1926, -1
0, 1565, -1
787, 605, -1
241, 1362, -1
0, 253, -1
896, 530, -1
946, 787, -1
59, 150, -1
0, 1156, -1
59, 159, -1
2096, 917, -1
1362, 1614, -1
1211, 133, -1
2001, 917, -1
1888, 3, -1
1145, 605, -1
0, 1003, -1
402, 3, -1
1362, 2117, -1
1761, 2253, -1
428, 150, -1
778, 3, -1
10, 787, -1
1888, 133, -1
1614, 787, -1
1, 1003, -1
1761, 159, -1
1145, 1211, -1
2096, 0, -1
2035, 133, -1
778, 133, -1
10, 917, -1
3, 11, -1
1469, 917, -1
1, 1362, -1
896, 1949, -1
1614, 917, -1
1, 59, -1
253, 787, -1
1, 1627, -1
1145, 2253, -1
1145, 150, -1
253, 917, -1
2001, 1145, -1
1953, 1761, -1
1888, 896, -1
1145, 159, -1
896, 1926, -1
1761, 10, -1
3, 1565, -1
1570, 159, -1
3, 253, -1
896, 1953, -1
802, 2035, -1
1953, 2035, -1
3, 1156, -1
59, 917, -1
1362, 1469, -1
2216, 1362, -1
1761, 1614, -1
1362, 1725, -1
896, 241, -1
0, 1761, -1
3, 1003, -1
1761, 787, -1
1761, 2117, -1
1, 1469, -1
428, 917, -1
0, 2035, -1
1, 1725, -1
11, 2035, -1
0, 2044, -1
787, 428, -1
896, 1921, -1
1244, 133, -1
1921, 3, -1
1761, 917, -1
530, 3, -1
0, 1244, -1
2035, 6, -1
787, 1614, -1
2035, 1565, -1
1145, 10, -1
2035, 253, -1
0, 844, -1
1362, 1949, -1
1761, 126, -1
241, 3, -1
1145, 1614, -1
1761, 1694, -1
1921, 133, -1
1156, 150, -1
530, 133, -1
1156, 159, -1
1145, 787, -1
1145, 2117, -1
1888, 1362, -1
402, 1362, -1
605, 150, -1
241, 133, -1
605, 159, -1
787, 59, -1
787, 1627, -1
1145, 917, -1
1761, 530, -1
1570, 917, -1
1145, 126, -1
1145, 1694, -1
1, 3, -1
1156, 1, -1
3, 2035, -1
1244, 150, -1
3, 2044, -1
2117, 133, -1
1211, 2035, -1
1, 133, -1
787, 1469, -1
3, 1244, -1
1565, 159, -1
1145, 530, -1
787, 1725, -1
3, 844, -1
0, 946, -1
1761, 1949, -1
946, 159, -1
1888, 1761, -1
896, 1003, -1
0, 1211, -1
1888, 2035, -1
0, 802, -1
2216, 3, -1
1156, 917, -1
402, 2035, -1
2035, 2044, -1
778, 2035, -1
0, 11, -1
896, 59, -1
126, 159, -1
1, 802, -1
1761, 1926, -1
1953, 150, -1
896, 1627, -1
802, 150, -1
605, 917, -1
0, 2253, -1
1953, 159, -1
802, 159, -1
2216, 133, -1
1, 402, -1
2035, 844, -1
1145, 1949, -1
1, 11, -1
1, 1570, -1
11, 150, -1
11, 159, -1
2117, 150, -1
0, 6, -1
2253, 150, -1
0, 2001, -1
1627, 133, -1
2253, 159, -1
2096, 1362, -1
1362, 1156, -1
1145, 1926, -1
896, 1469, -1
2001, 1362, -1
1953, 1, -1
1, 6, -1
1, 1565, -1
896, 1725, -1
1565, 917, -1
1362, 1003, -1
1, 253, -1
1156, 1145, -1
2216, 896, -1
946, 917, -1
896, 1761, -1
126, 787, -1
3, 1211, -1
2044, 133, -1
1926, 159, -1
1570, 3, -1
0, 1, -1
0, 428, -1
802, 787, -1
1953, 787, -1
402, 133, -1
0, 10, -1
1244, 2035, -1
1362, 59, -1
844, 133, -1
10, 1362, -1
1362, 1627, -1
2035, 605, -1
1921, 1761, -1
0, 778, -1
126, 917, -1
0, 2117, -1
3, 2253, -1
1614, 1362, -1
802, 917, -1
1953, 917, -1
1694, 159, -1
1921, 2035, -1
530, 2035, -1
1469, 1145, -1
1614, 1145, -1
1627, 1362, -1
2035, 1156, -1
1953, 428, -1
802, 428, -1
1570, 428, -1
1244, 1145, -1
1627, 1145, -1
1211, 1761, -1
787, 530, -1
59, 896, -1
2044, 896, -1
787, 1570, -1
253, 1145, -1
59, 1362, -1
844, 896, -1
1003, 1761, -1
1921, 428, -1
530, 428, -1
59, 1145, -1
1953, 896, -1
1362, 1761, -1
159, 1003, -1
1570, 896, -1
802, 896, -1
787, 1145, -1
11, 0, -1
10, 1761, -1
1761, 896, -1
844, 1145, -1
241, 428, -1
787, 946, -1
126, 1145, -1
11, 896, -1
1469, 150, -1
1570, 1145, -1
802, 1145, -1
2096, 428, -1
3, 1761, -1
2001, 428, -1
1211, 428, -1
787, 802, -1
1921, 896, -1
530, 896, -1
11, 1362, -1
787, 402, -1
11, 1145, -1
241, 896, -1
1003, 428, -1
2117, 1145, -1
946, 1761, -1
1761, 1156, -1
530, 1145, -1
1725, 1145, -1
1145, 896, -1
2253, 1145, -1
2044, 1761, -1
778, 428, -1
10, 428, -1
402, 1761, -1
778, 1761, -1
1949, 1145, -1
787, 241, -1
787, 2001, -1
1211, 1145, -1
1003, 896, -1
1926, 1145, -1
1244, 1761, -1
1627, 1761, -1
2035, 1244, -1
787, 1921, -1
1145, 1156, -1
159, 2035, -1
1, 896, -1
1627, 3, -1
946, 428, -1
1003, 1145, -1
2216, 428, -1
1362, 1145, -1
1888, 428, -1
59, 428, -1
1694, 1145, -1
787, 1, -1
402, 428, -1
787, 10, -1
59, 1761, -1
1725, 150, -1
1156, 896, -1
1211, 896, -1
2001, 896, -1
787, 1761, -1
787, 1953, -1
59, 3, -1
1949, 150, -1
3, 1145, -1
844, 1761, -1
787, 778, -1
946, 896, -1
1627, 428, -1
1570, 1761, -1
802, 1761, -1
1, 1156, -1
402, 896, -1
2035, 896, -1
1565, 1145, -1
778, 896, -1
10, 896, -1
11, 428, -1
946, 1145, -1
605, 1145, -1
6, 1145, -1
11, 1761, -1
2044, 1145, -1
402, 1145, -1
530, 1761, -1
11, 3, -1
1627, 896, -1
1244, 896, -1
778, 1145, -1
10, 1145, -1
11, 787, -1
1469, 1, -1
1614, 1, -1
3, 1, -1
126, 1, -1
59, 787, -1
3, 10, -1
1570, 1, -1
802, 1, -1
1, 0, -1
1211, 1, -1
1244, 1, -1
1627, 1, -1
3, 1953, -1
1926, 1, -1
241, 0, -1
3, 946, -1
6, 133, -1
3, 241, -1
3, 778, -1
1145, 0, -1
1565, 1, -1
1953, 0, -1
3, 802, -1
3, 2001, -1
11, 1, -1
253, 1, -1
946, 1, -1
605, 1, -1
2001, 0, -1
1627, 787, -1
6, 1, -1
1003, 1, -1
1761, 0, -1
3, 402, -1
2117, 1, -1
3, 530, -1
1362, 1, -1
2044, 1, -1
530, 1, -1
1725, 1, -1
3, 1921, -1
59, 1, -1
2253, 1, -1
402, 1, -1
1694, 1, -1
3, 1570, -1
778, 1, -1
10, 1, -1
1949, 1, -1
1921, 0, -1
844, 1, -1

