429, 1534, -1
840, 587, -1
1021, 1420, -1
2302, 342, -1
1506, 1252, -1
843, 1845, -1
2179, 748, -1
109, 729, -1
1312, 647, -1
1936, 1359, -1

1096, 1777, 1
863, 665, 1
20, 2005, -1
1853, 1095, -1
2033, 1953, -1
47, 400, -1
244, 1132, -1
1085, 890, -1
197, 83, -1
63, 642, -1

701, 1761, 1
739, 138, 1
1946, 38, 1
1641, 209, 1
1853, 964, -1
1202, 3, -1
331, 1335, -1
1365, 646, -1
1228, 1586, -1
2113, 61, -1

1715, 1029, 1
230, 612, 1
1324, 885, 1
528, 1368, -1
832, 2132, -1
1405, 691, -1
110, 237, -1
1391, 1933, -1
1610, 2026, -1
1154, 1171, -1

1256, 615, 1
211, 237, 1
1410, 662, -1
328, 1525, -1
2137, 308, -1
1253, 377, -1
117, 2106, -1
615, 1728, -1
1610, 1800, -1
1639, 1499, -1
1728, 1256, -1
1728, 615, -1

431, 1307, 1
1416, 2251, -1
959, 398, -1
2059, 2277, -1
1733, 1678, -1
283, 1695, -1
1859, 1319, -1
278, 1315, -1
2018, 1633, -1
2167, 1850, -1

173, 1876, 1
659, 1481, 1
1564, 392, -1
1100, 2078, -1
2209, 2210, -1
781, 2204, -1
2193, 2143, -1
1236, 366, -1
923, 1767, -1
638, 1181, -1

2186, 455, 1
1570, 469, 1
2119, 2156, -1
1643, 471, -1
1412, 2237, -1
1788, 1608, -1
2154, 420, -1
906, 1903, -1
1001, 400, -1
313, 2051, -1

322, 984, 1
1139, 1366, 1
1052, 1492, -1
27, 2226, -1
2066, 1472, -1
1001, 215, -1
487, 1844, -1
100, 1962, -1
570, 892, -1
428, 920, -1

196, 2037, -1
1561, 2285, -1
565, 624, -1
1332, 887, -1
3, 1959, -1
893, 2273, -1
1522, 1723, -1
511, 1974, -1
2153, 552, -1
1776, 1129, -1

