1145, 1365, -1
294, 1365, -1
294, 1145, -1
1003, 1365, -1
1003, 1145, -1
1003, 294, -1
2, 1365, -1
2, 1145, -1
2, 294, -1
2, 1003, -1

2221, 1365, 1
853, 1003, 1
517, 1003, 1
517, 853, 1
928, 1365, 1
928, 2221, 1
122, 1003, 1
122, 853, 1
122, 517, 1
1003, 517, 1
1365, 2221, 1
1003, 853, 1
853, 517, 1
853, 122, 1
517, 122, 1
2221, 1145, -1
2221, 294, -1
2221, 1003, -1
2221, 2, -1
853, 1365, -1
853, 2221, -1
853, 1145, -1
853, 294, -1
853, 2, -1
517, 1365, -1
517, 2221, -1
517, 1145, -1
517, 294, -1
517, 2, -1
928, 1145, -1
928, 294, -1
928, 1003, -1
928, 853, -1
928, 517, -1
928, 2, -1
122, 1365, -1
122, 2221, -1
122, 928, -1
122, 1145, -1
122, 294, -1
122, 2, -1
1145, 1365, -1
928, 122, -1
1365, 517, -1
2, 1003, -1
1365, 294, -1
2, 853, -1
1145, 122, -1
1145, 2221, -1
2, 517, -1
2, 1365, -1
1003, 1365, -1
1003, 294, -1
1145, 1003, -1
1145, 853, -1
2, 2221, -1
1365, 853, -1
2, 122, -1
1003, 2221, -1
1145, 517, -1
1365, 122, -1

167, 294, 1
1441, 1365, 1
1441, 2221, 1
1441, 928, 1
95, 1365, 1
95, 2221, 1
95, 928, 1
95, 1441, 1
1239, 1365, 1
1239, 2221, 1
1239, 928, 1
1239, 1441, 1
1239, 95, 1
95, 1239, 1
1365, 1239, 1
2221, 95, 1
2221, 1239, 1
1365, 2221, 1
928, 2221, 1
928, 1441, 1
928, 1365, 1
1365, 95, 1
1441, 95, 1
1441, 1239, 1
928, 95, 1
928, 1239, 1
167, 1365, -1
167, 2221, -1
167, 928, -1
167, 1145, -1
167, 1003, -1
167, 853, -1
167, 517, -1
167, 122, -1
167, 2, -1
1441, 1145, -1
1441, 294, -1
1441, 167, -1
1441, 1003, -1
1441, 853, -1
1441, 517, -1
1441, 122, -1
1441, 2, -1
1801, 1365, -1
1801, 2221, -1
1801, 928, -1
1801, 1441, -1
1801, 1145, -1
1801, 294, -1
1801, 167, -1
1801, 1003, -1
1801, 853, -1
1801, 517, -1
1801, 122, -1
1801, 2, -1
95, 1145, -1
95, 294, -1
95, 167, -1
95, 1003, -1
95, 853, -1
95, 517, -1
95, 122, -1
95, 2, -1
95, 1801, -1
1239, 1145, -1
1239, 294, -1
1239, 167, -1
1239, 1003, -1
1239, 853, -1
1239, 517, -1
1239, 122, -1
1239, 2, -1
1239, 1801, -1
1145, 1365, -1
853, 1239, -1
294, 1239, -1
122, 95, -1
1145, 294, -1
1145, 1441, -1
122, 1239, -1
928, 122, -1
1365, 517, -1
853, 2221, -1
1365, 294, -1
122, 2221, -1
1801, 95, -1
1365, 1145, -1
1801, 1239, -1
1145, 95, -1
1145, 1239, -1
928, 1003, -1
2221, 294, -1
928, 167, -1
1145, 2221, -1
2221, 1145, -1
928, 2, -1
2, 1365, -1
517, 294, -1
1003, 1365, -1
2, 294, -1
928, 853, -1
1003, 294, -1
167, 1441, -1
928, 517, -1
517, 95, -1
167, 95, -1
2, 95, -1
517, 1239, -1
167, 1239, -1
928, 294, -1
928, 1801, -1
1003, 95, -1
853, 294, -1
122, 1365, -1
928, 1145, -1
1003, 1239, -1
2, 1239, -1
122, 294, -1
1365, 167, -1
2, 2221, -1
517, 2221, -1
1003, 2221, -1
1365, 853, -1
2221, 167, -1
853, 95, -1
294, 95, -1
853, 167, -1
517, 167, -1
1145, 167, -1
2, 167, -1
1003, 167, -1
122, 167, -1

1244, 1003, 1
1244, 853, 1
1244, 517, 1
1244, 122, 1
503, 1365, 1
503, 2221, 1
503, 928, 1
503, 1441, 1
503, 95, 1
503, 1239, 1
2044, 1003, 1
2044, 853, 1
2044, 517, 1
2044, 122, 1
2044, 1244, 1
1052, 1365, 1
1052, 2221, 1
1052, 928, 1
1052, 1441, 1
1052, 95, 1
1052, 1239, 1
1052, 503, 1
2216, 1003, 1
2216, 853, 1
2216, 517, 1
2216, 122, 1
2216, 1244, 1
2216, 2044, 1
1239, 1052, 1
1441, 2221, 1
928, 2221, 1
1003, 1244, 1
122, 2044, 1
928, 503, 1
1441, 503, 1
1441, 1052, 1
928, 1052, 1
1003, 853, 1
1239, 1365, 1
1365, 95, 1
122, 1244, 1
122, 1003, 1
1003, 517, 1
1365, 1239, 1
95, 1239, 1
2221, 95, 1
122, 853, 1
1244, 2044, 1
1365, 2221, 1
2221, 1239, 1
928, 1365, 1
1441, 1365, 1
853, 517, 1
1239, 95, 1
1365, 503, 1
95, 503, 1
122, 517, 1
928, 1441, 1
1239, 2221, 1
2221, 503, 1
1441, 95, 1
1239, 503, 1
1003, 2044, 1
1441, 1239, 1
928, 95, 1
928, 1239, 1
503, 1052, 1
517, 1244, 1
517, 1003, 1
517, 2044, 1
95, 2221, 1
517, 122, 1
853, 2044, 1
517, 853, 1
1244, 1365, -1
1244, 2221, -1
1244, 928, -1
1244, 1441, -1
1244, 95, -1
1244, 1239, -1
1244, 1145, -1
1244, 294, -1
1244, 167, -1
1244, 2, -1
1244, 1801, -1
503, 1145, -1
503, 294, -1
503, 167, -1
503, 1003, -1
503, 853, -1
503, 517, -1
503, 122, -1
503, 1244, -1
503, 2, -1
503, 1801, -1
2044, 1365, -1
2044, 2221, -1
2044, 928, -1
2044, 1441, -1
2044, 95, -1
2044, 1239, -1
2044, 503, -1
2044, 1145, -1
2044, 294, -1
2044, 167, -1
2044, 2, -1
2044, 1801, -1
1052, 1145, -1
1052, 294, -1
1052, 167, -1
1052, 1003, -1
1052, 853, -1
1052, 517, -1
1052, 122, -1
1052, 1244, -1
1052, 2044, -1
1052, 2, -1
1052, 1801, -1
2216, 1365, -1
2216, 2221, -1
2216, 928, -1
2216, 1441, -1
2216, 95, -1
2216, 1239, -1
2216, 503, -1
2216, 1052, -1
2216, 1145, -1
2216, 294, -1
2216, 167, -1
2216, 2, -1
2216, 1801, -1
853, 1239, -1
928, 2044, -1
853, 503, -1
1441, 1003, -1
928, 167, -1
122, 1052, -1
928, 1244, -1
1801, 2221, -1
1145, 2044, -1
517, 1365, -1
1239, 294, -1
928, 853, -1
1145, 1052, -1
517, 928, -1
928, 517, -1
1145, 1244, -1
1441, 294, -1
167, 95, -1
517, 1239, -1
928, 1801, -1
928, 1145, -1
122, 1365, -1
1145, 853, -1
2, 2221, -1
167, 2221, -1
1145, 517, -1
517, 503, -1
2221, 167, -1
1145, 1365, -1
1801, 1441, -1
294, 1239, -1
122, 1239, -1
1003, 1052, -1
2, 1003, -1
853, 2221, -1
517, 167, -1
1365, 294, -1
1801, 95, -1
95, 294, -1
294, 503, -1
1145, 1239, -1
928, 1003, -1
122, 503, -1
1239, 517, -1
1801, 122, -1
928, 2, -1
122, 167, -1
1003, 1365, -1
1801, 1052, -1
167, 1441, -1
1145, 503, -1
1801, 1244, -1
1145, 1003, -1
2, 95, -1
1801, 853, -1
853, 294, -1
1003, 1239, -1
1239, 2044, -1
1801, 517, -1
1801, 1365, -1
853, 95, -1
167, 1052, -1
1003, 503, -1
122, 928, -1
1239, 167, -1
1441, 2044, -1
1441, 122, -1
1239, 1244, -1
1003, 167, -1
1239, 853, -1
853, 928, -1
1441, 1244, -1
2221, 294, -1
1145, 2221, -1
1801, 2044, -1
167, 1365, -1
1441, 853, -1
517, 294, -1
1801, 503, -1
1365, 2044, -1
1441, 517, -1
517, 95, -1
928, 2216, -1
167, 1239, -1
928, 294, -1
1003, 928, -1
122, 294, -1
95, 167, -1
2, 2044, -1
517, 2221, -1
2, 122, -1
1365, 853, -1
294, 95, -1
122, 95, -1
1145, 1441, -1
1239, 1003, -1
2, 1052, -1
928, 122, -1
1365, 517, -1
2, 1244, -1
122, 2221, -1
2044, 1052, -1
2, 853, -1
1145, 95, -1
1801, 1239, -1
1441, 167, -1
853, 167, -1
1441, 2, -1
1145, 122, -1
2, 517, -1
2, 1365, -1
1003, 294, -1
1801, 1003, -1
1244, 503, -1
2221, 2044, -1
853, 1365, -1
2, 1239, -1
1003, 95, -1
1244, 1052, -1
1365, 167, -1
1003, 2221, -1
2, 503, -1
517, 1052, -1
853, 1052, -1
1365, 122, -1
2221, 2216, -1
503, 2044, -1
1441, 2216, -1
1052, 2216, -1
1365, 2216, -1
167, 503, -1

182, 1003, 1
182, 853, 1
182, 517, 1
182, 122, 1
182, 1244, 1
182, 2044, 1
182, 2216, 1
1553, 1003, 1
1553, 853, 1
1553, 517, 1
1553, 122, 1
1553, 1244, 1
1553, 2044, 1
1553, 2216, 1
1553, 182, 1
301, 1365, 1
301, 2221, 1
301, 928, 1
301, 1441, 1
301, 95, 1
301, 1239, 1
301, 503, 1
301, 1052, 1
1831, 1003, 1
1831, 853, 1
1831, 517, 1
1831, 122, 1
1831, 1244, 1
1831, 2044, 1
1831, 2216, 1
1831, 182, 1
1831, 1553, 1
1761, 1145, 1
2175, 294, 1
2175, 167, 1
122, 1831, 1
1441, 2221, 1
1244, 517, 1
1553, 1831, 1
928, 2221, 1
1003, 1244, 1
517, 182, 1
122, 2044, 1
928, 503, 1
2216, 1244, 1
2216, 1003, 1
1441, 503, 1
1441, 1052, 1
1003, 182, 1
928, 95, 1
928, 1052, 1
1003, 853, 1
2216, 182, 1
2216, 853, 1
2044, 182, 1
1052, 1365, 1
1244, 1831, 1
1365, 95, 1
122, 1244, 1
122, 1003, 1
1003, 517, 1
1365, 1239, 1
2044, 853, 1
853, 182, 1
167, 294, 1
2216, 517, 1
95, 1239, 1
122, 182, 1
2221, 95, 1
122, 853, 1
1244, 2044, 1
2044, 517, 1
1365, 2221, 1
2221, 1239, 1
928, 1365, 1
1441, 1365, 1
1052, 95, 1
1052, 1239, 1
853, 517, 1
517, 1831, 1
1365, 503, 1
95, 503, 1
122, 517, 1
1003, 1831, 1
928, 1441, 1
2216, 1831, 1
1052, 2221, 1
2221, 503, 1
2044, 1831, 1
182, 1831, 1
1003, 2044, 1
1244, 182, 1
1441, 95, 1
1441, 1239, 1
1239, 503, 1
2216, 1553, 1
928, 1239, 1
853, 1831, 1
2216, 2044, 1
1244, 853, 1
2216, 122, 1
1052, 503, 1
1239, 1052, 1
503, 1239, 1
517, 1244, 1
517, 1003, 1
1052, 301, 1
503, 2221, 1
1239, 301, 1
294, 2175, 1
517, 853, 1
503, 1052, 1
1239, 1365, 1
1441, 301, 1
928, 301, 1
503, 301, 1
95, 2221, 1
503, 1365, 1
1244, 1003, 1
1239, 2221, 1
517, 2044, 1
517, 122, 1
503, 95, 1
167, 2175, 1
1365, 301, 1
853, 2044, 1
1239, 95, 1
294, 167, 1
182, 1365, -1
182, 2221, -1
182, 928, -1
182, 1441, -1
182, 95, -1
182, 1239, -1
182, 503, -1
182, 1052, -1
182, 1145, -1
182, 294, -1
182, 167, -1
182, 2, -1
182, 1801, -1
1553, 1365, -1
1553, 2221, -1
1553, 928, -1
1553, 1441, -1
1553, 95, -1
1553, 1239, -1
1553, 503, -1
1553, 1052, -1
1553, 1145, -1
1553, 294, -1
1553, 167, -1
1553, 2, -1
1553, 1801, -1
301, 1145, -1
301, 294, -1
301, 167, -1
301, 1003, -1
301, 853, -1
301, 517, -1
301, 122, -1
301, 1244, -1
301, 2044, -1
301, 2216, -1
301, 182, -1
301, 1553, -1
301, 2, -1
301, 1801, -1
1831, 1365, -1
1831, 2221, -1
1831, 928, -1
1831, 1441, -1
1831, 95, -1
1831, 1239, -1
1831, 503, -1
1831, 1052, -1
1831, 301, -1
1831, 1145, -1
1831, 294, -1
1831, 167, -1
1831, 2, -1
1831, 1801, -1
1761, 1365, -1
1761, 2221, -1
1761, 928, -1
1761, 1441, -1
1761, 95, -1
1761, 1239, -1
1761, 503, -1
1761, 1052, -1
1761, 301, -1
1761, 294, -1
1761, 167, -1
1761, 1003, -1
1761, 853, -1
1761, 517, -1
1761, 122, -1
1761, 1244, -1
1761, 2044, -1
1761, 2216, -1
1761, 182, -1
1761, 1553, -1
1761, 1831, -1
1761, 2, -1
1761, 1801, -1
2175, 1365, -1
2175, 2221, -1
2175, 928, -1
2175, 1441, -1
2175, 95, -1
2175, 1239, -1
2175, 503, -1
2175, 1052, -1
2175, 301, -1
2175, 1145, -1
2175, 1761, -1
2175, 1003, -1
2175, 853, -1
2175, 517, -1
2175, 122, -1
2175, 1244, -1
2175, 2044, -1
2175, 2216, -1
2175, 182, -1
2175, 1553, -1
2175, 1831, -1
2175, 2, -1
2175, 1801, -1
853, 1239, -1
517, 1052, -1
1145, 294, -1
167, 1003, -1
928, 2044, -1
294, 2044, -1
182, 2175, -1
1239, 182, -1
167, 301, -1
2044, 503, -1
1244, 1801, -1
1244, 1145, -1
503, 2175, -1
167, 2, -1
853, 503, -1
2216, 301, -1
1441, 1003, -1
928, 167, -1
2216, 2, -1
122, 1052, -1
928, 1244, -1
1801, 2221, -1
1441, 182, -1
294, 1244, -1
1052, 294, -1
1145, 2044, -1
517, 1365, -1
1244, 1239, -1
1239, 294, -1
928, 853, -1
2221, 1831, -1
294, 853, -1
2216, 294, -1
1145, 1052, -1
1145, 167, -1
928, 517, -1
1145, 1244, -1
95, 2175, -1
294, 517, -1
1441, 294, -1
167, 95, -1
1801, 182, -1
517, 1239, -1
2044, 1801, -1
928, 1801, -1
928, 1145, -1
122, 1365, -1
1239, 122, -1
1145, 853, -1
2216, 95, -1
853, 1801, -1
853, 1145, -1
2, 2221, -1
1831, 2175, -1
1365, 182, -1
1052, 2175, -1
167, 2221, -1
928, 1831, -1
1145, 517, -1
294, 1831, -1
517, 503, -1
2221, 167, -1
2216, 2221, -1
1145, 1365, -1
1441, 1553, -1
1801, 1441, -1
294, 1239, -1
2044, 2221, -1
1145, 1801, -1
2216, 2175, -1
122, 1239, -1
1003, 1052, -1
2, 1003, -1
853, 2221, -1
517, 167, -1
1441, 2175, -1
301, 2175, -1
503, 2044, -1
1052, 182, -1
2, 182, -1
1365, 294, -1
167, 182, -1
1801, 95, -1
1145, 1831, -1
294, 503, -1
1145, 1239, -1
928, 1003, -1
122, 503, -1
1239, 517, -1
1801, 1553, -1
1801, 122, -1
2044, 301, -1
503, 1244, -1
928, 2, -1
122, 167, -1
853, 301, -1
1003, 1365, -1
2, 294, -1
1801, 1052, -1
517, 1801, -1
503, 853, -1
517, 1145, -1
1244, 2221, -1
1145, 503, -1
1801, 1244, -1
1145, 1003, -1
1244, 2175, -1
2216, 1441, -1
1365, 2175, -1
2044, 294, -1
503, 517, -1
2, 95, -1
1801, 853, -1
1145, 2, -1
2216, 1761, -1
853, 294, -1
1003, 1239, -1
1052, 2044, -1
167, 1553, -1
1239, 2044, -1
122, 1801, -1
1801, 517, -1
122, 1145, -1
167, 122, -1
1244, 301, -1
2044, 95, -1
1801, 1365, -1
503, 1831, -1
853, 95, -1
167, 1052, -1
1003, 503, -1
1052, 1244, -1
1239, 167, -1
1441, 2044, -1
1441, 122, -1
1239, 1244, -1
167, 1244, -1
2216, 1052, -1
2044, 2175, -1
1003, 167, -1
517, 301, -1
1052, 853, -1
1244, 294, -1
853, 2175, -1
1239, 853, -1
167, 853, -1
1441, 1244, -1
1052, 517, -1
2221, 294, -1
294, 1003, -1
1801, 2044, -1
1145, 2221, -1
503, 167, -1
167, 517, -1
1244, 95, -1
928, 182, -1
167, 1365, -1
1441, 853, -1
294, 182, -1
517, 294, -1
1801, 503, -1
122, 301, -1
1239, 1003, -1
2216, 1365, -1
1003, 1801, -1
1553, 301, -1
1441, 517, -1
1003, 1145, -1
1801, 167, -1
1052, 1831, -1
1239, 1831, -1
167, 1831, -1
1761, 2175, -1
517, 95, -1
928, 2216, -1
167, 1239, -1
928, 294, -1
1145, 182, -1
294, 2216, -1
1145, 301, -1
2044, 1239, -1
2221, 2175, -1
122, 294, -1
2216, 1239, -1
95, 167, -1
928, 1761, -1
2, 2044, -1
517, 2221, -1
2, 122, -1
301, 1831, -1
1441, 1831, -1
167, 2044, -1
517, 2175, -1
167, 503, -1
294, 95, -1
1553, 1761, -1
122, 95, -1
928, 1553, -1
1145, 1441, -1
2, 1052, -1
1052, 167, -1
294, 1553, -1
928, 122, -1
2221, 182, -1
2216, 503, -1
2, 1244, -1
294, 122, -1
1244, 1365, -1
928, 2175, -1
122, 2221, -1
1801, 1831, -1
1003, 301, -1
2216, 167, -1
2, 853, -1
122, 2175, -1
2044, 167, -1
1145, 95, -1
1801, 1239, -1
1441, 167, -1
1553, 2175, -1
853, 167, -1
1145, 1553, -1
1441, 2, -1
1145, 122, -1
1365, 1831, -1
2, 517, -1
503, 1003, -1
2, 1365, -1
95, 1831, -1
503, 182, -1
1145, 2175, -1
1003, 294, -1
1801, 1003, -1
2044, 1365, -1
2216, 1801, -1
1244, 503, -1
2216, 1145, -1
2, 1831, -1
2044, 1145, -1
853, 1365, -1
2, 1239, -1
1003, 95, -1
1244, 1052, -1
503, 294, -1
1244, 167, -1
2216, 928, -1
1365, 167, -1
122, 1441, -1
1239, 2175, -1
1003, 2221, -1
1801, 294, -1
1003, 2175, -1
2, 503, -1
122, 928, -1
1052, 1003, -1
1365, 517, -1
2, 167, -1
2, 301, -1
1365, 2216, -1
2044, 1052, -1
853, 1052, -1
1244, 1761, -1
2221, 2216, -1
1244, 928, -1
1801, 2175, -1
1052, 2216, -1
167, 1441, -1
1365, 1553, -1
1365, 2044, -1
1052, 1761, -1
517, 1761, -1
517, 928, -1
2, 1761, -1
1441, 2216, -1
2221, 1553, -1
1003, 1761, -1
2221, 2044, -1
1801, 301, -1
1003, 928, -1
1052, 1553, -1
2044, 1761, -1
1441, 1761, -1
2044, 928, -1
853, 1761, -1
853, 928, -1
2, 2175, -1
1365, 853, -1
122, 1761, -1
95, 294, -1
1441, 1145, -1
1365, 122, -1
1365, 1761, -1
301, 1761, -1
95, 182, -1
1365, 1145, -1
95, 1145, -1
503, 1145, -1
2221, 1145, -1
1239, 1145, -1
1052, 1145, -1

1277, 1003, 1
1277, 853, 1
1277, 517, 1
1277, 122, 1
1277, 1244, 1
1277, 2044, 1
1277, 2216, 1
1277, 182, 1
1277, 1553, 1
1277, 1831, 1
547, 1145, 1
547, 1761, 1
428, 1145, 1
428, 1761, 1
428, 547, 1
626, 1003, 1
626, 853, 1
626, 517, 1
626, 122, 1
626, 1244, 1
626, 2044, 1
626, 2216, 1
626, 182, 1
626, 1553, 1
626, 1831, 1
626, 1277, 1
1244, 1277, 1
122, 1831, 1
547, 428, 1
1244, 517, 1
1553, 626, 1
517, 1244, 1
517, 1003, 1
1553, 1831, 1
1145, 428, 1
1145, 547, 1
853, 122, 1
1003, 1244, 1
853, 2044, 1
517, 182, 1
122, 2044, 1
2216, 1244, 1
2216, 1003, 1
1553, 122, 1
517, 853, 1
1761, 1145, 1
1553, 2044, 1
1003, 182, 1
1761, 428, 1
1761, 547, 1
1003, 853, 1
517, 1277, 1
1003, 1277, 1
2216, 182, 1
2216, 853, 1
853, 1244, 1
2044, 182, 1
2216, 1277, 1
1244, 1831, 1
122, 1244, 1
122, 1003, 1
1003, 517, 1
853, 182, 1
1553, 1003, 1
2044, 853, 1
2044, 1277, 1
2216, 517, 1
1553, 1244, 1
122, 182, 1
853, 1277, 1
122, 853, 1
1244, 2044, 1
1553, 182, 1
2044, 517, 1
122, 1277, 1
1553, 853, 1
517, 1831, 1
853, 517, 1
1553, 1277, 1
122, 517, 1
1003, 1831, 1
2216, 626, 1
2216, 1831, 1
1553, 517, 1
517, 2044, 1
517, 122, 1
2044, 1831, 1
1244, 182, 1
1003, 2044, 1
182, 1831, 1
1003, 122, 1
2216, 1553, 1
853, 1831, 1
2216, 2044, 1
1244, 853, 1
2216, 122, 1
1244, 1003, 1
853, 1553, 1
517, 1553, 1
1244, 626, 1
1277, 626, 1
2044, 626, 1
182, 626, 1
1145, 1761, 1
517, 626, 1
853, 626, 1
1003, 626, 1
122, 626, 1
1277, 1365, -1
1277, 2221, -1
1277, 928, -1
1277, 1441, -1
1277, 95, -1
1277, 1239, -1
1277, 503, -1
1277, 1052, -1
1277, 301, -1
1277, 1145, -1
1277, 1761, -1
1277, 294, -1
1277, 167, -1
1277, 2175, -1
1277, 2, -1
1277, 1801, -1
547, 1365, -1
547, 2221, -1
547, 928, -1
547, 1441, -1
547, 95, -1
547, 1239, -1
547, 503, -1
547, 1052, -1
547, 301, -1
547, 294, -1
547, 167, -1
547, 2175, -1
547, 1003, -1
547, 853, -1
547, 517, -1
547, 122, -1
547, 1244, -1
547, 2044, -1
547, 2216, -1
547, 182, -1
547, 1553, -1
547, 1831, -1
547, 1277, -1
547, 2, -1
547, 1801, -1
428, 1365, -1
428, 2221, -1
428, 928, -1
428, 1441, -1
428, 95, -1
428, 1239, -1
428, 503, -1
428, 1052, -1
428, 301, -1
428, 294, -1
428, 167, -1
428, 2175, -1
428, 1003, -1
428, 853, -1
428, 517, -1
428, 122, -1
428, 1244, -1
428, 2044, -1
428, 2216, -1
428, 182, -1
428, 1553, -1
428, 1831, -1
428, 1277, -1
428, 2, -1
428, 1801, -1
626, 1365, -1
626, 2221, -1
626, 928, -1
626, 1441, -1
626, 95, -1
626, 1239, -1
626, 503, -1
626, 1052, -1
626, 301, -1
626, 1145, -1
626, 1761, -1
626, 547, -1
626, 428, -1
626, 294, -1
626, 167, -1
626, 2175, -1
626, 2, -1
626, 1801, -1
1761, 853, -1
853, 1239, -1
517, 1052, -1
182, 2221, -1
928, 2044, -1
1761, 517, -1
182, 2175, -1
2044, 503, -1
1761, 1365, -1
1052, 1277, -1
853, 503, -1
2216, 301, -1
1441, 1003, -1
301, 1003, -1
2216, 2, -1
1553, 503, -1
122, 1052, -1
928, 1244, -1
1441, 182, -1
301, 182, -1
1145, 2044, -1
517, 1365, -1
1553, 1052, -1
1761, 1831, -1
1244, 1239, -1
1553, 167, -1
1761, 1239, -1
1441, 1277, -1
928, 853, -1
2221, 1831, -1
517, 428, -1
2216, 294, -1
1145, 1052, -1
1145, 167, -1
928, 517, -1
1145, 1244, -1
2, 626, -1
1801, 182, -1
517, 1239, -1
928, 1145, -1
122, 1365, -1
1761, 1003, -1
1145, 853, -1
2216, 95, -1
1831, 2221, -1
1831, 2175, -1
1365, 182, -1
928, 626, -1
1553, 1145, -1
122, 428, -1
122, 547, -1
1761, 2, -1
928, 1831, -1
1145, 517, -1
294, 1831, -1
517, 503, -1
1441, 1553, -1
2216, 2221, -1
1145, 1365, -1
2044, 2221, -1
2216, 2175, -1
122, 1239, -1
1003, 1052, -1
2, 1003, -1
853, 2221, -1
517, 167, -1
1553, 1239, -1
1801, 1761, -1
428, 626, -1
1052, 182, -1
2, 182, -1
1145, 1831, -1
2, 1277, -1
1145, 1239, -1
928, 1003, -1
122, 503, -1
1801, 1553, -1
1801, 122, -1
2044, 301, -1
1761, 626, -1
122, 167, -1
853, 301, -1
1003, 1365, -1
1145, 503, -1
1244, 2221, -1
1801, 1244, -1
1553, 2, -1
1761, 2221, -1
1145, 1003, -1
1244, 2175, -1
1003, 428, -1
2216, 1441, -1
2216, 547, -1
2044, 294, -1
1831, 95, -1
1801, 853, -1
1145, 2, -1
1441, 428, -1
853, 294, -1
2216, 1761, -1
1003, 1239, -1
1441, 547, -1
1052, 2044, -1
1441, 1761, -1
1801, 517, -1
2044, 95, -1
1244, 301, -1
1761, 182, -1
1761, 301, -1
182, 1239, -1
853, 95, -1
1761, 1277, -1
1003, 503, -1
1441, 2044, -1
301, 2044, -1
1441, 122, -1
1801, 428, -1
1801, 547, -1
547, 626, -1
2216, 1052, -1
2044, 2175, -1
1003, 167, -1
517, 301, -1
1052, 853, -1
1244, 294, -1
182, 503, -1
853, 2175, -1
1145, 626, -1
1553, 2221, -1
1761, 294, -1
1441, 1244, -1
301, 1244, -1
1052, 517, -1
182, 167, -1
1145, 2221, -1
1801, 2044, -1
1244, 95, -1
928, 182, -1
1441, 853, -1
301, 853, -1
517, 294, -1
1761, 95, -1
122, 301, -1
1761, 1553, -1
2, 428, -1
2216, 1365, -1
2, 547, -1
1365, 2044, -1
1761, 122, -1
122, 2, -1
1553, 301, -1
1441, 517, -1
928, 1277, -1
1052, 1831, -1
1761, 2175, -1
517, 95, -1
2216, 428, -1
928, 2216, -1
1145, 182, -1
1145, 301, -1
2044, 1239, -1
122, 294, -1
853, 428, -1
2216, 1239, -1
1145, 1277, -1
928, 1761, -1
2, 2044, -1
517, 2221, -1
2, 122, -1
1553, 294, -1
1441, 1831, -1
301, 1831, -1
1831, 503, -1
517, 2175, -1
1553, 1761, -1
122, 95, -1
928, 1553, -1
1145, 294, -1
1831, 167, -1
1801, 1145, -1
928, 122, -1
2221, 182, -1
2216, 503, -1
2, 1244, -1
1244, 1365, -1
1553, 95, -1
1801, 626, -1
122, 2221, -1
1801, 1831, -1
1003, 301, -1
2216, 167, -1
2, 853, -1
122, 2175, -1
1244, 428, -1
2044, 167, -1
1145, 95, -1
853, 1052, -1
1145, 1553, -1
853, 167, -1
1553, 2175, -1
1145, 122, -1
1365, 1831, -1
2, 517, -1
1145, 2175, -1
1003, 294, -1
517, 547, -1
1801, 1003, -1
1761, 2044, -1
2216, 1801, -1
2044, 1365, -1
1244, 503, -1
2216, 1145, -1
1761, 503, -1
2, 1831, -1
182, 294, -1
1831, 1239, -1
853, 1365, -1
1003, 95, -1
1244, 1052, -1
1441, 1145, -1
1761, 1052, -1
1801, 1277, -1
1553, 1365, -1
1244, 167, -1
928, 428, -1
928, 547, -1
1761, 167, -1
1761, 1244, -1
1441, 626, -1
182, 95, -1
1003, 2221, -1
1553, 428, -1
1553, 547, -1
1003, 2175, -1
1239, 1003, -1
294, 1553, -1
1239, 1244, -1
1365, 517, -1
167, 1244, -1
294, 122, -1
167, 1003, -1
294, 2044, -1
503, 2044, -1
1239, 182, -1
1244, 1145, -1
2044, 1052, -1
167, 182, -1
167, 853, -1
1239, 1277, -1
1277, 428, -1
167, 1277, -1
1277, 547, -1
1244, 547, -1
1239, 853, -1
1244, 1761, -1
1239, 517, -1
1365, 626, -1
503, 1244, -1
294, 1003, -1
167, 517, -1
503, 1003, -1
294, 1244, -1
503, 182, -1
1831, 1145, -1
301, 1277, -1
122, 1761, -1
2221, 626, -1
294, 853, -1
517, 1145, -1
503, 853, -1
294, 1277, -1
503, 1277, -1
1052, 1761, -1
1239, 626, -1
1052, 626, -1
301, 517, -1
1003, 1145, -1
517, 1761, -1
2, 1761, -1
167, 626, -1
294, 517, -1
503, 517, -1
1003, 1761, -1
2044, 1145, -1
294, 2216, -1
182, 1145, -1
2044, 1761, -1
1239, 122, -1
167, 1553, -1
853, 1145, -1
1239, 2044, -1
1365, 853, -1
301, 626, -1
167, 122, -1
122, 1145, -1
1553, 1441, -1
1553, 1801, -1
853, 1761, -1
167, 2044, -1
294, 626, -1
1365, 1277, -1
301, 122, -1
1244, 1801, -1
1365, 1145, -1
2221, 1145, -1
1052, 1145, -1
517, 1801, -1
1365, 1553, -1
2, 1145, -1
1003, 1801, -1
1365, 122, -1
2221, 122, -1
2044, 1801, -1
182, 1801, -1
301, 1145, -1
853, 1801, -1
1052, 122, -1
294, 1145, -1
122, 1801, -1
122, 1441, -1
301, 1553, -1

2190, 1003, 1
2190, 853, 1
2190, 517, 1
2190, 122, 1
2190, 1244, 1
2190, 2044, 1
2190, 2216, 1
2190, 182, 1
2190, 1553, 1
2190, 1831, 1
2190, 1277, 1
2190, 626, 1
622, 1003, 1
622, 853, 1
622, 517, 1
622, 122, 1
622, 1244, 1
622, 2044, 1
622, 2216, 1
622, 182, 1
622, 1553, 1
622, 1831, 1
622, 1277, 1
622, 626, 1
622, 2190, 1
2242, 1003, 1
2242, 853, 1
2242, 517, 1
2242, 122, 1
2242, 1244, 1
2242, 2044, 1
2242, 2216, 1
2242, 182, 1
2242, 1553, 1
2242, 1831, 1
2242, 1277, 1
2242, 626, 1
2242, 2190, 1
2242, 622, 1
2216, 2242, 1
122, 2044, 1
2216, 1003, 1
1553, 2044, 1
1003, 182, 1
626, 122, 1
1244, 626, 1
1553, 622, 1
2216, 1277, 1
1553, 2190, 1
1244, 1831, 1
122, 1244, 1
1553, 1244, 1
122, 853, 1
1553, 853, 1
517, 1831, 1
122, 517, 1
1553, 517, 1
2044, 626, 1
1003, 2044, 1
1003, 122, 1
853, 626, 1
517, 622, 1
122, 1831, 1
517, 2190, 1
1553, 1831, 1
1003, 1244, 1
1003, 853, 1
122, 622, 1
2216, 182, 1
1553, 2242, 1
626, 2044, 1
122, 2190, 1
2044, 182, 1
1003, 517, 1
626, 622, 1
1553, 1003, 1
853, 182, 1
182, 853, 1
2044, 1277, 1
626, 2190, 1
853, 1277, 1
626, 1244, 1
182, 517, 1
517, 626, 1
1277, 622, 1
1277, 2190, 1
1003, 1831, 1
626, 853, 1
2190, 622, 1
626, 517, 1
1244, 182, 1
182, 1831, 1
2216, 1553, 1
2216, 2044, 1
2216, 122, 1
122, 626, 1
1244, 1277, 1
1003, 622, 1
1553, 626, 1
1003, 2190, 1
853, 122, 1
182, 2044, 1
517, 182, 1
626, 1831, 1
2216, 1244, 1
182, 622, 1
182, 2190, 1
517, 1277, 1
1277, 626, 1
2216, 853, 1
1277, 1831, 1
122, 1003, 1
2216, 517, 1
626, 1003, 1
1553, 182, 1
122, 1277, 1
1553, 1277, 1
1003, 626, 1
2216, 1831, 1
182, 626, 1
1244, 517, 1
2216, 622, 1
2044, 622, 1
2216, 2190, 1
2044, 2190, 1
853, 622, 1
1553, 122, 1
853, 2190, 1
1003, 1277, 1
2044, 853, 1
182, 1277, 1
122, 182, 1
1244, 2044, 1
2044, 517, 1
1244, 622, 1
853, 517, 1
626, 182, 1
1244, 2190, 1
2216, 626, 1
626, 1277, 1
517, 122, 1
2044, 1831, 1
1277, 182, 1
853, 1831, 1
1244, 853, 1
1277, 1553, 1
1277, 1244, 1
1277, 1003, 1
1277, 122, 1
182, 1003, 1
1277, 517, 1
517, 1244, 1
182, 122, 1
517, 1003, 1
1277, 2044, 1
517, 2044, 1
1277, 2242, 1
1277, 853, 1
517, 853, 1
853, 2044, 1
2190, 1365, -1
2190, 2221, -1
2190, 928, -1
2190, 1441, -1
2190, 95, -1
2190, 1239, -1
2190, 503, -1
2190, 1052, -1
2190, 301, -1
2190, 1145, -1
2190, 1761, -1
2190, 547, -1
2190, 428, -1
2190, 294, -1
2190, 167, -1
2190, 2175, -1
2190, 2, -1
2190, 1801, -1
622, 1365, -1
622, 2221, -1
622, 928, -1
622, 1441, -1
622, 95, -1
622, 1239, -1
622, 503, -1
622, 1052, -1
622, 301, -1
622, 1145, -1
622, 1761, -1
622, 547, -1
622, 428, -1
622, 294, -1
622, 167, -1
622, 2175, -1
622, 2, -1
622, 1801, -1
2242, 1365, -1
2242, 2221, -1
2242, 928, -1
2242, 1441, -1
2242, 95, -1
2242, 1239, -1
2242, 503, -1
2242, 1052, -1
2242, 301, -1
2242, 1145, -1
2242, 1761, -1
2242, 547, -1
2242, 428, -1
2242, 294, -1
2242, 167, -1
2242, 2175, -1
2242, 2, -1
2242, 1801, -1
1761, 853, -1
853, 1239, -1
182, 2221, -1
928, 2044, -1
1761, 517, -1
294, 2044, -1
182, 2175, -1
2044, 503, -1
928, 622, -1
626, 95, -1
1052, 1277, -1
1277, 294, -1
294, 622, -1
928, 2190, -1
853, 503, -1
294, 2190, -1
2216, 301, -1
547, 2044, -1
1441, 1003, -1
2216, 2, -1
1553, 503, -1
122, 1052, -1
928, 1244, -1
428, 2044, -1
1441, 182, -1
294, 1244, -1
301, 182, -1
1145, 2044, -1
517, 1365, -1
1553, 1052, -1
1761, 1831, -1
1244, 1239, -1
1277, 95, -1
626, 2175, -1
1553, 167, -1
1441, 1277, -1
428, 622, -1
1145, 622, -1
928, 853, -1
428, 2190, -1
547, 1244, -1
294, 853, -1
2221, 1831, -1
1145, 2190, -1
2216, 294, -1
928, 517, -1
1145, 1244, -1
2, 626, -1
294, 517, -1
547, 853, -1
1761, 2242, -1
1801, 182, -1
517, 1239, -1
428, 853, -1
122, 1365, -1
1761, 1003, -1
1145, 853, -1
2216, 95, -1
547, 517, -1
2221, 622, -1
1831, 2175, -1
928, 626, -1
1553, 1801, -1
1365, 182, -1
2221, 2190, -1
1553, 1145, -1
122, 428, -1
122, 547, -1
928, 1831, -1
1145, 517, -1
294, 1831, -1
517, 503, -1
1441, 1553, -1
2216, 2221, -1
2044, 2221, -1
626, 547, -1
2216, 2175, -1
122, 1239, -1
626, 428, -1
1003, 1052, -1
2, 1003, -1
853, 2221, -1
517, 167, -1
1553, 1239, -1
547, 1831, -1
1277, 1365, -1
1052, 182, -1
2, 182, -1
428, 1831, -1
928, 2242, -1
294, 2242, -1
1145, 1831, -1
2, 1277, -1
928, 1003, -1
122, 503, -1
1801, 1553, -1
1801, 122, -1
2044, 301, -1
1761, 626, -1
547, 622, -1
122, 167, -1
853, 301, -1
547, 2190, -1
1003, 1365, -1
1145, 2242, -1
626, 1052, -1
1244, 2221, -1
626, 167, -1
1801, 1244, -1
1553, 2, -1
1145, 1003, -1
1244, 2175, -1
1003, 428, -1
2216, 1441, -1
2216, 547, -1
182, 1365, -1
1277, 503, -1
2044, 294, -1
1831, 95, -1
428, 1277, -1
1801, 853, -1
2216, 1761, -1
853, 294, -1
1003, 1239, -1
1052, 2044, -1
1277, 167, -1
1801, 517, -1
1244, 301, -1
2044, 95, -1
1761, 182, -1
626, 1365, -1
182, 1239, -1
294, 626, -1
853, 95, -1
1761, 1277, -1
1003, 503, -1
1441, 2044, -1
1441, 122, -1
2216, 1052, -1
2044, 2175, -1
1441, 622, -1
1003, 167, -1
517, 301, -1
1052, 853, -1
1441, 2190, -1
182, 503, -1
1244, 294, -1
853, 2175, -1
626, 1239, -1
1553, 2221, -1
1145, 626, -1
1441, 1244, -1
1052, 517, -1
182, 167, -1
294, 1003, -1
1801, 2044, -1
1244, 95, -1
928, 182, -1
1441, 853, -1
294, 182, -1
1277, 1239, -1
1801, 622, -1
626, 503, -1
517, 294, -1
122, 301, -1
1801, 2190, -1
928, 1277, -1
547, 1003, -1
2216, 1365, -1
122, 2, -1
294, 1277, -1
1761, 122, -1
1761, 1553, -1
1553, 301, -1
1441, 517, -1
547, 182, -1
1052, 1831, -1
428, 182, -1
626, 2, -1
517, 95, -1
2216, 428, -1
547, 1277, -1
928, 2216, -1
1145, 182, -1
294, 2216, -1
2044, 1239, -1
122, 294, -1
2216, 1239, -1
1145, 1277, -1
2, 2044, -1
517, 2221, -1
2, 122, -1
1553, 1441, -1
1441, 1831, -1
301, 1831, -1
1831, 503, -1
1553, 294, -1
517, 2175, -1
1052, 622, -1
2, 622, -1
1052, 2190, -1
2, 2190, -1
1553, 1761, -1
122, 95, -1
928, 1553, -1
1831, 167, -1
294, 1553, -1
928, 122, -1
2221, 182, -1
2216, 503, -1
2, 1244, -1
294, 122, -1
1244, 1365, -1
1553, 95, -1
1441, 2242, -1
1801, 626, -1
301, 622, -1
122, 2221, -1
1801, 1831, -1
1003, 301, -1
2216, 167, -1
301, 2190, -1
2, 853, -1
122, 2175, -1
1244, 428, -1
2044, 167, -1
626, 2221, -1
1553, 2175, -1
853, 167, -1
1145, 1553, -1
1145, 122, -1
1365, 1831, -1
2, 517, -1
182, 301, -1
1801, 2242, -1
1003, 294, -1
1277, 2221, -1
1801, 1003, -1
1761, 2044, -1
1277, 2175, -1
2044, 1365, -1
2216, 1801, -1
1244, 503, -1
2216, 1145, -1
626, 301, -1
2, 1831, -1
1365, 622, -1
1761, 622, -1
1831, 1239, -1
853, 1365, -1
182, 294, -1
1761, 2190, -1
1365, 2190, -1
1003, 95, -1
1244, 1052, -1
1801, 1277, -1
1553, 1365, -1
1244, 167, -1
428, 517, -1
1761, 1244, -1
1441, 626, -1
1277, 301, -1
182, 95, -1
1003, 2221, -1
1553, 428, -1
1553, 547, -1
626, 294, -1
1003, 2175, -1
517, 1052, -1
626, 1761, -1
167, 1003, -1
1239, 182, -1
1244, 1801, -1
1244, 1145, -1
1239, 1277, -1
167, 1277, -1
301, 1003, -1
547, 122, -1
1277, 1761, -1
1365, 626, -1
517, 428, -1
1003, 1761, -1
1277, 1052, -1
2044, 1801, -1
1239, 122, -1
853, 1801, -1
1831, 2221, -1
853, 1145, -1
626, 1441, -1
428, 626, -1
503, 2044, -1
167, 182, -1
1277, 428, -1
1277, 547, -1
1239, 517, -1
503, 1244, -1
2221, 626, -1
517, 1801, -1
503, 853, -1
517, 1145, -1
428, 1003, -1
503, 517, -1
2044, 1761, -1
1052, 122, -1
167, 1553, -1
1239, 2044, -1
122, 1801, -1
853, 1761, -1
167, 122, -1
122, 1145, -1
1239, 622, -1
1239, 2190, -1
626, 1145, -1
301, 2044, -1
1239, 1244, -1
301, 122, -1
167, 1244, -1
547, 626, -1
1277, 1801, -1
1277, 1145, -1
1239, 853, -1
167, 853, -1
503, 622, -1
301, 1244, -1
1244, 1761, -1
503, 2190, -1
167, 517, -1
301, 853, -1
1365, 2044, -1
1003, 1801, -1
1365, 122, -1
1239, 626, -1
1003, 1145, -1
301, 517, -1
182, 1801, -1
182, 1145, -1
1277, 2, -1
167, 2044, -1
1365, 853, -1
167, 622, -1
1239, 1003, -1
167, 2190, -1
626, 1801, -1
1365, 517, -1
2044, 1052, -1
1244, 547, -1
853, 1052, -1
428, 122, -1
503, 1003, -1
503, 182, -1
1831, 1145, -1
517, 547, -1
503, 1277, -1
1052, 626, -1
517, 1761, -1
167, 626, -1
2044, 1145, -1
2221, 122, -1
122, 1441, -1
301, 626, -1
122, 1761, -1
167, 2242, -1
853, 428, -1
1365, 1277, -1
301, 1277, -1
1365, 1553, -1
301, 1553, -1

1064, 1003, 1
1064, 853, 1
1064, 517, 1
1064, 122, 1
1064, 1244, 1
1064, 2044, 1
1064, 2216, 1
1064, 182, 1
1064, 1553, 1
1064, 1831, 1
1064, 1277, 1
1064, 626, 1
1064, 2190, 1
1064, 622, 1
1064, 2242, 1
1903, 1003, 1
1903, 853, 1
1903, 517, 1
1903, 122, 1
1903, 1244, 1
1903, 2044, 1
1903, 2216, 1
1903, 182, 1
1903, 1553, 1
1903, 1831, 1
1903, 1277, 1
1903, 626, 1
1903, 2190, 1
1903, 622, 1
1903, 2242, 1
1903, 1064, 1
1513, 1003, 1
1513, 853, 1
1513, 517, 1
1513, 122, 1
1513, 1244, 1
1513, 2044, 1
1513, 2216, 1
1513, 182, 1
1513, 1553, 1
1513, 1831, 1
1513, 1277, 1
1513, 626, 1
1513, 2190, 1
1513, 622, 1
1513, 2242, 1
1513, 1064, 1
1513, 1903, 1
1646, 1365, 1
1646, 2221, 1
1646, 928, 1
1646, 1441, 1
1646, 95, 1
1646, 1239, 1
1646, 503, 1
1646, 1052, 1
1646, 301, 1
1031, 1365, 1
1031, 2221, 1
1031, 928, 1
1031, 1441, 1
1031, 95, 1
1031, 1239, 1
1031, 503, 1
1031, 1052, 1
1031, 301, 1
1031, 1646, 1
1242, 1365, 1
1242, 2221, 1
1242, 928, 1
1242, 1441, 1
1242, 95, 1
1242, 1239, 1
1242, 503, 1
1242, 1052, 1
1242, 301, 1
1242, 1646, 1
1242, 1031, 1
2242, 1831, 1
1646, 1031, 1
1441, 2221, 1
301, 2221, 1
2216, 1513, 1
2216, 2242, 1
1052, 301, 1
1003, 1903, 1
122, 1553, 1
2221, 1646, 1
1239, 301, 1
122, 2044, 1
928, 503, 1
1831, 1277, 1
2216, 1003, 1
1553, 2044, 1
1003, 182, 1
928, 1052, 1
626, 122, 1
182, 1903, 1
2242, 622, 1
1553, 622, 1
2242, 2190, 1
2216, 1277, 1
1553, 2190, 1
1441, 301, 1
1244, 1831, 1
122, 1244, 1
1553, 1244, 1
622, 1903, 1
1003, 2216, 1
928, 1646, 1
122, 853, 1
2221, 1239, 1
1052, 95, 1
1553, 853, 1
517, 1831, 1
1239, 95, 1
122, 517, 1
2221, 1031, 1
1553, 517, 1
1052, 2221, 1
2221, 503, 1
1003, 1553, 1
1365, 301, 1
1003, 2044, 1
1441, 95, 1
301, 95, 1
517, 622, 1
928, 1239, 1
2242, 626, 1
122, 1831, 1
517, 2190, 1
1831, 1903, 1
182, 1553, 1
1553, 1831, 1
1003, 1244, 1
1831, 182, 1
928, 1031, 1
2216, 1903, 1
2044, 1903, 1
1003, 853, 1
503, 1052, 1
122, 622, 1
2216, 182, 1
1553, 2242, 1
626, 2044, 1
122, 2190, 1
2044, 182, 1
1239, 1365, 1
1365, 95, 1
1003, 517, 1
2242, 1003, 1
1553, 1003, 1
853, 182, 1
626, 622, 1
2044, 1277, 1
626, 2190, 1
853, 1277, 1
2190, 1831, 1
1365, 2221, 1
626, 1244, 1
503, 1646, 1
2242, 1277, 1
2044, 2216, 1
1277, 622, 1
1277, 2190, 1
1003, 1831, 1
503, 1365, 1
853, 2216, 1
626, 853, 1
1244, 1903, 1
1239, 1031, 1
2190, 622, 1
626, 517, 1
1244, 182, 1
182, 1831, 1
1239, 503, 1
2216, 1553, 1
1441, 1242, 1
2216, 2044, 1
2216, 122, 1
2044, 1553, 1
1244, 1277, 1
1239, 1052, 1
1003, 622, 1
853, 1553, 1
1553, 626, 1
1003, 2190, 1
622, 1831, 1
928, 2221, 1
517, 182, 1
626, 1831, 1
1244, 2216, 1
2216, 1244, 1
182, 622, 1
503, 1031, 1
1441, 1052, 1
182, 2190, 1
517, 1277, 1
1239, 1646, 1
2216, 853, 1
1052, 1365, 1
853, 1903, 1
1064, 1513, 1
1277, 1831, 1
122, 1003, 1
2242, 1903, 1
928, 301, 1
1553, 1903, 1
2216, 517, 1
1244, 1553, 1
1441, 1646, 1
301, 1646, 1
626, 1003, 1
2221, 95, 1
2242, 182, 1
1553, 182, 1
122, 1277, 1
95, 1031, 1
1441, 1365, 1
1052, 1239, 1
1553, 1277, 1
95, 503, 1
928, 1441, 1
2216, 1831, 1
1052, 1031, 1
1831, 622, 1
1441, 1239, 1
301, 1239, 1
1052, 503, 1
928, 95, 1
1831, 2190, 1
928, 1242, 1
1365, 1646, 1
1244, 517, 1
95, 1646, 1
517, 1903, 1
2216, 622, 1
1441, 1031, 1
301, 1031, 1
503, 2221, 1
2044, 622, 1
2216, 2190, 1
2044, 2190, 1
2242, 2044, 1
1441, 503, 1
2242, 122, 1
853, 622, 1
1553, 122, 1
301, 503, 1
853, 2190, 1
1052, 1646, 1
1003, 1277, 1
122, 1903, 1
2242, 1244, 1
1365, 1239, 1
2044, 853, 1
503, 301, 1
95, 1239, 1
517, 2216, 1
626, 1903, 1
122, 182, 1
1064, 1903, 1
2242, 853, 1
2044, 517, 1
1244, 2044, 1
1365, 1031, 1
928, 1365, 1
1244, 622, 1
853, 517, 1
626, 182, 1
1365, 503, 1
1244, 2190, 1
2242, 517, 1
2216, 626, 1
626, 1277, 1
1277, 1903, 1
1239, 2221, 1
517, 1553, 1
122, 2216, 1
2044, 1831, 1
1277, 182, 1
853, 1831, 1
1244, 853, 1
2190, 1903, 1
503, 95, 1
1003, 1513, 1
503, 1239, 1
2044, 122, 1
1277, 517, 1
622, 626, 1
517, 1244, 1
517, 1003, 1
2044, 1513, 1
2190, 182, 1
853, 122, 1
182, 122, 1
2190, 853, 1
182, 2044, 1
2190, 1277, 1
2242, 1553, 1
1831, 853, 1
2216, 1064, 1
301, 1052, 1
517, 853, 1
622, 2044, 1
122, 1513, 1
2242, 1513, 1
622, 122, 1
1553, 1513, 1
2190, 517, 1
1831, 517, 1
182, 1003, 1
1244, 626, 1
1277, 626, 1
622, 2190, 1
626, 1513, 1
122, 1064, 1
2242, 1064, 1
1553, 1064, 1
622, 1244, 1
622, 1003, 1
1277, 1553, 1
2190, 626, 1
1277, 122, 1
622, 182, 1
626, 1064, 1
95, 2221, 1
1277, 2044, 1
1244, 1513, 1
1277, 1513, 1
301, 1365, 1
517, 626, 1
622, 853, 1
1277, 2242, 1
622, 1277, 1
1003, 626, 1
2190, 2044, 1
2190, 122, 1
1277, 1244, 1
1277, 1003, 1
622, 517, 1
517, 2044, 1
517, 122, 1
182, 626, 1
1003, 122, 1
1277, 853, 1
853, 626, 1
2190, 1244, 1
2190, 1003, 1
122, 626, 1
626, 1553, 1
2242, 2216, 1
182, 517, 1
2044, 626, 1
1553, 2216, 1
853, 2044, 1
517, 1513, 1
853, 1513, 1
626, 2216, 1
182, 853, 1
182, 1277, 1
1064, 1365, -1
1064, 2221, -1
1064, 928, -1
1064, 1441, -1
1064, 95, -1
1064, 1239, -1
1064, 503, -1
1064, 1052, -1
1064, 301, -1
1064, 1145, -1
1064, 1761, -1
1064, 547, -1
1064, 428, -1
1064, 294, -1
1064, 167, -1
1064, 2175, -1
1064, 2, -1
1064, 1801, -1
1903, 1365, -1
1903, 2221, -1
1903, 928, -1
1903, 1441, -1
1903, 95, -1
1903, 1239, -1
1903, 503, -1
1903, 1052, -1
1903, 301, -1
1903, 1145, -1
1903, 1761, -1
1903, 547, -1
1903, 428, -1
1903, 294, -1
1903, 167, -1
1903, 2175, -1
1903, 2, -1
1903, 1801, -1
1513, 1365, -1
1513, 2221, -1
1513, 928, -1
1513, 1441, -1
1513, 95, -1
1513, 1239, -1
1513, 503, -1
1513, 1052, -1
1513, 301, -1
1513, 1145, -1
1513, 1761, -1
1513, 547, -1
1513, 428, -1
1513, 294, -1
1513, 167, -1
1513, 2175, -1
1513, 2, -1
1513, 1801, -1
1646, 1145, -1
1646, 1761, -1
1646, 547, -1
1646, 428, -1
1646, 294, -1
1646, 167, -1
1646, 2175, -1
1646, 1003, -1
1646, 853, -1
1646, 517, -1
1646, 122, -1
1646, 1244, -1
1646, 2044, -1
1646, 2216, -1
1646, 182, -1
1646, 1553, -1
1646, 1831, -1
1646, 1277, -1
1646, 626, -1
1646, 2190, -1
1646, 622, -1
1646, 2242, -1
1646, 1064, -1
1646, 1903, -1
1646, 1513, -1
1646, 2, -1
1646, 1801, -1
1031, 1145, -1
1031, 1761, -1
1031, 547, -1
1031, 428, -1
1031, 294, -1
1031, 167, -1
1031, 2175, -1
1031, 1003, -1
1031, 853, -1
1031, 517, -1
1031, 122, -1
1031, 1244, -1
1031, 2044, -1
1031, 2216, -1
1031, 182, -1
1031, 1553, -1
1031, 1831, -1
1031, 1277, -1
1031, 626, -1
1031, 2190, -1
1031, 622, -1
1031, 2242, -1
1031, 1064, -1
1031, 1903, -1
1031, 1513, -1
1031, 2, -1
1031, 1801, -1
1242, 1145, -1
1242, 1761, -1
1242, 547, -1
1242, 428, -1
1242, 294, -1
1242, 167, -1
1242, 2175, -1
1242, 1003, -1
1242, 853, -1
1242, 517, -1
1242, 122, -1
1242, 1244, -1
1242, 2044, -1
1242, 2216, -1
1242, 182, -1
1242, 1553, -1
1242, 1831, -1
1242, 1277, -1
1242, 626, -1
1242, 2190, -1
1242, 622, -1
1242, 2242, -1
1242, 1064, -1
1242, 1903, -1
1242, 1513, -1
1242, 2, -1
1242, 1801, -1
294, 1242, -1
1761, 1646, -1
626, 1761, -1
2044, 1031, -1
928, 2044, -1
1244, 1801, -1
1244, 1145, -1
503, 2175, -1
1239, 1277, -1
1441, 1003, -1
2242, 503, -1
1145, 1242, -1
1513, 1031, -1
928, 1244, -1
1801, 2221, -1
1365, 626, -1
1277, 95, -1
1244, 1239, -1
1441, 1277, -1
301, 1277, -1
1145, 622, -1
928, 853, -1
1145, 2190, -1
517, 928, -1
928, 1801, -1
928, 1145, -1
1513, 1646, -1
1761, 1003, -1
1239, 122, -1
2216, 95, -1
1831, 2221, -1
2242, 1801, -1
1145, 1646, -1
167, 2221, -1
2242, 1145, -1
517, 1031, -1
1365, 1277, -1
2044, 2221, -1
626, 547, -1
2216, 2175, -1
1553, 928, -1
626, 1441, -1
547, 1831, -1
1441, 2175, -1
503, 2044, -1
928, 1513, -1
301, 2175, -1
2, 301, -1
122, 1031, -1
1801, 95, -1
1553, 1031, -1
1239, 517, -1
547, 1031, -1
1801, 122, -1
503, 1244, -1
547, 622, -1
622, 1052, -1
853, 301, -1
547, 2190, -1
1801, 1052, -1
503, 853, -1
1553, 2, -1
1145, 1003, -1
1365, 2175, -1
1277, 503, -1
1831, 95, -1
122, 1646, -1
2216, 1761, -1
1239, 2044, -1
1801, 517, -1
167, 122, -1
853, 1761, -1
2044, 95, -1
1761, 301, -1
1003, 1031, -1
2190, 167, -1
167, 1052, -1
1441, 2044, -1
1239, 1244, -1
182, 1031, -1
2044, 2175, -1
626, 928, -1
1244, 294, -1
1277, 1801, -1
1553, 2221, -1
1239, 853, -1
1277, 1145, -1
1441, 1244, -1
928, 1903, -1
2221, 294, -1
167, 517, -1
1801, 2044, -1
622, 503, -1
626, 1031, -1
928, 182, -1
1441, 853, -1
1277, 1239, -1
1801, 503, -1
294, 301, -1
301, 853, -1
547, 1003, -1
2216, 1365, -1
182, 1646, -1
1052, 1831, -1
517, 95, -1
547, 1277, -1
95, 622, -1
928, 294, -1
1145, 301, -1
95, 2190, -1
2216, 1239, -1
1831, 503, -1
167, 2044, -1
517, 2175, -1
1052, 622, -1
622, 1801, -1
1365, 853, -1
622, 1145, -1
1052, 2190, -1
167, 503, -1
122, 95, -1
2190, 301, -1
2242, 1242, -1
1441, 1513, -1
1553, 95, -1
1903, 1031, -1
547, 95, -1
1244, 428, -1
122, 2175, -1
1801, 1239, -1
626, 2221, -1
1553, 2175, -1
1801, 1513, -1
503, 182, -1
1831, 1145, -1
1052, 626, -1
2044, 1365, -1
2242, 1646, -1
517, 1761, -1
2, 1831, -1
2044, 1145, -1
1831, 1239, -1
2221, 122, -1
1003, 95, -1
1244, 1052, -1
503, 294, -1
928, 428, -1
1244, 167, -1
2216, 928, -1
294, 1441, -1
182, 95, -1
2044, 1239, -1
853, 928, -1
2242, 428, -1
167, 1513, -1
2, 1031, -1
122, 1761, -1
1003, 2175, -1
1239, 1903, -1
182, 2175, -1
1239, 182, -1
853, 1031, -1
626, 95, -1
1052, 1277, -1
1064, 1242, -1
1277, 294, -1
547, 2044, -1
928, 167, -1
2216, 2, -1
1553, 503, -1
428, 1031, -1
1441, 182, -1
301, 182, -1
517, 1365, -1
1761, 1831, -1
626, 2175, -1
428, 622, -1
2242, 167, -1
1239, 294, -1
428, 2190, -1
547, 1244, -1
2216, 294, -1
1801, 1903, -1
928, 517, -1
95, 2175, -1
1761, 1031, -1
2, 626, -1
1441, 294, -1
547, 853, -1
1003, 1761, -1
301, 294, -1
1801, 182, -1
517, 1239, -1
122, 1365, -1
1064, 1646, -1
428, 1646, -1
2, 2221, -1
1365, 182, -1
1553, 1801, -1
547, 1365, -1
1052, 2175, -1
1553, 1145, -1
122, 547, -1
294, 928, -1
294, 1831, -1
2216, 2221, -1
122, 1239, -1
2, 1003, -1
853, 2221, -1
1553, 1239, -1
547, 1239, -1
1365, 294, -1
928, 2242, -1
294, 1031, -1
167, 182, -1
1145, 1831, -1
1801, 1242, -1
2, 1277, -1
1761, 626, -1
1831, 294, -1
1145, 1031, -1
1003, 1365, -1
2242, 301, -1
1239, 428, -1
1761, 2221, -1
182, 1365, -1
2044, 294, -1
503, 517, -1
2, 95, -1
428, 1277, -1
622, 1646, -1
1441, 428, -1
167, 1242, -1
1003, 1239, -1
1052, 2044, -1
1277, 167, -1
2190, 1031, -1
626, 1365, -1
182, 1239, -1
853, 95, -1
626, 1145, -1
1761, 1277, -1
122, 928, -1
1239, 167, -1
1441, 122, -1
301, 122, -1
294, 2221, -1
2216, 1052, -1
1052, 853, -1
853, 2175, -1
626, 1239, -1
1145, 626, -1
2190, 1646, -1
1145, 2221, -1
1761, 95, -1
517, 294, -1
622, 167, -1
1761, 122, -1
1365, 122, -1
1441, 517, -1
301, 517, -1
547, 182, -1
428, 301, -1
1003, 928, -1
122, 294, -1
1145, 1277, -1
2, 2044, -1
517, 2221, -1
1553, 294, -1
2242, 547, -1
2242, 1441, -1
182, 928, -1
2221, 1903, -1
294, 95, -1
928, 1553, -1
1831, 167, -1
2221, 182, -1
2216, 503, -1
2, 1244, -1
1553, 1242, -1
1365, 517, -1
1441, 2242, -1
122, 2221, -1
2044, 1052, -1
2, 853, -1
1145, 95, -1
2044, 167, -1
547, 2221, -1
1145, 122, -1
2, 1365, -1
95, 1831, -1
1801, 2242, -1
1003, 294, -1
1244, 1031, -1
2190, 95, -1
622, 301, -1
1761, 2044, -1
2216, 1801, -1
2216, 1145, -1
1761, 503, -1
182, 294, -1
853, 1365, -1
2, 1239, -1
2190, 2175, -1
1761, 1244, -1
428, 1365, -1
1003, 2221, -1
1553, 428, -1
626, 294, -1
167, 2242, -1
1761, 853, -1
853, 1239, -1
1244, 1646, -1
182, 2221, -1
167, 301, -1
2044, 503, -1
928, 622, -1
1761, 1365, -1
928, 2190, -1
2242, 1031, -1
122, 1052, -1
503, 1903, -1
1052, 294, -1
1145, 2044, -1
1553, 1052, -1
547, 1052, -1
1553, 167, -1
1761, 1239, -1
1761, 1513, -1
1145, 1244, -1
294, 1365, -1
2044, 1801, -1
1145, 853, -1
547, 517, -1
928, 626, -1
517, 503, -1
1441, 1553, -1
2221, 167, -1
1145, 1365, -1
1801, 1441, -1
294, 1239, -1
626, 428, -1
1003, 1052, -1
2, 182, -1
428, 1831, -1
182, 1052, -1
1145, 1239, -1
928, 1003, -1
122, 503, -1
1801, 1553, -1
1441, 1903, -1
301, 1903, -1
2190, 1365, -1
1064, 1031, -1
547, 503, -1
1145, 1513, -1
626, 1052, -1
517, 1801, -1
167, 1441, -1
517, 1145, -1
626, 167, -1
1277, 1031, -1
1244, 2175, -1
2190, 1239, -1
853, 294, -1
1761, 1903, -1
1365, 1903, -1
1052, 122, -1
167, 1553, -1
122, 1801, -1
2216, 1242, -1
503, 428, -1
122, 1145, -1
1244, 301, -1
1761, 182, -1
1239, 622, -1
1239, 2190, -1
1003, 503, -1
2242, 95, -1
1277, 1646, -1
622, 928, -1
1441, 622, -1
1441, 2190, -1
182, 503, -1
2242, 2175, -1
1244, 1761, -1
1052, 517, -1
622, 1031, -1
428, 2221, -1
1801, 1031, -1
503, 167, -1
2216, 1646, -1
1761, 1242, -1
1801, 622, -1
626, 503, -1
1801, 2190, -1
1003, 1801, -1
2190, 928, -1
1239, 626, -1
1003, 1145, -1
1145, 1903, -1
167, 1831, -1
2216, 428, -1
1145, 182, -1
182, 1801, -1
182, 1145, -1
1831, 1031, -1
928, 1761, -1
1801, 1646, -1
2, 122, -1
1553, 1441, -1
2242, 1761, -1
167, 622, -1
1239, 1003, -1
167, 2190, -1
626, 1801, -1
2, 1052, -1
1244, 1365, -1
1801, 626, -1
1513, 1242, -1
428, 95, -1
2216, 167, -1
622, 2221, -1
1831, 1646, -1
1441, 167, -1
301, 167, -1
853, 167, -1
2190, 294, -1
928, 1064, -1
167, 1646, -1
2, 517, -1
428, 1052, -1
2044, 1646, -1
547, 1903, -1
1801, 1003, -1
1277, 2175, -1
167, 626, -1
1801, 1277, -1
2190, 2221, -1
2242, 1365, -1
1761, 1052, -1
928, 547, -1
1365, 167, -1
428, 517, -1
1239, 2175, -1
1277, 301, -1
2, 503, -1
2242, 1239, -1
167, 1003, -1
622, 95, -1
1761, 517, -1
853, 503, -1
167, 1277, -1
2216, 301, -1
517, 1646, -1
294, 1052, -1
1277, 1761, -1
622, 2175, -1
428, 2044, -1
1244, 928, -1
428, 503, -1
2221, 1831, -1
1145, 1052, -1
1761, 2242, -1
167, 95, -1
1553, 1646, -1
1801, 301, -1
428, 853, -1
547, 1646, -1
853, 1801, -1
95, 1903, -1
503, 547, -1
853, 1145, -1
2221, 622, -1
1831, 2175, -1
2221, 2190, -1
2190, 1052, -1
122, 428, -1
928, 1831, -1
95, 182, -1
1145, 517, -1
2242, 928, -1
1052, 1903, -1
517, 167, -1
1277, 1365, -1
1052, 182, -1
1831, 301, -1
428, 1239, -1
95, 294, -1
294, 503, -1
1003, 1646, -1
2044, 301, -1
928, 2, -1
122, 167, -1
1145, 2242, -1
2221, 626, -1
1239, 547, -1
1145, 503, -1
1244, 2221, -1
2242, 2, -1
1801, 1244, -1
1003, 428, -1
2216, 1441, -1
2216, 547, -1
1801, 853, -1
1441, 547, -1
2044, 1761, -1
626, 1646, -1
2242, 294, -1
622, 1365, -1
2190, 503, -1
1801, 1365, -1
503, 1831, -1
167, 1244, -1
2, 1903, -1
622, 1239, -1
1003, 167, -1
517, 301, -1
2242, 2221, -1
1761, 1441, -1
167, 853, -1
503, 622, -1
503, 2190, -1
182, 167, -1
1831, 1365, -1
1277, 928, -1
2190, 1801, -1
1244, 95, -1
2190, 1145, -1
167, 1365, -1
122, 301, -1
1903, 1646, -1
1761, 1553, -1
928, 1277, -1
428, 1903, -1
1553, 301, -1
547, 301, -1
1239, 1831, -1
428, 182, -1
928, 2216, -1
167, 1239, -1
2221, 2175, -1
95, 167, -1
1441, 1831, -1
301, 1831, -1
2, 622, -1
2, 2190, -1
1553, 1761, -1
2216, 1031, -1
1145, 1441, -1
1052, 167, -1
928, 122, -1
928, 2175, -1
301, 622, -1
1801, 1831, -1
1003, 301, -1
301, 2190, -1
2, 1646, -1
1145, 1553, -1
2242, 1052, -1
1441, 2, -1
1365, 1831, -1
503, 1003, -1
294, 1903, -1
182, 301, -1
1277, 2221, -1
503, 1277, -1
853, 1646, -1
1244, 503, -1
626, 301, -1
1761, 622, -1
1365, 622, -1
1761, 2190, -1
1365, 2190, -1
1553, 1365, -1
2044, 928, -1
122, 1441, -1
1441, 626, -1
301, 626, -1
622, 294, -1
1553, 547, -1
517, 1052, -1
1052, 1244, -1
301, 2044, -1
294, 1553, -1
2, 1064, -1
167, 1903, -1
547, 626, -1
428, 626, -1
301, 1513, -1
294, 122, -1
294, 2044, -1
294, 1513, -1
1277, 1441, -1
1365, 2216, -1
294, 2242, -1
294, 622, -1
1277, 428, -1
1277, 547, -1
294, 2190, -1
1244, 547, -1
1441, 1064, -1
301, 1244, -1
301, 1003, -1
428, 122, -1
853, 1052, -1
547, 1513, -1
2175, 1831, -1
2221, 2216, -1
2175, 95, -1
294, 1064, -1
294, 1003, -1
428, 1513, -1
2175, 1239, -1
294, 1244, -1
1277, 1242, -1
1052, 2216, -1
294, 182, -1
2190, 428, -1
2190, 547, -1
1052, 428, -1
517, 547, -1
294, 853, -1
428, 1003, -1
622, 547, -1
1365, 2044, -1
294, 1277, -1
1801, 1064, -1
2175, 1031, -1
1365, 1553, -1
122, 2, -1
517, 428, -1
2175, 503, -1
1145, 1064, -1
1365, 1513, -1
626, 2, -1
294, 517, -1
2221, 1553, -1
1441, 2216, -1
1277, 1052, -1
2221, 2044, -1
301, 2216, -1
301, 428, -1
301, 547, -1
294, 2216, -1
2175, 1903, -1
1052, 1553, -1
1761, 1064, -1
1052, 1513, -1
2, 1513, -1
167, 1031, -1
1277, 2, -1
622, 428, -1
294, 626, -1
301, 1553, -1
1801, 2216, -1
1145, 2216, -1
547, 1553, -1
1052, 1003, -1
428, 1553, -1
2, 1553, -1
853, 428, -1
547, 122, -1
428, 2216, -1
547, 2216, -1
1761, 2216, -1
2, 2216, -1

1959, 1003, 1
1959, 853, 1
1959, 517, 1
1959, 122, 1
1959, 1244, 1
1959, 2044, 1
1959, 2216, 1
1959, 182, 1
1959, 1553, 1
1959, 1831, 1
1959, 1277, 1
1959, 626, 1
1959, 2190, 1
1959, 622, 1
1959, 2242, 1
1959, 1064, 1
1959, 1903, 1
1959, 1513, 1
1949, 1003, 1
1949, 853, 1
1949, 517, 1
1949, 122, 1
1949, 1244, 1
1949, 2044, 1
1949, 2216, 1
1949, 182, 1
1949, 1553, 1
1949, 1831, 1
1949, 1277, 1
1949, 626, 1
1949, 2190, 1
1949, 622, 1
1949, 2242, 1
1949, 1064, 1
1949, 1903, 1
1949, 1513, 1
1949, 1959, 1
944, 1365, 1
944, 2221, 1
944, 928, 1
944, 1441, 1
944, 95, 1
944, 1239, 1
944, 503, 1
944, 1052, 1
944, 301, 1
944, 1646, 1
944, 1031, 1
944, 1242, 1
1181, 1145, 1
1181, 1761, 1
1181, 547, 1
1181, 428, 1
914, 1365, 1
914, 2221, 1
914, 928, 1
914, 1441, 1
914, 95, 1
914, 1239, 1
914, 503, 1
914, 1052, 1
914, 301, 1
914, 1646, 1
914, 1031, 1
914, 1242, 1
914, 944, 1
853, 1959, 1
2242, 1831, 1
1441, 2221, 1
301, 2221, 1
1646, 1031, 1
2216, 1513, 1
2242, 1959, 1
517, 1244, 1
1145, 428, 1
2216, 2242, 1
1646, 503, 1
1052, 301, 1
1145, 547, 1
1003, 1903, 1
2221, 1646, 1
122, 2044, 1
928, 503, 1
1831, 1277, 1
2216, 1003, 1
1903, 1949, 1
517, 853, 1
1761, 1145, 1
1553, 2044, 1
1003, 182, 1
928, 1052, 1
1064, 1553, 1
626, 122, 1
1064, 2044, 1
1064, 122, 1
1513, 2044, 1
1553, 622, 1
2242, 622, 1
182, 1903, 1
2242, 2190, 1
2216, 1277, 1
1553, 2190, 1
944, 914, 1
1244, 1831, 1
1513, 622, 1
122, 1244, 1
1365, 928, 1
1441, 301, 1
1244, 1959, 1
1513, 2190, 1
1553, 1244, 1
1277, 1553, 1
622, 1903, 1
1064, 1244, 1
1277, 122, 1
1513, 1244, 1
122, 853, 1
2221, 1239, 1
928, 1646, 1
1052, 95, 1
1553, 853, 1
517, 1831, 1
1064, 853, 1
122, 517, 1
1513, 853, 1
517, 1959, 1
2221, 1031, 1
1277, 1244, 1
1242, 914, 1
1553, 517, 1
1052, 2221, 1
2221, 503, 1
1064, 517, 1
1064, 2216, 1
1365, 301, 1
1003, 2044, 1
1441, 95, 1
301, 95, 1
1277, 853, 1
1831, 1949, 1
517, 622, 1
928, 1239, 1
2242, 626, 1
122, 1831, 1
547, 428, 1
517, 2190, 1
1831, 1903, 1
122, 1959, 1
1277, 517, 1
1553, 1831, 1
1513, 626, 1
1553, 1959, 1
1003, 1244, 1
1064, 1831, 1
2216, 1949, 1
1831, 182, 1
1513, 1831, 1
928, 1031, 1
1064, 1959, 1
2044, 1949, 1
1513, 1959, 1
2216, 1903, 1
1242, 95, 1
2044, 1903, 1
853, 1949, 1
1003, 853, 1
122, 622, 1
2216, 182, 1
1553, 2242, 1
626, 2044, 1
122, 2190, 1
2044, 182, 1
1242, 2221, 1
1365, 95, 1
1513, 2242, 1
1003, 517, 1
2242, 1003, 1
1553, 1003, 1
853, 182, 1
1903, 182, 1
2044, 1277, 1
626, 2190, 1
626, 622, 1
1064, 2190, 1
1064, 622, 1
928, 914, 1
1513, 1003, 1
853, 1277, 1
2190, 1831, 1
2221, 928, 1
1365, 2221, 1
626, 1244, 1
1277, 2044, 1
2242, 1277, 1
2190, 1959, 1
1277, 622, 1
1244, 1949, 1
1003, 1831, 1
1277, 2190, 1
1242, 301, 1
626, 853, 1
1244, 1903, 1
1003, 1959, 1
1646, 95, 1
1239, 1031, 1
2190, 622, 1
626, 517, 1
1244, 182, 1
182, 1831, 1
1239, 503, 1
2216, 1553, 1
182, 1959, 1
1441, 1242, 1
2216, 2044, 1
2216, 122, 1
517, 1949, 1
1244, 1277, 1
1242, 1441, 1
1003, 622, 1
1553, 626, 1
1003, 2190, 1
517, 1003, 1
622, 1831, 1
928, 2221, 1
1064, 626, 1
622, 1959, 1
517, 182, 1
626, 1831, 1
2216, 1244, 1
182, 622, 1
301, 503, 1
626, 1959, 1
1441, 1052, 1
503, 1031, 1
182, 2190, 1
517, 1277, 1
1277, 626, 1
2216, 853, 1
1052, 1365, 1
853, 1903, 1
2242, 1949, 1
1553, 1949, 1
1064, 1513, 1
1277, 1831, 1
122, 1003, 1
2242, 1903, 1
928, 301, 1
1553, 1903, 1
1064, 2242, 1
1064, 1949, 1
1513, 1949, 1
1277, 1959, 1
2216, 517, 1
1441, 1646, 1
1513, 1903, 1
1242, 1052, 1
301, 1646, 1
626, 1003, 1
2221, 95, 1
1064, 1003, 1
2242, 182, 1
1553, 182, 1
122, 1277, 1
95, 1031, 1
1441, 1365, 1
1513, 182, 1
1052, 1239, 1
1277, 2242, 1
1553, 1277, 1
95, 503, 1
1064, 1277, 1
928, 1441, 1
1513, 1277, 1
1277, 1003, 1
2216, 1831, 1
2216, 1959, 1
1052, 1031, 1
1831, 622, 1
1242, 1365, 1
1903, 1959, 1
1441, 1239, 1
301, 1239, 1
928, 95, 1
1831, 2190, 1
928, 1242, 1
1052, 503, 1
1365, 1646, 1
1003, 1949, 1
1244, 517, 1
517, 1903, 1
2216, 622, 1
1441, 1031, 1
301, 1031, 1
2044, 622, 1
2216, 2190, 1
853, 2044, 1
2044, 2190, 1
2242, 2044, 1
1903, 622, 1
2242, 122, 1
853, 622, 1
1553, 122, 1
1441, 503, 1
1242, 1239, 1
1903, 2190, 1
1513, 1553, 1
853, 2190, 1
1761, 428, 1
1761, 547, 1
1513, 122, 1
1052, 1646, 1
1003, 1277, 1
122, 1949, 1
853, 1244, 1
1242, 1031, 1
122, 1903, 1
2242, 1244, 1
1365, 1239, 1
2044, 853, 1
1441, 914, 1
1242, 503, 1
626, 1949, 1
95, 1239, 1
626, 1903, 1
122, 182, 1
1064, 1903, 1
2242, 853, 1
2044, 517, 1
1244, 2044, 1
1365, 1031, 1
928, 1365, 1
1244, 622, 1
853, 517, 1
626, 182, 1
1064, 182, 1
1365, 503, 1
1244, 2190, 1
1831, 1959, 1
2242, 517, 1
1277, 1949, 1
2216, 626, 1
626, 1277, 1
1277, 1903, 1
1513, 517, 1
1646, 1239, 1
517, 2044, 1
1242, 1646, 1
2044, 1831, 1
1277, 182, 1
2044, 1959, 1
853, 1831, 1
1244, 853, 1
2190, 1903, 1
2190, 182, 1
1365, 944, 1
1239, 301, 1
622, 1553, 1
626, 1553, 1
1244, 626, 1
1903, 1277, 1
1646, 944, 1
626, 1064, 1
95, 2221, 1
1031, 301, 1
928, 944, 1
1239, 95, 1
2190, 1553, 1
2190, 2044, 1
2190, 122, 1
1003, 1553, 1
1003, 122, 1
853, 626, 1
2190, 1244, 1
182, 1553, 1
182, 122, 1
2190, 853, 1
1031, 95, 1
2216, 1064, 1
622, 2044, 1
2190, 517, 1
622, 122, 1
2221, 944, 1
1553, 1513, 1
503, 1052, 1
2242, 1513, 1
1031, 2221, 1
1239, 1365, 1
622, 2190, 1
1761, 1181, 1
622, 1244, 1
503, 1646, 1
517, 626, 1
2044, 2216, 1
622, 853, 1
503, 1365, 1
853, 2216, 1
622, 517, 1
1959, 1949, 1
2044, 1553, 1
122, 626, 1
1239, 1052, 1
503, 1239, 1
2044, 122, 1
853, 1553, 1
853, 122, 1
182, 2044, 1
1831, 853, 1
1244, 2216, 1
428, 1181, 1
301, 1052, 1
1145, 1181, 1
1239, 1646, 1
1831, 517, 1
1903, 853, 1
1031, 1052, 1
1244, 1553, 1
2190, 626, 1
1903, 517, 1
1277, 1513, 1
301, 1365, 1
1003, 626, 1
1553, 2216, 1
182, 626, 1
1903, 1831, 1
1031, 1365, 1
2190, 1003, 1
622, 626, 1
503, 2221, 1
2190, 1277, 1
2242, 1553, 1
1031, 1239, 1
547, 1181, 1
1239, 914, 1
182, 1003, 1
1052, 944, 1
622, 1949, 1
122, 1064, 1
1031, 503, 1
503, 301, 1
1553, 1064, 1
517, 2216, 1
622, 1003, 1
622, 182, 1
1441, 944, 1
301, 944, 1
622, 1277, 1
1239, 2221, 1
1031, 1646, 1
517, 1553, 1
122, 2216, 1
517, 122, 1
2190, 1949, 1
1242, 944, 1
503, 95, 1
1003, 1513, 1
95, 1646, 1
2044, 1513, 1
1145, 1761, 1
853, 1513, 1
1242, 928, 1
182, 1949, 1
122, 1513, 1
626, 1513, 1
2242, 1064, 1
182, 853, 1
182, 1277, 1
1513, 1064, 1
182, 517, 1
1244, 1513, 1
1052, 928, 1
1441, 928, 1
301, 928, 1
2044, 626, 1
517, 1513, 1
547, 1761, 1
428, 1761, 1
2242, 2216, 1
122, 1553, 1
1513, 2216, 1
428, 1145, 1
547, 1145, 1
1959, 1365, -1
1959, 2221, -1
1959, 928, -1
1959, 1441, -1
1959, 95, -1
1959, 1239, -1
1959, 503, -1
1959, 1052, -1
1959, 301, -1
1959, 1646, -1
1959, 1031, -1
1959, 1242, -1
1959, 1145, -1
1959, 1761, -1
1959, 547, -1
1959, 428, -1
1959, 294, -1
1959, 167, -1
1959, 2175, -1
1959, 2, -1
1959, 1801, -1
1949, 1365, -1
1949, 2221, -1
1949, 928, -1
1949, 1441, -1
1949, 95, -1
1949, 1239, -1
1949, 503, -1
1949, 1052, -1
1949, 301, -1
1949, 1646, -1
1949, 1031, -1
1949, 1242, -1
1949, 1145, -1
1949, 1761, -1
1949, 547, -1
1949, 428, -1
1949, 294, -1
1949, 167, -1
1949, 2175, -1
1949, 2, -1
1949, 1801, -1
944, 1145, -1
944, 1761, -1
944, 547, -1
944, 428, -1
944, 294, -1
944, 167, -1
944, 2175, -1
944, 1003, -1
944, 853, -1
944, 517, -1
944, 122, -1
944, 1244, -1
944, 2044, -1
944, 2216, -1
944, 182, -1
944, 1553, -1
944, 1831, -1
944, 1277, -1
944, 626, -1
944, 2190, -1
944, 622, -1
944, 2242, -1
944, 1064, -1
944, 1903, -1
944, 1513, -1
944, 1959, -1
944, 1949, -1
944, 2, -1
944, 1801, -1
1181, 1365, -1
1181, 2221, -1
1181, 928, -1
1181, 1441, -1
1181, 95, -1
1181, 1239, -1
1181, 503, -1
1181, 1052, -1
1181, 301, -1
1181, 1646, -1
1181, 1031, -1
1181, 1242, -1
1181, 944, -1
1181, 294, -1
1181, 167, -1
1181, 2175, -1
1181, 1003, -1
1181, 853, -1
1181, 517, -1
1181, 122, -1
1181, 1244, -1
1181, 2044, -1
1181, 2216, -1
1181, 182, -1
1181, 1553, -1
1181, 1831, -1
1181, 1277, -1
1181, 626, -1
1181, 2190, -1
1181, 622, -1
1181, 2242, -1
1181, 1064, -1
1181, 1903, -1
1181, 1513, -1
1181, 1959, -1
1181, 1949, -1
1181, 2, -1
1181, 1801, -1
914, 1145, -1
914, 1761, -1
914, 547, -1
914, 428, -1
914, 1181, -1
914, 294, -1
914, 167, -1
914, 2175, -1
914, 1003, -1
914, 853, -1
914, 517, -1
914, 122, -1
914, 1244, -1
914, 2044, -1
914, 2216, -1
914, 182, -1
914, 1553, -1
914, 1831, -1
914, 1277, -1
914, 626, -1
914, 2190, -1
914, 622, -1
914, 2242, -1
914, 1064, -1
914, 1903, -1
914, 1513, -1
914, 1959, -1
914, 1949, -1
914, 2, -1
914, 1801, -1
1761, 1646, -1
1646, 622, -1
928, 2044, -1
2044, 1031, -1
1646, 2190, -1
1242, 1831, -1
503, 2175, -1
1239, 1277, -1
1441, 1003, -1
301, 1003, -1
2242, 503, -1
1145, 1242, -1
1513, 1031, -1
928, 1244, -1
1801, 2221, -1
1365, 626, -1
1903, 301, -1
1277, 95, -1
1244, 1239, -1
1441, 1277, -1
1064, 1052, -1
301, 1277, -1
1145, 622, -1
928, 853, -1
1145, 2190, -1
428, 167, -1
1441, 2216, -1
1277, 1052, -1
1052, 1181, -1
1242, 2, -1
928, 1801, -1
928, 1145, -1
1646, 626, -1
1513, 1646, -1
1761, 1003, -1
1239, 122, -1
2216, 95, -1
1831, 2221, -1
1145, 1646, -1
517, 1031, -1
1242, 294, -1
1903, 1181, -1
1052, 1949, -1
1365, 1277, -1
2044, 2221, -1
626, 547, -1
2216, 2175, -1
547, 1831, -1
1441, 2175, -1
503, 2044, -1
928, 1513, -1
301, 2175, -1
2, 301, -1
428, 1959, -1
122, 1031, -1
1801, 95, -1
1239, 517, -1
1553, 1031, -1
547, 1031, -1
1801, 122, -1
503, 1244, -1
547, 622, -1
1064, 503, -1
853, 301, -1
547, 2190, -1
1801, 1052, -1
503, 853, -1
1031, 1903, -1
1553, 2, -1
1145, 1003, -1
1365, 2175, -1
1553, 914, -1
1277, 503, -1
1031, 182, -1
1831, 95, -1
122, 1646, -1
2216, 1761, -1
1239, 2044, -1
1441, 1761, -1
1801, 517, -1
167, 122, -1
2044, 95, -1
1761, 301, -1
1003, 1031, -1
1064, 1801, -1
2190, 167, -1
1064, 1145, -1
1242, 2216, -1
1646, 2175, -1
1441, 2044, -1
301, 2044, -1
1239, 1244, -1
182, 1031, -1
2044, 2175, -1
1244, 294, -1
1239, 853, -1
1553, 2221, -1
1277, 1145, -1
1441, 1244, -1
928, 1903, -1
301, 1244, -1
2221, 294, -1
1513, 2175, -1
1242, 122, -1
167, 517, -1
1801, 2044, -1
622, 503, -1
626, 1031, -1
928, 182, -1
1441, 853, -1
301, 853, -1
1277, 1239, -1
1801, 503, -1
428, 1949, -1
547, 1003, -1
2216, 1365, -1
2, 547, -1
1365, 2044, -1
182, 1646, -1
1052, 1831, -1
1513, 301, -1
517, 95, -1
547, 1277, -1
928, 294, -1
1145, 301, -1
626, 914, -1
2216, 1239, -1
1242, 517, -1
167, 2044, -1
1831, 503, -1
517, 2175, -1
1052, 622, -1
1365, 853, -1
1052, 2190, -1
122, 95, -1
1801, 1145, -1
1513, 1761, -1
2242, 1242, -1
1441, 1513, -1
1553, 95, -1
1903, 1031, -1
547, 95, -1
1244, 428, -1
122, 2175, -1
1801, 1239, -1
626, 2221, -1
1553, 2175, -1
2221, 2216, -1
547, 2175, -1
1242, 2044, -1
1801, 1513, -1
503, 182, -1
1031, 167, -1
1052, 626, -1
2044, 1365, -1
2242, 1646, -1
2, 1831, -1
1831, 1239, -1
2221, 122, -1
1003, 95, -1
1244, 1052, -1
928, 428, -1
1244, 167, -1
2216, 928, -1
1513, 1365, -1
182, 95, -1
2242, 428, -1
2044, 1239, -1
2, 1031, -1
167, 1513, -1
1003, 2175, -1
1513, 547, -1
1239, 1903, -1
1239, 182, -1
182, 2175, -1
853, 1031, -1
626, 95, -1
1052, 1277, -1
1277, 294, -1
1064, 1242, -1
2, 914, -1
547, 2044, -1
928, 167, -1
2216, 2, -1
1553, 503, -1
428, 1031, -1
1441, 182, -1
301, 182, -1
2216, 914, -1
517, 1365, -1
1761, 1831, -1
626, 2175, -1
428, 622, -1
1277, 1242, -1
2242, 167, -1
428, 2190, -1
547, 1244, -1
2221, 1959, -1
2216, 294, -1
1801, 1903, -1
928, 517, -1
95, 2175, -1
1761, 1031, -1
2, 626, -1
1441, 294, -1
547, 853, -1
301, 294, -1
1801, 182, -1
517, 1239, -1
122, 1365, -1
1064, 1646, -1
428, 1646, -1
2, 2221, -1
944, 1181, -1
1365, 182, -1
547, 1365, -1
1052, 2175, -1
1553, 1145, -1
1903, 95, -1
122, 547, -1
1761, 2, -1
294, 1831, -1
928, 1959, -1
2216, 2221, -1
1761, 914, -1
1064, 428, -1
122, 1239, -1
167, 1903, -1
2, 1003, -1
853, 2221, -1
1553, 1239, -1
1903, 2175, -1
547, 1239, -1
1365, 294, -1
928, 2242, -1
294, 1031, -1
167, 182, -1
1145, 1831, -1
1801, 1242, -1
1277, 428, -1
2, 1277, -1
1761, 626, -1
1244, 1181, -1
1831, 294, -1
1145, 1031, -1
1003, 1365, -1
1031, 1949, -1
2242, 301, -1
1761, 2221, -1
1064, 167, -1
1242, 1903, -1
1646, 294, -1
1513, 2, -1
503, 517, -1
2044, 294, -1
2, 95, -1
1242, 182, -1
428, 1277, -1
622, 1646, -1
1513, 914, -1
1441, 428, -1
301, 2216, -1
1145, 2, -1
1003, 1239, -1
301, 428, -1
1052, 2044, -1
1277, 167, -1
2190, 1031, -1
1145, 914, -1
1064, 944, -1
626, 1365, -1
182, 1239, -1
928, 1181, -1
853, 95, -1
503, 1959, -1
1761, 1277, -1
1239, 167, -1
1801, 428, -1
1441, 122, -1
301, 122, -1
2242, 1181, -1
2216, 1052, -1
1052, 853, -1
853, 2175, -1
1145, 626, -1
626, 1239, -1
1365, 2216, -1
2190, 1646, -1
928, 1949, -1
1513, 2221, -1
428, 2175, -1
1145, 2221, -1
1761, 95, -1
517, 294, -1
622, 167, -1
1761, 122, -1
1365, 122, -1
1441, 517, -1
301, 517, -1
547, 182, -1
122, 914, -1
1646, 2216, -1
1064, 301, -1
1903, 1365, -1
428, 301, -1
1761, 2175, -1
1239, 1959, -1
122, 294, -1
1145, 1277, -1
2, 2044, -1
517, 2221, -1
1553, 294, -1
2242, 547, -1
2242, 1441, -1
547, 294, -1
1441, 1959, -1
1903, 1239, -1
301, 1959, -1
2221, 1903, -1
294, 95, -1
1646, 122, -1
928, 1553, -1
1831, 167, -1
2221, 182, -1
1242, 428, -1
2216, 503, -1
2, 1244, -1
1553, 1242, -1
1365, 517, -1
1031, 1831, -1
1441, 2242, -1
1513, 95, -1
122, 2221, -1
1064, 1181, -1
2044, 1052, -1
2, 853, -1
1801, 1959, -1
2044, 167, -1
503, 1949, -1
1145, 95, -1
547, 2221, -1
1145, 122, -1
1365, 1959, -1
1277, 1181, -1
1031, 622, -1
2, 1365, -1
95, 1831, -1
1801, 2242, -1
1031, 2190, -1
1145, 2175, -1
1003, 294, -1
428, 1244, -1
1244, 1031, -1
2190, 95, -1
1761, 2044, -1
1242, 167, -1
2216, 1801, -1
2216, 1145, -1
1761, 503, -1
182, 294, -1
853, 1365, -1
2, 1239, -1
1441, 1145, -1
2190, 2175, -1
1761, 1244, -1
1646, 1959, -1
428, 1365, -1
1441, 1181, -1
1003, 2221, -1
1553, 428, -1
626, 294, -1
1239, 1949, -1
167, 2242, -1
1761, 853, -1
1064, 1441, -1
1064, 547, -1
853, 1239, -1
517, 1052, -1
1244, 1646, -1
182, 2221, -1
2044, 503, -1
928, 622, -1
1441, 1949, -1
301, 1949, -1
1761, 1365, -1
928, 2190, -1
2242, 1031, -1
1242, 1959, -1
122, 1052, -1
503, 1903, -1
1513, 503, -1
1052, 294, -1
1145, 2044, -1
1553, 1052, -1
547, 1052, -1
1553, 167, -1
1761, 1239, -1
1242, 2242, -1
1801, 1949, -1
1761, 1513, -1
1145, 1244, -1
1903, 294, -1
1831, 1181, -1
1365, 1949, -1
1031, 1277, -1
1145, 853, -1
547, 517, -1
928, 626, -1
2044, 1181, -1
517, 503, -1
1441, 1553, -1
2221, 167, -1
1145, 1365, -1
1513, 1145, -1
1801, 1441, -1
294, 1239, -1
626, 428, -1
167, 1949, -1
1003, 1052, -1
1903, 2221, -1
547, 1959, -1
2, 182, -1
428, 1831, -1
1513, 1239, -1
1242, 1181, -1
1145, 1239, -1
928, 1003, -1
122, 503, -1
1801, 1553, -1
1441, 1903, -1
301, 1903, -1
1064, 1031, -1
1031, 2175, -1
547, 503, -1
1052, 2216, -1
1145, 1513, -1
626, 1052, -1
1242, 1949, -1
626, 167, -1
1242, 1064, -1
1277, 1031, -1
1244, 2175, -1
2190, 1239, -1
1064, 914, -1
853, 294, -1
1761, 1903, -1
1365, 1903, -1
1052, 122, -1
167, 1553, -1
2216, 1242, -1
1244, 301, -1
1761, 182, -1
1239, 622, -1
1239, 2190, -1
1003, 503, -1
2242, 95, -1
1277, 1646, -1
1553, 1181, -1
1441, 622, -1
1441, 2190, -1
182, 503, -1
1646, 1903, -1
1761, 294, -1
2242, 2175, -1
1052, 517, -1
622, 1031, -1
428, 2221, -1
1646, 182, -1
1801, 1031, -1
503, 167, -1
2216, 1646, -1
547, 1949, -1
1761, 1242, -1
1801, 622, -1
626, 503, -1
1801, 2190, -1
2, 428, -1
1239, 626, -1
1145, 1903, -1
1052, 1959, -1
167, 1831, -1
2216, 428, -1
1031, 853, -1
1145, 182, -1
853, 428, -1
1831, 1031, -1
928, 1761, -1
1801, 1646, -1
2, 122, -1
1553, 1441, -1
2221, 1949, -1
1513, 294, -1
167, 622, -1
1239, 1003, -1
167, 2190, -1
2, 1052, -1
1145, 294, -1
1244, 1365, -1
1801, 626, -1
1064, 95, -1
1513, 1242, -1
1903, 503, -1
428, 95, -1
626, 1181, -1
2216, 167, -1
622, 2221, -1
1831, 1646, -1
853, 1052, -1
1441, 167, -1
301, 167, -1
928, 1064, -1
2190, 294, -1
853, 167, -1
2, 517, -1
1064, 2175, -1
428, 1052, -1
1242, 622, -1
2044, 1646, -1
1242, 2190, -1
547, 1903, -1
2216, 944, -1
1801, 1003, -1
1277, 2175, -1
167, 626, -1
2, 1959, -1
1801, 1277, -1
2190, 2221, -1
2242, 1365, -1
1761, 1052, -1
928, 547, -1
1761, 167, -1
1365, 167, -1
428, 517, -1
1239, 2175, -1
1277, 301, -1
2, 503, -1
1513, 428, -1
2242, 1239, -1
167, 1003, -1
1064, 1761, -1
622, 95, -1
1761, 517, -1
1242, 626, -1
1646, 167, -1
853, 503, -1
167, 1277, -1
2216, 301, -1
517, 1646, -1
1277, 1761, -1
622, 2175, -1
428, 2044, -1
428, 503, -1
1761, 1959, -1
1513, 1052, -1
2221, 1831, -1
1513, 167, -1
517, 428, -1
1145, 1052, -1
1242, 1003, -1
1145, 167, -1
1761, 2242, -1
1553, 1646, -1
1801, 301, -1
428, 853, -1
547, 1646, -1
1242, 1277, -1
95, 1903, -1
2221, 622, -1
1831, 2175, -1
2216, 1181, -1
2221, 2190, -1
1064, 1365, -1
122, 428, -1
928, 1831, -1
1145, 517, -1
301, 1181, -1
853, 1181, -1
2, 1949, -1
294, 1959, -1
1052, 1903, -1
1277, 1365, -1
517, 167, -1
1801, 1761, -1
1052, 182, -1
1831, 301, -1
1064, 1239, -1
428, 1239, -1
1277, 547, -1
294, 503, -1
1145, 1959, -1
1441, 1064, -1
1003, 1646, -1
2044, 301, -1
928, 2, -1
1242, 2175, -1
122, 167, -1
1365, 1181, -1
1145, 2242, -1
2221, 626, -1
1145, 503, -1
1244, 2221, -1
2242, 2, -1
547, 167, -1
1801, 1244, -1
1003, 428, -1
2216, 1441, -1
2216, 547, -1
2242, 914, -1
1801, 853, -1
1761, 1949, -1
1441, 547, -1
626, 1646, -1
2242, 294, -1
1949, 944, -1
2190, 503, -1
1801, 1365, -1
503, 1831, -1
1801, 547, -1
167, 1244, -1
2, 1903, -1
622, 1239, -1
1064, 928, -1
517, 301, -1
1003, 167, -1
1513, 1181, -1
2242, 2221, -1
1761, 1441, -1
167, 853, -1
503, 622, -1
503, 2190, -1
182, 167, -1
1831, 1365, -1
1244, 95, -1
122, 301, -1
1903, 1646, -1
1761, 1553, -1
928, 1277, -1
428, 1903, -1
1145, 1949, -1
1242, 1244, -1
1553, 301, -1
547, 301, -1
1239, 1831, -1
428, 182, -1
1064, 2, -1
928, 2216, -1
1242, 853, -1
517, 1181, -1
2221, 2175, -1
1031, 517, -1
95, 167, -1
1441, 1831, -1
301, 1831, -1
1277, 2, -1
1064, 294, -1
2, 622, -1
1513, 1441, -1
1277, 914, -1
428, 294, -1
2, 2190, -1
1553, 1761, -1
2216, 1031, -1
1145, 1441, -1
1052, 167, -1
928, 122, -1
1242, 547, -1
122, 1181, -1
1949, 1181, -1
1031, 1959, -1
928, 2175, -1
301, 622, -1
1801, 1831, -1
1003, 301, -1
301, 2190, -1
2, 1646, -1
1903, 167, -1
1145, 1553, -1
1064, 2221, -1
2242, 1052, -1
1031, 2044, -1
1441, 2, -1
1365, 1831, -1
503, 1003, -1
294, 1903, -1
95, 1959, -1
517, 547, -1
1277, 2221, -1
503, 1277, -1
853, 1646, -1
1244, 503, -1
626, 301, -1
1761, 622, -1
1365, 622, -1
1761, 2190, -1
1365, 2190, -1
1801, 914, -1
1553, 1365, -1
1646, 1831, -1
1003, 1181, -1
1441, 626, -1
301, 626, -1
622, 294, -1
1553, 547, -1
1031, 1145, -1
1242, 1145, -1
503, 1181, -1
294, 1242, -1
626, 1761, -1
1244, 944, -1
1761, 944, -1
294, 2044, -1
167, 301, -1
1277, 1441, -1
1831, 914, -1
1244, 1145, -1
294, 622, -1
1801, 1181, -1
1365, 1145, -1
547, 1553, -1
294, 2190, -1
167, 914, -1
294, 1052, -1
2175, 95, -1
1244, 928, -1
294, 1244, -1
2044, 914, -1
2, 944, -1
1242, 1513, -1
1239, 294, -1
853, 914, -1
294, 853, -1
1801, 1064, -1
517, 928, -1
1365, 1513, -1
1646, 1145, -1
294, 944, -1
294, 517, -1
1003, 1761, -1
167, 95, -1
2, 1181, -1
294, 1365, -1
2175, 1903, -1
2242, 944, -1
1553, 944, -1
503, 547, -1
853, 1145, -1
1513, 944, -1
2242, 1801, -1
1553, 1801, -1
428, 944, -1
167, 2221, -1
2242, 1145, -1
2190, 1052, -1
1031, 294, -1
294, 928, -1
622, 428, -1
1145, 944, -1
622, 547, -1
1244, 914, -1
301, 1553, -1
626, 1441, -1
2242, 928, -1
1553, 928, -1
428, 626, -1
1959, 914, -1
1513, 928, -1
294, 1513, -1
1646, 1003, -1
294, 2242, -1
517, 914, -1
1031, 1181, -1
182, 1052, -1
2190, 1365, -1
547, 1513, -1
1646, 1277, -1
428, 1513, -1
2221, 1145, -1
517, 944, -1
622, 1052, -1
2190, 428, -1
2190, 547, -1
1239, 428, -1
1239, 547, -1
294, 914, -1
167, 1441, -1
517, 1145, -1
428, 1003, -1
1052, 1761, -1
1949, 914, -1
182, 1365, -1
301, 547, -1
167, 1242, -1
122, 944, -1
1052, 1553, -1
2044, 1761, -1
622, 1365, -1
301, 1761, -1
853, 1761, -1
547, 944, -1
626, 944, -1
503, 428, -1
1646, 1181, -1
122, 1145, -1
294, 626, -1
626, 1145, -1
167, 1052, -1
1052, 1244, -1
122, 928, -1
622, 928, -1
547, 626, -1
2, 1064, -1
294, 2221, -1
1277, 944, -1
1242, 1761, -1
626, 928, -1
1646, 1949, -1
294, 1949, -1
1003, 914, -1
1244, 1761, -1
2190, 944, -1
1242, 1553, -1
2175, 1831, -1
1365, 1761, -1
1277, 928, -1
2175, 1959, -1
294, 1003, -1
2175, 1239, -1
2190, 1145, -1
167, 1365, -1
294, 182, -1
294, 301, -1
1239, 1145, -1
1003, 944, -1
1052, 428, -1
1365, 1553, -1
122, 2, -1
294, 1277, -1
2190, 928, -1
1003, 1145, -1
2221, 1181, -1
2175, 503, -1
622, 914, -1
182, 944, -1
2, 1761, -1
626, 2, -1
1959, 1181, -1
167, 1959, -1
167, 1239, -1
1003, 928, -1
294, 2216, -1
182, 1145, -1
1761, 1064, -1
503, 1145, -1
622, 944, -1
167, 1031, -1
182, 928, -1
1801, 944, -1
1646, 1553, -1
622, 1145, -1
1646, 2044, -1
2242, 1761, -1
167, 503, -1
2190, 301, -1
294, 1553, -1
301, 1513, -1
294, 122, -1
622, 1181, -1
2190, 914, -1
1646, 1244, -1
1244, 547, -1
95, 1145, -1
428, 1553, -1
428, 122, -1
167, 1646, -1
1646, 853, -1
294, 1064, -1
182, 301, -1
1903, 914, -1
1831, 1145, -1
1052, 1145, -1
1646, 517, -1
182, 914, -1
2044, 944, -1
622, 301, -1
517, 1761, -1
2190, 1181, -1
1145, 1064, -1
853, 944, -1
2221, 1553, -1
1239, 1181, -1
2044, 1145, -1
2221, 2044, -1
301, 1145, -1
503, 294, -1
1903, 1145, -1
294, 1441, -1
2044, 928, -1
122, 1441, -1
1052, 1513, -1
2, 1513, -1
853, 928, -1
547, 1441, -1
122, 1761, -1
182, 1181, -1
1801, 2216, -1
547, 2216, -1
1145, 2216, -1
626, 1801, -1
1052, 1003, -1
547, 928, -1
428, 928, -1
1801, 928, -1
1244, 1801, -1
1277, 1801, -1
1145, 928, -1
1761, 2216, -1
95, 294, -1
547, 122, -1
1761, 928, -1
2190, 1801, -1
2, 2216, -1
517, 1801, -1
1003, 1801, -1
2175, 1031, -1
95, 182, -1
2, 928, -1
95, 622, -1
2044, 1801, -1
428, 914, -1
182, 1801, -1
95, 2190, -1
2, 1553, -1
853, 1801, -1
122, 1801, -1
622, 1801, -1
1513, 1801, -1
428, 2216, -1
2, 1145, -1
294, 1145, -1

495, 1003, 1
495, 853, 1
495, 517, 1
495, 122, 1
495, 1244, 1
495, 2044, 1
495, 2216, 1
495, 182, 1
495, 1553, 1
495, 1831, 1
495, 1277, 1
495, 626, 1
495, 2190, 1
495, 622, 1
495, 2242, 1
495, 1064, 1
495, 1903, 1
495, 1513, 1
495, 1959, 1
495, 1949, 1
681, 1365, 1
681, 2221, 1
681, 928, 1
681, 1441, 1
681, 95, 1
681, 1239, 1
681, 503, 1
681, 1052, 1
681, 301, 1
681, 1646, 1
681, 1031, 1
681, 1242, 1
681, 944, 1
681, 914, 1
478, 1003, 1
478, 853, 1
478, 517, 1
478, 122, 1
478, 1244, 1
478, 2044, 1
478, 2216, 1
478, 182, 1
478, 1553, 1
478, 1831, 1
478, 1277, 1
478, 626, 1
478, 2190, 1
478, 622, 1
478, 2242, 1
478, 1064, 1
478, 1903, 1
478, 1513, 1
478, 1959, 1
478, 1949, 1
478, 495, 1
945, 294, 1
945, 167, 1
945, 2175, 1
2038, 1003, 1
2038, 853, 1
2038, 517, 1
2038, 122, 1
2038, 1244, 1
2038, 2044, 1
2038, 2216, 1
2038, 182, 1
2038, 1553, 1
2038, 1831, 1
2038, 1277, 1
2038, 626, 1
2038, 2190, 1
2038, 622, 1
2038, 2242, 1
2038, 1064, 1
2038, 1903, 1
2038, 1513, 1
2038, 1959, 1
2038, 1949, 1
2038, 495, 1
2038, 478, 1
2116, 1145, 1
2116, 1761, 1
2116, 547, 1
2116, 428, 1
2116, 1181, 1
1441, 2221, 1
301, 2221, 1
1646, 1031, 1
2242, 1959, 1
2190, 182, 1
1052, 301, 1
1959, 853, 1
928, 503, 1
2216, 1003, 1
182, 1949, 1
1277, 495, 1
1064, 122, 1
2216, 1277, 1
1513, 622, 1
1513, 2190, 1
2221, 1239, 1
1513, 478, 1
517, 1831, 1
2216, 495, 1
1242, 914, 1
1064, 517, 1
1441, 95, 1
301, 95, 1
517, 622, 1
928, 1239, 1
122, 1831, 1
517, 2190, 1
1949, 1831, 1
1553, 1831, 1
1513, 626, 1
1064, 1959, 1
622, 122, 1
122, 622, 1
122, 2190, 1
1242, 2221, 1
1949, 622, 1
1365, 95, 1
1949, 2190, 1
2044, 1277, 1
1513, 1003, 1
122, 478, 1
1244, 2038, 1
1831, 495, 1
1949, 478, 1
1003, 1831, 1
1244, 1903, 1
2044, 495, 1
622, 517, 1
1646, 95, 1
1244, 853, 1
1244, 182, 1
182, 1831, 1
1239, 503, 1
2216, 2044, 1
1003, 622, 1
1959, 182, 1
1553, 626, 1
1003, 2190, 1
622, 1959, 1
626, 1831, 1
2242, 2038, 1
2216, 1244, 1
182, 622, 1
428, 1181, 1
1003, 478, 1
182, 2190, 1
517, 1277, 1
2216, 853, 1
1064, 1513, 1
182, 478, 1
122, 1003, 1
2242, 1903, 1
1064, 1949, 1
1242, 1052, 1
2242, 182, 1
517, 495, 1
122, 1277, 1
95, 1031, 1
1441, 1365, 1
1553, 1277, 1
914, 1052, 1
1052, 1031, 1
122, 495, 1
1441, 1239, 1
301, 1239, 1
928, 1242, 1
1949, 495, 1
1553, 495, 1
944, 1052, 1
1903, 622, 1
1553, 122, 1
1903, 2190, 1
1761, 547, 1
1052, 1646, 1
1064, 2038, 1
1003, 1277, 1
622, 1949, 1
1903, 478, 1
1365, 1239, 1
2044, 853, 1
1242, 503, 1
182, 1277, 1
1277, 2038, 1
1064, 1903, 1
1003, 495, 1
914, 503, 1
1064, 182, 1
1959, 122, 1
626, 1277, 1
1277, 1903, 1
1646, 1239, 1
1277, 182, 1
2190, 1949, 1
853, 1831, 1
626, 495, 1
1145, 547, 1
944, 503, 1
122, 2044, 1
1553, 2044, 1
1959, 517, 1
622, 2038, 1
928, 1052, 1
626, 122, 1
122, 1244, 1
1244, 1959, 1
1553, 1244, 1
622, 1903, 1
478, 2038, 1
122, 853, 1
1052, 95, 1
1553, 853, 1
1831, 2038, 1
1903, 495, 1
2221, 503, 1
1003, 2044, 1
2044, 2038, 1
1831, 1903, 1
1003, 1244, 1
1831, 182, 1
1513, 1831, 1
2044, 1903, 1
1003, 853, 1
1553, 1513, 1
626, 2044, 1
2044, 182, 1
622, 2190, 1
182, 853, 1
853, 1277, 1
622, 478, 1
2190, 1831, 1
1365, 2221, 1
626, 1244, 1
1244, 1949, 1
626, 853, 1
1959, 1513, 1
853, 495, 1
2190, 622, 1
1959, 1949, 1
2216, 122, 1
2190, 478, 1
517, 182, 1
1553, 2038, 1
1441, 1052, 1
1052, 1365, 1
2242, 1949, 1
1553, 1903, 1
1064, 2242, 1
1277, 1959, 1
2216, 517, 1
1949, 182, 1
1553, 182, 1
1052, 1239, 1
1959, 2038, 1
928, 1441, 1
1513, 1277, 1
2216, 1959, 1
944, 1242, 1
1959, 1903, 1
2190, 1003, 1
914, 1646, 1
1513, 495, 1
2190, 1277, 1
1441, 503, 1
301, 503, 1
294, 2175, 1
1513, 122, 1
626, 2038, 1
944, 1646, 1
2190, 495, 1
626, 1903, 1
2044, 517, 1
1244, 622, 1
626, 182, 1
1365, 503, 1
1244, 2190, 1
1831, 1959, 1
1277, 1949, 1
1513, 517, 1
1244, 478, 1
2044, 1959, 1
2242, 1831, 1
428, 547, 1
2216, 1513, 1
1646, 503, 1
2221, 1646, 1
1761, 1145, 1
1064, 1553, 1
2242, 622, 1
1513, 2044, 1
2242, 2190, 1
2242, 478, 1
1513, 1244, 1
928, 1646, 1
122, 517, 1
1513, 853, 1
517, 1959, 1
2190, 2044, 1
1553, 517, 1
1052, 2221, 1
182, 495, 1
914, 301, 1
2216, 2038, 1
1831, 1949, 1
2190, 1244, 1
2242, 626, 1
122, 1959, 1
1949, 1959, 1
2190, 853, 1
1064, 1831, 1
1553, 1959, 1
2044, 1949, 1
2216, 1903, 1
944, 301, 1
2216, 182, 1
1553, 2242, 1
1003, 517, 1
2242, 1003, 1
853, 182, 1
1064, 622, 1
1064, 2190, 1
2242, 1277, 1
182, 517, 1
1064, 478, 1
1277, 622, 1
1277, 2190, 1
1003, 1959, 1
1239, 1031, 1
1959, 2242, 1
1277, 478, 1
626, 517, 1
2242, 495, 1
182, 1959, 1
1441, 1242, 1
517, 1949, 1
622, 1831, 1
1064, 626, 1
182, 2044, 1
626, 1959, 1
1513, 2038, 1
1553, 1949, 1
928, 301, 1
1441, 1646, 1
1513, 1903, 1
301, 1646, 1
1064, 1003, 1
1513, 182, 1
944, 1441, 1
95, 503, 1
1064, 1277, 1
517, 2038, 1
1831, 622, 1
1052, 503, 1
1903, 1959, 1
1831, 2190, 1
1365, 1646, 1
1003, 1949, 1
1064, 495, 1
622, 626, 1
517, 1903, 1
1831, 478, 1
2044, 622, 1
122, 2038, 1
2044, 2190, 1
2242, 2044, 1
1949, 2038, 1
1761, 428, 1
2044, 478, 1
1242, 1031, 1
122, 1903, 1
2242, 1244, 1
626, 1949, 1
95, 1239, 1
1949, 1903, 1
622, 1003, 1
122, 182, 1
2242, 853, 1
914, 1031, 1
928, 1365, 1
853, 517, 1
622, 1277, 1
1959, 1553, 1
944, 928, 1
1242, 1646, 1
1003, 2038, 1
622, 495, 1
853, 1959, 1
944, 1031, 1
182, 2038, 1
1145, 428, 1
2216, 2242, 1
517, 478, 1
1003, 1903, 1
1831, 1277, 1
1903, 1949, 1
1003, 182, 1
1064, 2044, 1
182, 1903, 1
1553, 622, 1
294, 167, 1
1441, 301, 1
1553, 2190, 1
944, 914, 1
1244, 1831, 1
914, 2221, 1
1064, 1244, 1
1553, 478, 1
1959, 1831, 1
1064, 853, 1
2221, 1031, 1
1959, 622, 1
1365, 301, 1
1959, 2190, 1
167, 2175, 1
944, 2221, 1
1903, 2038, 1
1959, 478, 1
2216, 1949, 1
928, 1031, 1
1242, 95, 1
1513, 1959, 1
853, 1949, 1
2190, 517, 1
622, 2044, 1
914, 95, 1
1513, 2242, 1
1903, 182, 1
626, 622, 1
1553, 1003, 1
1761, 1181, 1
626, 2190, 1
928, 914, 1
622, 1244, 1
1959, 626, 1
2190, 1959, 1
626, 478, 1
622, 853, 1
1242, 301, 1
944, 95, 1
1959, 1244, 1
2216, 1553, 1
1959, 1003, 1
1244, 1277, 1
928, 2221, 1
853, 2038, 1
1959, 1277, 1
503, 1031, 1
1145, 1181, 1
1244, 495, 1
853, 1903, 1
1277, 1831, 1
1513, 1949, 1
1959, 495, 1
626, 1003, 1
2221, 95, 1
2216, 1831, 1
1242, 1365, 1
928, 95, 1
1244, 517, 1
2216, 622, 1
1441, 1031, 1
301, 1031, 1
914, 1365, 1
2216, 2190, 1
547, 1181, 1
2242, 122, 1
853, 622, 1
1242, 1239, 1
1513, 1553, 1
853, 2190, 1
2216, 478, 1
122, 1949, 1
914, 1239, 1
853, 478, 1
1441, 914, 1
944, 1365, 1
1244, 2044, 1
622, 182, 1
1365, 1031, 1
2242, 517, 1
2190, 2038, 1
1959, 2044, 1
2216, 626, 1
944, 1239, 1
2044, 1831, 1
1064, 2216, 1
2190, 1903, 1
517, 1244, 1
2044, 1513, 1
1242, 681, 1
1239, 301, 1
122, 1553, 1
853, 1513, 1
622, 1553, 1
1242, 928, 1
1277, 2216, 1
1949, 1553, 1
517, 853, 1
1949, 2044, 1
1949, 122, 1
626, 1553, 1
1244, 626, 1
2190, 2216, 1
1903, 1277, 1
1277, 1553, 1
1277, 122, 1
1003, 2216, 1
95, 2221, 1
1244, 1513, 1
1031, 301, 1
1949, 853, 1
928, 944, 1
1239, 95, 1
2190, 1553, 1
182, 2216, 1
2190, 122, 1
1277, 1244, 1
1949, 517, 1
1646, 928, 1
495, 2038, 1
928, 681, 1
1003, 1553, 1
1003, 122, 1
1277, 853, 1
853, 626, 1
1761, 2116, 1
547, 428, 1
182, 1553, 1
1277, 517, 1
182, 122, 1
1031, 95, 1
2216, 1064, 1
2221, 944, 1
503, 1052, 1
1031, 2221, 1
1239, 1365, 1
1277, 2044, 1
503, 1646, 1
517, 626, 1
2044, 2216, 1
428, 2116, 1
503, 1365, 1
853, 2216, 1
1145, 2116, 1
2044, 1553, 1
547, 1145, 1
122, 626, 1
1239, 1052, 1
503, 1239, 1
2044, 122, 1
853, 1553, 1
1949, 626, 1
517, 1003, 1
853, 122, 1
1831, 853, 1
1244, 2216, 1
301, 1052, 1
122, 1513, 1
1239, 1646, 1
1831, 517, 1
1277, 626, 1
626, 1513, 1
1903, 853, 1
1031, 1052, 1
1244, 1553, 1
2190, 626, 1
1244, 122, 1
1903, 517, 1
1277, 1513, 1
301, 1365, 1
1949, 1277, 1
1277, 2242, 1
547, 2116, 1
1277, 1003, 1
2175, 167, 1
2242, 2216, 1
301, 928, 1
1553, 2216, 1
1441, 928, 1
182, 626, 1
1903, 1831, 1
1031, 1365, 1
1513, 2216, 1
914, 944, 1
428, 1761, 1
503, 2221, 1
853, 2044, 1
1145, 1761, 1
2242, 1553, 1
1031, 1239, 1
495, 478, 1
914, 681, 1
182, 1003, 1
1031, 503, 1
503, 301, 1
517, 2216, 1
1052, 928, 1
944, 681, 1
1239, 2221, 1
1031, 1646, 1
517, 1553, 1
122, 2216, 1
1441, 681, 1
517, 2044, 1
517, 122, 1
622, 2216, 1
1949, 2216, 1
626, 2216, 1
503, 95, 1
1003, 1513, 1
547, 1761, 1
95, 1646, 1
167, 945, 1
1365, 944, 1
1239, 914, 1
2242, 1513, 1
914, 928, 1
1052, 944, 1
122, 1064, 1
2242, 1064, 1
167, 294, 1
1553, 1064, 1
2221, 928, 1
1646, 944, 1
1513, 1064, 1
626, 1064, 1
1441, 944, 1
301, 944, 1
1181, 2116, 1
1003, 626, 1
2044, 626, 1
1242, 944, 1
2175, 294, 1
1365, 928, 1
495, 1365, -1
495, 2221, -1
495, 928, -1
495, 1441, -1
495, 95, -1
495, 1239, -1
495, 503, -1
495, 1052, -1
495, 301, -1
495, 1646, -1
495, 1031, -1
495, 1242, -1
495, 944, -1
495, 914, -1
495, 1145, -1
495, 1761, -1
495, 547, -1
495, 428, -1
495, 1181, -1
495, 294, -1
495, 167, -1
495, 2175, -1
495, 2, -1
495, 1801, -1
681, 1145, -1
681, 1761, -1
681, 547, -1
681, 428, -1
681, 1181, -1
681, 294, -1
681, 167, -1
681, 2175, -1
681, 1003, -1
681, 853, -1
681, 517, -1
681, 122, -1
681, 1244, -1
681, 2044, -1
681, 2216, -1
681, 182, -1
681, 1553, -1
681, 1831, -1
681, 1277, -1
681, 626, -1
681, 2190, -1
681, 622, -1
681, 2242, -1
681, 1064, -1
681, 1903, -1
681, 1513, -1
681, 1959, -1
681, 1949, -1
681, 495, -1
681, 2, -1
681, 1801, -1
478, 1365, -1
478, 2221, -1
478, 928, -1
478, 1441, -1
478, 95, -1
478, 1239, -1
478, 503, -1
478, 1052, -1
478, 301, -1
478, 1646, -1
478, 1031, -1
478, 1242, -1
478, 944, -1
478, 914, -1
478, 681, -1
478, 1145, -1
478, 1761, -1
478, 547, -1
478, 428, -1
478, 1181, -1
478, 294, -1
478, 167, -1
478, 2175, -1
478, 2, -1
478, 1801, -1
945, 1365, -1
945, 2221, -1
945, 928, -1
945, 1441, -1
945, 95, -1
945, 1239, -1
945, 503, -1
945, 1052, -1
945, 301, -1
945, 1646, -1
945, 1031, -1
945, 1242, -1
945, 944, -1
945, 914, -1
945, 681, -1
945, 1145, -1
945, 1761, -1
945, 547, -1
945, 428, -1
945, 1181, -1
945, 1003, -1
945, 853, -1
945, 517, -1
945, 122, -1
945, 1244, -1
945, 2044, -1
945, 2216, -1
945, 182, -1
945, 1553, -1
945, 1831, -1
945, 1277, -1
945, 626, -1
945, 2190, -1
945, 622, -1
945, 2242, -1
945, 1064, -1
945, 1903, -1
945, 1513, -1
945, 1959, -1
945, 1949, -1
945, 495, -1
945, 478, -1
945, 2, -1
945, 1801, -1
2038, 1365, -1
2038, 2221, -1
2038, 928, -1
2038, 1441, -1
2038, 95, -1
2038, 1239, -1
2038, 503, -1
2038, 1052, -1
2038, 301, -1
2038, 1646, -1
2038, 1031, -1
2038, 1242, -1
2038, 944, -1
2038, 914, -1
2038, 681, -1
2038, 1145, -1
2038, 1761, -1
2038, 547, -1
2038, 428, -1
2038, 1181, -1
2038, 294, -1
2038, 167, -1
2038, 2175, -1
2038, 945, -1
2038, 2, -1
2038, 1801, -1
2116, 1365, -1
2116, 2221, -1
2116, 928, -1
2116, 1441, -1
2116, 95, -1
2116, 1239, -1
2116, 503, -1
2116, 1052, -1
2116, 301, -1
2116, 1646, -1
2116, 1031, -1
2116, 1242, -1
2116, 944, -1
2116, 914, -1
2116, 681, -1
2116, 294, -1
2116, 167, -1
2116, 2175, -1
2116, 945, -1
2116, 1003, -1
2116, 853, -1
2116, 517, -1
2116, 122, -1
2116, 1244, -1
2116, 2044, -1
2116, 2216, -1
2116, 182, -1
2116, 1553, -1
2116, 1831, -1
2116, 1277, -1
2116, 626, -1
2116, 2190, -1
2116, 622, -1
2116, 2242, -1
2116, 1064, -1
2116, 1903, -1
2116, 1513, -1
2116, 1959, -1
2116, 1949, -1
2116, 495, -1
2116, 478, -1
2116, 2038, -1
2116, 2, -1
2116, 1801, -1
1031, 1145, -1
944, 1513, -1
1761, 1646, -1
1646, 622, -1
928, 2044, -1
2044, 1031, -1
2, 167, -1
1646, 2190, -1
1242, 1831, -1
503, 2175, -1
294, 622, -1
2175, 495, -1
1239, 1277, -1
294, 2190, -1
1441, 1003, -1
2242, 503, -1
1959, 1365, -1
1513, 1031, -1
1646, 478, -1
928, 1244, -1
1145, 1242, -1
2175, 95, -1
1903, 301, -1
1277, 95, -1
294, 478, -1
1244, 1239, -1
1441, 1277, -1
1064, 1052, -1
301, 1277, -1
1145, 622, -1
928, 853, -1
1145, 2190, -1
1239, 495, -1
428, 167, -1
294, 1646, -1
1959, 1239, -1
1052, 1181, -1
1145, 478, -1
1242, 2, -1
928, 1801, -1
928, 1145, -1
1646, 626, -1
1513, 1646, -1
1761, 1003, -1
1239, 122, -1
2216, 95, -1
1831, 2221, -1
1441, 495, -1
301, 495, -1
914, 182, -1
1145, 1646, -1
517, 1031, -1
622, 428, -1
1242, 294, -1
1903, 1181, -1
1052, 1949, -1
1365, 1277, -1
1553, 681, -1
2044, 2221, -1
626, 547, -1
2216, 2175, -1
547, 1831, -1
1801, 495, -1
1181, 1959, -1
1441, 2175, -1
503, 2044, -1
928, 1513, -1
301, 2175, -1
914, 294, -1
2, 301, -1
1646, 1003, -1
428, 1959, -1
122, 1031, -1
1801, 95, -1
1365, 495, -1
1031, 2038, -1
944, 182, -1
1239, 517, -1
1553, 1031, -1
1949, 1031, -1
547, 1031, -1
1801, 122, -1
503, 1244, -1
1181, 503, -1
1646, 1277, -1
547, 622, -1
622, 1052, -1
1064, 503, -1
853, 301, -1
2190, 428, -1
547, 2190, -1
503, 853, -1
1031, 1903, -1
1553, 2, -1
1145, 1003, -1
944, 294, -1
1365, 2175, -1
1553, 914, -1
681, 478, -1
1277, 503, -1
1031, 182, -1
1831, 95, -1
122, 1646, -1
1646, 495, -1
2216, 1761, -1
1052, 1553, -1
1239, 2044, -1
1441, 1761, -1
301, 1761, -1
1801, 517, -1
167, 122, -1
2044, 95, -1
1761, 301, -1
1003, 1031, -1
1064, 1801, -1
2190, 167, -1
1064, 1145, -1
928, 2038, -1
1441, 2044, -1
1646, 2175, -1
1239, 1244, -1
182, 1031, -1
2044, 2175, -1
1242, 495, -1
1244, 294, -1
944, 945, -1
1239, 853, -1
1553, 2221, -1
914, 428, -1
1441, 1244, -1
928, 1903, -1
2221, 294, -1
1365, 1761, -1
1513, 2175, -1
1242, 122, -1
1959, 294, -1
167, 517, -1
1801, 2044, -1
1181, 1949, -1
626, 1031, -1
622, 503, -1
928, 182, -1
2175, 1239, -1
1441, 853, -1
1277, 1239, -1
1801, 503, -1
301, 853, -1
1239, 1145, -1
428, 1949, -1
547, 1003, -1
2216, 1365, -1
2, 547, -1
182, 1646, -1
1052, 1831, -1
1513, 301, -1
944, 428, -1
517, 95, -1
547, 1277, -1
167, 1959, -1
928, 294, -1
626, 914, -1
1145, 301, -1
1959, 2221, -1
914, 167, -1
2216, 1239, -1
1242, 517, -1
167, 2044, -1
1831, 503, -1
517, 2175, -1
1052, 622, -1
1365, 853, -1
1052, 2190, -1
1646, 2044, -1
167, 503, -1
547, 495, -1
122, 95, -1
1801, 1145, -1
2190, 301, -1
1513, 1761, -1
914, 517, -1
2242, 1242, -1
1441, 1513, -1
1553, 95, -1
1949, 95, -1
301, 1513, -1
622, 1181, -1
547, 95, -1
1052, 478, -1
1903, 1031, -1
2190, 2116, -1
944, 167, -1
1646, 1244, -1
1244, 428, -1
122, 2175, -1
1801, 1239, -1
1181, 2038, -1
626, 2221, -1
1949, 2175, -1
1553, 2175, -1
928, 945, -1
1646, 853, -1
547, 2175, -1
294, 1064, -1
1242, 2044, -1
914, 1959, -1
1801, 1513, -1
503, 182, -1
1181, 1903, -1
944, 517, -1
167, 1145, -1
1031, 167, -1
2044, 1365, -1
2242, 1646, -1
2190, 1181, -1
2, 1831, -1
1831, 1239, -1
1003, 95, -1
1244, 1052, -1
2216, 681, -1
1239, 2038, -1
928, 428, -1
1244, 167, -1
2216, 928, -1
1513, 1365, -1
944, 1959, -1
1959, 1052, -1
182, 95, -1
2242, 428, -1
2044, 1239, -1
2, 1031, -1
167, 1513, -1
1003, 2175, -1
1513, 547, -1
1242, 1801, -1
1239, 1903, -1
1242, 1145, -1
944, 2242, -1
1239, 182, -1
182, 2175, -1
853, 1031, -1
626, 95, -1
1052, 1277, -1
1277, 294, -1
1064, 1242, -1
914, 1801, -1
914, 1145, -1
2, 914, -1
547, 2044, -1
928, 167, -1
2216, 2, -1
1553, 503, -1
1181, 622, -1
428, 1031, -1
1801, 2038, -1
1441, 182, -1
301, 182, -1
1181, 2190, -1
2216, 914, -1
914, 1181, -1
517, 1365, -1
1761, 1831, -1
626, 2175, -1
428, 622, -1
1242, 1513, -1
2242, 167, -1
428, 2190, -1
1052, 495, -1
547, 1244, -1
1181, 478, -1
2221, 1959, -1
2216, 294, -1
1801, 1903, -1
928, 517, -1
95, 2175, -1
1761, 1031, -1
2, 626, -1
1441, 294, -1
547, 853, -1
914, 1949, -1
301, 294, -1
1801, 182, -1
517, 1239, -1
1181, 1646, -1
944, 1145, -1
944, 1801, -1
122, 1365, -1
1064, 1646, -1
428, 1646, -1
2, 2221, -1
1949, 1365, -1
944, 1181, -1
167, 2038, -1
1959, 503, -1
1365, 182, -1
547, 1365, -1
1052, 2175, -1
1553, 1801, -1
1553, 1145, -1
1903, 95, -1
122, 547, -1
1761, 2, -1
1244, 2116, -1
294, 1831, -1
928, 1959, -1
2216, 2221, -1
1761, 914, -1
1064, 428, -1
122, 1239, -1
167, 1903, -1
2, 1003, -1
853, 2221, -1
1949, 1239, -1
1553, 1239, -1
944, 1949, -1
1903, 2175, -1
547, 1239, -1
1365, 294, -1
2216, 945, -1
928, 2242, -1
294, 1031, -1
167, 182, -1
1145, 1831, -1
2, 1277, -1
1242, 2038, -1
2221, 1801, -1
428, 478, -1
2221, 1145, -1
1761, 626, -1
1244, 1181, -1
1831, 294, -1
914, 1553, -1
1003, 1365, -1
928, 2116, -1
1031, 1949, -1
1145, 1031, -1
2242, 301, -1
1181, 167, -1
914, 2038, -1
428, 1003, -1
1761, 2221, -1
1064, 167, -1
1242, 1903, -1
1052, 1761, -1
1646, 294, -1
2242, 2116, -1
2, 495, -1
1513, 2, -1
182, 1365, -1
503, 517, -1
2044, 294, -1
2, 95, -1
1242, 182, -1
428, 1277, -1
622, 1646, -1
1513, 914, -1
1441, 428, -1
1145, 2, -1
1003, 1239, -1
1052, 2044, -1
914, 1903, -1
2190, 1031, -1
1277, 167, -1
1145, 914, -1
1064, 944, -1
944, 1553, -1
626, 1365, -1
182, 1239, -1
294, 626, -1
2, 2175, -1
928, 1181, -1
853, 95, -1
944, 2038, -1
503, 1959, -1
1761, 1277, -1
1239, 167, -1
1801, 428, -1
1441, 122, -1
2242, 1181, -1
2216, 1052, -1
1052, 853, -1
853, 2175, -1
1145, 626, -1
626, 1239, -1
944, 1903, -1
2190, 1646, -1
928, 1949, -1
1145, 1365, -1
1513, 2221, -1
945, 2038, -1
1761, 495, -1
428, 2175, -1
294, 1003, -1
2175, 1959, -1
1145, 2221, -1
1761, 95, -1
517, 294, -1
622, 167, -1
294, 1277, -1
1761, 122, -1
1441, 517, -1
301, 517, -1
547, 182, -1
1801, 167, -1
122, 914, -1
914, 622, -1
1064, 301, -1
1903, 1365, -1
2175, 503, -1
914, 2190, -1
428, 301, -1
1761, 2175, -1
2221, 2038, -1
1239, 1959, -1
1064, 2116, -1
294, 2216, -1
122, 294, -1
1145, 1277, -1
503, 1145, -1
914, 478, -1
2, 2044, -1
517, 2221, -1
1553, 294, -1
2242, 547, -1
1949, 294, -1
294, 495, -1
547, 294, -1
1441, 1959, -1
301, 1959, -1
1903, 1239, -1
2221, 1903, -1
294, 95, -1
1646, 122, -1
928, 1553, -1
1831, 167, -1
2221, 182, -1
944, 622, -1
2216, 503, -1
2, 1244, -1
1553, 1242, -1
1365, 517, -1
944, 2190, -1
1031, 1831, -1
1441, 2242, -1
1242, 428, -1
294, 122, -1
1145, 495, -1
1513, 95, -1
122, 2221, -1
2175, 1145, -1
1064, 1181, -1
2044, 1052, -1
2, 853, -1
1801, 1959, -1
2044, 167, -1
503, 1949, -1
1949, 2221, -1
944, 478, -1
1145, 95, -1
547, 2221, -1
1145, 122, -1
1365, 1959, -1
1277, 1181, -1
1031, 622, -1
2, 1365, -1
95, 1831, -1
1801, 2242, -1
1031, 2190, -1
1553, 945, -1
1646, 517, -1
1145, 2175, -1
1003, 294, -1
428, 1244, -1
1244, 1031, -1
2190, 95, -1
622, 301, -1
1761, 2044, -1
1242, 167, -1
2216, 1801, -1
1959, 1242, -1
1031, 478, -1
2216, 1145, -1
1761, 503, -1
182, 294, -1
622, 2116, -1
853, 1365, -1
1441, 1801, -1
2, 1239, -1
301, 1801, -1
1441, 1145, -1
301, 1145, -1
2190, 2175, -1
1761, 1244, -1
1646, 1959, -1
428, 1365, -1
1441, 1181, -1
1003, 2221, -1
1553, 428, -1
626, 294, -1
1239, 1949, -1
167, 2242, -1
1761, 853, -1
1064, 1441, -1
1064, 547, -1
853, 1239, -1
1244, 1646, -1
182, 2221, -1
503, 2038, -1
294, 2044, -1
2044, 503, -1
928, 622, -1
1959, 1646, -1
1441, 1949, -1
301, 1949, -1
1761, 1365, -1
1365, 1801, -1
928, 2190, -1
2242, 1031, -1
1365, 1145, -1
1801, 1181, -1
1242, 1959, -1
122, 1052, -1
294, 1244, -1
503, 1903, -1
1513, 503, -1
928, 478, -1
1145, 2044, -1
1553, 1052, -1
1052, 294, -1
547, 1052, -1
1959, 428, -1
1761, 1239, -1
1242, 2242, -1
1553, 167, -1
1801, 1949, -1
294, 853, -1
1761, 1513, -1
1145, 1244, -1
1365, 1513, -1
1646, 1145, -1
1646, 1801, -1
1903, 294, -1
1831, 1181, -1
1365, 1949, -1
1031, 1277, -1
2175, 1903, -1
1242, 2116, -1
1145, 853, -1
547, 517, -1
928, 626, -1
2044, 1181, -1
622, 547, -1
2221, 167, -1
1441, 1553, -1
517, 503, -1
301, 1553, -1
914, 2116, -1
294, 1239, -1
1959, 167, -1
626, 428, -1
1031, 495, -1
167, 1949, -1
1441, 2038, -1
301, 2038, -1
1003, 1052, -1
1181, 1831, -1
1903, 2221, -1
547, 1959, -1
2, 182, -1
428, 1831, -1
294, 1513, -1
1513, 1239, -1
1242, 1181, -1
914, 1761, -1
1145, 1239, -1
928, 1003, -1
122, 503, -1
1801, 1553, -1
1441, 1903, -1
301, 1903, -1
1181, 1031, -1
2190, 1365, -1
95, 495, -1
1064, 1031, -1
1949, 503, -1
1031, 2175, -1
547, 503, -1
944, 2116, -1
503, 478, -1
1145, 1513, -1
2190, 547, -1
2, 294, -1
626, 1052, -1
1242, 1949, -1
1761, 2038, -1
1365, 2038, -1
626, 167, -1
1277, 1031, -1
1244, 2175, -1
2190, 1239, -1
1553, 2116, -1
1064, 914, -1
945, 2116, -1
853, 294, -1
1761, 1903, -1
1365, 1903, -1
167, 1553, -1
2216, 1242, -1
1244, 301, -1
1761, 182, -1
1239, 622, -1
1239, 2190, -1
1646, 2038, -1
1003, 503, -1
2242, 95, -1
1277, 1646, -1
1959, 301, -1
1553, 1181, -1
1239, 478, -1
1441, 622, -1
1959, 2116, -1
1441, 2190, -1
182, 503, -1
1646, 1903, -1
1761, 294, -1
944, 1064, -1
1181, 2221, -1
914, 547, -1
2242, 2175, -1
1052, 517, -1
428, 2221, -1
1646, 182, -1
1441, 478, -1
301, 478, -1
622, 1031, -1
1242, 1553, -1
1145, 2038, -1
1801, 1031, -1
503, 167, -1
2216, 1646, -1
547, 1949, -1
1761, 1242, -1
294, 182, -1
1801, 622, -1
626, 503, -1
1801, 2190, -1
2, 428, -1
1239, 626, -1
1145, 1903, -1
2221, 1181, -1
1959, 1181, -1
1052, 1959, -1
167, 1831, -1
944, 547, -1
2216, 428, -1
1031, 853, -1
1801, 478, -1
1145, 182, -1
1831, 1031, -1
1365, 478, -1
928, 1761, -1
2, 122, -1
1553, 1441, -1
2221, 1949, -1
167, 1031, -1
1513, 294, -1
167, 622, -1
1181, 495, -1
1239, 1003, -1
167, 2190, -1
2, 1052, -1
1145, 294, -1
428, 495, -1
1244, 1365, -1
1181, 95, -1
1801, 626, -1
1064, 95, -1
1513, 1242, -1
1903, 503, -1
428, 95, -1
626, 1181, -1
167, 478, -1
2216, 167, -1
622, 2221, -1
95, 1145, -1
547, 2038, -1
1831, 1646, -1
681, 2038, -1
1441, 167, -1
301, 167, -1
1181, 2175, -1
928, 1064, -1
2190, 294, -1
853, 167, -1
914, 1831, -1
2, 517, -1
1064, 2175, -1
1959, 547, -1
428, 1052, -1
1052, 1801, -1
1242, 622, -1
1052, 1145, -1
2044, 1646, -1
1242, 2190, -1
547, 1903, -1
2216, 944, -1
1801, 1003, -1
1277, 2175, -1
167, 626, -1
2221, 1553, -1
1242, 478, -1
2, 1959, -1
1801, 1277, -1
2190, 2221, -1
2242, 1365, -1
1761, 1052, -1
928, 547, -1
944, 1831, -1
1365, 167, -1
428, 517, -1
1761, 167, -1
1239, 2175, -1
1052, 1513, -1
1277, 301, -1
2, 503, -1
1513, 428, -1
2242, 1239, -1
167, 1003, -1
1064, 1761, -1
622, 95, -1
1761, 517, -1
1242, 626, -1
1646, 167, -1
853, 503, -1
167, 1277, -1
1181, 2044, -1
2216, 301, -1
517, 1646, -1
944, 2, -1
622, 2175, -1
428, 2044, -1
914, 626, -1
2216, 2116, -1
1801, 2175, -1
428, 503, -1
1761, 1959, -1
1441, 2116, -1
1513, 1052, -1
2221, 1831, -1
1513, 167, -1
547, 478, -1
1242, 1003, -1
681, 945, -1
167, 495, -1
1145, 1052, -1
1145, 167, -1
1513, 1145, -1
294, 517, -1
1761, 2242, -1
167, 95, -1
1949, 1646, -1
1553, 1646, -1
2, 1181, -1
428, 853, -1
547, 1646, -1
1242, 1277, -1
1052, 2038, -1
914, 1003, -1
944, 626, -1
1959, 1031, -1
95, 1903, -1
2221, 622, -1
1831, 2175, -1
2216, 1181, -1
2221, 2190, -1
1064, 1365, -1
2190, 1052, -1
122, 428, -1
928, 1831, -1
1145, 517, -1
914, 1277, -1
301, 1181, -1
853, 1181, -1
2, 1949, -1
294, 1959, -1
1052, 1903, -1
1959, 2, -1
2221, 478, -1
1277, 1365, -1
1959, 914, -1
1181, 1239, -1
517, 167, -1
1801, 1761, -1
1052, 182, -1
1831, 301, -1
1064, 1239, -1
428, 1239, -1
294, 2242, -1
944, 1003, -1
294, 503, -1
914, 495, -1
1145, 1959, -1
1003, 1646, -1
2044, 301, -1
944, 1277, -1
928, 2, -1
1242, 2175, -1
122, 167, -1
1365, 1181, -1
1145, 2242, -1
914, 122, -1
1949, 167, -1
1145, 503, -1
1244, 2221, -1
2242, 2, -1
547, 167, -1
1801, 1244, -1
944, 2216, -1
1003, 428, -1
2216, 1441, -1
2216, 547, -1
2242, 914, -1
914, 2175, -1
1513, 2116, -1
944, 495, -1
1801, 853, -1
1761, 1949, -1
1441, 547, -1
626, 1646, -1
2242, 294, -1
294, 1801, -1
294, 1145, -1
622, 1365, -1
2, 2038, -1
2190, 503, -1
944, 122, -1
503, 1831, -1
944, 2175, -1
1801, 547, -1
167, 1244, -1
1064, 681, -1
2, 1903, -1
622, 1239, -1
1242, 1761, -1
1064, 928, -1
517, 301, -1
1003, 167, -1
1513, 1181, -1
1646, 1949, -1
2242, 2221, -1
167, 853, -1
503, 622, -1
294, 1949, -1
428, 2038, -1
503, 2190, -1
182, 167, -1
2175, 1831, -1
1831, 1365, -1
1244, 95, -1
2221, 495, -1
122, 301, -1
1903, 1646, -1
1761, 1553, -1
928, 1277, -1
428, 1903, -1
914, 2044, -1
1145, 1949, -1
1365, 1553, -1
1181, 182, -1
1242, 1244, -1
1553, 301, -1
1959, 95, -1
122, 2116, -1
547, 301, -1
1949, 301, -1
2175, 1031, -1
1239, 1831, -1
428, 182, -1
1064, 2, -1
928, 2216, -1
167, 1239, -1
1242, 853, -1
681, 2116, -1
517, 1181, -1
914, 1244, -1
2221, 2175, -1
944, 1761, -1
1959, 2175, -1
1031, 517, -1
928, 495, -1
95, 167, -1
1441, 1831, -1
301, 1831, -1
1181, 294, -1
1064, 294, -1
914, 853, -1
2, 622, -1
1646, 1553, -1
428, 294, -1
2, 2190, -1
944, 2044, -1
1553, 1761, -1
2216, 1031, -1
1052, 167, -1
294, 1553, -1
928, 122, -1
1242, 547, -1
122, 1181, -1
294, 2038, -1
2, 478, -1
1949, 1181, -1
1031, 1959, -1
928, 2175, -1
301, 622, -1
1801, 1831, -1
1003, 301, -1
944, 1244, -1
301, 2190, -1
2, 1646, -1
1003, 2116, -1
1903, 167, -1
1145, 1553, -1
1064, 2221, -1
2242, 1052, -1
1031, 2044, -1
1441, 2, -1
1365, 1831, -1
503, 1003, -1
944, 853, -1
182, 301, -1
294, 1903, -1
95, 1959, -1
1064, 945, -1
1277, 2221, -1
503, 1277, -1
853, 1646, -1
914, 1513, -1
1244, 503, -1
626, 301, -1
1761, 622, -1
1365, 622, -1
1761, 2190, -1
1365, 2190, -1
626, 2116, -1
1553, 1365, -1
1646, 1831, -1
1003, 1181, -1
1441, 626, -1
503, 495, -1
622, 294, -1
1761, 478, -1
1553, 547, -1
182, 1181, -1
478, 2116, -1
517, 1052, -1
294, 1242, -1
503, 1181, -1
626, 1761, -1
1244, 944, -1
1761, 944, -1
167, 301, -1
1244, 1801, -1
1277, 1441, -1
1052, 2116, -1
1831, 914, -1
1244, 1145, -1
1831, 2116, -1
495, 2116, -1
547, 1553, -1
167, 914, -1
301, 1003, -1
294, 1052, -1
1277, 1761, -1
1761, 681, -1
1801, 2221, -1
1244, 928, -1
1365, 626, -1
1277, 1242, -1
2044, 914, -1
2, 944, -1
1239, 294, -1
301, 2116, -1
1903, 2116, -1
2175, 2038, -1
853, 914, -1
517, 428, -1
626, 945, -1
1801, 1064, -1
517, 928, -1
2, 681, -1
1441, 2216, -1
294, 944, -1
1003, 1761, -1
1277, 1052, -1
1801, 301, -1
294, 1365, -1
2044, 1801, -1
2242, 944, -1
1553, 944, -1
853, 1801, -1
503, 547, -1
853, 1145, -1
1513, 944, -1
2242, 1801, -1
294, 681, -1
167, 2221, -1
2242, 1145, -1
428, 944, -1
2175, 182, -1
1031, 294, -1
294, 928, -1
1513, 1801, -1
1145, 944, -1
1244, 914, -1
2242, 681, -1
1801, 1441, -1
626, 1441, -1
2242, 928, -1
1553, 928, -1
1513, 681, -1
428, 626, -1
1513, 928, -1
1145, 681, -1
914, 2216, -1
1031, 1181, -1
517, 914, -1
1801, 1242, -1
182, 1052, -1
1277, 428, -1
1277, 547, -1
1441, 945, -1
2, 2116, -1
1441, 1064, -1
547, 1513, -1
428, 1513, -1
517, 944, -1
1959, 1145, -1
1052, 2216, -1
2044, 2116, -1
1801, 1052, -1
2221, 626, -1
517, 1801, -1
1959, 681, -1
167, 1441, -1
294, 914, -1
517, 1145, -1
853, 2116, -1
1239, 547, -1
1239, 428, -1
1242, 1064, -1
1801, 945, -1
1949, 914, -1
301, 2216, -1
301, 428, -1
301, 547, -1
167, 1242, -1
122, 944, -1
914, 945, -1
2, 1553, -1
2044, 1761, -1
914, 1064, -1
1052, 122, -1
1949, 944, -1
1181, 944, -1
122, 1801, -1
503, 428, -1
122, 1145, -1
853, 1761, -1
1646, 1181, -1
626, 944, -1
547, 944, -1
1801, 1365, -1
1949, 1801, -1
1949, 1145, -1
122, 681, -1
626, 1145, -1
1242, 2216, -1
167, 1052, -1
1052, 1244, -1
122, 928, -1
622, 928, -1
301, 2044, -1
1181, 626, -1
301, 122, -1
626, 681, -1
1949, 928, -1
547, 626, -1
294, 2221, -1
1277, 944, -1
2, 1064, -1
626, 928, -1
1277, 1801, -1
1365, 2216, -1
1761, 1441, -1
1277, 1145, -1
517, 2116, -1
1003, 914, -1
301, 1244, -1
1244, 1761, -1
1277, 681, -1
2190, 944, -1
1277, 928, -1
2190, 1801, -1
2242, 945, -1
2190, 1145, -1
167, 1365, -1
294, 301, -1
1003, 944, -1
1181, 1003, -1
1052, 428, -1
122, 2, -1
1365, 2044, -1
1365, 122, -1
2190, 928, -1
1003, 1801, -1
1003, 1145, -1
1242, 945, -1
1646, 2216, -1
622, 914, -1
182, 944, -1
2, 1761, -1
1949, 2116, -1
626, 2, -1
2175, 622, -1
2175, 2190, -1
1003, 928, -1
182, 1801, -1
182, 1145, -1
853, 428, -1
1761, 945, -1
1761, 1064, -1
1801, 1646, -1
622, 944, -1
2242, 1441, -1
2175, 478, -1
1277, 2, -1
182, 928, -1
1801, 944, -1
622, 1801, -1
1513, 1441, -1
1277, 2116, -1
622, 1145, -1
1959, 945, -1
1277, 914, -1
2242, 1761, -1
626, 1801, -1
1145, 1441, -1
2175, 1646, -1
1801, 681, -1
2190, 914, -1
1181, 1553, -1
1239, 2116, -1
2038, 2116, -1
1244, 547, -1
428, 1553, -1
853, 1052, -1
428, 122, -1
167, 1646, -1
2221, 2216, -1
1959, 1441, -1
122, 945, -1
1903, 914, -1
1831, 1145, -1
182, 2116, -1
182, 914, -1
517, 547, -1
1513, 945, -1
503, 2116, -1
2044, 944, -1
1052, 626, -1
517, 1761, -1
167, 681, -1
1145, 945, -1
1145, 1064, -1
853, 944, -1
1239, 1181, -1
2044, 1145, -1
2221, 2044, -1
2221, 122, -1
1801, 2116, -1
503, 294, -1
1801, 914, -1
1903, 1145, -1
294, 1441, -1
2044, 928, -1
122, 1441, -1
914, 2, -1
301, 626, -1
2, 1513, -1
853, 928, -1
1801, 294, -1
122, 1761, -1
95, 2116, -1
1801, 2216, -1
1145, 2216, -1
1052, 1003, -1
1181, 928, -1
547, 681, -1
547, 928, -1
2221, 2116, -1
428, 928, -1
1801, 928, -1
1145, 928, -1
1761, 2216, -1
167, 2, -1
95, 294, -1
1181, 122, -1
167, 2116, -1
547, 122, -1
1646, 2116, -1
1761, 928, -1
2, 2216, -1
547, 945, -1
2, 1441, -1
2, 1145, -1
95, 2038, -1
1003, 1441, -1
167, 428, -1
167, 547, -1
2, 928, -1
95, 622, -1
1031, 2116, -1
428, 914, -1
95, 2190, -1
167, 1181, -1
1181, 2216, -1
95, 478, -1
95, 182, -1
547, 2216, -1
428, 2216, -1
547, 1441, -1
1365, 2116, -1

