831, 1458, 1
709, 807, 1
474, 822, -1
879, 1266, -1
216, 1936, -1
315, 1032, -1
1968, 1746, -1
758, 580, -1
287, 1152, -1
496, 481, -1

1700, 1585, 1
1466, 2301, -1
2056, 1640, -1
1805, 161, -1
1980, 1568, -1
535, 998, -1
2155, 816, -1
2025, 39, -1
1097, 539, -1
1708, 2131, -1

2160, 1765, -1
349, 58, -1
1361, 566, -1
282, 663, -1
1772, 1695, -1
618, 805, -1
901, 2259, -1
1134, 519, -1
852, 667, -1
455, 2286, -1

895, 379, -1
2017, 1480, -1
2169, 716, -1
2289, 512, -1
1951, 1613, -1
1472, 1693, -1
2068, 1456, -1
553, 1116, -1
315, 466, -1
572, 1751, -1

858, 353, 1
2029, 1548, 1
1931, 1087, 1
21, 1432, 1
212, 203, -1
17, 607, -1
194, 1222, -1
1874, 893, -1
237, 1847, -1
326, 868, -1

76, 2022, 1
793, 2188, 1
1588, 887, 1
1539, 567, -1
2109, 2053, -1
588, 1873, -1
1932, 975, -1
2278, 652, -1
722, 1107, -1
1595, 116, -1

1581, 981, 1
838, 2073, 1
1361, 2023, -1
1444, 720, -1
2029, 287, -1
74, 1897, -1
777, 556, -1
1039, 1104, -1
505, 2303, -1
1564, 866, -1

776, 417, 1
1461, 430, -1
1449, 259, -1
2045, 492, -1
245, 1056, -1
1541, 2299, -1
141, 121, -1
2049, 1256, -1
2285, 1566, -1
724, 1939, -1

1932, 724, 1
818, 1686, -1
1680, 1365, -1
1215, 1704, -1
977, 1817, -1
2156, 1688, -1
299, 1536, -1
1149, 1786, -1
1396, 1012, -1
1639, 1080, -1

1258, 410, 1
827, 690, -1
1521, 340, -1
2097, 538, -1
153, 1279, -1
1162, 885, -1
1463, 2188, -1
1779, 655, -1
1147, 226, -1
29, 1196, -1

