2059, 1251, 1
339, 858, -1
290, 1025, -1
246, 1822, -1
1532, 258, -1
59, 674, -1
1189, 988, -1
1044, 2024, -1
1941, 265, -1
743, 1472, -1

2114, 525, -1
2119, 42, -1
355, 602, -1
916, 2204, -1
495, 29, -1
1095, 366, -1
528, 1351, -1
256, 1142, -1
218, 78, -1
2303, 379, -1

236, 1190, 1
1351, 1326, -1
1053, 1119, -1
959, 592, -1
633, 1948, -1
867, 2142, -1
1262, 1177, -1
235, 2246, -1
1854, 1925, -1
1601, 1798, -1

171, 1216, 1
491, 1721, -1
729, 2104, -1
543, 43, -1
445, 1690, -1
1527, 2150, -1
527, 8, -1
589, 52, -1
1283, 921, -1
2133, 986, -1

1607, 185, -1
1046, 783, -1
1422, 1397, -1
231, 2090, -1
1779, 1904, -1
740, 1198, -1
1269, 1137, -1
1234, 114, -1
2082, 1673, -1
30, 1457, -1

1790, 457, 1
2009, 2176, -1
1686, 1196, -1
1957, 1761, -1
545, 2028, -1
951, 1643, -1
1142, 1043, -1
351, 1740, -1
1697, 1496, -1
806, 628, -1

219, 650, 1
399, 1052, -1
1850, 1671, -1
2100, 333, -1
1584, 2017, -1
22, 223, -1
767, 1284, -1
470, 2051, -1
2140, 654, -1
139, 1505, -1

525, 450, 1
23, 153, -1
1305, 360, -1
427, 524, -1
2101, 64, -1
997, 1886, -1
1410, 687, -1
233, 1210, -1
1383, 1297, -1
803, 1012, -1

1265, 2278, 1
2038, 836, 1
1685, 934, 1
2051, 352, 1
1353, 163, -1
250, 1476, -1
626, 1643, -1
674, 1687, -1
2065, 747, -1
1716, 351, -1

993, 1496, 1
2019, 676, 1
2177, 1750, 1
2150, 689, -1
2131, 776, -1
727, 525, -1
1188, 2084, -1
654, 669, -1
1839, 1116, -1
1517, 2073, -1

