1113, 666, 1
1910, 2178, 1
2060, 94, 1
666, 2178, -1
1113, 2178, -1
1910, 666, -1
1910, 1113, -1
94, 2178, -1
94, 1910, -1
94, 666, -1
94, 1113, -1
2060, 2178, -1
2060, 1910, -1
2060, 666, -1
2060, 1113, -1
1113, 1910, -1
1113, 94, -1
2178, 2060, -1
666, 1910, -1
666, 94, -1
1910, 94, -1
1113, 2060, -1
666, 2060, -1
1910, 2060, -1
2178, 666, -1
2178, 94, -1

3, 2178, 1
3, 1910, 1
2178, 1910, 1
2178, 3, 1
1, 2178, -1
1, 1910, -1
1, 666, -1
1, 1113, -1
1, 94, -1
1, 2060, -1
2, 2178, -1
2, 1910, -1
2, 666, -1
2, 1113, -1
2, 94, -1
2, 2060, -1
2, 1, -1
3, 666, -1
3, 1113, -1
3, 94, -1
3, 2060, -1
3, 1, -1
3, 2, -1
2178, 2060, -1
1113, 1910, -1
666, 1910, -1
1910, 94, -1
2, 3, -1
2178, 94, -1
1113, 2178, -1
2060, 1910, -1
666, 2178, -1
1, 3, -1
1113, 3, -1
666, 3, -1
94, 2178, -1
94, 3, -1

1319, 94, 1
1319, 2060, 1
2060, 94, 1
2060, 1319, 1
94, 1319, 1
7, 2178, -1
7, 1910, -1
7, 3, -1
7, 666, -1
7, 1113, -1
7, 94, -1
7, 2060, -1
7, 1, -1
7, 2, -1
1319, 2178, -1
1319, 1910, -1
1319, 3, -1
1319, 666, -1
1319, 1113, -1
1319, 1, -1
1319, 2, -1
1319, 7, -1
94, 1910, -1
2, 94, -1
1113, 94, -1
2178, 2060, -1
3, 94, -1
666, 94, -1
1113, 2060, -1
1, 94, -1
2, 2060, -1
3, 2060, -1
666, 2060, -1
2178, 94, -1
2060, 1910, -1
1, 2060, -1
2, 1319, -1
3, 1319, -1
666, 1319, -1
94, 7, -1
1, 1319, -1
2060, 7, -1
1910, 2060, -1
2178, 1319, -1
1113, 1319, -1
1910, 1319, -1

1039, 1, 1
1784, 2178, 1
1784, 1910, 1
1784, 3, 1
705, 94, 1
705, 2060, 1
705, 1319, 1
3, 1910, 1
2178, 1910, 1
2060, 1319, 1
2060, 94, 1
2178, 3, 1
94, 1319, 1
1039, 2178, -1
1039, 1910, -1
1039, 3, -1
1039, 666, -1
1039, 1113, -1
1039, 94, -1
1039, 2060, -1
1039, 1319, -1
1039, 2, -1
1039, 7, -1
1784, 666, -1
1784, 1113, -1
1784, 94, -1
1784, 2060, -1
1784, 1319, -1
1784, 1, -1
1784, 1039, -1
1784, 2, -1
1784, 7, -1
705, 2178, -1
705, 1910, -1
705, 3, -1
705, 1784, -1
705, 666, -1
705, 1113, -1
705, 1, -1
705, 1039, -1
705, 2, -1
705, 7, -1
94, 1910, -1
1784, 705, -1
2178, 2060, -1
1113, 1910, -1
3, 1319, -1
666, 1910, -1
1, 2060, -1
1910, 94, -1
2, 94, -1
3, 7, -1
1113, 3, -1
1, 1910, -1
666, 3, -1
3, 2060, -1
1113, 2178, -1
666, 2178, -1
2060, 1039, -1
1, 3, -1
1319, 7, -1
1, 2178, -1
1113, 94, -1
666, 94, -1
1910, 1039, -1
1, 94, -1
2178, 94, -1
2060, 1, -1
1910, 1319, -1
2060, 7, -1
2, 1319, -1
94, 1039, -1
1, 2, -1
1910, 7, -1
3, 94, -1
2, 2060, -1
2178, 1039, -1
2060, 1910, -1
1113, 1319, -1
94, 1, -1
1113, 1, -1
666, 1319, -1
3, 1039, -1
94, 7, -1
2, 1910, -1
1113, 2060, -1
1, 1319, -1
2, 3, -1
1, 7, -1
1, 666, -1
2178, 1319, -1
666, 2060, -1
2178, 7, -1
1319, 1039, -1
2, 2178, -1
1113, 705, -1
7, 94, -1
2, 1039, -1
1113, 1039, -1
666, 1039, -1
1, 705, -1
7, 2060, -1
94, 3, -1
1910, 2060, -1
94, 2178, -1

1574, 2178, 1
1574, 1910, 1
1574, 3, 1
1574, 1784, 1
445, 7, 1
1761, 1, 1
1761, 1039, 1
574, 94, 1
574, 2060, 1
574, 1319, 1
574, 705, 1
705, 1319, 1
1784, 1910, 1
705, 2060, 1
1784, 3, 1
94, 2060, 1
1910, 3, 1
1, 1039, 1
2060, 1319, 1
1784, 2178, 1
705, 94, 1
1910, 2178, 1
2178, 3, 1
94, 1319, 1
2178, 1574, 1
3, 1910, 1
705, 574, 1
2060, 574, 1
1784, 1574, 1
2178, 1910, 1
1, 1761, 1
2060, 94, 1
3, 1574, 1
1910, 1574, 1
94, 574, 1
1574, 666, -1
1574, 1113, -1
1574, 94, -1
1574, 2060, -1
1574, 1319, -1
1574, 705, -1
1574, 1, -1
1574, 1039, -1
1574, 2, -1
1574, 7, -1
445, 2178, -1
445, 1910, -1
445, 3, -1
445, 1784, -1
445, 1574, -1
445, 666, -1
445, 1113, -1
445, 94, -1
445, 2060, -1
445, 1319, -1
445, 705, -1
445, 1, -1
445, 1039, -1
445, 2, -1
1761, 2178, -1
1761, 1910, -1
1761, 3, -1
1761, 1784, -1
1761, 1574, -1
1761, 666, -1
1761, 1113, -1
1761, 94, -1
1761, 2060, -1
1761, 1319, -1
1761, 705, -1
1761, 2, -1
1761, 7, -1
1761, 445, -1
574, 2178, -1
574, 1910, -1
574, 3, -1
574, 1784, -1
574, 1574, -1
574, 666, -1
574, 1113, -1
574, 1, -1
574, 1039, -1
574, 1761, -1
574, 2, -1
574, 7, -1
574, 445, -1
1113, 705, -1
1113, 3, -1
1, 705, -1
94, 3, -1
1784, 445, -1
445, 574, -1
705, 3, -1
1784, 1039, -1
1113, 1319, -1
1784, 1, -1
1113, 7, -1
666, 1319, -1
94, 7, -1
666, 7, -1
1784, 1761, -1
1, 666, -1
1, 2060, -1
1910, 445, -1
2, 2178, -1
1784, 705, -1
3, 2060, -1
94, 2178, -1
666, 2178, -1
1, 3, -1
7, 1319, -1
1319, 7, -1
705, 666, -1
2, 1039, -1
1113, 94, -1
1, 94, -1
2178, 445, -1
94, 2, -1
2060, 7, -1
2178, 1039, -1
2, 1910, -1
1784, 666, -1
1, 1319, -1
1784, 2060, -1
1, 7, -1
1784, 574, -1
94, 1910, -1
3, 1319, -1
666, 1910, -1
1, 574, -1
3, 7, -1
1113, 2178, -1
94, 445, -1
705, 7, -1
3, 574, -1
1, 2178, -1
1784, 94, -1
1910, 1039, -1
1039, 1319, -1
1039, 7, -1
94, 1039, -1
1, 2, -1
666, 1039, -1
705, 2178, -1
2, 2060, -1
1784, 1319, -1
1784, 7, -1
705, 2, -1
2, 3, -1
2178, 7, -1
2060, 445, -1
1319, 1039, -1
7, 1039, -1
2178, 2060, -1
1113, 1910, -1
2178, 574, -1
1, 1910, -1
666, 3, -1
2060, 1039, -1
1, 1574, -1
1784, 1113, -1
1, 445, -1
1761, 574, -1
705, 1910, -1
1784, 2, -1
1910, 1319, -1
3, 445, -1
2, 1319, -1
1113, 1039, -1
1910, 7, -1
1574, 574, -1
2, 7, -1
1910, 2060, -1
705, 445, -1
1910, 574, -1
1113, 1, -1
3, 1039, -1
94, 666, -1
1113, 2060, -1
666, 2060, -1
2178, 1319, -1
705, 1039, -1
2178, 1761, -1
2, 94, -1
1910, 94, -1
94, 1574, -1
1113, 1574, -1
705, 1, -1
3, 1761, -1
1113, 445, -1
666, 1574, -1
1039, 94, -1
666, 445, -1
705, 1761, -1
666, 94, -1
7, 2060, -1
2178, 94, -1
7, 574, -1
2060, 1761, -1
3, 94, -1
1039, 2060, -1
705, 1574, -1
1039, 574, -1
2, 1761, -1
2060, 1910, -1
2, 574, -1
7, 94, -1
2060, 1574, -1
1113, 1761, -1
666, 1761, -1
1039, 445, -1
1113, 574, -1
666, 574, -1
2, 1574, -1
2, 445, -1
666, 1, -1
1910, 1, -1
2, 1, -1
3, 1, -1
2178, 1, -1
2060, 1, -1
94, 1, -1
1574, 1761, -1
1574, 445, -1

1463, 7, 1
1463, 445, 1
818, 1, 1
818, 1039, 1
818, 1761, 1
1128, 2178, 1
1128, 1910, 1
1128, 3, 1
1128, 1784, 1
1128, 1574, 1
1910, 1574, 1
1761, 1039, 1
1784, 1910, 1
2178, 1574, 1
2178, 3, 1
3, 1910, 1
1784, 3, 1
1, 1039, 1
3, 1574, 1
2178, 1910, 1
1784, 1574, 1
1784, 2178, 1
7, 445, 1
1761, 1, 1
1574, 1128, 1
1574, 3, 1
445, 1463, 1
1574, 2178, 1
1784, 1128, 1
1, 818, 1
1574, 1910, 1
3, 1128, 1
1761, 818, 1
1, 1761, 1
2178, 1128, 1
2178, 1784, 1
1910, 2178, 1
7, 1463, 1
1910, 3, 1
445, 7, 1
1463, 2178, -1
1463, 1910, -1
1463, 3, -1
1463, 1784, -1
1463, 1574, -1
1463, 666, -1
1463, 1113, -1
1463, 94, -1
1463, 2060, -1
1463, 1319, -1
1463, 705, -1
1463, 574, -1
1463, 1, -1
1463, 1039, -1
1463, 1761, -1
1463, 2, -1
818, 2178, -1
818, 1910, -1
818, 3, -1
818, 1784, -1
818, 1574, -1
818, 666, -1
818, 1113, -1
818, 94, -1
818, 2060, -1
818, 1319, -1
818, 705, -1
818, 574, -1
818, 2, -1
818, 7, -1
818, 445, -1
818, 1463, -1
1128, 666, -1
1128, 1113, -1
1128, 94, -1
1128, 2060, -1
1128, 1319, -1
1128, 705, -1
1128, 574, -1
1128, 1, -1
1128, 1039, -1
1128, 1761, -1
1128, 818, -1
1128, 2, -1
1128, 7, -1
1128, 445, -1
1128, 1463, -1
1761, 1463, -1
1910, 94, -1
1113, 3, -1
705, 1, -1
1574, 1463, -1
1784, 445, -1
1761, 1319, -1
1761, 7, -1
705, 1761, -1
1910, 1463, -1
1574, 1319, -1
445, 574, -1
1574, 7, -1
1039, 666, -1
705, 3, -1
1784, 1039, -1
1761, 2178, -1
1113, 7, -1
7, 94, -1
1784, 1, -1
445, 94, -1
666, 7, -1
1784, 1761, -1
1, 666, -1
1761, 2, -1
1, 2060, -1
2, 445, -1
2, 2178, -1
1784, 705, -1
3, 2060, -1
666, 2178, -1
1, 3, -1
7, 1319, -1
445, 1319, -1
2, 1039, -1
574, 1039, -1
818, 1128, -1
1, 94, -1
2178, 445, -1
7, 574, -1
2060, 7, -1
1761, 1910, -1
3, 94, -1
1, 1463, -1
1761, 1574, -1
2178, 1039, -1
1761, 445, -1
2, 1910, -1
3, 1463, -1
1784, 666, -1
1, 1319, -1
1784, 2060, -1
1, 7, -1
1784, 574, -1
2, 1574, -1
3, 1319, -1
666, 1910, -1
1, 574, -1
3, 7, -1
1574, 1039, -1
1113, 445, -1
1113, 2178, -1
666, 1574, -1
1039, 1463, -1
705, 7, -1
3, 574, -1
666, 445, -1
1, 2178, -1
1784, 94, -1
1910, 1039, -1
1039, 1319, -1
1039, 7, -1
94, 1039, -1
445, 1910, -1
1, 2, -1
1784, 1463, -1
705, 2178, -1
445, 1574, -1
2060, 1910, -1
1784, 1319, -1
1784, 7, -1
2060, 1574, -1
1039, 2178, -1
2, 3, -1
2178, 7, -1
2060, 445, -1
1784, 818, -1
2178, 2060, -1
445, 1039, -1
1113, 1910, -1
2178, 574, -1
1, 1910, -1
666, 3, -1
1113, 1574, -1
2060, 1039, -1
1, 1574, -1
1784, 1113, -1
1761, 666, -1
1, 445, -1
1761, 2060, -1
1761, 574, -1
2178, 94, -1
705, 1910, -1
1784, 2, -1
1910, 1319, -1
3, 445, -1
1113, 1039, -1
1910, 7, -1
2, 7, -1
7, 1910, -1
1574, 574, -1
705, 1574, -1
1761, 3, -1
705, 445, -1
7, 1574, -1
2178, 1463, -1
1910, 574, -1
1113, 1, -1
1761, 94, -1
3, 1039, -1
1113, 1761, -1
1574, 94, -1
2178, 1319, -1
1039, 445, -1
705, 1039, -1
94, 1910, -1
7, 1039, -1
2178, 1761, -1
2060, 1128, -1
1574, 2, -1
2178, 818, -1
94, 3, -1
2, 1128, -1
574, 1784, -1
574, 1128, -1
94, 2178, -1
3, 1761, -1
574, 1574, -1
2060, 1463, -1
2, 1463, -1
574, 1463, -1
1113, 1128, -1
666, 1128, -1
1574, 1, -1
705, 818, -1
1574, 666, -1
1, 1128, -1
1574, 1761, -1
1574, 2060, -1
94, 1463, -1
2060, 1761, -1
1113, 1463, -1
666, 1039, -1
666, 1463, -1
1574, 818, -1
574, 7, -1
1574, 705, -1
2, 1761, -1
2, 818, -1
94, 7, -1
705, 1128, -1
574, 1910, -1
1574, 445, -1
1761, 1128, -1
666, 1761, -1
1574, 1113, -1
574, 3, -1
1463, 818, -1
1113, 818, -1
574, 2178, -1
666, 818, -1
705, 1463, -1
1319, 1463, -1
3, 1, -1
2, 1784, -1
94, 1574, -1
445, 1, -1
3, 818, -1
1113, 1784, -1
666, 1784, -1
2060, 1, -1
1, 1784, -1
1910, 1, -1
2, 1, -1
574, 1, -1
1910, 2060, -1
94, 1, -1
666, 1, -1
705, 1784, -1
1761, 1784, -1
2178, 1, -1
1910, 445, -1
1319, 7, -1

2096, 94, 1
2096, 2060, 1
2096, 1319, 1
2096, 705, 1
2096, 574, 1
1426, 2178, 1
1426, 1910, 1
1426, 3, 1
1426, 1784, 1
1426, 1574, 1
1426, 1128, 1
129, 1, 1
129, 1039, 1
129, 1761, 1
129, 818, 1
1362, 2178, 1
1362, 1910, 1
1362, 3, 1
1362, 1784, 1
1362, 1574, 1
1362, 1128, 1
1362, 1426, 1
1181, 1, 1
1181, 1039, 1
1181, 1761, 1
1181, 818, 1
1181, 129, 1
818, 1181, 1
1761, 1039, 1
129, 1181, 1
1784, 1910, 1
1, 1181, 1
1784, 3, 1
1, 818, 1
2178, 1910, 1
1784, 1574, 1
705, 1319, 1
1784, 2178, 1
2178, 3, 1
1761, 1, 1
1128, 1910, 1
705, 2060, 1
2178, 1574, 1
1128, 3, 1
1574, 1426, 1
3, 1910, 1
705, 574, 1
1128, 1574, 1
1128, 2178, 1
1910, 1426, 1
1761, 818, 1
2060, 1319, 1
1761, 1181, 1
3, 1574, 1
1128, 1784, 1
574, 1319, 1
818, 1039, 1
1, 1039, 1
2060, 574, 1
1784, 1362, 1
705, 94, 1
1784, 1426, 1
94, 1319, 1
2178, 1426, 1
1128, 1362, 1
1128, 1426, 1
94, 574, 1
1910, 1574, 1
1, 1761, 1
2060, 94, 1
3, 1426, 1
1574, 1128, 1
574, 94, 1
1761, 129, 1
1574, 1362, 1
1784, 1128, 1
1426, 1362, 1
3, 2178, 1
1574, 1910, 1
574, 2060, 1
1574, 3, 1
574, 705, 1
1574, 2178, 1
818, 129, 1
2178, 1362, 1
574, 2096, 1
1, 129, 1
818, 1761, 1
3, 1362, 1
1574, 1784, 1
818, 1, 1
94, 2060, 1
1910, 3, 1
3, 1128, 1
1910, 1362, 1
1910, 2178, 1
2178, 1128, 1
94, 705, 1
2178, 1784, 1
2096, 2178, -1
2096, 1910, -1
2096, 3, -1
2096, 1784, -1
2096, 1574, -1
2096, 1128, -1
2096, 666, -1
2096, 1113, -1
2096, 1, -1
2096, 1039, -1
2096, 1761, -1
2096, 818, -1
2096, 2, -1
2096, 7, -1
2096, 445, -1
2096, 1463, -1
1426, 666, -1
1426, 1113, -1
1426, 94, -1
1426, 2060, -1
1426, 1319, -1
1426, 705, -1
1426, 574, -1
1426, 2096, -1
1426, 1, -1
1426, 1039, -1
1426, 1761, -1
1426, 818, -1
1426, 2, -1
1426, 7, -1
1426, 445, -1
1426, 1463, -1
129, 2178, -1
129, 1910, -1
129, 3, -1
129, 1784, -1
129, 1574, -1
129, 1128, -1
129, 1426, -1
129, 666, -1
129, 1113, -1
129, 94, -1
129, 2060, -1
129, 1319, -1
129, 705, -1
129, 574, -1
129, 2096, -1
129, 2, -1
129, 7, -1
129, 445, -1
129, 1463, -1
1362, 666, -1
1362, 1113, -1
1362, 94, -1
1362, 2060, -1
1362, 1319, -1
1362, 705, -1
1362, 574, -1
1362, 2096, -1
1362, 1, -1
1362, 1039, -1
1362, 1761, -1
1362, 818, -1
1362, 129, -1
1362, 2, -1
1362, 7, -1
1362, 445, -1
1362, 1463, -1
1181, 2178, -1
1181, 1910, -1
1181, 3, -1
1181, 1784, -1
1181, 1574, -1
1181, 1128, -1
1181, 1426, -1
1181, 1362, -1
1181, 666, -1
1181, 1113, -1
1181, 94, -1
1181, 2060, -1
1181, 1319, -1
1181, 705, -1
1181, 574, -1
1181, 2096, -1
1181, 2, -1
1181, 7, -1
1181, 445, -1
1181, 1463, -1
1113, 705, -1
1761, 1463, -1
1910, 94, -1
1113, 3, -1
1, 705, -1
2178, 818, -1
1574, 1463, -1
2096, 129, -1
705, 1, -1
1128, 1181, -1
818, 445, -1
705, 129, -1
1761, 1319, -1
1784, 445, -1
1761, 7, -1
666, 94, -1
705, 1761, -1
1910, 1463, -1
1574, 1319, -1
2, 1362, -1
445, 574, -1
1574, 7, -1
705, 3, -1
94, 1463, -1
1784, 1039, -1
1426, 129, -1
2178, 2, -1
1761, 2178, -1
1113, 1319, -1
129, 1362, -1
2, 1181, -1
2, 818, -1
1784, 1, -1
1128, 1039, -1
445, 94, -1
666, 1319, -1
94, 7, -1
705, 1784, -1
1784, 129, -1
705, 1128, -1
1784, 1761, -1
1, 666, -1
1113, 574, -1
1761, 2, -1
574, 1574, -1
1, 2060, -1
1128, 1, -1
666, 818, -1
1319, 1463, -1
1128, 666, -1
1784, 705, -1
1128, 129, -1
1128, 2060, -1
818, 1910, -1
3, 666, -1
1128, 1761, -1
2178, 1181, -1
3, 2060, -1
1761, 1362, -1
818, 1574, -1
1761, 1426, -1
1, 3, -1
2060, 1463, -1
1128, 705, -1
1319, 7, -1
705, 666, -1
445, 1319, -1
2, 1039, -1
1113, 94, -1
574, 1039, -1
1, 94, -1
2178, 445, -1
2060, 7, -1
1761, 1910, -1
3, 94, -1
1113, 1362, -1
1, 1463, -1
1761, 1574, -1
1113, 1426, -1
2178, 1039, -1
1761, 445, -1
2, 1910, -1
3, 1463, -1
1784, 666, -1
818, 2060, -1
1, 1319, -1
574, 1910, -1
1784, 2060, -1
1, 7, -1
2178, 666, -1
1784, 574, -1
1128, 1319, -1
1113, 818, -1
2, 1574, -1
705, 1463, -1
1128, 7, -1
94, 1910, -1
666, 1181, -1
3, 1319, -1
818, 705, -1
1, 574, -1
3, 7, -1
818, 3, -1
94, 1574, -1
1128, 574, -1
1574, 1039, -1
1113, 2178, -1
1039, 1463, -1
705, 7, -1
3, 574, -1
1, 2178, -1
1784, 94, -1
1910, 1039, -1
2060, 1362, -1
705, 818, -1
1039, 1319, -1
1128, 1113, -1
445, 1181, -1
1761, 705, -1
1039, 7, -1
1128, 94, -1
94, 1039, -1
445, 1910, -1
1, 2, -1
1910, 666, -1
666, 1039, -1
1784, 1463, -1
2, 2060, -1
705, 2178, -1
1128, 2, -1
2060, 1181, -1
445, 1574, -1
1426, 1181, -1
2060, 1910, -1
3, 2, -1
818, 1319, -1
1, 1362, -1
1784, 1319, -1
1128, 1463, -1
1, 1426, -1
818, 7, -1
1784, 7, -1
2060, 1574, -1
705, 2, -1
2178, 7, -1
2060, 445, -1
818, 574, -1
1784, 818, -1
1319, 1039, -1
1113, 1181, -1
2, 94, -1
2178, 2060, -1
1113, 1910, -1
445, 1039, -1
2096, 1362, -1
2178, 574, -1
2096, 1426, -1
705, 1362, -1
1, 1910, -1
705, 1426, -1
1113, 1574, -1
1128, 818, -1
2060, 1039, -1
3, 1181, -1
1, 1574, -1
3, 818, -1
1784, 1113, -1
818, 94, -1
1761, 666, -1
1, 445, -1
574, 1463, -1
1761, 2060, -1
2096, 1181, -1
705, 1181, -1
1761, 574, -1
2178, 94, -1
1128, 445, -1
1574, 666, -1
705, 1910, -1
1784, 2, -1
1910, 1319, -1
2, 1319, -1
3, 445, -1
1113, 1039, -1
1910, 7, -1
1574, 574, -1
818, 1463, -1
705, 1574, -1
574, 7, -1
1761, 3, -1
818, 1362, -1
705, 445, -1
2178, 1463, -1
1910, 574, -1
2, 574, -1
1113, 1, -1
1761, 94, -1
3, 1039, -1
1113, 129, -1
1113, 2060, -1
1113, 1761, -1
666, 2060, -1
1574, 94, -1
2178, 1319, -1
1362, 1181, -1
1039, 445, -1
666, 574, -1
705, 1039, -1
1784, 1181, -1
2060, 1128, -1
574, 1113, -1
94, 3, -1
818, 2178, -1
574, 2, -1
7, 2060, -1
2, 1426, -1
574, 1362, -1
1, 1128, -1
574, 1426, -1
1574, 818, -1
1574, 2096, -1
7, 94, -1
574, 1181, -1
574, 818, -1
1463, 1761, -1
1574, 1113, -1
1463, 705, -1
2, 2178, -1
574, 445, -1
1574, 2, -1
3, 1, -1
445, 1426, -1
94, 2178, -1
3, 1761, -1
666, 2178, -1
818, 1128, -1
7, 574, -1
1039, 2060, -1
1039, 574, -1
1574, 1181, -1
574, 1761, -1
94, 1362, -1
94, 1426, -1
445, 2178, -1
666, 1362, -1
666, 1426, -1
1463, 1, -1
1463, 129, -1
1463, 2060, -1
2060, 2178, -1
1574, 445, -1
2178, 1, -1
2178, 129, -1
1039, 94, -1
2178, 1761, -1
666, 1910, -1
2, 1128, -1
574, 1784, -1
574, 1128, -1
666, 1574, -1
1463, 94, -1
1128, 2096, -1
666, 1128, -1
1574, 1, -1
2060, 1426, -1
1319, 1181, -1
1574, 129, -1
7, 1181, -1
1574, 1761, -1
1910, 1, -1
2, 1, -1
574, 1, -1
2, 129, -1
574, 666, -1
1574, 705, -1
574, 129, -1
2, 1761, -1
94, 1, -1
666, 1, -1
666, 129, -1
1761, 1128, -1
2, 3, -1
666, 1761, -1
574, 3, -1
1463, 574, -1
1784, 2096, -1
666, 3, -1
445, 1, -1
1113, 1128, -1
2060, 1, -1
1574, 2060, -1
2060, 1761, -1
1910, 2060, -1
818, 1426, -1
1463, 1181, -1
1463, 818, -1
574, 2178, -1
1910, 1181, -1
94, 666, -1
1113, 1784, -1
666, 1784, -1
818, 1784, -1
1761, 1784, -1
2, 1784, -1
1039, 2178, -1
1910, 445, -1
1039, 1426, -1
94, 2, -1
94, 818, -1
1, 1784, -1
94, 1181, -1
94, 445, -1

1535, 94, 1
1535, 2060, 1
1535, 1319, 1
1535, 705, 1
1535, 574, 1
1535, 2096, 1
915, 2178, 1
915, 1910, 1
915, 3, 1
915, 1784, 1
915, 1574, 1
915, 1128, 1
915, 1426, 1
915, 1362, 1
910, 2178, 1
910, 1910, 1
910, 3, 1
910, 1784, 1
910, 1574, 1
910, 1128, 1
910, 1426, 1
910, 1362, 1
910, 915, 1
1096, 2178, 1
1096, 1910, 1
1096, 3, 1
1096, 1784, 1
1096, 1574, 1
1096, 1128, 1
1096, 1426, 1
1096, 1362, 1
1096, 915, 1
1096, 910, 1
985, 2178, 1
985, 1910, 1
985, 3, 1
985, 1784, 1
985, 1574, 1
985, 1128, 1
985, 1426, 1
985, 1362, 1
985, 915, 1
985, 910, 1
985, 1096, 1
1784, 1910, 1
1362, 1574, 1
1784, 1574, 1
1128, 1910, 1
3, 1910, 1
1784, 1128, 1
1319, 574, 1
1128, 1574, 1
2096, 705, 1
1574, 910, 1
3, 1574, 1
1128, 1784, 1
3, 1128, 1
1319, 94, 1
1574, 2178, 1
1426, 3, 1
1574, 985, 1
1426, 915, 1
1096, 985, 1
2060, 94, 1
1910, 2178, 1
1362, 3, 1
1362, 915, 1
1784, 3, 1
1784, 915, 1
2178, 1910, 1
2096, 2060, 1
1574, 1362, 1
705, 2060, 1
2178, 1574, 1
2096, 574, 1
1128, 3, 1
1574, 1426, 1
705, 574, 1
1128, 915, 1
2060, 1319, 1
3, 915, 1
2178, 1128, 1
1426, 910, 1
1574, 1910, 1
2060, 574, 1
2096, 94, 1
705, 94, 1
1362, 910, 1
915, 910, 1
1784, 910, 1
1426, 2178, 1
1910, 1574, 1
1128, 910, 1
3, 910, 1
2096, 1319, 1
705, 1319, 1
2178, 3, 1
2178, 915, 1
1128, 985, 1
3, 2178, 1
3, 985, 1
1362, 1426, 1
1574, 915, 1
1128, 1362, 1
1910, 3, 1
1128, 1426, 1
1910, 915, 1
3, 1362, 1
2178, 910, 1
3, 1426, 1
1574, 1784, 1
1362, 2178, 1
1784, 2178, 1
1784, 985, 1
1128, 2178, 1
1910, 910, 1
1784, 1362, 1
1784, 1426, 1
1574, 3, 1
1426, 1910, 1
94, 574, 1
1426, 1574, 1
1362, 1910, 1
1574, 1128, 1
1128, 1096, 1
574, 94, 1
1426, 1784, 1
1426, 1128, 1
1362, 1784, 1
1362, 1128, 1
2096, 1535, 1
1426, 1362, 1
705, 1535, 1
1910, 1362, 1
1910, 1426, 1
2178, 1784, 1
1574, 1096, 1
574, 1319, 1
1426, 1096, 1
2060, 1535, 1
574, 2060, 1
94, 1319, 1
574, 1535, 1
1362, 1096, 1
574, 705, 1
2178, 1426, 1
2178, 1362, 1
1784, 1096, 1
574, 2096, 1
94, 1535, 1
2178, 1096, 1
94, 2060, 1
94, 705, 1
1319, 1535, 1
3, 1096, 1
1535, 2178, -1
1535, 1910, -1
1535, 3, -1
1535, 1784, -1
1535, 1574, -1
1535, 1128, -1
1535, 1426, -1
1535, 1362, -1
1535, 666, -1
1535, 1113, -1
1535, 1, -1
1535, 1039, -1
1535, 1761, -1
1535, 818, -1
1535, 129, -1
1535, 1181, -1
1535, 2, -1
1535, 7, -1
1535, 445, -1
1535, 1463, -1
915, 666, -1
915, 1113, -1
915, 94, -1
915, 2060, -1
915, 1319, -1
915, 705, -1
915, 574, -1
915, 2096, -1
915, 1535, -1
915, 1, -1
915, 1039, -1
915, 1761, -1
915, 818, -1
915, 129, -1
915, 1181, -1
915, 2, -1
915, 7, -1
915, 445, -1
915, 1463, -1
910, 666, -1
910, 1113, -1
910, 94, -1
910, 2060, -1
910, 1319, -1
910, 705, -1
910, 574, -1
910, 2096, -1
910, 1535, -1
910, 1, -1
910, 1039, -1
910, 1761, -1
910, 818, -1
910, 129, -1
910, 1181, -1
910, 2, -1
910, 7, -1
910, 445, -1
910, 1463, -1
1096, 666, -1
1096, 1113, -1
1096, 94, -1
1096, 2060, -1
1096, 1319, -1
1096, 705, -1
1096, 574, -1
1096, 2096, -1
1096, 1535, -1
1096, 1, -1
1096, 1039, -1
1096, 1761, -1
1096, 818, -1
1096, 129, -1
1096, 1181, -1
1096, 2, -1
1096, 7, -1
1096, 445, -1
1096, 1463, -1
985, 666, -1
985, 1113, -1
985, 94, -1
985, 2060, -1
985, 1319, -1
985, 705, -1
985, 574, -1
985, 2096, -1
985, 1535, -1
985, 1, -1
985, 1039, -1
985, 1761, -1
985, 818, -1
985, 129, -1
985, 1181, -1
985, 2, -1
985, 7, -1
985, 445, -1
985, 1463, -1
94, 3, -1
1362, 445, -1
94, 915, -1
818, 2178, -1
1128, 1181, -1
1319, 910, -1
2096, 1096, -1
2096, 1761, -1
666, 94, -1
1910, 1463, -1
2, 1362, -1
574, 1426, -1
1426, 2060, -1
1761, 985, -1
129, 1426, -1
445, 94, -1
1362, 1761, -1
94, 910, -1
1574, 1113, -1
1362, 705, -1
574, 1574, -1
1128, 129, -1
3, 1, -1
3, 666, -1
1761, 1362, -1
129, 1574, -1
666, 2178, -1
7, 1319, -1
1113, 94, -1
1, 94, -1
2178, 445, -1
1761, 1910, -1
2096, 3, -1
2096, 915, -1
94, 1426, -1
1784, 666, -1
818, 2060, -1
574, 1910, -1
1362, 574, -1
1128, 1319, -1
2096, 1463, -1
1128, 7, -1
2178, 1761, -1
1, 574, -1
94, 1574, -1
2178, 705, -1
574, 1784, -1
574, 1128, -1
1113, 2178, -1
2096, 7, -1
1463, 94, -1
2096, 910, -1
705, 7, -1
1128, 2096, -1
705, 910, -1
1, 2178, -1
1910, 1039, -1
1319, 1910, -1
1362, 1463, -1
1761, 705, -1
1910, 1, -1
1128, 2, -1
1319, 445, -1
1362, 1319, -1
2096, 2, -1
705, 2, -1
2, 3, -1
1463, 574, -1
1426, 445, -1
1784, 818, -1
2, 915, -1
2178, 574, -1
2096, 1426, -1
705, 1426, -1
3, 1181, -1
129, 94, -1
1761, 574, -1
1574, 666, -1
2, 1319, -1
2096, 1574, -1
2, 910, -1
705, 1574, -1
1761, 3, -1
818, 1362, -1
1761, 915, -1
2178, 1463, -1
1426, 705, -1
1113, 2060, -1
2178, 1319, -1
2096, 1039, -1
2178, 7, -1
705, 1039, -1
574, 2178, -1
1784, 1181, -1
1910, 94, -1
2096, 1, -1
129, 2178, -1
3, 1535, -1
1761, 1319, -1
1761, 910, -1
2, 1426, -1
1362, 1039, -1
1574, 818, -1
1362, 1, -1
2096, 1784, -1
7, 94, -1
2096, 1128, -1
1784, 129, -1
1784, 1535, -1
1128, 1761, -1
3, 2060, -1
94, 2178, -1
1113, 985, -1
1761, 1426, -1
1128, 705, -1
1426, 1463, -1
7, 574, -1
1426, 1319, -1
1426, 7, -1
1039, 2060, -1
1574, 1181, -1
1113, 1362, -1
1761, 1574, -1
2178, 1039, -1
1910, 1535, -1
2, 1910, -1
1784, 2060, -1
2178, 1, -1
818, 3, -1
1128, 574, -1
818, 915, -1
1362, 94, -1
1574, 129, -1
1128, 1113, -1
2096, 2178, -1
1319, 1574, -1
1574, 1535, -1
705, 2178, -1
2060, 1181, -1
2096, 1113, -1
818, 1319, -1
1128, 1463, -1
1113, 1096, -1
818, 910, -1
2, 94, -1
666, 3, -1
666, 915, -1
1426, 1039, -1
3, 818, -1
2178, 94, -1
1574, 2060, -1
3, 445, -1
818, 1426, -1
2, 574, -1
1761, 94, -1
666, 910, -1
1362, 1535, -1
666, 2060, -1
1113, 3, -1
1113, 915, -1
1784, 445, -1
3, 705, -1
445, 910, -1
1426, 1761, -1
1761, 2178, -1
1113, 1319, -1
1128, 1039, -1
1113, 910, -1
1784, 1761, -1
1, 2060, -1
1910, 445, -1
1128, 1, -1
1181, 910, -1
1426, 94, -1
1128, 666, -1
1784, 705, -1
818, 1910, -1
2178, 1535, -1
3, 129, -1
2096, 666, -1
705, 666, -1
1039, 574, -1
1113, 1426, -1
1426, 574, -1
666, 1362, -1
1910, 1181, -1
1463, 2060, -1
3, 1463, -1
1574, 445, -1
1784, 574, -1
2, 1574, -1
3, 1319, -1
666, 1910, -1
3, 7, -1
129, 3, -1
129, 915, -1
1, 985, -1
2096, 818, -1
705, 818, -1
1039, 1319, -1
1574, 1761, -1
1128, 94, -1
445, 1910, -1
1784, 1463, -1
1574, 705, -1
2060, 1910, -1
3, 2, -1
1, 1362, -1
1784, 1319, -1
1784, 7, -1
129, 910, -1
129, 2060, -1
2060, 445, -1
818, 574, -1
1113, 1910, -1
1784, 2096, -1
1, 1910, -1
1181, 1910, -1
1113, 1784, -1
1113, 1128, -1
2096, 1181, -1
705, 1181, -1
1784, 2, -1
1910, 1319, -1
1910, 7, -1
1574, 574, -1
1910, 2060, -1
3, 1039, -1
1362, 1181, -1
666, 574, -1
1113, 705, -1
574, 985, -1
1, 705, -1
1128, 1535, -1
1574, 1463, -1
2096, 129, -1
129, 985, -1
7, 2060, -1
1574, 1319, -1
1181, 94, -1
445, 574, -1
1574, 7, -1
574, 1362, -1
705, 3, -1
1426, 1, -1
1784, 1039, -1
705, 915, -1
129, 1362, -1
1784, 1, -1
666, 1319, -1
1113, 574, -1
1463, 705, -1
2, 2178, -1
1128, 2060, -1
129, 1910, -1
1574, 2, -1
1181, 574, -1
2178, 1181, -1
3, 1761, -1
818, 1574, -1
1, 3, -1
94, 985, -1
1, 915, -1
2060, 910, -1
3, 94, -1
574, 1096, -1
94, 1362, -1
1362, 7, -1
666, 1426, -1
1362, 2060, -1
1, 1319, -1
1, 910, -1
1039, 94, -1
94, 1910, -1
129, 705, -1
1574, 1039, -1
666, 1574, -1
3, 574, -1
1784, 94, -1
1574, 1, -1
1319, 1181, -1
3, 1113, -1
2, 2060, -1
2096, 985, -1
445, 1574, -1
705, 985, -1
1426, 1181, -1
1463, 1319, -1
1, 1426, -1
2060, 1574, -1
574, 3, -1
129, 574, -1
574, 915, -1
2178, 2060, -1
2096, 1362, -1
705, 1362, -1
1113, 1574, -1
1128, 818, -1
1, 1574, -1
1784, 1113, -1
818, 94, -1
1761, 2060, -1
1181, 1574, -1
2096, 1910, -1
1128, 445, -1
705, 1910, -1
574, 910, -1
2096, 445, -1
705, 445, -1
1426, 1535, -1
1910, 574, -1
129, 1319, -1
1574, 94, -1
129, 1535, -1
574, 445, -1
1, 1535, -1
2060, 1128, -1
574, 1113, -1
2, 1784, -1
1181, 1535, -1
2, 1128, -1
445, 1426, -1
2060, 1039, -1
574, 2, -1
2060, 1463, -1
1319, 7, -1
445, 1319, -1
705, 1096, -1
574, 1039, -1
1761, 1096, -1
666, 1784, -1
129, 1784, -1
818, 1784, -1
574, 1463, -1
666, 1128, -1
818, 1128, -1
129, 1128, -1
2060, 1426, -1
2060, 1362, -1
445, 1535, -1
1, 1784, -1
1761, 1535, -1
1, 1128, -1
2060, 7, -1
94, 1039, -1
94, 1463, -1
574, 1, -1
2, 1096, -1
574, 7, -1
574, 666, -1
574, 129, -1
574, 1761, -1
1574, 2096, -1
2, 1535, -1
574, 1181, -1
574, 818, -1
705, 1784, -1
94, 7, -1
818, 1096, -1
705, 1128, -1
1181, 1426, -1
1761, 1784, -1
666, 1096, -1
1761, 1128, -1
129, 1096, -1
1181, 1319, -1
1113, 1535, -1
1, 1096, -1
818, 1535, -1
1319, 1039, -1
705, 1463, -1
1319, 1463, -1
666, 1535, -1
94, 666, -1
2060, 2178, -1
1181, 2178, -1
1039, 1535, -1
1463, 1535, -1
94, 2, -1
94, 818, -1
7, 1535, -1
94, 1181, -1
94, 445, -1
445, 2178, -1
1535, 910, -1
1535, 915, -1

1842, 94, 1
1842, 2060, 1
1842, 1319, 1
1842, 705, 1
1842, 574, 1
1842, 2096, 1
1842, 1535, 1
94, 1535, 1
2096, 1319, 1
705, 1319, 1
2096, 2060, 1
705, 2060, 1
2096, 574, 1
1319, 1535, 1
705, 574, 1
2096, 1535, 1
2096, 705, 1
705, 1535, 1
2060, 1319, 1
574, 1319, 1
2060, 1535, 1
2060, 574, 1
2096, 94, 1
705, 94, 1
94, 1319, 1
574, 1535, 1
94, 574, 1
2060, 94, 1
705, 1842, 1
574, 705, 1
574, 94, 1
1535, 2060, 1
574, 1842, 1
574, 2096, 1
1535, 574, 1
574, 2060, 1
2096, 1842, 1
1535, 1319, 1
1535, 94, 1
94, 1842, 1
94, 2060, 1
1319, 574, 1
1319, 94, 1
94, 705, 1
2283, 2178, -1
2283, 1910, -1
2283, 3, -1
2283, 1784, -1
2283, 1574, -1
2283, 1128, -1
2283, 1426, -1
2283, 1362, -1
2283, 915, -1
2283, 910, -1
2283, 1096, -1
2283, 985, -1
2283, 666, -1
2283, 1113, -1
2283, 94, -1
2283, 2060, -1
2283, 1319, -1
2283, 705, -1
2283, 574, -1
2283, 2096, -1
2283, 1535, -1
2283, 1, -1
2283, 1039, -1
2283, 1761, -1
2283, 818, -1
2283, 129, -1
2283, 1181, -1
2283, 2, -1
2283, 7, -1
2283, 445, -1
2283, 1463, -1
1842, 2178, -1
1842, 1910, -1
1842, 3, -1
1842, 1784, -1
1842, 1574, -1
1842, 1128, -1
1842, 1426, -1
1842, 1362, -1
1842, 915, -1
1842, 910, -1
1842, 1096, -1
1842, 985, -1
1842, 666, -1
1842, 1113, -1
1842, 1, -1
1842, 1039, -1
1842, 1761, -1
1842, 818, -1
1842, 129, -1
1842, 1181, -1
1842, 2, -1
1842, 7, -1
1842, 445, -1
1842, 1463, -1
1842, 2283, -1
1113, 705, -1
985, 2060, -1
1, 1535, -1
1, 705, -1
985, 574, -1
2096, 1, -1
1128, 1535, -1
2096, 129, -1
3, 1535, -1
1761, 1319, -1
2096, 1761, -1
1574, 1319, -1
1181, 94, -1
445, 574, -1
1096, 1319, -1
985, 94, -1
574, 1426, -1
2060, 666, -1
705, 3, -1
94, 1463, -1
705, 915, -1
1096, 2060, -1
1096, 574, -1
1113, 1319, -1
1535, 1039, -1
1096, 2096, -1
445, 94, -1
94, 7, -1
94, 910, -1
915, 2060, -1
1181, 1319, -1
1113, 574, -1
574, 1574, -1
985, 1319, -1
1, 2060, -1
818, 1535, -1
1784, 1535, -1
1319, 1463, -1
1096, 94, -1
1784, 705, -1
1128, 2060, -1
1181, 574, -1
3, 2060, -1
94, 2178, -1
2096, 666, -1
915, 94, -1
2060, 1463, -1
1319, 7, -1
1128, 705, -1
445, 1319, -1
705, 666, -1
1113, 94, -1
574, 1039, -1
1, 94, -1
2060, 7, -1
2060, 910, -1
2096, 3, -1
3, 94, -1
2096, 915, -1
1319, 2178, -1
94, 1426, -1
1910, 1535, -1
915, 1319, -1
2, 1535, -1
818, 2060, -1
1, 1319, -1
574, 1910, -1
2060, 2178, -1
1362, 574, -1
1784, 2060, -1
1128, 1319, -1
1784, 574, -1
915, 574, -1
2096, 1463, -1
705, 1463, -1
94, 1910, -1
129, 1535, -1
3, 1319, -1
1535, 666, -1
129, 705, -1
1, 574, -1
1319, 1426, -1
94, 1574, -1
1128, 574, -1
910, 1535, -1
2096, 7, -1
1362, 94, -1
2096, 910, -1
705, 7, -1
3, 574, -1
1128, 2096, -1
705, 910, -1
1784, 94, -1
2096, 818, -1
2060, 1362, -1
2060, 1426, -1
705, 818, -1
445, 1535, -1
1761, 1535, -1
1761, 705, -1
1128, 94, -1
94, 1039, -1
2096, 2178, -1
574, 666, -1
1574, 1535, -1
2, 2060, -1
705, 2178, -1
2096, 985, -1
1096, 1535, -1
2060, 1181, -1
2096, 1113, -1
1362, 1319, -1
2060, 1910, -1
818, 1319, -1
1784, 1319, -1
1535, 1463, -1
2096, 2, -1
2060, 1574, -1
705, 2, -1
129, 2060, -1
2060, 445, -1
1113, 1535, -1
818, 574, -1
1319, 1039, -1
129, 574, -1
2, 94, -1
1535, 7, -1
2096, 1362, -1
1784, 2096, -1
2096, 1426, -1
705, 1362, -1
1181, 1535, -1
705, 1426, -1
985, 1535, -1
2096, 2283, -1
985, 705, -1
1319, 666, -1
2060, 1039, -1
705, 2283, -1
818, 94, -1
129, 94, -1
574, 1463, -1
1761, 2060, -1
2096, 1181, -1
1535, 2178, -1
705, 1181, -1
1761, 574, -1
2096, 1910, -1
705, 1910, -1
1910, 1319, -1
2, 1319, -1
2096, 1574, -1
705, 1574, -1
574, 7, -1
574, 910, -1
2096, 445, -1
705, 445, -1
2, 574, -1
1096, 705, -1
1761, 94, -1
94, 666, -1
129, 1319, -1
1113, 2060, -1
1362, 1535, -1
2096, 1039, -1
1535, 1426, -1
915, 1535, -1
705, 1039, -1
574, 2178, -1
910, 1319, -1
1535, 2283, -1
574, 985, -1
1910, 94, -1
2, 1842, -1
574, 1113, -1
1535, 1181, -1
574, 2, -1
1535, 1910, -1
666, 94, -1
818, 1842, -1
7, 2060, -1
129, 1842, -1
1535, 1574, -1
1535, 445, -1
574, 1362, -1
2178, 1842, -1
574, 2283, -1
1426, 2060, -1
1574, 2096, -1
7, 94, -1
574, 1181, -1
666, 1319, -1
574, 818, -1
1761, 1842, -1
1463, 1535, -1
1463, 705, -1
1574, 1842, -1
1426, 94, -1
574, 445, -1
2178, 1535, -1
1910, 1842, -1
7, 1319, -1
1113, 1842, -1
1535, 3, -1
666, 1842, -1
1535, 915, -1
7, 574, -1
1426, 1319, -1
985, 1842, -1
1039, 2060, -1
1039, 574, -1
574, 1761, -1
1426, 574, -1
1362, 2060, -1
1463, 2060, -1
1039, 94, -1
1535, 910, -1
1426, 1842, -1
1096, 1842, -1
1463, 94, -1
1, 1842, -1
1039, 1319, -1
574, 1, -1
1574, 705, -1
574, 129, -1
1463, 1319, -1
1463, 574, -1
574, 3, -1
574, 915, -1
666, 1535, -1
2178, 2060, -1
2178, 574, -1
910, 2060, -1
1362, 1842, -1
1463, 1842, -1
1784, 1842, -1
2178, 94, -1
910, 94, -1
1574, 2060, -1
1128, 1842, -1
1574, 574, -1
1910, 2060, -1
1426, 1535, -1
666, 2060, -1
1574, 94, -1
2178, 1319, -1
666, 574, -1
94, 2283, -1
1319, 1910, -1
1319, 910, -1
1319, 1574, -1
94, 3, -1
7, 1535, -1
1039, 1535, -1
94, 1362, -1
1319, 1181, -1
94, 2, -1
94, 818, -1
910, 574, -1
94, 915, -1
1910, 574, -1
94, 1181, -1
94, 445, -1
1319, 445, -1

860, 2178, 1
860, 1910, 1
860, 3, 1
860, 1784, 1
860, 1574, 1
860, 1128, 1
860, 1426, 1
860, 1362, 1
860, 915, 1
860, 910, 1
860, 1096, 1
860, 985, 1
1612, 2178, 1
1612, 1910, 1
1612, 3, 1
1612, 1784, 1
1612, 1574, 1
1612, 1128, 1
1612, 1426, 1
1612, 1362, 1
1612, 915, 1
1612, 910, 1
1612, 1096, 1
1612, 985, 1
1612, 860, 1
1651, 2178, 1
1651, 1910, 1
1651, 3, 1
1651, 1784, 1
1651, 1574, 1
1651, 1128, 1
1651, 1426, 1
1651, 1362, 1
1651, 915, 1
1651, 910, 1
1651, 1096, 1
1651, 985, 1
1651, 860, 1
1651, 1612, 1
604, 2178, 1
604, 1910, 1
604, 3, 1
604, 1784, 1
604, 1574, 1
604, 1128, 1
604, 1426, 1
604, 1362, 1
604, 915, 1
604, 910, 1
604, 1096, 1
604, 985, 1
604, 860, 1
604, 1612, 1
604, 1651, 1
2055, 2178, 1
2055, 1910, 1
2055, 3, 1
2055, 1784, 1
2055, 1574, 1
2055, 1128, 1
2055, 1426, 1
2055, 1362, 1
2055, 915, 1
2055, 910, 1
2055, 1096, 1
2055, 985, 1
2055, 860, 1
2055, 1612, 1
2055, 1651, 1
2055, 604, 1
210, 2178, 1
210, 1910, 1
210, 3, 1
210, 1784, 1
210, 1574, 1
210, 1128, 1
210, 1426, 1
210, 1362, 1
210, 915, 1
210, 910, 1
210, 1096, 1
210, 985, 1
210, 860, 1
210, 1612, 1
210, 1651, 1
210, 604, 1
210, 2055, 1
2020, 2178, 1
2020, 1910, 1
2020, 3, 1
2020, 1784, 1
2020, 1574, 1
2020, 1128, 1
2020, 1426, 1
2020, 1362, 1
2020, 915, 1
2020, 910, 1
2020, 1096, 1
2020, 985, 1
2020, 860, 1
2020, 1612, 1
2020, 1651, 1
2020, 604, 1
2020, 2055, 1
2020, 210, 1
1783, 2178, 1
1783, 1910, 1
1783, 3, 1
1783, 1784, 1
1783, 1574, 1
1783, 1128, 1
1783, 1426, 1
1783, 1362, 1
1783, 915, 1
1783, 910, 1
1783, 1096, 1
1783, 985, 1
1783, 860, 1
1783, 1612, 1
1783, 1651, 1
1783, 604, 1
1783, 2055, 1
1783, 210, 1
1783, 2020, 1
955, 2178, 1
955, 1910, 1
955, 3, 1
955, 1784, 1
955, 1574, 1
955, 1128, 1
955, 1426, 1
955, 1362, 1
955, 915, 1
955, 910, 1
955, 1096, 1
955, 985, 1
955, 860, 1
955, 1612, 1
955, 1651, 1
955, 604, 1
955, 2055, 1
955, 210, 1
955, 2020, 1
955, 1783, 1
1784, 1910, 1
915, 1910, 1
1612, 1783, 1
1362, 1574, 1
1651, 1783, 1
1574, 2055, 1
985, 1651, 1
1784, 1574, 1
2178, 955, 1
1128, 1910, 1
210, 2020, 1
1910, 2055, 1
1574, 1783, 1
985, 604, 1
3, 1910, 1
1096, 1783, 1
1128, 1574, 1
985, 860, 1
1426, 1612, 1
1910, 1426, 1
1096, 1612, 1
1574, 910, 1
3, 1574, 1
1096, 910, 1
1128, 1784, 1
1426, 1651, 1
915, 1612, 1
985, 2055, 1
2055, 1783, 1
1362, 1651, 1
2178, 1362, 1
1426, 604, 1
1426, 3, 1
985, 1783, 1
1426, 915, 1
1096, 985, 1
1426, 860, 1
3, 1612, 1
1362, 604, 1
1362, 3, 1
1651, 2055, 1
985, 910, 1
860, 604, 1
1362, 915, 1
1784, 3, 1
915, 604, 1
1362, 860, 1
1128, 1651, 1
2178, 2020, 1
1784, 915, 1
2178, 1910, 1
915, 860, 1
3, 1651, 1
1426, 2055, 1
1096, 2055, 1
1128, 604, 1
2178, 1574, 1
1128, 3, 1
1574, 1426, 1
1096, 1362, 1
985, 2178, 1
1128, 915, 1
1096, 1426, 1
3, 604, 1
1426, 1783, 1
1128, 860, 1
985, 210, 1
1651, 2020, 1
915, 2055, 1
3, 915, 1
3, 860, 1
1651, 955, 1
1426, 910, 1
860, 1783, 1
915, 1783, 1
1362, 1612, 1
1096, 2020, 1
860, 1612, 1
1784, 1612, 1
1362, 910, 1
1651, 210, 1
3, 2055, 1
1096, 955, 1
1784, 910, 1
915, 910, 1
1128, 1783, 1
985, 1362, 1
985, 1426, 1
1426, 2178, 1
1096, 2178, 1
3, 1783, 1
1910, 1574, 1
1128, 1612, 1
1784, 1651, 1
1096, 210, 1
1128, 910, 1
2178, 1651, 1
3, 910, 1
1784, 604, 1
985, 2020, 1
985, 1910, 1
2178, 3, 1
1784, 860, 1
985, 955, 1
2178, 915, 1
2178, 860, 1
985, 1574, 1
1426, 1362, 1
1128, 985, 1
1362, 2055, 1
3, 2178, 1
860, 2055, 1
3, 985, 1
1784, 2055, 1
3, 210, 1
2020, 1783, 1
1362, 1426, 1
1362, 1783, 1
1784, 1783, 1
1426, 2020, 1
1128, 2055, 1
1096, 1910, 1
1426, 955, 1
1128, 1362, 1
2178, 1612, 1
1910, 604, 1
1128, 1426, 1
1096, 1574, 1
910, 1612, 1
2178, 910, 1
915, 2020, 1
1910, 860, 1
3, 1362, 1
1362, 955, 1
3, 1426, 1
210, 1783, 1
1096, 1784, 1
1784, 955, 1
1096, 1128, 1
1362, 2178, 1
915, 1574, 1
1128, 2020, 1
1784, 2178, 1
1784, 985, 1
3, 2020, 1
1784, 210, 1
985, 3, 1
2178, 604, 1
1128, 955, 1
210, 955, 1
1574, 1612, 1
985, 915, 1
910, 604, 1
3, 955, 1
1910, 1783, 1
1128, 2178, 1
910, 860, 1
1128, 210, 1
1910, 1612, 1
1612, 604, 1
1910, 910, 1
1651, 604, 1
1096, 1651, 1
2178, 2055, 1
1784, 1362, 1
1784, 1426, 1
910, 2055, 1
604, 2055, 1
1574, 604, 1
1426, 1910, 1
2178, 1426, 1
1096, 604, 1
2178, 1783, 1
1096, 3, 1
1574, 860, 1
910, 1783, 1
1096, 915, 1
985, 1612, 1
1612, 2055, 1
1096, 860, 1
1362, 2020, 1
1426, 1574, 1
604, 1783, 1
1362, 1910, 1
1784, 2020, 1
1574, 1128, 1
1128, 1096, 1
860, 955, 1
985, 1096, 1
915, 955, 1
1426, 1128, 1
915, 2178, 1
910, 2020, 1
604, 2020, 1
1362, 1128, 1
910, 1910, 1
910, 955, 1
1574, 1362, 1
604, 955, 1
1784, 1128, 1
910, 3, 1
915, 1128, 1
1612, 2020, 1
910, 1574, 1
910, 2178, 1
1612, 955, 1
910, 915, 1
2178, 1128, 1
985, 1128, 1
985, 1784, 1
1426, 1096, 1
1574, 1651, 1
1574, 2020, 1
915, 1362, 1
1574, 1910, 1
3, 1128, 1
915, 1426, 1
1910, 2020, 1
1574, 955, 1
1783, 955, 1
1574, 3, 1
1574, 915, 1
1362, 1096, 1
1574, 2178, 1
1784, 1096, 1
1574, 985, 1
1574, 210, 1
910, 1426, 1
860, 2020, 1
1910, 2178, 1
2020, 955, 1
1574, 1784, 1
2178, 1096, 1
1910, 955, 1
1910, 3, 1
3, 1096, 1
1910, 1362, 1
910, 1651, 1
1910, 1651, 1
1910, 915, 1
2178, 1784, 1
1574, 1096, 1
860, 666, -1
860, 1113, -1
860, 94, -1
860, 2060, -1
860, 1319, -1
860, 705, -1
860, 574, -1
860, 2096, -1
860, 1535, -1
860, 1842, -1
860, 1, -1
860, 1039, -1
860, 1761, -1
860, 818, -1
860, 129, -1
860, 1181, -1
860, 2, -1
860, 7, -1
860, 445, -1
860, 1463, -1
860, 2283, -1
1612, 666, -1
1612, 1113, -1
1612, 94, -1
1612, 2060, -1
1612, 1319, -1
1612, 705, -1
1612, 574, -1
1612, 2096, -1
1612, 1535, -1
1612, 1842, -1
1612, 1, -1
1612, 1039, -1
1612, 1761, -1
1612, 818, -1
1612, 129, -1
1612, 1181, -1
1612, 2, -1
1612, 7, -1
1612, 445, -1
1612, 1463, -1
1612, 2283, -1
1651, 666, -1
1651, 1113, -1
1651, 94, -1
1651, 2060, -1
1651, 1319, -1
1651, 705, -1
1651, 574, -1
1651, 2096, -1
1651, 1535, -1
1651, 1842, -1
1651, 1, -1
1651, 1039, -1
1651, 1761, -1
1651, 818, -1
1651, 129, -1
1651, 1181, -1
1651, 2, -1
1651, 7, -1
1651, 445, -1
1651, 1463, -1
1651, 2283, -1
604, 666, -1
604, 1113, -1
604, 94, -1
604, 2060, -1
604, 1319, -1
604, 705, -1
604, 574, -1
604, 2096, -1
604, 1535, -1
604, 1842, -1
604, 1, -1
604, 1039, -1
604, 1761, -1
604, 818, -1
604, 129, -1
604, 1181, -1
604, 2, -1
604, 7, -1
604, 445, -1
604, 1463, -1
604, 2283, -1
2055, 666, -1
2055, 1113, -1
2055, 94, -1
2055, 2060, -1
2055, 1319, -1
2055, 705, -1
2055, 574, -1
2055, 2096, -1
2055, 1535, -1
2055, 1842, -1
2055, 1, -1
2055, 1039, -1
2055, 1761, -1
2055, 818, -1
2055, 129, -1
2055, 1181, -1
2055, 2, -1
2055, 7, -1
2055, 445, -1
2055, 1463, -1
2055, 2283, -1
210, 666, -1
210, 1113, -1
210, 94, -1
210, 2060, -1
210, 1319, -1
210, 705, -1
210, 574, -1
210, 2096, -1
210, 1535, -1
210, 1842, -1
210, 1, -1
210, 1039, -1
210, 1761, -1
210, 818, -1
210, 129, -1
210, 1181, -1
210, 2, -1
210, 7, -1
210, 445, -1
210, 1463, -1
210, 2283, -1
2020, 666, -1
2020, 1113, -1
2020, 94, -1
2020, 2060, -1
2020, 1319, -1
2020, 705, -1
2020, 574, -1
2020, 2096, -1
2020, 1535, -1
2020, 1842, -1
2020, 1, -1
2020, 1039, -1
2020, 1761, -1
2020, 818, -1
2020, 129, -1
2020, 1181, -1
2020, 2, -1
2020, 7, -1
2020, 445, -1
2020, 1463, -1
2020, 2283, -1
1783, 666, -1
1783, 1113, -1
1783, 94, -1
1783, 2060, -1
1783, 1319, -1
1783, 705, -1
1783, 574, -1
1783, 2096, -1
1783, 1535, -1
1783, 1842, -1
1783, 1, -1
1783, 1039, -1
1783, 1761, -1
1783, 818, -1
1783, 129, -1
1783, 1181, -1
1783, 2, -1
1783, 7, -1
1783, 445, -1
1783, 1463, -1
1783, 2283, -1
955, 666, -1
955, 1113, -1
955, 94, -1
955, 2060, -1
955, 1319, -1
955, 705, -1
955, 574, -1
955, 2096, -1
955, 1535, -1
955, 1842, -1
955, 1, -1
955, 1039, -1
955, 1761, -1
955, 818, -1
955, 129, -1
955, 1181, -1
955, 2, -1
955, 7, -1
955, 445, -1
955, 1463, -1
955, 2283, -1
1842, 915, -1
129, 955, -1
1463, 1574, -1
1362, 445, -1
818, 2178, -1
1128, 1181, -1
1319, 910, -1
2096, 1096, -1
1910, 1463, -1
2, 1362, -1
985, 94, -1
1426, 2060, -1
666, 1783, -1
1842, 910, -1
1761, 985, -1
129, 1426, -1
1039, 860, -1
2178, 2283, -1
910, 2283, -1
1463, 1910, -1
1128, 129, -1
3, 1, -1
3, 666, -1
2096, 1612, -1
705, 1612, -1
1761, 1362, -1
445, 1783, -1
129, 1574, -1
666, 2178, -1
7, 910, -1
2060, 1783, -1
1535, 915, -1
2178, 445, -1
1096, 2283, -1
1761, 1910, -1
915, 1463, -1
2096, 3, -1
1842, 1426, -1
2096, 915, -1
1096, 818, -1
915, 1319, -1
1, 1783, -1
915, 7, -1
1784, 666, -1
1362, 574, -1
1096, 445, -1
818, 1651, -1
1128, 1319, -1
1128, 7, -1
1535, 910, -1
666, 2020, -1
1842, 1574, -1
1096, 1842, -1
818, 604, -1
1113, 2178, -1
818, 860, -1
2096, 910, -1
1113, 210, -1
1, 2178, -1
705, 910, -1
1910, 1039, -1
1, 210, -1
1535, 604, -1
1535, 860, -1
1319, 1910, -1
1362, 1463, -1
445, 2020, -1
1426, 2283, -1
1910, 666, -1
3, 1842, -1
1463, 1783, -1
1128, 2, -1
2060, 2020, -1
1362, 1319, -1
1096, 1181, -1
1426, 818, -1
1535, 2055, -1
2, 3, -1
1426, 445, -1
1784, 818, -1
2, 915, -1
2178, 574, -1
1, 2020, -1
2096, 1426, -1
1463, 2178, -1
705, 1426, -1
1, 955, -1
1761, 1612, -1
1463, 210, -1
3, 1181, -1
1784, 1842, -1
1362, 2, -1
1574, 666, -1
574, 1783, -1
915, 1039, -1
1096, 129, -1
2096, 1574, -1
7, 1910, -1
2, 910, -1
705, 1574, -1
1761, 3, -1
818, 1362, -1
1761, 915, -1
2178, 1463, -1
129, 1783, -1
910, 1463, -1
1113, 1651, -1
2178, 1319, -1
1463, 2020, -1
2178, 7, -1
910, 1319, -1
1784, 1181, -1
985, 666, -1
910, 7, -1
1463, 955, -1
1910, 94, -1
1113, 604, -1
1113, 860, -1
129, 2178, -1
3, 1535, -1
1535, 1910, -1
1181, 604, -1
129, 210, -1
1761, 910, -1
2, 1426, -1
1096, 1319, -1
1362, 1039, -1
1096, 7, -1
2283, 604, -1
1842, 1783, -1
2178, 2, -1
1096, 2060, -1
2283, 860, -1
1181, 2055, -1
94, 1783, -1
1362, 666, -1
2096, 1784, -1
574, 2020, -1
2096, 1128, -1
1784, 129, -1
1784, 1535, -1
129, 2020, -1
1842, 2178, -1
1128, 1761, -1
1096, 2, -1
3, 2060, -1
985, 818, -1
7, 1783, -1
1761, 1426, -1
1113, 985, -1
1128, 705, -1
915, 94, -1
7, 1612, -1
1426, 1463, -1
1039, 910, -1
1426, 1319, -1
985, 1842, -1
1426, 7, -1
1113, 1362, -1
1761, 1574, -1
2178, 1039, -1
1910, 1535, -1
910, 1039, -1
1039, 604, -1
2, 1910, -1
1842, 2020, -1
1784, 2060, -1
2178, 666, -1
1535, 1612, -1
915, 574, -1
1842, 955, -1
94, 2020, -1
2096, 1783, -1
705, 1783, -1
818, 3, -1
1128, 574, -1
1426, 2, -1
985, 1181, -1
818, 915, -1
1039, 2055, -1
1362, 94, -1
1128, 1113, -1
7, 2020, -1
2096, 2178, -1
1574, 1535, -1
1319, 1574, -1
705, 2178, -1
2096, 210, -1
705, 210, -1
1128, 1463, -1
818, 910, -1
3, 2283, -1
666, 3, -1
985, 1535, -1
666, 915, -1
1426, 1039, -1
1535, 955, -1
3, 818, -1
2096, 2020, -1
2, 1783, -1
705, 2020, -1
2178, 94, -1
2096, 955, -1
910, 94, -1
3, 445, -1
2, 1612, -1
705, 955, -1
818, 2055, -1
1096, 1761, -1
818, 1426, -1
1039, 1910, -1
7, 1574, -1
1096, 705, -1
1784, 2283, -1
666, 910, -1
1362, 1535, -1
666, 1651, -1
985, 2060, -1
1113, 3, -1
1113, 915, -1
666, 604, -1
1761, 1783, -1
910, 574, -1
1784, 445, -1
666, 860, -1
3, 705, -1
445, 910, -1
1535, 1574, -1
1910, 2283, -1
666, 2055, -1
2283, 915, -1
445, 604, -1
1096, 574, -1
1761, 2178, -1
2, 2020, -1
1761, 210, -1
1128, 1039, -1
915, 666, -1
1113, 910, -1
2060, 604, -1
2, 955, -1
1784, 1761, -1
2060, 860, -1
1096, 1113, -1
1128, 1, -1
1181, 910, -1
1128, 666, -1
1426, 94, -1
445, 2055, -1
1784, 705, -1
1, 1651, -1
818, 1910, -1
2178, 1535, -1
1319, 1783, -1
3, 129, -1
2060, 2055, -1
1, 604, -1
2283, 910, -1
1096, 1463, -1
1, 860, -1
1039, 1612, -1
1574, 2283, -1
1761, 2020, -1
1113, 2055, -1
1761, 955, -1
1, 2055, -1
1113, 1426, -1
1426, 574, -1
666, 1362, -1
3, 1463, -1
1463, 1651, -1
1784, 574, -1
2283, 2055, -1
2, 1574, -1
985, 2283, -1
3, 1319, -1
666, 1910, -1
1463, 604, -1
3, 7, -1
129, 3, -1
1463, 860, -1
129, 915, -1
915, 1842, -1
1, 985, -1
985, 445, -1
1463, 2055, -1
1128, 94, -1
445, 1910, -1
1784, 1463, -1
818, 1783, -1
2060, 1910, -1
3, 2, -1
818, 1612, -1
1, 1362, -1
1784, 1319, -1
1784, 7, -1
129, 910, -1
1362, 818, -1
1535, 1783, -1
574, 604, -1
915, 1181, -1
129, 1651, -1
1113, 1910, -1
910, 666, -1
1, 1910, -1
129, 604, -1
1463, 985, -1
1181, 1910, -1
1362, 1842, -1
1096, 1039, -1
129, 860, -1
574, 2055, -1
1784, 2, -1
2283, 1910, -1
1096, 1, -1
1910, 1319, -1
1096, 666, -1
1910, 7, -1
129, 2055, -1
1574, 574, -1
1463, 1362, -1
666, 1612, -1
3, 1039, -1
1842, 1651, -1
1039, 1574, -1
1362, 1181, -1
915, 1535, -1
818, 2020, -1
1842, 604, -1
818, 955, -1
1842, 860, -1
2178, 818, -1
985, 574, -1
94, 604, -1
1128, 1535, -1
1574, 1463, -1
445, 1612, -1
1535, 2020, -1
129, 985, -1
1842, 2055, -1
1574, 1319, -1
2060, 1612, -1
1574, 7, -1
2178, 1842, -1
94, 2055, -1
705, 3, -1
1426, 666, -1
1784, 1039, -1
705, 915, -1
7, 604, -1
1113, 1783, -1
1113, 1612, -1
129, 1362, -1
7, 860, -1
985, 1463, -1
1784, 1, -1
1, 1612, -1
1181, 1783, -1
915, 2060, -1
1181, 1612, -1
985, 1319, -1
2, 2178, -1
7, 2055, -1
985, 7, -1
1096, 94, -1
1128, 2060, -1
2283, 1783, -1
129, 1910, -1
666, 955, -1
2178, 1181, -1
2283, 1612, -1
818, 1574, -1
3, 1761, -1
1, 3, -1
1, 915, -1
2096, 1651, -1
705, 1651, -1
2060, 910, -1
2096, 604, -1
1842, 1362, -1
3, 94, -1
705, 604, -1
2096, 860, -1
985, 2, -1
1463, 1612, -1
705, 860, -1
1362, 7, -1
666, 1426, -1
1362, 2060, -1
1842, 1910, -1
2096, 2055, -1
1, 910, -1
705, 2055, -1
1113, 2020, -1
1426, 1842, -1
1113, 955, -1
1463, 3, -1
1181, 2020, -1
1463, 915, -1
1574, 1039, -1
666, 1574, -1
910, 1535, -1
3, 574, -1
1784, 94, -1
1039, 1783, -1
2283, 2020, -1
2283, 955, -1
574, 1612, -1
3, 1113, -1
2096, 985, -1
1096, 1535, -1
445, 1574, -1
705, 985, -1
2, 1651, -1
1426, 1181, -1
985, 1039, -1
915, 2283, -1
129, 1612, -1
1463, 910, -1
1, 1426, -1
2060, 1574, -1
2, 604, -1
1128, 2283, -1
2, 860, -1
915, 818, -1
2178, 2060, -1
2096, 1362, -1
705, 1362, -1
1113, 1574, -1
1128, 818, -1
915, 445, -1
1, 1574, -1
2, 2055, -1
1784, 1113, -1
1181, 1574, -1
2096, 1910, -1
1128, 445, -1
1761, 1651, -1
705, 1910, -1
1128, 1842, -1
1842, 1612, -1
2283, 1574, -1
1761, 604, -1
1463, 1426, -1
1039, 2020, -1
1426, 1535, -1
94, 1612, -1
1910, 574, -1
1362, 2283, -1
1761, 860, -1
1574, 94, -1
1761, 2055, -1
1842, 3, -1
574, 985, -1
574, 210, -1
2060, 1128, -1
94, 3, -1
94, 915, -1
94, 860, -1
705, 1096, -1
1181, 860, -1
574, 1362, -1
1, 1128, -1
574, 1426, -1
1574, 818, -1
705, 1128, -1
94, 910, -1
818, 1096, -1
574, 955, -1
1574, 1113, -1
1319, 2055, -1
574, 1574, -1
1574, 1842, -1
94, 1651, -1
1574, 2, -1
445, 1426, -1
94, 2178, -1
910, 1181, -1
94, 985, -1
94, 210, -1
818, 1128, -1
129, 1128, -1
910, 445, -1
2, 1096, -1
1574, 1181, -1
574, 1096, -1
94, 1362, -1
94, 1426, -1
445, 2178, -1
1181, 1426, -1
574, 1910, -1
2060, 2178, -1
1574, 445, -1
129, 1096, -1
94, 1910, -1
2283, 1362, -1
94, 955, -1
2283, 1426, -1
2, 1128, -1
574, 1784, -1
94, 1574, -1
574, 1128, -1
1761, 1096, -1
666, 1128, -1
2060, 1362, -1
1574, 1, -1
1181, 2178, -1
2060, 1426, -1
1574, 129, -1
1574, 1761, -1
2283, 2178, -1
1574, 705, -1
1842, 1096, -1
574, 1651, -1
2060, 955, -1
1113, 1096, -1
1761, 1128, -1
666, 1096, -1
574, 3, -1
574, 915, -1
574, 860, -1
910, 2060, -1
1842, 1128, -1
1113, 1128, -1
1574, 2060, -1
574, 910, -1
445, 860, -1
2283, 1128, -1
1, 1096, -1
574, 2178, -1
1910, 1181, -1
705, 1784, -1
1113, 1784, -1
666, 1784, -1
818, 1784, -1
129, 1784, -1
2, 1784, -1
1761, 1784, -1
2060, 915, -1
1910, 2060, -1
1, 1784, -1
1910, 445, -1
1842, 1784, -1

