1082, 1776, 1
1911, 1776, 1
1911, 1082, 1
3, 1717, 1
1082, 1911, 1
1776, 1082, 1
1776, 1911, 1
1717, 1776, -1
1717, 1082, -1
1717, 1911, -1
1, 1776, -1
1, 1082, -1
1, 1911, -1
1, 1717, -1
3, 1776, -1
3, 1082, -1
3, 1911, -1
3, 1, -1
10, 1776, -1
10, 1082, -1
10, 1911, -1
10, 1717, -1
10, 3, -1
10, 1, -1
1082, 3, -1
1776, 1717, -1
1776, 10, -1
1776, 3, -1
1776, 1, -1
1, 3, -1
1082, 1717, -1

2, 1776, 1
2, 1082, 1
2, 1911, 1
1082, 1911, 1
1776, 1082, 1
1776, 1911, 1
1776, 2, 1
1082, 2, 1
2, 1717, -1
2, 3, -1
2, 1, -1
2, 10, -1
11, 1776, -1
11, 1082, -1
11, 1911, -1
11, 2, -1
11, 1717, -1
11, 3, -1
11, 1, -1
11, 10, -1
24, 1776, -1
24, 1082, -1
24, 1911, -1
24, 2, -1
24, 1717, -1
24, 3, -1
24, 1, -1
24, 10, -1
24, 11, -1
1082, 3, -1
1776, 1717, -1
10, 1911, -1
1, 1082, -1
1776, 10, -1
1, 1911, -1
1717, 1911, -1
3, 1911, -1
1776, 3, -1
1082, 11, -1
1776, 11, -1
1776, 1, -1
1082, 10, -1
2, 11, -1
1082, 1717, -1
1, 2, -1
10, 1082, -1
10, 2, -1
3, 1082, -1

94, 10, 1
2060, 10, 1
2060, 94, 1
1800, 1, 1
10, 94, 1
10, 2060, 1
94, 1776, -1
94, 1082, -1
94, 1911, -1
94, 2, -1
94, 1717, -1
94, 3, -1
94, 1, -1
94, 11, -1
94, 24, -1
1379, 1776, -1
1379, 1082, -1
1379, 1911, -1
1379, 2, -1
1379, 1717, -1
1379, 3, -1
1379, 1, -1
1379, 10, -1
1379, 94, -1
1379, 11, -1
1379, 24, -1
2060, 1776, -1
2060, 1082, -1
2060, 1911, -1
2060, 2, -1
2060, 1717, -1
2060, 3, -1
2060, 1, -1
2060, 11, -1
2060, 24, -1
2060, 1379, -1
1800, 1776, -1
1800, 1082, -1
1800, 1911, -1
1800, 2, -1
1800, 1717, -1
1800, 3, -1
1800, 10, -1
1800, 94, -1
1800, 2060, -1
1800, 11, -1
1800, 24, -1
1800, 1379, -1
2, 94, -1
24, 94, -1
1082, 2060, -1
1, 1776, -1
3, 2060, -1
10, 1379, -1
10, 3, -1
1, 1379, -1
1, 3, -1
11, 94, -1
10, 1717, -1
1, 94, -1
1, 1717, -1
1082, 94, -1
10, 11, -1
1, 1082, -1
1776, 10, -1
3, 94, -1
1, 2, -1
1, 11, -1
1776, 2060, -1
2, 10, -1
24, 10, -1
11, 2060, -1
1082, 10, -1
2, 2060, -1
24, 2060, -1
24, 1, -1
10, 1911, -1
1, 1911, -1
1379, 2060, -1
1, 10, -1
1717, 94, -1
1, 2060, -1
1776, 94, -1
24, 1800, -1
1776, 1800, -1
1776, 1, -1

1679, 11, 1
1679, 1776, -1
1679, 1082, -1
1679, 1911, -1
1679, 2, -1
1679, 1717, -1
1679, 3, -1
1679, 1, -1
1679, 1800, -1
1679, 10, -1
1679, 94, -1
1679, 2060, -1
1679, 24, -1
1679, 1379, -1
11, 1717, -1
10, 11, -1
1, 11, -1
11, 2060, -1
24, 11, -1
11, 3, -1
11, 1379, -1
1800, 11, -1
1082, 11, -1
11, 1911, -1
1776, 11, -1
2, 11, -1
11, 94, -1
2, 1679, -1
24, 1679, -1
1379, 1679, -1
3, 1679, -1
10, 1679, -1
1, 1679, -1
1717, 1679, -1
1800, 1679, -1
1082, 1679, -1
2060, 1679, -1
1776, 1679, -1
94, 1679, -1

2021, 10, 1
2021, 94, 1
2021, 2060, 1
1879, 10, 1
1879, 94, 1
1879, 2060, 1
1879, 2021, 1
1064, 10, 1
1064, 94, 1
1064, 2060, 1
1064, 2021, 1
1064, 1879, 1
133, 1717, 1
133, 3, 1
10, 1879, 1
10, 94, 1
3, 1717, 1
2060, 2021, 1
2021, 1879, 1
2060, 1879, 1
10, 2060, 1
2060, 94, 1
94, 1879, 1
10, 2021, 1
1717, 133, 1
3, 133, 1
2021, 1776, -1
2021, 1082, -1
2021, 1911, -1
2021, 2, -1
2021, 1717, -1
2021, 3, -1
2021, 1, -1
2021, 1800, -1
2021, 11, -1
2021, 1679, -1
2021, 24, -1
2021, 1379, -1
1879, 1776, -1
1879, 1082, -1
1879, 1911, -1
1879, 2, -1
1879, 1717, -1
1879, 3, -1
1879, 1, -1
1879, 1800, -1
1879, 11, -1
1879, 1679, -1
1879, 24, -1
1879, 1379, -1
1064, 1776, -1
1064, 1082, -1
1064, 1911, -1
1064, 2, -1
1064, 1717, -1
1064, 3, -1
1064, 1, -1
1064, 1800, -1
1064, 11, -1
1064, 1679, -1
1064, 24, -1
1064, 1379, -1
133, 1776, -1
133, 1082, -1
133, 1911, -1
133, 2, -1
133, 1, -1
133, 1800, -1
133, 10, -1
133, 94, -1
133, 2060, -1
133, 2021, -1
133, 1879, -1
133, 1064, -1
133, 11, -1
133, 1679, -1
133, 24, -1
133, 1379, -1
11, 1717, -1
3, 1679, -1
24, 1064, -1
1679, 1064, -1
1800, 1064, -1
1379, 94, -1
94, 1717, -1
1379, 1717, -1
11, 2021, -1
24, 10, -1
24, 2060, -1
1379, 2021, -1
94, 1911, -1
1679, 10, -1
1064, 133, -1
1800, 10, -1
1800, 2060, -1
10, 1679, -1
24, 3, -1
1, 10, -1
11, 1879, -1
2021, 133, -1
1, 2060, -1
2060, 1717, -1
24, 94, -1
1800, 3, -1
24, 1717, -1
3, 2060, -1
1800, 94, -1
2060, 133, -1
1800, 1717, -1
1, 3, -1
1379, 1879, -1
1717, 1911, -1
1, 94, -1
3, 1379, -1
2060, 1911, -1
1, 1717, -1
24, 2021, -1
3, 94, -1
1679, 2021, -1
1800, 2021, -1
1911, 94, -1
1, 2021, -1
1679, 2060, -1
1717, 1879, -1
1717, 94, -1
3, 2021, -1
1082, 10, -1
24, 1879, -1
3, 1911, -1
1776, 1064, -1
1800, 1879, -1
10, 1379, -1
10, 3, -1
1679, 94, -1
1082, 3, -1
1, 1879, -1
10, 1717, -1
3, 1879, -1
1776, 10, -1
10, 133, -1
1776, 2060, -1
2, 10, -1
2, 2060, -1
94, 1679, -1
3, 11, -1
10, 1911, -1
1082, 2021, -1
1776, 3, -1
2, 3, -1
1776, 94, -1
1776, 1717, -1
2, 94, -1
1082, 2060, -1
2, 1717, -1
1082, 1879, -1
1717, 1679, -1
1776, 2021, -1
2, 2021, -1
2060, 1679, -1
1082, 94, -1
1082, 1717, -1
10, 11, -1
11, 2060, -1
1379, 2060, -1
1776, 1879, -1
2, 1879, -1
11, 94, -1
94, 133, -1
2, 133, -1
1379, 133, -1
24, 133, -1
1, 133, -1
1082, 133, -1
1800, 133, -1
1776, 133, -1
11, 133, -1

1501, 1379, 1
215, 11, 1
215, 1679, 1
1142, 1717, 1
1142, 3, 1
1142, 133, 1
133, 1717, 1
3, 1717, 1
1679, 11, 1
3, 133, 1
11, 215, 1
1717, 1142, 1
133, 1142, 1
3, 1142, 1
1717, 133, 1
1679, 215, 1
11, 1679, 1
1501, 1776, -1
1501, 1082, -1
1501, 1911, -1
1501, 2, -1
1501, 1717, -1
1501, 3, -1
1501, 133, -1
1501, 1, -1
1501, 1800, -1
1501, 10, -1
1501, 94, -1
1501, 2060, -1
1501, 2021, -1
1501, 1879, -1
1501, 1064, -1
1501, 11, -1
1501, 1679, -1
1501, 24, -1
215, 1776, -1
215, 1082, -1
215, 1911, -1
215, 2, -1
215, 1717, -1
215, 3, -1
215, 133, -1
215, 1, -1
215, 1800, -1
215, 10, -1
215, 94, -1
215, 2060, -1
215, 2021, -1
215, 1879, -1
215, 1064, -1
215, 24, -1
215, 1379, -1
215, 1501, -1
1142, 1776, -1
1142, 1082, -1
1142, 1911, -1
1142, 2, -1
1142, 1, -1
1142, 1800, -1
1142, 10, -1
1142, 94, -1
1142, 2060, -1
1142, 2021, -1
1142, 1879, -1
1142, 1064, -1
1142, 11, -1
1142, 1679, -1
1142, 215, -1
1142, 24, -1
1142, 1379, -1
1142, 1501, -1
11, 1717, -1
1679, 1501, -1
3, 1679, -1
94, 3, -1
1379, 3, -1
1776, 11, -1
2, 11, -1
11, 133, -1
1379, 94, -1
94, 1717, -1
1379, 1717, -1
1064, 1379, -1
1064, 3, -1
11, 2021, -1
11, 1911, -1
1501, 1142, -1
1064, 1717, -1
94, 133, -1
1379, 133, -1
2021, 1379, -1
1379, 215, -1
1082, 11, -1
1679, 1, -1
1679, 10, -1
1379, 1911, -1
2021, 1717, -1
1064, 133, -1
24, 1379, -1
24, 3, -1
11, 1879, -1
2021, 133, -1
1679, 1379, -1
2060, 1717, -1
1679, 3, -1
1800, 1379, -1
133, 1679, -1
1800, 3, -1
24, 1717, -1
3, 2060, -1
1679, 1717, -1
1, 1379, -1
1800, 1717, -1
2060, 133, -1
1, 3, -1
1379, 1879, -1
1717, 215, -1
24, 133, -1
1717, 1911, -1
1679, 1082, -1
1679, 133, -1
3, 1379, -1
1, 1717, -1
1800, 133, -1
1776, 1679, -1
1379, 11, -1
1679, 2021, -1
1, 133, -1
1679, 2060, -1
11, 1501, -1
1717, 1879, -1
3, 215, -1
3, 2021, -1
3, 1911, -1
1679, 1879, -1
10, 1379, -1
10, 3, -1
1679, 94, -1
1082, 1379, -1
24, 11, -1
1082, 3, -1
1501, 215, -1
10, 1717, -1
1800, 11, -1
133, 1879, -1
11, 1142, -1
3, 1879, -1
1, 11, -1
10, 133, -1
1679, 1911, -1
1082, 133, -1
1064, 11, -1
3, 11, -1
1379, 1679, -1
1379, 1142, -1
1776, 1379, -1
1776, 3, -1
2, 1379, -1
2, 3, -1
133, 215, -1
1064, 1679, -1
133, 1911, -1
1776, 1717, -1
2, 1717, -1
1776, 133, -1
2, 133, -1
1679, 2, -1
3, 1501, -1
1717, 1679, -1
1082, 1717, -1
24, 1679, -1
10, 11, -1
11, 2060, -1
1800, 1679, -1
1679, 1142, -1
11, 1379, -1
11, 3, -1
1379, 2060, -1
11, 94, -1
2021, 215, -1
1911, 215, -1
10, 1501, -1
2021, 1679, -1
1, 1501, -1
2021, 1142, -1
1082, 1501, -1
2060, 215, -1
1776, 215, -1
1064, 1501, -1
2, 215, -1
24, 215, -1
2060, 1679, -1
2060, 1142, -1
1776, 1142, -1
2, 1679, -1
1800, 215, -1
2, 1142, -1
24, 1142, -1
3, 94, -1
133, 94, -1
1879, 215, -1
94, 215, -1
10, 215, -1
1800, 1142, -1
1, 215, -1
94, 1679, -1
1064, 1142, -1
2060, 1501, -1
1082, 215, -1
1776, 1501, -1
10, 1679, -1
2, 1501, -1
24, 1501, -1
10, 1142, -1
1, 1679, -1
1064, 215, -1
1, 1142, -1
1082, 1142, -1
1082, 1679, -1
1717, 94, -1
1800, 1501, -1
215, 1142, -1
1911, 1679, -1
1879, 1679, -1

87, 10, 1
87, 94, 1
87, 2060, 1
87, 2021, 1
87, 1879, 1
87, 1064, 1
10, 1879, 1
1064, 10, 1
1064, 94, 1
10, 94, 1
2060, 2021, 1
1064, 2060, 1
1064, 2021, 1
2021, 1879, 1
2060, 1879, 1
10, 2060, 1
1064, 1879, 1
2021, 94, 1
2060, 94, 1
94, 1879, 1
10, 2021, 1
2060, 87, 1
94, 87, 1
1064, 87, 1
10, 87, 1
2021, 87, 1
1879, 87, 1
1879, 94, 1
87, 1776, -1
87, 1082, -1
87, 1911, -1
87, 2, -1
87, 1717, -1
87, 3, -1
87, 133, -1
87, 1142, -1
87, 1, -1
87, 1800, -1
87, 11, -1
87, 1679, -1
87, 215, -1
87, 24, -1
87, 1379, -1
87, 1501, -1
24, 1064, -1
10, 1501, -1
215, 1879, -1
1679, 1064, -1
1800, 1064, -1
1379, 94, -1
215, 94, -1
1064, 1379, -1
1064, 3, -1
11, 2021, -1
1064, 1717, -1
24, 10, -1
24, 2060, -1
1379, 2021, -1
1064, 1082, -1
1679, 10, -1
1064, 133, -1
2021, 1717, -1
1800, 10, -1
1800, 2060, -1
10, 1142, -1
1, 10, -1
11, 1879, -1
2021, 133, -1
1, 2060, -1
2060, 1717, -1
24, 94, -1
2021, 1911, -1
3, 2060, -1
1800, 94, -1
2060, 133, -1
1379, 1879, -1
1, 94, -1
2060, 1911, -1
24, 2021, -1
3, 94, -1
1679, 2021, -1
1800, 2021, -1
1911, 1879, -1
1911, 94, -1
1, 2021, -1
1679, 2060, -1
1717, 1879, -1
1064, 215, -1
1717, 94, -1
3, 2021, -1
1082, 10, -1
1501, 94, -1
1064, 1911, -1
24, 1879, -1
1776, 1064, -1
1679, 1879, -1
1800, 1879, -1
10, 1379, -1
10, 3, -1
1679, 94, -1
1, 1879, -1
10, 1717, -1
133, 1879, -1
3, 1879, -1
2021, 1501, -1
133, 94, -1
1776, 10, -1
10, 133, -1
1776, 2060, -1
2, 10, -1
2, 2060, -1
1064, 2, -1
1064, 11, -1
10, 1911, -1
94, 1142, -1
2060, 1501, -1
215, 10, -1
1082, 2021, -1
1501, 1879, -1
1776, 94, -1
1064, 1142, -1
2, 94, -1
1082, 2060, -1
2021, 1142, -1
1082, 1879, -1
1064, 1501, -1
1776, 2021, -1
2, 2021, -1
1082, 94, -1
2060, 1142, -1
10, 11, -1
11, 2060, -1
215, 2021, -1
1879, 1142, -1
1379, 2060, -1
215, 2060, -1
1776, 1879, -1
2, 1879, -1
11, 94, -1
1064, 1, -1
2021, 215, -1
1501, 1064, -1
2021, 1679, -1
1717, 87, -1
1501, 87, -1
1879, 1717, -1
1776, 87, -1
11, 87, -1
94, 1717, -1
2060, 215, -1
1142, 87, -1
2, 87, -1
24, 87, -1
1142, 2021, -1
2060, 1679, -1
1800, 87, -1
94, 133, -1
1501, 10, -1
1501, 2060, -1
1379, 87, -1
1879, 215, -1
1142, 10, -1
94, 215, -1
1142, 2060, -1
1, 87, -1
10, 215, -1
1879, 1911, -1
94, 1911, -1
1879, 1679, -1
1082, 87, -1
94, 1679, -1
10, 1679, -1
133, 87, -1
3, 87, -1
1064, 1679, -1
1142, 1879, -1
1911, 87, -1
215, 87, -1
1679, 87, -1

1841, 1, 1
1841, 1800, 1
1052, 24, 1
166, 1, 1
166, 1800, 1
166, 1841, 1
253, 11, 1
253, 1679, 1
253, 215, 1
1, 166, 1
1679, 215, 1
1800, 1841, 1
11, 215, 1
1800, 166, 1
1800, 1, 1
1841, 166, 1
11, 1679, 1
1, 1841, 1
11, 253, 1
215, 253, 1
215, 1679, 1
215, 11, 1
1679, 11, 1
1679, 253, 1
1841, 1776, -1
1841, 1082, -1
1841, 1911, -1
1841, 2, -1
1841, 1717, -1
1841, 3, -1
1841, 133, -1
1841, 1142, -1
1841, 10, -1
1841, 94, -1
1841, 2060, -1
1841, 2021, -1
1841, 1879, -1
1841, 1064, -1
1841, 87, -1
1841, 11, -1
1841, 1679, -1
1841, 215, -1
1841, 24, -1
1841, 1379, -1
1841, 1501, -1
1052, 1776, -1
1052, 1082, -1
1052, 1911, -1
1052, 2, -1
1052, 1717, -1
1052, 3, -1
1052, 133, -1
1052, 1142, -1
1052, 1, -1
1052, 1800, -1
1052, 1841, -1
1052, 10, -1
1052, 94, -1
1052, 2060, -1
1052, 2021, -1
1052, 1879, -1
1052, 1064, -1
1052, 87, -1
1052, 11, -1
1052, 1679, -1
1052, 215, -1
1052, 1379, -1
1052, 1501, -1
166, 1776, -1
166, 1082, -1
166, 1911, -1
166, 2, -1
166, 1717, -1
166, 3, -1
166, 133, -1
166, 1142, -1
166, 10, -1
166, 94, -1
166, 2060, -1
166, 2021, -1
166, 1879, -1
166, 1064, -1
166, 87, -1
166, 11, -1
166, 1679, -1
166, 215, -1
166, 24, -1
166, 1052, -1
166, 1379, -1
166, 1501, -1
253, 1776, -1
253, 1082, -1
253, 1911, -1
253, 2, -1
253, 1717, -1
253, 3, -1
253, 133, -1
253, 1142, -1
253, 1, -1
253, 1800, -1
253, 1841, -1
253, 166, -1
253, 10, -1
253, 94, -1
253, 2060, -1
253, 2021, -1
253, 1879, -1
253, 1064, -1
253, 87, -1
253, 24, -1
253, 1052, -1
253, 1379, -1
253, 1501, -1
11, 1717, -1
3, 1679, -1
1800, 24, -1
1776, 11, -1
24, 1082, -1
215, 1879, -1
2, 11, -1
11, 133, -1
11, 87, -1
1800, 1082, -1
1841, 253, -1
1052, 166, -1
1501, 166, -1
11, 1911, -1
24, 1841, -1
1501, 1679, -1
1, 1082, -1
24, 1, -1
24, 10, -1
215, 87, -1
94, 215, -1
24, 2060, -1
1379, 215, -1
1082, 11, -1
1800, 10, -1
215, 1911, -1
10, 166, -1
1800, 2060, -1
10, 1679, -1
1082, 166, -1
24, 1379, -1
24, 3, -1
1052, 253, -1
1, 10, -1
11, 1879, -1
1, 2060, -1
133, 166, -1
1800, 1379, -1
133, 1679, -1
1800, 3, -1
24, 94, -1
2021, 215, -1
24, 1717, -1
1800, 94, -1
1679, 1717, -1
1800, 1052, -1
1, 1379, -1
1800, 1717, -1
1, 3, -1
24, 133, -1
2060, 215, -1
24, 87, -1
1, 94, -1
24, 215, -1
1, 1052, -1
1, 1717, -1
1776, 166, -1
1800, 133, -1
24, 2021, -1
1841, 1052, -1
1776, 1, -1
2, 166, -1
1800, 87, -1
24, 1911, -1
1776, 1679, -1
1142, 1679, -1
2, 1679, -1
1800, 215, -1
1800, 2021, -1
1, 133, -1
1800, 1911, -1
1, 87, -1
1, 215, -1
1, 2021, -1
1, 1911, -1
1776, 1800, -1
1064, 215, -1
3, 215, -1
2021, 11, -1
1082, 1679, -1
1776, 24, -1
24, 1879, -1
1679, 1879, -1
1800, 1879, -1
24, 2, -1
24, 11, -1
1501, 215, -1
1, 1879, -1
1800, 2, -1
1800, 11, -1
1776, 1841, -1
11, 166, -1
11, 1052, -1
1679, 87, -1
11, 1142, -1
1, 2, -1
1, 11, -1
1679, 1911, -1
10, 215, -1
1379, 166, -1
94, 1, -1
1064, 11, -1
94, 1679, -1
1379, 1679, -1
24, 1501, -1
133, 215, -1
1064, 166, -1
24, 253, -1
1064, 1679, -1
1800, 1501, -1
1800, 253, -1
2021, 166, -1
1501, 11, -1
2021, 1679, -1
1, 1501, -1
1, 253, -1
215, 1717, -1
1064, 1800, -1
1717, 166, -1
1776, 215, -1
1142, 215, -1
2, 215, -1
2060, 166, -1
1064, 24, -1
24, 166, -1
2060, 1679, -1
24, 1679, -1
10, 11, -1
24, 1142, -1
11, 2060, -1
1800, 1679, -1
94, 1841, -1
1800, 1142, -1
1082, 215, -1
11, 1379, -1
11, 3, -1
1, 1679, -1
24, 1800, -1
1, 1142, -1
1064, 1841, -1
3, 166, -1
11, 94, -1
1064, 1, -1
2, 1052, -1
215, 1379, -1
2021, 1841, -1
215, 3, -1
215, 1501, -1
1379, 253, -1
1911, 1679, -1
10, 253, -1
1717, 215, -1
215, 1052, -1
1717, 1841, -1
1379, 1052, -1
215, 94, -1
10, 1052, -1
1082, 253, -1
2060, 1841, -1
1501, 1841, -1
1717, 1679, -1
11, 1841, -1
11, 2021, -1
1082, 1052, -1
1142, 1841, -1
2, 1841, -1
1064, 253, -1
3, 253, -1
215, 133, -1
1064, 1052, -1
3, 1052, -1
215, 2021, -1
215, 166, -1
1379, 1841, -1
1879, 1679, -1
10, 1841, -1
215, 1142, -1
1082, 1841, -1
11, 1501, -1
2060, 253, -1
1776, 253, -1
133, 1841, -1
215, 2060, -1
2, 253, -1
3, 1841, -1
87, 1679, -1
2060, 1052, -1
1776, 1052, -1
133, 1, -1
1679, 1501, -1
1911, 215, -1
3, 1, -1
1679, 1052, -1
1679, 94, -1
2021, 1, -1
1679, 2, -1
1679, 1082, -1
1679, 133, -1
1717, 1, -1
2060, 1, -1
1501, 1, -1
11, 1, -1
1142, 1, -1
2, 1, -1
1679, 1841, -1
1679, 166, -1
1679, 2021, -1
1879, 215, -1
1679, 1142, -1
1679, 1, -1
1679, 10, -1
1679, 2060, -1
1379, 1, -1
87, 215, -1
10, 1, -1
1082, 1, -1
1679, 1379, -1
1679, 3, -1

58, 1, 1
58, 1800, 1
58, 1841, 1
58, 166, 1
1958, 11, 1
1958, 1679, 1
1958, 215, 1
1958, 253, 1
523, 1, 1
523, 1800, 1
523, 1841, 1
523, 166, 1
523, 58, 1
420, 1717, 1
420, 3, 1
420, 133, 1
420, 1142, 1
778, 10, 1
778, 94, 1
778, 2060, 1
778, 2021, 1
778, 1879, 1
778, 1064, 1
778, 87, 1
1064, 10, 1
133, 1142, 1
3, 1142, 1
1064, 2060, 1
1, 58, 1
94, 1879, 1
2060, 87, 1
1841, 58, 1
10, 1879, 1
11, 215, 1
253, 215, 1
10, 94, 1
2060, 2021, 1
1717, 1142, 1
1064, 1879, 1
11, 1679, 1
253, 1679, 1
1064, 94, 1
1679, 215, 1
1879, 87, 1
1800, 523, 1
133, 1717, 1
1800, 1841, 1
3, 1717, 1
1800, 166, 1
94, 87, 1
10, 87, 1
1800, 1, 1
1841, 1, 1
2021, 1879, 1
2021, 94, 1
10, 2021, 1
1, 523, 1
1, 166, 1
3, 133, 1
2060, 94, 1
1064, 87, 1
1841, 523, 1
11, 253, 1
1064, 2021, 1
1841, 166, 1
2060, 1879, 1
10, 2060, 1
58, 523, 1
1800, 58, 1
2021, 87, 1
11, 1958, 1
1, 1841, 1
215, 1679, 1
1142, 1717, 1
253, 1958, 1
215, 1958, 1
1064, 778, 1
10, 778, 1
1717, 133, 1
166, 1841, 1
87, 1879, 1
215, 253, 1
3, 420, 1
215, 11, 1
1142, 133, 1
166, 1, 1
1679, 253, 1
1679, 11, 1
1679, 1958, 1
58, 1776, -1
58, 1082, -1
58, 1911, -1
58, 2, -1
58, 1717, -1
58, 3, -1
58, 133, -1
58, 1142, -1
58, 10, -1
58, 94, -1
58, 2060, -1
58, 2021, -1
58, 1879, -1
58, 1064, -1
58, 87, -1
58, 11, -1
58, 1679, -1
58, 215, -1
58, 253, -1
58, 24, -1
58, 1052, -1
58, 1379, -1
58, 1501, -1
1958, 1776, -1
1958, 1082, -1
1958, 1911, -1
1958, 2, -1
1958, 1717, -1
1958, 3, -1
1958, 133, -1
1958, 1142, -1
1958, 1, -1
1958, 1800, -1
1958, 1841, -1
1958, 166, -1
1958, 58, -1
1958, 10, -1
1958, 94, -1
1958, 2060, -1
1958, 2021, -1
1958, 1879, -1
1958, 1064, -1
1958, 87, -1
1958, 24, -1
1958, 1052, -1
1958, 1379, -1
1958, 1501, -1
523, 1776, -1
523, 1082, -1
523, 1911, -1
523, 2, -1
523, 1717, -1
523, 3, -1
523, 133, -1
523, 1142, -1
523, 10, -1
523, 94, -1
523, 2060, -1
523, 2021, -1
523, 1879, -1
523, 1064, -1
523, 87, -1
523, 11, -1
523, 1679, -1
523, 215, -1
523, 253, -1
523, 1958, -1
523, 24, -1
523, 1052, -1
523, 1379, -1
523, 1501, -1
420, 1776, -1
420, 1082, -1
420, 1911, -1
420, 2, -1
420, 1, -1
420, 1800, -1
420, 1841, -1
420, 166, -1
420, 58, -1
420, 523, -1
420, 10, -1
420, 94, -1
420, 2060, -1
420, 2021, -1
420, 1879, -1
420, 1064, -1
420, 87, -1
420, 11, -1
420, 1679, -1
420, 215, -1
420, 253, -1
420, 1958, -1
420, 24, -1
420, 1052, -1
420, 1379, -1
420, 1501, -1
778, 1776, -1
778, 1082, -1
778, 1911, -1
778, 2, -1
778, 1717, -1
778, 3, -1
778, 133, -1
778, 1142, -1
778, 420, -1
778, 1, -1
778, 1800, -1
778, 1841, -1
778, 166, -1
778, 58, -1
778, 523, -1
778, 11, -1
778, 1679, -1
778, 215, -1
778, 253, -1
778, 1958, -1
778, 24, -1
778, 1052, -1
778, 1379, -1
778, 1501, -1
11, 1717, -1
10, 1501, -1
1, 778, -1
215, 1879, -1
58, 778, -1
1052, 166, -1
166, 1879, -1
1501, 1142, -1
1064, 1052, -1
1064, 1717, -1
1379, 133, -1
133, 1958, -1
24, 2060, -1
2021, 1717, -1
1800, 10, -1
10, 166, -1
1082, 166, -1
133, 1679, -1
3, 1, -1
10, 58, -1
1800, 1052, -1
1, 1379, -1
1800, 1717, -1
2060, 215, -1
24, 87, -1
1, 94, -1
253, 166, -1
1142, 166, -1
2, 166, -1
94, 11, -1
1052, 1679, -1
10, 1082, -1
3, 1052, -1
1, 215, -1
1, 2021, -1
1064, 215, -1
1082, 1679, -1
1501, 94, -1
87, 1679, -1
24, 1879, -1
94, 253, -1
1379, 253, -1
10, 3, -1
1052, 133, -1
1717, 87, -1
1082, 3, -1
1501, 215, -1
1841, 1879, -1
1679, 87, -1
1841, 1717, -1
1776, 10, -1
166, 1958, -1
10, 133, -1
1052, 2060, -1
1679, 1911, -1
1082, 133, -1
2021, 1958, -1
94, 1142, -1
1379, 1142, -1
11, 1800, -1
133, 87, -1
2, 3, -1
1064, 1679, -1
133, 1911, -1
1776, 1717, -1
166, 1679, -1
1082, 2060, -1
2021, 1679, -1
1800, 1958, -1
253, 133, -1
2, 133, -1
1064, 1800, -1
1052, 87, -1
24, 166, -1
10, 2, -1
10, 11, -1
1, 420, -1
3, 1958, -1
11, 2060, -1
1800, 1679, -1
10, 523, -1
58, 420, -1
1082, 87, -1
87, 1911, -1
3, 1679, -1
24, 1064, -1
1379, 58, -1
1142, 11, -1
2, 11, -1
10, 253, -1
11, 87, -1
1379, 94, -1
253, 87, -1
3, 1800, -1
11, 1911, -1
24, 1841, -1
1052, 1142, -1
1841, 1958, -1
215, 87, -1
94, 215, -1
1379, 215, -1
1379, 2021, -1
1879, 1679, -1
215, 1911, -1
1800, 2060, -1
1717, 1958, -1
166, 87, -1
10, 1142, -1
24, 3, -1
1142, 253, -1
2, 253, -1
1082, 1142, -1
1, 10, -1
11, 1879, -1
133, 166, -1
1841, 1679, -1
166, 1911, -1
2060, 1717, -1
2021, 1911, -1
3, 2060, -1
1717, 215, -1
24, 133, -1
1841, 3, -1
1, 1052, -1
1, 1717, -1
1800, 87, -1
1776, 1679, -1
253, 1142, -1
2, 1142, -1
1800, 1911, -1
1841, 133, -1
11, 1501, -1
1776, 1800, -1
3, 87, -1
253, 1501, -1
3, 1911, -1
1501, 1717, -1
166, 1142, -1
1841, 2060, -1
1800, 1879, -1
10, 1379, -1
24, 11, -1
1082, 58, -1
1052, 2021, -1
11, 166, -1
24, 523, -1
3, 1879, -1
2021, 1501, -1
1776, 2060, -1
10, 215, -1
1879, 1911, -1
1841, 87, -1
1082, 2021, -1
2, 58, -1
1064, 166, -1
1841, 1911, -1
24, 253, -1
2060, 1958, -1
1800, 1501, -1
1142, 94, -1
2, 94, -1
2021, 166, -1
1776, 87, -1
1142, 215, -1
3, 1501, -1
2, 215, -1
1, 1958, -1
253, 2021, -1
11, 1841, -1
2, 2021, -1
2060, 1679, -1
24, 1142, -1
1064, 1958, -1
58, 1958, -1
1379, 1, -1
11, 3, -1
1, 1679, -1
1064, 1841, -1
1776, 1879, -1
1841, 1142, -1
3, 166, -1
11, 133, -1
1800, 1064, -1
1841, 1501, -1
1379, 1717, -1
1800, 1082, -1
1064, 3, -1
523, 420, -1
1501, 1679, -1
10, 420, -1
1082, 11, -1
1064, 133, -1
24, 58, -1
1052, 253, -1
2021, 133, -1
3, 1841, -1
1, 2060, -1
1064, 1, -1
1800, 3, -1
24, 94, -1
1841, 1379, -1
1082, 253, -1
11, 523, -1
24, 215, -1
2060, 1911, -1
1776, 166, -1
1800, 133, -1
24, 2021, -1
1841, 1082, -1
1, 87, -1
1776, 58, -1
1, 1911, -1
1841, 2021, -1
1717, 94, -1
1064, 1911, -1
1776, 1064, -1
1501, 87, -1
94, 1958, -1
1, 1879, -1
1800, 2, -1
10, 1052, -1
10, 1717, -1
1800, 11, -1
1776, 1841, -1
166, 253, -1
11, 1142, -1
133, 94, -1
2021, 253, -1
94, 1679, -1
3, 11, -1
1379, 1679, -1
2060, 1501, -1
1776, 3, -1
133, 215, -1
1501, 1879, -1
3, 523, -1
1064, 1142, -1
1052, 94, -1
253, 1717, -1
2, 1717, -1
1800, 253, -1
1, 1501, -1
2021, 1142, -1
1776, 133, -1
1052, 215, -1
1064, 1501, -1
1717, 1679, -1
2060, 166, -1
3, 253, -1
1082, 94, -1
1841, 420, -1
1841, 2, -1
1800, 1142, -1
1841, 11, -1
1082, 215, -1
11, 1379, -1
11, 58, -1
87, 215, -1
1379, 2060, -1
1800, 778, -1
11, 94, -1
253, 94, -1
1776, 11, -1
1064, 1379, -1
1064, 58, -1
10, 1958, -1
1841, 253, -1
1776, 523, -1
1501, 166, -1
11, 2021, -1
1, 1082, -1
166, 94, -1
24, 1, -1
1379, 87, -1
24, 10, -1
1064, 1082, -1
94, 1911, -1
10, 1679, -1
1776, 253, -1
166, 215, -1
1841, 10, -1
1800, 1379, -1
2021, 215, -1
1142, 1958, -1
24, 1717, -1
1800, 94, -1
2060, 133, -1
1, 3, -1
1379, 1879, -1
1841, 778, -1
1717, 1911, -1
3, 1379, -1
3, 58, -1
1841, 1052, -1
1776, 1, -1
1142, 1679, -1
2, 1679, -1
1800, 215, -1
1776, 1142, -1
3, 94, -1
1800, 2021, -1
1, 133, -1
1717, 1879, -1
3, 215, -1
3, 2021, -1
1679, 1879, -1
11, 420, -1
1501, 133, -1
133, 1879, -1
1841, 94, -1
1, 2, -1
1, 11, -1
1879, 215, -1
2, 2060, -1
1064, 420, -1
94, 166, -1
1064, 2, -1
1379, 166, -1
1064, 11, -1
10, 1911, -1
1841, 215, -1
2060, 253, -1
1052, 1879, -1
1064, 523, -1
1776, 94, -1
1052, 1717, -1
1, 253, -1
1717, 166, -1
1142, 87, -1
1776, 215, -1
2, 87, -1
1800, 420, -1
1082, 1879, -1
1776, 2021, -1
1064, 253, -1
253, 1911, -1
1142, 1911, -1
2060, 1142, -1
1082, 1717, -1
11, 1, -1
24, 1679, -1
1379, 1841, -1
24, 1800, -1
1, 1142, -1
253, 1879, -1
1142, 1879, -1
2, 1879, -1
11, 1052, -1
2021, 1841, -1
94, 3, -1
166, 2060, -1
1911, 1679, -1
1679, 1064, -1
215, 94, -1
94, 1717, -1
1717, 1841, -1
2060, 1841, -1
1142, 523, -1
2, 523, -1
1, 1064, -1
94, 133, -1
1841, 1064, -1
1082, 420, -1
166, 1717, -1
1679, 10, -1
1501, 778, -1
1082, 523, -1
24, 778, -1
133, 1841, -1
2060, 1052, -1
1679, 778, -1
1776, 1958, -1
1052, 1958, -1
2, 1958, -1
1501, 1064, -1
1776, 420, -1
1679, 1717, -1
2, 420, -1
1052, 1841, -1
1501, 1841, -1
94, 420, -1
215, 420, -1
1082, 1958, -1
87, 1958, -1
1501, 10, -1
1679, 2021, -1
1501, 2060, -1
1911, 1879, -1
94, 523, -1
215, 166, -1
215, 523, -1
1911, 94, -1
10, 1841, -1
215, 1142, -1
1776, 778, -1
1679, 2060, -1
1082, 1841, -1
2021, 11, -1
87, 166, -1
1082, 10, -1
87, 1142, -1
1911, 87, -1
523, 778, -1
215, 1501, -1
1679, 94, -1
1082, 778, -1
1879, 1717, -1
1379, 1958, -1
253, 1841, -1
1142, 1841, -1
2, 1841, -1
1379, 420, -1
253, 10, -1
1142, 10, -1
2, 10, -1
1142, 2060, -1
94, 1, -1
215, 10, -1
253, 778, -1
1142, 58, -1
1142, 778, -1
2, 778, -1
24, 1958, -1
94, 58, -1
215, 1379, -1
215, 778, -1
215, 3, -1
2060, 420, -1
1501, 11, -1
24, 420, -1
215, 1052, -1
215, 1717, -1
1142, 2021, -1
215, 133, -1
87, 1717, -1
253, 2060, -1
215, 2021, -1
94, 1841, -1
166, 133, -1
1911, 1958, -1
215, 2060, -1
166, 2021, -1
1501, 1958, -1
133, 1, -1
1679, 1501, -1
1911, 215, -1
1679, 1052, -1
2021, 1, -1
1879, 1958, -1
1679, 420, -1
1679, 2, -1
1679, 1082, -1
1679, 133, -1
1717, 1, -1
2060, 1, -1
1501, 1, -1
1052, 1, -1
253, 1, -1
1142, 1, -1
2, 1, -1
1679, 1841, -1
1679, 166, -1
1679, 523, -1
1879, 166, -1
1679, 1142, -1
1679, 1, -1
1879, 1142, -1
2021, 1052, -1
10, 1, -1
420, 778, -1
1082, 1, -1
1679, 1379, -1
1679, 58, -1
1679, 3, -1

2169, 1, 1
2169, 1800, 1
2169, 1841, 1
2169, 166, 1
2169, 58, 1
2169, 523, 1
2145, 1, 1
2145, 1800, 1
2145, 1841, 1
2145, 166, 1
2145, 58, 1
2145, 523, 1
2145, 2169, 1
915, 1717, 1
915, 3, 1
915, 133, 1
915, 1142, 1
915, 420, 1
44, 1, 1
44, 1800, 1
44, 1841, 1
44, 166, 1
44, 58, 1
44, 523, 1
44, 2169, 1
44, 2145, 1
455, 10, 1
455, 94, 1
455, 2060, 1
455, 2021, 1
455, 1879, 1
455, 1064, 1
455, 87, 1
455, 778, 1
2225, 1, 1
2225, 1800, 1
2225, 1841, 1
2225, 166, 1
2225, 58, 1
2225, 523, 1
2225, 2169, 1
2225, 2145, 1
2225, 44, 1
1800, 2169, 1
1064, 10, 1
133, 1142, 1
3, 1142, 1
420, 1717, 1
1064, 2060, 1
1, 58, 1
2169, 2145, 1
94, 1879, 1
2060, 87, 1
420, 133, 1
1841, 58, 1
10, 1879, 1
778, 1879, 1
2169, 2225, 1
778, 94, 1
10, 94, 1
1064, 778, 1
2060, 2021, 1
1717, 1142, 1
1064, 1879, 1
1064, 94, 1
420, 1142, 1
1879, 87, 1
1800, 44, 1
1800, 523, 1
133, 1717, 1
1800, 1841, 1
3, 1717, 1
1800, 166, 1
94, 87, 1
778, 87, 1
10, 87, 1
1800, 1, 1
1841, 1, 1
2021, 1879, 1
523, 166, 1
2021, 94, 1
523, 44, 1
1800, 2225, 1
3, 420, 1
10, 2021, 1
778, 2021, 1
1, 44, 1
1, 523, 1
1, 1841, 1
1, 166, 1
3, 133, 1
2145, 44, 1
2060, 94, 1
1064, 87, 1
2169, 44, 1
1841, 44, 1
1841, 523, 1
778, 10, 1
1064, 2021, 1
1800, 2145, 1
1841, 166, 1
2145, 2225, 1
10, 2060, 1
2060, 1879, 1
778, 2060, 1
58, 44, 1
58, 523, 1
1800, 58, 1
58, 166, 1
2021, 87, 1
778, 455, 1
10, 455, 1
58, 1, 1
166, 1, 1
1142, 1717, 1
58, 2225, 1
10, 778, 1
1717, 133, 1
1064, 455, 1
87, 455, 1
2021, 455, 1
87, 1879, 1
3, 915, 1
2060, 455, 1
523, 1841, 1
523, 1, 1
523, 2225, 1
166, 1841, 1
1, 2225, 1
94, 455, 1
58, 1841, 1
1841, 2225, 1
1142, 133, 1
1879, 94, 1
1879, 455, 1
420, 915, 1
87, 94, 1
2169, 1776, -1
2169, 1082, -1
2169, 1911, -1
2169, 2, -1
2169, 1717, -1
2169, 3, -1
2169, 133, -1
2169, 1142, -1
2169, 420, -1
2169, 10, -1
2169, 94, -1
2169, 2060, -1
2169, 2021, -1
2169, 1879, -1
2169, 1064, -1
2169, 87, -1
2169, 778, -1
2169, 11, -1
2169, 1679, -1
2169, 215, -1
2169, 253, -1
2169, 1958, -1
2169, 24, -1
2169, 1052, -1
2169, 1379, -1
2169, 1501, -1
2145, 1776, -1
2145, 1082, -1
2145, 1911, -1
2145, 2, -1
2145, 1717, -1
2145, 3, -1
2145, 133, -1
2145, 1142, -1
2145, 420, -1
2145, 10, -1
2145, 94, -1
2145, 2060, -1
2145, 2021, -1
2145, 1879, -1
2145, 1064, -1
2145, 87, -1
2145, 778, -1
2145, 11, -1
2145, 1679, -1
2145, 215, -1
2145, 253, -1
2145, 1958, -1
2145, 24, -1
2145, 1052, -1
2145, 1379, -1
2145, 1501, -1
915, 1776, -1
915, 1082, -1
915, 1911, -1
915, 2, -1
915, 1, -1
915, 1800, -1
915, 1841, -1
915, 166, -1
915, 58, -1
915, 523, -1
915, 2169, -1
915, 2145, -1
915, 10, -1
915, 94, -1
915, 2060, -1
915, 2021, -1
915, 1879, -1
915, 1064, -1
915, 87, -1
915, 778, -1
915, 11, -1
915, 1679, -1
915, 215, -1
915, 253, -1
915, 1958, -1
915, 24, -1
915, 1052, -1
915, 1379, -1
915, 1501, -1
44, 1776, -1
44, 1082, -1
44, 1911, -1
44, 2, -1
44, 1717, -1
44, 3, -1
44, 133, -1
44, 1142, -1
44, 420, -1
44, 915, -1
44, 10, -1
44, 94, -1
44, 2060, -1
44, 2021, -1
44, 1879, -1
44, 1064, -1
44, 87, -1
44, 778, -1
44, 11, -1
44, 1679, -1
44, 215, -1
44, 253, -1
44, 1958, -1
44, 24, -1
44, 1052, -1
44, 1379, -1
44, 1501, -1
455, 1776, -1
455, 1082, -1
455, 1911, -1
455, 2, -1
455, 1717, -1
455, 3, -1
455, 133, -1
455, 1142, -1
455, 420, -1
455, 915, -1
455, 1, -1
455, 1800, -1
455, 1841, -1
455, 166, -1
455, 58, -1
455, 523, -1
455, 2169, -1
455, 2145, -1
455, 44, -1
455, 11, -1
455, 1679, -1
455, 215, -1
455, 253, -1
455, 1958, -1
455, 24, -1
455, 1052, -1
455, 1379, -1
455, 1501, -1
2225, 1776, -1
2225, 1082, -1
2225, 1911, -1
2225, 2, -1
2225, 1717, -1
2225, 3, -1
2225, 133, -1
2225, 1142, -1
2225, 420, -1
2225, 915, -1
2225, 10, -1
2225, 94, -1
2225, 2060, -1
2225, 2021, -1
2225, 1879, -1
2225, 1064, -1
2225, 87, -1
2225, 778, -1
2225, 455, -1
2225, 11, -1
2225, 1679, -1
2225, 215, -1
2225, 253, -1
2225, 1958, -1
2225, 24, -1
2225, 1052, -1
2225, 1379, -1
2225, 1501, -1
11, 1717, -1
1064, 2225, -1
58, 1142, -1
523, 1501, -1
10, 1501, -1
1, 778, -1
166, 455, -1
215, 1879, -1
1679, 1064, -1
3, 2145, -1
58, 778, -1
1052, 166, -1
166, 1879, -1
1501, 1142, -1
1064, 1052, -1
778, 420, -1
1064, 1717, -1
1379, 133, -1
133, 1958, -1
778, 11, -1
915, 44, -1
24, 2060, -1
2021, 1717, -1
1800, 10, -1
10, 166, -1
1082, 166, -1
133, 1679, -1
3, 1, -1
3, 2225, -1
3, 10, -1
10, 58, -1
1776, 420, -1
1800, 1052, -1
1, 1379, -1
1800, 1717, -1
24, 87, -1
523, 1958, -1
1, 94, -1
3, 778, -1
58, 1379, -1
253, 166, -1
1142, 166, -1
2, 166, -1
87, 1958, -1
58, 94, -1
3, 1052, -1
1, 215, -1
1776, 2145, -1
420, 455, -1
10, 44, -1
1, 2021, -1
1679, 2060, -1
1064, 215, -1
58, 215, -1
58, 2021, -1
420, 1879, -1
1501, 94, -1
24, 1879, -1
1911, 87, -1
523, 3, -1
10, 3, -1
523, 915, -1
1052, 133, -1
1717, 87, -1
10, 915, -1
778, 1052, -1
778, 1717, -1
1841, 1879, -1
1064, 2169, -1
1679, 87, -1
523, 133, -1
1841, 1717, -1
1776, 10, -1
166, 1958, -1
10, 133, -1
1052, 2060, -1
1082, 133, -1
2021, 1958, -1
94, 1142, -1
1379, 1142, -1
133, 87, -1
133, 1911, -1
1776, 1717, -1
166, 1679, -1
1082, 2060, -1
1800, 1958, -1
253, 133, -1
133, 455, -1
2, 133, -1
1064, 1800, -1
1052, 87, -1
420, 166, -1
24, 166, -1
10, 11, -1
1, 420, -1
3, 1958, -1
11, 2060, -1
1879, 166, -1
1800, 1679, -1
10, 523, -1
58, 420, -1
1082, 87, -1
215, 2060, -1
3, 1679, -1
420, 1958, -1
24, 1064, -1
523, 253, -1
10, 253, -1
1064, 2145, -1
1879, 1958, -1
1379, 94, -1
11, 87, -1
253, 87, -1
2, 523, -1
24, 44, -1
24, 1841, -1
1052, 1142, -1
1841, 1958, -1
420, 1679, -1
215, 87, -1
1379, 2021, -1
1379, 44, -1
1800, 2060, -1
523, 1142, -1
1717, 1958, -1
166, 87, -1
10, 1142, -1
24, 3, -1
1082, 1142, -1
1, 10, -1
11, 1879, -1
133, 166, -1
1841, 1679, -1
166, 1911, -1
2060, 1717, -1
58, 10, -1
2021, 1911, -1
3, 2060, -1
1717, 215, -1
24, 133, -1
1841, 3, -1
1841, 915, -1
1, 1052, -1
1, 1717, -1
1800, 87, -1
253, 1142, -1
2, 1142, -1
1679, 2021, -1
58, 1052, -1
58, 1717, -1
1800, 1911, -1
1841, 133, -1
420, 2060, -1
1776, 1800, -1
3, 87, -1
1800, 455, -1
87, 166, -1
3, 1911, -1
1501, 1717, -1
166, 1142, -1
1841, 2060, -1
523, 1379, -1
2169, 455, -1
1800, 1879, -1
10, 1379, -1
1082, 58, -1
3, 455, -1
1052, 2021, -1
420, 87, -1
1052, 44, -1
11, 166, -1
24, 523, -1
1379, 420, -1
3, 1879, -1
420, 1911, -1
2021, 1501, -1
1776, 2060, -1
523, 215, -1
523, 2021, -1
44, 455, -1
778, 1911, -1
1841, 87, -1
1082, 2021, -1
1082, 44, -1
2, 58, -1
1064, 166, -1
1841, 1911, -1
2060, 1958, -1
1800, 1501, -1
1142, 94, -1
2, 94, -1
2021, 166, -1
1841, 455, -1
1776, 87, -1
1142, 215, -1
3, 1501, -1
1, 1958, -1
2, 2021, -1
2, 44, -1
24, 1142, -1
1064, 1958, -1
58, 1958, -1
215, 2021, -1
1879, 1142, -1
11, 3, -1
1, 1679, -1
1064, 1841, -1
420, 1501, -1
1776, 1879, -1
1841, 1142, -1
3, 166, -1
58, 1679, -1
778, 1501, -1
11, 133, -1
1800, 1064, -1
1841, 1501, -1
1379, 1717, -1
1800, 1082, -1
1064, 3, -1
1064, 915, -1
523, 420, -1
10, 420, -1
523, 11, -1
1082, 420, -1
1679, 10, -1
3, 1082, -1
1064, 133, -1
778, 166, -1
1082, 523, -1
420, 58, -1
24, 58, -1
3, 44, -1
2021, 133, -1
3, 1841, -1
1, 2060, -1
1679, 778, -1
1800, 3, -1
24, 94, -1
1800, 915, -1
58, 2060, -1
2, 420, -1
1841, 1379, -1
2169, 915, -1
2060, 1911, -1
1776, 166, -1
1800, 133, -1
778, 1958, -1
420, 2021, -1
24, 2021, -1
420, 44, -1
1841, 1082, -1
1, 87, -1
1911, 94, -1
1776, 58, -1
1, 1911, -1
1841, 2021, -1
58, 87, -1
24, 2169, -1
1717, 94, -1
1082, 10, -1
1064, 1911, -1
58, 1911, -1
87, 1142, -1
1, 455, -1
1776, 1064, -1
778, 3, -1
1679, 94, -1
1082, 778, -1
778, 915, -1
58, 455, -1
1501, 87, -1
523, 1052, -1
94, 1958, -1
523, 1717, -1
1, 1879, -1
1800, 2, -1
10, 1052, -1
10, 1717, -1
1776, 44, -1
1800, 11, -1
1776, 1841, -1
11, 1142, -1
58, 1879, -1
133, 94, -1
778, 133, -1
2, 10, -1
2021, 253, -1
3, 2, -1
2060, 1501, -1
215, 10, -1
1776, 3, -1
2, 778, -1
133, 215, -1
1501, 1879, -1
1064, 1142, -1
1052, 94, -1
253, 1717, -1
2, 1717, -1
1800, 253, -1
215, 778, -1
1, 1501, -1
2021, 1142, -1
24, 420, -1
1776, 133, -1
523, 94, -1
1064, 1501, -1
1717, 1679, -1
2060, 166, -1
58, 1501, -1
3, 253, -1
1082, 94, -1
420, 523, -1
1841, 420, -1
1841, 2, -1
1800, 1142, -1
1841, 11, -1
778, 523, -1
24, 2145, -1
1379, 2060, -1
1800, 778, -1
420, 253, -1
11, 94, -1
253, 94, -1
778, 253, -1
2145, 915, -1
215, 94, -1
1064, 1379, -1
1064, 58, -1
2060, 44, -1
10, 1958, -1
1841, 253, -1
1776, 523, -1
1501, 166, -1
11, 2021, -1
11, 44, -1
1, 1082, -1
166, 94, -1
24, 1, -1
1379, 87, -1
24, 2225, -1
24, 10, -1
1064, 1082, -1
523, 1679, -1
778, 1142, -1
24, 778, -1
166, 215, -1
1064, 44, -1
1841, 10, -1
1800, 1379, -1
1142, 1958, -1
420, 1052, -1
24, 1717, -1
1800, 94, -1
2060, 133, -1
1, 3, -1
1379, 1879, -1
1841, 778, -1
1, 915, -1
1717, 1911, -1
3, 1379, -1
3, 58, -1
58, 3, -1
1841, 1052, -1
1776, 1, -1
1776, 2225, -1
58, 915, -1
1776, 1142, -1
1142, 1679, -1
1800, 215, -1
3, 94, -1
1800, 2021, -1
1717, 455, -1
1, 133, -1
1911, 1879, -1
1776, 778, -1
58, 133, -1
1717, 1879, -1
523, 2060, -1
3, 215, -1
915, 455, -1
3, 2021, -1
420, 94, -1
1679, 1879, -1
2145, 455, -1
778, 1379, -1
778, 58, -1
11, 420, -1
1501, 133, -1
3, 2169, -1
420, 215, -1
133, 1879, -1
1841, 94, -1
1, 2, -1
523, 87, -1
1, 11, -1
2, 2060, -1
1064, 420, -1
94, 166, -1
1064, 2, -1
1379, 166, -1
523, 1911, -1
1064, 11, -1
778, 44, -1
58, 11, -1
10, 1911, -1
1841, 215, -1
2060, 253, -1
1052, 1879, -1
1064, 523, -1
523, 455, -1
1776, 94, -1
1052, 1717, -1
523, 1879, -1
1, 253, -1
1717, 166, -1
1142, 87, -1
2, 87, -1
1800, 420, -1
1082, 1879, -1
1776, 2021, -1
1064, 253, -1
58, 253, -1
1142, 1911, -1
2060, 1142, -1
1082, 1717, -1
1142, 455, -1
1776, 2169, -1
24, 1800, -1
1, 1142, -1
253, 1879, -1
1142, 1879, -1
2, 1879, -1
1064, 1, -1
2021, 44, -1
2021, 1841, -1
94, 3, -1
1379, 58, -1
166, 2060, -1
94, 915, -1
1379, 915, -1
2021, 1, -1
94, 1717, -1
1717, 1841, -1
2060, 1841, -1
3, 1800, -1
1142, 523, -1
1717, 1, -1
420, 1841, -1
1501, 1, -1
1, 1064, -1
94, 133, -1
1841, 1064, -1
420, 1, -1
166, 1717, -1
94, 215, -1
11, 455, -1
94, 1911, -1
1879, 1679, -1
1501, 778, -1
1958, 1841, -1
778, 1679, -1
10, 1679, -1
11, 2169, -1
133, 1841, -1
1958, 1, -1
24, 915, -1
2060, 1052, -1
1379, 455, -1
133, 1, -1
2021, 215, -1
1501, 1064, -1
2060, 215, -1
1717, 44, -1
1052, 1841, -1
1501, 1841, -1
94, 420, -1
1958, 1717, -1
1052, 1, -1
778, 1082, -1
1501, 10, -1
1501, 2060, -1
1958, 133, -1
94, 523, -1
24, 455, -1
778, 1841, -1
10, 1841, -1
1958, 2021, -1
1082, 1841, -1
1958, 44, -1
523, 10, -1
778, 1, -1
10, 1, -1
778, 2225, -1
10, 2225, -1
133, 44, -1
1082, 1, -1
1082, 2225, -1
87, 1679, -1
1958, 2060, -1
1958, 455, -1
523, 778, -1
1082, 3, -1
1879, 1717, -1
1082, 915, -1
1958, 1879, -1
1142, 44, -1
253, 1841, -1
1142, 1841, -1
2, 1841, -1
253, 1, -1
1142, 1, -1
2, 1, -1
253, 10, -1
2, 2225, -1
1879, 215, -1
1142, 10, -1
1142, 2060, -1
1052, 455, -1
1501, 455, -1
10, 215, -1
1879, 1911, -1
778, 215, -1
1958, 87, -1
94, 1, -1
3, 11, -1
94, 2225, -1
94, 1679, -1
11, 1800, -1
253, 778, -1
1142, 778, -1
1142, 58, -1
2, 3, -1
1776, 915, -1
3, 523, -1
2, 915, -1
1064, 1679, -1
94, 58, -1
1082, 455, -1
2060, 420, -1
2021, 1679, -1
11, 1841, -1
1142, 2021, -1
2060, 1, -1
2060, 1679, -1
778, 2, -1
11, 1, -1
87, 1717, -1
11, 2225, -1
253, 2060, -1
94, 44, -1
94, 1841, -1
1776, 455, -1
1379, 1841, -1
253, 455, -1
2, 455, -1
166, 133, -1
11, 2145, -1
1379, 1, -1
1379, 2225, -1
87, 215, -1
11, 58, -1
166, 2021, -1
11, 915, -1
87, 1911, -1
10, 2, -1
1679, 455, -1
420, 10, -1
1911, 455, -1
420, 778, -1
215, 455, -1
2021, 1052, -1
10, 1082, -1

