1459, 1353, 1
2036, 919, 1
1837, 798, 1
654, 1725, -1
518, 373, -1
1224, 1557, -1
1739, 141, -1
637, 1416, -1
163, 2118, -1
723, 1404, -1

538, 1359, 1
1345, 1275, -1
705, 1021, -1
1398, 84, -1
180, 511, -1
668, 275, -1
875, 632, -1
1146, 995, -1
1893, 987, -1
1199, 2229, -1

1964, 1498, 1
1169, 1285, 1
917, 1700, -1
1172, 1806, -1
44, 786, -1
481, 1407, -1
657, 2278, -1
1552, 806, -1
1786, 1810, -1
2004, 2201, -1

576, 402, 1
683, 505, -1
1805, 985, -1
1197, 2013, -1
495, 63, -1
479, 166, -1
2028, 2231, -1
2137, 299, -1
33, 414, -1
979, 1491, -1

1668, 1047, 1
1707, 239, 1
1311, 1724, -1
501, 802, -1
2176, 77, -1
1729, 1151, -1
2099, 1211, -1
545, 1799, -1
1457, 425, -1
1576, 1612, -1

1182, 25, -1
607, 1024, -1
1557, 267, -1
709, 1204, -1
1961, 1130, -1
1982, 790, -1
1218, 1987, -1
1958, 1524, -1
1480, 810, -1
2108, 744, -1

772, 8, 1
1936, 2069, 1
791, 340, -1
43, 276, -1
2148, 1605, -1
790, 1238, -1
915, 736, -1
1202, 174, -1
499, 2306, -1
579, 540, -1

554, 973, -1
878, 1051, -1
1195, 1012, -1
368, 556, -1
2220, 721, -1
1889, 478, -1
1959, 2053, -1
718, 1009, -1
2231, 1731, -1
2003, 1391, -1

575, 1019, 1
837, 79, -1
1313, 110, -1
1472, 1827, -1
896, 1545, -1
2036, 1420, -1
275, 1099, -1
318, 383, -1
741, 2273, -1
1402, 428, -1

1254, 691, 1
2231, 1261, -1
1455, 1408, -1
217, 515, -1
1788, 1720, -1
1637, 705, -1
1541, 714, -1
574, 763, -1
1767, 947, -1
1636, 2144, -1

