549, 559, 1
240, 1625, -1
20, 1913, -1
333, 2137, -1
256, 776, -1
597, 1618, -1
1404, 264, -1
61, 1408, -1
575, 2279, -1
1466, 1862, -1

257, 1123, 1
351, 1364, 1
308, 992, -1
2049, 1477, -1
731, 654, -1
2176, 1183, -1
2302, 12, -1
397, 1795, -1
524, 682, -1
1420, 677, -1

1196, 1498, -1
104, 1896, -1
234, 706, -1
544, 1213, -1
683, 1118, -1
1492, 1383, -1
1231, 1973, -1
1688, 66, -1
946, 715, -1
528, 668, -1

1871, 1688, 1
1991, 1324, -1
2075, 1063, -1
146, 726, -1
1134, 1209, -1
1486, 1447, -1
421, 240, -1
703, 1152, -1
1459, 1129, -1
2308, 477, -1

1080, 731, 1
1624, 1540, -1
859, 1476, -1
2071, 1429, -1
1397, 1914, -1
1546, 1048, -1
1613, 1605, -1
794, 605, -1
1832, 495, -1
864, 346, -1

2202, 375, 1
1549, 2181, -1
2006, 1532, -1
1057, 400, -1
2147, 2250, -1
2075, 707, -1
593, 1755, -1
95, 9, -1
146, 1178, -1
1426, 1483, -1

1629, 2033, 1
899, 1026, 1
1502, 2084, 1
1289, 1579, -1
198, 1940, -1
1594, 2030, -1
1799, 1455, -1
190, 1714, -1
2062, 737, -1
605, 1309, -1

963, 1488, -1
1152, 1060, -1
1998, 2134, -1
615, 1941, -1
1965, 156, -1
1992, 1763, -1
2014, 128, -1
1460, 827, -1
1039, 602, -1
330, 8, -1

975, 418, 1
216, 329, 1
1380, 690, -1
1633, 1815, -1
1374, 661, -1
1210, 1600, -1
205, 969, -1
399, 1987, -1
1871, 1977, -1
342, 1903, -1

928, 758, 1
1781, 2212, 1
2008, 207, 1
29, 686, 1
438, 2101, -1
121, 72, -1
901, 2294, -1
1069, 277, -1
377, 2222, -1
1100, 247, -1

