644, 1453, 1
1524, 1024, -1
2217, 1245, -1
2129, 881, -1
1550, 985, -1
2134, 1751, -1
1820, 1441, -1
252, 722, -1
1066, 599, -1
1730, 1140, -1

1354, 1455, -1
2251, 2126, -1
2267, 1663, -1
661, 1170, -1
2035, 938, -1
1541, 1274, -1
2274, 1896, -1
706, 1376, -1
1671, 883, -1
1719, 1099, -1

805, 2266, 1
2207, 223, 1
2159, 1312, 1
387, 149, -1
1665, 374, -1
447, 1351, -1
1436, 1043, -1
1792, 1841, -1
1334, 148, -1
1412, 1625, -1

1439, 915, 1
1924, 1943, 1
1596, 1538, -1
1151, 70, -1
717, 478, -1
224, 1965, -1
844, 532, -1
732, 944, -1
1212, 1586, -1
1463, 1144, -1

2276, 506, -1
2002, 1707, -1
646, 486, -1
307, 1534, -1
527, 1607, -1
145, 901, -1
582, 1007, -1
2125, 952, -1
1916, 556, -1
619, 496, -1

1306, 375, 1
2003, 291, 1
1142, 1862, -1
1556, 2243, -1
1956, 628, -1
15, 665, -1
388, 295, -1
2071, 1759, -1
2290, 1295, -1
1968, 415, -1

37, 1450, -1
218, 1122, -1
49, 1976, -1
1474, 1502, -1
1794, 849, -1
1149, 1809, -1
921, 765, -1
896, 831, -1
1994, 1126, -1
876, 1252, -1

574, 2174, -1
700, 266, -1
1307, 1657, -1
426, 996, -1
726, 827, -1
822, 854, -1
265, 995, -1
1553, 1840, -1
479, 2019, -1
665, 457, -1

1282, 1388, 1
41, 756, 1
823, 1471, -1
267, 1248, -1
1830, 1090, -1
1694, 103, -1
2236, 1374, -1
1732, 1244, -1
102, 275, -1
1976, 428, -1

1691, 1140, 1
2135, 2001, 1
1612, 864, -1
228, 510, -1
348, 1233, -1
987, 784, -1
1193, 1858, -1
1411, 449, -1
1166, 923, -1
1748, 1981, -1

