1718, 656, 1
2111, 1237, -1
1207, 1715, -1
166, 1855, -1
720, 2093, -1
17, 1907, -1
853, 185, -1
111, 328, -1
276, 1280, -1
563, 1534, -1

559, 1776, 1
432, 1467, 1
1663, 2110, -1
1056, 630, -1
668, 587, -1
1579, 778, -1
605, 1476, -1
2157, 1938, -1
1505, 231, -1
1737, 367, -1

2091, 616, -1
1651, 1866, -1
646, 883, -1
307, 371, -1
1274, 2170, -1
611, 682, -1
2122, 877, -1
1682, 2295, -1
1362, 1539, -1
484, 2226, -1

2269, 7, 1
588, 1842, 1
2104, 132, -1
1715, 130, -1
383, 1240, -1
1797, 2162, -1
3, 1079, -1
1690, 768, -1
673, 2143, -1
1106, 177, -1

165, 367, -1
253, 1012, -1
1803, 2095, -1
2, 322, -1
578, 1764, -1
631, 937, -1
2283, 1218, -1
1425, 207, -1
1305, 634, -1
766, 486, -1

1534, 1954, -1
292, 1096, -1
318, 1038, -1
1939, 480, -1
1554, 402, -1
285, 200, -1
1446, 1854, -1
71, 767, -1
1256, 409, -1
1037, 273, -1

868, 768, 1
64, 21, 1
91, 645, -1
1332, 1907, -1
1074, 882, -1
1356, 1825, -1
790, 993, -1
1168, 1706, -1
1453, 1630, -1
601, 841, -1

1789, 571, 1
97, 1795, -1
779, 690, -1
2277, 633, -1
572, 2069, -1
942, 1908, -1
1905, 1754, -1
721, 1058, -1
471, 1801, -1
2217, 2003, -1

1754, 1721, 1
1169, 2168, 1
605, 1156, 1
1175, 2225, -1
2244, 1930, -1
588, 1931, -1
1531, 546, -1
2092, 484, -1
1298, 893, -1
469, 1144, -1

2061, 1222, 1
1404, 1262, -1
1675, 635, -1
1276, 388, -1
1147, 1682, -1
2292, 189, -1
1714, 482, -1
2089, 402, -1
477, 2068, -1
1622, 1241, -1

