1441, 425, 1
523, 425, -1
2216, 425, -1
2216, 523, -1
2, 425, -1
2, 523, -1
2, 2216, -1
1441, 523, -1
1441, 2216, -1
1441, 2, -1
523, 1441, -1
2, 1441, -1
2216, 1441, -1
425, 523, -1
425, 2, -1

3, 0, 1
0, 425, -1
0, 1441, -1
0, 523, -1
0, 2216, -1
0, 2, -1
3, 425, -1
3, 1441, -1
3, 523, -1
3, 2216, -1
3, 2, -1
1441, 3, -1
523, 0, -1
425, 3, -1
2, 3, -1
2216, 0, -1
2216, 3, -1

548, 425, 1
548, 1441, 1
1444, 425, 1
1444, 1441, 1
1444, 548, 1
8, 523, 1
72, 2216, 1
846, 2216, 1
846, 72, 1
10, 2216, 1
10, 72, 1
10, 846, 1
1441, 425, 1
425, 1444, 1
72, 846, 1
72, 10, 1
2216, 846, 1
2216, 10, 1
1441, 548, 1
1441, 1444, 1
425, 548, 1
425, 1441, 1
2216, 72, 1
548, 523, -1
548, 2216, -1
548, 2, -1
548, 0, -1
548, 3, -1
1444, 523, -1
1444, 2216, -1
1444, 2, -1
1444, 0, -1
1444, 3, -1
8, 425, -1
8, 1441, -1
8, 548, -1
8, 1444, -1
8, 2216, -1
8, 2, -1
8, 0, -1
8, 3, -1
72, 425, -1
72, 1441, -1
72, 548, -1
72, 1444, -1
72, 523, -1
72, 8, -1
72, 2, -1
72, 0, -1
72, 3, -1
846, 425, -1
846, 1441, -1
846, 548, -1
846, 1444, -1
846, 523, -1
846, 8, -1
846, 2, -1
846, 0, -1
846, 3, -1
10, 425, -1
10, 1441, -1
10, 548, -1
10, 1444, -1
10, 523, -1
10, 8, -1
10, 2, -1
10, 0, -1
10, 3, -1
1441, 3, -1
3, 846, -1
523, 3, -1
425, 523, -1
0, 548, -1
0, 72, -1
2, 548, -1
425, 846, -1
425, 10, -1
2216, 3, -1
2216, 2, -1
2216, 548, -1
2216, 8, -1
548, 846, -1
1441, 2, -1
0, 523, -1
2, 523, -1
1444, 846, -1
523, 548, -1
0, 2216, -1
0, 1441, -1
2, 1444, -1
0, 425, -1
0, 1444, -1
8, 72, -1
0, 846, -1
2, 846, -1
2216, 523, -1
0, 10, -1
2, 10, -1
1441, 523, -1
425, 3, -1
2216, 1441, -1
2216, 425, -1
2216, 1444, -1
1441, 846, -1
3, 548, -1
1441, 10, -1
523, 2216, -1
523, 846, -1
523, 1444, -1
8, 846, -1
8, 10, -1
2216, 0, -1
425, 2, -1
523, 72, -1
3, 8, -1
2, 72, -1
425, 72, -1
3, 1444, -1
523, 1441, -1
2, 1441, -1
3, 1441, -1
0, 8, -1
1441, 72, -1
425, 2216, -1
2, 425, -1
1441, 2216, -1
2, 2216, -1
3, 2216, -1

2017, 523, 1
2017, 8, 1
1146, 523, 1
1146, 8, 1
1146, 2017, 1
1986, 523, 1
1986, 8, 1
1986, 2017, 1
1986, 1146, 1
1348, 523, 1
1348, 8, 1
1348, 2017, 1
1348, 1146, 1
1348, 1986, 1
523, 1348, 1
8, 1348, 1
2017, 1146, 1
2017, 1348, 1
1146, 1348, 1
8, 523, 1
8, 1986, 1
523, 1146, 1
8, 2017, 1
8, 1146, 1
1986, 1348, 1
2017, 1986, 1
12, 425, -1
12, 1441, -1
12, 548, -1
12, 1444, -1
12, 523, -1
12, 8, -1
12, 2216, -1
12, 72, -1
12, 846, -1
12, 10, -1
12, 2, -1
12, 0, -1
12, 3, -1
2017, 425, -1
2017, 1441, -1
2017, 548, -1
2017, 1444, -1
2017, 2216, -1
2017, 72, -1
2017, 846, -1
2017, 10, -1
2017, 2, -1
2017, 0, -1
2017, 3, -1
2017, 12, -1
1146, 425, -1
1146, 1441, -1
1146, 548, -1
1146, 1444, -1
1146, 2216, -1
1146, 72, -1
1146, 846, -1
1146, 10, -1
1146, 2, -1
1146, 0, -1
1146, 3, -1
1146, 12, -1
1986, 425, -1
1986, 1441, -1
1986, 548, -1
1986, 1444, -1
1986, 2216, -1
1986, 72, -1
1986, 846, -1
1986, 10, -1
1986, 2, -1
1986, 0, -1
1986, 3, -1
1986, 12, -1
1348, 425, -1
1348, 1441, -1
1348, 548, -1
1348, 1444, -1
1348, 2216, -1
1348, 72, -1
1348, 846, -1
1348, 10, -1
1348, 2, -1
1348, 0, -1
1348, 3, -1
1348, 12, -1
425, 1146, -1
2216, 1986, -1
2, 1348, -1
1444, 1146, -1
1441, 1986, -1
2216, 1348, -1
523, 3, -1
72, 1348, -1
8, 3, -1
523, 12, -1
0, 1146, -1
8, 12, -1
0, 8, -1
425, 523, -1
2, 1146, -1
1441, 1348, -1
72, 8, -1
1444, 523, -1
72, 1146, -1
10, 1348, -1
2216, 8, -1
2216, 1146, -1
0, 523, -1
1441, 1146, -1
2, 523, -1
523, 2, -1
8, 2, -1
523, 548, -1
425, 2017, -1
12, 1348, -1
72, 523, -1
8, 548, -1
10, 1146, -1
3, 1348, -1
2216, 523, -1
1441, 523, -1
425, 1986, -1
10, 523, -1
0, 2017, -1
425, 1348, -1
523, 1441, -1
8, 1444, -1
523, 846, -1
523, 425, -1
523, 1444, -1
8, 1441, -1
8, 425, -1
8, 846, -1
8, 10, -1
523, 10, -1
2216, 2017, -1
72, 2017, -1
0, 1986, -1
548, 1348, -1
1441, 2017, -1
1444, 1348, -1
72, 1986, -1
0, 1348, -1
3, 8, -1
3, 2017, -1
3, 1146, -1
3, 1986, -1

818, 523, 1
818, 8, 1
818, 2017, 1
818, 1146, 1
818, 1986, 1
818, 1348, 1
1560, 523, 1
1560, 8, 1
1560, 2017, 1
1560, 1146, 1
1560, 1986, 1
1560, 1348, 1
1560, 818, 1
2035, 523, 1
2035, 8, 1
2035, 2017, 1
2035, 1146, 1
2035, 1986, 1
2035, 1348, 1
2035, 818, 1
2035, 1560, 1
226, 523, 1
226, 8, 1
226, 2017, 1
226, 1146, 1
226, 1986, 1
226, 1348, 1
226, 818, 1
226, 1560, 1
226, 2035, 1
1560, 2035, 1
8, 818, 1
523, 226, 1
1146, 2035, 1
818, 2035, 1
8, 226, 1
523, 2035, 1
8, 2035, 1
523, 2017, 1
523, 1986, 1
8, 1986, 1
1986, 2017, 1
1146, 1348, 1
1986, 818, 1
523, 1348, 1
8, 1348, 1
1986, 226, 1
1986, 2035, 1
2017, 818, 1
2017, 226, 1
2017, 2035, 1
523, 1146, 1
8, 1146, 1
1986, 1348, 1
2017, 1986, 1
2017, 1348, 1
1146, 523, 1
8, 523, 1
1986, 1146, 1
2017, 1146, 1
1986, 523, 1
1560, 226, 1
1146, 818, 1
8, 2017, 1
523, 818, 1
2017, 523, 1
1146, 226, 1
8, 1560, 1
818, 226, 1
2017, 1560, 1
1348, 818, 1
1348, 1146, 1
2017, 8, 1
313, 425, -1
313, 1441, -1
313, 548, -1
313, 1444, -1
313, 523, -1
313, 8, -1
313, 2017, -1
313, 1146, -1
313, 1986, -1
313, 1348, -1
313, 2216, -1
313, 72, -1
313, 846, -1
313, 10, -1
313, 2, -1
313, 0, -1
313, 3, -1
313, 12, -1
818, 425, -1
818, 1441, -1
818, 548, -1
818, 1444, -1
818, 2216, -1
818, 72, -1
818, 846, -1
818, 10, -1
818, 2, -1
818, 0, -1
818, 3, -1
818, 12, -1
818, 313, -1
1560, 425, -1
1560, 1441, -1
1560, 548, -1
1560, 1444, -1
1560, 2216, -1
1560, 72, -1
1560, 846, -1
1560, 10, -1
1560, 2, -1
1560, 0, -1
1560, 3, -1
1560, 12, -1
1560, 313, -1
2035, 425, -1
2035, 1441, -1
2035, 548, -1
2035, 1444, -1
2035, 2216, -1
2035, 72, -1
2035, 846, -1
2035, 10, -1
2035, 2, -1
2035, 0, -1
2035, 3, -1
2035, 12, -1
2035, 313, -1
226, 425, -1
226, 1441, -1
226, 548, -1
226, 1444, -1
226, 2216, -1
226, 72, -1
226, 846, -1
226, 10, -1
226, 2, -1
226, 0, -1
226, 3, -1
226, 12, -1
226, 313, -1
1986, 1444, -1
2216, 1986, -1
3, 1560, -1
10, 818, -1
10, 226, -1
1441, 1986, -1
2216, 1348, -1
8, 0, -1
2017, 2216, -1
2017, 10, -1
1441, 1348, -1
3, 2017, -1
10, 1348, -1
2, 523, -1
8, 2, -1
1146, 548, -1
2017, 3, -1
523, 548, -1
12, 1348, -1
2017, 12, -1
72, 523, -1
425, 818, -1
8, 313, -1
425, 226, -1
313, 2035, -1
2216, 523, -1
425, 1986, -1
1146, 2216, -1
1986, 548, -1
3, 1146, -1
2, 818, -1
425, 1348, -1
3, 8, -1
8, 1444, -1
2, 226, -1
523, 1444, -1
8, 425, -1
1441, 2017, -1
1444, 1348, -1
1986, 2216, -1
2, 1348, -1
72, 1348, -1
2017, 846, -1
425, 523, -1
72, 8, -1
2216, 8, -1
3, 2035, -1
0, 523, -1
1441, 1146, -1
1146, 72, -1
8, 548, -1
523, 72, -1
10, 1146, -1
72, 1560, -1
2216, 1560, -1
0, 818, -1
8, 2216, -1
1986, 72, -1
0, 226, -1
523, 2216, -1
2017, 2, -1
523, 1441, -1
1146, 10, -1
72, 2017, -1
523, 10, -1
2216, 2017, -1
0, 1986, -1
72, 2035, -1
2216, 2035, -1
1348, 2216, -1
0, 1348, -1
1441, 2035, -1
1986, 10, -1
1146, 3, -1
523, 3, -1
1146, 12, -1
10, 2035, -1
523, 12, -1
2, 1146, -1
72, 1146, -1
2216, 1146, -1
1986, 3, -1
1986, 12, -1
313, 818, -1
425, 2017, -1
313, 226, -1
8, 72, -1
425, 2035, -1
1146, 846, -1
523, 846, -1
8, 1441, -1
2017, 548, -1
2, 2035, -1
8, 10, -1
3, 523, -1
1348, 846, -1
425, 1146, -1
1986, 846, -1
8, 3, -1
2017, 1444, -1
0, 1146, -1
8, 12, -1
0, 8, -1
313, 1560, -1
3, 818, -1
3, 226, -1
1146, 2, -1
523, 2, -1
3, 1986, -1
523, 313, -1
0, 1560, -1
3, 1348, -1
1441, 523, -1
1986, 2, -1
0, 2017, -1
10, 523, -1
1146, 1444, -1
0, 2035, -1
72, 818, -1
523, 425, -1
8, 846, -1
548, 1348, -1
72, 226, -1
2216, 818, -1
2017, 72, -1
2216, 226, -1
1441, 818, -1
72, 1986, -1
1441, 226, -1
548, 1146, -1
425, 1560, -1
548, 818, -1
1444, 1146, -1
1444, 818, -1
1441, 1560, -1
12, 818, -1
12, 1146, -1
1441, 8, -1
425, 8, -1

1936, 2216, 1
1936, 72, 1
1936, 846, 1
1936, 10, 1
380, 0, 1
380, 3, 1
428, 523, 1
428, 8, 1
428, 2017, 1
428, 1146, 1
428, 1986, 1
428, 1348, 1
428, 818, 1
428, 1560, 1
428, 2035, 1
428, 226, 1
1877, 2216, 1
1877, 72, 1
1877, 846, 1
1877, 10, 1
1877, 1936, 1
264, 2216, 1
264, 72, 1
264, 846, 1
264, 10, 1
264, 1936, 1
264, 1877, 1
1424, 0, 1
1424, 3, 1
1424, 380, 1
830, 2216, 1
830, 72, 1
830, 846, 1
830, 10, 1
830, 1936, 1
830, 1877, 1
830, 264, 1
19, 2216, 1
19, 72, 1
19, 846, 1
19, 10, 1
19, 1936, 1
19, 1877, 1
19, 264, 1
19, 830, 1
1146, 1348, 1
1986, 818, 1
818, 1348, 1
2035, 1348, 1
523, 1348, 1
1986, 226, 1
0, 380, 1
1560, 1146, 1
2017, 2035, 1
226, 1146, 1
1986, 1348, 1
264, 830, 1
8, 523, 1
1936, 1877, 1
8, 818, 1
1560, 2035, 1
1936, 830, 1
8, 226, 1
226, 2035, 1
8, 1986, 1
8, 1348, 1
2216, 72, 1
818, 1146, 1
72, 2216, 1
72, 10, 1
2216, 10, 1
1986, 1146, 1
2216, 19, 1
1877, 830, 1
3, 380, 1
1560, 818, 1
10, 1877, 1
1560, 226, 1
10, 19, 1
8, 2017, 1
2017, 523, 1
1560, 1986, 1
1146, 2035, 1
818, 2035, 1
523, 2035, 1
846, 10, 1
846, 19, 1
1986, 2035, 1
2017, 818, 1
2017, 226, 1
8, 1146, 1
2017, 1986, 1
1560, 523, 1
2017, 1348, 1
72, 846, 1
2216, 846, 1
72, 1877, 1
72, 19, 1
2216, 1877, 1
72, 830, 1
10, 846, 1
2216, 830, 1
226, 818, 1
8, 2035, 1
10, 830, 1
846, 1877, 1
1560, 1348, 1
226, 1348, 1
846, 830, 1
72, 1936, 1
1560, 8, 1
2216, 1936, 1
264, 19, 1
10, 1936, 1
1146, 523, 1
818, 523, 1
226, 523, 1
2017, 1146, 1
1936, 19, 1
0, 3, 1
1560, 2017, 1
1986, 523, 1
1146, 226, 1
818, 226, 1
1986, 428, 1
0, 1424, 1
226, 1986, 1
523, 1986, 1
2017, 428, 1
1348, 2035, 1
380, 1424, 1
830, 19, 1
72, 264, 1
2216, 264, 1
1936, 264, 1
10, 72, 1
3, 1424, 1
1348, 1146, 1
1560, 428, 1
1146, 428, 1
8, 1560, 1
2035, 428, 1
10, 2216, 1
8, 428, 1
818, 428, 1
226, 428, 1
523, 428, 1
2035, 818, 1
1146, 818, 1
523, 818, 1
523, 226, 1
1348, 818, 1
1986, 2017, 1
523, 1146, 1
226, 2017, 1
1936, 425, -1
1936, 1441, -1
1936, 548, -1
1936, 1444, -1
1936, 523, -1
1936, 8, -1
1936, 2017, -1
1936, 1146, -1
1936, 1986, -1
1936, 1348, -1
1936, 818, -1
1936, 1560, -1
1936, 2035, -1
1936, 226, -1
1936, 2, -1
1936, 0, -1
1936, 3, -1
1936, 12, -1
1936, 313, -1
380, 425, -1
380, 1441, -1
380, 548, -1
380, 1444, -1
380, 523, -1
380, 8, -1
380, 2017, -1
380, 1146, -1
380, 1986, -1
380, 1348, -1
380, 818, -1
380, 1560, -1
380, 2035, -1
380, 226, -1
380, 2216, -1
380, 72, -1
380, 846, -1
380, 10, -1
380, 1936, -1
380, 2, -1
380, 12, -1
380, 313, -1
428, 425, -1
428, 1441, -1
428, 548, -1
428, 1444, -1
428, 2216, -1
428, 72, -1
428, 846, -1
428, 10, -1
428, 1936, -1
428, 2, -1
428, 0, -1
428, 3, -1
428, 380, -1
428, 12, -1
428, 313, -1
1877, 425, -1
1877, 1441, -1
1877, 548, -1
1877, 1444, -1
1877, 523, -1
1877, 8, -1
1877, 2017, -1
1877, 1146, -1
1877, 1986, -1
1877, 1348, -1
1877, 818, -1
1877, 1560, -1
1877, 2035, -1
1877, 226, -1
1877, 428, -1
1877, 2, -1
1877, 0, -1
1877, 3, -1
1877, 380, -1
1877, 12, -1
1877, 313, -1
264, 425, -1
264, 1441, -1
264, 548, -1
264, 1444, -1
264, 523, -1
264, 8, -1
264, 2017, -1
264, 1146, -1
264, 1986, -1
264, 1348, -1
264, 818, -1
264, 1560, -1
264, 2035, -1
264, 226, -1
264, 428, -1
264, 2, -1
264, 0, -1
264, 3, -1
264, 380, -1
264, 12, -1
264, 313, -1
1424, 425, -1
1424, 1441, -1
1424, 548, -1
1424, 1444, -1
1424, 523, -1
1424, 8, -1
1424, 2017, -1
1424, 1146, -1
1424, 1986, -1
1424, 1348, -1
1424, 818, -1
1424, 1560, -1
1424, 2035, -1
1424, 226, -1
1424, 428, -1
1424, 2216, -1
1424, 72, -1
1424, 846, -1
1424, 10, -1
1424, 1936, -1
1424, 1877, -1
1424, 264, -1
1424, 2, -1
1424, 12, -1
1424, 313, -1
830, 425, -1
830, 1441, -1
830, 548, -1
830, 1444, -1
830, 523, -1
830, 8, -1
830, 2017, -1
830, 1146, -1
830, 1986, -1
830, 1348, -1
830, 818, -1
830, 1560, -1
830, 2035, -1
830, 226, -1
830, 428, -1
830, 2, -1
830, 0, -1
830, 3, -1
830, 380, -1
830, 1424, -1
830, 12, -1
830, 313, -1
19, 425, -1
19, 1441, -1
19, 548, -1
19, 1444, -1
19, 523, -1
19, 8, -1
19, 2017, -1
19, 1146, -1
19, 1986, -1
19, 1348, -1
19, 818, -1
19, 1560, -1
19, 2035, -1
19, 226, -1
19, 428, -1
19, 2, -1
19, 0, -1
19, 3, -1
19, 380, -1
19, 1424, -1
19, 12, -1
19, 313, -1
10, 818, -1
8, 0, -1
428, 19, -1
72, 2, -1
1444, 523, -1
10, 1348, -1
8, 1424, -1
2017, 3, -1
523, 548, -1
425, 818, -1
2017, 12, -1
72, 523, -1
10, 548, -1
8, 1936, -1
72, 1444, -1
425, 1986, -1
1444, 226, -1
2, 818, -1
425, 1348, -1
1560, 19, -1
1936, 428, -1
2017, 380, -1
2, 1348, -1
3, 428, -1
3, 10, -1
3, 19, -1
0, 1936, -1
313, 846, -1
1441, 1146, -1
1424, 19, -1
523, 264, -1
72, 1560, -1
2017, 2, -1
226, 846, -1
1146, 10, -1
1146, 19, -1
2216, 2017, -1
2216, 2035, -1
1560, 0, -1
1441, 2035, -1
846, 428, -1
1986, 10, -1
425, 264, -1
1444, 1146, -1
1986, 19, -1
523, 3, -1
523, 12, -1
10, 3, -1
10, 12, -1
72, 1146, -1
548, 846, -1
1560, 548, -1
313, 818, -1
523, 380, -1
10, 380, -1
425, 3, -1
313, 1986, -1
1444, 2035, -1
313, 1348, -1
818, 846, -1
3, 1936, -1
1441, 1877, -1
2, 3, -1
1441, 830, -1
425, 380, -1
12, 1877, -1
72, 1424, -1
12, 830, -1
2, 380, -1
2216, 313, -1
313, 2017, -1
2035, 548, -1
1560, 264, -1
226, 548, -1
10, 2, -1
1444, 1877, -1
2216, 425, -1
1560, 1441, -1
1444, 830, -1
10, 523, -1
8, 846, -1
10, 1444, -1
1560, 3, -1
313, 264, -1
10, 226, -1
2216, 2, -1
72, 313, -1
2, 523, -1
1560, 380, -1
818, 548, -1
0, 846, -1
1936, 380, -1
425, 226, -1
2216, 523, -1
313, 3, -1
2216, 1444, -1
2, 226, -1
313, 380, -1
226, 3, -1
226, 12, -1
2017, 1877, -1
2017, 830, -1
2035, 380, -1
8, 548, -1
10, 1146, -1
523, 72, -1
226, 380, -1
2216, 1560, -1
0, 818, -1
1560, 846, -1
1441, 10, -1
1441, 19, -1
0, 1986, -1
0, 1348, -1
3, 846, -1
818, 3, -1
10, 2035, -1
313, 523, -1
818, 12, -1
0, 548, -1
2, 1146, -1
2216, 1146, -1
425, 2017, -1
313, 226, -1
818, 380, -1
425, 2035, -1
8, 264, -1
72, 428, -1
1146, 846, -1
2035, 846, -1
380, 428, -1
8, 1441, -1
2, 2035, -1
523, 1877, -1
2216, 0, -1
1348, 846, -1
1986, 846, -1
523, 830, -1
8, 3, -1
2017, 1444, -1
8, 12, -1
0, 8, -1
2216, 1424, -1
0, 264, -1
425, 1877, -1
1560, 72, -1
0, 1441, -1
3, 1348, -1
425, 830, -1
8, 380, -1
2, 1877, -1
3, 548, -1
72, 818, -1
2, 830, -1
0, 12, -1
313, 1146, -1
72, 0, -1
72, 1986, -1
428, 1877, -1
2017, 10, -1
2017, 19, -1
846, 818, -1
428, 830, -1
72, 548, -1
846, 1986, -1
8, 2, -1
1146, 548, -1
846, 1348, -1
313, 2035, -1
1348, 548, -1
1986, 548, -1
846, 548, -1
1560, 1877, -1
8, 1444, -1
3, 264, -1
1560, 830, -1
1560, 12, -1
0, 2, -1
425, 523, -1
72, 8, -1
313, 1877, -1
0, 523, -1
3, 12, -1
313, 830, -1
72, 1441, -1
1560, 425, -1
8, 2216, -1
0, 226, -1
523, 2216, -1
2035, 1877, -1
523, 10, -1
10, 428, -1
523, 19, -1
226, 1877, -1
72, 3, -1
2035, 830, -1
226, 830, -1
1146, 3, -1
1146, 12, -1
2035, 12, -1
425, 10, -1
1348, 12, -1
72, 380, -1
1986, 3, -1
1560, 2, -1
846, 3, -1
1986, 12, -1
846, 12, -1
548, 1877, -1
1146, 380, -1
8, 72, -1
2, 10, -1
2, 19, -1
548, 830, -1
2216, 428, -1
1560, 1444, -1
1441, 846, -1
1986, 380, -1
846, 380, -1
818, 1877, -1
3, 523, -1
425, 1146, -1
12, 846, -1
818, 830, -1
3, 1444, -1
10, 1986, -1
0, 1146, -1
0, 72, -1
1444, 846, -1
523, 1936, -1
1560, 2216, -1
1986, 2, -1
846, 2, -1
1560, 10, -1
0, 2017, -1
0, 2035, -1
72, 226, -1
2216, 818, -1
8, 1877, -1
846, 523, -1
1441, 818, -1
3, 2216, -1
1986, 1444, -1
2216, 1986, -1
846, 1444, -1
8, 830, -1
1441, 1986, -1
2216, 1348, -1
1441, 1348, -1
846, 226, -1
313, 10, -1
2216, 548, -1
313, 19, -1
8, 313, -1
428, 1424, -1
0, 1877, -1
1444, 818, -1
0, 830, -1
3, 72, -1
226, 10, -1
8, 425, -1
226, 19, -1
1441, 2017, -1
1444, 1348, -1
264, 1424, -1
72, 1348, -1
2017, 846, -1
0, 313, -1
1560, 1424, -1
1936, 1424, -1
2216, 8, -1
3, 2035, -1
1560, 1936, -1
0, 425, -1
1441, 264, -1
2216, 1441, -1
846, 1146, -1
72, 2017, -1
818, 10, -1
818, 19, -1
72, 2035, -1
2216, 3, -1
2216, 12, -1
1441, 3, -1
3, 1877, -1
846, 2035, -1
3, 830, -1
2216, 380, -1
1560, 313, -1
1441, 380, -1
0, 1444, -1
1424, 830, -1
1444, 3, -1
523, 846, -1
2017, 548, -1
8, 10, -1
380, 1877, -1
1146, 1877, -1
8, 19, -1
72, 12, -1
380, 830, -1
1146, 830, -1
1348, 1877, -1
1986, 1877, -1
1348, 830, -1
425, 846, -1
1986, 830, -1
425, 19, -1
0, 2216, -1
0, 428, -1
0, 1560, -1
0, 10, -1
2, 846, -1
0, 19, -1
1441, 523, -1
72, 425, -1
2216, 226, -1
2017, 264, -1
1441, 226, -1
3, 1560, -1
425, 1936, -1
2, 1424, -1
2017, 2216, -1
1444, 1936, -1
3, 2017, -1
12, 818, -1
313, 428, -1
548, 2216, -1
2, 1936, -1
12, 1348, -1
226, 72, -1
1441, 2216, -1
1146, 2216, -1
1441, 1560, -1
2035, 2216, -1
3, 1146, -1
226, 2216, -1
3, 8, -1
818, 1444, -1
523, 1444, -1
1986, 2216, -1
10, 2017, -1
1441, 72, -1
2, 2216, -1
1146, 72, -1
818, 72, -1
2017, 1424, -1
1441, 428, -1
1986, 72, -1
818, 2216, -1
523, 1441, -1
313, 1424, -1
2017, 1936, -1
1348, 2216, -1
12, 2216, -1
313, 1936, -1
425, 72, -1
1877, 1424, -1
425, 2216, -1
2, 72, -1
425, 1560, -1
226, 1424, -1
226, 2, -1
1444, 2216, -1
2035, 1936, -1
226, 1936, -1
2, 428, -1
1444, 1424, -1
548, 1424, -1
523, 0, -1
548, 1936, -1
313, 2216, -1
313, 1560, -1
3, 818, -1
1441, 1424, -1
1146, 1424, -1
3, 226, -1
818, 1424, -1
425, 428, -1
523, 1424, -1
2035, 1424, -1
1146, 2, -1
10, 1424, -1
818, 2, -1
523, 2, -1
3, 1986, -1
1441, 1936, -1
1146, 1936, -1
523, 313, -1
818, 1936, -1
1348, 1424, -1
548, 818, -1
1986, 1424, -1
12, 1424, -1
1348, 1936, -1
1146, 1444, -1
2035, 1444, -1
1986, 1936, -1
12, 1936, -1
226, 1444, -1
523, 425, -1
548, 1348, -1
425, 1424, -1
2017, 72, -1
313, 72, -1
548, 1146, -1
1441, 0, -1
313, 0, -1
1441, 8, -1
425, 0, -1
2017, 0, -1
12, 1146, -1
313, 8, -1
425, 8, -1

2116, 523, 1
2116, 8, 1
2116, 2017, 1
2116, 1146, 1
2116, 1986, 1
2116, 1348, 1
2116, 818, 1
2116, 1560, 1
2116, 2035, 1
2116, 226, 1
2116, 428, 1
1685, 2216, 1
1685, 72, 1
1685, 846, 1
1685, 10, 1
1685, 1936, 1
1685, 1877, 1
1685, 264, 1
1685, 830, 1
1685, 19, 1
253, 12, 1
681, 425, 1
681, 1441, 1
681, 548, 1
681, 1444, 1
1608, 2216, 1
1608, 72, 1
1608, 846, 1
1608, 10, 1
1608, 1936, 1
1608, 1877, 1
1608, 264, 1
1608, 830, 1
1608, 19, 1
1608, 1685, 1
1646, 425, 1
1646, 1441, 1
1646, 548, 1
1646, 1444, 1
1646, 681, 1
19, 830, 1
425, 1646, 1
1146, 1348, 1
1986, 818, 1
818, 1348, 1
2035, 1348, 1
523, 1348, 1
1986, 226, 1
1560, 1146, 1
264, 846, 1
264, 1685, 1
2017, 2035, 1
226, 1146, 1
1441, 548, 1
1986, 1348, 1
264, 830, 1
8, 523, 1
1560, 428, 1
1936, 846, 1
1936, 1685, 1
1936, 1877, 1
425, 548, 1
8, 818, 1
1560, 2035, 1
1936, 830, 1
8, 226, 1
226, 2035, 1
264, 1936, 1
1444, 548, 1
8, 1986, 1
2017, 428, 1
428, 818, 1
428, 226, 1
8, 1348, 1
425, 1444, 1
2216, 72, 1
72, 264, 1
818, 1146, 1
2216, 264, 1
1877, 846, 1
1877, 1685, 1
72, 2216, 1
72, 10, 1
2216, 10, 1
1986, 1146, 1
2216, 19, 1
1877, 830, 1
681, 1646, 1
1560, 818, 1
10, 1877, 1
428, 523, 1
1560, 226, 1
10, 19, 1
8, 2017, 1
2017, 523, 1
1986, 428, 1
1560, 1986, 1
1146, 2035, 1
818, 2035, 1
523, 2035, 1
548, 1646, 1
425, 1441, 1
264, 2216, 1
1986, 2035, 1
2017, 818, 1
2017, 226, 1
8, 1146, 1
2017, 1986, 1
428, 1348, 1
1441, 1646, 1
1560, 523, 1
2017, 1348, 1
72, 846, 1
72, 1685, 1
2216, 846, 1
2216, 1685, 1
72, 1877, 1
72, 19, 1
2216, 1877, 1
8, 428, 1
72, 830, 1
10, 846, 1
10, 1685, 1
2216, 830, 1
226, 818, 1
8, 2035, 1
264, 72, 1
10, 830, 1
1560, 1348, 1
1444, 1646, 1
226, 1348, 1
428, 2035, 1
846, 830, 1
72, 1936, 1
1560, 8, 1
2216, 1936, 1
264, 10, 1
264, 1877, 1
264, 19, 1
1936, 72, 1
1936, 264, 1
10, 1936, 1
1146, 523, 1
818, 523, 1
226, 523, 1
428, 1146, 1
1441, 1444, 1
1936, 2216, 1
1441, 425, 1
2017, 1146, 1
1936, 10, 1
19, 846, 1
1936, 19, 1
19, 1685, 1
1560, 2017, 1
1986, 523, 1
19, 1877, 1
1146, 226, 1
818, 226, 1
830, 72, 1
830, 1936, 1
846, 1685, 1
10, 1608, 1
830, 264, 1
226, 1986, 1
523, 1986, 1
1348, 2035, 1
1877, 1936, 1
830, 2216, 1
830, 846, 1
830, 1685, 1
830, 10, 1
830, 19, 1
830, 1877, 1
425, 681, 1
1560, 2116, 1
523, 818, 1
2035, 2116, 1
1146, 2116, 1
1877, 2216, 1
818, 2116, 1
226, 2116, 1
523, 2116, 1
830, 1608, 1
8, 2116, 1
19, 1936, 1
10, 72, 1
264, 1608, 1
1348, 1146, 1
1348, 2116, 1
428, 2116, 1
19, 2216, 1
1146, 428, 1
8, 1560, 1
1986, 2116, 1
2035, 428, 1
10, 2216, 1
818, 428, 1
226, 428, 1
523, 428, 1
1441, 681, 1
2017, 2116, 1
72, 1608, 1
2035, 818, 1
2216, 1608, 1
1146, 818, 1
846, 2216, 1
1936, 1608, 1
523, 226, 1
19, 1608, 1
846, 10, 1
846, 19, 1
846, 1877, 1
1348, 818, 1
1986, 2017, 1
226, 2017, 1
523, 1146, 1
2116, 425, -1
2116, 1441, -1
2116, 548, -1
2116, 1444, -1
2116, 2216, -1
2116, 72, -1
2116, 846, -1
2116, 10, -1
2116, 1936, -1
2116, 1877, -1
2116, 264, -1
2116, 830, -1
2116, 19, -1
2116, 2, -1
2116, 0, -1
2116, 3, -1
2116, 380, -1
2116, 1424, -1
2116, 12, -1
2116, 313, -1
1685, 425, -1
1685, 1441, -1
1685, 548, -1
1685, 1444, -1
1685, 523, -1
1685, 8, -1
1685, 2017, -1
1685, 1146, -1
1685, 1986, -1
1685, 1348, -1
1685, 818, -1
1685, 1560, -1
1685, 2035, -1
1685, 226, -1
1685, 428, -1
1685, 2116, -1
1685, 2, -1
1685, 0, -1
1685, 3, -1
1685, 380, -1
1685, 1424, -1
1685, 12, -1
1685, 313, -1
253, 425, -1
253, 1441, -1
253, 548, -1
253, 1444, -1
253, 523, -1
253, 8, -1
253, 2017, -1
253, 1146, -1
253, 1986, -1
253, 1348, -1
253, 818, -1
253, 1560, -1
253, 2035, -1
253, 226, -1
253, 428, -1
253, 2116, -1
253, 2216, -1
253, 72, -1
253, 846, -1
253, 10, -1
253, 1936, -1
253, 1877, -1
253, 264, -1
253, 830, -1
253, 19, -1
253, 1685, -1
253, 2, -1
253, 0, -1
253, 3, -1
253, 380, -1
253, 1424, -1
253, 313, -1
681, 523, -1
681, 8, -1
681, 2017, -1
681, 1146, -1
681, 1986, -1
681, 1348, -1
681, 818, -1
681, 1560, -1
681, 2035, -1
681, 226, -1
681, 428, -1
681, 2116, -1
681, 2216, -1
681, 72, -1
681, 846, -1
681, 10, -1
681, 1936, -1
681, 1877, -1
681, 264, -1
681, 830, -1
681, 19, -1
681, 1685, -1
681, 2, -1
681, 0, -1
681, 3, -1
681, 380, -1
681, 1424, -1
681, 12, -1
681, 253, -1
681, 313, -1
1608, 425, -1
1608, 1441, -1
1608, 548, -1
1608, 1444, -1
1608, 681, -1
1608, 523, -1
1608, 8, -1
1608, 2017, -1
1608, 1146, -1
1608, 1986, -1
1608, 1348, -1
1608, 818, -1
1608, 1560, -1
1608, 2035, -1
1608, 226, -1
1608, 428, -1
1608, 2116, -1
1608, 2, -1
1608, 0, -1
1608, 3, -1
1608, 380, -1
1608, 1424, -1
1608, 12, -1
1608, 253, -1
1608, 313, -1
1646, 523, -1
1646, 8, -1
1646, 2017, -1
1646, 1146, -1
1646, 1986, -1
1646, 1348, -1
1646, 818, -1
1646, 1560, -1
1646, 2035, -1
1646, 226, -1
1646, 428, -1
1646, 2116, -1
1646, 2216, -1
1646, 72, -1
1646, 846, -1
1646, 10, -1
1646, 1936, -1
1646, 1877, -1
1646, 264, -1
1646, 830, -1
1646, 19, -1
1646, 1685, -1
1646, 1608, -1
1646, 2, -1
1646, 0, -1
1646, 3, -1
1646, 380, -1
1646, 1424, -1
1646, 12, -1
1646, 253, -1
1646, 313, -1
12, 1444, -1
10, 818, -1
846, 425, -1
1441, 253, -1
428, 19, -1
2017, 1441, -1
846, 681, -1
264, 1646, -1
72, 2, -1
1444, 523, -1
10, 1348, -1
19, 1424, -1
2017, 3, -1
523, 548, -1
425, 818, -1
2017, 12, -1
72, 523, -1
0, 1685, -1
1936, 1646, -1
10, 548, -1
8, 1936, -1
1685, 1646, -1
10, 2116, -1
72, 1444, -1
425, 1986, -1
380, 523, -1
1444, 226, -1
1608, 1646, -1
2, 818, -1
425, 1348, -1
1560, 19, -1
1936, 428, -1
1444, 253, -1
2, 1348, -1
72, 253, -1
425, 2116, -1
2, 548, -1
0, 1936, -1
313, 846, -1
1348, 253, -1
1441, 1146, -1
1424, 2216, -1
1424, 428, -1
1424, 1560, -1
1424, 10, -1
226, 1646, -1
1424, 19, -1
264, 818, -1
72, 1560, -1
428, 548, -1
380, 1560, -1
2017, 2, -1
226, 846, -1
1146, 10, -1
1146, 19, -1
264, 1348, -1
2216, 2017, -1
2216, 2035, -1
1936, 818, -1
1441, 2035, -1
1986, 10, -1
264, 548, -1
1877, 1424, -1
1444, 1146, -1
1986, 19, -1
3, 1685, -1
523, 3, -1
1936, 1986, -1
264, 2116, -1
523, 12, -1
10, 3, -1
1936, 1348, -1
10, 12, -1
72, 1146, -1
830, 425, -1
1560, 548, -1
548, 846, -1
830, 681, -1
1936, 548, -1
380, 1146, -1
313, 818, -1
2017, 253, -1
1936, 2116, -1
1424, 1685, -1
264, 2017, -1
818, 1646, -1
10, 380, -1
425, 3, -1
313, 1986, -1
1444, 2017, -1
425, 12, -1
1444, 2035, -1
313, 1348, -1
1146, 1685, -1
818, 846, -1
380, 1685, -1
1441, 1877, -1
2, 12, -1
313, 548, -1
1348, 1685, -1
1441, 830, -1
1986, 1685, -1
425, 380, -1
264, 8, -1
380, 2035, -1
12, 1877, -1
72, 1424, -1
1424, 1936, -1
12, 830, -1
428, 3, -1
2216, 313, -1
264, 1441, -1
313, 2017, -1
2035, 548, -1
1936, 8, -1
1560, 264, -1
226, 548, -1
1441, 313, -1
1444, 1877, -1
8, 1646, -1
19, 1646, -1
1560, 1441, -1
2216, 425, -1
1444, 830, -1
10, 523, -1
264, 3, -1
1936, 1441, -1
2216, 681, -1
264, 12, -1
2116, 1646, -1
8, 846, -1
10, 1444, -1
1560, 3, -1
1936, 3, -1
10, 226, -1
1936, 12, -1
523, 253, -1
264, 380, -1
1444, 313, -1
10, 253, -1
313, 1441, -1
681, 1608, -1
0, 1646, -1
2216, 2, -1
72, 313, -1
2, 523, -1
264, 681, -1
818, 548, -1
548, 2017, -1
0, 846, -1
1936, 380, -1
425, 226, -1
2, 1444, -1
2216, 523, -1
313, 12, -1
2216, 1444, -1
2, 226, -1
428, 1646, -1
264, 2, -1
2216, 253, -1
226, 3, -1
226, 12, -1
2017, 1877, -1
264, 523, -1
19, 1348, -1
1877, 1646, -1
264, 1444, -1
1936, 2, -1
2017, 830, -1
1560, 1646, -1
8, 548, -1
10, 1146, -1
19, 548, -1
19, 2116, -1
1936, 523, -1
264, 226, -1
2216, 1560, -1
0, 818, -1
1441, 428, -1
1560, 846, -1
264, 253, -1
1441, 10, -1
1441, 19, -1
3, 1646, -1
0, 1986, -1
0, 1348, -1
1936, 226, -1
12, 428, -1
8, 1608, -1
3, 846, -1
818, 3, -1
1936, 253, -1
313, 523, -1
818, 12, -1
10, 2035, -1
1685, 253, -1
2017, 425, -1
2, 1146, -1
0, 548, -1
313, 1444, -1
1424, 1646, -1
2017, 681, -1
264, 1560, -1
2216, 1146, -1
1444, 428, -1
1424, 846, -1
425, 2017, -1
313, 226, -1
1146, 1646, -1
2035, 1646, -1
425, 2035, -1
8, 264, -1
72, 428, -1
0, 1608, -1
1348, 1646, -1
1441, 1685, -1
1146, 846, -1
2035, 846, -1
380, 428, -1
846, 1646, -1
8, 1441, -1
1986, 1646, -1
2, 2035, -1
523, 1877, -1
2216, 0, -1
1348, 846, -1
264, 1146, -1
1986, 846, -1
523, 830, -1
12, 1685, -1
8, 3, -1
19, 3, -1
2017, 1444, -1
8, 12, -1
19, 12, -1
0, 8, -1
2216, 1424, -1
0, 264, -1
425, 1877, -1
1560, 72, -1
1936, 1146, -1
1444, 1685, -1
0, 1441, -1
3, 1348, -1
425, 830, -1
19, 380, -1
2, 1877, -1
264, 2035, -1
1424, 818, -1
548, 253, -1
3, 548, -1
72, 818, -1
2, 830, -1
1424, 1986, -1
0, 12, -1
313, 1146, -1
1424, 1348, -1
72, 0, -1
380, 818, -1
72, 1986, -1
1936, 2017, -1
1560, 1608, -1
425, 313, -1
1936, 2035, -1
428, 1877, -1
380, 1986, -1
818, 253, -1
2017, 10, -1
1424, 548, -1
2017, 19, -1
428, 830, -1
72, 548, -1
72, 2116, -1
428, 12, -1
8, 2, -1
1146, 548, -1
380, 548, -1
313, 2035, -1
1348, 548, -1
19, 523, -1
1424, 1608, -1
1986, 548, -1
846, 548, -1
1560, 1877, -1
8, 1444, -1
19, 1444, -1
523, 1444, -1
1560, 830, -1
425, 2, -1
830, 1646, -1
1560, 12, -1
264, 313, -1
2017, 1685, -1
1424, 8, -1
8, 253, -1
19, 253, -1
425, 523, -1
1424, 264, -1
72, 8, -1
313, 1877, -1
0, 523, -1
2116, 253, -1
264, 425, -1
3, 12, -1
380, 8, -1
1936, 313, -1
1424, 1441, -1
313, 830, -1
72, 1441, -1
1560, 425, -1
425, 253, -1
8, 2216, -1
0, 226, -1
1936, 425, -1
1560, 681, -1
2035, 1877, -1
10, 428, -1
1424, 12, -1
523, 19, -1
226, 1877, -1
1936, 681, -1
72, 3, -1
2035, 830, -1
846, 1441, -1
226, 830, -1
1146, 3, -1
1146, 12, -1
2035, 12, -1
313, 425, -1
425, 10, -1
1348, 12, -1
1986, 3, -1
1560, 2, -1
72, 380, -1
313, 681, -1
1986, 12, -1
428, 253, -1
2216, 1646, -1
548, 1877, -1
8, 72, -1
2, 428, -1
2, 10, -1
2, 19, -1
548, 830, -1
1560, 1444, -1
2216, 428, -1
1441, 846, -1
1936, 1444, -1
523, 1685, -1
12, 1646, -1
818, 1877, -1
2116, 1685, -1
830, 548, -1
425, 1146, -1
12, 846, -1
818, 830, -1
3, 1444, -1
548, 313, -1
1560, 253, -1
19, 2035, -1
0, 1146, -1
0, 72, -1
425, 1685, -1
1424, 523, -1
264, 428, -1
10, 1424, -1
72, 1646, -1
1444, 846, -1
1424, 1444, -1
2, 1685, -1
380, 1646, -1
1560, 2216, -1
1986, 2, -1
1560, 10, -1
0, 2017, -1
1424, 226, -1
1146, 1444, -1
2035, 1444, -1
1936, 1560, -1
0, 2035, -1
226, 1444, -1
380, 846, -1
72, 226, -1
2216, 818, -1
8, 1877, -1
1441, 818, -1
1986, 1444, -1
2216, 1986, -1
380, 226, -1
428, 1685, -1
846, 1444, -1
8, 830, -1
1441, 1986, -1
2216, 1348, -1
1146, 253, -1
2035, 253, -1
226, 253, -1
1441, 1348, -1
313, 428, -1
830, 1441, -1
313, 10, -1
2216, 548, -1
313, 19, -1
1986, 253, -1
2216, 2116, -1
1441, 2116, -1
12, 1348, -1
8, 313, -1
0, 1877, -1
1444, 818, -1
264, 0, -1
264, 1986, -1
1560, 1685, -1
12, 548, -1
0, 830, -1
12, 2116, -1
818, 1444, -1
226, 10, -1
8, 425, -1
226, 19, -1
1441, 2017, -1
1444, 1348, -1
2017, 1646, -1
8, 681, -1
264, 1424, -1
1936, 0, -1
72, 1348, -1
1424, 1146, -1
2017, 846, -1
1444, 2116, -1
1424, 72, -1
380, 1348, -1
313, 1685, -1
1936, 1424, -1
2216, 8, -1
3, 2035, -1
1560, 1936, -1
0, 425, -1
0, 681, -1
2216, 1441, -1
1424, 2017, -1
2035, 1685, -1
1424, 2035, -1
226, 1685, -1
72, 2017, -1
818, 10, -1
818, 19, -1
72, 2035, -1
380, 2017, -1
2216, 3, -1
2216, 12, -1
1441, 3, -1
1441, 12, -1
3, 1877, -1
830, 1444, -1
3, 830, -1
548, 1685, -1
2216, 380, -1
1560, 313, -1
1441, 380, -1
0, 1444, -1
523, 1646, -1
1424, 1877, -1
10, 1646, -1
1424, 830, -1
818, 1685, -1
523, 846, -1
19, 428, -1
12, 380, -1
1444, 12, -1
2017, 548, -1
8, 10, -1
1146, 1877, -1
380, 1877, -1
8, 19, -1
72, 12, -1
1146, 830, -1
380, 830, -1
1348, 1877, -1
1986, 1877, -1
1444, 380, -1
1348, 830, -1
253, 1646, -1
1986, 830, -1
425, 846, -1
2, 1646, -1
425, 428, -1
1441, 2, -1
425, 19, -1
0, 2216, -1
1424, 425, -1
0, 428, -1
0, 1560, -1
0, 10, -1
2, 846, -1
0, 19, -1
1424, 681, -1
1441, 523, -1
72, 425, -1
72, 681, -1
8, 1685, -1
2216, 226, -1
1877, 253, -1
1441, 226, -1
428, 846, -1
226, 1608, -1
3, 1560, -1
425, 1936, -1
1986, 425, -1
313, 264, -1
548, 2116, -1
2017, 2216, -1
1444, 1936, -1
1424, 2116, -1
12, 818, -1
3, 2017, -1
548, 2216, -1
830, 428, -1
3, 1608, -1
2, 1936, -1
1560, 380, -1
226, 72, -1
380, 2116, -1
830, 2017, -1
2, 425, -1
830, 2035, -1
830, 3, -1
2, 681, -1
1441, 2216, -1
830, 12, -1
1146, 2216, -1
1441, 1560, -1
2035, 2216, -1
313, 72, -1
2035, 1441, -1
428, 1936, -1
3, 1146, -1
226, 2216, -1
3, 8, -1
226, 1441, -1
846, 2116, -1
3, 72, -1
1877, 2035, -1
3, 264, -1
2017, 380, -1
2, 253, -1
1986, 2216, -1
1441, 1608, -1
1146, 1608, -1
818, 1608, -1
19, 818, -1
523, 1608, -1
313, 1646, -1
19, 226, -1
3, 428, -1
830, 380, -1
3, 1441, -1
3, 10, -1
380, 253, -1
19, 1986, -1
1877, 1146, -1
1986, 1608, -1
2, 2116, -1
1441, 72, -1
2, 2216, -1
1146, 72, -1
818, 72, -1
2035, 380, -1
523, 72, -1
1441, 264, -1
226, 380, -1
523, 264, -1
12, 1146, -1
846, 1146, -1
548, 12, -1
380, 2216, -1
818, 2216, -1
1986, 72, -1
523, 2216, -1
2, 1608, -1
523, 1441, -1
818, 1441, -1
19, 1560, -1
380, 1441, -1
1146, 1441, -1
523, 10, -1
10, 1441, -1
0, 253, -1
2017, 1936, -1
830, 2, -1
1348, 2216, -1
19, 2017, -1
428, 1444, -1
12, 2216, -1
425, 72, -1
1986, 1441, -1
830, 313, -1
313, 1936, -1
425, 264, -1
830, 523, -1
0, 2116, -1
425, 2216, -1
2, 72, -1
425, 1560, -1
846, 2035, -1
226, 2, -1
1444, 2216, -1
2035, 1936, -1
19, 1146, -1
830, 818, -1
1444, 19, -1
226, 1936, -1
1146, 380, -1
19, 8, -1
818, 380, -1
830, 226, -1
523, 380, -1
2, 1441, -1
425, 1608, -1
313, 253, -1
830, 253, -1
830, 1986, -1
830, 1348, -1
1444, 3, -1
226, 425, -1
1986, 380, -1
19, 1441, -1
3, 1936, -1
226, 681, -1
10, 681, -1
428, 2216, -1
313, 2116, -1
830, 2116, -1
1986, 681, -1
548, 1936, -1
10, 1986, -1
313, 2216, -1
313, 1560, -1
1877, 2116, -1
3, 818, -1
3, 226, -1
2017, 1608, -1
1146, 2, -1
818, 2, -1
523, 2, -1
3, 253, -1
3, 1986, -1
10, 2, -1
1441, 1936, -1
313, 1608, -1
1146, 1936, -1
818, 1936, -1
523, 313, -1
523, 1936, -1
380, 1936, -1
548, 818, -1
8, 380, -1
1348, 1936, -1
428, 380, -1
1986, 1936, -1
380, 425, -1
1146, 425, -1
818, 425, -1
523, 425, -1
3, 2116, -1
548, 1348, -1
12, 1936, -1
1424, 253, -1
2017, 72, -1
1146, 681, -1
380, 681, -1
818, 681, -1
10, 425, -1
523, 681, -1
2017, 264, -1
830, 1146, -1
3, 2216, -1
10, 2017, -1
846, 1348, -1
548, 1146, -1
846, 428, -1
846, 226, -1
425, 8, -1
846, 380, -1
846, 3, -1
1877, 1348, -1
846, 253, -1
846, 12, -1
846, 523, -1
846, 2, -1
846, 1986, -1
1441, 8, -1
19, 2, -1
313, 8, -1
846, 818, -1

1138, 523, 1
1138, 8, 1
1138, 2017, 1
1138, 1146, 1
1138, 1986, 1
1138, 1348, 1
1138, 818, 1
1138, 1560, 1
1138, 2035, 1
1138, 226, 1
1138, 428, 1
1138, 2116, 1
2220, 12, 1
2220, 253, 1
301, 425, 1
301, 1441, 1
301, 548, 1
301, 1444, 1
301, 681, 1
301, 1646, 1
1146, 226, 1
818, 226, 1
523, 226, 1
425, 1646, 1
1146, 1348, 1
1986, 818, 1
818, 1348, 1
2035, 1348, 1
523, 1348, 1
1986, 226, 1
1560, 1146, 1
12, 253, 1
2017, 2035, 1
2116, 1348, 1
1441, 548, 1
1986, 1348, 1
1146, 2116, 1
818, 2116, 1
523, 2116, 1
8, 523, 1
1560, 428, 1
1986, 2116, 1
425, 548, 1
8, 818, 1
1560, 2035, 1
8, 226, 1
226, 2035, 1
1444, 548, 1
8, 1986, 1
1986, 2017, 1
2017, 428, 1
8, 1348, 1
425, 1444, 1
523, 1146, 1
8, 2116, 1
1986, 1146, 1
428, 2116, 1
1146, 428, 1
2035, 428, 1
226, 428, 1
681, 1646, 1
1560, 818, 1
1560, 226, 1
8, 2017, 1
2017, 523, 1
681, 425, 1
1986, 428, 1
1560, 1986, 1
1146, 2035, 1
818, 2035, 1
523, 2035, 1
548, 1646, 1
1986, 2035, 1
2017, 818, 1
2017, 226, 1
1560, 2116, 1
8, 1146, 1
428, 1348, 1
1441, 1646, 1
1560, 523, 1
2017, 1348, 1
681, 548, 1
8, 428, 1
818, 428, 1
523, 428, 1
2017, 2116, 1
681, 1444, 1
8, 2035, 1
1560, 1348, 1
1444, 1646, 1
226, 1348, 1
1560, 8, 1
2035, 2116, 1
226, 2116, 1
1441, 1444, 1
1441, 425, 1
2017, 1146, 1
1560, 2017, 1
1986, 523, 1
1146, 818, 1
523, 818, 1
681, 1441, 1
548, 301, 1
2035, 1138, 1
1146, 1138, 1
1444, 301, 1
226, 1138, 1
818, 1138, 1
523, 1138, 1
8, 1138, 1
226, 1986, 1
523, 1986, 1
2116, 818, 1
1348, 818, 1
428, 818, 1
2116, 2035, 1
1348, 2035, 1
428, 2035, 1
2116, 1138, 1
1348, 1138, 1
428, 1138, 1
425, 1441, 1
1986, 1138, 1
1441, 301, 1
818, 1146, 1
2035, 1146, 1
2017, 1138, 1
226, 1146, 1
2017, 1986, 1
1146, 523, 1
818, 523, 1
2116, 1146, 1
226, 523, 1
681, 301, 1
428, 1146, 1
1348, 1146, 1
1348, 2116, 1
8, 1560, 1
1441, 681, 1
2035, 818, 1
425, 301, 1
226, 818, 1
1560, 1138, 1
425, 681, 1
226, 2017, 1
1146, 1986, 1
1146, 2017, 1
1138, 425, -1
1138, 1441, -1
1138, 548, -1
1138, 1444, -1
1138, 681, -1
1138, 1646, -1
1138, 2216, -1
1138, 72, -1
1138, 846, -1
1138, 10, -1
1138, 1936, -1
1138, 1877, -1
1138, 264, -1
1138, 830, -1
1138, 19, -1
1138, 1685, -1
1138, 1608, -1
1138, 2, -1
1138, 0, -1
1138, 3, -1
1138, 380, -1
1138, 1424, -1
1138, 12, -1
1138, 253, -1
1138, 313, -1
2220, 425, -1
2220, 1441, -1
2220, 548, -1
2220, 1444, -1
2220, 681, -1
2220, 1646, -1
2220, 523, -1
2220, 8, -1
2220, 2017, -1
2220, 1146, -1
2220, 1986, -1
2220, 1348, -1
2220, 818, -1
2220, 1560, -1
2220, 2035, -1
2220, 226, -1
2220, 428, -1
2220, 2116, -1
2220, 1138, -1
2220, 2216, -1
2220, 72, -1
2220, 846, -1
2220, 10, -1
2220, 1936, -1
2220, 1877, -1
2220, 264, -1
2220, 830, -1
2220, 19, -1
2220, 1685, -1
2220, 1608, -1
2220, 2, -1
2220, 0, -1
2220, 3, -1
2220, 380, -1
2220, 1424, -1
2220, 313, -1
301, 523, -1
301, 8, -1
301, 2017, -1
301, 1146, -1
301, 1986, -1
301, 1348, -1
301, 818, -1
301, 1560, -1
301, 2035, -1
301, 226, -1
301, 428, -1
301, 2116, -1
301, 1138, -1
301, 2216, -1
301, 72, -1
301, 846, -1
301, 10, -1
301, 1936, -1
301, 1877, -1
301, 264, -1
301, 830, -1
301, 19, -1
301, 1685, -1
301, 1608, -1
301, 2, -1
301, 0, -1
301, 3, -1
301, 380, -1
301, 1424, -1
301, 12, -1
301, 253, -1
301, 2220, -1
301, 313, -1
1441, 1138, -1
1441, 253, -1
2017, 1441, -1
264, 1646, -1
10, 1348, -1
681, 3, -1
523, 301, -1
2017, 3, -1
523, 548, -1
425, 818, -1
2017, 12, -1
72, 523, -1
1936, 1646, -1
10, 548, -1
10, 2116, -1
72, 1444, -1
425, 1986, -1
2116, 548, -1
1608, 1646, -1
425, 1348, -1
681, 380, -1
1560, 19, -1
1936, 428, -1
1444, 253, -1
2017, 380, -1
253, 1348, -1
2, 1348, -1
72, 253, -1
425, 2116, -1
313, 1646, -1
3, 428, -1
1608, 226, -1
253, 301, -1
380, 253, -1
253, 548, -1
2, 548, -1
253, 2116, -1
2, 2116, -1
1348, 253, -1
1441, 1146, -1
1424, 428, -1
1424, 1560, -1
226, 1646, -1
264, 818, -1
72, 1560, -1
428, 548, -1
2017, 2, -1
226, 846, -1
1146, 10, -1
1146, 19, -1
264, 1348, -1
2216, 2017, -1
2216, 2035, -1
1936, 818, -1
1441, 2035, -1
1986, 10, -1
681, 846, -1
264, 548, -1
1986, 19, -1
523, 3, -1
1936, 1986, -1
264, 2116, -1
523, 12, -1
1936, 1348, -1
10, 12, -1
681, 226, -1
72, 1146, -1
681, 1138, -1
1560, 548, -1
548, 846, -1
1146, 2220, -1
2035, 2220, -1
1936, 548, -1
313, 818, -1
2017, 253, -1
1936, 2116, -1
253, 1441, -1
264, 2017, -1
818, 1646, -1
523, 380, -1
425, 3, -1
313, 1986, -1
425, 12, -1
1986, 2220, -1
313, 1348, -1
1146, 1685, -1
818, 846, -1
1441, 1877, -1
2, 12, -1
313, 548, -1
1348, 1685, -1
1441, 830, -1
313, 2116, -1
1986, 1685, -1
425, 380, -1
264, 8, -1
1608, 2017, -1
12, 1877, -1
1608, 2035, -1
12, 830, -1
264, 1441, -1
226, 301, -1
523, 2, -1
313, 2017, -1
2035, 548, -1
1936, 8, -1
226, 548, -1
681, 1348, -1
1444, 1877, -1
8, 1646, -1
19, 1646, -1
1560, 1441, -1
2216, 425, -1
1444, 830, -1
428, 380, -1
264, 12, -1
1936, 1441, -1
2216, 681, -1
2116, 1646, -1
8, 846, -1
548, 1348, -1
10, 1444, -1
1646, 830, -1
1138, 2220, -1
1560, 3, -1
548, 2116, -1
1936, 12, -1
523, 253, -1
681, 2017, -1
10, 253, -1
313, 1441, -1
0, 1646, -1
1608, 12, -1
2220, 301, -1
818, 301, -1
1560, 380, -1
264, 681, -1
818, 548, -1
2, 1444, -1
425, 226, -1
2216, 523, -1
425, 1138, -1
313, 12, -1
2216, 1444, -1
428, 1646, -1
2, 253, -1
1608, 425, -1
1608, 681, -1
2216, 253, -1
681, 1877, -1
226, 3, -1
226, 12, -1
2017, 1877, -1
264, 523, -1
681, 830, -1
19, 1348, -1
1877, 1646, -1
264, 1444, -1
2017, 830, -1
681, 12, -1
8, 301, -1
2035, 380, -1
1560, 1646, -1
8, 548, -1
19, 548, -1
226, 380, -1
19, 2116, -1
1936, 523, -1
264, 226, -1
2216, 1560, -1
2116, 301, -1
0, 818, -1
1560, 846, -1
1441, 428, -1
264, 253, -1
1441, 10, -1
1441, 19, -1
1608, 523, -1
3, 1646, -1
0, 1986, -1
1608, 1444, -1
0, 1348, -1
1936, 226, -1
818, 3, -1
1936, 253, -1
313, 523, -1
818, 12, -1
10, 2035, -1
2017, 425, -1
0, 548, -1
313, 1444, -1
0, 2116, -1
2017, 681, -1
1424, 1646, -1
1608, 253, -1
264, 1560, -1
2216, 1146, -1
1441, 2220, -1
226, 2, -1
1444, 428, -1
425, 2017, -1
313, 226, -1
1146, 1646, -1
818, 380, -1
2035, 1646, -1
425, 2035, -1
313, 253, -1
72, 428, -1
428, 301, -1
681, 2, -1
1348, 1646, -1
1441, 1685, -1
1146, 846, -1
2035, 846, -1
8, 1441, -1
1986, 1646, -1
2, 2035, -1
523, 1877, -1
1608, 1560, -1
681, 523, -1
1348, 846, -1
264, 1146, -1
1986, 846, -1
523, 830, -1
2116, 1877, -1
12, 1685, -1
1444, 2220, -1
8, 3, -1
2017, 1444, -1
8, 12, -1
19, 12, -1
0, 8, -1
1877, 548, -1
2116, 830, -1
1560, 301, -1
425, 1877, -1
818, 2, -1
1936, 1146, -1
681, 253, -1
1444, 1685, -1
0, 1441, -1
3, 1348, -1
425, 830, -1
8, 380, -1
253, 1877, -1
1608, 1146, -1
264, 2035, -1
1424, 818, -1
1646, 1685, -1
3, 548, -1
253, 830, -1
72, 818, -1
3, 2116, -1
1424, 1986, -1
0, 12, -1
313, 1146, -1
1424, 1348, -1
72, 1986, -1
1936, 2017, -1
681, 10, -1
1936, 2035, -1
428, 1877, -1
818, 253, -1
2017, 10, -1
1424, 548, -1
2017, 19, -1
1424, 2116, -1
428, 830, -1
72, 548, -1
72, 2116, -1
1146, 301, -1
428, 12, -1
2035, 301, -1
8, 2, -1
1146, 548, -1
380, 548, -1
380, 2116, -1
253, 425, -1
313, 2035, -1
1348, 301, -1
253, 681, -1
681, 2220, -1
1986, 301, -1
1348, 548, -1
681, 1146, -1
1986, 548, -1
1560, 1877, -1
8, 1444, -1
2017, 2220, -1
19, 1444, -1
523, 1444, -1
1560, 830, -1
425, 2, -1
681, 1685, -1
1560, 12, -1
2017, 1685, -1
1424, 8, -1
8, 253, -1
19, 253, -1
425, 523, -1
72, 8, -1
681, 2035, -1
0, 523, -1
2116, 253, -1
264, 425, -1
3, 12, -1
1424, 1441, -1
253, 1444, -1
72, 1441, -1
1560, 425, -1
425, 253, -1
0, 226, -1
1936, 425, -1
1560, 681, -1
2035, 1877, -1
523, 10, -1
10, 428, -1
1424, 12, -1
523, 19, -1
226, 1877, -1
0, 253, -1
1936, 681, -1
1138, 301, -1
2035, 830, -1
428, 1444, -1
226, 830, -1
1146, 3, -1
1146, 12, -1
2035, 12, -1
313, 425, -1
425, 10, -1
1986, 3, -1
1560, 2, -1
313, 681, -1
1986, 12, -1
428, 253, -1
2216, 1646, -1
523, 2220, -1
1146, 380, -1
2, 428, -1
548, 830, -1
1560, 1444, -1
2216, 428, -1
1441, 846, -1
1936, 1444, -1
1986, 380, -1
523, 1685, -1
12, 1646, -1
818, 1877, -1
425, 2220, -1
2116, 1685, -1
425, 1146, -1
818, 830, -1
12, 846, -1
3, 1444, -1
1560, 253, -1
19, 2035, -1
0, 1146, -1
425, 1685, -1
1424, 523, -1
264, 428, -1
1146, 2, -1
72, 1646, -1
3, 253, -1
1444, 846, -1
1424, 1444, -1
253, 1685, -1
380, 1646, -1
428, 2220, -1
1986, 2, -1
1646, 846, -1
1560, 10, -1
0, 2017, -1
1424, 226, -1
1146, 1444, -1
2035, 1444, -1
1936, 1560, -1
0, 2035, -1
226, 1444, -1
72, 226, -1
2216, 818, -1
1424, 253, -1
8, 1877, -1
1441, 818, -1
1608, 428, -1
1986, 1444, -1
2216, 1986, -1
428, 1685, -1
8, 830, -1
1441, 1986, -1
2216, 1348, -1
1146, 253, -1
2035, 253, -1
226, 253, -1
1441, 1348, -1
313, 428, -1
1560, 2220, -1
2216, 548, -1
1986, 253, -1
2216, 2116, -1
1441, 2116, -1
12, 1348, -1
8, 313, -1
12, 301, -1
264, 1986, -1
1560, 1685, -1
12, 548, -1
12, 2116, -1
818, 1444, -1
226, 10, -1
8, 425, -1
226, 19, -1
1441, 2017, -1
1444, 1348, -1
2017, 1646, -1
8, 681, -1
681, 428, -1
1608, 818, -1
72, 1348, -1
681, 19, -1
1424, 1146, -1
2017, 846, -1
1444, 2116, -1
1608, 1986, -1
380, 1348, -1
2216, 8, -1
3, 2035, -1
1608, 1348, -1
226, 2220, -1
0, 425, -1
1608, 548, -1
0, 681, -1
2216, 1441, -1
1608, 2116, -1
1424, 2017, -1
2035, 1685, -1
1424, 2035, -1
226, 1685, -1
72, 2017, -1
818, 10, -1
818, 19, -1
72, 2035, -1
2216, 12, -1
1441, 3, -1
1441, 12, -1
681, 818, -1
681, 1986, -1
548, 1685, -1
818, 2220, -1
1560, 313, -1
1441, 380, -1
0, 1444, -1
523, 1646, -1
1608, 8, -1
10, 1646, -1
681, 2116, -1
2017, 301, -1
818, 1685, -1
523, 846, -1
19, 428, -1
1444, 12, -1
2017, 548, -1
8, 10, -1
1146, 1877, -1
8, 19, -1
1608, 1441, -1
2116, 846, -1
72, 12, -1
1146, 830, -1
1348, 1877, -1
1986, 1877, -1
380, 12, -1
1444, 380, -1
1348, 830, -1
253, 1646, -1
1986, 830, -1
425, 846, -1
2, 1646, -1
425, 428, -1
1441, 2, -1
425, 19, -1
8, 2220, -1
1424, 425, -1
0, 428, -1
0, 1560, -1
253, 846, -1
1424, 681, -1
1441, 523, -1
72, 425, -1
72, 681, -1
8, 1685, -1
2216, 226, -1
1441, 226, -1
428, 846, -1
12, 1444, -1
380, 226, -1
3, 1560, -1
846, 1444, -1
264, 2220, -1
681, 1560, -1
10, 818, -1
846, 425, -1
1986, 425, -1
380, 1138, -1
10, 226, -1
428, 19, -1
1424, 301, -1
380, 1986, -1
846, 681, -1
0, 2220, -1
3, 2017, -1
12, 818, -1
2216, 301, -1
1444, 523, -1
830, 1441, -1
12, 1138, -1
1936, 2220, -1
2, 523, -1
10, 301, -1
548, 2017, -1
1685, 1646, -1
1444, 818, -1
2, 681, -1
380, 523, -1
846, 301, -1
1444, 226, -1
1441, 1560, -1
2035, 1441, -1
3, 1146, -1
846, 548, -1
2, 818, -1
1444, 1138, -1
3, 8, -1
226, 1441, -1
846, 2116, -1
2, 226, -1
253, 1138, -1
2, 1138, -1
313, 2220, -1
19, 818, -1
548, 1146, -1
19, 226, -1
3, 1441, -1
1646, 1348, -1
19, 1138, -1
19, 1986, -1
2, 301, -1
1608, 1138, -1
1877, 1146, -1
72, 301, -1
1646, 2116, -1
380, 301, -1
19, 301, -1
380, 8, -1
10, 1146, -1
12, 1146, -1
264, 1138, -1
3, 2220, -1
548, 12, -1
380, 1441, -1
380, 1560, -1
818, 1441, -1
19, 1560, -1
523, 1441, -1
1146, 1441, -1
0, 1138, -1
10, 1441, -1
380, 2017, -1
19, 2017, -1
264, 301, -1
12, 428, -1
1986, 1441, -1
846, 1441, -1
1936, 1138, -1
1444, 1146, -1
1685, 1138, -1
1424, 2220, -1
0, 301, -1
253, 1146, -1
2, 1146, -1
72, 2220, -1
830, 1444, -1
425, 1560, -1
2216, 2220, -1
830, 425, -1
1348, 12, -1
1936, 301, -1
830, 681, -1
548, 1877, -1
380, 1146, -1
19, 1146, -1
10, 2220, -1
19, 8, -1
1444, 19, -1
1685, 2116, -1
2, 1441, -1
313, 1138, -1
1608, 301, -1
1444, 2017, -1
1444, 2035, -1
1444, 3, -1
681, 313, -1
226, 425, -1
12, 380, -1
19, 1441, -1
1877, 1138, -1
226, 681, -1
10, 681, -1
313, 301, -1
830, 301, -1
830, 548, -1
830, 2116, -1
1986, 681, -1
380, 2035, -1
10, 1138, -1
2, 2220, -1
313, 1560, -1
3, 818, -1
1877, 2116, -1
3, 226, -1
428, 3, -1
3, 1138, -1
2116, 12, -1
3, 1986, -1
1685, 1146, -1
19, 2220, -1
523, 313, -1
1608, 2220, -1
548, 818, -1
548, 1138, -1
3, 301, -1
548, 253, -1
10, 523, -1
380, 425, -1
1146, 425, -1
1424, 1138, -1
818, 425, -1
523, 425, -1
1146, 681, -1
380, 681, -1
818, 681, -1
523, 681, -1
72, 1138, -1
380, 818, -1
2216, 1138, -1
425, 313, -1
830, 1348, -1
1685, 1348, -1
846, 1348, -1
425, 8, -1
2, 425, -1
548, 313, -1
1646, 313, -1
10, 425, -1
1444, 313, -1
380, 2220, -1
1441, 8, -1
681, 8, -1
1441, 313, -1
313, 8, -1
1877, 1348, -1

1683, 523, 1
1683, 8, 1
1683, 2017, 1
1683, 1146, 1
1683, 1986, 1
1683, 1348, 1
1683, 818, 1
1683, 1560, 1
1683, 2035, 1
1683, 226, 1
1683, 428, 1
1683, 2116, 1
1683, 1138, 1
1807, 12, 1
1807, 253, 1
1807, 2220, 1
971, 523, 1
971, 8, 1
971, 2017, 1
971, 1146, 1
971, 1986, 1
971, 1348, 1
971, 818, 1
971, 1560, 1
971, 2035, 1
971, 226, 1
971, 428, 1
971, 2116, 1
971, 1138, 1
971, 1683, 1
466, 523, 1
466, 8, 1
466, 2017, 1
466, 1146, 1
466, 1986, 1
466, 1348, 1
466, 818, 1
466, 1560, 1
466, 2035, 1
466, 226, 1
466, 428, 1
466, 2116, 1
466, 1138, 1
466, 1683, 1
466, 971, 1
640, 523, 1
640, 8, 1
640, 2017, 1
640, 1146, 1
640, 1986, 1
640, 1348, 1
640, 818, 1
640, 1560, 1
640, 2035, 1
640, 226, 1
640, 428, 1
640, 2116, 1
640, 1138, 1
640, 1683, 1
640, 971, 1
640, 466, 1
1742, 313, 1
1146, 226, 1
818, 226, 1
523, 226, 1
1986, 971, 1
1146, 1138, 1
818, 1138, 1
2220, 253, 1
523, 1138, 1
523, 1986, 1
1146, 1348, 1
1986, 818, 1
818, 1348, 1
2035, 1348, 1
523, 1348, 1
1986, 226, 1
2116, 1138, 1
1348, 1138, 1
1986, 1138, 1
8, 466, 1
1560, 1683, 1
1560, 1146, 1
12, 253, 1
2017, 2035, 1
226, 1146, 1
2116, 1348, 1
1986, 1348, 1
1146, 2116, 1
818, 2116, 1
523, 2116, 1
8, 523, 1
1560, 428, 1
1986, 2116, 1
2017, 1683, 1
8, 971, 1
8, 818, 1
1560, 2035, 1
8, 226, 1
226, 2035, 1
8, 1138, 1
8, 1986, 1
2017, 428, 1
1986, 2017, 1
1138, 523, 1
8, 1348, 1
428, 1138, 1
1138, 971, 1
2035, 1683, 1
818, 1146, 1
523, 1146, 1
226, 1683, 1
1138, 818, 1
8, 2116, 1
1138, 226, 1
1986, 1683, 1
2017, 466, 1
1986, 1146, 1
428, 2116, 1
1146, 428, 1
8, 1560, 1
2035, 428, 1
1138, 1348, 1
226, 428, 1
1560, 818, 1
1560, 226, 1
8, 2017, 1
1560, 1138, 1
523, 2017, 1
2017, 523, 1
1986, 428, 1
1560, 1986, 1
1146, 2035, 1
818, 2035, 1
1138, 2116, 1
523, 2035, 1
2220, 12, 1
2017, 971, 1
1348, 2035, 1
1560, 466, 1
1986, 2035, 1
2017, 818, 1
2017, 226, 1
1560, 2116, 1
8, 1683, 1
2017, 1138, 1
1146, 1683, 1
818, 1683, 1
8, 1146, 1
523, 1683, 1
2017, 1986, 1
428, 1348, 1
1560, 523, 1
2017, 1348, 1
1560, 971, 1
226, 971, 1
8, 428, 1
818, 428, 1
523, 428, 1
2017, 2116, 1
1138, 1683, 1
226, 818, 1
1138, 1146, 1
2035, 1138, 1
226, 1138, 1
8, 2035, 1
1560, 1348, 1
226, 1348, 1
1138, 428, 1
523, 466, 1
1560, 8, 1
226, 466, 1
2035, 2116, 1
226, 2116, 1
1986, 466, 1
1138, 2035, 1
1146, 523, 1
818, 523, 1
428, 1683, 1
226, 523, 1
1146, 971, 1
2017, 1146, 1
818, 971, 1
523, 971, 1
1560, 2017, 1
1986, 523, 1
1146, 818, 1
523, 818, 1
1348, 971, 1
12, 1807, 1
2116, 971, 1
428, 971, 1
1146, 1986, 1
226, 1986, 1
2116, 818, 1
1348, 818, 1
428, 818, 1
1560, 640, 1
2116, 2035, 1
466, 640, 1
428, 2035, 1
1146, 640, 1
818, 640, 1
226, 640, 1
523, 640, 1
2035, 640, 1
8, 640, 1
1683, 640, 1
2035, 1146, 1
2116, 640, 1
1348, 640, 1
253, 1807, 1
428, 640, 1
1986, 640, 1
2116, 1683, 1
1348, 1683, 1
2017, 640, 1
2116, 1146, 1
1348, 1146, 1
428, 1146, 1
1348, 2116, 1
2220, 1807, 1
971, 640, 1
2035, 971, 1
2017, 8, 1
1138, 640, 1
253, 12, 1
1683, 971, 1
2035, 818, 1
226, 2017, 1
2017, 1560, 1
1146, 2017, 1
1146, 466, 1
1683, 425, -1
1683, 1441, -1
1683, 548, -1
1683, 1444, -1
1683, 681, -1
1683, 1646, -1
1683, 301, -1
1683, 2216, -1
1683, 72, -1
1683, 846, -1
1683, 10, -1
1683, 1936, -1
1683, 1877, -1
1683, 264, -1
1683, 830, -1
1683, 19, -1
1683, 1685, -1
1683, 1608, -1
1683, 2, -1
1683, 0, -1
1683, 3, -1
1683, 380, -1
1683, 1424, -1
1683, 12, -1
1683, 253, -1
1683, 2220, -1
1683, 313, -1
1807, 425, -1
1807, 1441, -1
1807, 548, -1
1807, 1444, -1
1807, 681, -1
1807, 1646, -1
1807, 301, -1
1807, 523, -1
1807, 8, -1
1807, 2017, -1
1807, 1146, -1
1807, 1986, -1
1807, 1348, -1
1807, 818, -1
1807, 1560, -1
1807, 2035, -1
1807, 226, -1
1807, 428, -1
1807, 2116, -1
1807, 1138, -1
1807, 1683, -1
1807, 2216, -1
1807, 72, -1
1807, 846, -1
1807, 10, -1
1807, 1936, -1
1807, 1877, -1
1807, 264, -1
1807, 830, -1
1807, 19, -1
1807, 1685, -1
1807, 1608, -1
1807, 2, -1
1807, 0, -1
1807, 3, -1
1807, 380, -1
1807, 1424, -1
1807, 313, -1
971, 425, -1
971, 1441, -1
971, 548, -1
971, 1444, -1
971, 681, -1
971, 1646, -1
971, 301, -1
971, 2216, -1
971, 72, -1
971, 846, -1
971, 10, -1
971, 1936, -1
971, 1877, -1
971, 264, -1
971, 830, -1
971, 19, -1
971, 1685, -1
971, 1608, -1
971, 2, -1
971, 0, -1
971, 3, -1
971, 380, -1
971, 1424, -1
971, 12, -1
971, 253, -1
971, 2220, -1
971, 1807, -1
971, 313, -1
466, 425, -1
466, 1441, -1
466, 548, -1
466, 1444, -1
466, 681, -1
466, 1646, -1
466, 301, -1
466, 2216, -1
466, 72, -1
466, 846, -1
466, 10, -1
466, 1936, -1
466, 1877, -1
466, 264, -1
466, 830, -1
466, 19, -1
466, 1685, -1
466, 1608, -1
466, 2, -1
466, 0, -1
466, 3, -1
466, 380, -1
466, 1424, -1
466, 12, -1
466, 253, -1
466, 2220, -1
466, 1807, -1
466, 313, -1
640, 425, -1
640, 1441, -1
640, 548, -1
640, 1444, -1
640, 681, -1
640, 1646, -1
640, 301, -1
640, 2216, -1
640, 72, -1
640, 846, -1
640, 10, -1
640, 1936, -1
640, 1877, -1
640, 264, -1
640, 830, -1
640, 19, -1
640, 1685, -1
640, 1608, -1
640, 2, -1
640, 0, -1
640, 3, -1
640, 380, -1
640, 1424, -1
640, 12, -1
640, 253, -1
640, 2220, -1
640, 1807, -1
640, 313, -1
1742, 425, -1
1742, 1441, -1
1742, 548, -1
1742, 1444, -1
1742, 681, -1
1742, 1646, -1
1742, 301, -1
1742, 523, -1
1742, 8, -1
1742, 2017, -1
1742, 1146, -1
1742, 1986, -1
1742, 1348, -1
1742, 818, -1
1742, 1560, -1
1742, 2035, -1
1742, 226, -1
1742, 428, -1
1742, 2116, -1
1742, 1138, -1
1742, 1683, -1
1742, 971, -1
1742, 466, -1
1742, 640, -1
1742, 2216, -1
1742, 72, -1
1742, 846, -1
1742, 10, -1
1742, 1936, -1
1742, 1877, -1
1742, 264, -1
1742, 830, -1
1742, 19, -1
1742, 1685, -1
1742, 1608, -1
1742, 2, -1
1742, 0, -1
1742, 3, -1
1742, 380, -1
1742, 1424, -1
1742, 12, -1
1742, 253, -1
1742, 2220, -1
1742, 1807, -1
10, 818, -1
1441, 1138, -1
1441, 253, -1
8, 0, -1
0, 2220, -1
10, 1348, -1
8, 1424, -1
523, 301, -1
1608, 640, -1
2017, 3, -1
523, 548, -1
425, 818, -1
2017, 12, -1
72, 523, -1
253, 971, -1
8, 1936, -1
2, 971, -1
1138, 830, -1
10, 2116, -1
425, 1986, -1
681, 1683, -1
2, 818, -1
425, 1348, -1
1444, 253, -1
1936, 428, -1
1560, 19, -1
2017, 380, -1
2, 1348, -1
72, 253, -1
523, 1608, -1
425, 2116, -1
313, 1646, -1
3, 428, -1
1608, 226, -1
253, 301, -1
380, 253, -1
1608, 1138, -1
2, 2116, -1
1348, 253, -1
1441, 1146, -1
264, 971, -1
1424, 428, -1
1424, 1560, -1
226, 1646, -1
264, 818, -1
72, 1560, -1
428, 548, -1
3, 2220, -1
1646, 971, -1
2017, 2, -1
523, 1441, -1
226, 846, -1
1936, 971, -1
1146, 10, -1
1685, 971, -1
1146, 19, -1
264, 1348, -1
2216, 2017, -1
2216, 2035, -1
1936, 818, -1
1348, 2216, -1
1608, 971, -1
830, 313, -1
1441, 2035, -1
1560, 0, -1
1986, 10, -1
1986, 19, -1
1936, 1986, -1
264, 2116, -1
1424, 2220, -1
523, 3, -1
523, 12, -1
1936, 1348, -1
10, 12, -1
681, 226, -1
72, 2220, -1
313, 971, -1
72, 1146, -1
681, 1138, -1
1560, 548, -1
1146, 2220, -1
2035, 2220, -1
19, 1683, -1
313, 818, -1
2017, 253, -1
1936, 2116, -1
2220, 1646, -1
264, 2017, -1
818, 1646, -1
523, 380, -1
313, 1986, -1
425, 12, -1
1986, 2220, -1
313, 1348, -1
2220, 846, -1
1146, 1685, -1
818, 846, -1
2220, 428, -1
640, 1742, -1
2, 12, -1
313, 301, -1
425, 1683, -1
313, 548, -1
1348, 1685, -1
313, 2116, -1
1986, 1685, -1
264, 8, -1
681, 971, -1
1608, 2017, -1
12, 1877, -1
2017, 1807, -1
1608, 2035, -1
2, 1683, -1
1441, 466, -1
12, 830, -1
1146, 1424, -1
2035, 1424, -1
1138, 10, -1
2216, 313, -1
12, 1742, -1
548, 971, -1
1138, 19, -1
226, 301, -1
523, 2, -1
313, 2017, -1
2035, 548, -1
1936, 8, -1
1560, 264, -1
226, 548, -1
1441, 313, -1
1146, 1936, -1
681, 1348, -1
1348, 1424, -1
8, 1646, -1
1986, 1424, -1
1560, 1441, -1
10, 523, -1
1348, 1936, -1
428, 380, -1
264, 12, -1
2220, 971, -1
1986, 1936, -1
2116, 1646, -1
8, 846, -1
548, 1348, -1
2017, 72, -1
1138, 2220, -1
1560, 3, -1
226, 1608, -1
10, 226, -1
548, 2116, -1
1936, 12, -1
523, 253, -1
72, 466, -1
2220, 1348, -1
681, 2017, -1
10, 253, -1
1608, 12, -1
1138, 1685, -1
72, 313, -1
2220, 301, -1
2, 523, -1
818, 301, -1
2220, 548, -1
1560, 380, -1
1936, 1683, -1
818, 548, -1
2220, 2116, -1
425, 226, -1
2216, 523, -1
425, 1138, -1
313, 3, -1
1608, 313, -1
313, 12, -1
3, 1683, -1
523, 1807, -1
2, 226, -1
428, 1646, -1
19, 971, -1
2, 1138, -1
1138, 1424, -1
2, 253, -1
264, 640, -1
818, 1608, -1
19, 818, -1
313, 380, -1
2216, 253, -1
1138, 1936, -1
226, 3, -1
226, 12, -1
19, 1986, -1
2017, 1877, -1
264, 523, -1
19, 1348, -1
1936, 640, -1
425, 971, -1
2017, 830, -1
681, 12, -1
8, 301, -1
2017, 1742, -1
2035, 380, -1
1560, 1646, -1
8, 548, -1
10, 1146, -1
523, 72, -1
0, 971, -1
226, 380, -1
19, 2116, -1
1936, 523, -1
264, 226, -1
2216, 1560, -1
2116, 301, -1
264, 1138, -1
0, 818, -1
548, 12, -1
1441, 428, -1
1560, 846, -1
264, 253, -1
1608, 523, -1
2017, 313, -1
0, 1986, -1
313, 2, -1
19, 2017, -1
0, 1348, -1
1936, 226, -1
8, 1608, -1
1936, 1138, -1
818, 3, -1
1936, 253, -1
10, 2035, -1
818, 12, -1
313, 523, -1
2, 1146, -1
313, 1444, -1
0, 2116, -1
2216, 2220, -1
1608, 253, -1
264, 1560, -1
2216, 1146, -1
1441, 2220, -1
226, 2, -1
425, 2017, -1
2220, 380, -1
19, 8, -1
313, 226, -1
1146, 1646, -1
818, 380, -1
1877, 971, -1
2035, 1646, -1
425, 2035, -1
313, 1138, -1
8, 264, -1
313, 253, -1
72, 428, -1
428, 301, -1
1348, 1646, -1
1146, 846, -1
2035, 846, -1
8, 1441, -1
1986, 1646, -1
2, 2035, -1
523, 1877, -1
1608, 1560, -1
681, 523, -1
1348, 846, -1
264, 1146, -1
1986, 846, -1
523, 830, -1
2116, 1877, -1
12, 1685, -1
3, 971, -1
523, 1742, -1
8, 3, -1
2017, 1444, -1
8, 12, -1
19, 12, -1
0, 8, -1
2116, 830, -1
3, 818, -1
313, 1807, -1
2116, 1742, -1
1560, 301, -1
2116, 12, -1
1560, 72, -1
818, 2, -1
1936, 1146, -1
681, 253, -1
3, 1986, -1
523, 313, -1
1424, 971, -1
3, 1348, -1
1608, 2220, -1
8, 380, -1
253, 1877, -1
1608, 1146, -1
264, 2035, -1
1424, 818, -1
548, 253, -1
226, 1807, -1
253, 830, -1
72, 818, -1
523, 425, -1
3, 2116, -1
1424, 1986, -1
253, 1742, -1
0, 12, -1
523, 681, -1
313, 1146, -1
1424, 1348, -1
72, 1986, -1
1936, 2017, -1
1560, 1608, -1
425, 313, -1
1936, 2035, -1
846, 971, -1
428, 1877, -1
466, 1742, -1
1138, 1646, -1
2017, 2216, -1
818, 253, -1
2017, 10, -1
0, 1683, -1
2017, 19, -1
3, 2017, -1
1424, 2116, -1
2216, 466, -1
428, 830, -1
428, 1742, -1
1138, 846, -1
72, 2116, -1
19, 640, -1
1146, 301, -1
428, 12, -1
2035, 301, -1
8, 2, -1
1146, 548, -1
226, 72, -1
380, 2116, -1
313, 2035, -1
1348, 301, -1
681, 2220, -1
19, 523, -1
1986, 301, -1
681, 1146, -1
1986, 548, -1
1560, 1877, -1
3, 8, -1
818, 1807, -1
8, 1444, -1
2017, 2220, -1
523, 1444, -1
264, 466, -1
1560, 830, -1
1146, 1608, -1
1560, 1742, -1
0, 640, -1
19, 226, -1
1560, 12, -1
264, 313, -1
19, 1138, -1
2017, 1685, -1
1424, 8, -1
8, 253, -1
19, 253, -1
425, 523, -1
1986, 1608, -1
72, 8, -1
1936, 466, -1
681, 2035, -1
313, 1877, -1
0, 523, -1
2116, 253, -1
3, 12, -1
1936, 313, -1
818, 72, -1
1608, 466, -1
971, 1742, -1
1560, 425, -1
2017, 1424, -1
425, 253, -1
8, 2216, -1
0, 226, -1
19, 1560, -1
523, 2216, -1
1560, 681, -1
8, 1807, -1
523, 10, -1
2035, 1877, -1
0, 1138, -1
10, 428, -1
1424, 12, -1
226, 1877, -1
0, 253, -1
523, 19, -1
313, 466, -1
2017, 1936, -1
2116, 2216, -1
1138, 301, -1
2035, 830, -1
428, 1444, -1
1138, 548, -1
2116, 1807, -1
226, 830, -1
2035, 1742, -1
1146, 3, -1
226, 1742, -1
1146, 12, -1
2035, 12, -1
1424, 1683, -1
72, 1683, -1
830, 971, -1
1348, 12, -1
1560, 2, -1
1986, 3, -1
1986, 12, -1
428, 253, -1
523, 2220, -1
19, 1146, -1
10, 2220, -1
1146, 380, -1
8, 72, -1
2, 428, -1
1138, 1608, -1
681, 466, -1
3, 640, -1
1560, 1444, -1
2216, 428, -1
681, 313, -1
1986, 380, -1
523, 1685, -1
12, 1646, -1
2220, 1877, -1
818, 1877, -1
1683, 1807, -1
3, 523, -1
425, 2220, -1
428, 2216, -1
2116, 1685, -1
425, 1146, -1
2220, 830, -1
1424, 640, -1
818, 830, -1
428, 1807, -1
12, 846, -1
2220, 1742, -1
1560, 253, -1
19, 2035, -1
818, 1742, -1
72, 640, -1
0, 1146, -1
2, 2220, -1
3, 226, -1
1424, 523, -1
523, 1424, -1
1138, 1877, -1
264, 428, -1
3, 1138, -1
1146, 2, -1
3, 253, -1
2116, 1424, -1
253, 1685, -1
523, 1936, -1
1138, 1742, -1
428, 2220, -1
1138, 3, -1
1560, 2216, -1
1986, 2, -1
2216, 971, -1
1138, 12, -1
1560, 10, -1
0, 2017, -1
1424, 226, -1
1146, 1444, -1
1560, 1807, -1
2116, 1936, -1
2035, 1444, -1
1936, 1560, -1
1441, 971, -1
301, 971, -1
0, 2035, -1
226, 1444, -1
1424, 1138, -1
72, 226, -1
2216, 818, -1
1424, 253, -1
8, 1877, -1
72, 1138, -1
1441, 818, -1
1608, 428, -1
1986, 1444, -1
2216, 1986, -1
3, 1560, -1
428, 1685, -1
264, 2220, -1
12, 971, -1
8, 830, -1
1138, 380, -1
1441, 1986, -1
2216, 1348, -1
1146, 253, -1
2035, 253, -1
8, 1742, -1
226, 253, -1
1441, 1348, -1
313, 428, -1
313, 10, -1
1560, 2220, -1
313, 19, -1
19, 466, -1
1986, 253, -1
2216, 2116, -1
1936, 2220, -1
1444, 971, -1
1441, 2116, -1
12, 1348, -1
8, 313, -1
428, 1424, -1
12, 301, -1
72, 971, -1
264, 1986, -1
1560, 1685, -1
1146, 2216, -1
2035, 2216, -1
3, 1146, -1
428, 1936, -1
226, 2216, -1
1146, 1807, -1
2220, 1444, -1
12, 2116, -1
2035, 1807, -1
818, 1444, -1
226, 10, -1
8, 425, -1
380, 971, -1
226, 19, -1
425, 466, -1
1441, 2017, -1
1444, 1348, -1
2017, 1646, -1
8, 681, -1
313, 2220, -1
1138, 2, -1
1986, 2216, -1
1348, 1807, -1
1986, 1807, -1
681, 428, -1
0, 466, -1
1608, 818, -1
72, 1348, -1
1424, 1146, -1
2017, 846, -1
1444, 2116, -1
1683, 1742, -1
1560, 1424, -1
0, 313, -1
1608, 1986, -1
380, 1348, -1
1138, 1444, -1
313, 1685, -1
2216, 8, -1
3, 2035, -1
1608, 1348, -1
1560, 1936, -1
226, 2220, -1
10, 1683, -1
1146, 72, -1
1608, 2116, -1
1424, 2017, -1
1138, 253, -1
2035, 1685, -1
1986, 72, -1
1424, 2035, -1
818, 2216, -1
226, 1685, -1
72, 2017, -1
818, 10, -1
818, 19, -1
72, 2035, -1
2216, 12, -1
1441, 12, -1
681, 818, -1
1138, 2216, -1
1138, 1807, -1
2216, 1683, -1
226, 1424, -1
681, 1986, -1
818, 2220, -1
1441, 1683, -1
1560, 313, -1
2035, 1936, -1
226, 1936, -1
523, 1646, -1
1608, 8, -1
3, 466, -1
681, 2116, -1
2220, 1685, -1
2017, 301, -1
818, 1685, -1
523, 846, -1
19, 428, -1
1444, 12, -1
2017, 548, -1
8, 10, -1
1146, 1877, -1
8, 19, -1
2116, 846, -1
264, 1683, -1
72, 12, -1
1146, 830, -1
1424, 466, -1
1138, 72, -1
1348, 1877, -1
1146, 1742, -1
10, 1138, -1
1986, 1877, -1
380, 12, -1
2216, 640, -1
1424, 313, -1
1348, 830, -1
253, 1646, -1
1986, 830, -1
1348, 1742, -1
818, 1424, -1
425, 428, -1
2017, 1608, -1
1986, 1742, -1
8, 2220, -1
19, 2220, -1
0, 428, -1
0, 1560, -1
818, 1936, -1
253, 846, -1
1608, 1683, -1
1441, 523, -1
846, 313, -1
8, 1685, -1
10, 971, -1
2216, 226, -1
313, 1683, -1
2216, 1138, -1
1441, 226, -1
428, 846, -1
12, 1444, -1
380, 226, -1
681, 1560, -1
2220, 1138, -1
681, 1807, -1
301, 1138, -1
3, 1807, -1
2, 640, -1
380, 1138, -1
1685, 2035, -1
428, 19, -1
380, 1986, -1
19, 1742, -1
12, 818, -1
1608, 1742, -1
1444, 523, -1
380, 640, -1
380, 466, -1
548, 1807, -1
12, 1138, -1
1424, 1807, -1
301, 2116, -1
830, 2035, -1
1444, 818, -1
2116, 548, -1
1348, 548, -1
1444, 226, -1
380, 523, -1
428, 313, -1
1441, 1560, -1
12, 548, -1
1441, 1807, -1
301, 1807, -1
1444, 1138, -1
846, 2116, -1
1877, 2035, -1
253, 1138, -1
0, 1742, -1
10, 1807, -1
313, 8, -1
253, 1348, -1
548, 1683, -1
548, 1146, -1
1138, 313, -1
846, 1807, -1
1936, 1742, -1
1685, 1742, -1
253, 548, -1
1877, 1146, -1
253, 2116, -1
681, 1742, -1
2220, 1146, -1
1646, 2116, -1
301, 1146, -1
1444, 1807, -1
1441, 8, -1
380, 8, -1
681, 640, -1
2, 1807, -1
548, 2035, -1
72, 1807, -1
12, 1146, -1
2216, 1807, -1
380, 1560, -1
313, 640, -1
19, 1807, -1
380, 1807, -1
2220, 19, -1
1877, 1742, -1
380, 2017, -1
425, 8, -1
2220, 2035, -1
12, 428, -1
301, 2035, -1
2220, 3, -1
1444, 1146, -1
1685, 1138, -1
301, 12, -1
10, 1742, -1
253, 1146, -1
425, 1560, -1
12, 2035, -1
846, 2035, -1
425, 1807, -1
264, 1807, -1
301, 2220, -1
3, 1742, -1
2220, 1683, -1
380, 1683, -1
380, 1146, -1
226, 313, -1
0, 1807, -1
1685, 2116, -1
548, 1742, -1
12, 1683, -1
1646, 1807, -1
1444, 2035, -1
1936, 1807, -1
1685, 1807, -1
12, 380, -1
253, 2035, -1
1424, 1742, -1
1877, 1138, -1
548, 640, -1
72, 1742, -1
1646, 2035, -1
1608, 1807, -1
2216, 1742, -1
830, 2116, -1
1441, 1742, -1
301, 1742, -1
380, 1742, -1
380, 2035, -1
1444, 1683, -1
313, 1560, -1
2220, 640, -1
1441, 640, -1
1877, 2116, -1
830, 1807, -1
428, 3, -1
10, 640, -1
1685, 1146, -1
1146, 313, -1
818, 313, -1
2035, 313, -1
1877, 1807, -1
548, 818, -1
12, 640, -1
2220, 523, -1
425, 1742, -1
264, 1742, -1
548, 1138, -1
2116, 313, -1
1348, 313, -1
681, 8, -1
1986, 313, -1
1444, 1742, -1
425, 640, -1
2, 1742, -1
2220, 818, -1
380, 818, -1
1444, 640, -1
2220, 226, -1
1685, 1348, -1
830, 1348, -1
846, 1348, -1
1444, 2220, -1
1646, 1348, -1
380, 2220, -1
301, 1348, -1
1877, 1348, -1

776, 523, 1
776, 8, 1
776, 2017, 1
776, 1146, 1
776, 1986, 1
776, 1348, 1
776, 818, 1
776, 1560, 1
776, 2035, 1
776, 226, 1
776, 428, 1
776, 2116, 1
776, 1138, 1
776, 1683, 1
776, 971, 1
776, 466, 1
776, 640, 1
1207, 523, 1
1207, 8, 1
1207, 2017, 1
1207, 1146, 1
1207, 1986, 1
1207, 1348, 1
1207, 818, 1
1207, 1560, 1
1207, 2035, 1
1207, 226, 1
1207, 428, 1
1207, 2116, 1
1207, 1138, 1
1207, 1683, 1
1207, 971, 1
1207, 466, 1
1207, 640, 1
1207, 776, 1
547, 523, 1
547, 8, 1
547, 2017, 1
547, 1146, 1
547, 1986, 1
547, 1348, 1
547, 818, 1
547, 1560, 1
547, 2035, 1
547, 226, 1
547, 428, 1
547, 2116, 1
547, 1138, 1
547, 1683, 1
547, 971, 1
547, 466, 1
547, 640, 1
547, 776, 1
547, 1207, 1
1797, 523, 1
1797, 8, 1
1797, 2017, 1
1797, 1146, 1
1797, 1986, 1
1797, 1348, 1
1797, 818, 1
1797, 1560, 1
1797, 2035, 1
1797, 226, 1
1797, 428, 1
1797, 2116, 1
1797, 1138, 1
1797, 1683, 1
1797, 971, 1
1797, 466, 1
1797, 640, 1
1797, 776, 1
1797, 1207, 1
1797, 547, 1
696, 523, 1
696, 8, 1
696, 2017, 1
696, 1146, 1
696, 1986, 1
696, 1348, 1
696, 818, 1
696, 1560, 1
696, 2035, 1
696, 226, 1
696, 428, 1
696, 2116, 1
696, 1138, 1
696, 1683, 1
696, 971, 1
696, 466, 1
696, 640, 1
696, 776, 1
696, 1207, 1
696, 547, 1
696, 1797, 1
705, 2216, 1
705, 72, 1
705, 846, 1
705, 10, 1
705, 1936, 1
705, 1877, 1
705, 264, 1
705, 830, 1
705, 19, 1
705, 1685, 1
705, 1608, 1
709, 523, 1
709, 8, 1
709, 2017, 1
709, 1146, 1
709, 1986, 1
709, 1348, 1
709, 818, 1
709, 1560, 1
709, 2035, 1
709, 226, 1
709, 428, 1
709, 2116, 1
709, 1138, 1
709, 1683, 1
709, 971, 1
709, 466, 1
709, 640, 1
709, 776, 1
709, 1207, 1
709, 547, 1
709, 1797, 1
709, 696, 1
1348, 971, 1
523, 226, 1
1608, 19, 1
1986, 971, 1
466, 1797, 1
19, 830, 1
523, 1138, 1
2017, 547, 1
640, 466, 1
523, 1986, 1
696, 709, 1
1683, 2035, 1
1608, 830, 1
1146, 1348, 1
1986, 818, 1
818, 1348, 1
2035, 1348, 1
523, 1348, 1
1138, 709, 1
466, 640, 1
1986, 226, 1
640, 2116, 1
428, 1797, 1
8, 640, 1
8, 466, 1
1986, 1138, 1
1560, 1683, 1
1560, 1146, 1
264, 846, 1
264, 1685, 1
2017, 2035, 1
226, 1146, 1
2116, 1348, 1
466, 1207, 1
640, 523, 1
1986, 1348, 1
1146, 2116, 1
818, 2116, 1
971, 2035, 1
523, 2116, 1
428, 640, 1
1560, 709, 1
640, 971, 1
1608, 1936, 1
264, 830, 1
8, 523, 1
428, 1207, 1
1560, 428, 1
1560, 547, 1
1936, 846, 1
1986, 2116, 1
226, 547, 1
1936, 1685, 1
1685, 846, 1
1683, 709, 1
2017, 1683, 1
8, 971, 1
1936, 1877, 1
1138, 640, 1
547, 709, 1
971, 1683, 1
466, 818, 1
1683, 428, 1
466, 226, 1
1560, 1797, 1
8, 818, 1
1560, 2035, 1
1936, 830, 1
466, 1138, 1
8, 226, 1
2017, 709, 1
226, 2035, 1
640, 1348, 1
2116, 971, 1
1685, 830, 1
8, 1138, 1
264, 1936, 1
971, 709, 1
8, 1986, 1
1138, 523, 1
2017, 428, 1
466, 1348, 1
1560, 640, 1
1683, 1797, 1
640, 8, 1
8, 1348, 1
971, 428, 1
547, 1797, 1
1138, 971, 1
1560, 1207, 1
2035, 1683, 1
1683, 640, 1
818, 1146, 1
523, 1146, 1
2017, 1797, 1
226, 1683, 1
466, 2116, 1
1138, 818, 1
640, 776, 1
1877, 846, 1
1877, 1685, 1
640, 1560, 1
8, 2116, 1
1138, 226, 1
971, 1797, 1
72, 2216, 1
1683, 1207, 1
72, 10, 1
466, 523, 1
1986, 1683, 1
2017, 640, 1
2017, 466, 1
2216, 10, 1
1986, 1146, 1
226, 709, 1
2216, 19, 1
428, 2116, 1
8, 776, 1
1146, 428, 1
8, 1560, 1
1146, 547, 1
818, 547, 1
1138, 1348, 1
523, 547, 1
2035, 428, 1
971, 640, 1
466, 971, 1
226, 428, 1
1877, 830, 1
2017, 1207, 1
1797, 709, 1
1560, 818, 1
10, 1877, 1
1683, 971, 1
1560, 226, 1
10, 19, 1
971, 1207, 1
8, 2017, 1
1560, 1138, 1
2017, 523, 1
523, 2017, 1
1146, 1797, 1
1560, 1986, 1
1146, 2035, 1
1986, 428, 1
1986, 547, 1
818, 2035, 1
523, 2035, 1
2035, 1797, 1
1138, 2116, 1
226, 1797, 1
428, 971, 1
2017, 971, 1
640, 1683, 1
640, 1146, 1
1560, 466, 1
1348, 2035, 1
1986, 1797, 1
226, 640, 1
1986, 2035, 1
264, 2216, 1
2017, 818, 1
1683, 1348, 1
2017, 226, 1
1146, 1207, 1
1560, 2116, 1
2035, 1207, 1
8, 1683, 1
2017, 1138, 1
1146, 1683, 1
818, 1683, 1
523, 1683, 1
8, 1146, 1
226, 1207, 1
2017, 1986, 1
428, 1348, 1
640, 709, 1
1560, 523, 1
2017, 1348, 1
640, 547, 1
640, 428, 1
72, 846, 1
1683, 2116, 1
72, 1685, 1
1608, 72, 1
2216, 846, 1
2216, 1685, 1
1146, 709, 1
1986, 1207, 1
818, 709, 1
2035, 709, 1
523, 709, 1
72, 1877, 1
72, 19, 1
2216, 1877, 1
1608, 264, 1
1560, 971, 1
226, 971, 1
8, 428, 1
8, 547, 1
818, 428, 1
640, 2017, 1
523, 428, 1
776, 709, 1
640, 1797, 1
2017, 2116, 1
640, 2035, 1
2116, 709, 1
1348, 709, 1
1608, 2216, 1
2216, 830, 1
72, 830, 1
10, 846, 1
10, 1685, 1
1138, 1683, 1
1986, 709, 1
1608, 10, 1
226, 818, 1
1138, 1146, 1
971, 2116, 1
776, 547, 1
466, 2035, 1
8, 1797, 1
226, 1138, 1
8, 2035, 1
818, 1797, 1
523, 1797, 1
264, 72, 1
10, 830, 1
1560, 1348, 1
226, 1348, 1
640, 1207, 1
776, 1797, 1
1146, 640, 1
1348, 1797, 1
818, 640, 1
2035, 640, 1
523, 640, 1
1138, 428, 1
2116, 1797, 1
1138, 547, 1
523, 466, 1
846, 830, 1
1560, 8, 1
226, 466, 1
466, 1683, 1
264, 10, 1
264, 1877, 1
466, 1146, 1
264, 19, 1
8, 1207, 1
2035, 2116, 1
818, 1207, 1
1936, 72, 1
523, 1207, 1
2116, 640, 1
1348, 640, 1
226, 2116, 1
1986, 640, 1
1986, 466, 1
1138, 1797, 1
1138, 2035, 1
1146, 523, 1
818, 523, 1
776, 1207, 1
1560, 776, 1
466, 709, 1
428, 1683, 1
2116, 1207, 1
1348, 1207, 1
226, 523, 1
8, 709, 1
640, 818, 1
971, 1348, 1
1936, 2216, 1
1146, 971, 1
2017, 1146, 1
818, 971, 1
466, 428, 1
523, 971, 1
466, 547, 1
640, 226, 1
2035, 971, 1
19, 846, 1
1936, 10, 1
640, 1138, 1
1936, 19, 1
1560, 2017, 1
19, 1685, 1
1986, 523, 1
19, 1877, 1
428, 709, 1
640, 1986, 1
1608, 846, 1
1608, 1685, 1
1138, 1207, 1
523, 818, 1
1608, 1877, 1
1146, 226, 1
1936, 705, 1
818, 226, 1
830, 72, 1
1146, 1138, 1
818, 1138, 1
1683, 696, 1
830, 264, 1
2017, 776, 1
2017, 1560, 1
830, 2216, 1
2116, 1138, 1
1348, 1138, 1
830, 10, 1
830, 19, 1
971, 696, 1
1877, 2216, 1
19, 1936, 1
1683, 1146, 1
1348, 2116, 1
1138, 466, 1
1685, 1877, 1
1146, 696, 1
818, 696, 1
2035, 696, 1
971, 1146, 1
523, 696, 1
846, 2216, 1
226, 2017, 1
10, 1608, 1
466, 1986, 1
1797, 696, 1
428, 818, 1
1986, 696, 1
1986, 2017, 1
428, 1138, 1
830, 846, 1
830, 1685, 1
2216, 72, 1
72, 264, 1
830, 1877, 1
2216, 264, 1
2035, 1146, 1
10, 72, 1
19, 2216, 1
640, 696, 1
72, 705, 1
72, 1608, 1
2216, 705, 1
2216, 1608, 1
8, 696, 1
830, 1936, 1
1683, 818, 1
776, 696, 1
2116, 696, 1
1348, 696, 1
1683, 1138, 1
2116, 2035, 1
971, 818, 1
1138, 696, 1
19, 72, 1
971, 1138, 1
264, 705, 1
264, 1608, 1
2116, 1683, 1
1348, 1683, 1
2116, 1146, 1
1348, 1146, 1
1685, 2216, 1
2035, 818, 1
466, 2017, 1
466, 696, 1
1936, 1608, 1
2035, 1138, 1
846, 1685, 1
226, 1986, 1
547, 696, 1
1608, 705, 1
428, 696, 1
428, 2035, 1
2017, 696, 1
72, 1936, 1
2216, 1936, 1
830, 705, 1
1936, 264, 1
2017, 8, 1
1560, 696, 1
226, 696, 1
1146, 818, 1
1877, 1936, 1
10, 2216, 1
19, 1608, 1
846, 10, 1
10, 1936, 1
846, 19, 1
846, 1877, 1
2116, 818, 1
1348, 818, 1
428, 1146, 1
1138, 2017, 1
846, 705, 1
776, 425, -1
776, 1441, -1
776, 548, -1
776, 1444, -1
776, 681, -1
776, 1646, -1
776, 301, -1
776, 2216, -1
776, 72, -1
776, 846, -1
776, 10, -1
776, 1936, -1
776, 1877, -1
776, 264, -1
776, 830, -1
776, 19, -1
776, 1685, -1
776, 1608, -1
776, 2, -1
776, 0, -1
776, 3, -1
776, 380, -1
776, 1424, -1
776, 12, -1
776, 253, -1
776, 2220, -1
776, 1807, -1
776, 313, -1
776, 1742, -1
1207, 425, -1
1207, 1441, -1
1207, 548, -1
1207, 1444, -1
1207, 681, -1
1207, 1646, -1
1207, 301, -1
1207, 2216, -1
1207, 72, -1
1207, 846, -1
1207, 10, -1
1207, 1936, -1
1207, 1877, -1
1207, 264, -1
1207, 830, -1
1207, 19, -1
1207, 1685, -1
1207, 1608, -1
1207, 2, -1
1207, 0, -1
1207, 3, -1
1207, 380, -1
1207, 1424, -1
1207, 12, -1
1207, 253, -1
1207, 2220, -1
1207, 1807, -1
1207, 313, -1
1207, 1742, -1
547, 425, -1
547, 1441, -1
547, 548, -1
547, 1444, -1
547, 681, -1
547, 1646, -1
547, 301, -1
547, 2216, -1
547, 72, -1
547, 846, -1
547, 10, -1
547, 1936, -1
547, 1877, -1
547, 264, -1
547, 830, -1
547, 19, -1
547, 1685, -1
547, 1608, -1
547, 2, -1
547, 0, -1
547, 3, -1
547, 380, -1
547, 1424, -1
547, 12, -1
547, 253, -1
547, 2220, -1
547, 1807, -1
547, 313, -1
547, 1742, -1
1797, 425, -1
1797, 1441, -1
1797, 548, -1
1797, 1444, -1
1797, 681, -1
1797, 1646, -1
1797, 301, -1
1797, 2216, -1
1797, 72, -1
1797, 846, -1
1797, 10, -1
1797, 1936, -1
1797, 1877, -1
1797, 264, -1
1797, 830, -1
1797, 19, -1
1797, 1685, -1
1797, 1608, -1
1797, 2, -1
1797, 0, -1
1797, 3, -1
1797, 380, -1
1797, 1424, -1
1797, 12, -1
1797, 253, -1
1797, 2220, -1
1797, 1807, -1
1797, 313, -1
1797, 1742, -1
696, 425, -1
696, 1441, -1
696, 548, -1
696, 1444, -1
696, 681, -1
696, 1646, -1
696, 301, -1
696, 2216, -1
696, 72, -1
696, 846, -1
696, 10, -1
696, 1936, -1
696, 1877, -1
696, 264, -1
696, 830, -1
696, 19, -1
696, 1685, -1
696, 1608, -1
696, 2, -1
696, 0, -1
696, 3, -1
696, 380, -1
696, 1424, -1
696, 12, -1
696, 253, -1
696, 2220, -1
696, 1807, -1
696, 313, -1
696, 1742, -1
705, 425, -1
705, 1441, -1
705, 548, -1
705, 1444, -1
705, 681, -1
705, 1646, -1
705, 301, -1
705, 523, -1
705, 8, -1
705, 2017, -1
705, 1146, -1
705, 1986, -1
705, 1348, -1
705, 818, -1
705, 1560, -1
705, 2035, -1
705, 226, -1
705, 428, -1
705, 2116, -1
705, 1138, -1
705, 1683, -1
705, 971, -1
705, 466, -1
705, 640, -1
705, 776, -1
705, 1207, -1
705, 547, -1
705, 1797, -1
705, 696, -1
705, 2, -1
705, 0, -1
705, 3, -1
705, 380, -1
705, 1424, -1
705, 12, -1
705, 253, -1
705, 2220, -1
705, 1807, -1
705, 313, -1
705, 1742, -1
709, 425, -1
709, 1441, -1
709, 548, -1
709, 1444, -1
709, 681, -1
709, 1646, -1
709, 301, -1
709, 2216, -1
709, 72, -1
709, 846, -1
709, 10, -1
709, 1936, -1
709, 1877, -1
709, 264, -1
709, 830, -1
709, 19, -1
709, 1685, -1
709, 1608, -1
709, 705, -1
709, 2, -1
709, 0, -1
709, 3, -1
709, 380, -1
709, 1424, -1
709, 12, -1
709, 253, -1
709, 2220, -1
709, 1807, -1
709, 313, -1
709, 1742, -1
10, 818, -1
1441, 1138, -1
8, 0, -1
264, 1646, -1
72, 2, -1
10, 1348, -1
8, 1424, -1
523, 301, -1
1608, 640, -1
2017, 3, -1
523, 548, -1
425, 818, -1
2017, 12, -1
72, 523, -1
10, 301, -1
0, 1685, -1
1683, 2220, -1
253, 971, -1
10, 548, -1
8, 1936, -1
1936, 1646, -1
2, 971, -1
19, 709, -1
1138, 830, -1
10, 2116, -1
1685, 1646, -1
72, 1444, -1
425, 1986, -1
681, 1683, -1
253, 818, -1
1608, 1646, -1
2, 818, -1
425, 1348, -1
1560, 19, -1
1936, 428, -1
253, 1986, -1
2017, 380, -1
1683, 1685, -1
253, 1348, -1
10, 2017, -1
2, 1348, -1
523, 1608, -1
10, 696, -1
425, 2116, -1
72, 253, -1
3, 428, -1
705, 709, -1
1608, 226, -1
1608, 1138, -1
640, 301, -1
0, 1936, -1
253, 2116, -1
640, 72, -1
2, 2116, -1
1807, 709, -1
466, 301, -1
1348, 253, -1
1441, 1146, -1
264, 971, -1
466, 548, -1
1683, 1424, -1
1424, 2216, -1
1424, 428, -1
1424, 1560, -1
1424, 10, -1
226, 1646, -1
1424, 19, -1
264, 818, -1
72, 1560, -1
1683, 1936, -1
830, 1742, -1
72, 1807, -1
253, 696, -1
428, 548, -1
2, 696, -1
19, 776, -1
2017, 2, -1
226, 846, -1
1936, 971, -1
640, 705, -1
523, 1441, -1
1146, 10, -1
1146, 19, -1
640, 1608, -1
264, 1348, -1
2216, 2017, -1
10, 547, -1
2216, 696, -1
10, 1441, -1
1877, 1797, -1
2216, 2035, -1
1348, 2216, -1
1936, 818, -1
1608, 971, -1
830, 1207, -1
1441, 1797, -1
830, 313, -1
1560, 0, -1
1441, 2035, -1
301, 2035, -1
264, 301, -1
1986, 10, -1
681, 846, -1
264, 548, -1
3, 1685, -1
1986, 19, -1
523, 3, -1
264, 2116, -1
1936, 1986, -1
10, 1742, -1
523, 12, -1
10, 3, -1
776, 705, -1
1936, 1348, -1
10, 12, -1
681, 226, -1
72, 2220, -1
313, 971, -1
72, 1146, -1
681, 1138, -1
12, 1797, -1
1560, 548, -1
548, 846, -1
1936, 301, -1
1146, 2220, -1
2035, 2220, -1
19, 1683, -1
1936, 548, -1
313, 818, -1
2017, 253, -1
1936, 2116, -1
10, 1207, -1
253, 547, -1
1424, 1685, -1
264, 2017, -1
264, 696, -1
818, 1646, -1
523, 380, -1
2, 547, -1
2216, 709, -1
1608, 301, -1
10, 380, -1
313, 1986, -1
640, 1877, -1
1441, 709, -1
301, 709, -1
1986, 2220, -1
1444, 1797, -1
313, 1348, -1
2220, 846, -1
1146, 1685, -1
818, 846, -1
380, 1685, -1
640, 830, -1
1441, 1877, -1
1646, 696, -1
640, 1742, -1
10, 681, -1
72, 1797, -1
1936, 696, -1
971, 548, -1
1685, 696, -1
12, 709, -1
425, 1683, -1
640, 12, -1
2216, 1742, -1
1348, 1685, -1
1441, 830, -1
313, 2116, -1
301, 830, -1
1986, 1685, -1
466, 3, -1
681, 971, -1
264, 8, -1
380, 1797, -1
466, 12, -1
1608, 2017, -1
1608, 696, -1
12, 1877, -1
2017, 1807, -1
1742, 696, -1
1608, 2035, -1
2, 1207, -1
253, 1683, -1
1424, 1936, -1
2, 1683, -1
1441, 466, -1
12, 830, -1
1146, 1424, -1
2035, 1424, -1
2216, 1207, -1
2216, 313, -1
1138, 10, -1
264, 1441, -1
264, 547, -1
1138, 19, -1
1444, 709, -1
226, 301, -1
313, 2017, -1
2035, 548, -1
523, 2, -1
313, 696, -1
1936, 8, -1
1560, 264, -1
226, 548, -1
301, 1207, -1
1146, 1936, -1
466, 380, -1
681, 1348, -1
1444, 1877, -1
1348, 1424, -1
640, 425, -1
8, 1646, -1
1986, 1424, -1
19, 1646, -1
640, 681, -1
1560, 1441, -1
2216, 425, -1
264, 1742, -1
1444, 830, -1
10, 523, -1
1348, 1936, -1
264, 3, -1
12, 1207, -1
1936, 776, -1
428, 380, -1
1936, 547, -1
2216, 681, -1
1986, 1936, -1
1936, 1441, -1
264, 12, -1
2116, 1646, -1
8, 846, -1
548, 1348, -1
10, 1444, -1
1608, 709, -1
2017, 72, -1
1608, 547, -1
1138, 2220, -1
3, 776, -1
1560, 3, -1
226, 1608, -1
264, 1207, -1
1936, 3, -1
10, 226, -1
548, 2116, -1
1936, 12, -1
1444, 1207, -1
523, 253, -1
264, 380, -1
72, 466, -1
2220, 1348, -1
681, 2017, -1
681, 696, -1
10, 253, -1
640, 2, -1
1608, 1742, -1
313, 547, -1
1608, 12, -1
1138, 1685, -1
2216, 2, -1
1646, 1207, -1
72, 313, -1
253, 523, -1
2, 523, -1
818, 301, -1
1560, 380, -1
1936, 1683, -1
1685, 1207, -1
264, 681, -1
818, 548, -1
2220, 2116, -1
548, 696, -1
0, 846, -1
425, 226, -1
1936, 380, -1
466, 1646, -1
640, 1444, -1
2216, 523, -1
425, 1138, -1
1608, 1207, -1
1608, 313, -1
1742, 1207, -1
1683, 1646, -1
2216, 1444, -1
3, 1683, -1
253, 226, -1
523, 1807, -1
2, 226, -1
428, 1646, -1
253, 1138, -1
19, 971, -1
10, 1807, -1
2, 1138, -1
1138, 1424, -1
1683, 846, -1
2220, 696, -1
264, 640, -1
313, 1207, -1
1608, 425, -1
681, 709, -1
640, 253, -1
818, 1608, -1
971, 380, -1
19, 818, -1
264, 2, -1
1608, 681, -1
681, 547, -1
1138, 1936, -1
2216, 253, -1
681, 1877, -1
226, 3, -1
226, 12, -1
19, 1986, -1
2017, 1877, -1
264, 523, -1
681, 830, -1
19, 1348, -1
1936, 640, -1
1877, 1646, -1
264, 1444, -1
425, 971, -1
1936, 2, -1
2017, 830, -1
8, 301, -1
19, 301, -1
2017, 1742, -1
2035, 380, -1
1560, 1646, -1
523, 72, -1
8, 548, -1
10, 1146, -1
0, 971, -1
226, 380, -1
640, 2216, -1
19, 2116, -1
19, 548, -1
640, 10, -1
1608, 2, -1
640, 1807, -1
1936, 523, -1
264, 226, -1
2216, 1560, -1
2116, 301, -1
264, 1138, -1
0, 818, -1
681, 1207, -1
2216, 1807, -1
1441, 428, -1
1560, 846, -1
301, 428, -1
1807, 1797, -1
264, 253, -1
1608, 523, -1
0, 1986, -1
1608, 1444, -1
19, 2017, -1
0, 1348, -1
19, 696, -1
1936, 226, -1
8, 705, -1
548, 1207, -1
8, 1608, -1
523, 705, -1
971, 1646, -1
1936, 1138, -1
3, 846, -1
818, 3, -1
10, 1797, -1
1936, 253, -1
313, 523, -1
818, 12, -1
10, 2035, -1
253, 1146, -1
640, 2220, -1
2, 1146, -1
0, 2116, -1
971, 846, -1
2216, 2220, -1
1608, 253, -1
264, 1560, -1
2216, 1146, -1
264, 1807, -1
226, 2, -1
466, 72, -1
1424, 846, -1
425, 2017, -1
425, 696, -1
19, 8, -1
313, 226, -1
1683, 301, -1
1146, 1646, -1
818, 380, -1
2035, 1646, -1
640, 1685, -1
425, 2035, -1
1683, 548, -1
313, 1138, -1
8, 264, -1
72, 428, -1
0, 696, -1
428, 301, -1
253, 2017, -1
0, 1608, -1
1348, 1646, -1
1936, 1807, -1
1146, 846, -1
10, 709, -1
1441, 1685, -1
2035, 846, -1
253, 2035, -1
8, 1441, -1
1986, 1646, -1
2, 1797, -1
2, 2035, -1
846, 1646, -1
19, 1441, -1
19, 547, -1
1685, 1807, -1
523, 1877, -1
1608, 1560, -1
681, 523, -1
1608, 1807, -1
2216, 1797, -1
1348, 846, -1
1877, 1348, -1
466, 1608, -1
264, 1146, -1
1986, 846, -1
523, 830, -1
2116, 1877, -1
12, 1685, -1
3, 971, -1
523, 1742, -1
8, 3, -1
19, 3, -1
2017, 1444, -1
1877, 301, -1
8, 12, -1
19, 12, -1
0, 8, -1
425, 709, -1
2116, 830, -1
3, 818, -1
1877, 2116, -1
640, 1936, -1
0, 264, -1
2116, 1742, -1
425, 547, -1
1560, 301, -1
425, 1877, -1
1560, 72, -1
1936, 1146, -1
3, 1986, -1
253, 709, -1
1444, 1685, -1
19, 1207, -1
2, 709, -1
0, 776, -1
1424, 971, -1
523, 313, -1
0, 547, -1
3, 1348, -1
425, 830, -1
10, 313, -1
1608, 2220, -1
8, 380, -1
19, 380, -1
1608, 1146, -1
2, 1877, -1
264, 1797, -1
264, 2035, -1
1424, 818, -1
226, 1807, -1
253, 830, -1
72, 818, -1
523, 425, -1
3, 2116, -1
466, 1877, -1
2, 830, -1
1424, 1986, -1
10, 425, -1
19, 681, -1
523, 681, -1
1560, 705, -1
313, 1146, -1
971, 301, -1
1424, 1348, -1
1560, 1608, -1
1936, 2017, -1
72, 1986, -1
425, 1207, -1
466, 830, -1
1936, 2035, -1
428, 1877, -1
466, 1742, -1
1138, 1646, -1
2017, 2216, -1
818, 253, -1
2017, 10, -1
0, 1683, -1
2017, 19, -1
1424, 2116, -1
253, 1207, -1
3, 2017, -1
2216, 466, -1
428, 830, -1
1683, 12, -1
1608, 1797, -1
3, 696, -1
72, 548, -1
264, 709, -1
640, 313, -1
428, 1742, -1
1138, 846, -1
72, 2116, -1
19, 640, -1
1146, 301, -1
428, 12, -1
2035, 301, -1
8, 2, -1
1146, 548, -1
226, 72, -1
380, 2116, -1
313, 1797, -1
313, 2035, -1
1348, 301, -1
1424, 696, -1
1683, 380, -1
1986, 301, -1
19, 523, -1
1936, 709, -1
1424, 1608, -1
681, 1146, -1
1986, 548, -1
1560, 1877, -1
3, 8, -1
818, 1807, -1
8, 1444, -1
2017, 2220, -1
19, 1444, -1
523, 1444, -1
264, 466, -1
1560, 830, -1
1146, 1608, -1
1560, 1742, -1
681, 1685, -1
0, 640, -1
19, 226, -1
830, 1646, -1
1560, 12, -1
1936, 1742, -1
264, 313, -1
19, 1138, -1
1685, 1742, -1
2017, 1685, -1
8, 253, -1
1424, 8, -1
19, 253, -1
846, 696, -1
425, 523, -1
313, 709, -1
1986, 1608, -1
1424, 264, -1
72, 8, -1
1936, 466, -1
971, 1877, -1
681, 1797, -1
681, 2035, -1
0, 523, -1
2116, 253, -1
264, 425, -1
466, 2, -1
1424, 776, -1
1936, 1207, -1
1936, 313, -1
1424, 547, -1
818, 72, -1
971, 830, -1
1608, 466, -1
1685, 313, -1
971, 1742, -1
72, 776, -1
72, 1441, -1
548, 1797, -1
971, 12, -1
2017, 1424, -1
1560, 425, -1
3, 1207, -1
8, 2216, -1
0, 226, -1
466, 1444, -1
523, 2216, -1
19, 1560, -1
1560, 681, -1
1936, 425, -1
8, 1807, -1
2035, 1877, -1
0, 1138, -1
313, 466, -1
10, 428, -1
523, 10, -1
523, 19, -1
226, 1877, -1
2017, 1936, -1
1936, 681, -1
19, 1807, -1
72, 3, -1
2116, 2216, -1
1138, 301, -1
2035, 830, -1
428, 1444, -1
1138, 548, -1
2116, 1807, -1
226, 830, -1
2035, 1742, -1
1146, 3, -1
226, 1742, -1
1146, 12, -1
2035, 12, -1
466, 253, -1
1424, 1683, -1
72, 1683, -1
548, 709, -1
1986, 3, -1
1560, 2, -1
72, 380, -1
1986, 12, -1
428, 253, -1
2216, 1646, -1
523, 2220, -1
548, 1877, -1
19, 1146, -1
10, 2220, -1
1146, 380, -1
8, 72, -1
2, 428, -1
1138, 1608, -1
2, 10, -1
681, 466, -1
3, 640, -1
2, 19, -1
548, 830, -1
2220, 709, -1
640, 19, -1
846, 1207, -1
1560, 1444, -1
2216, 428, -1
466, 2216, -1
1877, 253, -1
1441, 846, -1
301, 846, -1
466, 10, -1
1936, 1444, -1
466, 1807, -1
1986, 380, -1
523, 1685, -1
2220, 1877, -1
818, 1877, -1
1683, 1807, -1
3, 523, -1
428, 2216, -1
2116, 1685, -1
425, 1146, -1
1424, 640, -1
2220, 830, -1
818, 830, -1
428, 1807, -1
12, 846, -1
19, 1797, -1
1560, 253, -1
19, 2035, -1
818, 1742, -1
72, 640, -1
0, 1146, -1
1807, 2116, -1
0, 72, -1
971, 1444, -1
425, 1685, -1
3, 226, -1
1424, 523, -1
523, 1424, -1
1138, 1877, -1
264, 428, -1
466, 2220, -1
3, 1138, -1
72, 1646, -1
2220, 1207, -1
1444, 846, -1
830, 696, -1
696, 705, -1
2116, 1424, -1
523, 1936, -1
1877, 1807, -1
253, 1685, -1
2, 1685, -1
1138, 1742, -1
425, 1797, -1
428, 2220, -1
1560, 2216, -1
1138, 3, -1
1986, 2, -1
971, 253, -1
2216, 971, -1
1138, 12, -1
1560, 10, -1
0, 2017, -1
2116, 1936, -1
1146, 1444, -1
1560, 1807, -1
1424, 226, -1
2035, 1444, -1
466, 1685, -1
1441, 971, -1
1936, 1560, -1
301, 971, -1
0, 2035, -1
226, 1444, -1
1424, 1138, -1
0, 1797, -1
380, 846, -1
72, 226, -1
2216, 818, -1
253, 1797, -1
8, 1877, -1
640, 0, -1
72, 1138, -1
1441, 818, -1
1608, 428, -1
1986, 1444, -1
428, 1685, -1
2216, 1986, -1
3, 1560, -1
264, 2220, -1
8, 830, -1
1138, 380, -1
1441, 1986, -1
2216, 1348, -1
1146, 253, -1
2035, 253, -1
8, 1742, -1
640, 1424, -1
19, 1742, -1
226, 253, -1
1441, 1348, -1
971, 2216, -1
301, 1348, -1
640, 548, -1
313, 428, -1
971, 1807, -1
466, 1424, -1
2216, 301, -1
1560, 2220, -1
2216, 548, -1
19, 466, -1
1986, 253, -1
2216, 2116, -1
1936, 2220, -1
0, 709, -1
466, 1936, -1
1441, 2116, -1
12, 1348, -1
301, 2116, -1
8, 313, -1
19, 313, -1
428, 1424, -1
0, 1877, -1
72, 971, -1
1146, 2216, -1
264, 1986, -1
1560, 1685, -1
2035, 2216, -1
428, 1936, -1
3, 1146, -1
1877, 696, -1
226, 2216, -1
1146, 1807, -1
1877, 2017, -1
12, 2116, -1
2035, 1807, -1
0, 830, -1
818, 1444, -1
226, 10, -1
8, 425, -1
19, 425, -1
226, 19, -1
971, 2220, -1
1441, 2017, -1
1444, 1348, -1
2017, 1646, -1
425, 466, -1
8, 681, -1
1441, 696, -1
301, 696, -1
1986, 2216, -1
1683, 1877, -1
1348, 1807, -1
1986, 1807, -1
846, 1807, -1
681, 428, -1
0, 466, -1
1936, 1797, -1
1608, 818, -1
72, 1348, -1
253, 466, -1
1424, 1146, -1
2017, 846, -1
1683, 830, -1
1444, 2116, -1
12, 696, -1
1424, 72, -1
0, 1207, -1
1683, 1742, -1
1560, 1424, -1
971, 1685, -1
1608, 1986, -1
380, 1348, -1
1138, 1444, -1
72, 301, -1
640, 264, -1
2216, 8, -1
3, 2035, -1
3, 1797, -1
1608, 1348, -1
1560, 1936, -1
226, 2220, -1
1877, 709, -1
1146, 72, -1
10, 1683, -1
640, 1441, -1
1444, 696, -1
1608, 548, -1
2216, 776, -1
2216, 1441, -1
1608, 2116, -1
2216, 547, -1
1138, 253, -1
1424, 2017, -1
2035, 1685, -1
1986, 72, -1
818, 2216, -1
1424, 2035, -1
1441, 547, -1
1424, 1797, -1
226, 1685, -1
971, 1424, -1
72, 2017, -1
72, 696, -1
818, 10, -1
818, 19, -1
1877, 1742, -1
72, 2035, -1
640, 3, -1
380, 696, -1
971, 1936, -1
2216, 3, -1
3, 709, -1
2216, 12, -1
3, 1877, -1
681, 818, -1
1877, 1207, -1
1877, 313, -1
1138, 2216, -1
264, 776, -1
640, 380, -1
1138, 1807, -1
226, 1424, -1
2216, 1683, -1
3, 830, -1
681, 1986, -1
548, 1685, -1
1441, 1207, -1
1424, 709, -1
2216, 380, -1
818, 2220, -1
1441, 1683, -1
1560, 313, -1
301, 1683, -1
2035, 1936, -1
226, 1936, -1
72, 709, -1
301, 1685, -1
523, 1646, -1
1424, 1877, -1
1608, 8, -1
3, 466, -1
10, 1646, -1
72, 547, -1
380, 709, -1
681, 2116, -1
1424, 830, -1
2220, 1685, -1
2017, 301, -1
818, 1685, -1
523, 846, -1
19, 428, -1
2017, 548, -1
8, 10, -1
1146, 1877, -1
380, 1877, -1
8, 19, -1
1608, 776, -1
1608, 1441, -1
1683, 1444, -1
72, 1742, -1
2116, 846, -1
264, 1683, -1
1424, 466, -1
1146, 830, -1
72, 12, -1
1138, 72, -1
380, 830, -1
2220, 1797, -1
1348, 1877, -1
1146, 1742, -1
10, 1138, -1
1986, 1877, -1
2216, 640, -1
1424, 1207, -1
1608, 3, -1
1348, 830, -1
1986, 830, -1
1683, 253, -1
1348, 1742, -1
72, 1207, -1
818, 1424, -1
425, 428, -1
425, 846, -1
830, 1807, -1
2017, 1608, -1
1986, 1742, -1
640, 1646, -1
846, 1742, -1
8, 2220, -1
380, 1207, -1
19, 2220, -1
0, 2216, -1
0, 428, -1
0, 1560, -1
818, 1936, -1
253, 846, -1
0, 10, -1
2, 846, -1
253, 428, -1
0, 19, -1
1608, 1683, -1
1441, 523, -1
640, 846, -1
72, 425, -1
1608, 380, -1
72, 681, -1
466, 846, -1
846, 313, -1
8, 1685, -1
1683, 2216, -1
466, 19, -1
10, 971, -1
2216, 226, -1
313, 1683, -1
1807, 1348, -1
2216, 1138, -1
1441, 226, -1
428, 846, -1
681, 1560, -1
380, 226, -1
681, 10, -1
425, 1936, -1
2220, 1138, -1
12, 971, -1
846, 971, -1
1685, 1797, -1
313, 264, -1
2, 640, -1
1685, 2035, -1
301, 1138, -1
380, 1138, -1
428, 19, -1
380, 1986, -1
2220, 226, -1
1444, 1936, -1
547, 705, -1
12, 818, -1
681, 705, -1
3, 705, -1
1742, 2035, -1
681, 1608, -1
830, 1441, -1
3, 1608, -1
313, 10, -1
1444, 523, -1
830, 547, -1
830, 428, -1
2, 1936, -1
313, 19, -1
380, 640, -1
1444, 640, -1
12, 1138, -1
846, 1138, -1
2017, 705, -1
380, 466, -1
1444, 971, -1
830, 2017, -1
830, 1797, -1
830, 2035, -1
830, 3, -1
1444, 818, -1
1441, 776, -1
2116, 548, -1
1444, 226, -1
1441, 1560, -1
1348, 548, -1
380, 523, -1
1685, 709, -1
830, 12, -1
1444, 1138, -1
846, 2116, -1
3, 72, -1
1877, 2035, -1
380, 971, -1
3, 264, -1
1441, 705, -1
830, 2220, -1
1138, 2, -1
1441, 1608, -1
830, 1683, -1
548, 1683, -1
1742, 846, -1
830, 380, -1
3, 547, -1
3, 10, -1
681, 19, -1
830, 709, -1
1877, 1146, -1
313, 846, -1
313, 1685, -1
313, 1877, -1
2220, 1146, -1
1646, 2116, -1
1441, 8, -1
380, 8, -1
1441, 72, -1
1441, 264, -1
313, 830, -1
681, 640, -1
523, 264, -1
548, 2035, -1
846, 1146, -1
1424, 705, -1
2220, 547, -1
380, 776, -1
1646, 971, -1
380, 1560, -1
681, 1936, -1
2, 1608, -1
1441, 10, -1
313, 640, -1
1441, 19, -1
1685, 971, -1
830, 466, -1
830, 2, -1
380, 2017, -1
425, 8, -1
1742, 971, -1
2220, 2035, -1
425, 72, -1
301, 1797, -1
313, 1936, -1
1877, 640, -1
425, 264, -1
1444, 1146, -1
1685, 1138, -1
1685, 253, -1
830, 523, -1
425, 776, -1
2, 72, -1
830, 1444, -1
425, 1560, -1
12, 2035, -1
830, 971, -1
846, 2035, -1
425, 10, -1
1348, 12, -1
830, 425, -1
830, 681, -1
2220, 1683, -1
1685, 301, -1
1444, 547, -1
380, 1683, -1
380, 1146, -1
830, 818, -1
1685, 2116, -1
425, 705, -1
1877, 971, -1
253, 10, -1
830, 226, -1
425, 1608, -1
253, 19, -1
830, 1138, -1
830, 1986, -1
830, 253, -1
1646, 10, -1
12, 1683, -1
1444, 2035, -1
1646, 19, -1
1742, 2116, -1
830, 1348, -1
253, 705, -1
830, 1146, -1
380, 547, -1
3, 1936, -1
1877, 1138, -1
3, 2216, -1
548, 640, -1
1646, 2035, -1
830, 301, -1
830, 548, -1
830, 2116, -1
380, 2035, -1
548, 1936, -1
1444, 1683, -1
10, 1986, -1
313, 776, -1
313, 1560, -1
2220, 640, -1
1441, 640, -1
428, 3, -1
548, 971, -1
1146, 2, -1
10, 640, -1
818, 2, -1
425, 19, -1
2116, 12, -1
10, 466, -1
1685, 1146, -1
313, 705, -1
2220, 1936, -1
10, 2, -1
1441, 1936, -1
313, 1608, -1
380, 1936, -1
548, 818, -1
12, 640, -1
2220, 523, -1
1646, 846, -1
1646, 1685, -1
548, 1138, -1
681, 8, -1
681, 72, -1
1646, 1877, -1
0, 705, -1
2220, 971, -1
12, 1936, -1
681, 264, -1
425, 640, -1
2017, 264, -1
2220, 818, -1
380, 818, -1
313, 8, -1
681, 776, -1
313, 72, -1
846, 1444, -1
548, 1146, -1
818, 705, -1
226, 705, -1
846, 547, -1
846, 428, -1
12, 2216, -1
1646, 1348, -1
1683, 705, -1
681, 2216, -1
313, 2216, -1
1986, 705, -1
428, 705, -1
846, 818, -1
1685, 1348, -1
1742, 830, -1
425, 2216, -1
846, 226, -1
548, 2216, -1
846, 1797, -1
846, 3, -1
846, 253, -1
301, 1146, -1
846, 12, -1
846, 1986, -1
1444, 2216, -1
1742, 1348, -1
19, 2, -1
2, 2216, -1
971, 705, -1
253, 2216, -1
846, 1348, -1
1138, 705, -1
846, 466, -1
253, 1877, -1
1441, 2216, -1
846, 2, -1
846, 301, -1
12, 1146, -1
846, 2220, -1
2220, 2216, -1
846, 1683, -1
301, 2216, -1
846, 548, -1
380, 2216, -1
846, 380, -1
301, 1877, -1
846, 523, -1
1646, 830, -1
1146, 705, -1
846, 709, -1
2035, 705, -1
466, 705, -1

