3, 0, 1
2150, 340, -1
0, 340, -1
0, 2150, -1
1, 340, -1
1, 2150, -1
1, 0, -1
3, 340, -1
3, 2150, -1
3, 1, -1
0, 1, -1
1, 3, -1

8, 1, 1
6, 340, -1
6, 2150, -1
6, 0, -1
6, 3, -1
6, 1, -1
8, 340, -1
8, 2150, -1
8, 0, -1
8, 3, -1
8, 6, -1
0, 1, -1
1, 340, -1
1, 6, -1
1, 2150, -1
1, 3, -1
0, 8, -1

95, 6, 1
1190, 6, 1
1190, 95, 1
541, 340, 1
1321, 340, 1
1321, 541, 1
728, 340, 1
728, 541, 1
728, 1321, 1
340, 541, 1
6, 1190, 1
6, 95, 1
95, 340, -1
95, 2150, -1
95, 0, -1
95, 3, -1
95, 1, -1
95, 8, -1
1190, 340, -1
1190, 2150, -1
1190, 0, -1
1190, 3, -1
1190, 1, -1
1190, 8, -1
541, 2150, -1
541, 0, -1
541, 3, -1
541, 1, -1
541, 8, -1
541, 6, -1
541, 95, -1
541, 1190, -1
1321, 2150, -1
1321, 0, -1
1321, 3, -1
1321, 1, -1
1321, 8, -1
1321, 6, -1
1321, 95, -1
1321, 1190, -1
728, 2150, -1
728, 0, -1
728, 3, -1
728, 1, -1
728, 8, -1
728, 6, -1
728, 95, -1
728, 1190, -1
340, 1, -1
1, 95, -1
3, 541, -1
8, 1190, -1
1, 1190, -1
8, 1321, -1
8, 6, -1
340, 95, -1
1, 1321, -1
6, 2150, -1
1, 6, -1
0, 728, -1
3, 95, -1
340, 1190, -1
340, 6, -1
3, 1190, -1
0, 340, -1
3, 6, -1
0, 541, -1
8, 728, -1
340, 2150, -1
0, 95, -1
8, 340, -1
1, 340, -1
1190, 541, -1
0, 1190, -1
0, 1321, -1
8, 541, -1
1, 541, -1
2150, 95, -1
0, 6, -1
3, 340, -1
8, 95, -1
2150, 6, -1
2150, 1190, -1

301, 6, 1
301, 95, 1
301, 1190, 1
818, 1, 1
818, 8, 1
1190, 95, 1
1190, 6, 1
6, 95, 1
8, 1, 1
8, 818, 1
1, 818, 1
95, 6, 1
301, 340, -1
301, 541, -1
301, 1321, -1
301, 728, -1
301, 2150, -1
301, 0, -1
301, 3, -1
301, 1, -1
301, 8, -1
818, 340, -1
818, 541, -1
818, 1321, -1
818, 728, -1
818, 2150, -1
818, 0, -1
818, 3, -1
818, 6, -1
818, 95, -1
818, 1190, -1
818, 301, -1
1455, 340, -1
1455, 541, -1
1455, 1321, -1
1455, 728, -1
1455, 2150, -1
1455, 0, -1
1455, 3, -1
1455, 1, -1
1455, 8, -1
1455, 818, -1
1455, 6, -1
1455, 95, -1
1455, 1190, -1
1455, 301, -1
6, 1455, -1
1, 95, -1
8, 1190, -1
1, 1190, -1
8, 1321, -1
8, 3, -1
301, 1455, -1
8, 6, -1
340, 95, -1
1190, 1455, -1
1, 6, -1
818, 1455, -1
0, 8, -1
1321, 1, -1
1, 3, -1
3, 95, -1
8, 1455, -1
728, 8, -1
340, 1190, -1
1, 1455, -1
340, 6, -1
1190, 2150, -1
3, 1190, -1
8, 2150, -1
1321, 95, -1
3, 6, -1
1, 2150, -1
8, 301, -1
1321, 1190, -1
0, 1, -1
1, 301, -1
728, 1, -1
1321, 6, -1
95, 1455, -1
0, 95, -1
8, 340, -1
1, 340, -1
728, 95, -1
541, 95, -1
0, 1190, -1
8, 541, -1
1, 541, -1
728, 1190, -1
541, 1190, -1
2150, 95, -1
0, 6, -1
728, 6, -1
541, 6, -1
8, 95, -1
2150, 6, -1
728, 818, -1
1190, 541, -1
3, 301, -1
2150, 301, -1
1321, 301, -1
0, 301, -1
340, 301, -1
1321, 818, -1
6, 2150, -1
0, 818, -1
728, 301, -1
2150, 1190, -1

539, 1, 1
539, 8, 1
539, 818, 1
55, 1455, 1
173, 1, 1
173, 8, 1
173, 818, 1
173, 539, 1
1896, 1455, 1
1896, 55, 1
1872, 0, 1
1872, 3, 1
8, 818, 1
539, 173, 1
8, 1, 1
1, 818, 1
1455, 55, 1
0, 3, 1
818, 173, 1
8, 173, 1
8, 539, 1
818, 539, 1
1, 173, 1
1, 539, 1
0, 1872, 1
3, 1872, 1
539, 340, -1
539, 541, -1
539, 1321, -1
539, 728, -1
539, 2150, -1
539, 0, -1
539, 3, -1
539, 6, -1
539, 95, -1
539, 1190, -1
539, 301, -1
539, 1455, -1
55, 340, -1
55, 541, -1
55, 1321, -1
55, 728, -1
55, 2150, -1
55, 0, -1
55, 3, -1
55, 1, -1
55, 8, -1
55, 818, -1
55, 539, -1
55, 6, -1
55, 95, -1
55, 1190, -1
55, 301, -1
173, 340, -1
173, 541, -1
173, 1321, -1
173, 728, -1
173, 2150, -1
173, 0, -1
173, 3, -1
173, 6, -1
173, 95, -1
173, 1190, -1
173, 301, -1
173, 1455, -1
173, 55, -1
1896, 340, -1
1896, 541, -1
1896, 1321, -1
1896, 728, -1
1896, 2150, -1
1896, 0, -1
1896, 3, -1
1896, 1, -1
1896, 8, -1
1896, 818, -1
1896, 539, -1
1896, 173, -1
1896, 6, -1
1896, 95, -1
1896, 1190, -1
1896, 301, -1
1872, 340, -1
1872, 541, -1
1872, 1321, -1
1872, 728, -1
1872, 2150, -1
1872, 1, -1
1872, 8, -1
1872, 818, -1
1872, 539, -1
1872, 173, -1
1872, 6, -1
1872, 95, -1
1872, 1190, -1
1872, 301, -1
1872, 1455, -1
1872, 55, -1
1872, 1896, -1
1, 95, -1
3, 541, -1
8, 55, -1
8, 1321, -1
3, 95, -1
1, 1455, -1
818, 2150, -1
301, 173, -1
3, 1190, -1
818, 301, -1
1321, 818, -1
3, 6, -1
3, 1455, -1
340, 173, -1
818, 340, -1
3, 8, -1
818, 541, -1
3, 728, -1
0, 55, -1
0, 1321, -1
1321, 173, -1
1321, 539, -1
1455, 539, -1
3, 1896, -1
818, 95, -1
2150, 1455, -1
818, 1190, -1
3, 1, -1
818, 6, -1
1455, 340, -1
301, 1455, -1
818, 1455, -1
1190, 1455, -1
1, 3, -1
1455, 541, -1
8, 2150, -1
340, 1455, -1
8, 301, -1
1455, 818, -1
1455, 1190, -1
1455, 6, -1
1321, 1455, -1
8, 340, -1
0, 818, -1
728, 818, -1
8, 541, -1
541, 55, -1
1455, 2150, -1
1455, 173, -1
1455, 301, -1
539, 55, -1
8, 95, -1
6, 1455, -1
0, 2150, -1
8, 1190, -1
818, 3, -1
0, 173, -1
0, 301, -1
0, 539, -1
728, 173, -1
1, 55, -1
8, 6, -1
8, 1455, -1
1321, 1, -1
728, 539, -1
3, 55, -1
0, 340, -1
1455, 95, -1
0, 541, -1
1321, 3, -1
8, 1896, -1
0, 95, -1
1896, 1872, -1
3, 539, -1
1, 340, -1
541, 818, -1
0, 1190, -1
1, 541, -1
0, 6, -1
0, 1455, -1
2150, 55, -1
728, 1455, -1
1455, 728, -1
301, 55, -1
818, 55, -1
1190, 55, -1
1, 1190, -1
8, 3, -1
541, 173, -1
1, 6, -1
0, 8, -1
0, 728, -1
541, 539, -1
728, 8, -1
3, 818, -1
340, 55, -1
0, 1896, -1
728, 1896, -1
1, 2150, -1
0, 1, -1
1321, 55, -1
1, 301, -1
728, 1, -1
1455, 3, -1
3, 2150, -1
3, 173, -1
3, 301, -1
6, 55, -1
3, 340, -1
541, 1455, -1
539, 1896, -1
8, 1872, -1
728, 1872, -1
95, 55, -1
728, 55, -1
1, 1872, -1
1, 1896, -1
8, 0, -1
818, 1896, -1
539, 1872, -1
728, 0, -1
95, 1455, -1
1321, 1872, -1
55, 173, -1
818, 1872, -1
1, 0, -1
728, 3, -1
1321, 0, -1

445, 340, 1
445, 541, 1
445, 1321, 1
445, 728, 1
1391, 340, 1
1391, 541, 1
1391, 1321, 1
1391, 728, 1
1391, 445, 1
1052, 6, 1
1052, 95, 1
1052, 1190, 1
1052, 301, 1
340, 541, 1
541, 445, 1
301, 1190, 1
728, 445, 1
1190, 6, 1
1321, 340, 1
301, 6, 1
1321, 541, 1
340, 1391, 1
340, 445, 1
728, 340, 1
541, 340, 1
728, 541, 1
1321, 1391, 1
445, 1391, 1
1321, 445, 1
6, 95, 1
728, 1321, 1
301, 95, 1
1190, 95, 1
728, 1391, 1
541, 1391, 1
6, 1190, 1
1190, 301, 1
1190, 1052, 1
445, 2150, -1
445, 0, -1
445, 3, -1
445, 1872, -1
445, 1, -1
445, 8, -1
445, 818, -1
445, 539, -1
445, 173, -1
445, 6, -1
445, 95, -1
445, 1190, -1
445, 301, -1
445, 1455, -1
445, 55, -1
445, 1896, -1
1391, 2150, -1
1391, 0, -1
1391, 3, -1
1391, 1872, -1
1391, 1, -1
1391, 8, -1
1391, 818, -1
1391, 539, -1
1391, 173, -1
1391, 6, -1
1391, 95, -1
1391, 1190, -1
1391, 301, -1
1391, 1455, -1
1391, 55, -1
1391, 1896, -1
588, 340, -1
588, 541, -1
588, 1321, -1
588, 728, -1
588, 445, -1
588, 1391, -1
588, 2150, -1
588, 0, -1
588, 3, -1
588, 1872, -1
588, 1, -1
588, 8, -1
588, 818, -1
588, 539, -1
588, 173, -1
588, 6, -1
588, 95, -1
588, 1190, -1
588, 301, -1
588, 1455, -1
588, 55, -1
588, 1896, -1
1052, 340, -1
1052, 541, -1
1052, 1321, -1
1052, 728, -1
1052, 445, -1
1052, 1391, -1
1052, 2150, -1
1052, 0, -1
1052, 3, -1
1052, 1872, -1
1052, 1, -1
1052, 8, -1
1052, 818, -1
1052, 539, -1
1052, 173, -1
1052, 1455, -1
1052, 55, -1
1052, 1896, -1
1052, 588, -1
539, 6, -1
539, 1391, -1
728, 1052, -1
3, 541, -1
1, 95, -1
8, 1321, -1
1896, 95, -1
95, 340, -1
728, 588, -1
539, 445, -1
301, 445, -1
818, 445, -1
3, 95, -1
1896, 1190, -1
1, 1391, -1
301, 2150, -1
340, 6, -1
1896, 6, -1
1190, 2150, -1
1896, 1391, -1
3, 1190, -1
301, 173, -1
818, 301, -1
1321, 818, -1
3, 6, -1
3, 1391, -1
1896, 445, -1
6, 340, -1
340, 2150, -1
1455, 1321, -1
340, 173, -1
301, 340, -1
95, 1391, -1
818, 340, -1
1896, 728, -1
340, 301, -1
95, 1455, -1
301, 541, -1
818, 541, -1
0, 1321, -1
1321, 173, -1
728, 55, -1
1321, 301, -1
1321, 539, -1
541, 3, -1
818, 95, -1
2150, 6, -1
2150, 1391, -1
818, 1190, -1
541, 1052, -1
1872, 1321, -1
1455, 340, -1
301, 1391, -1
818, 1391, -1
541, 588, -1
1190, 1391, -1
818, 6, -1
340, 95, -1
1190, 1455, -1
301, 1455, -1
1872, 445, -1
1455, 541, -1
8, 445, -1
340, 1190, -1
1321, 95, -1
340, 1455, -1
1872, 301, -1
8, 301, -1
1321, 1190, -1
1321, 6, -1
1321, 1455, -1
1872, 340, -1
8, 340, -1
1455, 445, -1
728, 818, -1
1872, 541, -1
588, 1052, -1
8, 541, -1
1321, 2150, -1
2150, 95, -1
541, 55, -1
0, 445, -1
1872, 95, -1
8, 95, -1
6, 1391, -1
6, 1455, -1
1872, 1190, -1
8, 1190, -1
1872, 6, -1
0, 301, -1
1872, 1391, -1
728, 173, -1
8, 6, -1
1, 1321, -1
8, 1391, -1
728, 301, -1
728, 539, -1
301, 588, -1
1190, 588, -1
0, 340, -1
1872, 728, -1
0, 541, -1
8, 728, -1
1321, 3, -1
0, 95, -1
1321, 1052, -1
1, 340, -1
728, 95, -1
0, 1190, -1
1321, 588, -1
1, 541, -1
728, 1190, -1
0, 6, -1
0, 1391, -1
95, 588, -1
728, 6, -1
173, 95, -1
728, 1455, -1
301, 55, -1
1190, 55, -1
173, 1190, -1
1, 1190, -1
541, 2150, -1
173, 6, -1
541, 173, -1
728, 2150, -1
1, 6, -1
0, 728, -1
6, 588, -1
541, 301, -1
539, 1190, -1
541, 539, -1
340, 55, -1
1896, 1321, -1
1, 445, -1
539, 301, -1
3, 445, -1
1321, 55, -1
1, 301, -1
539, 340, -1
728, 1, -1
95, 55, -1
1190, 340, -1
1896, 301, -1
539, 541, -1
3, 301, -1
541, 95, -1
539, 95, -1
541, 1190, -1
1896, 340, -1
728, 3, -1
6, 55, -1
541, 6, -1
3, 340, -1
1896, 541, -1
541, 1455, -1
6, 445, -1
539, 1052, -1
173, 1391, -1
2150, 1052, -1
6, 2150, -1
1190, 445, -1
6, 173, -1
818, 1052, -1
1872, 1052, -1
173, 445, -1
8, 1052, -1
2150, 301, -1
1190, 173, -1
1, 1052, -1
1896, 1052, -1
340, 1052, -1
1455, 1190, -1
3, 1052, -1
55, 1190, -1
1455, 6, -1
55, 6, -1
95, 445, -1
1190, 541, -1
1455, 1052, -1
95, 173, -1
1455, 301, -1
0, 1052, -1
2150, 1190, -1

989, 1, 1
989, 8, 1
989, 818, 1
989, 539, 1
989, 173, 1
498, 340, 1
498, 541, 1
498, 1321, 1
498, 728, 1
498, 445, 1
498, 1391, 1
505, 1455, 1
505, 55, 1
505, 1896, 1
1807, 1455, 1
1807, 55, 1
1807, 1896, 1
1807, 505, 1
8, 818, 1
340, 541, 1
541, 445, 1
505, 1807, 1
1896, 1807, 1
728, 445, 1
1, 818, 1
1321, 340, 1
1321, 541, 1
1896, 55, 1
539, 173, 1
1455, 1807, 1
818, 173, 1
1896, 1455, 1
55, 1807, 1
340, 1391, 1
8, 173, 1
8, 539, 1
818, 539, 1
340, 445, 1
728, 340, 1
1, 173, 1
1, 539, 1
728, 541, 1
1455, 55, 1
1321, 1391, 1
445, 1391, 1
1321, 445, 1
1896, 505, 1
8, 1, 1
728, 1321, 1
728, 1391, 1
541, 1391, 1
1321, 498, 1
539, 989, 1
728, 498, 1
445, 541, 1
818, 989, 1
541, 340, 1
8, 989, 1
55, 1455, 1
1, 989, 1
1455, 505, 1
541, 498, 1
989, 340, -1
989, 541, -1
989, 1321, -1
989, 728, -1
989, 445, -1
989, 1391, -1
989, 2150, -1
989, 0, -1
989, 3, -1
989, 1872, -1
989, 6, -1
989, 95, -1
989, 1190, -1
989, 301, -1
989, 1052, -1
989, 1455, -1
989, 55, -1
989, 1896, -1
989, 588, -1
498, 2150, -1
498, 0, -1
498, 3, -1
498, 1872, -1
498, 1, -1
498, 8, -1
498, 818, -1
498, 539, -1
498, 173, -1
498, 989, -1
498, 6, -1
498, 95, -1
498, 1190, -1
498, 301, -1
498, 1052, -1
498, 1455, -1
498, 55, -1
498, 1896, -1
498, 588, -1
505, 340, -1
505, 541, -1
505, 1321, -1
505, 728, -1
505, 445, -1
505, 1391, -1
505, 498, -1
505, 2150, -1
505, 0, -1
505, 3, -1
505, 1872, -1
505, 1, -1
505, 8, -1
505, 818, -1
505, 539, -1
505, 173, -1
505, 989, -1
505, 6, -1
505, 95, -1
505, 1190, -1
505, 301, -1
505, 1052, -1
505, 588, -1
1807, 340, -1
1807, 541, -1
1807, 1321, -1
1807, 728, -1
1807, 445, -1
1807, 1391, -1
1807, 498, -1
1807, 2150, -1
1807, 0, -1
1807, 3, -1
1807, 1872, -1
1807, 1, -1
1807, 8, -1
1807, 818, -1
1807, 539, -1
1807, 173, -1
1807, 989, -1
1807, 6, -1
1807, 95, -1
1807, 1190, -1
1807, 301, -1
1807, 1052, -1
1807, 588, -1
1321, 505, -1
539, 6, -1
539, 1391, -1
1, 95, -1
3, 541, -1
539, 1455, -1
1052, 173, -1
728, 1052, -1
8, 55, -1
8, 1321, -1
1872, 55, -1
340, 989, -1
1896, 989, -1
1896, 95, -1
3, 1807, -1
728, 588, -1
539, 445, -1
301, 445, -1
818, 445, -1
1896, 1190, -1
1, 1391, -1
588, 541, -1
1, 1455, -1
539, 2150, -1
588, 1807, -1
340, 6, -1
1896, 6, -1
818, 2150, -1
301, 173, -1
1896, 1391, -1
1052, 340, -1
55, 541, -1
818, 301, -1
1321, 818, -1
3, 1391, -1
1896, 445, -1
1052, 541, -1
3, 1455, -1
55, 989, -1
445, 55, -1
1872, 505, -1
340, 2150, -1
1896, 2150, -1
8, 505, -1
1455, 1321, -1
340, 173, -1
55, 1190, -1
818, 340, -1
1896, 8, -1
340, 301, -1
1896, 728, -1
588, 1391, -1
588, 1455, -1
55, 1391, -1
55, 6, -1
539, 1807, -1
1391, 55, -1
301, 1807, -1
818, 541, -1
818, 1807, -1
1190, 1807, -1
0, 55, -1
0, 1321, -1
55, 445, -1
1321, 173, -1
728, 55, -1
1052, 1391, -1
1321, 301, -1
1052, 1455, -1
1321, 539, -1
8, 498, -1
1455, 539, -1
818, 95, -1
55, 2150, -1
1896, 1, -1
1052, 445, -1
1872, 818, -1
55, 173, -1
989, 505, -1
539, 3, -1
2150, 1391, -1
340, 1807, -1
55, 301, -1
2150, 1455, -1
818, 1190, -1
173, 55, -1
1872, 1321, -1
818, 6, -1
301, 1391, -1
818, 1391, -1
539, 1052, -1
1190, 1391, -1
818, 1455, -1
340, 95, -1
1190, 1455, -1
301, 1455, -1
1455, 340, -1
1872, 445, -1
1, 3, -1
8, 445, -1
539, 588, -1
1455, 541, -1
340, 1190, -1
989, 498, -1
1896, 3, -1
0, 505, -1
541, 6, -1
728, 505, -1
1, 1052, -1
8, 2150, -1
1872, 173, -1
1321, 989, -1
1321, 95, -1
340, 1455, -1
1455, 498, -1
1455, 989, -1
1872, 539, -1
8, 301, -1
1896, 1052, -1
1, 588, -1
1321, 1190, -1
1455, 818, -1
1455, 1190, -1
1052, 1807, -1
55, 95, -1
1896, 588, -1
1321, 6, -1
1455, 6, -1
1321, 1455, -1
6, 1807, -1
1872, 340, -1
2150, 1807, -1
8, 340, -1
0, 818, -1
1455, 445, -1
728, 818, -1
1872, 541, -1
1872, 1807, -1
8, 541, -1
8, 1807, -1
1321, 2150, -1
541, 55, -1
1455, 2150, -1
1455, 173, -1
0, 445, -1
1455, 301, -1
539, 55, -1
8, 95, -1
6, 1391, -1
6, 1455, -1
8, 1190, -1
498, 1807, -1
818, 3, -1
0, 173, -1
1872, 1391, -1
0, 539, -1
1, 55, -1
8, 6, -1
8, 1391, -1
728, 173, -1
1, 1321, -1
989, 1807, -1
1321, 1, -1
8, 1455, -1
728, 539, -1
728, 301, -1
1872, 1455, -1
818, 1052, -1
1321, 1807, -1
818, 588, -1
3, 55, -1
0, 340, -1
445, 95, -1
1391, 1807, -1
1872, 8, -1
1872, 728, -1
1455, 95, -1
0, 541, -1
8, 728, -1
445, 1190, -1
0, 1807, -1
1321, 3, -1
728, 1807, -1
588, 55, -1
445, 6, -1
1391, 95, -1
1872, 1896, -1
445, 1455, -1
8, 1896, -1
1455, 1391, -1
1, 505, -1
1321, 1052, -1
1, 340, -1
728, 989, -1
728, 95, -1
1052, 55, -1
1872, 1, -1
541, 818, -1
1321, 588, -1
1, 541, -1
728, 1190, -1
445, 2150, -1
1391, 1455, -1
0, 1391, -1
0, 1455, -1
2150, 55, -1
728, 6, -1
173, 95, -1
1, 498, -1
728, 1455, -1
301, 55, -1
1896, 498, -1
818, 55, -1
173, 1190, -1
1190, 55, -1
1, 1190, -1
588, 340, -1
8, 3, -1
541, 2150, -1
173, 6, -1
1896, 818, -1
541, 173, -1
173, 1391, -1
728, 2150, -1
1, 6, -1
0, 8, -1
173, 1455, -1
541, 301, -1
0, 728, -1
541, 539, -1
728, 8, -1
173, 445, -1
8, 1052, -1
340, 55, -1
539, 301, -1
1, 445, -1
1896, 1321, -1
445, 1807, -1
0, 1896, -1
8, 588, -1
173, 2150, -1
728, 1896, -1
1, 2150, -1
0, 1, -1
1321, 55, -1
3, 445, -1
1, 301, -1
539, 340, -1
728, 1, -1
1896, 173, -1
541, 1807, -1
1896, 301, -1
1896, 539, -1
1455, 3, -1
3, 173, -1
539, 541, -1
55, 1321, -1
588, 445, -1
541, 989, -1
541, 95, -1
1455, 1052, -1
539, 95, -1
541, 1190, -1
173, 1807, -1
1896, 340, -1
588, 173, -1
1, 1807, -1
728, 3, -1
1455, 588, -1
6, 55, -1
539, 1190, -1
3, 340, -1
1896, 541, -1
541, 1455, -1
1455, 728, -1
340, 1, -1
539, 1321, -1
55, 728, -1
541, 1052, -1
818, 1321, -1
3, 1, -1
1321, 1896, -1
1391, 173, -1
173, 1321, -1
541, 588, -1
3, 989, -1
445, 1, -1
3, 818, -1
95, 1807, -1
541, 505, -1
539, 728, -1
588, 989, -1
445, 989, -1
539, 505, -1
818, 728, -1
173, 728, -1
539, 1896, -1
818, 505, -1
541, 1, -1
0, 498, -1
95, 55, -1
1, 728, -1
1052, 989, -1
818, 1896, -1
301, 340, -1
95, 1455, -1
0, 989, -1
1, 1896, -1
3, 8, -1
340, 505, -1
818, 498, -1
1872, 498, -1
498, 505, -1
445, 301, -1
445, 173, -1
541, 3, -1
1872, 989, -1
539, 498, -1

829, 1455, 1
829, 55, 1
829, 1896, 1
829, 505, 1
829, 1807, 1
411, 1, 1
411, 8, 1
411, 818, 1
411, 539, 1
411, 173, 1
411, 989, 1
1128, 0, 1
1128, 3, 1
1128, 1872, 1
631, 340, 1
631, 541, 1
631, 1321, 1
631, 728, 1
631, 445, 1
631, 1391, 1
631, 498, 1
505, 1807, 1
8, 818, 1
1896, 1807, 1
340, 541, 1
541, 445, 1
728, 445, 1
498, 541, 1
1, 818, 1
1321, 340, 1
498, 340, 1
1321, 541, 1
0, 1872, 1
1896, 55, 1
539, 173, 1
505, 55, 1
1455, 1807, 1
1321, 498, 1
1896, 1455, 1
539, 8, 1
55, 1807, 1
818, 173, 1
340, 1391, 1
505, 1455, 1
8, 173, 1
340, 445, 1
728, 340, 1
498, 1391, 1
1, 173, 1
498, 445, 1
728, 541, 1
1455, 55, 1
1321, 1391, 1
445, 1391, 1
728, 498, 1
539, 1, 1
1321, 445, 1
1896, 505, 1
3, 1872, 1
8, 1, 1
989, 173, 1
539, 989, 1
0, 3, 1
539, 818, 1
728, 1321, 1
818, 989, 1
728, 1391, 1
541, 1391, 1
8, 989, 1
1, 989, 1
1807, 829, 1
728, 631, 1
541, 631, 1
0, 1128, 1
1872, 3, 1
445, 541, 1
539, 411, 1
1872, 1128, 1
818, 411, 1
8, 539, 1
8, 411, 1
818, 539, 1
1, 411, 1
541, 340, 1
1, 539, 1
340, 631, 1
1896, 829, 1
505, 829, 1
498, 631, 1
3, 1128, 1
1321, 631, 1
55, 1455, 1
445, 631, 1
1807, 55, 1
1807, 1455, 1
1872, 0, 1
1455, 505, 1
1391, 631, 1
1455, 829, 1
1391, 445, 1
541, 498, 1
1391, 541, 1
55, 829, 1
829, 340, -1
829, 541, -1
829, 1321, -1
829, 728, -1
829, 445, -1
829, 1391, -1
829, 498, -1
829, 2150, -1
829, 0, -1
829, 3, -1
829, 1872, -1
829, 1, -1
829, 8, -1
829, 818, -1
829, 539, -1
829, 173, -1
829, 989, -1
829, 6, -1
829, 95, -1
829, 1190, -1
829, 301, -1
829, 1052, -1
829, 588, -1
411, 340, -1
411, 541, -1
411, 1321, -1
411, 728, -1
411, 445, -1
411, 1391, -1
411, 498, -1
411, 2150, -1
411, 0, -1
411, 3, -1
411, 1872, -1
411, 6, -1
411, 95, -1
411, 1190, -1
411, 301, -1
411, 1052, -1
411, 1455, -1
411, 55, -1
411, 1896, -1
411, 505, -1
411, 1807, -1
411, 829, -1
411, 588, -1
1128, 340, -1
1128, 541, -1
1128, 1321, -1
1128, 728, -1
1128, 445, -1
1128, 1391, -1
1128, 498, -1
1128, 2150, -1
1128, 1, -1
1128, 8, -1
1128, 818, -1
1128, 539, -1
1128, 173, -1
1128, 989, -1
1128, 411, -1
1128, 6, -1
1128, 95, -1
1128, 1190, -1
1128, 301, -1
1128, 1052, -1
1128, 1455, -1
1128, 55, -1
1128, 1896, -1
1128, 505, -1
1128, 1807, -1
1128, 829, -1
1128, 588, -1
631, 2150, -1
631, 0, -1
631, 3, -1
631, 1872, -1
631, 1128, -1
631, 1, -1
631, 8, -1
631, 818, -1
631, 539, -1
631, 173, -1
631, 989, -1
631, 411, -1
631, 6, -1
631, 95, -1
631, 1190, -1
631, 301, -1
631, 1052, -1
631, 1455, -1
631, 55, -1
631, 1896, -1
631, 505, -1
631, 1807, -1
631, 829, -1
631, 588, -1
505, 541, -1
1, 95, -1
3, 541, -1
539, 1455, -1
8, 1321, -1
340, 989, -1
1896, 6, -1
505, 6, -1
3, 6, -1
989, 55, -1
818, 340, -1
340, 301, -1
588, 1455, -1
55, 1391, -1
301, 1807, -1
1190, 1807, -1
0, 1321, -1
1321, 829, -1
1321, 173, -1
1321, 411, -1
728, 55, -1
1052, 1455, -1
8, 498, -1
1896, 1, -1
55, 173, -1
505, 1, -1
3, 1, -1
411, 631, -1
818, 1391, -1
1455, 541, -1
340, 1190, -1
1872, 829, -1
1872, 173, -1
1872, 411, -1
340, 1455, -1
1896, 1052, -1
1, 588, -1
505, 1052, -1
3, 1052, -1
0, 498, -1
1321, 6, -1
989, 445, -1
2150, 1807, -1
8, 340, -1
728, 818, -1
1872, 541, -1
989, 301, -1
989, 1896, -1
498, 1807, -1
1872, 6, -1
539, 631, -1
8, 1391, -1
728, 301, -1
1321, 1, -1
728, 539, -1
498, 989, -1
498, 95, -1
1321, 1807, -1
0, 340, -1
539, 505, -1
1455, 95, -1
1128, 631, -1
3, 539, -1
1321, 1052, -1
1, 340, -1
1872, 1, -1
728, 1190, -1
445, 2150, -1
445, 829, -1
0, 1391, -1
445, 173, -1
728, 1455, -1
1896, 498, -1
818, 55, -1
505, 498, -1
1391, 2150, -1
541, 2150, -1
541, 829, -1
173, 6, -1
411, 1128, -1
541, 173, -1
728, 8, -1
1872, 1052, -1
1807, 541, -1
1, 2150, -1
1, 829, -1
498, 588, -1
539, 95, -1
1896, 340, -1
173, 1807, -1
505, 340, -1
728, 3, -1
541, 6, -1
3, 340, -1
8, 55, -1
539, 445, -1
818, 445, -1
588, 1807, -1
340, 6, -1
1896, 1391, -1
301, 173, -1
505, 1391, -1
818, 301, -1
3, 1391, -1
445, 55, -1
1896, 2150, -1
505, 2150, -1
1052, 989, -1
1807, 95, -1
1391, 55, -1
0, 55, -1
1872, 498, -1
1052, 445, -1
989, 505, -1
340, 1807, -1
818, 1190, -1
1455, 340, -1
989, 541, -1
818, 1455, -1
340, 95, -1
8, 445, -1
539, 588, -1
728, 505, -1
1, 1052, -1
8, 301, -1
989, 6, -1
498, 2150, -1
498, 829, -1
1872, 340, -1
498, 173, -1
498, 411, -1
0, 818, -1
1321, 2150, -1
445, 301, -1
1455, 173, -1
0, 445, -1
8, 1190, -1
818, 3, -1
1391, 301, -1
0, 301, -1
1872, 1391, -1
0, 539, -1
1, 1321, -1
8, 1455, -1
989, 1807, -1
3, 55, -1
989, 95, -1
1872, 2150, -1
498, 6, -1
445, 1190, -1
728, 1807, -1
728, 989, -1
728, 95, -1
1391, 1190, -1
0, 1190, -1
55, 631, -1
0, 1455, -1
2150, 55, -1
1, 498, -1
1, 1190, -1
588, 340, -1
8, 3, -1
1896, 818, -1
173, 1391, -1
3, 989, -1
505, 818, -1
0, 8, -1
539, 829, -1
829, 631, -1
3, 818, -1
818, 631, -1
1807, 340, -1
1896, 1321, -1
505, 1321, -1
173, 2150, -1
728, 1896, -1
505, 445, -1
3, 445, -1
1321, 55, -1
498, 1052, -1
1896, 301, -1
1896, 539, -1
505, 301, -1
505, 539, -1
539, 541, -1
3, 301, -1
588, 173, -1
6, 55, -1
539, 6, -1
1872, 55, -1
1807, 173, -1
1052, 173, -1
728, 588, -1
1896, 1190, -1
1, 1391, -1
505, 1190, -1
588, 541, -1
8, 631, -1
3, 1190, -1
1321, 818, -1
3, 1455, -1
1052, 541, -1
340, 2150, -1
340, 829, -1
8, 505, -1
1455, 1321, -1
340, 173, -1
1896, 8, -1
539, 1807, -1
3, 8, -1
818, 1807, -1
55, 445, -1
1321, 301, -1
1321, 539, -1
818, 95, -1
1872, 818, -1
0, 631, -1
2150, 1455, -1
173, 55, -1
1872, 1321, -1
539, 1052, -1
1872, 445, -1
0, 505, -1
1896, 3, -1
1, 631, -1
505, 3, -1
1455, 498, -1
1872, 301, -1
1872, 539, -1
1321, 1190, -1
1052, 1807, -1
1321, 1455, -1
989, 2150, -1
989, 829, -1
8, 1807, -1
541, 55, -1
8, 95, -1
6, 1455, -1
1872, 1190, -1
728, 829, -1
728, 173, -1
1, 55, -1
1872, 1455, -1
728, 411, -1
818, 588, -1
445, 989, -1
445, 95, -1
1896, 631, -1
1872, 8, -1
505, 631, -1
0, 1807, -1
8, 728, -1
1321, 3, -1
3, 631, -1
1391, 989, -1
1391, 95, -1
0, 989, -1
8, 1896, -1
1455, 1391, -1
0, 95, -1
539, 498, -1
728, 6, -1
301, 55, -1
1190, 55, -1
173, 1190, -1
173, 1455, -1
0, 728, -1
541, 301, -1
1, 445, -1
0, 1896, -1
8, 588, -1
1, 301, -1
539, 340, -1
728, 1, -1
1455, 631, -1
541, 1190, -1
541, 1455, -1
1321, 505, -1
539, 1391, -1
728, 1052, -1
3, 1807, -1
0, 588, -1
1896, 989, -1
1896, 95, -1
505, 989, -1
505, 95, -1
3, 95, -1
1872, 631, -1
1, 1455, -1
539, 2150, -1
818, 2150, -1
818, 829, -1
1052, 340, -1
498, 55, -1
1896, 445, -1
1872, 505, -1
1896, 728, -1
588, 1391, -1
818, 541, -1
3, 728, -1
1807, 1391, -1
1052, 1391, -1
3, 1896, -1
818, 6, -1
301, 1455, -1
1190, 1455, -1
1, 3, -1
498, 818, -1
173, 631, -1
8, 2150, -1
8, 829, -1
1321, 989, -1
1321, 95, -1
989, 1190, -1
55, 95, -1
989, 1455, -1
1896, 588, -1
505, 588, -1
6, 1807, -1
3, 588, -1
498, 301, -1
1455, 445, -1
498, 539, -1
1872, 1807, -1
8, 541, -1
1807, 631, -1
1872, 989, -1
1872, 95, -1
539, 55, -1
1391, 829, -1
1391, 173, -1
0, 2150, -1
0, 829, -1
0, 173, -1
0, 411, -1
8, 6, -1
818, 1052, -1
498, 1190, -1
1872, 728, -1
498, 1455, -1
0, 541, -1
588, 55, -1
989, 1391, -1
445, 6, -1
1872, 1896, -1
1, 505, -1
1052, 55, -1
1321, 588, -1
1, 541, -1
1391, 6, -1
0, 6, -1
173, 95, -1
539, 1321, -1
728, 2150, -1
1, 6, -1
340, 55, -1
8, 1052, -1
539, 301, -1
1872, 588, -1
588, 989, -1
498, 3, -1
0, 1, -1
1896, 173, -1
1896, 411, -1
541, 1807, -1
505, 173, -1
505, 411, -1
3, 2150, -1
3, 829, -1
989, 631, -1
3, 173, -1
3, 411, -1
588, 445, -1
541, 989, -1
541, 95, -1
818, 498, -1
1, 1807, -1
1807, 445, -1
539, 1190, -1
1896, 541, -1
0, 1052, -1
1807, 2150, -1
1052, 829, -1
8, 0, -1
1807, 728, -1
1807, 301, -1
301, 445, -1
539, 1128, -1
55, 541, -1
301, 411, -1
539, 728, -1
829, 411, -1
1, 1128, -1
55, 989, -1
989, 1321, -1
539, 1896, -1
8, 1872, -1
1896, 1128, -1
541, 1, -1
505, 1128, -1
55, 1190, -1
1, 728, -1
301, 340, -1
95, 1455, -1
55, 6, -1
505, 728, -1
588, 1128, -1
498, 505, -1
728, 0, -1
541, 3, -1
55, 2150, -1
539, 3, -1
2150, 1391, -1
55, 728, -1
55, 301, -1
989, 340, -1
1052, 1128, -1
541, 1052, -1
301, 1391, -1
1190, 1391, -1
541, 588, -1
989, 498, -1
728, 1872, -1
818, 1128, -1
818, 728, -1
340, 1128, -1
818, 1896, -1
1321, 1128, -1
989, 728, -1
539, 0, -1
340, 1, -1
6, 1391, -1
1321, 1896, -1
173, 1321, -1
1, 0, -1
1896, 0, -1
505, 0, -1
541, 505, -1
8, 1128, -1
539, 1872, -1
1391, 1807, -1
445, 1455, -1
498, 1128, -1
1896, 1872, -1
95, 631, -1
1807, 1321, -1
541, 818, -1
588, 631, -1
1391, 1455, -1
498, 1896, -1
1052, 631, -1
1455, 728, -1
818, 1321, -1
6, 631, -1
498, 1, -1
2150, 631, -1
728, 1128, -1
541, 411, -1
541, 539, -1
301, 631, -1
445, 1, -1
1190, 631, -1
173, 445, -1
445, 1807, -1
173, 728, -1
1321, 0, -1
989, 3, -1
818, 505, -1
1807, 989, -1
95, 55, -1
55, 1321, -1
1807, 1190, -1
1, 1896, -1
989, 1052, -1
1807, 6, -1
989, 588, -1
340, 505, -1
588, 829, -1
1455, 818, -1
1455, 1190, -1
1455, 1052, -1
498, 1872, -1
95, 1807, -1
1, 1872, -1
1455, 411, -1
1455, 2150, -1
1455, 3, -1
1455, 6, -1
1455, 588, -1
1455, 989, -1
1455, 301, -1
1455, 539, -1
1321, 1872, -1
505, 1872, -1
818, 1872, -1
95, 1391, -1

551, 1455, 1
551, 55, 1
551, 1896, 1
551, 505, 1
551, 1807, 1
551, 829, 1
1742, 340, 1
1742, 541, 1
1742, 1321, 1
1742, 728, 1
1742, 445, 1
1742, 1391, 1
1742, 498, 1
1742, 631, 1
689, 340, 1
689, 541, 1
689, 1321, 1
689, 728, 1
689, 445, 1
689, 1391, 1
689, 498, 1
689, 631, 1
689, 1742, 1
1501, 340, 1
1501, 541, 1
1501, 1321, 1
1501, 728, 1
1501, 445, 1
1501, 1391, 1
1501, 498, 1
1501, 631, 1
1501, 1742, 1
1501, 689, 1
1207, 1, 1
1207, 8, 1
1207, 818, 1
1207, 539, 1
1207, 173, 1
1207, 989, 1
1207, 411, 1
1523, 340, 1
1523, 541, 1
1523, 1321, 1
1523, 728, 1
1523, 445, 1
1523, 1391, 1
1523, 498, 1
1523, 631, 1
1523, 1742, 1
1523, 689, 1
1523, 1501, 1
1541, 340, 1
1541, 541, 1
1541, 1321, 1
1541, 728, 1
1541, 445, 1
1541, 1391, 1
1541, 498, 1
1541, 631, 1
1541, 1742, 1
1541, 689, 1
1541, 1501, 1
1541, 1523, 1
1940, 340, 1
1940, 541, 1
1940, 1321, 1
1940, 728, 1
1940, 445, 1
1940, 1391, 1
1940, 498, 1
1940, 631, 1
1940, 1742, 1
1940, 689, 1
1940, 1501, 1
1940, 1523, 1
1940, 1541, 1
505, 1807, 1
1807, 829, 1
340, 1501, 1
1321, 498, 1
498, 1541, 1
1896, 1455, 1
818, 173, 1
818, 411, 1
505, 1455, 1
8, 539, 1
498, 1742, 1
818, 539, 1
340, 445, 1
498, 631, 1
1455, 55, 1
445, 1742, 1
1321, 1940, 1
541, 1523, 1
445, 631, 1
541, 1541, 1
728, 1541, 1
728, 1742, 1
818, 989, 1
55, 829, 1
1391, 631, 1
340, 541, 1
8, 818, 1
1896, 1807, 1
728, 631, 1
1321, 340, 1
1321, 541, 1
498, 1501, 1
340, 1391, 1
8, 173, 1
8, 411, 1
498, 1940, 1
498, 445, 1
1321, 1501, 1
1501, 1523, 1
1321, 1391, 1
728, 498, 1
1501, 1541, 1
1321, 445, 1
689, 1501, 1
541, 1321, 1
1455, 829, 1
689, 1940, 1
728, 1321, 1
541, 1742, 1
1523, 1940, 1
498, 340, 1
8, 989, 1
728, 1940, 1
541, 631, 1
498, 541, 1
411, 173, 1
340, 1541, 1
1896, 55, 1
505, 55, 1
340, 1742, 1
1455, 1807, 1
1321, 1523, 1
1, 411, 1
728, 340, 1
498, 1391, 1
1, 539, 1
728, 541, 1
445, 1391, 1
411, 989, 1
1896, 505, 1
1807, 55, 1
8, 1, 1
541, 1501, 1
728, 1501, 1
728, 1391, 1
173, 989, 1
541, 1940, 1
1, 989, 1
541, 445, 1
728, 689, 1
728, 445, 1
1, 818, 1
498, 1523, 1
539, 173, 1
539, 411, 1
340, 1321, 1
1321, 1541, 1
541, 340, 1
1, 173, 1
340, 631, 1
1896, 829, 1
1321, 1742, 1
505, 829, 1
689, 1523, 1
728, 1523, 1
689, 1541, 1
1523, 1541, 1
1321, 631, 1
539, 989, 1
1541, 1940, 1
1501, 1940, 1
541, 1391, 1
55, 551, 1
631, 1742, 1
631, 1501, 1
829, 55, 1
1807, 551, 1
631, 1391, 1
989, 1, 1
829, 1455, 1
631, 445, 1
445, 541, 1
541, 728, 1
411, 1207, 1
989, 818, 1
539, 1207, 1
8, 1207, 1
818, 1207, 1
829, 551, 1
173, 1207, 1
498, 689, 1
1, 1207, 1
1896, 551, 1
55, 1455, 1
1321, 689, 1
505, 551, 1
989, 411, 1
829, 1807, 1
631, 541, 1
989, 173, 1
989, 539, 1
989, 8, 1
989, 1207, 1
1807, 1455, 1
631, 1541, 1
1391, 1742, 1
1455, 505, 1
445, 1501, 1
55, 1807, 1
445, 1541, 1
541, 498, 1
1391, 445, 1
1391, 1541, 1
1391, 541, 1
1455, 551, 1
445, 728, 1
551, 340, -1
551, 541, -1
551, 1321, -1
551, 728, -1
551, 445, -1
551, 1391, -1
551, 498, -1
551, 631, -1
551, 2150, -1
551, 0, -1
551, 3, -1
551, 1872, -1
551, 1128, -1
551, 1, -1
551, 8, -1
551, 818, -1
551, 539, -1
551, 173, -1
551, 989, -1
551, 411, -1
551, 6, -1
551, 95, -1
551, 1190, -1
551, 301, -1
551, 1052, -1
551, 588, -1
1742, 2150, -1
1742, 0, -1
1742, 3, -1
1742, 1872, -1
1742, 1128, -1
1742, 1, -1
1742, 8, -1
1742, 818, -1
1742, 539, -1
1742, 173, -1
1742, 989, -1
1742, 411, -1
1742, 6, -1
1742, 95, -1
1742, 1190, -1
1742, 301, -1
1742, 1052, -1
1742, 1455, -1
1742, 55, -1
1742, 1896, -1
1742, 505, -1
1742, 1807, -1
1742, 829, -1
1742, 551, -1
1742, 588, -1
689, 2150, -1
689, 0, -1
689, 3, -1
689, 1872, -1
689, 1128, -1
689, 1, -1
689, 8, -1
689, 818, -1
689, 539, -1
689, 173, -1
689, 989, -1
689, 411, -1
689, 6, -1
689, 95, -1
689, 1190, -1
689, 301, -1
689, 1052, -1
689, 1455, -1
689, 55, -1
689, 1896, -1
689, 505, -1
689, 1807, -1
689, 829, -1
689, 551, -1
689, 588, -1
1501, 2150, -1
1501, 0, -1
1501, 3, -1
1501, 1872, -1
1501, 1128, -1
1501, 1, -1
1501, 8, -1
1501, 818, -1
1501, 539, -1
1501, 173, -1
1501, 989, -1
1501, 411, -1
1501, 6, -1
1501, 95, -1
1501, 1190, -1
1501, 301, -1
1501, 1052, -1
1501, 1455, -1
1501, 55, -1
1501, 1896, -1
1501, 505, -1
1501, 1807, -1
1501, 829, -1
1501, 551, -1
1501, 588, -1
1207, 340, -1
1207, 541, -1
1207, 1321, -1
1207, 728, -1
1207, 445, -1
1207, 1391, -1
1207, 498, -1
1207, 631, -1
1207, 1742, -1
1207, 689, -1
1207, 1501, -1
1207, 2150, -1
1207, 0, -1
1207, 3, -1
1207, 1872, -1
1207, 1128, -1
1207, 6, -1
1207, 95, -1
1207, 1190, -1
1207, 301, -1
1207, 1052, -1
1207, 1455, -1
1207, 55, -1
1207, 1896, -1
1207, 505, -1
1207, 1807, -1
1207, 829, -1
1207, 551, -1
1207, 588, -1
1523, 2150, -1
1523, 0, -1
1523, 3, -1
1523, 1872, -1
1523, 1128, -1
1523, 1, -1
1523, 8, -1
1523, 818, -1
1523, 539, -1
1523, 173, -1
1523, 989, -1
1523, 411, -1
1523, 1207, -1
1523, 6, -1
1523, 95, -1
1523, 1190, -1
1523, 301, -1
1523, 1052, -1
1523, 1455, -1
1523, 55, -1
1523, 1896, -1
1523, 505, -1
1523, 1807, -1
1523, 829, -1
1523, 551, -1
1523, 588, -1
1541, 2150, -1
1541, 0, -1
1541, 3, -1
1541, 1872, -1
1541, 1128, -1
1541, 1, -1
1541, 8, -1
1541, 818, -1
1541, 539, -1
1541, 173, -1
1541, 989, -1
1541, 411, -1
1541, 1207, -1
1541, 6, -1
1541, 95, -1
1541, 1190, -1
1541, 301, -1
1541, 1052, -1
1541, 1455, -1
1541, 55, -1
1541, 1896, -1
1541, 505, -1
1541, 1807, -1
1541, 829, -1
1541, 551, -1
1541, 588, -1
1940, 2150, -1
1940, 0, -1
1940, 3, -1
1940, 1872, -1
1940, 1128, -1
1940, 1, -1
1940, 8, -1
1940, 818, -1
1940, 539, -1
1940, 173, -1
1940, 989, -1
1940, 411, -1
1940, 1207, -1
1940, 6, -1
1940, 95, -1
1940, 1190, -1
1940, 301, -1
1940, 1052, -1
1940, 1455, -1
1940, 55, -1
1940, 1896, -1
1940, 505, -1
1940, 1807, -1
1940, 829, -1
1940, 551, -1
1940, 588, -1
505, 541, -1
1, 95, -1
3, 541, -1
8, 1321, -1
1807, 301, -1
340, 989, -1
1872, 1742, -1
818, 1940, -1
829, 1940, -1
1896, 6, -1
505, 6, -1
1128, 1455, -1
505, 689, -1
989, 55, -1
3, 689, -1
2150, 541, -1
818, 340, -1
340, 301, -1
829, 340, -1
1128, 8, -1
55, 1391, -1
0, 1541, -1
1321, 829, -1
0, 1321, -1
1321, 173, -1
1321, 411, -1
728, 55, -1
1455, 411, -1
498, 505, -1
8, 498, -1
55, 2150, -1
1896, 1, -1
55, 173, -1
1, 1523, -1
505, 1, -1
539, 3, -1
1, 1541, -1
411, 631, -1
631, 6, -1
173, 1742, -1
829, 1391, -1
818, 1391, -1
541, 588, -1
8, 1940, -1
1455, 541, -1
340, 1190, -1
1872, 829, -1
1872, 173, -1
1872, 411, -1
340, 1455, -1
1896, 1052, -1
1, 588, -1
505, 1052, -1
989, 1501, -1
173, 551, -1
1321, 6, -1
0, 498, -1
1455, 6, -1
989, 445, -1
8, 340, -1
1807, 1742, -1
728, 818, -1
1872, 541, -1
631, 1807, -1
301, 1523, -1
989, 728, -1
989, 301, -1
0, 1940, -1
631, 95, -1
1190, 1541, -1
498, 1807, -1
1807, 1207, -1
539, 631, -1
8, 1391, -1
1896, 1541, -1
728, 301, -1
1321, 1, -1
728, 539, -1
505, 1541, -1
498, 989, -1
498, 95, -1
1872, 689, -1
1455, 1, -1
1321, 1807, -1
3, 1321, -1
173, 829, -1
0, 340, -1
1455, 95, -1
1128, 631, -1
340, 1207, -1
340, 551, -1
1321, 1052, -1
1, 340, -1
411, 95, -1
1128, 505, -1
1872, 1, -1
588, 631, -1
173, 541, -1
2150, 1523, -1
728, 1190, -1
2150, 1541, -1
445, 2150, -1
0, 1391, -1
445, 173, -1
411, 1501, -1
728, 1455, -1
1052, 631, -1
1896, 498, -1
818, 55, -1
411, 445, -1
505, 498, -1
301, 1742, -1
541, 2150, -1
541, 829, -1
173, 6, -1
3, 498, -1
541, 173, -1
541, 411, -1
728, 8, -1
631, 588, -1
1896, 1940, -1
1455, 1523, -1
1807, 541, -1
505, 1940, -1
1, 2150, -1
1, 829, -1
1455, 1541, -1
3, 1940, -1
989, 1742, -1
1190, 340, -1
498, 588, -1
411, 1523, -1
2150, 498, -1
1807, 6, -1
340, 505, -1
539, 95, -1
1896, 340, -1
1455, 588, -1
505, 340, -1
728, 3, -1
989, 551, -1
541, 6, -1
3, 340, -1
1128, 1807, -1
1872, 1541, -1
539, 1501, -1
829, 1501, -1
818, 1501, -1
8, 55, -1
1128, 989, -1
689, 1207, -1
539, 445, -1
411, 588, -1
829, 445, -1
818, 445, -1
588, 1807, -1
340, 6, -1
1896, 1391, -1
1, 689, -1
539, 728, -1
505, 1391, -1
829, 301, -1
818, 301, -1
3, 1391, -1
2150, 340, -1
445, 55, -1
541, 1, -1
1896, 2150, -1
55, 1190, -1
505, 2150, -1
1742, 1207, -1
1807, 95, -1
1052, 989, -1
1128, 728, -1
1391, 55, -1
1190, 541, -1
539, 1523, -1
0, 55, -1
498, 1207, -1
498, 551, -1
1052, 1501, -1
1128, 1896, -1
1872, 498, -1
411, 1742, -1
1052, 445, -1
2150, 1391, -1
340, 1807, -1
173, 1541, -1
829, 1190, -1
818, 1190, -1
541, 1052, -1
1128, 1523, -1
8, 1501, -1
1455, 340, -1
989, 541, -1
340, 95, -1
1872, 1940, -1
8, 445, -1
539, 588, -1
411, 551, -1
728, 505, -1
631, 829, -1
631, 173, -1
1, 1052, -1
8, 301, -1
588, 1541, -1
1896, 689, -1
989, 6, -1
1807, 1541, -1
498, 829, -1
1872, 340, -1
498, 2150, -1
498, 173, -1
498, 411, -1
0, 818, -1
0, 1501, -1
1321, 2150, -1
1455, 2150, -1
1455, 173, -1
0, 445, -1
6, 1391, -1
539, 1742, -1
8, 1190, -1
818, 3, -1
411, 829, -1
1872, 1391, -1
0, 539, -1
1, 1321, -1
8, 1455, -1
1128, 1742, -1
3, 55, -1
989, 95, -1
539, 551, -1
498, 6, -1
445, 1190, -1
728, 1807, -1
411, 541, -1
340, 588, -1
588, 1742, -1
445, 1455, -1
728, 989, -1
728, 95, -1
1052, 1742, -1
1391, 1455, -1
0, 1455, -1
411, 6, -1
1, 498, -1
301, 1541, -1
6, 631, -1
498, 1, -1
1, 1190, -1
588, 340, -1
8, 3, -1
1896, 818, -1
173, 1391, -1
3, 989, -1
505, 818, -1
0, 8, -1
539, 829, -1
818, 631, -1
829, 631, -1
1, 1940, -1
1896, 1321, -1
989, 1523, -1
505, 1321, -1
3, 1501, -1
989, 1541, -1
173, 2150, -1
728, 1896, -1
505, 445, -1
8, 551, -1
3, 445, -1
1321, 55, -1
1128, 829, -1
498, 1052, -1
1128, 173, -1
1128, 411, -1
1896, 301, -1
1896, 539, -1
411, 1807, -1
505, 301, -1
505, 539, -1
539, 541, -1
1455, 1052, -1
588, 829, -1
588, 173, -1
1128, 541, -1
539, 6, -1
1807, 2150, -1
1052, 829, -1
1872, 55, -1
1807, 173, -1
1052, 173, -1
411, 1052, -1
728, 588, -1
301, 1940, -1
1896, 1190, -1
1, 1391, -1
505, 1190, -1
588, 541, -1
8, 631, -1
1321, 818, -1
1128, 689, -1
1052, 541, -1
55, 989, -1
340, 2150, -1
340, 829, -1
8, 505, -1
340, 173, -1
301, 340, -1
1896, 8, -1
55, 1501, -1
539, 1807, -1
818, 1807, -1
55, 445, -1
411, 1541, -1
1321, 301, -1
1321, 539, -1
1455, 539, -1
829, 989, -1
829, 95, -1
818, 95, -1
1128, 1, -1
1872, 818, -1
0, 631, -1
55, 301, -1
989, 340, -1
173, 55, -1
2150, 1940, -1
1872, 1321, -1
301, 1391, -1
1190, 1391, -1
539, 1052, -1
1872, 445, -1
728, 1207, -1
0, 505, -1
1896, 3, -1
728, 551, -1
1, 631, -1
505, 3, -1
1455, 498, -1
1872, 539, -1
1321, 1190, -1
1455, 1190, -1
1052, 1807, -1
1321, 1455, -1
1455, 1940, -1
989, 2150, -1
989, 829, -1
8, 1807, -1
541, 55, -1
818, 1523, -1
829, 1523, -1
539, 1541, -1
8, 95, -1
411, 1940, -1
340, 1, -1
728, 829, -1
728, 173, -1
1, 55, -1
1872, 1455, -1
728, 411, -1
1128, 1541, -1
1128, 1321, -1
818, 588, -1
445, 95, -1
173, 301, -1
1896, 631, -1
411, 340, -1
1391, 1807, -1
1872, 8, -1
505, 631, -1
0, 1807, -1
8, 728, -1
340, 1052, -1
1321, 3, -1
3, 631, -1
1391, 95, -1
55, 1742, -1
8, 1896, -1
1455, 1391, -1
989, 689, -1
0, 989, -1
1052, 1541, -1
539, 498, -1
8, 1523, -1
728, 6, -1
411, 1391, -1
8, 1541, -1
55, 1207, -1
1128, 498, -1
173, 1190, -1
539, 1940, -1
829, 1742, -1
818, 1742, -1
2150, 631, -1
1, 1501, -1
0, 728, -1
411, 2150, -1
541, 301, -1
541, 539, -1
1, 445, -1
0, 1896, -1
8, 588, -1
1128, 1940, -1
829, 1207, -1
818, 551, -1
1, 301, -1
539, 340, -1
728, 1, -1
0, 1523, -1
1807, 1190, -1
1455, 631, -1
445, 588, -1
541, 1190, -1
1128, 340, -1
541, 1455, -1
1321, 505, -1
539, 1391, -1
728, 1052, -1
631, 55, -1
3, 1807, -1
1190, 1501, -1
1391, 588, -1
1896, 989, -1
1896, 95, -1
8, 1742, -1
505, 989, -1
505, 95, -1
301, 445, -1
1190, 445, -1
1872, 631, -1
1, 1455, -1
539, 2150, -1
1896, 1501, -1
55, 541, -1
829, 2150, -1
818, 829, -1
505, 1501, -1
1052, 340, -1
498, 55, -1
829, 173, -1
1128, 1391, -1
818, 2150, -1
1896, 445, -1
989, 1321, -1
1872, 505, -1
1896, 728, -1
588, 1391, -1
55, 6, -1
829, 541, -1
818, 541, -1
3, 728, -1
0, 1742, -1
1807, 1391, -1
1052, 1391, -1
411, 55, -1
631, 989, -1
551, 1207, -1
541, 3, -1
445, 1207, -1
445, 551, -1
2150, 1501, -1
1896, 1523, -1
505, 1523, -1
2150, 445, -1
829, 6, -1
818, 6, -1
3, 1523, -1
1391, 1207, -1
1, 1742, -1
539, 689, -1
1391, 551, -1
1, 3, -1
541, 1207, -1
3, 1541, -1
541, 551, -1
498, 818, -1
173, 631, -1
989, 498, -1
8, 2150, -1
8, 829, -1
1321, 989, -1
1321, 95, -1
1455, 989, -1
989, 1190, -1
1455, 818, -1
55, 95, -1
1896, 588, -1
1, 551, -1
505, 588, -1
1455, 1501, -1
989, 1940, -1
498, 301, -1
1455, 445, -1
498, 539, -1
1872, 1807, -1
8, 541, -1
1872, 989, -1
1455, 301, -1
539, 55, -1
1391, 173, -1
0, 829, -1
0, 173, -1
0, 411, -1
1872, 1501, -1
1501, 1207, -1
8, 6, -1
631, 1455, -1
411, 301, -1
1128, 55, -1
1455, 1207, -1
8, 689, -1
818, 1052, -1
1896, 1742, -1
505, 1742, -1
498, 1190, -1
541, 505, -1
3, 1742, -1
1872, 728, -1
498, 1455, -1
0, 541, -1
55, 1541, -1
588, 55, -1
989, 1391, -1
445, 6, -1
1872, 1896, -1
1896, 1207, -1
1, 505, -1
505, 1207, -1
1052, 55, -1
1321, 588, -1
1, 541, -1
1391, 6, -1
411, 1190, -1
1872, 1523, -1
0, 689, -1
173, 95, -1
829, 1541, -1
818, 1541, -1
539, 1321, -1
173, 1501, -1
1128, 818, -1
728, 2150, -1
1, 6, -1
301, 631, -1
445, 1, -1
1190, 631, -1
1128, 1501, -1
173, 445, -1
340, 55, -1
445, 1807, -1
8, 1052, -1
539, 301, -1
588, 989, -1
1128, 445, -1
498, 3, -1
631, 1207, -1
631, 551, -1
0, 1, -1
1896, 173, -1
1896, 411, -1
1455, 1742, -1
1807, 989, -1
505, 173, -1
541, 1807, -1
505, 411, -1
588, 1501, -1
1455, 3, -1
3, 829, -1
989, 631, -1
1128, 539, -1
3, 173, -1
3, 411, -1
588, 445, -1
541, 989, -1
541, 95, -1
1807, 1501, -1
818, 498, -1
1, 1807, -1
1807, 445, -1
1321, 1207, -1
539, 1190, -1
1321, 551, -1
1896, 541, -1
301, 1501, -1
539, 1455, -1
1807, 728, -1
301, 173, -1
301, 411, -1
829, 411, -1
3, 1455, -1
1872, 1207, -1
1872, 551, -1
551, 1742, -1
539, 1896, -1
1, 728, -1
1455, 1321, -1
95, 1391, -1
95, 1455, -1
588, 1455, -1
505, 728, -1
301, 541, -1
301, 1807, -1
3, 8, -1
1190, 1807, -1
1052, 1455, -1
631, 1190, -1
989, 505, -1
55, 728, -1
2150, 1455, -1
3, 1, -1
301, 1455, -1
818, 1455, -1
1190, 1455, -1
0, 1207, -1
818, 689, -1
0, 551, -1
1207, 1523, -1
95, 1807, -1
1207, 1541, -1
631, 2150, -1
411, 505, -1
631, 301, -1
829, 728, -1
818, 728, -1
989, 1455, -1
6, 1807, -1
818, 1896, -1
2150, 1807, -1
3, 1207, -1
3, 551, -1
829, 1, -1
445, 301, -1
1807, 631, -1
411, 1321, -1
588, 1207, -1
588, 551, -1
989, 1896, -1
6, 1455, -1
1321, 1896, -1
173, 1321, -1
989, 1807, -1
445, 989, -1
1190, 1207, -1
1190, 551, -1
539, 505, -1
1128, 1207, -1
1128, 551, -1
1455, 689, -1
1807, 1321, -1
541, 818, -1
55, 631, -1
445, 829, -1
2150, 55, -1
498, 1896, -1
411, 1455, -1
95, 551, -1
1455, 728, -1
301, 55, -1
1190, 55, -1
818, 1321, -1
829, 1321, -1
1052, 1207, -1
173, 1455, -1
1052, 551, -1
3, 818, -1
6, 1207, -1
411, 728, -1
6, 551, -1
1807, 340, -1
2150, 1207, -1
2150, 551, -1
411, 1896, -1
301, 1207, -1
301, 551, -1
173, 728, -1
989, 3, -1
818, 505, -1
1207, 1940, -1
55, 1321, -1
1, 1896, -1
989, 1052, -1
989, 588, -1
173, 1807, -1
173, 1523, -1
6, 55, -1
95, 631, -1
1391, 829, -1
551, 1501, -1
301, 1321, -1
1190, 1321, -1
1052, 1321, -1
588, 1321, -1
1391, 2150, -1
95, 55, -1
1391, 301, -1
1391, 989, -1
551, 1541, -1
6, 1321, -1
301, 728, -1
2150, 1321, -1
1391, 1190, -1

1319, 588, 1
1426, 0, 1
1426, 3, 1
1426, 1872, 1
1426, 1128, 1
1663, 1455, 1
1663, 55, 1
1663, 1896, 1
1663, 505, 1
1663, 1807, 1
1663, 829, 1
1663, 551, 1
505, 1807, 1
1896, 1807, 1
1807, 829, 1
55, 551, 1
1872, 0, 1
1872, 3, 1
1807, 551, 1
1896, 55, 1
1128, 0, 1
505, 55, 1
1128, 3, 1
1455, 1807, 1
1896, 1455, 1
505, 1455, 1
829, 551, 1
1896, 829, 1
505, 829, 1
1455, 55, 1
1128, 1872, 1
1896, 551, 1
505, 551, 1
1896, 505, 1
1807, 55, 1
0, 3, 1
1455, 829, 1
55, 829, 1
1455, 551, 1
829, 55, 1
0, 1128, 1
829, 1455, 1
1896, 1663, 1
551, 1807, 1
505, 1663, 1
0, 1872, 1
55, 1807, 1
0, 1426, 1
551, 1663, 1
551, 55, 1
55, 1663, 1
551, 1455, 1
3, 1128, 1
1872, 1426, 1
1807, 1663, 1
55, 1455, 1
551, 829, 1
829, 1807, 1
3, 1872, 1
1128, 1426, 1
1807, 1455, 1
829, 1663, 1
1455, 1663, 1
1455, 505, 1
1872, 1128, 1
1319, 340, -1
1319, 541, -1
1319, 1321, -1
1319, 728, -1
1319, 445, -1
1319, 1391, -1
1319, 498, -1
1319, 631, -1
1319, 1742, -1
1319, 689, -1
1319, 1501, -1
1319, 1523, -1
1319, 1541, -1
1319, 1940, -1
1319, 2150, -1
1319, 0, -1
1319, 3, -1
1319, 1872, -1
1319, 1128, -1
1319, 1, -1
1319, 8, -1
1319, 818, -1
1319, 539, -1
1319, 173, -1
1319, 989, -1
1319, 411, -1
1319, 1207, -1
1319, 6, -1
1319, 95, -1
1319, 1190, -1
1319, 301, -1
1319, 1052, -1
1319, 1455, -1
1319, 55, -1
1319, 1896, -1
1319, 505, -1
1319, 1807, -1
1319, 829, -1
1319, 551, -1
1426, 340, -1
1426, 541, -1
1426, 1321, -1
1426, 728, -1
1426, 445, -1
1426, 1391, -1
1426, 498, -1
1426, 631, -1
1426, 1742, -1
1426, 689, -1
1426, 1501, -1
1426, 1523, -1
1426, 1541, -1
1426, 1940, -1
1426, 2150, -1
1426, 1, -1
1426, 8, -1
1426, 818, -1
1426, 539, -1
1426, 173, -1
1426, 989, -1
1426, 411, -1
1426, 1207, -1
1426, 6, -1
1426, 95, -1
1426, 1190, -1
1426, 301, -1
1426, 1052, -1
1426, 1455, -1
1426, 55, -1
1426, 1896, -1
1426, 505, -1
1426, 1807, -1
1426, 829, -1
1426, 551, -1
1426, 588, -1
1426, 1319, -1
1663, 340, -1
1663, 541, -1
1663, 1321, -1
1663, 728, -1
1663, 445, -1
1663, 1391, -1
1663, 498, -1
1663, 631, -1
1663, 1742, -1
1663, 689, -1
1663, 1501, -1
1663, 1523, -1
1663, 1541, -1
1663, 1940, -1
1663, 2150, -1
1663, 0, -1
1663, 3, -1
1663, 1872, -1
1663, 1128, -1
1663, 1426, -1
1663, 1, -1
1663, 8, -1
1663, 818, -1
1663, 539, -1
1663, 173, -1
1663, 989, -1
1663, 411, -1
1663, 1207, -1
1663, 6, -1
1663, 95, -1
1663, 1190, -1
1663, 301, -1
1663, 1052, -1
1663, 588, -1
1663, 1319, -1
505, 541, -1
3, 541, -1
8, 0, -1
1872, 1742, -1
1807, 301, -1
1523, 551, -1
1128, 1190, -1
1455, 1319, -1
1896, 6, -1
505, 6, -1
1128, 1455, -1
551, 1541, -1
3, 6, -1
1872, 1207, -1
1872, 551, -1
588, 1190, -1
1207, 1455, -1
55, 1391, -1
1940, 551, -1
0, 1541, -1
689, 55, -1
0, 1321, -1
1321, 829, -1
728, 55, -1
1455, 411, -1
55, 2150, -1
1896, 1, -1
55, 173, -1
829, 1391, -1
1455, 1426, -1
1455, 541, -1
1872, 829, -1
1872, 173, -1
1872, 411, -1
1896, 1052, -1
1, 588, -1
505, 1052, -1
1940, 829, -1
3, 1052, -1
0, 498, -1
1455, 6, -1
1807, 1742, -1
1872, 541, -1
631, 1807, -1
1207, 551, -1
0, 1940, -1
1128, 1319, -1
588, 551, -1
498, 1807, -1
1872, 6, -1
1896, 1541, -1
1872, 689, -1
505, 1541, -1
1896, 0, -1
1321, 1807, -1
0, 340, -1
1319, 1663, -1
1807, 1319, -1
1128, 631, -1
1455, 95, -1
1523, 1807, -1
551, 1391, -1
3, 539, -1
340, 551, -1
1128, 505, -1
1872, 1, -1
551, 2150, -1
0, 1391, -1
1207, 505, -1
728, 1455, -1
1896, 498, -1
818, 55, -1
505, 498, -1
3, 498, -1
1872, 1052, -1
631, 588, -1
1896, 1940, -1
1455, 1523, -1
1807, 541, -1
505, 1940, -1
1, 829, -1
1455, 1541, -1
3, 1940, -1
588, 6, -1
498, 588, -1
1807, 6, -1
689, 3, -1
1896, 340, -1
1455, 588, -1
505, 340, -1
728, 3, -1
3, 340, -1
1128, 1807, -1
1872, 1541, -1
829, 1501, -1
1523, 588, -1
8, 55, -1
1128, 989, -1
1128, 95, -1
411, 588, -1
1207, 1807, -1
689, 551, -1
1128, 1663, -1
829, 445, -1
588, 1807, -1
1896, 1391, -1
505, 1391, -1
829, 301, -1
3, 1391, -1
588, 95, -1
588, 1663, -1
1896, 2150, -1
55, 1190, -1
505, 2150, -1
1807, 95, -1
0, 55, -1
498, 551, -1
1128, 1896, -1
1872, 498, -1
340, 1807, -1
829, 1190, -1
1128, 1523, -1
1455, 340, -1
1872, 1940, -1
539, 588, -1
689, 505, -1
411, 551, -1
728, 505, -1
631, 829, -1
588, 1541, -1
1896, 689, -1
1128, 588, -1
551, 445, -1
1807, 1541, -1
498, 829, -1
1872, 340, -1
0, 818, -1
1207, 588, -1
0, 1501, -1
551, 301, -1
1455, 2150, -1
1455, 173, -1
0, 445, -1
1052, 588, -1
1807, 588, -1
1523, 829, -1
0, 301, -1
1872, 1391, -1
0, 539, -1
411, 829, -1
8, 1455, -1
1128, 1742, -1
3, 55, -1
1872, 2150, -1
539, 551, -1
551, 1190, -1
689, 1807, -1
728, 1807, -1
340, 588, -1
588, 1742, -1
1128, 1207, -1
1128, 551, -1
829, 1319, -1
0, 1190, -1
0, 1455, -1
8, 3, -1
728, 1128, -1
1896, 818, -1
3, 989, -1
505, 818, -1
1052, 551, -1
539, 829, -1
3, 818, -1
1896, 1321, -1
3, 1501, -1
728, 1896, -1
505, 445, -1
8, 551, -1
3, 445, -1
1321, 55, -1
1128, 2150, -1
1128, 829, -1
1128, 173, -1
1128, 411, -1
1896, 301, -1
1896, 539, -1
411, 1807, -1
505, 301, -1
505, 539, -1
3, 301, -1
1426, 1663, -1
1207, 829, -1
1455, 1052, -1
588, 2150, -1
588, 829, -1
588, 173, -1
1128, 541, -1
1807, 2150, -1
1052, 829, -1
1872, 55, -1
689, 588, -1
1807, 173, -1
728, 588, -1
551, 1319, -1
1896, 1190, -1
1940, 55, -1
505, 1190, -1
588, 541, -1
3, 1190, -1
1128, 6, -1
1128, 689, -1
0, 1319, -1
3, 1455, -1
55, 989, -1
340, 829, -1
8, 505, -1
55, 1501, -1
539, 1807, -1
818, 1807, -1
55, 445, -1
1455, 539, -1
829, 989, -1
829, 95, -1
1128, 1, -1
1872, 818, -1
0, 631, -1
55, 301, -1
1872, 1321, -1
1872, 445, -1
0, 505, -1
1896, 3, -1
728, 1872, -1
728, 551, -1
505, 3, -1
1455, 498, -1
1872, 301, -1
1872, 539, -1
1128, 1052, -1
1455, 1190, -1
1052, 1807, -1
1321, 1455, -1
3, 1207, -1
1455, 1940, -1
3, 551, -1
8, 1807, -1
505, 1319, -1
3, 1319, -1
1872, 1190, -1
689, 829, -1
728, 829, -1
1, 55, -1
1872, 1455, -1
1128, 1541, -1
1128, 1321, -1
818, 588, -1
551, 989, -1
551, 95, -1
8, 1128, -1
1896, 631, -1
505, 631, -1
0, 1807, -1
551, 1501, -1
1321, 3, -1
3, 631, -1
0, 989, -1
0, 95, -1
1455, 1391, -1
55, 1742, -1
8, 1896, -1
0, 1663, -1
1896, 1426, -1
505, 1426, -1
1128, 498, -1
829, 1742, -1
55, 1319, -1
0, 1896, -1
8, 588, -1
1128, 1940, -1
818, 551, -1
0, 1523, -1
1807, 1190, -1
1872, 1319, -1
1455, 631, -1
1128, 340, -1
1321, 505, -1
631, 55, -1
3, 1807, -1
0, 588, -1
1896, 989, -1
1896, 95, -1
505, 989, -1
505, 95, -1
3, 95, -1
1872, 631, -1
3, 1663, -1
1, 1455, -1
1896, 1501, -1
55, 541, -1
829, 2150, -1
818, 829, -1
1128, 1391, -1
505, 1501, -1
498, 55, -1
829, 173, -1
1896, 445, -1
8, 1872, -1
551, 1742, -1
1896, 1128, -1
1872, 505, -1
588, 1391, -1
55, 6, -1
829, 541, -1
1523, 55, -1
0, 1742, -1
1807, 1391, -1
728, 0, -1
411, 55, -1
1896, 1523, -1
505, 1523, -1
829, 6, -1
3, 1523, -1
0, 1207, -1
1, 3, -1
0, 551, -1
3, 1541, -1
8, 829, -1
1455, 989, -1
1455, 818, -1
1896, 588, -1
55, 95, -1
1, 551, -1
505, 588, -1
1455, 1501, -1
3, 588, -1
1455, 445, -1
1872, 1807, -1
551, 173, -1
689, 1455, -1
1872, 989, -1
1872, 95, -1
1455, 301, -1
539, 55, -1
1940, 1807, -1
1872, 1663, -1
0, 2150, -1
0, 829, -1
0, 173, -1
0, 411, -1
1872, 1501, -1
551, 541, -1
1128, 55, -1
1896, 1742, -1
505, 1742, -1
3, 1742, -1
1207, 55, -1
0, 541, -1
55, 1541, -1
551, 6, -1
588, 55, -1
1872, 1896, -1
1, 505, -1
1896, 1207, -1
1896, 1872, -1
1052, 55, -1
1321, 588, -1
0, 6, -1
1872, 1523, -1
0, 689, -1
1896, 1319, -1
829, 1541, -1
1128, 818, -1
1128, 1501, -1
340, 55, -1
1872, 588, -1
588, 989, -1
1128, 445, -1
631, 551, -1
0, 1, -1
1940, 588, -1
1896, 173, -1
1896, 411, -1
588, 1501, -1
1455, 1742, -1
505, 173, -1
1807, 989, -1
505, 411, -1
1128, 301, -1
3, 2150, -1
3, 829, -1
1128, 539, -1
1455, 3, -1
3, 173, -1
3, 411, -1
588, 445, -1
1807, 1501, -1
1, 1807, -1
1807, 445, -1
588, 301, -1
1321, 551, -1
1896, 541, -1
0, 1052, -1
498, 1319, -1
539, 1455, -1
1, 1663, -1
1321, 1426, -1
689, 1872, -1
989, 1319, -1
1321, 1319, -1
539, 1128, -1
1501, 1896, -1
1541, 1807, -1
689, 1319, -1
1523, 1319, -1
1, 1128, -1
1501, 1807, -1
989, 55, -1
445, 55, -1
505, 1128, -1
1541, 1663, -1
95, 1455, -1
1742, 551, -1
588, 1455, -1
1052, 1663, -1
8, 1426, -1
1501, 1663, -1
551, 631, -1
301, 1807, -1
1391, 55, -1
1190, 1807, -1
498, 1872, -1
1541, 1455, -1
588, 1128, -1
1052, 1455, -1
1501, 1455, -1
551, 1207, -1
3, 1896, -1
1742, 1319, -1
301, 1663, -1
498, 1426, -1
818, 1663, -1
1190, 1663, -1
989, 505, -1
445, 551, -1
2150, 1455, -1
1052, 1128, -1
173, 55, -1
301, 1455, -1
818, 1455, -1
1190, 1455, -1
340, 1663, -1
541, 551, -1
445, 1319, -1
1742, 55, -1
95, 1807, -1
818, 1128, -1
689, 1426, -1
340, 1455, -1
1321, 1663, -1
728, 1426, -1
95, 1663, -1
541, 1319, -1
173, 551, -1
989, 1455, -1
728, 1319, -1
411, 1319, -1
340, 1128, -1
6, 1807, -1
2150, 1807, -1
173, 1319, -1
1321, 1128, -1
1, 1319, -1
6, 1663, -1
541, 55, -1
1523, 1455, -1
2150, 1663, -1
1807, 631, -1
539, 0, -1
631, 1663, -1
989, 1896, -1
8, 1663, -1
6, 1455, -1
1541, 551, -1
818, 3, -1
1807, 1207, -1
1501, 551, -1
1940, 1663, -1
989, 1807, -1
498, 1663, -1
1541, 1319, -1
1940, 1455, -1
539, 1872, -1
989, 1663, -1
1501, 1319, -1
1190, 551, -1
445, 1663, -1
1391, 1807, -1
498, 1455, -1
1940, 1128, -1
539, 1426, -1
1, 1872, -1
445, 1455, -1
498, 1128, -1
539, 1319, -1
1391, 1663, -1
1541, 55, -1
301, 1319, -1
1523, 1663, -1
818, 1319, -1
1190, 1319, -1
689, 1663, -1
505, 1207, -1
505, 1872, -1
1501, 55, -1
1, 1426, -1
728, 1663, -1
411, 1663, -1
55, 631, -1
1391, 1455, -1
2150, 55, -1
340, 1319, -1
1742, 1807, -1
411, 1455, -1
173, 1663, -1
55, 1207, -1
301, 55, -1
1190, 55, -1
689, 1128, -1
1523, 1128, -1
411, 1128, -1
1742, 1663, -1
173, 1455, -1
829, 631, -1
1501, 505, -1
445, 1807, -1
6, 551, -1
2150, 551, -1
1742, 1455, -1
498, 3, -1
829, 1207, -1
1052, 1319, -1
818, 1872, -1
301, 551, -1
541, 1807, -1
6, 1319, -1
95, 55, -1
2150, 1319, -1
818, 1426, -1
8, 1319, -1
541, 1663, -1
173, 1807, -1
539, 1663, -1
989, 551, -1
6, 55, -1
1940, 1319, -1
1321, 1872, -1
1455, 1207, -1
541, 1455, -1
1321, 0, -1
689, 0, -1
505, 0, -1
1207, 1663, -1
631, 1455, -1
1, 0, -1
1391, 551, -1
95, 551, -1

