0, 1105, 1
1637, 1105, -1
0, 1637, -1
1, 1105, -1
1, 0, -1
1, 1637, -1
10, 1105, -1
10, 0, -1
10, 1637, -1
10, 1, -1
1105, 10, -1
0, 10, -1
1105, 1637, -1
1105, 1, -1
0, 1, -1

19, 10, 1
19, 1105, -1
19, 0, -1
19, 1637, -1
19, 1, -1
24, 1105, -1
24, 0, -1
24, 1637, -1
24, 1, -1
24, 10, -1
24, 19, -1
10, 1637, -1
1105, 10, -1
0, 10, -1
1, 10, -1
1105, 19, -1
0, 19, -1
1, 19, -1

119, 10, 1
119, 19, 1
72, 10, 1
72, 19, 1
72, 119, 1
275, 10, 1
275, 19, 1
275, 119, 1
275, 72, 1
10, 275, 1
72, 275, 1
19, 10, 1
19, 119, 1
10, 119, 1
10, 19, 1
19, 275, 1
119, 1105, -1
119, 0, -1
119, 1637, -1
119, 1, -1
119, 24, -1
72, 1105, -1
72, 0, -1
72, 1637, -1
72, 1, -1
72, 24, -1
275, 1105, -1
275, 0, -1
275, 1637, -1
275, 1, -1
275, 24, -1
1637, 119, -1
1, 275, -1
1, 119, -1
0, 72, -1
24, 72, -1
1105, 10, -1
1105, 19, -1
1105, 275, -1
0, 10, -1
19, 1637, -1
0, 19, -1
24, 10, -1
10, 1637, -1
1105, 119, -1
24, 19, -1
0, 275, -1
24, 275, -1
19, 1, -1
0, 119, -1
24, 119, -1
19, 1105, -1
1, 10, -1
1, 19, -1

13, 1105, 1
13, 0, 1
411, 1, 1
1851, 10, 1
1851, 19, 1
1851, 119, 1
1851, 72, 1
1851, 275, 1
275, 10, 1
275, 119, 1
19, 10, 1
275, 19, 1
19, 119, 1
72, 10, 1
0, 1105, 1
72, 119, 1
10, 119, 1
72, 19, 1
275, 72, 1
10, 275, 1
72, 275, 1
0, 13, 1
1105, 13, 1
10, 1851, 1
19, 1851, 1
10, 19, 1
72, 1851, 1
19, 275, 1
275, 1851, 1
13, 1637, -1
13, 1, -1
13, 10, -1
13, 19, -1
13, 119, -1
13, 72, -1
13, 275, -1
13, 24, -1
411, 1105, -1
411, 0, -1
411, 13, -1
411, 1637, -1
411, 10, -1
411, 19, -1
411, 119, -1
411, 72, -1
411, 275, -1
411, 24, -1
1851, 1105, -1
1851, 0, -1
1851, 13, -1
1851, 1637, -1
1851, 1, -1
1851, 411, -1
1851, 24, -1
1637, 119, -1
1105, 1637, -1
0, 411, -1
0, 1851, -1
275, 411, -1
1, 119, -1
72, 411, -1
0, 72, -1
0, 1637, -1
275, 1637, -1
24, 72, -1
1105, 1, -1
1105, 10, -1
19, 411, -1
1105, 19, -1
72, 1637, -1
10, 411, -1
1, 1851, -1
1105, 275, -1
0, 1, -1
275, 1, -1
0, 10, -1
24, 1, -1
19, 1637, -1
0, 19, -1
72, 1, -1
10, 1637, -1
24, 10, -1
275, 13, -1
1105, 119, -1
1, 1637, -1
24, 1105, -1
24, 19, -1
72, 13, -1
275, 1105, -1
0, 275, -1
24, 275, -1
72, 1105, -1
19, 1, -1
0, 119, -1
24, 0, -1
10, 13, -1
24, 119, -1
19, 13, -1
19, 1105, -1
1, 13, -1
1105, 411, -1
1105, 1851, -1
1, 10, -1
72, 0, -1
1105, 72, -1
1, 275, -1
24, 411, -1
24, 13, -1
24, 1851, -1
1, 19, -1

944, 24, 1
464, 1, 1
464, 411, 1
1, 411, 1
944, 1105, -1
944, 0, -1
944, 13, -1
944, 1637, -1
944, 1, -1
944, 411, -1
944, 10, -1
944, 19, -1
944, 119, -1
944, 72, -1
944, 275, -1
944, 1851, -1
464, 1105, -1
464, 0, -1
464, 13, -1
464, 1637, -1
464, 10, -1
464, 19, -1
464, 119, -1
464, 72, -1
464, 275, -1
464, 1851, -1
464, 24, -1
464, 944, -1
1, 275, -1
24, 411, -1
0, 411, -1
275, 411, -1
24, 1851, -1
1, 119, -1
72, 411, -1
24, 72, -1
24, 1637, -1
1105, 1, -1
411, 1637, -1
19, 411, -1
10, 411, -1
1, 1851, -1
411, 944, -1
0, 1, -1
24, 1, -1
24, 10, -1
1, 72, -1
24, 13, -1
24, 19, -1
24, 1105, -1
1, 1637, -1
411, 13, -1
24, 275, -1
1, 944, -1
24, 0, -1
24, 119, -1
944, 464, -1
411, 119, -1
1, 13, -1
1851, 411, -1
1, 10, -1
1105, 411, -1
1, 19, -1
72, 944, -1
24, 464, -1
72, 1, -1
1637, 944, -1
10, 944, -1
72, 464, -1
19, 944, -1
0, 944, -1
275, 944, -1
1851, 944, -1
13, 944, -1
1105, 944, -1
0, 464, -1
0, 24, -1
72, 24, -1

423, 10, 1
423, 19, 1
423, 119, 1
423, 72, 1
423, 275, 1
423, 1851, 1
690, 1105, 1
690, 0, 1
690, 13, 1
10, 275, 1
72, 275, 1
0, 13, 1
275, 119, 1
1851, 119, 1
19, 119, 1
72, 10, 1
275, 1851, 1
0, 1105, 1
72, 119, 1
10, 1851, 1
10, 119, 1
10, 19, 1
19, 1851, 1
1105, 13, 1
72, 1851, 1
72, 19, 1
19, 275, 1
72, 423, 1
1851, 423, 1
275, 10, 1
1851, 10, 1
275, 19, 1
1851, 19, 1
0, 690, 1
19, 423, 1
275, 423, 1
1105, 690, 1
10, 423, 1
275, 72, 1
1851, 275, 1
19, 10, 1
119, 423, 1
19, 72, 1
532, 1105, -1
532, 0, -1
532, 13, -1
532, 1637, -1
532, 1, -1
532, 411, -1
532, 464, -1
532, 10, -1
532, 19, -1
532, 119, -1
532, 72, -1
532, 275, -1
532, 1851, -1
532, 24, -1
532, 944, -1
423, 1105, -1
423, 0, -1
423, 13, -1
423, 1637, -1
423, 1, -1
423, 411, -1
423, 464, -1
423, 24, -1
423, 944, -1
423, 532, -1
690, 1637, -1
690, 1, -1
690, 411, -1
690, 464, -1
690, 10, -1
690, 19, -1
690, 119, -1
690, 72, -1
690, 275, -1
690, 1851, -1
690, 423, -1
690, 24, -1
690, 944, -1
690, 532, -1
1851, 1637, -1
72, 411, -1
0, 1637, -1
24, 72, -1
19, 411, -1
532, 423, -1
72, 532, -1
24, 10, -1
24, 19, -1
72, 13, -1
19, 532, -1
24, 275, -1
0, 119, -1
464, 19, -1
411, 119, -1
464, 275, -1
1, 10, -1
1, 19, -1
464, 119, -1
1, 275, -1
13, 423, -1
0, 423, -1
275, 1637, -1
944, 1851, -1
13, 1637, -1
1105, 1, -1
1105, 10, -1
119, 13, -1
1105, 19, -1
1105, 275, -1
72, 1, -1
72, 1105, -1
944, 13, -1
944, 1105, -1
24, 0, -1
24, 119, -1
13, 119, -1
19, 13, -1
1851, 411, -1
1105, 1637, -1
464, 0, -1
0, 1851, -1
0, 411, -1
1, 119, -1
1851, 532, -1
464, 1851, -1
1851, 13, -1
944, 72, -1
1, 1851, -1
0, 532, -1
10, 1637, -1
1105, 119, -1
411, 13, -1
944, 10, -1
944, 19, -1
464, 13, -1
944, 275, -1
1, 13, -1
1105, 423, -1
119, 1637, -1
275, 411, -1
24, 1851, -1
1105, 532, -1
0, 72, -1
72, 1637, -1
10, 411, -1
464, 72, -1
275, 532, -1
0, 1, -1
0, 10, -1
19, 1637, -1
0, 19, -1
275, 13, -1
24, 13, -1
24, 1105, -1
0, 275, -1
464, 10, -1
72, 690, -1
10, 532, -1
464, 1105, -1
10, 13, -1
1105, 1851, -1
1105, 411, -1
72, 0, -1
944, 0, -1
944, 119, -1
10, 690, -1
1637, 119, -1
1, 423, -1
411, 423, -1
1105, 72, -1
1, 690, -1
13, 1, -1
944, 423, -1
275, 1, -1
944, 690, -1
464, 690, -1
1637, 423, -1
464, 423, -1
275, 1105, -1
275, 690, -1
24, 423, -1
1851, 690, -1
24, 690, -1
19, 1105, -1
19, 690, -1
19, 1, -1
423, 690, -1

1981, 532, 1
971, 1, 1
971, 411, 1
971, 464, 1
14, 24, 1
14, 944, 1
1424, 1105, 1
1424, 0, 1
1424, 13, 1
1424, 690, 1
464, 411, 1
0, 13, 1
1105, 0, 1
944, 24, 1
1105, 13, 1
690, 13, 1
0, 690, 1
464, 1, 1
1, 411, 1
1105, 690, 1
24, 14, 1
464, 971, 1
0, 1424, 1
1105, 1424, 1
690, 1424, 1
944, 14, 1
0, 1105, 1
1, 971, 1
411, 971, 1
24, 944, 1
13, 1424, 1
1981, 1105, -1
1981, 0, -1
1981, 13, -1
1981, 690, -1
1981, 1637, -1
1981, 1, -1
1981, 411, -1
1981, 464, -1
1981, 10, -1
1981, 19, -1
1981, 119, -1
1981, 72, -1
1981, 275, -1
1981, 1851, -1
1981, 423, -1
1981, 24, -1
1981, 944, -1
971, 1105, -1
971, 0, -1
971, 13, -1
971, 690, -1
971, 1637, -1
971, 10, -1
971, 19, -1
971, 119, -1
971, 72, -1
971, 275, -1
971, 1851, -1
971, 423, -1
971, 24, -1
971, 944, -1
971, 532, -1
971, 1981, -1
14, 1105, -1
14, 0, -1
14, 13, -1
14, 690, -1
14, 1637, -1
14, 1, -1
14, 411, -1
14, 464, -1
14, 971, -1
14, 10, -1
14, 19, -1
14, 119, -1
14, 72, -1
14, 275, -1
14, 1851, -1
14, 423, -1
14, 532, -1
14, 1981, -1
1424, 1637, -1
1424, 1, -1
1424, 411, -1
1424, 464, -1
1424, 971, -1
1424, 10, -1
1424, 19, -1
1424, 119, -1
1424, 72, -1
1424, 275, -1
1424, 1851, -1
1424, 423, -1
1424, 24, -1
1424, 944, -1
1424, 14, -1
1424, 532, -1
1424, 1981, -1
19, 464, -1
532, 119, -1
72, 411, -1
0, 14, -1
944, 411, -1
0, 1637, -1
1105, 1981, -1
411, 1637, -1
19, 411, -1
532, 423, -1
464, 1637, -1
275, 1, -1
72, 532, -1
24, 1, -1
690, 1637, -1
944, 532, -1
24, 10, -1
24, 19, -1
1637, 532, -1
72, 13, -1
944, 971, -1
19, 532, -1
0, 464, -1
24, 275, -1
1105, 24, -1
0, 119, -1
944, 690, -1
411, 119, -1
1, 10, -1
1981, 14, -1
464, 119, -1
1105, 72, -1
690, 119, -1
24, 423, -1
0, 423, -1
13, 423, -1
13, 14, -1
411, 423, -1
24, 1637, -1
944, 1851, -1
1105, 1, -1
13, 1637, -1
411, 14, -1
1105, 10, -1
464, 423, -1
1105, 19, -1
0, 944, -1
464, 14, -1
1105, 275, -1
690, 423, -1
1, 423, -1
0, 971, -1
690, 14, -1
72, 1, -1
1, 14, -1
464, 944, -1
1, 1637, -1
944, 1981, -1
275, 464, -1
690, 944, -1
944, 13, -1
24, 464, -1
944, 1105, -1
13, 464, -1
971, 1424, -1
532, 13, -1
464, 690, -1
24, 119, -1
13, 119, -1
19, 13, -1
1851, 411, -1
971, 14, -1
1105, 14, -1
1105, 1637, -1
690, 464, -1
72, 24, -1
24, 411, -1
0, 411, -1
0, 1851, -1
1, 119, -1
1851, 532, -1
464, 1851, -1
1981, 971, -1
1851, 13, -1
690, 411, -1
690, 1851, -1
13, 532, -1
0, 532, -1
24, 532, -1
13, 944, -1
0, 1981, -1
1105, 464, -1
411, 532, -1
411, 1981, -1
24, 971, -1
1105, 119, -1
464, 532, -1
411, 13, -1
944, 1, -1
464, 1981, -1
24, 690, -1
944, 10, -1
944, 19, -1
464, 13, -1
690, 532, -1
1, 532, -1
19, 1, -1
690, 1981, -1
944, 275, -1
1, 13, -1
690, 971, -1
0, 24, -1
1105, 423, -1
1, 690, -1
275, 411, -1
464, 24, -1
24, 1851, -1
1105, 532, -1
1105, 944, -1
0, 72, -1
1851, 1, -1
944, 423, -1
1105, 971, -1
10, 411, -1
944, 1637, -1
532, 14, -1
275, 532, -1
0, 1, -1
72, 944, -1
0, 10, -1
24, 1981, -1
13, 1981, -1
690, 72, -1
0, 19, -1
275, 13, -1
24, 13, -1
24, 1105, -1
0, 275, -1
464, 10, -1
10, 532, -1
690, 275, -1
464, 1105, -1
72, 464, -1
10, 13, -1
690, 10, -1
1, 1981, -1
944, 464, -1
690, 19, -1
1105, 411, -1
1105, 1851, -1
944, 119, -1
1851, 14, -1
464, 0, -1
1, 275, -1
275, 1424, -1
24, 1424, -1
411, 1424, -1
72, 1424, -1
1851, 944, -1
275, 14, -1
944, 1424, -1
464, 1424, -1
1851, 1981, -1
532, 1424, -1
1851, 971, -1
72, 14, -1
19, 1424, -1
10, 1424, -1
275, 944, -1
1, 1424, -1
1637, 14, -1
1, 1851, -1
411, 944, -1
275, 1981, -1
19, 14, -1
275, 971, -1
10, 14, -1
13, 1, -1
13, 971, -1
72, 1981, -1
1637, 944, -1
532, 944, -1
19, 944, -1
72, 971, -1
1637, 1981, -1
10, 944, -1
1637, 971, -1
72, 1105, -1
1, 944, -1
72, 690, -1
532, 971, -1
19, 1981, -1
690, 1, -1
464, 19, -1
19, 971, -1
10, 1981, -1
1851, 1424, -1
24, 0, -1
10, 971, -1
464, 275, -1
72, 0, -1
1, 19, -1
944, 0, -1
1, 0, -1
532, 411, -1
532, 1637, -1
1, 24, -1

1003, 10, 1
1003, 19, 1
1003, 119, 1
1003, 72, 1
1003, 275, 1
1003, 1851, 1
1003, 423, 1
2221, 24, 1
2221, 944, 1
2221, 14, 1
1627, 10, 1
1627, 19, 1
1627, 119, 1
1627, 72, 1
1627, 275, 1
1627, 1851, 1
1627, 423, 1
1627, 1003, 1
2151, 10, 1
2151, 19, 1
2151, 119, 1
2151, 72, 1
2151, 275, 1
2151, 1851, 1
2151, 423, 1
2151, 1003, 1
2151, 1627, 1
1861, 10, 1
1861, 19, 1
1861, 119, 1
1861, 72, 1
1861, 275, 1
1861, 1851, 1
1861, 423, 1
1861, 1003, 1
1861, 1627, 1
1861, 2151, 1
10, 275, 1
19, 2151, 1
275, 1003, 1
19, 1861, 1
10, 2151, 1
19, 119, 1
944, 24, 1
275, 1851, 1
10, 1861, 1
10, 119, 1
72, 1003, 1
72, 1851, 1
275, 423, 1
275, 72, 1
24, 14, 1
72, 423, 1
423, 10, 1
1851, 1627, 1
423, 1627, 1
1851, 10, 1
10, 1003, 1
423, 19, 1
19, 1003, 1
944, 14, 1
10, 1851, 1
19, 1851, 1
19, 423, 1
423, 275, 1
1627, 2151, 1
10, 423, 1
423, 2151, 1
275, 1627, 1
423, 119, 1
275, 10, 1
119, 2151, 1
1851, 2151, 1
1627, 1861, 1
423, 1861, 1
275, 19, 1
1851, 119, 1
72, 10, 1
1851, 1861, 1
72, 1627, 1
119, 1861, 1
72, 19, 1
275, 2151, 1
423, 1003, 1
19, 1627, 1
275, 1861, 1
275, 119, 1
72, 275, 1
19, 10, 1
10, 1627, 1
1003, 2151, 1
119, 1003, 1
1851, 1003, 1
19, 275, 1
423, 1851, 1
72, 119, 1
72, 2151, 1
10, 19, 1
1003, 1861, 1
72, 1861, 1
1851, 423, 1
119, 423, 1
19, 72, 1
24, 2221, 1
1851, 19, 1
14, 944, 1
1851, 275, 1
944, 2221, 1
24, 944, 1
1003, 1105, -1
1003, 0, -1
1003, 13, -1
1003, 690, -1
1003, 1424, -1
1003, 1637, -1
1003, 1, -1
1003, 411, -1
1003, 464, -1
1003, 971, -1
1003, 24, -1
1003, 944, -1
1003, 14, -1
1003, 532, -1
1003, 1981, -1
2221, 1105, -1
2221, 0, -1
2221, 13, -1
2221, 690, -1
2221, 1424, -1
2221, 1637, -1
2221, 1, -1
2221, 411, -1
2221, 464, -1
2221, 971, -1
2221, 10, -1
2221, 19, -1
2221, 119, -1
2221, 72, -1
2221, 275, -1
2221, 1851, -1
2221, 423, -1
2221, 1003, -1
2221, 532, -1
2221, 1981, -1
1627, 1105, -1
1627, 0, -1
1627, 13, -1
1627, 690, -1
1627, 1424, -1
1627, 1637, -1
1627, 1, -1
1627, 411, -1
1627, 464, -1
1627, 971, -1
1627, 24, -1
1627, 944, -1
1627, 14, -1
1627, 2221, -1
1627, 532, -1
1627, 1981, -1
2151, 1105, -1
2151, 0, -1
2151, 13, -1
2151, 690, -1
2151, 1424, -1
2151, 1637, -1
2151, 1, -1
2151, 411, -1
2151, 464, -1
2151, 971, -1
2151, 24, -1
2151, 944, -1
2151, 14, -1
2151, 2221, -1
2151, 532, -1
2151, 1981, -1
1861, 1105, -1
1861, 0, -1
1861, 13, -1
1861, 690, -1
1861, 1424, -1
1861, 1637, -1
1861, 1, -1
1861, 411, -1
1861, 464, -1
1861, 971, -1
1861, 24, -1
1861, 944, -1
1861, 14, -1
1861, 2221, -1
1861, 532, -1
1861, 1981, -1
10, 690, -1
1851, 14, -1
532, 2151, -1
1851, 1637, -1
1424, 1003, -1
532, 119, -1
14, 1981, -1
119, 14, -1
1424, 1851, -1
532, 1861, -1
10, 2221, -1
423, 532, -1
72, 411, -1
0, 14, -1
944, 411, -1
423, 1981, -1
1637, 1003, -1
24, 72, -1
423, 13, -1
423, 971, -1
19, 411, -1
532, 423, -1
275, 1, -1
72, 532, -1
24, 1, -1
944, 532, -1
24, 10, -1
72, 1981, -1
423, 2221, -1
13, 10, -1
24, 19, -1
13, 19, -1
2221, 2151, -1
72, 13, -1
275, 1105, -1
72, 971, -1
944, 1627, -1
944, 971, -1
19, 532, -1
24, 275, -1
13, 275, -1
0, 2151, -1
0, 119, -1
464, 19, -1
944, 690, -1
19, 971, -1
10, 1981, -1
24, 1861, -1
411, 2151, -1
411, 119, -1
464, 275, -1
1, 10, -1
1981, 423, -1
72, 2221, -1
1424, 24, -1
464, 2151, -1
19, 690, -1
1, 19, -1
411, 1861, -1
464, 119, -1
464, 1861, -1
1, 275, -1
690, 2151, -1
19, 2221, -1
690, 119, -1
690, 1861, -1
13, 423, -1
0, 423, -1
1424, 72, -1
24, 423, -1
1, 1861, -1
275, 14, -1
944, 1003, -1
275, 1637, -1
411, 423, -1
13, 14, -1
944, 1851, -1
24, 1637, -1
119, 1981, -1
1851, 971, -1
1105, 10, -1
411, 14, -1
119, 13, -1
464, 423, -1
1105, 19, -1
0, 944, -1
1851, 690, -1
464, 14, -1
1105, 275, -1
690, 423, -1
1424, 10, -1
1, 423, -1
0, 1627, -1
971, 119, -1
1424, 19, -1
1981, 2151, -1
690, 14, -1
72, 1, -1
1981, 119, -1
464, 944, -1
1, 14, -1
1105, 1861, -1
971, 1861, -1
1424, 275, -1
119, 2221, -1
944, 1981, -1
14, 423, -1
72, 1105, -1
944, 13, -1
944, 1105, -1
1424, 1861, -1
19, 1981, -1
24, 2151, -1
13, 2151, -1
13, 119, -1
24, 119, -1
19, 13, -1
19, 1105, -1
1851, 411, -1
971, 423, -1
423, 1637, -1
971, 14, -1
1105, 14, -1
0, 1003, -1
72, 24, -1
24, 411, -1
0, 1851, -1
1, 2151, -1
411, 1003, -1
1424, 14, -1
1, 119, -1
1851, 532, -1
464, 1003, -1
1851, 1981, -1
464, 1851, -1
14, 2151, -1
1851, 13, -1
14, 119, -1
690, 1003, -1
944, 72, -1
1, 1003, -1
690, 1851, -1
1, 1851, -1
24, 532, -1
275, 971, -1
10, 14, -1
24, 1627, -1
1105, 2151, -1
24, 971, -1
10, 1637, -1
971, 2151, -1
13, 1627, -1
1105, 119, -1
1851, 2221, -1
275, 690, -1
944, 1, -1
24, 690, -1
944, 10, -1
1424, 2151, -1
944, 19, -1
464, 1627, -1
1424, 119, -1
971, 1003, -1
19, 1, -1
275, 2221, -1
944, 275, -1
690, 1627, -1
1, 1627, -1
0, 24, -1
1637, 2151, -1
944, 1861, -1
1105, 423, -1
1637, 119, -1
423, 14, -1
119, 1637, -1
24, 1003, -1
13, 1003, -1
275, 411, -1
464, 24, -1
1424, 423, -1
24, 1851, -1
13, 1851, -1
0, 72, -1
944, 423, -1
1105, 1627, -1
72, 14, -1
1637, 423, -1
72, 1637, -1
1424, 944, -1
423, 690, -1
10, 411, -1
464, 72, -1
944, 1637, -1
1637, 14, -1
532, 14, -1
275, 532, -1
1424, 1627, -1
72, 944, -1
19, 14, -1
275, 1981, -1
0, 10, -1
19, 1637, -1
24, 1981, -1
0, 19, -1
275, 13, -1
24, 13, -1
24, 1105, -1
0, 275, -1
464, 10, -1
72, 690, -1
10, 532, -1
690, 275, -1
0, 1861, -1
690, 10, -1
10, 13, -1
423, 411, -1
10, 971, -1
1105, 1003, -1
690, 19, -1
1105, 1851, -1
1003, 2221, -1
944, 2151, -1
944, 119, -1
1637, 2221, -1
464, 2221, -1
532, 2221, -1
971, 944, -1
1981, 944, -1
690, 2221, -1
1, 2221, -1
1851, 944, -1
1105, 944, -1
275, 944, -1
13, 944, -1
411, 944, -1
690, 72, -1
971, 2221, -1
1981, 2221, -1
1105, 2221, -1
1637, 944, -1
532, 944, -1
19, 944, -1
10, 944, -1
690, 944, -1
1, 944, -1
1424, 2221, -1
0, 2221, -1
13, 2221, -1
411, 2221, -1
1981, 14, -1
1105, 24, -1
1, 24, -1

1936, 10, 1
1936, 19, 1
1936, 119, 1
1936, 72, 1
1936, 275, 1
1936, 1851, 1
1936, 423, 1
1936, 1003, 1
1936, 1627, 1
1936, 2151, 1
1936, 1861, 1
2108, 24, 1
2108, 944, 1
2108, 14, 1
2108, 2221, 1
2116, 1, 1
2116, 411, 1
2116, 464, 1
2116, 971, 1
1857, 10, 1
1857, 19, 1
1857, 119, 1
1857, 72, 1
1857, 275, 1
1857, 1851, 1
1857, 423, 1
1857, 1003, 1
1857, 1627, 1
1857, 2151, 1
1857, 1861, 1
1857, 1936, 1
802, 10, 1
802, 19, 1
802, 119, 1
802, 72, 1
802, 275, 1
802, 1851, 1
802, 423, 1
802, 1003, 1
802, 1627, 1
802, 2151, 1
802, 1861, 1
802, 1936, 1
802, 1857, 1
10, 275, 1
72, 802, 1
19, 2151, 1
275, 1003, 1
19, 1861, 1
10, 2151, 1
19, 119, 1
944, 24, 1
275, 1851, 1
10, 1861, 1
2221, 14, 1
10, 119, 1
72, 1003, 1
1861, 2151, 1
1857, 802, 1
72, 1851, 1
1936, 802, 1
1861, 119, 1
275, 423, 1
24, 14, 1
72, 1857, 1
72, 423, 1
1003, 423, 1
1851, 1627, 1
464, 411, 1
10, 1003, 1
1936, 1857, 1
19, 1003, 1
944, 14, 1
10, 1851, 1
19, 1851, 1
19, 423, 1
1, 411, 1
1627, 2151, 1
10, 423, 1
423, 2151, 1
1627, 119, 1
275, 1627, 1
19, 72, 1
1851, 2151, 1
119, 2151, 1
10, 72, 1
1627, 1861, 1
1861, 423, 1
1851, 119, 1
72, 10, 1
1851, 1861, 1
72, 1627, 1
464, 1, 1
72, 19, 1
1627, 1003, 1
275, 2151, 1
1851, 423, 1
464, 971, 1
19, 1627, 1
72, 275, 1
275, 119, 1
275, 1861, 1
1003, 2151, 1
10, 1627, 1
1851, 1003, 1
24, 2221, 1
971, 411, 1
1003, 119, 1
72, 119, 1
72, 2151, 1
1627, 423, 1
10, 19, 1
1003, 1861, 1
72, 1861, 1
1, 971, 1
944, 2221, 1
19, 275, 1
119, 423, 1
944, 2108, 1
1851, 1936, 1
1003, 802, 1
275, 1857, 1
19, 802, 1
275, 72, 1
10, 802, 1
275, 1936, 1
423, 10, 1
1627, 19, 1
2221, 944, 1
423, 1627, 1
1003, 1936, 1
72, 1936, 1
411, 2116, 1
1851, 10, 1
423, 19, 1
1627, 275, 1
1851, 19, 1
464, 2116, 1
2151, 119, 1
1851, 275, 1
971, 2116, 1
1861, 1003, 1
423, 275, 1
423, 119, 1
19, 1936, 1
275, 10, 1
423, 1861, 1
10, 1936, 1
275, 19, 1
1, 2116, 1
1627, 802, 1
423, 802, 1
2151, 1003, 1
1851, 802, 1
423, 1003, 1
1627, 1851, 1
2151, 423, 1
423, 1851, 1
119, 1003, 1
24, 2108, 1
14, 944, 1
1627, 1936, 1
275, 802, 1
19, 10, 1
119, 1861, 1
24, 944, 1
411, 971, 1
1861, 1936, 1
19, 1857, 1
1936, 1105, -1
1936, 0, -1
1936, 13, -1
1936, 690, -1
1936, 1424, -1
1936, 1637, -1
1936, 1, -1
1936, 411, -1
1936, 464, -1
1936, 971, -1
1936, 24, -1
1936, 944, -1
1936, 14, -1
1936, 2221, -1
1936, 532, -1
1936, 1981, -1
2108, 1105, -1
2108, 0, -1
2108, 13, -1
2108, 690, -1
2108, 1424, -1
2108, 1637, -1
2108, 1, -1
2108, 411, -1
2108, 464, -1
2108, 971, -1
2108, 10, -1
2108, 19, -1
2108, 119, -1
2108, 72, -1
2108, 275, -1
2108, 1851, -1
2108, 423, -1
2108, 1003, -1
2108, 1627, -1
2108, 2151, -1
2108, 1861, -1
2108, 1936, -1
2108, 532, -1
2108, 1981, -1
2116, 1105, -1
2116, 0, -1
2116, 13, -1
2116, 690, -1
2116, 1424, -1
2116, 1637, -1
2116, 10, -1
2116, 19, -1
2116, 119, -1
2116, 72, -1
2116, 275, -1
2116, 1851, -1
2116, 423, -1
2116, 1003, -1
2116, 1627, -1
2116, 2151, -1
2116, 1861, -1
2116, 1936, -1
2116, 24, -1
2116, 944, -1
2116, 14, -1
2116, 2221, -1
2116, 2108, -1
2116, 532, -1
2116, 1981, -1
1857, 1105, -1
1857, 0, -1
1857, 13, -1
1857, 690, -1
1857, 1424, -1
1857, 1637, -1
1857, 1, -1
1857, 411, -1
1857, 464, -1
1857, 971, -1
1857, 2116, -1
1857, 24, -1
1857, 944, -1
1857, 14, -1
1857, 2221, -1
1857, 2108, -1
1857, 532, -1
1857, 1981, -1
802, 1105, -1
802, 0, -1
802, 13, -1
802, 690, -1
802, 1424, -1
802, 1637, -1
802, 1, -1
802, 411, -1
802, 464, -1
802, 971, -1
802, 2116, -1
802, 24, -1
802, 944, -1
802, 14, -1
802, 2221, -1
802, 2108, -1
802, 532, -1
802, 1981, -1
1424, 411, -1
72, 411, -1
0, 14, -1
19, 1424, -1
1627, 464, -1
72, 532, -1
119, 464, -1
10, 2116, -1
2221, 2151, -1
944, 690, -1
10, 1981, -1
411, 119, -1
1424, 24, -1
72, 2221, -1
1637, 2221, -1
1424, 1857, -1
690, 1861, -1
0, 1936, -1
275, 1637, -1
1861, 2221, -1
24, 1637, -1
1105, 1, -1
1105, 10, -1
1105, 19, -1
2108, 2116, -1
464, 1936, -1
1424, 1, -1
1105, 275, -1
690, 423, -1
1424, 10, -1
1981, 2151, -1
1424, 19, -1
971, 1861, -1
72, 1, -1
690, 14, -1
1105, 1861, -1
971, 2108, -1
1424, 275, -1
14, 423, -1
275, 464, -1
24, 464, -1
1424, 1861, -1
1861, 1, -1
971, 423, -1
971, 14, -1
1105, 14, -1
411, 1003, -1
1, 2151, -1
1424, 14, -1
944, 1857, -1
2151, 464, -1
275, 944, -1
690, 1851, -1
1936, 2116, -1
275, 971, -1
24, 1627, -1
24, 971, -1
944, 1, -1
944, 10, -1
944, 19, -1
944, 275, -1
944, 1861, -1
1, 690, -1
1105, 1936, -1
72, 1424, -1
24, 1851, -1
1424, 1936, -1
971, 1981, -1
275, 2116, -1
24, 2116, -1
944, 423, -1
971, 13, -1
10, 411, -1
1861, 1424, -1
275, 1981, -1
19, 1637, -1
24, 1981, -1
275, 13, -1
24, 13, -1
24, 1105, -1
10, 532, -1
19, 464, -1
532, 1861, -1
10, 2221, -1
464, 1857, -1
944, 1936, -1
532, 423, -1
464, 1637, -1
0, 464, -1
1627, 411, -1
464, 19, -1
19, 971, -1
411, 2151, -1
1981, 423, -1
1, 10, -1
464, 275, -1
1, 19, -1
1981, 14, -1
464, 1861, -1
1, 275, -1
464, 2108, -1
690, 119, -1
1627, 532, -1
1, 1861, -1
0, 423, -1
1, 2108, -1
464, 423, -1
0, 944, -1
464, 14, -1
0, 1627, -1
1, 423, -1
0, 971, -1
971, 119, -1
19, 2116, -1
1627, 2221, -1
1, 14, -1
464, 944, -1
19, 1981, -1
13, 119, -1
24, 119, -1
19, 13, -1
1851, 411, -1
24, 802, -1
971, 1637, -1
72, 24, -1
24, 411, -1
0, 1851, -1
1627, 1, -1
1851, 532, -1
464, 1851, -1
690, 1003, -1
1, 1851, -1
24, 532, -1
411, 532, -1
1627, 2108, -1
1851, 2221, -1
1424, 464, -1
464, 1981, -1
464, 13, -1
971, 1003, -1
275, 2221, -1
13, 2221, -1
690, 1627, -1
1, 13, -1
690, 971, -1
411, 2221, -1
72, 2108, -1
1105, 423, -1
24, 1003, -1
1424, 423, -1
1003, 411, -1
1851, 1, -1
1105, 1627, -1
1105, 971, -1
72, 14, -1
1637, 423, -1
1424, 944, -1
944, 1637, -1
1637, 14, -1
1424, 1627, -1
72, 944, -1
423, 464, -1
1424, 971, -1
1003, 532, -1
690, 72, -1
1851, 2108, -1
1861, 14, -1
1627, 1424, -1
1861, 944, -1
944, 464, -1
1105, 1851, -1
411, 2108, -1
1003, 2221, -1
72, 0, -1
1851, 14, -1
532, 119, -1
1424, 1851, -1
24, 72, -1
72, 2116, -1
19, 411, -1
2116, 802, -1
1003, 1, -1
72, 1981, -1
72, 13, -1
944, 1627, -1
944, 971, -1
19, 532, -1
0, 119, -1
1851, 1424, -1
1861, 1981, -1
1003, 2108, -1
1861, 13, -1
464, 119, -1
2221, 423, -1
690, 2151, -1
19, 2221, -1
2108, 802, -1
1003, 14, -1
944, 1851, -1
944, 2116, -1
1, 1637, -1
944, 1981, -1
944, 13, -1
944, 1105, -1
0, 2221, -1
13, 2151, -1
24, 2151, -1
10, 1, -1
0, 1003, -1
1003, 1424, -1
10, 2108, -1
464, 1003, -1
690, 802, -1
14, 119, -1
1, 1003, -1
690, 411, -1
10, 14, -1
1105, 119, -1
10, 944, -1
24, 690, -1
1105, 802, -1
464, 1627, -1
1424, 119, -1
1, 1627, -1
1627, 1637, -1
1637, 119, -1
275, 411, -1
690, 2221, -1
971, 532, -1
0, 72, -1
72, 1637, -1
10, 1424, -1
464, 72, -1
690, 1857, -1
275, 532, -1
971, 2221, -1
1105, 2221, -1
1861, 1637, -1
1424, 2221, -1
464, 1105, -1
690, 10, -1
10, 13, -1
72, 464, -1
1105, 1003, -1
1, 1981, -1
690, 19, -1
1627, 14, -1
944, 119, -1
690, 275, -1
532, 2151, -1
1851, 1637, -1
1424, 1003, -1
944, 802, -1
1936, 2108, -1
1627, 944, -1
1861, 464, -1
24, 1857, -1
1627, 971, -1
944, 411, -1
411, 1637, -1
1851, 464, -1
275, 1, -1
24, 1, -1
944, 532, -1
24, 10, -1
24, 19, -1
72, 971, -1
2221, 119, -1
24, 275, -1
0, 2151, -1
24, 1861, -1
275, 2108, -1
411, 1861, -1
1627, 2116, -1
464, 2151, -1
1105, 72, -1
13, 423, -1
24, 423, -1
1424, 72, -1
1851, 944, -1
1627, 1981, -1
275, 14, -1
944, 1003, -1
13, 14, -1
411, 423, -1
1627, 13, -1
1851, 971, -1
1003, 1637, -1
411, 14, -1
690, 1936, -1
1981, 119, -1
72, 1105, -1
1003, 464, -1
464, 690, -1
0, 802, -1
1851, 2116, -1
275, 1424, -1
532, 2221, -1
0, 411, -1
464, 802, -1
1, 119, -1
1851, 1981, -1
1, 802, -1
24, 1936, -1
14, 2151, -1
1851, 13, -1
944, 72, -1
1003, 944, -1
971, 2151, -1
1105, 2151, -1
1981, 2221, -1
10, 1637, -1
411, 1981, -1
1003, 971, -1
411, 13, -1
464, 532, -1
1424, 2151, -1
1, 532, -1
19, 1, -1
0, 24, -1
1637, 2151, -1
464, 2221, -1
10, 464, -1
0, 1857, -1
464, 24, -1
19, 2108, -1
1, 2221, -1
1003, 2116, -1
532, 14, -1
0, 1, -1
19, 14, -1
0, 10, -1
0, 19, -1
1003, 1981, -1
1003, 13, -1
19, 944, -1
0, 275, -1
464, 10, -1
72, 690, -1
0, 1861, -1
10, 971, -1
1105, 411, -1
1424, 802, -1
944, 2151, -1
10, 690, -1
423, 14, -1
411, 802, -1
1105, 2116, -1
532, 2108, -1
14, 971, -1
13, 1003, -1
2221, 2116, -1
971, 944, -1
1981, 944, -1
2151, 1981, -1
13, 1851, -1
423, 532, -1
532, 802, -1
1424, 2116, -1
690, 2108, -1
1105, 944, -1
423, 1981, -1
0, 2116, -1
1637, 1003, -1
14, 464, -1
119, 1981, -1
423, 13, -1
1981, 971, -1
423, 971, -1
411, 1936, -1
423, 690, -1
2221, 971, -1
1851, 690, -1
423, 1637, -1
13, 944, -1
532, 2116, -1
532, 1936, -1
411, 944, -1
2151, 2221, -1
13, 1627, -1
690, 2116, -1
13, 971, -1
13, 10, -1
423, 2221, -1
1637, 944, -1
1, 72, -1
13, 19, -1
1, 1936, -1
423, 2108, -1
119, 2221, -1
1105, 2108, -1
275, 1105, -1
275, 690, -1
532, 944, -1
971, 802, -1
2221, 464, -1
13, 275, -1
690, 944, -1
1637, 971, -1
1, 944, -1
532, 971, -1
14, 2116, -1
1424, 2108, -1
0, 2108, -1
423, 411, -1
19, 1105, -1
2151, 14, -1
13, 802, -1
19, 690, -1
971, 1936, -1
423, 2116, -1
1861, 971, -1
119, 14, -1
119, 1637, -1
119, 13, -1
1105, 24, -1
1, 24, -1
532, 411, -1

2222, 10, 1
2222, 19, 1
2222, 119, 1
2222, 72, 1
2222, 275, 1
2222, 1851, 1
2222, 423, 1
2222, 1003, 1
2222, 1627, 1
2222, 2151, 1
2222, 1861, 1
2222, 1936, 1
2222, 1857, 1
2222, 802, 1
1071, 24, 1
1071, 944, 1
1071, 14, 1
1071, 2221, 1
1071, 2108, 1
886, 10, 1
886, 19, 1
886, 119, 1
886, 72, 1
886, 275, 1
886, 1851, 1
886, 423, 1
886, 1003, 1
886, 1627, 1
886, 2151, 1
886, 1861, 1
886, 1936, 1
886, 1857, 1
886, 802, 1
886, 2222, 1
2120, 10, 1
2120, 19, 1
2120, 119, 1
2120, 72, 1
2120, 275, 1
2120, 1851, 1
2120, 423, 1
2120, 1003, 1
2120, 1627, 1
2120, 2151, 1
2120, 1861, 1
2120, 1936, 1
2120, 1857, 1
2120, 802, 1
2120, 2222, 1
2120, 886, 1
95, 24, 1
95, 944, 1
95, 14, 1
95, 2221, 1
95, 2108, 1
95, 1071, 1
1857, 119, 1
1857, 1861, 1
72, 802, 1
1936, 1861, 1
19, 2151, 1
19, 119, 1
802, 2222, 1
72, 1003, 1
72, 1851, 1
14, 95, 1
1851, 2222, 1
1857, 423, 1
802, 2151, 1
2108, 14, 1
802, 119, 1
802, 1861, 1
1851, 2151, 1
19, 1936, 1
1851, 119, 1
1851, 1861, 1
72, 1627, 1
10, 886, 1
1936, 2222, 1
1627, 1003, 1
2222, 886, 1
19, 1627, 1
275, 1861, 1
802, 423, 1
24, 2108, 1
944, 2221, 1
1851, 423, 1
1936, 2151, 1
1851, 1936, 1
1936, 119, 1
1627, 886, 1
1857, 802, 1
2221, 14, 1
1857, 1003, 1
24, 14, 1
1851, 1627, 1
1857, 1851, 1
19, 1003, 1
19, 1851, 1
1936, 423, 1
275, 2222, 1
72, 886, 1
1003, 2222, 1
10, 72, 1
72, 10, 1
19, 886, 1
802, 1003, 1
1857, 1627, 1
1936, 1627, 1
802, 1851, 1
275, 2151, 1
275, 119, 1
1003, 2151, 1
944, 95, 1
1851, 1003, 1
1861, 886, 1
1003, 119, 1
10, 19, 1
1003, 1861, 1
944, 1071, 1
2108, 2221, 1
10, 275, 1
802, 886, 1
944, 24, 1
10, 1861, 1
1851, 886, 1
275, 423, 1
1936, 802, 1
802, 1627, 1
72, 1857, 1
1003, 423, 1
275, 1936, 1
1936, 1003, 1
1003, 1936, 1
1936, 1851, 1
10, 423, 1
423, 2151, 1
275, 1627, 1
19, 72, 1
2221, 95, 1
1857, 886, 1
1936, 886, 1
72, 19, 1
1857, 10, 1
72, 275, 1
10, 2222, 1
24, 2221, 1
1857, 275, 1
2108, 95, 1
72, 119, 1
72, 1861, 1
19, 275, 1
2108, 1071, 1
944, 2108, 1
275, 1003, 1
19, 1861, 1
10, 2151, 1
275, 1851, 1
10, 119, 1
1861, 2151, 1
802, 10, 1
1627, 2222, 1
1861, 119, 1
802, 19, 1
1861, 2222, 1
72, 423, 1
802, 275, 1
72, 1936, 1
10, 1003, 1
1936, 1857, 1
944, 14, 1
10, 1851, 1
275, 886, 1
19, 423, 1
1627, 2151, 1
1936, 72, 1
1003, 886, 1
1627, 119, 1
1627, 1936, 1
1627, 1861, 1
119, 2151, 1
1861, 423, 1
10, 1936, 1
72, 2222, 1
1861, 1936, 1
1857, 2222, 1
24, 95, 1
1936, 10, 1
19, 2222, 1
24, 1071, 1
1857, 19, 1
1936, 19, 1
10, 1627, 1
1627, 423, 1
72, 2151, 1
1936, 275, 1
1071, 95, 1
1857, 2151, 1
119, 423, 1
1851, 72, 1
1003, 802, 1
72, 2120, 1
275, 1857, 1
1857, 2120, 1
1936, 2120, 1
423, 886, 1
19, 802, 1
1627, 10, 1
10, 802, 1
275, 72, 1
10, 2120, 1
423, 10, 1
423, 2222, 1
1627, 19, 1
2221, 944, 1
423, 1627, 1
14, 1071, 1
1851, 10, 1
1851, 19, 1
1627, 275, 1
423, 19, 1
24, 944, 1
1857, 72, 1
1857, 1936, 1
1851, 275, 1
2151, 119, 1
1861, 1003, 1
423, 275, 1
423, 119, 1
275, 10, 1
802, 2120, 1
423, 1861, 1
275, 19, 1
2221, 1071, 1
1627, 802, 1
423, 802, 1
2151, 1003, 1
1851, 802, 1
423, 1003, 1
1627, 1851, 1
2151, 423, 1
19, 10, 1
423, 1851, 1
119, 1003, 1
802, 72, 1
802, 1936, 1
1627, 72, 1
275, 2120, 1
275, 802, 1
119, 886, 1
119, 2222, 1
2108, 944, 1
2151, 886, 1
1627, 2120, 1
119, 1861, 1
19, 1857, 1
2151, 2222, 1
1851, 2120, 1
19, 2120, 1
2222, 1105, -1
2222, 0, -1
2222, 13, -1
2222, 690, -1
2222, 1424, -1
2222, 1637, -1
2222, 1, -1
2222, 411, -1
2222, 464, -1
2222, 971, -1
2222, 2116, -1
2222, 24, -1
2222, 944, -1
2222, 14, -1
2222, 2221, -1
2222, 2108, -1
2222, 532, -1
2222, 1981, -1
1071, 1105, -1
1071, 0, -1
1071, 13, -1
1071, 690, -1
1071, 1424, -1
1071, 1637, -1
1071, 1, -1
1071, 411, -1
1071, 464, -1
1071, 971, -1
1071, 2116, -1
1071, 10, -1
1071, 19, -1
1071, 119, -1
1071, 72, -1
1071, 275, -1
1071, 1851, -1
1071, 423, -1
1071, 1003, -1
1071, 1627, -1
1071, 2151, -1
1071, 1861, -1
1071, 1936, -1
1071, 1857, -1
1071, 802, -1
1071, 2222, -1
1071, 532, -1
1071, 1981, -1
886, 1105, -1
886, 0, -1
886, 13, -1
886, 690, -1
886, 1424, -1
886, 1637, -1
886, 1, -1
886, 411, -1
886, 464, -1
886, 971, -1
886, 2116, -1
886, 24, -1
886, 944, -1
886, 14, -1
886, 2221, -1
886, 2108, -1
886, 1071, -1
886, 532, -1
886, 1981, -1
2120, 1105, -1
2120, 0, -1
2120, 13, -1
2120, 690, -1
2120, 1424, -1
2120, 1637, -1
2120, 1, -1
2120, 411, -1
2120, 464, -1
2120, 971, -1
2120, 2116, -1
2120, 24, -1
2120, 944, -1
2120, 14, -1
2120, 2221, -1
2120, 2108, -1
2120, 1071, -1
2120, 532, -1
2120, 1981, -1
95, 1105, -1
95, 0, -1
95, 13, -1
95, 690, -1
95, 1424, -1
95, 1637, -1
95, 1, -1
95, 411, -1
95, 464, -1
95, 971, -1
95, 2116, -1
95, 10, -1
95, 19, -1
95, 119, -1
95, 72, -1
95, 275, -1
95, 1851, -1
95, 423, -1
95, 1003, -1
95, 1627, -1
95, 2151, -1
95, 1861, -1
95, 1936, -1
95, 1857, -1
95, 802, -1
95, 2222, -1
95, 886, -1
95, 2120, -1
95, 532, -1
95, 1981, -1
2108, 1861, -1
1, 95, -1
1857, 2108, -1
72, 411, -1
0, 14, -1
2108, 423, -1
19, 1424, -1
1857, 14, -1
1627, 464, -1
1936, 1637, -1
72, 532, -1
971, 1071, -1
119, 464, -1
411, 2222, -1
1105, 1071, -1
10, 2116, -1
1857, 944, -1
2221, 2151, -1
802, 1424, -1
1424, 1071, -1
944, 690, -1
10, 1981, -1
72, 1071, -1
411, 119, -1
1424, 24, -1
72, 2221, -1
1936, 464, -1
1637, 2221, -1
1857, 0, -1
1424, 1857, -1
690, 1861, -1
1861, 1071, -1
690, 2108, -1
0, 1936, -1
275, 1637, -1
1861, 2221, -1
24, 1637, -1
1105, 10, -1
1627, 95, -1
1105, 19, -1
2120, 95, -1
464, 1936, -1
1857, 2116, -1
119, 95, -1
1105, 275, -1
690, 423, -1
1424, 10, -1
1424, 19, -1
1981, 2151, -1
971, 1861, -1
72, 1, -1
690, 14, -1
1105, 1861, -1
971, 2108, -1
1424, 275, -1
1105, 2108, -1
1936, 944, -1
2108, 1981, -1
1857, 1981, -1
14, 423, -1
2108, 13, -1
275, 464, -1
1857, 13, -1
1424, 1861, -1
1936, 971, -1
72, 95, -1
1424, 2108, -1
971, 423, -1
971, 14, -1
1105, 14, -1
1861, 95, -1
411, 1003, -1
1, 2151, -1
1424, 14, -1
944, 1857, -1
2151, 464, -1
690, 1851, -1
275, 944, -1
1851, 95, -1
411, 886, -1
1936, 2116, -1
275, 971, -1
24, 1627, -1
24, 971, -1
423, 2108, -1
944, 1, -1
944, 10, -1
944, 19, -1
1936, 1981, -1
411, 95, -1
1936, 13, -1
944, 275, -1
2116, 2222, -1
944, 1861, -1
423, 14, -1
72, 1424, -1
24, 1851, -1
1424, 1936, -1
275, 2116, -1
2116, 119, -1
24, 2116, -1
944, 423, -1
10, 411, -1
1861, 1424, -1
275, 1981, -1
19, 1637, -1
24, 1981, -1
275, 13, -1
24, 13, -1
24, 1105, -1
1071, 886, -1
10, 532, -1
1003, 95, -1
802, 1637, -1
24, 2120, -1
19, 464, -1
532, 1861, -1
10, 2221, -1
1, 1071, -1
464, 1857, -1
944, 1936, -1
532, 423, -1
2108, 1637, -1
690, 2222, -1
464, 19, -1
1627, 411, -1
19, 971, -1
411, 2151, -1
464, 275, -1
1, 10, -1
1981, 423, -1
802, 14, -1
1857, 464, -1
1, 19, -1
1981, 14, -1
10, 95, -1
464, 1861, -1
1, 275, -1
802, 944, -1
2222, 95, -1
464, 2108, -1
690, 119, -1
1627, 532, -1
1, 1861, -1
0, 423, -1
1, 2108, -1
464, 423, -1
0, 944, -1
464, 14, -1
1627, 1071, -1
0, 1627, -1
1, 423, -1
971, 119, -1
24, 2222, -1
19, 2116, -1
119, 1071, -1
1627, 2221, -1
13, 2222, -1
1, 14, -1
464, 944, -1
119, 2221, -1
1857, 971, -1
19, 1981, -1
13, 119, -1
24, 119, -1
19, 13, -1
1857, 95, -1
1851, 411, -1
802, 2116, -1
24, 802, -1
72, 24, -1
24, 411, -1
0, 1851, -1
802, 1981, -1
802, 13, -1
1851, 532, -1
464, 1851, -1
690, 1003, -1
1, 1851, -1
24, 532, -1
1851, 1071, -1
1627, 2108, -1
1851, 2221, -1
690, 886, -1
971, 1003, -1
275, 2221, -1
1857, 1105, -1
13, 2221, -1
411, 1071, -1
690, 1627, -1
1936, 95, -1
411, 2221, -1
0, 2120, -1
690, 95, -1
72, 2108, -1
1105, 423, -1
24, 1003, -1
1424, 423, -1
2116, 2151, -1
1105, 1627, -1
72, 14, -1
1637, 423, -1
1424, 944, -1
2151, 1071, -1
944, 1637, -1
24, 886, -1
1637, 14, -1
13, 886, -1
1424, 1627, -1
72, 944, -1
423, 464, -1
1003, 532, -1
1851, 2108, -1
1861, 14, -1
275, 95, -1
13, 95, -1
532, 2222, -1
1627, 1424, -1
1861, 944, -1
1003, 1071, -1
1936, 1105, -1
1105, 1851, -1
1003, 2221, -1
411, 2108, -1
72, 0, -1
886, 95, -1
1851, 14, -1
532, 119, -1
1424, 1851, -1
24, 72, -1
72, 2116, -1
19, 411, -1
2151, 95, -1
0, 2222, -1
72, 1981, -1
72, 13, -1
944, 1627, -1
464, 2222, -1
944, 971, -1
19, 532, -1
2108, 2222, -1
0, 119, -1
1857, 690, -1
1851, 1424, -1
1424, 2120, -1
1861, 1981, -1
1003, 2108, -1
1861, 13, -1
464, 119, -1
2108, 119, -1
2221, 423, -1
690, 2151, -1
19, 2221, -1
10, 1071, -1
2222, 1071, -1
2116, 1071, -1
944, 1851, -1
1003, 14, -1
1857, 411, -1
2116, 2221, -1
944, 2116, -1
802, 464, -1
532, 886, -1
1857, 532, -1
944, 1981, -1
944, 13, -1
944, 1105, -1
0, 2221, -1
13, 2151, -1
24, 2151, -1
1936, 690, -1
2116, 886, -1
532, 95, -1
1857, 1071, -1
19, 95, -1
1857, 2221, -1
14, 2222, -1
0, 1003, -1
944, 2120, -1
1857, 24, -1
1003, 1424, -1
2116, 95, -1
10, 2108, -1
802, 971, -1
464, 1003, -1
690, 802, -1
971, 2222, -1
1105, 2222, -1
802, 95, -1
1936, 411, -1
14, 119, -1
1, 1003, -1
0, 886, -1
1424, 2222, -1
10, 14, -1
2108, 886, -1
1105, 119, -1
0, 95, -1
1637, 2222, -1
1857, 1, -1
24, 690, -1
1936, 532, -1
1105, 802, -1
10, 944, -1
464, 1627, -1
1424, 119, -1
1, 1627, -1
1627, 1637, -1
1637, 119, -1
1936, 1071, -1
690, 1071, -1
1936, 2221, -1
275, 411, -1
690, 2221, -1
1936, 24, -1
0, 72, -1
72, 1637, -1
10, 1424, -1
464, 72, -1
275, 532, -1
971, 2221, -1
1105, 2221, -1
944, 2222, -1
1861, 1637, -1
119, 2108, -1
1936, 1, -1
1424, 2221, -1
275, 1071, -1
690, 10, -1
10, 13, -1
72, 464, -1
1105, 1003, -1
690, 19, -1
14, 886, -1
1627, 14, -1
690, 275, -1
944, 119, -1
532, 2151, -1
1851, 1637, -1
1424, 1003, -1
119, 14, -1
944, 802, -1
1936, 2108, -1
1627, 944, -1
464, 2120, -1
24, 1857, -1
971, 886, -1
1861, 464, -1
1105, 886, -1
1627, 971, -1
944, 411, -1
1857, 1424, -1
1424, 886, -1
2221, 2222, -1
971, 95, -1
1936, 14, -1
1105, 95, -1
423, 1071, -1
1851, 464, -1
24, 1, -1
944, 532, -1
24, 10, -1
423, 2221, -1
1637, 886, -1
24, 19, -1
1424, 95, -1
72, 971, -1
2221, 119, -1
24, 275, -1
0, 2151, -1
24, 1861, -1
1637, 95, -1
275, 2108, -1
411, 1861, -1
1627, 2116, -1
464, 2151, -1
2108, 2151, -1
1936, 0, -1
13, 423, -1
24, 423, -1
1424, 72, -1
1627, 1981, -1
1851, 944, -1
275, 14, -1
944, 1003, -1
13, 14, -1
411, 423, -1
1627, 13, -1
1981, 2222, -1
1936, 1424, -1
1851, 971, -1
1003, 1637, -1
411, 14, -1
423, 95, -1
944, 886, -1
1981, 119, -1
72, 1105, -1
802, 411, -1
1003, 464, -1
1, 2222, -1
2151, 14, -1
0, 802, -1
532, 1071, -1
1851, 2116, -1
19, 1071, -1
275, 1424, -1
532, 2221, -1
802, 532, -1
464, 802, -1
1, 119, -1
2221, 886, -1
1851, 1981, -1
24, 1936, -1
1, 802, -1
14, 2151, -1
1851, 13, -1
944, 72, -1
802, 1071, -1
1003, 944, -1
802, 2221, -1
971, 2151, -1
1105, 2151, -1
1981, 2221, -1
10, 1637, -1
1424, 2151, -1
0, 1071, -1
0, 24, -1
1637, 2151, -1
464, 1071, -1
464, 2221, -1
10, 464, -1
532, 2108, -1
0, 1857, -1
464, 24, -1
19, 2108, -1
1, 2221, -1
1981, 886, -1
2116, 1861, -1
1003, 2116, -1
2116, 2108, -1
1857, 1637, -1
532, 14, -1
1981, 95, -1
802, 2108, -1
19, 14, -1
0, 10, -1
0, 19, -1
1003, 1981, -1
464, 886, -1
2116, 423, -1
1003, 13, -1
19, 944, -1
0, 275, -1
464, 10, -1
2116, 14, -1
72, 690, -1
1, 886, -1
0, 1861, -1
0, 2108, -1
10, 971, -1
464, 95, -1
1424, 802, -1
944, 2151, -1
10, 690, -1
1105, 72, -1
411, 802, -1
1105, 1936, -1
13, 1003, -1
2108, 802, -1
971, 944, -1
1981, 944, -1
802, 1, -1
13, 1851, -1
2151, 1981, -1
1003, 411, -1
1627, 1, -1
532, 802, -1
1105, 944, -1
423, 532, -1
690, 2120, -1
423, 1981, -1
1637, 1003, -1
1851, 1, -1
1637, 1071, -1
1, 2120, -1
119, 1981, -1
423, 971, -1
411, 1936, -1
423, 13, -1
423, 690, -1
2108, 2116, -1
2108, 1936, -1
2116, 802, -1
1851, 690, -1
423, 1637, -1
13, 944, -1
411, 944, -1
2151, 2221, -1
532, 1936, -1
275, 1, -1
690, 72, -1
1981, 1071, -1
13, 1627, -1
690, 1936, -1
1003, 1, -1
13, 10, -1
1637, 944, -1
1003, 971, -1
2108, 532, -1
13, 19, -1
1, 72, -1
1, 1936, -1
532, 944, -1
275, 1105, -1
275, 690, -1
971, 802, -1
2116, 1936, -1
13, 275, -1
1105, 2120, -1
690, 944, -1
1, 944, -1
19, 1, -1
13, 1071, -1
10, 1, -1
423, 411, -1
2116, 944, -1
19, 1105, -1
1861, 1, -1
13, 802, -1
19, 690, -1
971, 1936, -1
423, 2116, -1
1861, 971, -1
1105, 24, -1
119, 1637, -1
14, 2116, -1
1, 24, -1
119, 13, -1
2221, 2116, -1
690, 1857, -1

