3, 0, 1
382, 921, -1
0, 921, -1
0, 382, -1
3, 921, -1
3, 382, -1
10, 921, -1
10, 382, -1
10, 0, -1
10, 3, -1
921, 3, -1
0, 10, -1

5, 0, 1
5, 3, 1
0, 3, 1
3, 5, 1
0, 5, 1
5, 921, -1
5, 382, -1
5, 10, -1
1441, 921, -1
1441, 382, -1
1441, 0, -1
1441, 3, -1
1441, 5, -1
1441, 10, -1
0, 1441, -1
0, 10, -1
921, 3, -1
0, 382, -1
0, 921, -1
3, 382, -1
10, 3, -1
10, 5, -1
921, 5, -1

1577, 10, 1
2060, 10, 1
2060, 1577, 1
1096, 0, 1
1096, 3, 1
1096, 5, 1
1119, 1441, 1
1577, 2060, 1
0, 3, 1
10, 2060, 1
0, 5, 1
3, 5, 1
0, 1096, 1
3, 1096, 1
1577, 921, -1
1577, 382, -1
1577, 0, -1
1577, 3, -1
1577, 5, -1
1577, 1441, -1
2060, 921, -1
2060, 382, -1
2060, 0, -1
2060, 3, -1
2060, 5, -1
2060, 1441, -1
1096, 921, -1
1096, 382, -1
1096, 10, -1
1096, 1577, -1
1096, 2060, -1
1096, 1441, -1
1119, 921, -1
1119, 382, -1
1119, 0, -1
1119, 3, -1
1119, 5, -1
1119, 1096, -1
1119, 10, -1
1119, 1577, -1
1119, 2060, -1
1096, 1119, -1
1577, 1096, -1
921, 10, -1
0, 1119, -1
1441, 3, -1
921, 2060, -1
1441, 1577, -1
3, 2060, -1
3, 382, -1
10, 3, -1
5, 382, -1
921, 3, -1
10, 1119, -1
921, 1577, -1
1441, 5, -1
1577, 1119, -1
0, 1441, -1
10, 5, -1
0, 10, -1
0, 2060, -1
0, 382, -1
3, 1119, -1
5, 1119, -1
921, 5, -1
921, 1441, -1
1441, 10, -1
1441, 2060, -1
10, 1441, -1
1441, 382, -1
0, 1577, -1
0, 921, -1
10, 382, -1
2060, 1119, -1
921, 1119, -1
1441, 1096, -1
921, 1096, -1
382, 1119, -1
10, 1096, -1
921, 0, -1
1441, 0, -1

111, 382, 1
2038, 10, 1
2038, 1577, 1
2038, 2060, 1
301, 1441, 1
301, 1119, 1
1441, 1119, 1
1577, 10, 1
10, 2060, 1
1577, 2060, 1
1577, 2038, 1
1441, 301, 1
10, 2038, 1
2060, 2038, 1
111, 921, -1
111, 0, -1
111, 3, -1
111, 5, -1
111, 1096, -1
111, 10, -1
111, 1577, -1
111, 2060, -1
111, 1441, -1
111, 1119, -1
2038, 921, -1
2038, 382, -1
2038, 111, -1
2038, 0, -1
2038, 3, -1
2038, 5, -1
2038, 1096, -1
2038, 1441, -1
2038, 1119, -1
991, 921, -1
991, 382, -1
991, 111, -1
991, 0, -1
991, 3, -1
991, 5, -1
991, 1096, -1
991, 10, -1
991, 1577, -1
991, 2060, -1
991, 2038, -1
991, 1441, -1
991, 1119, -1
301, 921, -1
301, 382, -1
301, 111, -1
301, 0, -1
301, 3, -1
301, 5, -1
301, 1096, -1
301, 10, -1
301, 1577, -1
301, 2060, -1
301, 2038, -1
301, 991, -1
1096, 1119, -1
1577, 382, -1
921, 10, -1
1441, 2038, -1
0, 1119, -1
1441, 3, -1
921, 2060, -1
382, 2038, -1
921, 382, -1
1441, 1577, -1
3, 2060, -1
2060, 301, -1
2060, 5, -1
3, 382, -1
10, 3, -1
5, 382, -1
1441, 991, -1
1577, 3, -1
382, 991, -1
382, 1119, -1
10, 991, -1
10, 1119, -1
921, 1577, -1
2060, 111, -1
1441, 5, -1
1577, 991, -1
1577, 1119, -1
1096, 1441, -1
111, 991, -1
10, 301, -1
0, 1441, -1
10, 5, -1
1096, 10, -1
921, 1119, -1
0, 10, -1
1119, 991, -1
0, 2060, -1
1096, 382, -1
2060, 382, -1
1096, 2060, -1
0, 382, -1
3, 1119, -1
1577, 301, -1
1441, 111, -1
1577, 5, -1
5, 1119, -1
921, 1441, -1
10, 111, -1
1441, 10, -1
1441, 2060, -1
382, 10, -1
1441, 382, -1
1096, 1577, -1
0, 1577, -1
1577, 111, -1
382, 2060, -1
2060, 991, -1
1577, 1441, -1
1119, 111, -1
10, 382, -1
2060, 1119, -1
2038, 991, -1
5, 111, -1
921, 2038, -1
1096, 2038, -1
0, 2038, -1
10, 1441, -1
1096, 301, -1
3, 2038, -1
1096, 111, -1
0, 301, -1
921, 301, -1
0, 111, -1
921, 111, -1
5, 2038, -1
1119, 1577, -1
111, 301, -1
991, 301, -1
3, 301, -1
3, 111, -1

2262, 382, 1
2262, 111, 1
817, 382, 1
817, 111, 1
817, 2262, 1
1015, 382, 1
1015, 111, 1
1015, 2262, 1
1015, 817, 1
382, 111, 1
2262, 1015, 1
111, 382, 1
111, 1015, 1
817, 1015, 1
111, 2262, 1
382, 1015, 1
382, 2262, 1
2262, 921, -1
2262, 0, -1
2262, 3, -1
2262, 5, -1
2262, 1096, -1
2262, 10, -1
2262, 1577, -1
2262, 2060, -1
2262, 2038, -1
2262, 1441, -1
2262, 1119, -1
2262, 301, -1
2262, 991, -1
817, 921, -1
817, 0, -1
817, 3, -1
817, 5, -1
817, 1096, -1
817, 10, -1
817, 1577, -1
817, 2060, -1
817, 2038, -1
817, 1441, -1
817, 1119, -1
817, 301, -1
817, 991, -1
1015, 921, -1
1015, 0, -1
1015, 3, -1
1015, 5, -1
1015, 1096, -1
1015, 10, -1
1015, 1577, -1
1015, 2060, -1
1015, 2038, -1
1015, 1441, -1
1015, 1119, -1
1015, 301, -1
1015, 991, -1
1654, 921, -1
1654, 382, -1
1654, 111, -1
1654, 2262, -1
1654, 817, -1
1654, 1015, -1
1654, 0, -1
1654, 3, -1
1654, 5, -1
1654, 1096, -1
1654, 10, -1
1654, 1577, -1
1654, 2060, -1
1654, 2038, -1
1654, 1441, -1
1654, 1119, -1
1654, 301, -1
1654, 991, -1
0, 817, -1
5, 111, -1
991, 111, -1
1577, 382, -1
2060, 1015, -1
2038, 1015, -1
382, 2038, -1
921, 382, -1
382, 3, -1
1096, 1015, -1
0, 1015, -1
991, 382, -1
3, 382, -1
111, 1654, -1
5, 382, -1
5, 2262, -1
382, 1577, -1
1441, 817, -1
382, 991, -1
2038, 817, -1
111, 2038, -1
382, 1119, -1
1096, 2262, -1
2060, 2262, -1
0, 2262, -1
1441, 1015, -1
1096, 111, -1
2060, 111, -1
2038, 111, -1
0, 111, -1
817, 1654, -1
10, 1015, -1
111, 1577, -1
301, 1015, -1
382, 301, -1
111, 991, -1
1577, 817, -1
382, 5, -1
921, 817, -1
111, 1119, -1
1577, 1015, -1
1096, 382, -1
2038, 382, -1
2060, 382, -1
0, 382, -1
1441, 2262, -1
301, 2262, -1
921, 1015, -1
1441, 111, -1
301, 111, -1
5, 1015, -1
111, 301, -1
3, 1015, -1
10, 2262, -1
111, 5, -1
10, 111, -1
1441, 382, -1
301, 382, -1
1577, 2262, -1
2262, 1654, -1
921, 2262, -1
1577, 111, -1
382, 2060, -1
921, 111, -1
991, 2262, -1
3, 2262, -1
10, 382, -1
382, 1654, -1
3, 111, -1
1096, 817, -1
2038, 2262, -1
1119, 1015, -1
1015, 1654, -1
1119, 111, -1
991, 1015, -1

1805, 382, 1
1805, 111, 1
1805, 2262, 1
1805, 817, 1
1805, 1015, 1
505, 1654, 1
1910, 0, 1
1910, 3, 1
1910, 5, 1
1910, 1096, 1
1210, 382, 1
1210, 111, 1
1210, 2262, 1
1210, 817, 1
1210, 1015, 1
1210, 1805, 1
816, 382, 1
816, 111, 1
816, 2262, 1
816, 817, 1
816, 1015, 1
816, 1805, 1
816, 1210, 1
1693, 382, 1
1693, 111, 1
1693, 2262, 1
1693, 817, 1
1693, 1015, 1
1693, 1805, 1
1693, 1210, 1
1693, 816, 1
1210, 1693, 1
817, 2262, 1
1096, 5, 1
817, 111, 1
0, 5, 1
2262, 1015, 1
817, 382, 1
382, 1015, 1
2262, 111, 1
817, 1693, 1
111, 1015, 1
1805, 1693, 1
382, 2262, 1
3, 5, 1
382, 111, 1
1096, 0, 1
1096, 3, 1
0, 3, 1
817, 1015, 1
817, 1805, 1
817, 1210, 1
816, 1693, 1
1096, 1910, 1
0, 1910, 1
0, 1096, 1
2262, 382, 1
2262, 1693, 1
1015, 111, 1
3, 1910, 1
1015, 382, 1
5, 1910, 1
1015, 1805, 1
1015, 1693, 1
1015, 2262, 1
382, 1693, 1
382, 1805, 1
111, 382, 1
3, 1096, 1
111, 1693, 1
111, 2262, 1
111, 1805, 1
2262, 1805, 1
1805, 921, -1
1805, 0, -1
1805, 3, -1
1805, 5, -1
1805, 1096, -1
1805, 10, -1
1805, 1577, -1
1805, 2060, -1
1805, 2038, -1
1805, 1441, -1
1805, 1119, -1
1805, 301, -1
1805, 991, -1
1805, 1654, -1
505, 921, -1
505, 382, -1
505, 111, -1
505, 2262, -1
505, 817, -1
505, 1015, -1
505, 1805, -1
505, 0, -1
505, 3, -1
505, 5, -1
505, 1096, -1
505, 10, -1
505, 1577, -1
505, 2060, -1
505, 2038, -1
505, 1441, -1
505, 1119, -1
505, 301, -1
505, 991, -1
1910, 921, -1
1910, 382, -1
1910, 111, -1
1910, 2262, -1
1910, 817, -1
1910, 1015, -1
1910, 1805, -1
1910, 10, -1
1910, 1577, -1
1910, 2060, -1
1910, 2038, -1
1910, 1441, -1
1910, 1119, -1
1910, 301, -1
1910, 991, -1
1910, 1654, -1
1910, 505, -1
1210, 921, -1
1210, 0, -1
1210, 3, -1
1210, 5, -1
1210, 1096, -1
1210, 1910, -1
1210, 10, -1
1210, 1577, -1
1210, 2060, -1
1210, 2038, -1
1210, 1441, -1
1210, 1119, -1
1210, 301, -1
1210, 991, -1
1210, 1654, -1
1210, 505, -1
816, 921, -1
816, 0, -1
816, 3, -1
816, 5, -1
816, 1096, -1
816, 1910, -1
816, 10, -1
816, 1577, -1
816, 2060, -1
816, 2038, -1
816, 1441, -1
816, 1119, -1
816, 301, -1
816, 991, -1
816, 1654, -1
816, 505, -1
1693, 921, -1
1693, 0, -1
1693, 3, -1
1693, 5, -1
1693, 1096, -1
1693, 1910, -1
1693, 10, -1
1693, 1577, -1
1693, 2060, -1
1693, 2038, -1
1693, 1441, -1
1693, 1119, -1
1693, 301, -1
1693, 991, -1
1693, 1654, -1
1693, 505, -1
2262, 2038, -1
382, 1910, -1
1441, 1693, -1
382, 2038, -1
921, 382, -1
301, 1693, -1
2262, 991, -1
10, 1693, -1
2262, 1119, -1
3, 1654, -1
1577, 3, -1
505, 1910, -1
382, 991, -1
382, 1119, -1
817, 2060, -1
1654, 1577, -1
1441, 1805, -1
505, 1693, -1
1577, 817, -1
10, 1805, -1
3, 991, -1
1096, 382, -1
1096, 2060, -1
0, 382, -1
1441, 2262, -1
301, 2262, -1
3, 1119, -1
1441, 111, -1
301, 111, -1
1577, 1210, -1
5, 1015, -1
505, 1210, -1
10, 2262, -1
10, 111, -1
2038, 3, -1
1654, 2262, -1
1654, 111, -1
1096, 1577, -1
0, 1577, -1
1096, 921, -1
1441, 1654, -1
301, 1654, -1
0, 921, -1
10, 1654, -1
1577, 382, -1
2060, 1015, -1
2038, 1015, -1
382, 1654, -1
1096, 1015, -1
382, 3, -1
3, 2060, -1
0, 1015, -1
2060, 5, -1
2038, 5, -1
5, 382, -1
1654, 1910, -1
1441, 817, -1
1096, 505, -1
1654, 2038, -1
0, 505, -1
1096, 816, -1
0, 816, -1
921, 1693, -1
1441, 1210, -1
1654, 991, -1
1654, 817, -1
1654, 1119, -1
1577, 1015, -1
2060, 382, -1
1577, 5, -1
921, 1805, -1
2038, 0, -1
1096, 1693, -1
0, 1693, -1
921, 2262, -1
817, 301, -1
921, 111, -1
1441, 3, -1
1096, 301, -1
0, 301, -1
1096, 1805, -1
3, 382, -1
0, 1805, -1
921, 1654, -1
10, 3, -1
1654, 3, -1
1096, 2262, -1
0, 2262, -1
1096, 111, -1
1441, 5, -1
0, 111, -1
817, 1654, -1
10, 1015, -1
5, 1693, -1
111, 991, -1
921, 817, -1
817, 1910, -1
382, 5, -1
111, 1119, -1
10, 5, -1
817, 2038, -1
1654, 5, -1
1096, 1654, -1
0, 1654, -1
921, 1210, -1
3, 1015, -1
817, 991, -1
5, 301, -1
5, 1805, -1
817, 1119, -1
1441, 382, -1
301, 382, -1
2060, 1693, -1
10, 382, -1
5, 2262, -1
1096, 817, -1
1096, 991, -1
0, 991, -1
0, 817, -1
5, 111, -1
1096, 1119, -1
0, 1119, -1
1654, 382, -1
2060, 1805, -1
1096, 1210, -1
0, 1210, -1
817, 10, -1
5, 1654, -1
921, 3, -1
2060, 2262, -1
817, 1096, -1
1577, 1693, -1
1441, 1015, -1
301, 1015, -1
2060, 111, -1
2038, 111, -1
3, 1693, -1
1096, 1441, -1
0, 1441, -1
1805, 1910, -1
1096, 10, -1
2038, 1096, -1
0, 10, -1
0, 2060, -1
817, 3, -1
921, 1015, -1
1654, 1015, -1
5, 991, -1
5, 1119, -1
2060, 1654, -1
1577, 1805, -1
921, 5, -1
3, 301, -1
3, 1805, -1
1015, 991, -1
1015, 1119, -1
1577, 2262, -1
2262, 1654, -1
1577, 111, -1
817, 5, -1
3, 2262, -1
2262, 1910, -1
3, 111, -1
1441, 1910, -1
301, 1910, -1
991, 111, -1
817, 505, -1
1577, 1096, -1
921, 1096, -1
10, 1910, -1
2038, 1805, -1
2038, 1210, -1
991, 382, -1
1577, 1910, -1
921, 1910, -1
2038, 505, -1
2038, 816, -1
2262, 301, -1
2038, 2262, -1
1015, 2060, -1
1654, 1693, -1
2262, 5, -1
3, 2038, -1
5, 2038, -1
1015, 1654, -1
991, 1693, -1
1015, 1910, -1
1441, 505, -1
1015, 2038, -1
1015, 3, -1
2038, 382, -1
1654, 1805, -1
2060, 1910, -1
991, 1015, -1
1577, 505, -1
991, 1805, -1
1441, 1096, -1
921, 505, -1
1096, 2038, -1
0, 2038, -1
2038, 1693, -1
1910, 1693, -1
1015, 301, -1
10, 1096, -1
1015, 5, -1
1119, 111, -1
991, 2262, -1
2038, 817, -1
111, 1910, -1
1805, 505, -1
1577, 0, -1
817, 0, -1
1441, 0, -1
921, 0, -1
111, 2038, -1
1577, 1654, -1
1119, 1015, -1
382, 2060, -1
111, 1654, -1
111, 301, -1
111, 5, -1
382, 301, -1

1856, 382, 1
1856, 111, 1
1856, 2262, 1
1856, 817, 1
1856, 1015, 1
1856, 1805, 1
1856, 1210, 1
1856, 816, 1
1856, 1693, 1
353, 382, 1
353, 111, 1
353, 2262, 1
353, 817, 1
353, 1015, 1
353, 1805, 1
353, 1210, 1
353, 816, 1
353, 1693, 1
353, 1856, 1
2145, 382, 1
2145, 111, 1
2145, 2262, 1
2145, 817, 1
2145, 1015, 1
2145, 1805, 1
2145, 1210, 1
2145, 816, 1
2145, 1693, 1
2145, 1856, 1
2145, 353, 1
1619, 1654, 1
1619, 505, 1
1715, 1441, 1
1715, 1119, 1
1715, 301, 1
1070, 382, 1
1070, 111, 1
1070, 2262, 1
1070, 817, 1
1070, 1015, 1
1070, 1805, 1
1070, 1210, 1
1070, 816, 1
1070, 1693, 1
1070, 1856, 1
1070, 353, 1
1070, 2145, 1
2262, 1693, 1
1693, 2262, 1
1210, 1693, 1
817, 816, 1
817, 2262, 1
816, 817, 1
1693, 111, 1
817, 111, 1
1805, 2262, 1
816, 1070, 1
505, 1654, 1
816, 353, 1
1805, 111, 1
2262, 817, 1
382, 1693, 1
816, 1015, 1
816, 1805, 1
2262, 1070, 1
816, 1210, 1
1441, 1119, 1
301, 1119, 1
1210, 1070, 1
2262, 353, 1
1210, 1015, 1
1693, 382, 1
2262, 1015, 1
1805, 382, 1
817, 382, 1
382, 817, 1
1210, 353, 1
2262, 1805, 1
1441, 301, 1
1210, 1805, 1
382, 1070, 1
1856, 2145, 1
382, 1015, 1
382, 353, 1
816, 2262, 1
816, 111, 1
2145, 1070, 1
382, 1805, 1
1210, 816, 1
111, 817, 1
1210, 2262, 1
2262, 111, 1
817, 1693, 1
353, 1070, 1
111, 1015, 1
1210, 111, 1
1805, 1693, 1
816, 382, 1
382, 2262, 1
382, 111, 1
1856, 1070, 1
816, 2145, 1
1693, 1070, 1
1856, 353, 1
1693, 353, 1
1210, 382, 1
817, 353, 1
1693, 1015, 1
817, 1070, 1
1805, 1015, 1
817, 1015, 1
1805, 1070, 1
1805, 353, 1
817, 1805, 1
817, 1210, 1
816, 1693, 1
816, 1856, 1
1805, 817, 1
2262, 382, 1
1015, 382, 1
1015, 1070, 1
1693, 1805, 1
1210, 1856, 1
505, 1619, 1
1441, 1715, 1
1015, 1693, 1
1015, 1805, 1
1015, 2262, 1
1015, 111, 1
817, 1856, 1
111, 382, 1
111, 1070, 1
111, 1693, 1
111, 2262, 1
111, 1805, 1
1856, 921, -1
1856, 0, -1
1856, 3, -1
1856, 5, -1
1856, 1096, -1
1856, 1910, -1
1856, 10, -1
1856, 1577, -1
1856, 2060, -1
1856, 2038, -1
1856, 1441, -1
1856, 1119, -1
1856, 301, -1
1856, 991, -1
1856, 1654, -1
1856, 505, -1
353, 921, -1
353, 0, -1
353, 3, -1
353, 5, -1
353, 1096, -1
353, 1910, -1
353, 10, -1
353, 1577, -1
353, 2060, -1
353, 2038, -1
353, 1441, -1
353, 1119, -1
353, 301, -1
353, 991, -1
353, 1654, -1
353, 505, -1
2145, 921, -1
2145, 0, -1
2145, 3, -1
2145, 5, -1
2145, 1096, -1
2145, 1910, -1
2145, 10, -1
2145, 1577, -1
2145, 2060, -1
2145, 2038, -1
2145, 1441, -1
2145, 1119, -1
2145, 301, -1
2145, 991, -1
2145, 1654, -1
2145, 505, -1
1619, 921, -1
1619, 382, -1
1619, 111, -1
1619, 2262, -1
1619, 817, -1
1619, 1015, -1
1619, 1805, -1
1619, 1210, -1
1619, 816, -1
1619, 1693, -1
1619, 1856, -1
1619, 353, -1
1619, 2145, -1
1619, 0, -1
1619, 3, -1
1619, 5, -1
1619, 1096, -1
1619, 1910, -1
1619, 10, -1
1619, 1577, -1
1619, 2060, -1
1619, 2038, -1
1619, 1441, -1
1619, 1119, -1
1619, 301, -1
1619, 991, -1
1715, 921, -1
1715, 382, -1
1715, 111, -1
1715, 2262, -1
1715, 817, -1
1715, 1015, -1
1715, 1805, -1
1715, 1210, -1
1715, 816, -1
1715, 1693, -1
1715, 1856, -1
1715, 353, -1
1715, 2145, -1
1715, 0, -1
1715, 3, -1
1715, 5, -1
1715, 1096, -1
1715, 1910, -1
1715, 10, -1
1715, 1577, -1
1715, 2060, -1
1715, 2038, -1
1715, 991, -1
1715, 1654, -1
1715, 505, -1
1715, 1619, -1
1070, 921, -1
1070, 0, -1
1070, 3, -1
1070, 5, -1
1070, 1096, -1
1070, 1910, -1
1070, 10, -1
1070, 1577, -1
1070, 2060, -1
1070, 2038, -1
1070, 1441, -1
1070, 1119, -1
1070, 301, -1
1070, 1715, -1
1070, 991, -1
1070, 1654, -1
1070, 505, -1
1070, 1619, -1
2262, 2038, -1
2038, 1119, -1
382, 1910, -1
0, 1070, -1
2038, 353, -1
1441, 1693, -1
382, 2038, -1
921, 382, -1
301, 1693, -1
1210, 1577, -1
1210, 921, -1
1910, 1015, -1
2038, 1210, -1
2262, 991, -1
10, 1693, -1
816, 301, -1
2262, 1119, -1
3, 1654, -1
505, 1910, -1
382, 991, -1
505, 2038, -1
382, 1119, -1
817, 2060, -1
1441, 1805, -1
301, 1805, -1
505, 1693, -1
1577, 817, -1
505, 991, -1
505, 817, -1
10, 1805, -1
1210, 505, -1
1619, 1070, -1
10, 301, -1
2145, 1619, -1
505, 1119, -1
382, 301, -1
1096, 382, -1
1577, 353, -1
505, 353, -1
0, 382, -1
1441, 2262, -1
301, 2262, -1
816, 1096, -1
817, 1577, -1
1441, 111, -1
301, 111, -1
817, 921, -1
1577, 1210, -1
3, 1119, -1
5, 1015, -1
505, 1210, -1
5, 1070, -1
10, 2262, -1
10, 111, -1
816, 1654, -1
921, 505, -1
1715, 1070, -1
1856, 1619, -1
1654, 2262, -1
816, 1910, -1
1654, 111, -1
1693, 301, -1
1910, 1693, -1
816, 2038, -1
1441, 1654, -1
301, 1654, -1
1210, 2038, -1
505, 1441, -1
1441, 1910, -1
301, 1910, -1
10, 1654, -1
817, 505, -1
1577, 382, -1
505, 10, -1
1441, 2038, -1
2060, 1015, -1
2038, 1015, -1
3, 1441, -1
816, 991, -1
382, 1654, -1
301, 2038, -1
2145, 1715, -1
1096, 1015, -1
382, 3, -1
816, 1119, -1
0, 1015, -1
1096, 1070, -1
505, 1715, -1
1910, 1805, -1
5, 382, -1
1210, 1119, -1
1654, 1910, -1
1441, 991, -1
1441, 817, -1
301, 991, -1
1096, 505, -1
1654, 2038, -1
0, 505, -1
2038, 816, -1
1441, 353, -1
1096, 816, -1
0, 816, -1
1210, 301, -1
921, 1693, -1
1856, 1715, -1
1693, 1654, -1
10, 1119, -1
2262, 5, -1
1441, 1210, -1
1910, 2262, -1
1910, 111, -1
111, 1577, -1
1654, 991, -1
1096, 1856, -1
382, 1619, -1
2038, 1856, -1
0, 1856, -1
1693, 1910, -1
1654, 1119, -1
921, 1119, -1
1693, 2038, -1
1577, 1070, -1
1577, 1015, -1
2060, 382, -1
816, 1441, -1
2038, 382, -1
816, 10, -1
3, 1070, -1
1119, 1015, -1
816, 2060, -1
921, 301, -1
505, 5, -1
921, 1805, -1
1693, 991, -1
1577, 505, -1
816, 1715, -1
1693, 1119, -1
1210, 1096, -1
1441, 10, -1
1441, 2060, -1
1096, 1693, -1
0, 1693, -1
921, 2262, -1
817, 301, -1
1210, 1654, -1
382, 2060, -1
921, 111, -1
816, 3, -1
921, 1441, -1
1805, 5, -1
1210, 1910, -1
382, 1715, -1
1805, 505, -1
1910, 1119, -1
2262, 1577, -1
505, 382, -1
505, 2060, -1
1096, 301, -1
1096, 1805, -1
0, 301, -1
3, 382, -1
0, 1805, -1
921, 1654, -1
1210, 991, -1
816, 1619, -1
816, 5, -1
1441, 1070, -1
301, 1070, -1
1210, 1619, -1
1096, 2262, -1
0, 2262, -1
1096, 111, -1
1441, 1619, -1
1441, 5, -1
0, 111, -1
817, 1654, -1
10, 1015, -1
301, 5, -1
10, 1070, -1
5, 1693, -1
111, 991, -1
921, 817, -1
817, 1910, -1
382, 5, -1
111, 1119, -1
817, 2038, -1
921, 353, -1
505, 1070, -1
505, 1015, -1
1096, 1654, -1
353, 1619, -1
1805, 1577, -1
1015, 1577, -1
921, 1210, -1
3, 1015, -1
0, 1654, -1
1210, 1441, -1
817, 991, -1
1210, 10, -1
817, 1119, -1
1210, 2060, -1
1441, 382, -1
301, 382, -1
2060, 1693, -1
3, 505, -1
2038, 1693, -1
816, 0, -1
1210, 1715, -1
1693, 5, -1
1119, 111, -1
10, 382, -1
2060, 1119, -1
5, 2262, -1
816, 1577, -1
1096, 817, -1
816, 921, -1
0, 817, -1
5, 111, -1
1096, 1119, -1
0, 1119, -1
1210, 3, -1
1654, 382, -1
1096, 353, -1
1619, 1715, -1
2262, 301, -1
0, 353, -1
1577, 1654, -1
2060, 301, -1
2060, 1805, -1
2038, 1805, -1
1096, 1210, -1
0, 1210, -1
353, 1715, -1
382, 1577, -1
817, 1441, -1
817, 10, -1
5, 1654, -1
817, 1096, -1
2060, 2262, -1
1577, 1693, -1
2038, 2262, -1
1441, 1015, -1
301, 1015, -1
2060, 111, -1
2038, 111, -1
1210, 5, -1
817, 1715, -1
1805, 1654, -1
816, 505, -1
3, 1693, -1
1096, 1441, -1
1577, 1119, -1
0, 1441, -1
1805, 1910, -1
1119, 991, -1
1441, 505, -1
1805, 2038, -1
817, 3, -1
1654, 1070, -1
921, 1015, -1
1654, 1015, -1
1693, 1577, -1
921, 1070, -1
1577, 301, -1
1910, 382, -1
505, 301, -1
1577, 1805, -1
2060, 1654, -1
505, 1805, -1
5, 1119, -1
2038, 2145, -1
3, 301, -1
3, 1805, -1
1015, 991, -1
1805, 991, -1
0, 2145, -1
1096, 2145, -1
1805, 1119, -1
1015, 1119, -1
1654, 1693, -1
1805, 301, -1
1577, 2262, -1
2262, 1654, -1
505, 2262, -1
1577, 111, -1
817, 1619, -1
505, 111, -1
817, 5, -1
1577, 1441, -1
3, 2262, -1
1654, 1805, -1
2060, 1070, -1
2262, 1910, -1
3, 111, -1
2038, 817, -1
10, 1715, -1
991, 111, -1
1910, 817, -1
2038, 1070, -1
1441, 3, -1
2060, 353, -1
2038, 1619, -1
1910, 1070, -1
1910, 353, -1
1096, 1619, -1
1577, 1715, -1
0, 1619, -1
991, 382, -1
921, 1715, -1
1910, 1619, -1
991, 1715, -1
3, 1715, -1
301, 817, -1
2038, 505, -1
5, 1715, -1
2060, 817, -1
505, 3, -1
301, 353, -1
10, 817, -1
1805, 2060, -1
1015, 2060, -1
1015, 1715, -1
1015, 1654, -1
10, 353, -1
10, 1619, -1
1805, 1715, -1
1654, 817, -1
991, 1693, -1
1119, 817, -1
1015, 1910, -1
301, 505, -1
1654, 353, -1
1015, 2038, -1
1805, 3, -1
1015, 3, -1
3, 817, -1
1577, 1619, -1
5, 817, -1
921, 1619, -1
1096, 1715, -1
1441, 1856, -1
3, 353, -1
0, 1715, -1
991, 1070, -1
111, 301, -1
5, 353, -1
991, 301, -1
991, 1015, -1
991, 1805, -1
10, 1856, -1
5, 1805, -1
1015, 301, -1
1805, 1619, -1
1015, 1619, -1
1577, 1856, -1
1015, 5, -1
991, 2262, -1
921, 1856, -1
505, 1856, -1
111, 1910, -1
1577, 816, -1
111, 2038, -1
921, 816, -1
1441, 816, -1
505, 816, -1
10, 816, -1
111, 1654, -1
111, 5, -1

600, 382, 1
600, 111, 1
600, 2262, 1
600, 817, 1
600, 1015, 1
600, 1805, 1
600, 1210, 1
600, 816, 1
600, 1693, 1
600, 1856, 1
600, 353, 1
600, 2145, 1
600, 1070, 1
1633, 382, 1
1633, 111, 1
1633, 2262, 1
1633, 817, 1
1633, 1015, 1
1633, 1805, 1
1633, 1210, 1
1633, 816, 1
1633, 1693, 1
1633, 1856, 1
1633, 353, 1
1633, 2145, 1
1633, 1070, 1
1633, 600, 1
615, 1654, 1
615, 505, 1
615, 1619, 1
714, 10, 1
714, 1577, 1
714, 2060, 1
714, 2038, 1
1929, 382, 1
1929, 111, 1
1929, 2262, 1
1929, 817, 1
1929, 1015, 1
1929, 1805, 1
1929, 1210, 1
1929, 816, 1
1929, 1693, 1
1929, 1856, 1
1929, 353, 1
1929, 2145, 1
1929, 1070, 1
1929, 600, 1
1929, 1633, 1
2035, 382, 1
2035, 111, 1
2035, 2262, 1
2035, 817, 1
2035, 1015, 1
2035, 1805, 1
2035, 1210, 1
2035, 816, 1
2035, 1693, 1
2035, 1856, 1
2035, 353, 1
2035, 2145, 1
2035, 1070, 1
2035, 600, 1
2035, 1633, 1
2035, 1929, 1
1623, 382, 1
1623, 111, 1
1623, 2262, 1
1623, 817, 1
1623, 1015, 1
1623, 1805, 1
1623, 1210, 1
1623, 816, 1
1623, 1693, 1
1623, 1856, 1
1623, 353, 1
1623, 2145, 1
1623, 1070, 1
1623, 600, 1
1623, 1633, 1
1623, 1929, 1
1623, 2035, 1
1210, 1623, 1
600, 2035, 1
1856, 2262, 1
111, 382, 1
1856, 111, 1
353, 382, 1
1805, 2262, 1
2145, 2035, 1
505, 1654, 1
1015, 2262, 1
1805, 111, 1
2262, 817, 1
1015, 111, 1
1856, 1633, 1
816, 1805, 1
2262, 353, 1
1929, 1623, 1
1015, 1633, 1
1805, 1633, 1
817, 382, 1
353, 1623, 1
1856, 2145, 1
2145, 817, 1
1856, 2035, 1
816, 2262, 1
816, 111, 1
1015, 2035, 1
2145, 353, 1
817, 1623, 1
111, 1070, 1
2145, 1210, 1
111, 1015, 1
382, 2262, 1
1856, 817, 1
382, 111, 1
2262, 1633, 1
816, 2145, 1
1856, 353, 1
382, 1633, 1
817, 1070, 1
817, 1015, 1
1805, 353, 1
1856, 1210, 1
2145, 382, 1
1577, 2060, 1
1693, 2262, 1
1210, 1693, 1
817, 816, 1
816, 817, 1
1693, 111, 1
600, 1623, 1
1070, 111, 1
10, 2038, 1
816, 353, 1
2145, 1623, 1
817, 1856, 1
2262, 1070, 1
1856, 382, 1
816, 1210, 1
1805, 382, 1
382, 817, 1
1015, 382, 1
111, 1623, 1
1210, 1805, 1
353, 1693, 1
382, 353, 1
1856, 1623, 1
2145, 1070, 1
2145, 1015, 1
1805, 1623, 1
1015, 1623, 1
1210, 2262, 1
817, 1693, 1
1210, 111, 1
816, 1633, 1
505, 1619, 1
353, 1805, 1
1210, 1633, 1
2145, 816, 1
1856, 1070, 1
1856, 1015, 1
1693, 353, 1
600, 1929, 1
1805, 1070, 1
2145, 1856, 1
1805, 1015, 1
816, 2035, 1
1015, 1070, 1
817, 1805, 1
10, 2060, 1
353, 2262, 1
2145, 1929, 1
353, 111, 1
2262, 1623, 1
1856, 816, 1
353, 1633, 1
1619, 1654, 1
817, 2262, 1
382, 1623, 1
817, 111, 1
816, 1070, 1
1856, 1929, 1
1693, 1633, 1
1070, 1633, 1
1210, 353, 1
2262, 1015, 1
382, 1070, 1
111, 1693, 1
382, 1015, 1
816, 1856, 1
353, 817, 1
816, 382, 1
111, 1805, 1
353, 1210, 1
2060, 2038, 1
1633, 2035, 1
1693, 1070, 1
600, 1633, 1
817, 353, 1
1015, 1805, 1
816, 1623, 1
817, 1210, 1
111, 2262, 1
1210, 2035, 1
111, 1633, 1
2035, 1623, 1
816, 1015, 1
1577, 2038, 1
1929, 2035, 1
1210, 1070, 1
2145, 1693, 1
1210, 1015, 1
817, 1633, 1
1693, 382, 1
353, 2035, 1
2145, 1633, 1
817, 2035, 1
1210, 816, 1
1693, 1623, 1
111, 817, 1
1856, 1693, 1
1070, 1623, 1
2262, 111, 1
2145, 1805, 1
353, 1070, 1
816, 1929, 1
353, 1015, 1
1805, 1693, 1
1210, 1856, 1
1015, 1693, 1
1633, 1623, 1
2145, 2262, 1
1210, 382, 1
2145, 111, 1
1693, 1015, 1
1070, 1015, 1
1856, 1805, 1
816, 1693, 1
1577, 10, 1
353, 1929, 1
2262, 1693, 1
1070, 816, 1
1070, 2262, 1
382, 1693, 1
1577, 714, 1
1070, 1856, 1
816, 600, 1
1210, 817, 1
817, 1929, 1
1070, 1929, 1
1070, 382, 1
2262, 1805, 1
1210, 600, 1
1070, 2145, 1
1633, 1929, 1
2145, 600, 1
1070, 2035, 1
1619, 615, 1
1070, 1693, 1
1654, 615, 1
353, 600, 1
1210, 1929, 1
1693, 817, 1
505, 615, 1
1070, 817, 1
1805, 817, 1
2262, 382, 1
1856, 600, 1
1070, 353, 1
353, 816, 1
817, 600, 1
1070, 600, 1
1070, 1805, 1
1070, 1210, 1
353, 1856, 1
382, 2035, 1
382, 1805, 1
1693, 1805, 1
1805, 2035, 1
600, 921, -1
600, 0, -1
600, 3, -1
600, 5, -1
600, 1096, -1
600, 1910, -1
600, 10, -1
600, 1577, -1
600, 2060, -1
600, 2038, -1
600, 1441, -1
600, 1119, -1
600, 301, -1
600, 1715, -1
600, 991, -1
600, 1654, -1
600, 505, -1
600, 1619, -1
1633, 921, -1
1633, 0, -1
1633, 3, -1
1633, 5, -1
1633, 1096, -1
1633, 1910, -1
1633, 10, -1
1633, 1577, -1
1633, 2060, -1
1633, 2038, -1
1633, 1441, -1
1633, 1119, -1
1633, 301, -1
1633, 1715, -1
1633, 991, -1
1633, 1654, -1
1633, 505, -1
1633, 1619, -1
615, 921, -1
615, 382, -1
615, 111, -1
615, 2262, -1
615, 817, -1
615, 1015, -1
615, 1805, -1
615, 1210, -1
615, 816, -1
615, 1693, -1
615, 1856, -1
615, 353, -1
615, 2145, -1
615, 1070, -1
615, 600, -1
615, 1633, -1
615, 0, -1
615, 3, -1
615, 5, -1
615, 1096, -1
615, 1910, -1
615, 10, -1
615, 1577, -1
615, 2060, -1
615, 2038, -1
615, 1441, -1
615, 1119, -1
615, 301, -1
615, 1715, -1
615, 991, -1
714, 921, -1
714, 382, -1
714, 111, -1
714, 2262, -1
714, 817, -1
714, 1015, -1
714, 1805, -1
714, 1210, -1
714, 816, -1
714, 1693, -1
714, 1856, -1
714, 353, -1
714, 2145, -1
714, 1070, -1
714, 600, -1
714, 1633, -1
714, 0, -1
714, 3, -1
714, 5, -1
714, 1096, -1
714, 1910, -1
714, 1441, -1
714, 1119, -1
714, 301, -1
714, 1715, -1
714, 991, -1
714, 1654, -1
714, 505, -1
714, 1619, -1
714, 615, -1
1929, 921, -1
1929, 0, -1
1929, 3, -1
1929, 5, -1
1929, 1096, -1
1929, 1910, -1
1929, 10, -1
1929, 1577, -1
1929, 2060, -1
1929, 2038, -1
1929, 714, -1
1929, 1441, -1
1929, 1119, -1
1929, 301, -1
1929, 1715, -1
1929, 991, -1
1929, 1654, -1
1929, 505, -1
1929, 1619, -1
1929, 615, -1
2035, 921, -1
2035, 0, -1
2035, 3, -1
2035, 5, -1
2035, 1096, -1
2035, 1910, -1
2035, 10, -1
2035, 1577, -1
2035, 2060, -1
2035, 2038, -1
2035, 714, -1
2035, 1441, -1
2035, 1119, -1
2035, 301, -1
2035, 1715, -1
2035, 991, -1
2035, 1654, -1
2035, 505, -1
2035, 1619, -1
2035, 615, -1
1623, 921, -1
1623, 0, -1
1623, 3, -1
1623, 5, -1
1623, 1096, -1
1623, 1910, -1
1623, 10, -1
1623, 1577, -1
1623, 2060, -1
1623, 2038, -1
1623, 714, -1
1623, 1441, -1
1623, 1119, -1
1623, 301, -1
1623, 1715, -1
1623, 991, -1
1623, 1654, -1
1623, 505, -1
1623, 1619, -1
1623, 615, -1
921, 1929, -1
1619, 2060, -1
2038, 1119, -1
0, 1070, -1
382, 2038, -1
1096, 1619, -1
2145, 714, -1
2262, 1119, -1
1856, 1096, -1
3, 2145, -1
382, 991, -1
1715, 2060, -1
921, 1623, -1
817, 2060, -1
1856, 714, -1
10, 301, -1
0, 382, -1
505, 1210, -1
3, 1210, -1
1096, 1623, -1
353, 505, -1
0, 1577, -1
1441, 1654, -1
301, 1654, -1
991, 2262, -1
1015, 5, -1
817, 505, -1
1577, 382, -1
505, 10, -1
2060, 1015, -1
2038, 1015, -1
1096, 1070, -1
2145, 1715, -1
0, 1015, -1
2060, 615, -1
2038, 615, -1
1210, 1119, -1
1654, 1910, -1
1210, 301, -1
1856, 1715, -1
5, 1623, -1
1096, 1856, -1
1654, 1119, -1
1715, 1623, -1
1577, 1015, -1
816, 10, -1
3, 1070, -1
505, 5, -1
1577, 615, -1
1210, 1096, -1
0, 1693, -1
1210, 714, -1
3, 1856, -1
1015, 615, -1
10, 1715, -1
1805, 505, -1
1441, 2035, -1
505, 382, -1
3, 382, -1
0, 1805, -1
111, 1654, -1
1619, 1910, -1
10, 3, -1
353, 1654, -1
816, 5, -1
111, 1910, -1
0, 111, -1
817, 1654, -1
1619, 1119, -1
921, 817, -1
817, 1910, -1
111, 1119, -1
505, 1015, -1
111, 301, -1
3, 1015, -1
1210, 1441, -1
817, 1119, -1
0, 2038, -1
816, 0, -1
1210, 1715, -1
2060, 991, -1
816, 1577, -1
1096, 817, -1
816, 921, -1
1210, 3, -1
0, 353, -1
0, 600, -1
991, 382, -1
1619, 2035, -1
382, 1577, -1
817, 1096, -1
2060, 2262, -1
2038, 2262, -1
1805, 1654, -1
3, 1693, -1
1577, 991, -1
1805, 1910, -1
817, 714, -1
1015, 2038, -1
0, 1633, -1
0, 2060, -1
1070, 1577, -1
505, 1805, -1
991, 1015, -1
3, 1805, -1
1015, 991, -1
353, 615, -1
0, 2145, -1
1805, 1119, -1
1577, 2262, -1
10, 1929, -1
505, 111, -1
2145, 10, -1
1805, 301, -1
3, 111, -1
1577, 1633, -1
1070, 615, -1
714, 1929, -1
1910, 1015, -1
0, 1619, -1
1856, 10, -1
505, 2038, -1
3, 2038, -1
505, 991, -1
1210, 505, -1
1577, 1619, -1
505, 353, -1
1441, 2262, -1
301, 2262, -1
1096, 2060, -1
3, 353, -1
1577, 1210, -1
3, 600, -1
991, 1805, -1
921, 505, -1
1654, 2262, -1
0, 1623, -1
816, 2038, -1
1015, 1619, -1
10, 1654, -1
2060, 1070, -1
2038, 1070, -1
505, 1633, -1
816, 991, -1
10, 1910, -1
3, 2060, -1
3, 1633, -1
2060, 5, -1
1096, 505, -1
1577, 1623, -1
353, 2038, -1
10, 1119, -1
1693, 1654, -1
1441, 1210, -1
1910, 111, -1
1805, 1715, -1
0, 1856, -1
1693, 1910, -1
353, 991, -1
1096, 1929, -1
1577, 1070, -1
1070, 2038, -1
2060, 382, -1
2038, 382, -1
2145, 615, -1
816, 2060, -1
1577, 5, -1
1070, 991, -1
1693, 1119, -1
1441, 10, -1
1210, 1654, -1
1856, 615, -1
1210, 1910, -1
2262, 1577, -1
10, 2035, -1
921, 1654, -1
816, 1619, -1
714, 2035, -1
1441, 1070, -1
301, 1070, -1
505, 1623, -1
3, 1623, -1
10, 1015, -1
2262, 615, -1
10, 615, -1
505, 1070, -1
1096, 1654, -1
353, 1619, -1
1015, 1577, -1
991, 1619, -1
1633, 714, -1
1441, 382, -1
301, 382, -1
2060, 1693, -1
1015, 301, -1
0, 817, -1
600, 714, -1
1654, 382, -1
353, 10, -1
1441, 1577, -1
2060, 1805, -1
2145, 2038, -1
817, 10, -1
5, 1654, -1
921, 2035, -1
1577, 1693, -1
1441, 1015, -1
2145, 991, -1
301, 1015, -1
2060, 111, -1
2038, 111, -1
1715, 1654, -1
1210, 615, -1
505, 1577, -1
1856, 2038, -1
1619, 5, -1
921, 1015, -1
1654, 1015, -1
505, 301, -1
1577, 1805, -1
1856, 991, -1
991, 1070, -1
353, 5, -1
1096, 2035, -1
1910, 1623, -1
1577, 111, -1
817, 5, -1
382, 1654, -1
2038, 991, -1
1619, 382, -1
2262, 2038, -1
382, 1910, -1
1441, 1693, -1
301, 1693, -1
2262, 991, -1
816, 301, -1
1577, 3, -1
382, 1119, -1
1441, 1805, -1
1015, 1715, -1
505, 1693, -1
353, 1577, -1
353, 921, -1
505, 817, -1
1715, 2035, -1
1619, 1015, -1
2145, 1619, -1
3, 817, -1
1015, 3, -1
1577, 353, -1
816, 1096, -1
817, 1577, -1
1441, 111, -1
301, 111, -1
817, 921, -1
5, 1015, -1
10, 2262, -1
111, 615, -1
1856, 1619, -1
1654, 111, -1
1210, 2038, -1
817, 615, -1
1441, 2038, -1
301, 2038, -1
505, 1715, -1
1654, 2038, -1
921, 2038, -1
0, 505, -1
1441, 353, -1
1096, 816, -1
505, 3, -1
1015, 2060, -1
10, 1619, -1
991, 1693, -1
0, 1929, -1
1619, 1805, -1
816, 1441, -1
2145, 5, -1
1577, 505, -1
816, 1715, -1
1441, 1633, -1
1441, 2060, -1
2060, 1623, -1
2038, 1623, -1
921, 2262, -1
1856, 5, -1
816, 3, -1
1577, 1929, -1
1805, 615, -1
353, 1441, -1
921, 1633, -1
991, 111, -1
505, 2060, -1
1619, 2038, -1
2145, 0, -1
111, 2038, -1
2145, 1577, -1
1210, 1619, -1
1096, 2262, -1
2145, 921, -1
1441, 1619, -1
10, 1070, -1
111, 991, -1
10, 5, -1
1856, 0, -1
817, 2038, -1
1856, 1577, -1
921, 1619, -1
1856, 921, -1
0, 1654, -1
921, 1210, -1
2060, 1910, -1
817, 991, -1
1210, 10, -1
1619, 2262, -1
10, 382, -1
2060, 1119, -1
5, 2262, -1
921, 10, -1
505, 1929, -1
1441, 1623, -1
301, 1623, -1
1715, 2262, -1
1577, 1654, -1
3, 1929, -1
353, 2060, -1
2060, 301, -1
1096, 1210, -1
1577, 1910, -1
1654, 1623, -1
816, 505, -1
1210, 5, -1
1015, 1654, -1
1577, 1119, -1
1096, 10, -1
1015, 1910, -1
1805, 2038, -1
921, 1070, -1
1654, 1070, -1
1693, 1577, -1
1577, 301, -1
1805, 991, -1
1015, 1119, -1
0, 2035, -1
2145, 1441, -1
817, 1619, -1
1693, 615, -1
921, 382, -1
1210, 1577, -1
1210, 921, -1
1856, 1441, -1
10, 1693, -1
2145, 3, -1
1633, 615, -1
1619, 1623, -1
3, 1654, -1
1577, 2035, -1
505, 1910, -1
615, 1623, -1
921, 1577, -1
1577, 817, -1
1856, 3, -1
600, 615, -1
10, 1805, -1
1619, 1070, -1
505, 1119, -1
1096, 382, -1
5, 1070, -1
111, 5, -1
10, 111, -1
816, 1654, -1
1715, 1070, -1
816, 1910, -1
1096, 1577, -1
2145, 2060, -1
1096, 1015, -1
816, 1119, -1
1577, 1715, -1
5, 382, -1
991, 1654, -1
1441, 817, -1
353, 1910, -1
1856, 2060, -1
505, 714, -1
505, 2035, -1
1715, 382, -1
10, 991, -1
3, 2035, -1
0, 816, -1
921, 1693, -1
1070, 1654, -1
111, 1577, -1
1070, 1910, -1
1693, 2038, -1
353, 1119, -1
1619, 301, -1
2145, 505, -1
921, 1805, -1
353, 301, -1
1693, 991, -1
1070, 1119, -1
1096, 1693, -1
1715, 1015, -1
816, 714, -1
817, 301, -1
921, 111, -1
1856, 505, -1
1805, 5, -1
353, 1096, -1
1096, 1805, -1
1210, 991, -1
816, 615, -1
353, 714, -1
1619, 1693, -1
991, 2035, -1
0, 2262, -1
1096, 111, -1
5, 1693, -1
382, 615, -1
1715, 1693, -1
921, 353, -1
1805, 1577, -1
1210, 2060, -1
1096, 2038, -1
1619, 111, -1
1715, 1805, -1
3, 816, -1
5, 111, -1
2145, 1654, -1
1619, 1715, -1
1096, 353, -1
921, 2060, -1
1096, 600, -1
1715, 111, -1
2145, 1910, -1
10, 1623, -1
0, 1210, -1
353, 1715, -1
1619, 3, -1
817, 1441, -1
714, 1623, -1
1856, 1654, -1
353, 3, -1
817, 1715, -1
5, 2038, -1
2145, 1119, -1
1856, 1910, -1
1441, 505, -1
0, 10, -1
1715, 2038, -1
1096, 1633, -1
817, 3, -1
2145, 301, -1
2060, 1654, -1
2038, 1654, -1
1856, 1119, -1
1096, 2145, -1
2038, 1910, -1
1441, 1929, -1
1856, 301, -1
2262, 1654, -1
505, 2262, -1
3, 2262, -1
2262, 1910, -1
2145, 1096, -1
1070, 505, -1
2038, 353, -1
2060, 353, -1
2038, 1619, -1
2038, 600, -1
2038, 1210, -1
1910, 615, -1
1715, 1633, -1
5, 2035, -1
1654, 1577, -1
1805, 3, -1
1654, 1805, -1
505, 600, -1
2038, 2035, -1
5, 615, -1
382, 10, -1
1693, 301, -1
1910, 1693, -1
1070, 301, -1
1805, 1619, -1
1715, 615, -1
1910, 1805, -1
1096, 615, -1
301, 817, -1
0, 615, -1
2038, 816, -1
1119, 1623, -1
1619, 1577, -1
301, 353, -1
2262, 5, -1
1654, 1693, -1
10, 817, -1
1441, 600, -1
1910, 2262, -1
2038, 1856, -1
1805, 2060, -1
10, 353, -1
1654, 991, -1
1654, 817, -1
382, 1619, -1
10, 600, -1
1654, 353, -1
1119, 1015, -1
3, 615, -1
1577, 816, -1
301, 1633, -1
10, 1633, -1
1577, 1856, -1
382, 2060, -1
1654, 10, -1
1654, 1633, -1
1441, 714, -1
301, 2035, -1
1910, 817, -1
1910, 353, -1
1654, 2035, -1
921, 714, -1
1070, 1441, -1
2038, 505, -1
2060, 505, -1
1070, 10, -1
1619, 991, -1
1070, 1715, -1
1441, 615, -1
301, 615, -1
2038, 1929, -1
1070, 714, -1
1910, 10, -1
1070, 3, -1
1910, 1633, -1
10, 816, -1
921, 600, -1
1441, 1856, -1
10, 1856, -1
1910, 2035, -1
2038, 1693, -1
3, 505, -1
505, 816, -1
1693, 5, -1
1070, 1619, -1
1119, 111, -1
1070, 5, -1
1619, 1633, -1
505, 1856, -1
1654, 2060, -1
5, 1633, -1
2038, 1805, -1
1910, 1619, -1
2038, 817, -1
615, 2035, -1
2262, 301, -1
1070, 2060, -1
991, 1623, -1
1619, 817, -1
2060, 1633, -1
2038, 1633, -1
1619, 353, -1
1577, 600, -1
1441, 816, -1
5, 817, -1
1910, 382, -1
10, 505, -1
1910, 2060, -1
1070, 921, -1
2038, 2145, -1
5, 353, -1
921, 615, -1
1715, 817, -1
1096, 714, -1
0, 714, -1
921, 816, -1
1715, 353, -1
921, 1856, -1
2060, 817, -1
382, 5, -1
5, 1805, -1
382, 1715, -1
1910, 1070, -1
382, 3, -1
382, 301, -1

2070, 382, 1
2070, 111, 1
2070, 2262, 1
2070, 817, 1
2070, 1015, 1
2070, 1805, 1
2070, 1210, 1
2070, 816, 1
2070, 1693, 1
2070, 1856, 1
2070, 353, 1
2070, 2145, 1
2070, 1070, 1
2070, 600, 1
2070, 1633, 1
2070, 1929, 1
2070, 2035, 1
2070, 1623, 1
1319, 10, 1
1319, 1577, 1
1319, 2060, 1
1319, 2038, 1
1319, 714, 1
1938, 382, 1
1938, 111, 1
1938, 2262, 1
1938, 817, 1
1938, 1015, 1
1938, 1805, 1
1938, 1210, 1
1938, 816, 1
1938, 1693, 1
1938, 1856, 1
1938, 353, 1
1938, 2145, 1
1938, 1070, 1
1938, 600, 1
1938, 1633, 1
1938, 1929, 1
1938, 2035, 1
1938, 1623, 1
1938, 2070, 1
87, 10, 1
87, 1577, 1
87, 2060, 1
87, 2038, 1
87, 714, 1
87, 1319, 1
268, 382, 1
268, 111, 1
268, 2262, 1
268, 817, 1
268, 1015, 1
268, 1805, 1
268, 1210, 1
268, 816, 1
268, 1693, 1
268, 1856, 1
268, 353, 1
268, 2145, 1
268, 1070, 1
268, 600, 1
268, 1633, 1
268, 1929, 1
268, 2035, 1
268, 1623, 1
268, 2070, 1
268, 1938, 1
723, 382, 1
723, 111, 1
723, 2262, 1
723, 817, 1
723, 1015, 1
723, 1805, 1
723, 1210, 1
723, 816, 1
723, 1693, 1
723, 1856, 1
723, 353, 1
723, 2145, 1
723, 1070, 1
723, 600, 1
723, 1633, 1
723, 1929, 1
723, 2035, 1
723, 1623, 1
723, 2070, 1
723, 1938, 1
723, 268, 1
1447, 382, 1
1447, 111, 1
1447, 2262, 1
1447, 817, 1
1447, 1015, 1
1447, 1805, 1
1447, 1210, 1
1447, 816, 1
1447, 1693, 1
1447, 1856, 1
1447, 353, 1
1447, 2145, 1
1447, 1070, 1
1447, 600, 1
1447, 1633, 1
1447, 1929, 1
1447, 2035, 1
1447, 1623, 1
1447, 2070, 1
1447, 1938, 1
1447, 268, 1
1447, 723, 1
1697, 382, 1
1697, 111, 1
1697, 2262, 1
1697, 817, 1
1697, 1015, 1
1697, 1805, 1
1697, 1210, 1
1697, 816, 1
1697, 1693, 1
1697, 1856, 1
1697, 353, 1
1697, 2145, 1
1697, 1070, 1
1697, 600, 1
1697, 1633, 1
1697, 1929, 1
1697, 2035, 1
1697, 1623, 1
1697, 2070, 1
1697, 1938, 1
1697, 268, 1
1697, 723, 1
1697, 1447, 1
1210, 1623, 1
1805, 2070, 1
1633, 1070, 1
1070, 816, 1
2145, 2035, 1
1805, 111, 1
2145, 723, 1
600, 1070, 1
1938, 268, 1
2145, 817, 1
1856, 2035, 1
816, 2262, 1
1856, 723, 1
2035, 2262, 1
382, 2262, 1
1856, 817, 1
600, 1856, 1
816, 2145, 1
600, 1447, 1
382, 1633, 1
1805, 353, 1
600, 382, 1
2070, 1447, 1
2262, 2035, 1
1319, 87, 1
1070, 2262, 1
353, 1938, 1
816, 1210, 1
817, 1929, 1
817, 1938, 1
1015, 382, 1
111, 1623, 1
2145, 268, 1
2145, 816, 1
1623, 2070, 1
1929, 2262, 1
1633, 1693, 1
1070, 1210, 1
1633, 817, 1
1856, 816, 1
382, 1623, 1
816, 1070, 1
600, 1693, 1
1210, 817, 1
2035, 1070, 1
382, 1070, 1
1633, 111, 1
600, 1805, 1
816, 1447, 1
600, 2070, 1
1929, 1210, 1
816, 382, 1
600, 111, 1
2060, 2038, 1
2035, 1447, 1
10, 1319, 1
600, 1697, 1
382, 1447, 1
2035, 382, 1
1015, 1805, 1
1633, 268, 1
714, 2060, 1
1210, 268, 1
816, 1015, 1
1577, 2038, 1
1070, 1447, 1
353, 2035, 1
1070, 382, 1
353, 723, 1
600, 353, 1
817, 2035, 1
111, 817, 1
817, 723, 1
268, 1447, 1
353, 1015, 1
714, 87, 1
1070, 1015, 1
816, 1693, 1
1929, 1447, 1
1929, 382, 1
2035, 1693, 1
1015, 2262, 1
382, 1693, 1
816, 1805, 1
1938, 723, 1
1015, 1633, 1
816, 2070, 1
2035, 1805, 1
816, 111, 1
382, 1805, 1
1805, 2035, 1
1633, 1929, 1
1633, 1938, 1
2035, 2070, 1
1929, 1015, 1
382, 2070, 1
2035, 111, 1
382, 111, 1
1210, 1938, 1
1070, 1805, 1
2145, 382, 1
723, 1447, 1
1070, 2070, 1
600, 1623, 1
1070, 111, 1
816, 353, 1
2262, 1070, 1
1856, 382, 1
382, 353, 1
2145, 1015, 1
1015, 1623, 1
1929, 1805, 1
816, 1633, 1
2262, 1447, 1
1929, 2070, 1
1856, 1015, 1
1070, 353, 1
1015, 1070, 1
1929, 111, 1
353, 2262, 1
353, 1633, 1
817, 2262, 1
1015, 1447, 1
1070, 1633, 1
2262, 1015, 1
1070, 2145, 1
1693, 2035, 1
1929, 353, 1
353, 1210, 1
1633, 2035, 1
1633, 723, 1
816, 1623, 1
817, 1210, 1
1210, 2035, 1
1929, 1633, 1
2262, 1693, 1
1210, 723, 1
2035, 1623, 1
1210, 1015, 1
600, 817, 1
2262, 1805, 1
2262, 2070, 1
1070, 1623, 1
2262, 111, 1
353, 1070, 1
1015, 1693, 1
2145, 2262, 1
2145, 1633, 1
714, 1319, 1
353, 1447, 1
1856, 2262, 1
111, 382, 1
1015, 2070, 1
353, 382, 1
1015, 111, 1
1070, 1856, 1
1856, 1633, 1
817, 1447, 1
600, 268, 1
2262, 353, 1
1929, 1623, 1
111, 2035, 1
817, 382, 1
1856, 2145, 1
1929, 1070, 1
600, 816, 1
2145, 1210, 1
111, 1015, 1
1015, 268, 1
2262, 1633, 1
817, 1015, 1
1856, 1210, 1
1938, 1447, 1
1577, 2060, 1
382, 2035, 1
816, 817, 1
1693, 2262, 1
382, 723, 1
2145, 1623, 1
2060, 87, 1
2038, 87, 1
1633, 2262, 1
1805, 382, 1
382, 817, 1
353, 1693, 1
1856, 1623, 1
2145, 1070, 1
1210, 2262, 1
817, 1693, 1
1070, 1693, 1
816, 1697, 1
353, 1805, 1
1210, 1633, 1
1070, 817, 1
1577, 87, 1
1856, 1070, 1
600, 1929, 1
353, 2070, 1
2145, 1856, 1
1805, 1015, 1
600, 1938, 1
817, 1805, 1
1210, 2145, 1
2145, 1447, 1
353, 111, 1
2262, 1623, 1
714, 10, 1
817, 2070, 1
816, 268, 1
817, 111, 1
1856, 1447, 1
2035, 268, 1
382, 268, 1
1070, 1697, 1
1929, 1693, 1
1929, 817, 1
1070, 268, 1
1693, 1070, 1
817, 353, 1
111, 2262, 1
111, 1633, 1
1693, 1447, 1
1210, 1070, 1
2145, 1693, 1
817, 1633, 1
1693, 382, 1
1929, 268, 1
1633, 1447, 1
1633, 382, 1
1856, 1693, 1
2145, 1805, 1
816, 1929, 1
816, 1938, 1
1210, 1447, 1
2145, 2070, 1
1210, 382, 1
2145, 111, 1
1693, 1015, 1
1856, 1805, 1
2145, 1697, 1
1856, 2070, 1
353, 1929, 1
600, 2035, 1
1633, 1015, 1
1856, 111, 1
600, 723, 1
1805, 2262, 1
2262, 817, 1
1577, 714, 1
1856, 1697, 1
1070, 1929, 1
1805, 1633, 1
1070, 1938, 1
600, 1015, 1
353, 1623, 1
1015, 2035, 1
2145, 353, 1
817, 1623, 1
1015, 723, 1
111, 1070, 1
1856, 268, 1
1856, 353, 1
817, 1070, 1
1693, 2070, 1
111, 1447, 1
1929, 1938, 1
1210, 1693, 1
1693, 111, 1
1633, 1805, 1
10, 2038, 1
1633, 2070, 1
714, 2038, 1
1210, 1805, 1
2060, 1319, 1
1210, 2070, 1
1805, 1623, 1
1210, 111, 1
1210, 1697, 1
1693, 353, 1
1805, 1070, 1
816, 2035, 1
10, 2060, 1
816, 723, 1
2145, 1929, 1
1577, 1319, 1
2145, 1938, 1
1633, 353, 1
1856, 1929, 1
1856, 1938, 1
1693, 1633, 1
1805, 1447, 1
1210, 353, 1
2035, 1015, 1
111, 1693, 1
382, 1015, 1
1070, 2035, 1
353, 817, 1
1070, 723, 1
10, 87, 1
600, 2262, 1
111, 1805, 1
600, 1633, 1
111, 2070, 1
600, 2145, 1
1633, 1210, 1
1929, 2035, 1
1929, 723, 1
600, 1210, 1
353, 268, 1
1693, 1623, 1
1805, 1693, 1
817, 268, 1
1210, 1929, 1
1633, 1623, 1
1577, 10, 1
1623, 1447, 1
1938, 1697, 1
2262, 723, 1
2070, 1938, 1
723, 1697, 1
1929, 1697, 1
1623, 1938, 1
1929, 1856, 1
1447, 1697, 1
1623, 382, 1
353, 1697, 1
2035, 723, 1
817, 816, 1
1633, 600, 1
817, 1856, 1
816, 600, 1
2035, 817, 1
2070, 723, 1
817, 1697, 1
2035, 353, 1
1210, 600, 1
2038, 1319, 1
1633, 1856, 1
1623, 817, 1
816, 1856, 1
111, 268, 1
2145, 600, 1
1693, 723, 1
1633, 1697, 1
1805, 723, 1
1623, 1070, 1
1623, 1015, 1
1929, 600, 1
353, 600, 1
1693, 817, 1
2035, 1633, 1
1805, 817, 1
2262, 382, 1
2035, 1697, 1
1856, 600, 1
1015, 817, 1
1623, 2262, 1
353, 816, 1
382, 1938, 1
1693, 1805, 1
817, 600, 1
1070, 600, 1
268, 723, 1
1623, 111, 1
353, 1856, 1
1805, 268, 1
2262, 1938, 1
1210, 816, 1
1693, 1938, 1
1805, 1938, 1
1929, 816, 1
1210, 1856, 1
2070, 921, -1
2070, 0, -1
2070, 3, -1
2070, 5, -1
2070, 1096, -1
2070, 1910, -1
2070, 10, -1
2070, 1577, -1
2070, 2060, -1
2070, 2038, -1
2070, 714, -1
2070, 1441, -1
2070, 1119, -1
2070, 301, -1
2070, 1715, -1
2070, 991, -1
2070, 1654, -1
2070, 505, -1
2070, 1619, -1
2070, 615, -1
1319, 921, -1
1319, 382, -1
1319, 111, -1
1319, 2262, -1
1319, 817, -1
1319, 1015, -1
1319, 1805, -1
1319, 1210, -1
1319, 816, -1
1319, 1693, -1
1319, 1856, -1
1319, 353, -1
1319, 2145, -1
1319, 1070, -1
1319, 600, -1
1319, 1633, -1
1319, 1929, -1
1319, 2035, -1
1319, 1623, -1
1319, 2070, -1
1319, 0, -1
1319, 3, -1
1319, 5, -1
1319, 1096, -1
1319, 1910, -1
1319, 1441, -1
1319, 1119, -1
1319, 301, -1
1319, 1715, -1
1319, 991, -1
1319, 1654, -1
1319, 505, -1
1319, 1619, -1
1319, 615, -1
1938, 921, -1
1938, 0, -1
1938, 3, -1
1938, 5, -1
1938, 1096, -1
1938, 1910, -1
1938, 10, -1
1938, 1577, -1
1938, 2060, -1
1938, 2038, -1
1938, 714, -1
1938, 1319, -1
1938, 1441, -1
1938, 1119, -1
1938, 301, -1
1938, 1715, -1
1938, 991, -1
1938, 1654, -1
1938, 505, -1
1938, 1619, -1
1938, 615, -1
87, 921, -1
87, 382, -1
87, 111, -1
87, 2262, -1
87, 817, -1
87, 1015, -1
87, 1805, -1
87, 1210, -1
87, 816, -1
87, 1693, -1
87, 1856, -1
87, 353, -1
87, 2145, -1
87, 1070, -1
87, 600, -1
87, 1633, -1
87, 1929, -1
87, 2035, -1
87, 1623, -1
87, 2070, -1
87, 1938, -1
87, 0, -1
87, 3, -1
87, 5, -1
87, 1096, -1
87, 1910, -1
87, 1441, -1
87, 1119, -1
87, 301, -1
87, 1715, -1
87, 991, -1
87, 1654, -1
87, 505, -1
87, 1619, -1
87, 615, -1
268, 921, -1
268, 0, -1
268, 3, -1
268, 5, -1
268, 1096, -1
268, 1910, -1
268, 10, -1
268, 1577, -1
268, 2060, -1
268, 2038, -1
268, 714, -1
268, 1319, -1
268, 87, -1
268, 1441, -1
268, 1119, -1
268, 301, -1
268, 1715, -1
268, 991, -1
268, 1654, -1
268, 505, -1
268, 1619, -1
268, 615, -1
723, 921, -1
723, 0, -1
723, 3, -1
723, 5, -1
723, 1096, -1
723, 1910, -1
723, 10, -1
723, 1577, -1
723, 2060, -1
723, 2038, -1
723, 714, -1
723, 1319, -1
723, 87, -1
723, 1441, -1
723, 1119, -1
723, 301, -1
723, 1715, -1
723, 991, -1
723, 1654, -1
723, 505, -1
723, 1619, -1
723, 615, -1
1447, 921, -1
1447, 0, -1
1447, 3, -1
1447, 5, -1
1447, 1096, -1
1447, 1910, -1
1447, 10, -1
1447, 1577, -1
1447, 2060, -1
1447, 2038, -1
1447, 714, -1
1447, 1319, -1
1447, 87, -1
1447, 1441, -1
1447, 1119, -1
1447, 301, -1
1447, 1715, -1
1447, 991, -1
1447, 1654, -1
1447, 505, -1
1447, 1619, -1
1447, 615, -1
1697, 921, -1
1697, 0, -1
1697, 3, -1
1697, 5, -1
1697, 1096, -1
1697, 1910, -1
1697, 10, -1
1697, 1577, -1
1697, 2060, -1
1697, 2038, -1
1697, 714, -1
1697, 1319, -1
1697, 87, -1
1697, 1441, -1
1697, 1119, -1
1697, 301, -1
1697, 1715, -1
1697, 991, -1
1697, 1654, -1
1697, 505, -1
1697, 1619, -1
1697, 615, -1
921, 1929, -1
87, 1447, -1
353, 1319, -1
1619, 2060, -1
2038, 1119, -1
2035, 2038, -1
1654, 1938, -1
714, 1447, -1
0, 1070, -1
991, 1319, -1
382, 2038, -1
111, 2060, -1
2145, 714, -1
817, 1319, -1
2035, 991, -1
2262, 1119, -1
3, 2145, -1
382, 991, -1
1715, 2060, -1
921, 1623, -1
817, 2060, -1
1856, 714, -1
600, 5, -1
10, 301, -1
0, 1447, -1
0, 382, -1
714, 301, -1
505, 1210, -1
1619, 87, -1
1623, 615, -1
3, 1210, -1
2038, 2035, -1
1096, 1623, -1
111, 87, -1
2038, 723, -1
353, 505, -1
1693, 301, -1
5, 87, -1
0, 1577, -1
1633, 1577, -1
1015, 5, -1
991, 2262, -1
1633, 921, -1
1619, 1938, -1
1715, 87, -1
817, 505, -1
1577, 382, -1
505, 10, -1
2060, 1015, -1
817, 87, -1
2038, 1015, -1
1096, 1070, -1
2145, 1715, -1
1633, 301, -1
0, 1015, -1
600, 1577, -1
1210, 1119, -1
600, 921, -1
1805, 2060, -1
1210, 301, -1
1856, 1715, -1
1910, 2262, -1
714, 1693, -1
5, 1623, -1
382, 1619, -1
1096, 1856, -1
1715, 1623, -1
1577, 1015, -1
816, 10, -1
3, 1070, -1
1577, 615, -1
714, 1805, -1
1938, 87, -1
714, 2070, -1
0, 1693, -1
2145, 1319, -1
714, 111, -1
1210, 714, -1
3, 1856, -1
1015, 615, -1
505, 1447, -1
10, 1715, -1
1441, 2035, -1
1441, 714, -1
1805, 505, -1
1805, 87, -1
1441, 723, -1
3, 1447, -1
991, 10, -1
714, 1697, -1
505, 382, -1
0, 1805, -1
1856, 1319, -1
10, 3, -1
3, 382, -1
111, 1654, -1
353, 1654, -1
1654, 2035, -1
921, 714, -1
816, 5, -1
111, 1910, -1
1070, 10, -1
1654, 723, -1
0, 2070, -1
10, 268, -1
1623, 2038, -1
714, 3, -1
0, 111, -1
817, 1654, -1
2035, 5, -1
714, 268, -1
1633, 1441, -1
1623, 991, -1
382, 5, -1
921, 817, -1
817, 1910, -1
111, 1119, -1
505, 1015, -1
1633, 1715, -1
714, 353, -1
111, 301, -1
3, 1015, -1
1210, 1441, -1
817, 1119, -1
1633, 3, -1
0, 2038, -1
1210, 1715, -1
1070, 5, -1
816, 1577, -1
1096, 817, -1
816, 921, -1
1929, 10, -1
1210, 3, -1
0, 353, -1
0, 600, -1
991, 382, -1
2035, 1577, -1
1693, 1319, -1
1619, 2035, -1
1619, 723, -1
382, 1577, -1
600, 991, -1
2060, 2262, -1
2038, 2262, -1
1805, 1654, -1
3, 1693, -1
1633, 1319, -1
1577, 991, -1
921, 268, -1
2038, 1633, -1
1805, 1910, -1
1910, 1447, -1
817, 714, -1
1015, 2038, -1
0, 1633, -1
0, 2060, -1
1096, 1697, -1
1633, 2060, -1
1910, 382, -1
1070, 1577, -1
1929, 5, -1
1070, 921, -1
505, 1805, -1
2038, 2145, -1
1210, 1319, -1
991, 1015, -1
3, 1805, -1
1015, 991, -1
353, 615, -1
0, 2145, -1
1805, 1119, -1
505, 2070, -1
1577, 2262, -1
3, 2070, -1
600, 2060, -1
505, 111, -1
2145, 10, -1
10, 1938, -1
1805, 301, -1
1096, 268, -1
921, 1319, -1
3, 111, -1
1577, 1633, -1
1070, 615, -1
714, 1929, -1
714, 1938, -1
1910, 1015, -1
2038, 1210, -1
1856, 10, -1
1633, 505, -1
0, 87, -1
1633, 87, -1
505, 2038, -1
1929, 1577, -1
3, 2038, -1
1929, 921, -1
1096, 1319, -1
1210, 505, -1
600, 87, -1
1577, 1619, -1
505, 353, -1
1441, 2262, -1
1096, 2060, -1
301, 2262, -1
3, 353, -1
1577, 1210, -1
1715, 268, -1
3, 600, -1
1929, 615, -1
2070, 87, -1
991, 1805, -1
1654, 2262, -1
0, 1623, -1
991, 2070, -1
1910, 1693, -1
816, 2038, -1
1619, 1319, -1
1015, 1619, -1
111, 1319, -1
10, 1654, -1
2038, 1070, -1
2060, 1070, -1
505, 1633, -1
816, 991, -1
921, 1938, -1
10, 1910, -1
382, 3, -1
3, 2060, -1
3, 1633, -1
2060, 5, -1
714, 1654, -1
1715, 1319, -1
1910, 1805, -1
1577, 1623, -1
714, 1910, -1
615, 2038, -1
1096, 87, -1
353, 2038, -1
1910, 2070, -1
2262, 5, -1
991, 2038, -1
10, 1119, -1
1693, 1654, -1
2038, 1856, -1
1441, 1210, -1
1623, 1577, -1
1910, 111, -1
1805, 1715, -1
0, 1856, -1
2060, 1447, -1
353, 991, -1
2038, 1447, -1
1693, 1910, -1
1096, 1929, -1
714, 1119, -1
1577, 1070, -1
1096, 1938, -1
1070, 2038, -1
2038, 382, -1
2060, 382, -1
2145, 615, -1
1633, 1654, -1
816, 2060, -1
1577, 5, -1
1633, 1910, -1
1070, 991, -1
1693, 1119, -1
1441, 10, -1
3, 87, -1
2035, 2060, -1
615, 2262, -1
1210, 1654, -1
382, 2060, -1
1856, 615, -1
1577, 1447, -1
1210, 1910, -1
1633, 1119, -1
2262, 1577, -1
10, 2035, -1
10, 723, -1
1805, 1319, -1
816, 1619, -1
714, 2035, -1
600, 1119, -1
1929, 2038, -1
1441, 1070, -1
301, 1070, -1
505, 1623, -1
714, 723, -1
816, 87, -1
3, 1623, -1
10, 1015, -1
2262, 615, -1
600, 301, -1
1929, 991, -1
2035, 87, -1
10, 615, -1
714, 817, -1
382, 87, -1
505, 1070, -1
353, 1619, -1
1015, 1577, -1
1441, 1447, -1
301, 1447, -1
1633, 714, -1
1441, 382, -1
2060, 1693, -1
2038, 1693, -1
301, 382, -1
1015, 301, -1
1070, 1619, -1
1654, 1447, -1
0, 817, -1
600, 714, -1
1654, 382, -1
353, 10, -1
1441, 1577, -1
2060, 1805, -1
2038, 1805, -1
2145, 2038, -1
714, 1715, -1
817, 10, -1
2060, 2070, -1
921, 2035, -1
2038, 2070, -1
921, 723, -1
1577, 1693, -1
1441, 1015, -1
2145, 991, -1
301, 1015, -1
2060, 111, -1
2038, 111, -1
991, 1623, -1
1210, 615, -1
505, 1577, -1
1856, 2038, -1
2038, 1697, -1
921, 1015, -1
1654, 1015, -1
615, 1070, -1
0, 1697, -1
1929, 1619, -1
1577, 1805, -1
1856, 991, -1
991, 1070, -1
353, 5, -1
1096, 2035, -1
1096, 714, -1
1577, 2070, -1
600, 1441, -1
1096, 723, -1
1910, 1623, -1
1577, 111, -1
817, 5, -1
1623, 1319, -1
382, 1654, -1
600, 1715, -1
0, 268, -1
2035, 1910, -1
1619, 382, -1
2262, 2038, -1
1577, 1697, -1
382, 1910, -1
2038, 353, -1
1441, 1693, -1
301, 1693, -1
2038, 600, -1
600, 3, -1
615, 382, -1
2262, 991, -1
816, 301, -1
2035, 1119, -1
1577, 3, -1
382, 1119, -1
1577, 268, -1
1441, 1805, -1
1015, 1715, -1
505, 1693, -1
2035, 301, -1
353, 1577, -1
0, 1319, -1
353, 921, -1
382, 301, -1
505, 817, -1
1715, 2035, -1
1619, 1015, -1
2145, 1619, -1
1441, 2070, -1
301, 2070, -1
3, 817, -1
1715, 723, -1
1577, 353, -1
1015, 3, -1
1654, 1805, -1
817, 1577, -1
1441, 111, -1
301, 111, -1
817, 921, -1
5, 1015, -1
10, 2262, -1
111, 615, -1
1654, 2070, -1
600, 1319, -1
1119, 87, -1
1623, 87, -1
1856, 1619, -1
1654, 111, -1
1070, 301, -1
2070, 1319, -1
1210, 2038, -1
817, 615, -1
1441, 2038, -1
301, 2038, -1
505, 1697, -1
3, 1697, -1
921, 2038, -1
1441, 353, -1
1096, 816, -1
1015, 2060, -1
615, 1693, -1
10, 1619, -1
2262, 87, -1
505, 268, -1
991, 1693, -1
3, 268, -1
0, 1929, -1
1619, 1805, -1
816, 1441, -1
600, 505, -1
0, 1938, -1
2145, 5, -1
1929, 301, -1
615, 1805, -1
816, 1715, -1
1441, 1633, -1
2060, 1623, -1
2038, 1623, -1
1441, 2060, -1
615, 2070, -1
921, 2262, -1
1856, 5, -1
816, 3, -1
615, 111, -1
2035, 1715, -1
505, 1319, -1
1577, 1929, -1
1805, 615, -1
353, 1441, -1
382, 1715, -1
921, 1633, -1
1577, 1938, -1
3, 1319, -1
991, 111, -1
1015, 87, -1
505, 2060, -1
1623, 1654, -1
1619, 2038, -1
1070, 1441, -1
1623, 1910, -1
111, 2038, -1
2145, 1577, -1
1210, 1619, -1
1096, 2262, -1
2145, 921, -1
10, 1070, -1
1070, 1715, -1
111, 991, -1
1633, 10, -1
10, 5, -1
1441, 87, -1
1623, 1119, -1
301, 87, -1
816, 1319, -1
991, 268, -1
817, 2038, -1
1070, 3, -1
1856, 1577, -1
1856, 921, -1
714, 5, -1
921, 1210, -1
2060, 1910, -1
2035, 1319, -1
817, 991, -1
1210, 10, -1
382, 1319, -1
1619, 2262, -1
505, 87, -1
10, 1447, -1
1693, 5, -1
10, 382, -1
2060, 1119, -1
5, 2262, -1
600, 1654, -1
1910, 268, -1
1929, 1441, -1
505, 1929, -1
921, 10, -1
1441, 1623, -1
600, 1910, -1
301, 1623, -1
615, 2060, -1
1715, 2262, -1
714, 382, -1
1577, 1654, -1
353, 2060, -1
2060, 301, -1
1633, 5, -1
1929, 1715, -1
505, 1938, -1
1096, 1210, -1
3, 1929, -1
991, 2060, -1
3, 1938, -1
1577, 1910, -1
1070, 1319, -1
1654, 1623, -1
1929, 3, -1
2262, 301, -1
1070, 2060, -1
816, 505, -1
1210, 5, -1
1015, 1654, -1
1577, 1119, -1
1096, 10, -1
1015, 1910, -1
1805, 2038, -1
2035, 505, -1
921, 1070, -1
1693, 1577, -1
1577, 301, -1
714, 1015, -1
1805, 991, -1
714, 615, -1
1015, 1119, -1
0, 2035, -1
0, 714, -1
615, 87, -1
353, 87, -1
0, 723, -1
2145, 1441, -1
991, 87, -1
817, 1619, -1
1929, 1319, -1
1693, 615, -1
2038, 817, -1
921, 1447, -1
1070, 505, -1
1070, 87, -1
1929, 2060, -1
921, 382, -1
1210, 1577, -1
1210, 921, -1
991, 1938, -1
1856, 1441, -1
10, 1693, -1
2145, 3, -1
1633, 615, -1
1577, 2035, -1
1619, 1623, -1
1577, 723, -1
1910, 87, -1
615, 1623, -1
921, 1577, -1
1096, 1447, -1
1577, 817, -1
1856, 3, -1
600, 615, -1
10, 1805, -1
1619, 1070, -1
1096, 382, -1
1910, 1938, -1
10, 2070, -1
5, 1070, -1
111, 5, -1
10, 111, -1
816, 1654, -1
1929, 505, -1
1929, 87, -1
1715, 1070, -1
816, 1910, -1
1096, 1577, -1
2060, 268, -1
2035, 1654, -1
2038, 268, -1
1619, 1447, -1
2145, 2060, -1
5, 1447, -1
1096, 1015, -1
816, 1119, -1
1577, 1715, -1
5, 382, -1
1715, 1447, -1
1441, 817, -1
1319, 1447, -1
353, 1910, -1
2038, 816, -1
1856, 2060, -1
505, 2035, -1
505, 714, -1
1715, 382, -1
505, 723, -1
3, 2035, -1
0, 816, -1
921, 1693, -1
1654, 1693, -1
3, 723, -1
1070, 1654, -1
111, 1577, -1
714, 991, -1
1070, 1910, -1
1693, 2038, -1
353, 1119, -1
2262, 1319, -1
2145, 505, -1
921, 1805, -1
353, 301, -1
2145, 87, -1
1693, 991, -1
1633, 2038, -1
1070, 1119, -1
921, 2070, -1
1441, 1697, -1
1096, 1693, -1
1715, 1015, -1
816, 714, -1
817, 301, -1
921, 111, -1
714, 2262, -1
1856, 505, -1
1805, 5, -1
1633, 991, -1
1856, 87, -1
921, 1697, -1
600, 2038, -1
714, 1633, -1
1096, 1805, -1
1929, 1654, -1
1441, 268, -1
1210, 991, -1
1929, 1910, -1
1015, 1319, -1
1096, 2070, -1
816, 615, -1
353, 714, -1
1619, 1693, -1
991, 2035, -1
0, 2262, -1
1096, 111, -1
991, 723, -1
1654, 268, -1
5, 1693, -1
2035, 615, -1
1929, 1119, -1
2038, 1929, -1
382, 615, -1
1070, 714, -1
2038, 1938, -1
1715, 1693, -1
921, 353, -1
714, 1619, -1
1805, 1577, -1
1441, 1319, -1
714, 1210, -1
1619, 2070, -1
1210, 2060, -1
1096, 2038, -1
1910, 2035, -1
1910, 723, -1
1619, 111, -1
1715, 1805, -1
5, 2070, -1
3, 816, -1
1693, 87, -1
5, 111, -1
1715, 2070, -1
2145, 1654, -1
1096, 353, -1
921, 2060, -1
1096, 600, -1
1715, 111, -1
1633, 1619, -1
2145, 1910, -1
10, 1623, -1
0, 1210, -1
353, 1715, -1
817, 1441, -1
1929, 714, -1
714, 1623, -1
1856, 1654, -1
1619, 268, -1
353, 3, -1
817, 1715, -1
600, 1619, -1
2145, 1119, -1
1856, 1910, -1
5, 2038, -1
615, 268, -1
1210, 87, -1
0, 10, -1
1096, 1633, -1
1715, 2038, -1
817, 3, -1
2145, 301, -1
714, 1070, -1
2060, 1654, -1
2038, 1654, -1
1856, 1119, -1
1096, 2145, -1
2038, 1910, -1
1441, 1929, -1
921, 87, -1
1654, 87, -1
1441, 1938, -1
600, 10, -1
1856, 301, -1
505, 2262, -1
2262, 1654, -1
3, 2262, -1
2262, 1910, -1
615, 1319, -1
615, 1447, -1
2060, 353, -1
991, 1447, -1
1715, 1633, -1
2060, 817, -1
1715, 1697, -1
5, 2035, -1
5, 723, -1
5, 268, -1
1805, 3, -1
505, 600, -1
2060, 723, -1
382, 10, -1
10, 1697, -1
1805, 1619, -1
1119, 1319, -1
1119, 1447, -1
5, 1319, -1
2060, 615, -1
2038, 615, -1
301, 817, -1
1319, 1938, -1
10, 991, -1
10, 817, -1
301, 353, -1
1119, 1623, -1
1441, 600, -1
10, 353, -1
1654, 817, -1
10, 600, -1
1654, 353, -1
1119, 1015, -1
714, 600, -1
301, 1633, -1
10, 1633, -1
1577, 1856, -1
1654, 10, -1
1654, 1633, -1
1910, 817, -1
301, 2035, -1
301, 723, -1
1910, 353, -1
5, 1938, -1
301, 268, -1
2060, 1938, -1
1910, 10, -1
1910, 1633, -1
921, 600, -1
1441, 1856, -1
301, 1319, -1
10, 1856, -1
5, 1805, -1
1654, 1319, -1
2060, 991, -1
1119, 111, -1
1619, 1633, -1
505, 1856, -1
1619, 1697, -1
1654, 2060, -1
1910, 1070, -1
5, 1633, -1
1619, 817, -1
1910, 1319, -1
2060, 1633, -1
1619, 353, -1
1654, 1070, -1
1577, 600, -1
5, 817, -1
615, 1015, -1
1910, 2060, -1
5, 353, -1
1715, 817, -1
1715, 353, -1
714, 816, -1
10, 1929, -1
921, 1856, -1
2038, 991, -1
714, 1856, -1
2060, 2035, -1
1577, 816, -1
921, 816, -1
1441, 816, -1
505, 816, -1
10, 816, -1

1223, 382, 1
1223, 111, 1
1223, 2262, 1
1223, 817, 1
1223, 1015, 1
1223, 1805, 1
1223, 1210, 1
1223, 816, 1
1223, 1693, 1
1223, 1856, 1
1223, 353, 1
1223, 2145, 1
1223, 1070, 1
1223, 600, 1
1223, 1633, 1
1223, 1929, 1
1223, 2035, 1
1223, 1623, 1
1223, 2070, 1
1223, 1938, 1
1223, 268, 1
1223, 723, 1
1223, 1447, 1
1223, 1697, 1
226, 382, 1
226, 111, 1
226, 2262, 1
226, 817, 1
226, 1015, 1
226, 1805, 1
226, 1210, 1
226, 816, 1
226, 1693, 1
226, 1856, 1
226, 353, 1
226, 2145, 1
226, 1070, 1
226, 600, 1
226, 1633, 1
226, 1929, 1
226, 2035, 1
226, 1623, 1
226, 2070, 1
226, 1938, 1
226, 268, 1
226, 723, 1
226, 1447, 1
226, 1697, 1
226, 1223, 1
790, 382, 1
790, 111, 1
790, 2262, 1
790, 817, 1
790, 1015, 1
790, 1805, 1
790, 1210, 1
790, 816, 1
790, 1693, 1
790, 1856, 1
790, 353, 1
790, 2145, 1
790, 1070, 1
790, 600, 1
790, 1633, 1
790, 1929, 1
790, 2035, 1
790, 1623, 1
790, 2070, 1
790, 1938, 1
790, 268, 1
790, 723, 1
790, 1447, 1
790, 1697, 1
790, 1223, 1
790, 226, 1
179, 382, 1
179, 111, 1
179, 2262, 1
179, 817, 1
179, 1015, 1
179, 1805, 1
179, 1210, 1
179, 816, 1
179, 1693, 1
179, 1856, 1
179, 353, 1
179, 2145, 1
179, 1070, 1
179, 600, 1
179, 1633, 1
179, 1929, 1
179, 2035, 1
179, 1623, 1
179, 2070, 1
179, 1938, 1
179, 268, 1
179, 723, 1
179, 1447, 1
179, 1697, 1
179, 1223, 1
179, 226, 1
179, 790, 1
143, 382, 1
143, 111, 1
143, 2262, 1
143, 817, 1
143, 1015, 1
143, 1805, 1
143, 1210, 1
143, 816, 1
143, 1693, 1
143, 1856, 1
143, 353, 1
143, 2145, 1
143, 1070, 1
143, 600, 1
143, 1633, 1
143, 1929, 1
143, 2035, 1
143, 1623, 1
143, 2070, 1
143, 1938, 1
143, 268, 1
143, 723, 1
143, 1447, 1
143, 1697, 1
143, 1223, 1
143, 226, 1
143, 790, 1
143, 179, 1
1701, 382, 1
1701, 111, 1
1701, 2262, 1
1701, 817, 1
1701, 1015, 1
1701, 1805, 1
1701, 1210, 1
1701, 816, 1
1701, 1693, 1
1701, 1856, 1
1701, 353, 1
1701, 2145, 1
1701, 1070, 1
1701, 600, 1
1701, 1633, 1
1701, 1929, 1
1701, 2035, 1
1701, 1623, 1
1701, 2070, 1
1701, 1938, 1
1701, 268, 1
1701, 723, 1
1701, 1447, 1
1701, 1697, 1
1701, 1223, 1
1701, 226, 1
1701, 790, 1
1701, 179, 1
1701, 143, 1
989, 382, 1
989, 111, 1
989, 2262, 1
989, 817, 1
989, 1015, 1
989, 1805, 1
989, 1210, 1
989, 816, 1
989, 1693, 1
989, 1856, 1
989, 353, 1
989, 2145, 1
989, 1070, 1
989, 600, 1
989, 1633, 1
989, 1929, 1
989, 2035, 1
989, 1623, 1
989, 2070, 1
989, 1938, 1
989, 268, 1
989, 723, 1
989, 1447, 1
989, 1697, 1
989, 1223, 1
989, 226, 1
989, 790, 1
989, 179, 1
989, 143, 1
989, 1701, 1
49, 382, 1
49, 111, 1
49, 2262, 1
49, 817, 1
49, 1015, 1
49, 1805, 1
49, 1210, 1
49, 816, 1
49, 1693, 1
49, 1856, 1
49, 353, 1
49, 2145, 1
49, 1070, 1
49, 600, 1
49, 1633, 1
49, 1929, 1
49, 2035, 1
49, 1623, 1
49, 2070, 1
49, 1938, 1
49, 268, 1
49, 723, 1
49, 1447, 1
49, 1697, 1
49, 1223, 1
49, 226, 1
49, 790, 1
49, 179, 1
49, 143, 1
49, 1701, 1
49, 989, 1
1709, 382, 1
1709, 111, 1
1709, 2262, 1
1709, 817, 1
1709, 1015, 1
1709, 1805, 1
1709, 1210, 1
1709, 816, 1
1709, 1693, 1
1709, 1856, 1
1709, 353, 1
1709, 2145, 1
1709, 1070, 1
1709, 600, 1
1709, 1633, 1
1709, 1929, 1
1709, 2035, 1
1709, 1623, 1
1709, 2070, 1
1709, 1938, 1
1709, 268, 1
1709, 723, 1
1709, 1447, 1
1709, 1697, 1
1709, 1223, 1
1709, 226, 1
1709, 790, 1
1709, 179, 1
1709, 143, 1
1709, 1701, 1
1709, 989, 1
1709, 49, 1
817, 1701, 1
1938, 1697, 1
1210, 1623, 1
723, 382, 1
1805, 2070, 1
1633, 1070, 1
1070, 816, 1
2145, 49, 1
2145, 2035, 1
1210, 1223, 1
1805, 111, 1
2145, 723, 1
600, 1070, 1
1938, 268, 1
2145, 817, 1
1856, 2035, 1
816, 2262, 1
1856, 49, 1
1447, 268, 1
1856, 723, 1
1223, 1701, 1
2145, 179, 1
723, 1015, 1
2035, 2262, 1
1938, 1701, 1
382, 2262, 1
1856, 817, 1
600, 1856, 1
816, 1709, 1
1447, 1701, 1
816, 2145, 1
600, 1447, 1
1856, 179, 1
1210, 989, 1
382, 1633, 1
1805, 353, 1
600, 382, 1
2070, 1447, 1
2262, 2035, 1
1805, 1701, 1
2262, 723, 1
1070, 2262, 1
790, 1701, 1
353, 1938, 1
353, 1709, 1
1697, 2262, 1
816, 1210, 1
817, 1929, 1
817, 1938, 1
1015, 382, 1
111, 1623, 1
2145, 268, 1
1070, 1709, 1
268, 2262, 1
817, 226, 1
1693, 790, 1
1693, 143, 1
2145, 1701, 1
2145, 816, 1
1623, 2070, 1
1929, 2262, 1
1633, 790, 1
1223, 1709, 1
1633, 1693, 1
1633, 143, 1
1070, 1210, 1
1210, 49, 1
1633, 817, 1
1697, 1210, 1
1856, 816, 1
1447, 1929, 1
1447, 1938, 1
1447, 1709, 1
382, 1623, 1
1929, 1709, 1
600, 790, 1
111, 989, 1
816, 1070, 1
600, 1693, 1
1210, 143, 1
2035, 1223, 1
1210, 817, 1
1447, 226, 1
382, 1223, 1
2070, 790, 1
1805, 1938, 1
1210, 179, 1
2035, 1070, 1
179, 989, 1
2070, 143, 1
817, 989, 1
382, 1070, 1
989, 49, 1
1633, 111, 1
600, 1805, 1
1633, 1697, 1
816, 1447, 1
600, 2070, 1
1929, 1210, 1
816, 382, 1
600, 111, 1
2035, 1447, 1
600, 1697, 1
382, 1447, 1
1697, 1070, 1
2035, 382, 1
723, 2262, 1
2070, 111, 1
1015, 1805, 1
1633, 268, 1
1693, 1701, 1
2145, 1709, 1
1938, 989, 1
268, 1070, 1
1210, 268, 1
816, 1015, 1
1633, 1701, 1
1070, 1447, 1
1697, 1447, 1
1856, 1709, 1
353, 2035, 1
1070, 382, 1
353, 723, 1
1805, 989, 1
600, 353, 1
1697, 382, 1
1210, 1701, 1
817, 2035, 1
111, 817, 1
817, 723, 1
268, 1447, 1
1701, 1709, 1
353, 1015, 1
268, 382, 1
2262, 1709, 1
1070, 1015, 1
817, 179, 1
816, 1693, 1
1929, 1447, 1
1929, 382, 1
2035, 790, 1
2035, 1693, 1
226, 790, 1
1015, 2262, 1
382, 790, 1
2035, 143, 1
382, 1693, 1
1938, 2035, 1
226, 143, 1
382, 143, 1
816, 1805, 1
1938, 723, 1
1447, 2035, 1
723, 1623, 1
1693, 1938, 1
1015, 1633, 1
1447, 723, 1
816, 2070, 1
723, 1223, 1
1623, 1223, 1
2035, 1805, 1
816, 111, 1
382, 1805, 1
1805, 2035, 1
1633, 1929, 1
1633, 1938, 1
1805, 723, 1
1447, 1015, 1
723, 1070, 1
2035, 2070, 1
1938, 179, 1
1929, 1015, 1
1697, 790, 1
382, 2070, 1
1697, 1693, 1
2035, 111, 1
1633, 226, 1
382, 111, 1
111, 1701, 1
1210, 1938, 1
1210, 1709, 1
1805, 179, 1
1070, 1805, 1
268, 790, 1
268, 1693, 1
1697, 1805, 1
1210, 226, 1
2145, 382, 1
723, 1447, 1
1070, 2070, 1
1697, 2070, 1
600, 1623, 1
1070, 111, 1
816, 353, 1
1697, 111, 1
600, 1223, 1
2262, 1070, 1
1856, 382, 1
268, 1805, 1
2070, 1623, 1
989, 1709, 1
1693, 989, 1
268, 2070, 1
2070, 1223, 1
382, 353, 1
268, 111, 1
2145, 1015, 1
226, 1701, 1
382, 1701, 1
1015, 1623, 1
1633, 989, 1
1929, 1805, 1
816, 1633, 1
1015, 1223, 1
2262, 1447, 1
1805, 268, 1
1929, 2070, 1
1856, 1015, 1
1070, 353, 1
1015, 1070, 1
1929, 111, 1
1697, 353, 1
600, 989, 1
353, 2262, 1
353, 1633, 1
817, 2262, 1
111, 1938, 1
111, 1709, 1
1015, 1447, 1
1070, 1633, 1
2262, 1015, 1
723, 790, 1
179, 1709, 1
1697, 1633, 1
723, 1693, 1
1623, 790, 1
817, 1709, 1
723, 143, 1
1623, 143, 1
1070, 2145, 1
1693, 2035, 1
1693, 723, 1
1929, 353, 1
723, 1805, 1
353, 1210, 1
1633, 2035, 1
1938, 2262, 1
1633, 723, 1
723, 2070, 1
1447, 2262, 1
382, 1938, 1
816, 1623, 1
723, 111, 1
817, 1210, 1
1210, 2035, 1
600, 49, 1
1929, 1633, 1
816, 1223, 1
1210, 723, 1
2262, 1693, 1
1938, 1709, 1
2035, 1623, 1
1633, 179, 1
600, 143, 1
600, 817, 1
1210, 1015, 1
2262, 1805, 1
1805, 1709, 1
600, 179, 1
723, 268, 1
353, 1223, 1
2262, 2070, 1
1070, 1623, 1
2262, 111, 1
353, 1070, 1
1015, 790, 1
1697, 1623, 1
1015, 1693, 1
1447, 1210, 1
1015, 143, 1
1070, 1223, 1
723, 1701, 1
1623, 1701, 1
1697, 1223, 1
2145, 2262, 1
2035, 989, 1
268, 1623, 1
226, 989, 1
2145, 1633, 1
382, 989, 1
268, 1223, 1
353, 1447, 1
1856, 2262, 1
111, 382, 1
1015, 2070, 1
353, 382, 1
1015, 111, 1
1856, 1633, 1
1070, 1856, 1
817, 1447, 1
600, 268, 1
2262, 353, 1
1929, 1623, 1
111, 2035, 1
817, 382, 1
1697, 989, 1
1856, 2145, 1
1929, 1223, 1
1447, 1070, 1
600, 1701, 1
1929, 1070, 1
600, 816, 1
2145, 1210, 1
111, 1015, 1
268, 989, 1
1015, 268, 1
2070, 1701, 1
2262, 1633, 1
816, 49, 1
817, 1015, 1
1856, 1210, 1
1938, 1447, 1
816, 790, 1
1015, 1701, 1
1938, 382, 1
816, 143, 1
1623, 1938, 1
382, 2035, 1
1693, 2262, 1
1447, 382, 1
816, 817, 1
382, 723, 1
816, 179, 1
2145, 1623, 1
2145, 1223, 1
1805, 382, 1
1633, 2262, 1
382, 817, 1
49, 1709, 1
1693, 1709, 1
353, 790, 1
353, 1693, 1
226, 179, 1
353, 143, 1
382, 179, 1
1856, 1623, 1
2145, 1070, 1
1938, 1015, 1
1210, 2262, 1
817, 1693, 1
1856, 1223, 1
1633, 1709, 1
1070, 790, 1
1070, 1693, 1
816, 1697, 1
1070, 143, 1
353, 1805, 1
1210, 1633, 1
1697, 143, 1
1070, 817, 1
1856, 1070, 1
1697, 817, 1
600, 1929, 1
353, 2070, 1
2145, 1856, 1
1805, 1015, 1
600, 1938, 1
817, 1805, 1
600, 1709, 1
1697, 179, 1
1210, 2145, 1
2145, 1447, 1
353, 111, 1
2262, 1623, 1
817, 2070, 1
816, 268, 1
600, 226, 1
268, 143, 1
2070, 1938, 1
353, 1697, 1
1223, 790, 1
723, 989, 1
2262, 1223, 1
817, 111, 1
1223, 143, 1
1856, 1447, 1
2035, 268, 1
382, 268, 1
1447, 790, 1
1015, 1938, 1
1070, 1697, 1
816, 1701, 1
1447, 1693, 1
1929, 790, 1
1929, 1693, 1
1929, 143, 1
1929, 817, 1
2035, 1701, 1
1938, 1805, 1
1447, 1805, 1
1070, 268, 1
1938, 2070, 1
1697, 268, 1
1693, 1070, 1
1447, 2070, 1
817, 353, 1
1447, 111, 1
111, 2262, 1
1070, 1701, 1
111, 1633, 1
1697, 1701, 1
1929, 1697, 1
1693, 1447, 1
723, 2035, 1
2145, 790, 1
1210, 1070, 1
2145, 1693, 1
817, 1633, 1
1693, 382, 1
2145, 143, 1
268, 1701, 1
1015, 989, 1
1929, 268, 1
1633, 1447, 1
1856, 790, 1
1633, 382, 1
1856, 1693, 1
1447, 353, 1
2145, 1805, 1
1856, 143, 1
816, 1929, 1
816, 1938, 1
1929, 1701, 1
2145, 2070, 1
1210, 1447, 1
1210, 382, 1
816, 226, 1
2145, 111, 1
1693, 1015, 1
2035, 1938, 1
2035, 1709, 1
1856, 1805, 1
226, 1709, 1
382, 1709, 1
2145, 1697, 1
1856, 2070, 1
353, 1929, 1
1447, 1633, 1
2262, 790, 1
600, 2035, 1
1633, 1015, 1
143, 1701, 1
1856, 111, 1
600, 723, 1
2262, 143, 1
1805, 2262, 1
2262, 817, 1
353, 226, 1
1856, 1697, 1
1070, 1929, 1
1805, 1633, 1
1070, 1938, 1
1697, 1929, 1
600, 1015, 1
353, 1623, 1
1697, 1938, 1
1697, 1709, 1
111, 1223, 1
1070, 226, 1
1015, 2035, 1
2145, 353, 1
2070, 1015, 1
1697, 226, 1
817, 1623, 1
1015, 723, 1
111, 1070, 1
1856, 268, 1
817, 1223, 1
268, 1709, 1
816, 989, 1
1856, 353, 1
817, 1070, 1
1015, 179, 1
1856, 1701, 1
1693, 2070, 1
1929, 1938, 1
1210, 790, 1
111, 1447, 1
1210, 1693, 1
1693, 111, 1
1633, 1805, 1
353, 989, 1
1929, 226, 1
1938, 1623, 1
1633, 2070, 1
1447, 1623, 1
1938, 1223, 1
1210, 1805, 1
1070, 989, 1
1447, 1223, 1
2262, 1701, 1
1210, 2070, 1
1938, 1070, 1
1805, 1623, 1
1210, 111, 1
1805, 1223, 1
1210, 1697, 1
1693, 353, 1
1805, 1070, 1
816, 2035, 1
1223, 989, 1
816, 723, 1
2145, 1929, 1
2145, 1938, 1
1633, 353, 1
1447, 989, 1
2035, 723, 1
723, 1709, 1
2145, 226, 1
1929, 989, 1
1856, 1929, 1
1856, 1938, 1
1693, 1633, 1
1805, 1447, 1
1210, 353, 1
2035, 1015, 1
111, 790, 1
111, 1693, 1
1856, 226, 1
382, 1015, 1
111, 143, 1
1070, 49, 1
1070, 2035, 1
353, 817, 1
1070, 723, 1
1697, 2035, 1
817, 790, 1
1697, 723, 1
179, 143, 1
353, 179, 1
600, 2262, 1
817, 143, 1
111, 1805, 1
2262, 1938, 1
600, 1633, 1
111, 2070, 1
1697, 1015, 1
1070, 179, 1
268, 723, 1
600, 2145, 1
2145, 989, 1
268, 1015, 1
1633, 1210, 1
1929, 2035, 1
1929, 723, 1
1938, 790, 1
1856, 989, 1
817, 1697, 1
1938, 1693, 1
1938, 143, 1
1223, 179, 1
1015, 1709, 1
1447, 143, 1
600, 1210, 1
1447, 817, 1
353, 268, 1
1693, 1623, 1
1447, 179, 1
1805, 790, 1
1929, 179, 1
1701, 989, 1
1805, 1693, 1
1693, 1223, 1
1805, 143, 1
817, 268, 1
1210, 1929, 1
1633, 1623, 1
790, 143, 1
353, 1701, 1
2262, 989, 1
1938, 111, 1
1633, 1223, 1
179, 1701, 1
1623, 1447, 1
1938, 1633, 1
1447, 1697, 1
1623, 382, 1
1938, 49, 1
2070, 2035, 1
1633, 1856, 1
111, 268, 1
1805, 49, 1
2070, 1070, 1
1623, 1070, 1
1623, 1015, 1
268, 1938, 1
1701, 49, 1
2035, 1633, 1
1805, 817, 1
1015, 817, 1
2035, 1697, 1
1693, 1805, 1
1929, 1856, 1
1223, 226, 1
2035, 49, 1
226, 49, 1
2070, 382, 1
382, 49, 1
817, 816, 1
817, 1856, 1
816, 600, 1
2035, 817, 1
2035, 353, 1
2035, 179, 1
1693, 49, 1
1697, 49, 1
1693, 817, 1
2262, 382, 1
268, 49, 1
1623, 2262, 1
1070, 600, 1
1938, 1856, 1
1697, 600, 1
1938, 1929, 1
2070, 1709, 1
268, 817, 1
1633, 600, 1
1623, 1709, 1
1938, 226, 1
268, 353, 1
268, 179, 1
353, 49, 1
1210, 600, 1
1623, 817, 1
143, 1709, 1
816, 1856, 1
143, 989, 1
1929, 600, 1
268, 1633, 1
353, 600, 1
1633, 49, 1
2070, 2262, 1
268, 2035, 1
817, 600, 1
1623, 111, 1
2070, 1633, 1
1223, 49, 1
723, 1633, 1
382, 226, 1
723, 1697, 1
1697, 816, 1
2070, 49, 1
1447, 49, 1
1697, 1856, 1
723, 49, 1
1929, 49, 1
1623, 2035, 1
1938, 817, 1
179, 49, 1
2070, 817, 1
790, 1709, 1
817, 49, 1
1938, 353, 1
723, 817, 1
2145, 600, 1
2070, 353, 1
790, 49, 1
1938, 600, 1
723, 353, 1
723, 179, 1
143, 49, 1
1856, 600, 1
353, 816, 1
2262, 49, 1
353, 1856, 1
1623, 49, 1
1015, 49, 1
111, 49, 1
1210, 816, 1
2070, 723, 1
1938, 816, 1
1633, 816, 1
1929, 816, 1
1210, 1856, 1
1805, 226, 1
1223, 921, -1
1223, 0, -1
1223, 3, -1
1223, 5, -1
1223, 1096, -1
1223, 1910, -1
1223, 10, -1
1223, 1577, -1
1223, 2060, -1
1223, 2038, -1
1223, 714, -1
1223, 1319, -1
1223, 87, -1
1223, 1441, -1
1223, 1119, -1
1223, 301, -1
1223, 1715, -1
1223, 991, -1
1223, 1654, -1
1223, 505, -1
1223, 1619, -1
1223, 615, -1
226, 921, -1
226, 0, -1
226, 3, -1
226, 5, -1
226, 1096, -1
226, 1910, -1
226, 10, -1
226, 1577, -1
226, 2060, -1
226, 2038, -1
226, 714, -1
226, 1319, -1
226, 87, -1
226, 1441, -1
226, 1119, -1
226, 301, -1
226, 1715, -1
226, 991, -1
226, 1654, -1
226, 505, -1
226, 1619, -1
226, 615, -1
790, 921, -1
790, 0, -1
790, 3, -1
790, 5, -1
790, 1096, -1
790, 1910, -1
790, 10, -1
790, 1577, -1
790, 2060, -1
790, 2038, -1
790, 714, -1
790, 1319, -1
790, 87, -1
790, 1441, -1
790, 1119, -1
790, 301, -1
790, 1715, -1
790, 991, -1
790, 1654, -1
790, 505, -1
790, 1619, -1
790, 615, -1
179, 921, -1
179, 0, -1
179, 3, -1
179, 5, -1
179, 1096, -1
179, 1910, -1
179, 10, -1
179, 1577, -1
179, 2060, -1
179, 2038, -1
179, 714, -1
179, 1319, -1
179, 87, -1
179, 1441, -1
179, 1119, -1
179, 301, -1
179, 1715, -1
179, 991, -1
179, 1654, -1
179, 505, -1
179, 1619, -1
179, 615, -1
143, 921, -1
143, 0, -1
143, 3, -1
143, 5, -1
143, 1096, -1
143, 1910, -1
143, 10, -1
143, 1577, -1
143, 2060, -1
143, 2038, -1
143, 714, -1
143, 1319, -1
143, 87, -1
143, 1441, -1
143, 1119, -1
143, 301, -1
143, 1715, -1
143, 991, -1
143, 1654, -1
143, 505, -1
143, 1619, -1
143, 615, -1
1701, 921, -1
1701, 0, -1
1701, 3, -1
1701, 5, -1
1701, 1096, -1
1701, 1910, -1
1701, 10, -1
1701, 1577, -1
1701, 2060, -1
1701, 2038, -1
1701, 714, -1
1701, 1319, -1
1701, 87, -1
1701, 1441, -1
1701, 1119, -1
1701, 301, -1
1701, 1715, -1
1701, 991, -1
1701, 1654, -1
1701, 505, -1
1701, 1619, -1
1701, 615, -1
989, 921, -1
989, 0, -1
989, 3, -1
989, 5, -1
989, 1096, -1
989, 1910, -1
989, 10, -1
989, 1577, -1
989, 2060, -1
989, 2038, -1
989, 714, -1
989, 1319, -1
989, 87, -1
989, 1441, -1
989, 1119, -1
989, 301, -1
989, 1715, -1
989, 991, -1
989, 1654, -1
989, 505, -1
989, 1619, -1
989, 615, -1
49, 921, -1
49, 0, -1
49, 3, -1
49, 5, -1
49, 1096, -1
49, 1910, -1
49, 10, -1
49, 1577, -1
49, 2060, -1
49, 2038, -1
49, 714, -1
49, 1319, -1
49, 87, -1
49, 1441, -1
49, 1119, -1
49, 301, -1
49, 1715, -1
49, 991, -1
49, 1654, -1
49, 505, -1
49, 1619, -1
49, 615, -1
1709, 921, -1
1709, 0, -1
1709, 3, -1
1709, 5, -1
1709, 1096, -1
1709, 1910, -1
1709, 10, -1
1709, 1577, -1
1709, 2060, -1
1709, 2038, -1
1709, 714, -1
1709, 1319, -1
1709, 87, -1
1709, 1441, -1
1709, 1119, -1
1709, 301, -1
1709, 1715, -1
1709, 991, -1
1709, 1654, -1
1709, 505, -1
1709, 1619, -1
1709, 615, -1
921, 1929, -1
353, 1319, -1
2035, 2038, -1
1654, 1938, -1
714, 1447, -1
0, 1070, -1
1938, 1715, -1
382, 2038, -1
1447, 1715, -1
505, 1709, -1
2145, 714, -1
817, 1319, -1
921, 226, -1
2035, 991, -1
1654, 226, -1
3, 1709, -1
2262, 1119, -1
1938, 3, -1
3, 2145, -1
382, 991, -1
1447, 3, -1
921, 1623, -1
817, 2060, -1
1856, 714, -1
921, 1223, -1
600, 5, -1
0, 1447, -1
1805, 3, -1
0, 382, -1
505, 1210, -1
723, 615, -1
1623, 615, -1
3, 1210, -1
2038, 2035, -1
1096, 1623, -1
111, 87, -1
2038, 723, -1
353, 505, -1
1693, 301, -1
1938, 1319, -1
1441, 989, -1
1015, 5, -1
1633, 1577, -1
991, 2262, -1
1096, 1223, -1
1633, 921, -1
1447, 1319, -1
1619, 1938, -1
817, 505, -1
1577, 382, -1
1938, 2060, -1
2060, 1015, -1
817, 87, -1
2038, 1015, -1
1096, 1070, -1
2145, 1715, -1
1633, 301, -1
921, 989, -1
1654, 989, -1
0, 1015, -1
615, 1709, -1
600, 1577, -1
1210, 1119, -1
600, 921, -1
991, 1709, -1
10, 143, -1
2070, 1577, -1
1805, 2060, -1
1210, 301, -1
1856, 1715, -1
1910, 2262, -1
714, 790, -1
714, 1693, -1
5, 1623, -1
382, 1619, -1
1096, 1856, -1
10, 179, -1
714, 143, -1
5, 1223, -1
1715, 1623, -1
1577, 1015, -1
816, 10, -1
3, 1070, -1
1715, 1223, -1
1910, 1709, -1
1938, 505, -1
714, 1805, -1
1938, 87, -1
714, 2070, -1
0, 1693, -1
2145, 1319, -1
1697, 1619, -1
714, 111, -1
1210, 714, -1
3, 1856, -1
1015, 615, -1
505, 1447, -1
1441, 2035, -1
301, 2035, -1
1805, 505, -1
1805, 87, -1
1441, 723, -1
3, 1447, -1
301, 723, -1
714, 1697, -1
1619, 989, -1
505, 382, -1
3, 382, -1
111, 1654, -1
0, 1805, -1
1856, 1319, -1
353, 1654, -1
1654, 2035, -1
921, 49, -1
816, 5, -1
111, 1910, -1
723, 2038, -1
1070, 10, -1
1654, 723, -1
1623, 2038, -1
0, 2070, -1
10, 268, -1
1697, 10, -1
0, 111, -1
817, 1654, -1
2035, 5, -1
723, 991, -1
714, 268, -1
921, 143, -1
1623, 991, -1
1633, 1441, -1
921, 817, -1
817, 1910, -1
382, 5, -1
111, 1119, -1
10, 1701, -1
921, 179, -1
1654, 179, -1
505, 1015, -1
1633, 1715, -1
714, 353, -1
111, 301, -1
3, 1015, -1
1210, 1441, -1
714, 1701, -1
817, 1119, -1
1633, 3, -1
1096, 790, -1
1210, 1715, -1
1070, 5, -1
1096, 143, -1
816, 1577, -1
1096, 817, -1
1697, 5, -1
816, 921, -1
1929, 10, -1
1210, 3, -1
0, 353, -1
1938, 1654, -1
0, 600, -1
991, 382, -1
1447, 1654, -1
1693, 1319, -1
1619, 2035, -1
2035, 1577, -1
1938, 1910, -1
1619, 723, -1
382, 1577, -1
268, 5, -1
1447, 1910, -1
600, 991, -1
1577, 989, -1
2060, 2262, -1
2038, 2262, -1
1805, 1654, -1
3, 1693, -1
1633, 1319, -1
1938, 1119, -1
921, 268, -1
2038, 1633, -1
1805, 1910, -1
1910, 1447, -1
817, 714, -1
1447, 1119, -1
5, 143, -1
1015, 2038, -1
0, 1633, -1
1096, 1697, -1
1619, 179, -1
1633, 2060, -1
1715, 790, -1
1910, 382, -1
1929, 5, -1
1070, 1577, -1
1070, 921, -1
505, 1805, -1
2038, 2145, -1
1210, 1319, -1
991, 1015, -1
1715, 143, -1
5, 179, -1
1697, 921, -1
1697, 1577, -1
3, 1805, -1
1015, 991, -1
353, 615, -1
0, 2145, -1
921, 1701, -1
1805, 1119, -1
505, 2070, -1
1577, 2262, -1
3, 2070, -1
600, 2060, -1
505, 111, -1
2145, 10, -1
10, 1938, -1
1805, 301, -1
1096, 268, -1
10, 1709, -1
3, 111, -1
268, 1577, -1
1577, 1633, -1
1070, 615, -1
714, 1929, -1
714, 1938, -1
10, 226, -1
1910, 1015, -1
2038, 1210, -1
1856, 10, -1
1096, 1701, -1
714, 226, -1
1633, 505, -1
1447, 714, -1
1633, 87, -1
1929, 1577, -1
1929, 921, -1
1210, 505, -1
5, 268, -1
600, 87, -1
505, 353, -1
1441, 2262, -1
301, 2262, -1
3, 353, -1
1577, 1210, -1
723, 5, -1
1715, 268, -1
1447, 615, -1
3, 600, -1
991, 1805, -1
1929, 615, -1
2070, 87, -1
1654, 2262, -1
0, 1623, -1
991, 2070, -1
5, 1701, -1
1910, 1693, -1
1441, 1709, -1
1015, 1619, -1
816, 2038, -1
301, 1709, -1
0, 1223, -1
1715, 1701, -1
111, 1319, -1
2060, 1070, -1
2038, 1070, -1
505, 1633, -1
816, 991, -1
921, 1938, -1
921, 1709, -1
382, 3, -1
3, 1633, -1
1654, 1709, -1
714, 989, -1
1910, 1805, -1
1577, 1623, -1
353, 2038, -1
1910, 2070, -1
2262, 5, -1
1577, 1223, -1
1693, 1654, -1
2038, 1856, -1
723, 1577, -1
1441, 1210, -1
1623, 1577, -1
1910, 111, -1
1805, 1715, -1
0, 1856, -1
1693, 1910, -1
353, 991, -1
2060, 1447, -1
2038, 1447, -1
1096, 1929, -1
1577, 1070, -1
1096, 1938, -1
1070, 2038, -1
2060, 382, -1
2038, 382, -1
1697, 2038, -1
2145, 615, -1
1633, 1654, -1
816, 2060, -1
1096, 226, -1
1633, 1910, -1
1070, 991, -1
1693, 1119, -1
1697, 991, -1
2035, 2060, -1
615, 2262, -1
1210, 1654, -1
268, 2038, -1
1856, 615, -1
382, 2060, -1
1577, 1447, -1
1210, 1910, -1
1633, 1119, -1
1619, 1709, -1
2262, 1577, -1
268, 991, -1
10, 2035, -1
2070, 1910, -1
10, 723, -1
5, 1938, -1
5, 1709, -1
1805, 1319, -1
816, 1619, -1
714, 49, -1
1929, 2038, -1
600, 1119, -1
1441, 1070, -1
301, 1070, -1
714, 2035, -1
505, 1623, -1
714, 723, -1
5, 226, -1
816, 87, -1
1697, 2060, -1
3, 1623, -1
10, 1015, -1
600, 301, -1
2070, 1119, -1
1929, 991, -1
2262, 615, -1
505, 1223, -1
87, 143, -1
3, 1223, -1
2035, 87, -1
714, 817, -1
382, 87, -1
505, 1070, -1
1096, 989, -1
353, 1619, -1
714, 179, -1
268, 2060, -1
1015, 1577, -1
1441, 1447, -1
301, 1447, -1
1633, 714, -1
2060, 790, -1
2038, 790, -1
1441, 382, -1
301, 382, -1
2060, 1693, -1
2038, 1693, -1
2060, 143, -1
1015, 301, -1
0, 790, -1
1070, 1619, -1
0, 143, -1
1654, 1447, -1
0, 817, -1
600, 714, -1
1654, 382, -1
1697, 87, -1
353, 10, -1
2060, 1805, -1
2038, 1805, -1
3, 989, -1
2145, 2038, -1
817, 10, -1
2060, 2070, -1
921, 2035, -1
2038, 2070, -1
1577, 790, -1
921, 723, -1
1577, 1693, -1
268, 87, -1
1441, 1015, -1
2145, 991, -1
2060, 111, -1
991, 1623, -1
2038, 111, -1
301, 1015, -1
1577, 143, -1
1210, 615, -1
1715, 989, -1
1856, 2038, -1
991, 1223, -1
2038, 1697, -1
921, 1015, -1
615, 1070, -1
1447, 1619, -1
0, 1697, -1
1654, 1015, -1
1929, 1619, -1
1577, 1805, -1
1856, 991, -1
991, 1070, -1
353, 5, -1
1096, 49, -1
1096, 2035, -1
1577, 2070, -1
600, 1441, -1
1096, 723, -1
1910, 1623, -1
1577, 111, -1
817, 5, -1
1623, 1319, -1
382, 1654, -1
600, 1715, -1
0, 268, -1
2035, 1910, -1
1938, 10, -1
1619, 382, -1
2262, 2038, -1
1577, 1697, -1
1447, 10, -1
1910, 1223, -1
382, 1910, -1
2038, 353, -1
723, 2060, -1
1441, 1693, -1
301, 1693, -1
615, 382, -1
600, 3, -1
2038, 600, -1
1096, 179, -1
2262, 991, -1
816, 301, -1
2035, 1119, -1
0, 1701, -1
1319, 382, -1
3, 49, -1
382, 1119, -1
505, 790, -1
1577, 268, -1
1441, 1805, -1
1015, 1715, -1
505, 1693, -1
2035, 301, -1
5, 2035, -1
5, 723, -1
3, 790, -1
505, 143, -1
353, 921, -1
353, 1577, -1
382, 301, -1
505, 817, -1
1715, 2035, -1
3, 143, -1
1441, 2070, -1
2145, 1619, -1
301, 2070, -1
1715, 723, -1
1619, 1015, -1
1015, 3, -1
1577, 353, -1
3, 817, -1
1938, 5, -1
1654, 1805, -1
817, 1577, -1
1441, 111, -1
301, 111, -1
1447, 5, -1
3, 179, -1
817, 921, -1
5, 1015, -1
1577, 1701, -1
10, 2262, -1
111, 615, -1
1654, 2070, -1
600, 1319, -1
723, 505, -1
723, 87, -1
1623, 87, -1
1856, 1619, -1
1654, 111, -1
1715, 179, -1
1070, 301, -1
2070, 1319, -1
1697, 301, -1
1210, 2038, -1
817, 615, -1
505, 1697, -1
3, 1697, -1
714, 1709, -1
268, 301, -1
1441, 353, -1
1096, 816, -1
615, 790, -1
1015, 2060, -1
1447, 1577, -1
615, 1693, -1
991, 790, -1
2262, 87, -1
991, 1693, -1
505, 268, -1
991, 143, -1
3, 268, -1
0, 1929, -1
1619, 1805, -1
816, 1441, -1
600, 505, -1
0, 1938, -1
2145, 5, -1
1929, 301, -1
1938, 615, -1
615, 1805, -1
0, 226, -1
816, 1715, -1
505, 1701, -1
1441, 1633, -1
2060, 1623, -1
2038, 1623, -1
615, 2070, -1
3, 1701, -1
921, 2262, -1
1856, 5, -1
1910, 790, -1
816, 3, -1
2060, 1223, -1
615, 111, -1
2038, 1223, -1
2035, 1715, -1
1577, 1929, -1
1910, 143, -1
1805, 615, -1
353, 1441, -1
1577, 1938, -1
991, 111, -1
921, 1633, -1
382, 1715, -1
1015, 87, -1
723, 1654, -1
1623, 1654, -1
1577, 226, -1
723, 1910, -1
1070, 1441, -1
1623, 1910, -1
1697, 1441, -1
111, 2038, -1
2145, 1577, -1
1210, 1619, -1
1096, 2262, -1
2145, 921, -1
10, 1070, -1
1070, 1715, -1
1697, 1715, -1
111, 991, -1
1633, 10, -1
723, 1119, -1
991, 268, -1
1623, 1119, -1
816, 1319, -1
817, 2038, -1
1070, 3, -1
2060, 989, -1
2038, 989, -1
1856, 1577, -1
1856, 921, -1
1697, 3, -1
1096, 1709, -1
723, 301, -1
0, 989, -1
921, 1210, -1
2035, 1319, -1
817, 991, -1
1210, 10, -1
268, 1715, -1
382, 1319, -1
991, 1701, -1
1619, 2262, -1
10, 1447, -1
1693, 5, -1
10, 382, -1
1929, 1441, -1
5, 2262, -1
600, 1654, -1
1910, 268, -1
505, 1929, -1
1441, 1623, -1
600, 1910, -1
301, 1623, -1
505, 1938, -1
1715, 2262, -1
714, 382, -1
1319, 2262, -1
353, 2060, -1
3, 1929, -1
1633, 5, -1
1929, 1715, -1
2070, 1654, -1
1096, 1210, -1
3, 1938, -1
1441, 1223, -1
301, 1223, -1
1070, 1319, -1
1938, 2038, -1
505, 226, -1
1697, 1319, -1
1654, 1623, -1
1910, 1701, -1
1929, 3, -1
1447, 2038, -1
3, 226, -1
2262, 301, -1
816, 505, -1
1070, 2060, -1
1715, 1709, -1
1210, 5, -1
1654, 1223, -1
1015, 1654, -1
1938, 991, -1
1119, 143, -1
1447, 991, -1
1015, 1910, -1
1805, 2038, -1
268, 1319, -1
2035, 505, -1
921, 1070, -1
1693, 1577, -1
714, 1015, -1
2038, 49, -1
1805, 991, -1
0, 49, -1
1015, 1119, -1
0, 2035, -1
353, 87, -1
0, 723, -1
2145, 1441, -1
817, 1619, -1
1929, 1319, -1
2038, 143, -1
1693, 615, -1
2038, 817, -1
921, 1447, -1
1070, 505, -1
1447, 2060, -1
1070, 87, -1
2038, 179, -1
1929, 2060, -1
1697, 505, -1
921, 382, -1
1210, 1577, -1
991, 1938, -1
1210, 921, -1
1856, 1441, -1
0, 179, -1
10, 790, -1
723, 1715, -1
505, 989, -1
10, 1693, -1
2145, 3, -1
1633, 615, -1
1577, 2035, -1
1619, 1623, -1
1577, 49, -1
1577, 723, -1
991, 226, -1
1619, 1223, -1
615, 1623, -1
268, 505, -1
1096, 1447, -1
1577, 817, -1
1856, 3, -1
600, 615, -1
10, 1805, -1
1619, 1070, -1
1319, 1623, -1
1096, 382, -1
1938, 1619, -1
1577, 179, -1
1910, 1938, -1
10, 2070, -1
2070, 615, -1
5, 1070, -1
111, 5, -1
10, 111, -1
816, 1654, -1
1447, 87, -1
1910, 226, -1
1929, 505, -1
1715, 1070, -1
1319, 1070, -1
1929, 87, -1
816, 1910, -1
1805, 1619, -1
2060, 268, -1
2035, 1654, -1
1619, 1447, -1
2038, 268, -1
723, 1319, -1
1441, 49, -1
2145, 2060, -1
5, 1447, -1
1096, 1015, -1
1441, 790, -1
816, 1119, -1
301, 790, -1
615, 989, -1
1441, 143, -1
301, 143, -1
5, 382, -1
991, 989, -1
1715, 1447, -1
1441, 817, -1
2060, 1701, -1
2038, 1701, -1
353, 1910, -1
505, 49, -1
1856, 2060, -1
505, 2035, -1
2038, 816, -1
1715, 382, -1
505, 723, -1
3, 2035, -1
921, 790, -1
0, 816, -1
921, 1693, -1
1654, 1693, -1
1654, 790, -1
3, 723, -1
1441, 179, -1
1654, 143, -1
1070, 1654, -1
111, 1577, -1
1697, 1654, -1
1070, 1910, -1
1693, 2038, -1
353, 1119, -1
1697, 1910, -1
2262, 1319, -1
505, 179, -1
2145, 505, -1
921, 1805, -1
1910, 989, -1
353, 301, -1
2145, 87, -1
1693, 991, -1
268, 1654, -1
1633, 2038, -1
1070, 1119, -1
921, 2070, -1
1441, 1697, -1
1096, 1693, -1
1697, 1119, -1
268, 1910, -1
1715, 1015, -1
816, 714, -1
817, 301, -1
921, 111, -1
714, 2262, -1
1856, 505, -1
1805, 5, -1
1633, 991, -1
1856, 87, -1
921, 1697, -1
600, 2038, -1
714, 1633, -1
268, 1119, -1
1096, 1805, -1
1929, 1654, -1
1441, 268, -1
301, 268, -1
1210, 991, -1
2070, 2038, -1
1929, 1910, -1
1015, 1319, -1
1096, 2070, -1
816, 615, -1
353, 714, -1
1619, 790, -1
1619, 1693, -1
991, 2035, -1
1619, 143, -1
0, 2262, -1
1938, 1577, -1
1096, 111, -1
991, 723, -1
2070, 991, -1
1654, 268, -1
5, 790, -1
5, 1693, -1
2035, 615, -1
615, 143, -1
1441, 1701, -1
301, 1701, -1
1929, 1119, -1
2038, 1929, -1
382, 615, -1
1070, 714, -1
2038, 1938, -1
1319, 790, -1
1938, 301, -1
2060, 1709, -1
1715, 1693, -1
1319, 1693, -1
921, 353, -1
1697, 714, -1
2038, 1709, -1
1319, 143, -1
1447, 301, -1
0, 1709, -1
1805, 1577, -1
991, 179, -1
2038, 226, -1
1654, 1701, -1
1619, 2070, -1
5, 1805, -1
1210, 2060, -1
1910, 2035, -1
1910, 723, -1
1619, 111, -1
1715, 1805, -1
5, 2070, -1
3, 816, -1
1693, 87, -1
1697, 615, -1
5, 111, -1
1715, 2070, -1
1319, 2070, -1
2145, 1654, -1
1096, 353, -1
1577, 1709, -1
1096, 600, -1
1715, 111, -1
1633, 1619, -1
2145, 1910, -1
10, 1623, -1
0, 1210, -1
1910, 179, -1
353, 1715, -1
817, 1441, -1
1929, 714, -1
268, 615, -1
10, 1223, -1
714, 1623, -1
1856, 1654, -1
1619, 268, -1
353, 3, -1
817, 1715, -1
600, 1619, -1
2145, 1119, -1
1856, 1910, -1
714, 1223, -1
615, 268, -1
1210, 87, -1
1096, 1633, -1
817, 3, -1
2145, 301, -1
714, 1070, -1
1619, 1701, -1
1856, 1119, -1
1096, 2145, -1
1441, 1929, -1
615, 1701, -1
1441, 1938, -1
600, 10, -1
1856, 301, -1
2262, 1654, -1
505, 2262, -1
1938, 1441, -1
3, 2262, -1
10, 989, -1
2262, 1910, -1
1441, 226, -1
87, 1447, -1
1119, 1447, -1
1654, 1633, -1
1910, 817, -1
615, 1447, -1
921, 1856, -1
10, 49, -1
2060, 353, -1
2060, 179, -1
1910, 1070, -1
5, 1633, -1
991, 1447, -1
1910, 353, -1
505, 1856, -1
1319, 111, -1
1619, 49, -1
1619, 1633, -1
5, 989, -1
1654, 49, -1
1319, 1447, -1
301, 817, -1
1715, 1633, -1
1715, 1697, -1
5, 49, -1
87, 1623, -1
1119, 1623, -1
10, 817, -1
301, 353, -1
1441, 600, -1
301, 1805, -1
10, 353, -1
1715, 49, -1
87, 1223, -1
1119, 1223, -1
615, 1223, -1
1619, 817, -1
1654, 817, -1
10, 600, -1
2060, 1633, -1
1654, 353, -1
1619, 353, -1
1654, 1070, -1
1577, 600, -1
1910, 1633, -1
87, 1015, -1
5, 817, -1
615, 1015, -1
1319, 1223, -1
1119, 1015, -1
714, 600, -1
921, 600, -1
505, 600, -1
1441, 1856, -1
2060, 49, -1
5, 353, -1
1715, 817, -1
2060, 2035, -1
10, 1856, -1
1910, 49, -1
301, 1633, -1
1319, 1015, -1
1715, 353, -1
2060, 723, -1
10, 1697, -1
10, 1929, -1
301, 989, -1
87, 111, -1
1119, 111, -1
10, 1633, -1
1577, 1856, -1
714, 1856, -1
301, 49, -1
2060, 817, -1
1619, 1697, -1
1577, 816, -1
2060, 1938, -1
921, 816, -1
301, 1938, -1
1715, 1938, -1
1441, 816, -1
714, 816, -1
505, 816, -1
10, 816, -1

