214, 1016, 1
1416, 799, 1
1182, 685, 1
799, 1016, -1
214, 799, -1
685, 1016, -1
685, 214, -1
685, 799, -1
1416, 1016, -1
1416, 214, -1
1416, 685, -1
1182, 1016, -1
1182, 214, -1
1182, 799, -1
1182, 1416, -1
1416, 1182, -1
1016, 685, -1
1016, 1416, -1
1016, 1182, -1
214, 685, -1
1016, 799, -1
214, 1182, -1

1398, 799, 1
1398, 1416, 1
375, 685, 1
375, 1182, 1
1191, 799, 1
1191, 1416, 1
1191, 1398, 1
1416, 1398, 1
1416, 1191, 1
1416, 799, 1
685, 1182, 1
799, 1398, 1
1398, 1191, 1
799, 1191, 1
685, 375, 1
1182, 375, 1
663, 1016, -1
663, 214, -1
663, 799, -1
663, 1416, -1
663, 685, -1
663, 1182, -1
1398, 1016, -1
1398, 214, -1
1398, 685, -1
1398, 1182, -1
1398, 663, -1
375, 1016, -1
375, 214, -1
375, 799, -1
375, 1416, -1
375, 1398, -1
375, 663, -1
1191, 1016, -1
1191, 214, -1
1191, 685, -1
1191, 1182, -1
1191, 375, -1
1191, 663, -1
214, 1191, -1
1416, 1182, -1
799, 685, -1
1416, 663, -1
685, 1191, -1
1016, 799, -1
375, 1191, -1
799, 1182, -1
799, 663, -1
663, 1398, -1
685, 1398, -1
1416, 214, -1
1182, 1191, -1
685, 214, -1
799, 214, -1
214, 799, -1
1016, 685, -1
1182, 1398, -1
1416, 375, -1
1016, 1182, -1
685, 799, -1
1398, 375, -1
1182, 214, -1
1016, 1191, -1
799, 375, -1
1016, 1398, -1
1182, 799, -1
1416, 685, -1
1016, 1416, -1
685, 663, -1
214, 375, -1
214, 685, -1
1016, 375, -1
663, 1191, -1
1182, 663, -1

1059, 1016, 1
1059, 214, 1
911, 685, 1
911, 1182, 1
911, 375, 1
1390, 799, 1
1390, 1416, 1
1390, 1398, 1
1390, 1191, 1
1229, 685, 1
1229, 1182, 1
1229, 375, 1
1229, 911, 1
1416, 1191, 1
685, 1182, 1
1182, 911, 1
1398, 1191, 1
799, 1191, 1
1416, 1398, 1
1182, 685, 1
375, 1182, 1
375, 1229, 1
1416, 799, 1
685, 375, 1
1398, 799, 1
1191, 799, 1
685, 1229, 1
375, 911, 1
375, 685, 1
1182, 375, 1
1016, 214, 1
685, 911, 1
799, 1390, 1
1416, 1390, 1
1191, 1398, 1
911, 1229, 1
799, 1398, 1
1398, 1390, 1
1016, 1059, 1
1191, 1390, 1
1059, 799, -1
1059, 1416, -1
1059, 1398, -1
1059, 1191, -1
1059, 685, -1
1059, 1182, -1
1059, 375, -1
1059, 663, -1
911, 1016, -1
911, 214, -1
911, 1059, -1
911, 799, -1
911, 1416, -1
911, 1398, -1
911, 1191, -1
911, 663, -1
1390, 1016, -1
1390, 214, -1
1390, 1059, -1
1390, 685, -1
1390, 1182, -1
1390, 375, -1
1390, 911, -1
1390, 663, -1
1229, 1016, -1
1229, 214, -1
1229, 1059, -1
1229, 799, -1
1229, 1416, -1
1229, 1398, -1
1229, 1191, -1
1229, 1390, -1
1229, 663, -1
214, 1191, -1
1398, 685, -1
1416, 1182, -1
375, 663, -1
799, 911, -1
663, 685, -1
214, 1182, -1
1191, 685, -1
214, 663, -1
799, 685, -1
1398, 1182, -1
663, 1182, -1
1182, 1390, -1
1191, 1182, -1
1016, 375, -1
375, 1398, -1
685, 1191, -1
1016, 799, -1
799, 1182, -1
375, 214, -1
1416, 663, -1
375, 1191, -1
1398, 663, -1
214, 1398, -1
685, 663, -1
1191, 663, -1
1016, 1229, -1
799, 663, -1
1416, 214, -1
685, 1398, -1
1416, 1059, -1
1182, 1191, -1
685, 214, -1
1398, 214, -1
1398, 1059, -1
1416, 1016, -1
375, 799, -1
1182, 663, -1
1016, 911, -1
1016, 1390, -1
214, 375, -1
214, 799, -1
1016, 1416, -1
1016, 685, -1
1182, 1398, -1
685, 1390, -1
1416, 375, -1
1416, 1229, -1
1016, 1182, -1
1182, 214, -1
1398, 375, -1
685, 799, -1
663, 375, -1
1191, 375, -1
1398, 1229, -1
1059, 1229, -1
663, 1229, -1
1016, 1191, -1
799, 375, -1
1191, 1229, -1
375, 1390, -1
799, 1229, -1
214, 1390, -1
1016, 663, -1
214, 911, -1
1016, 1398, -1
1182, 799, -1
1416, 911, -1
1059, 1390, -1
1416, 685, -1
1191, 911, -1
1398, 911, -1
1059, 911, -1
799, 214, -1
663, 1398, -1
911, 1390, -1
663, 799, -1
214, 685, -1
1390, 1229, -1
663, 1416, -1
663, 1191, -1
663, 911, -1
663, 1390, -1
1191, 214, -1
1191, 1059, -1

1151, 685, 1
1151, 1182, 1
1151, 375, 1
1151, 911, 1
1151, 1229, 1
131, 1016, 1
131, 214, 1
131, 1059, 1
1159, 685, 1
1159, 1182, 1
1159, 375, 1
1159, 911, 1
1159, 1229, 1
1159, 1151, 1
1229, 1151, 1
911, 375, 1
375, 1151, 1
911, 1159, 1
911, 1229, 1
685, 1182, 1
685, 1151, 1
1229, 1159, 1
1016, 214, 1
1059, 214, 1
375, 1159, 1
911, 685, 1
375, 1229, 1
911, 1182, 1
685, 1159, 1
911, 1151, 1
685, 1229, 1
1229, 685, 1
375, 685, 1
1182, 1159, 1
1229, 1182, 1
1151, 1159, 1
375, 1182, 1
1016, 1059, 1
1182, 685, 1
375, 911, 1
685, 375, 1
1182, 375, 1
1059, 131, 1
1016, 131, 1
1229, 375, 1
1182, 911, 1
685, 911, 1
1229, 911, 1
1182, 1151, 1
1151, 1016, -1
1151, 214, -1
1151, 1059, -1
1151, 799, -1
1151, 1416, -1
1151, 1398, -1
1151, 1191, -1
1151, 1390, -1
1151, 663, -1
131, 799, -1
131, 1416, -1
131, 1398, -1
131, 1191, -1
131, 1390, -1
131, 685, -1
131, 1182, -1
131, 375, -1
131, 911, -1
131, 1229, -1
131, 1151, -1
131, 663, -1
1159, 1016, -1
1159, 214, -1
1159, 1059, -1
1159, 131, -1
1159, 799, -1
1159, 1416, -1
1159, 1398, -1
1159, 1191, -1
1159, 1390, -1
1159, 663, -1
205, 1016, -1
205, 214, -1
205, 1059, -1
205, 131, -1
205, 799, -1
205, 1416, -1
205, 1398, -1
205, 1191, -1
205, 1390, -1
205, 685, -1
205, 1182, -1
205, 375, -1
205, 911, -1
205, 1229, -1
205, 1151, -1
205, 1159, -1
205, 663, -1
911, 799, -1
799, 685, -1
1229, 205, -1
214, 1151, -1
375, 1398, -1
1229, 214, -1
214, 1398, -1
1016, 799, -1
1059, 1191, -1
1016, 1229, -1
799, 1151, -1
1016, 911, -1
214, 799, -1
1416, 1229, -1
1059, 1229, -1
663, 1229, -1
1191, 1229, -1
214, 911, -1
1016, 1151, -1
911, 1059, -1
663, 911, -1
1416, 685, -1
685, 1390, -1
1059, 685, -1
663, 685, -1
911, 131, -1
1191, 685, -1
1229, 1398, -1
1416, 1151, -1
1059, 1151, -1
663, 1151, -1
1191, 1151, -1
1059, 1398, -1
1416, 214, -1
911, 1390, -1
1059, 205, -1
1416, 1016, -1
1182, 1398, -1
911, 1191, -1
1016, 1182, -1
1182, 214, -1
1398, 1159, -1
1059, 799, -1
375, 1390, -1
214, 1390, -1
1416, 911, -1
214, 1182, -1
1059, 911, -1
214, 1191, -1
214, 663, -1
1016, 375, -1
1016, 1159, -1
799, 1182, -1
131, 1159, -1
685, 205, -1
1416, 1059, -1
1390, 1159, -1
685, 214, -1
1016, 1390, -1
214, 375, -1
214, 1159, -1
1151, 205, -1
1229, 1390, -1
799, 375, -1
1016, 1191, -1
799, 1159, -1
1016, 663, -1
1059, 1390, -1
1416, 1182, -1
1059, 1182, -1
663, 1182, -1
375, 205, -1
1182, 1390, -1
1191, 1182, -1
375, 214, -1
1059, 663, -1
685, 1398, -1
1016, 685, -1
1416, 375, -1
1416, 1159, -1
1059, 375, -1
663, 375, -1
1059, 1159, -1
1191, 375, -1
663, 1159, -1
1191, 1159, -1
911, 1398, -1
799, 1229, -1
911, 205, -1
1016, 1398, -1
911, 214, -1
1016, 205, -1
131, 205, -1
1229, 663, -1
1398, 685, -1
375, 663, -1
799, 911, -1
1390, 1059, -1
685, 1191, -1
1229, 1059, -1
685, 663, -1
1398, 1151, -1
1390, 131, -1
1390, 375, -1
1229, 131, -1
1182, 1191, -1
1390, 1229, -1
1229, 799, -1
375, 799, -1
1182, 663, -1
1398, 1059, -1
1416, 131, -1
1398, 131, -1
685, 799, -1
911, 663, -1
1398, 375, -1
1390, 911, -1
1398, 1229, -1
1390, 685, -1
1182, 131, -1
1159, 205, -1
1398, 911, -1
1182, 799, -1
214, 685, -1
1229, 1191, -1
1191, 911, -1
1390, 1151, -1
375, 1191, -1

1315, 1016, 1
1315, 214, 1
1315, 1059, 1
1315, 131, 1
154, 685, 1
154, 1182, 1
154, 375, 1
154, 911, 1
154, 1229, 1
154, 1151, 1
154, 1159, 1
1099, 1016, 1
1099, 214, 1
1099, 1059, 1
1099, 131, 1
1099, 1315, 1
131, 214, 1
1016, 1315, 1
1229, 1151, 1
911, 375, 1
1315, 1099, 1
375, 1151, 1
911, 1159, 1
685, 1182, 1
1016, 131, 1
1182, 911, 1
1151, 911, 1
1159, 375, 1
685, 1151, 1
1059, 1099, 1
1229, 375, 1
1229, 1159, 1
1059, 214, 1
375, 1159, 1
1159, 911, 1
1182, 1151, 1
1059, 1315, 1
685, 375, 1
1059, 131, 1
685, 1159, 1
911, 1151, 1
1229, 911, 1
375, 911, 1
1229, 685, 1
1159, 1151, 1
1016, 1099, 1
1182, 375, 1
1182, 1159, 1
1151, 375, 1
1229, 1182, 1
1151, 1159, 1
1016, 214, 1
685, 911, 1
1016, 1059, 1
911, 685, 1
1159, 1229, 1
1182, 685, 1
375, 1229, 1
1151, 685, 1
911, 1182, 1
1159, 685, 1
375, 685, 1
1229, 154, 1
1151, 1182, 1
911, 1229, 1
1159, 154, 1
1159, 1182, 1
375, 1182, 1
1151, 1229, 1
685, 1229, 1
911, 154, 1
1315, 799, -1
1315, 1416, -1
1315, 1398, -1
1315, 1191, -1
1315, 1390, -1
1315, 685, -1
1315, 1182, -1
1315, 375, -1
1315, 911, -1
1315, 1229, -1
1315, 1151, -1
1315, 1159, -1
1315, 663, -1
1315, 205, -1
154, 1016, -1
154, 214, -1
154, 1059, -1
154, 131, -1
154, 1315, -1
154, 799, -1
154, 1416, -1
154, 1398, -1
154, 1191, -1
154, 1390, -1
154, 663, -1
154, 205, -1
1335, 1016, -1
1335, 214, -1
1335, 1059, -1
1335, 131, -1
1335, 1315, -1
1335, 799, -1
1335, 1416, -1
1335, 1398, -1
1335, 1191, -1
1335, 1390, -1
1335, 685, -1
1335, 1182, -1
1335, 375, -1
1335, 911, -1
1335, 1229, -1
1335, 1151, -1
1335, 1159, -1
1335, 154, -1
1335, 663, -1
1335, 205, -1
1099, 799, -1
1099, 1416, -1
1099, 1398, -1
1099, 1191, -1
1099, 1390, -1
1099, 685, -1
1099, 1182, -1
1099, 375, -1
1099, 911, -1
1099, 1229, -1
1099, 1151, -1
1099, 1159, -1
1099, 154, -1
1099, 663, -1
1099, 205, -1
1099, 1335, -1
1059, 1335, -1
911, 799, -1
1229, 205, -1
214, 1151, -1
205, 911, -1
1229, 214, -1
1016, 799, -1
1151, 1335, -1
214, 1398, -1
1059, 1191, -1
1416, 1099, -1
131, 799, -1
1016, 1229, -1
131, 1229, -1
1229, 799, -1
1151, 1191, -1
1151, 663, -1
1016, 911, -1
205, 1151, -1
214, 799, -1
131, 911, -1
1016, 154, -1
1416, 1229, -1
1390, 911, -1
1059, 1229, -1
214, 911, -1
1016, 1151, -1
131, 1151, -1
1416, 685, -1
685, 1390, -1
685, 1335, -1
1059, 685, -1
1229, 1398, -1
685, 1191, -1
1416, 1151, -1
685, 663, -1
1059, 1151, -1
1059, 1398, -1
1416, 214, -1
911, 1335, -1
1059, 205, -1
1416, 1016, -1
1182, 1398, -1
911, 1191, -1
1016, 1182, -1
1182, 214, -1
1398, 375, -1
911, 663, -1
1398, 1159, -1
1059, 799, -1
131, 1182, -1
1315, 1335, -1
375, 1335, -1
214, 1390, -1
205, 375, -1
205, 1159, -1
1182, 799, -1
1416, 911, -1
214, 1182, -1
375, 1191, -1
1059, 911, -1
214, 1191, -1
375, 663, -1
1059, 154, -1
214, 663, -1
1016, 375, -1
1016, 1159, -1
131, 375, -1
1159, 799, -1
154, 1335, -1
131, 1159, -1
1390, 375, -1
205, 1182, -1
1416, 1059, -1
1390, 1159, -1
685, 214, -1
1416, 1315, -1
1016, 1390, -1
214, 375, -1
1016, 1335, -1
214, 1159, -1
1416, 131, -1
131, 1390, -1
131, 1335, -1
685, 799, -1
1229, 1390, -1
1016, 1191, -1
1229, 1335, -1
131, 1191, -1
1016, 663, -1
131, 663, -1
214, 1335, -1
1151, 799, -1
1059, 1390, -1
1229, 1191, -1
1229, 663, -1
1416, 1182, -1
1059, 1182, -1
1182, 1390, -1
1182, 1335, -1
205, 685, -1
1059, 663, -1
1398, 1151, -1
685, 1398, -1
1182, 1191, -1
375, 799, -1
1182, 663, -1
1159, 1335, -1
1016, 685, -1
1416, 375, -1
205, 214, -1
1416, 1159, -1
131, 685, -1
154, 1099, -1
1059, 375, -1
1059, 1159, -1
1159, 1191, -1
1159, 663, -1
1315, 154, -1
1016, 1398, -1
1016, 205, -1
131, 1398, -1
131, 205, -1
1390, 1151, -1
1398, 911, -1
1390, 1099, -1
1398, 685, -1
911, 131, -1
799, 911, -1
663, 685, -1
1191, 685, -1
1398, 154, -1
1159, 1315, -1
663, 154, -1
1191, 154, -1
799, 685, -1
1229, 1099, -1
663, 1182, -1
1390, 1059, -1
375, 205, -1
375, 1398, -1
1191, 1182, -1
1151, 1390, -1
375, 214, -1
1159, 131, -1
799, 1182, -1
1390, 1315, -1
1229, 1059, -1
663, 1151, -1
205, 154, -1
1191, 1151, -1
1390, 131, -1
1398, 1099, -1
1229, 1315, -1
799, 1151, -1
911, 1390, -1
685, 205, -1
1229, 131, -1
1390, 1229, -1
1398, 1059, -1
1159, 1390, -1
1398, 1315, -1
1151, 1398, -1
1398, 131, -1
1151, 205, -1
663, 375, -1
1151, 214, -1
1159, 1059, -1
1191, 375, -1
663, 1159, -1
1398, 1229, -1
1191, 1159, -1
663, 1229, -1
799, 375, -1
1390, 685, -1
1191, 1229, -1
375, 1390, -1
911, 1099, -1
911, 1398, -1
799, 1159, -1
799, 1229, -1
1390, 154, -1
911, 205, -1
1182, 131, -1
911, 214, -1
911, 1059, -1
1159, 1099, -1
1159, 205, -1
1159, 1398, -1
214, 685, -1
663, 911, -1
911, 1315, -1
1191, 911, -1
1159, 214, -1
1416, 154, -1
205, 1229, -1

575, 685, 1
575, 1182, 1
575, 375, 1
575, 911, 1
575, 1229, 1
575, 1151, 1
575, 1159, 1
575, 154, 1
1164, 685, 1
1164, 1182, 1
1164, 375, 1
1164, 911, 1
1164, 1229, 1
1164, 1151, 1
1164, 1159, 1
1164, 154, 1
1164, 575, 1
882, 685, 1
882, 1182, 1
882, 375, 1
882, 911, 1
882, 1229, 1
882, 1151, 1
882, 1159, 1
882, 154, 1
882, 575, 1
882, 1164, 1
56, 1016, 1
56, 214, 1
56, 1059, 1
56, 131, 1
56, 1315, 1
56, 1099, 1
154, 1229, 1
131, 214, 1
375, 1151, 1
685, 154, 1
1315, 1059, 1
1159, 375, 1
1099, 214, 1
154, 911, 1
1059, 1099, 1
1315, 131, 1
154, 575, 1
1151, 1182, 1
911, 154, 1
154, 1151, 1
685, 375, 1
685, 1159, 1
1229, 911, 1
1229, 685, 1
1229, 575, 1
375, 154, 1
1151, 375, 1
1151, 1159, 1
1016, 1059, 1
1159, 882, 1
1016, 1315, 1
1229, 1151, 1
685, 1182, 1
1182, 911, 1
1016, 131, 1
1099, 1059, 1
1159, 1229, 1
154, 1164, 1
1182, 575, 1
1099, 1315, 1
1099, 131, 1
1059, 214, 1
375, 1159, 1
911, 1164, 1
1159, 911, 1
1182, 1151, 1
911, 1182, 1
1159, 685, 1
1159, 575, 1
1159, 1151, 1
1229, 154, 1
154, 375, 1
154, 1159, 1
375, 1182, 1
1151, 1229, 1
911, 375, 1
911, 1159, 1
1151, 911, 1
1151, 685, 1
1182, 154, 1
1151, 575, 1
1229, 375, 1
1229, 1159, 1
154, 1182, 1
1059, 1315, 1
1159, 1164, 1
1159, 154, 1
1059, 131, 1
154, 882, 1
685, 1229, 1
1164, 882, 1
1016, 1099, 1
911, 882, 1
1229, 1182, 1
685, 911, 1
685, 575, 1
1315, 1099, 1
911, 1229, 1
1315, 214, 1
154, 685, 1
685, 1151, 1
1151, 154, 1
911, 685, 1
911, 575, 1
375, 1229, 1
1159, 1182, 1
911, 1151, 1
375, 911, 1
375, 685, 1
1182, 375, 1
375, 575, 1
1182, 1159, 1
1016, 214, 1
1182, 685, 1
1229, 1164, 1
685, 882, 1
1229, 882, 1
1182, 882, 1
1016, 56, 1
575, 1016, -1
575, 214, -1
575, 1059, -1
575, 131, -1
575, 1315, -1
575, 1099, -1
575, 799, -1
575, 1416, -1
575, 1398, -1
575, 1191, -1
575, 1390, -1
575, 663, -1
575, 205, -1
575, 1335, -1
1164, 1016, -1
1164, 214, -1
1164, 1059, -1
1164, 131, -1
1164, 1315, -1
1164, 1099, -1
1164, 799, -1
1164, 1416, -1
1164, 1398, -1
1164, 1191, -1
1164, 1390, -1
1164, 663, -1
1164, 205, -1
1164, 1335, -1
882, 1016, -1
882, 214, -1
882, 1059, -1
882, 131, -1
882, 1315, -1
882, 1099, -1
882, 799, -1
882, 1416, -1
882, 1398, -1
882, 1191, -1
882, 1390, -1
882, 663, -1
882, 205, -1
882, 1335, -1
56, 799, -1
56, 1416, -1
56, 1398, -1
56, 1191, -1
56, 1390, -1
56, 685, -1
56, 1182, -1
56, 375, -1
56, 911, -1
56, 1229, -1
56, 1151, -1
56, 1159, -1
56, 154, -1
56, 575, -1
56, 1164, -1
56, 882, -1
56, 663, -1
56, 205, -1
56, 1335, -1
1059, 1335, -1
1315, 1151, -1
1099, 1151, -1
911, 799, -1
799, 685, -1
1229, 205, -1
1099, 1398, -1
214, 1151, -1
205, 911, -1
1229, 214, -1
375, 1398, -1
1099, 205, -1
214, 1398, -1
1151, 1390, -1
1099, 1416, -1
1151, 1335, -1
1059, 1191, -1
1016, 799, -1
1315, 1416, -1
375, 1191, -1
131, 799, -1
1016, 1229, -1
205, 575, -1
131, 1229, -1
799, 1151, -1
1416, 882, -1
1229, 799, -1
1151, 1191, -1
1099, 799, -1
1151, 663, -1
1016, 911, -1
205, 1151, -1
214, 799, -1
882, 56, -1
131, 911, -1
1016, 154, -1
1416, 1229, -1
1016, 575, -1
1390, 911, -1
131, 575, -1
1059, 1229, -1
663, 1229, -1
1191, 1229, -1
1315, 1164, -1
154, 1315, -1
1099, 911, -1
1390, 575, -1
1315, 1182, -1
214, 911, -1
1016, 1151, -1
911, 1059, -1
154, 131, -1
1159, 1099, -1
1159, 205, -1
131, 1151, -1
663, 911, -1
685, 1390, -1
1416, 685, -1
685, 1335, -1
1016, 1416, -1
911, 1315, -1
1059, 685, -1
663, 685, -1
131, 1416, -1
911, 131, -1
1191, 685, -1
1229, 1398, -1
685, 1191, -1
1416, 1151, -1
685, 663, -1
1059, 1151, -1
663, 1151, -1
1191, 1151, -1
1059, 1398, -1
1416, 214, -1
911, 1390, -1
911, 1335, -1
1315, 375, -1
1059, 205, -1
1315, 1159, -1
1182, 1398, -1
1016, 1164, -1
911, 1191, -1
131, 1164, -1
1016, 1182, -1
1182, 214, -1
911, 663, -1
1398, 375, -1
1398, 1159, -1
1059, 799, -1
131, 1182, -1
1315, 1390, -1
1315, 1335, -1
1099, 1390, -1
154, 1059, -1
1099, 1335, -1
375, 1390, -1
375, 1335, -1
214, 1390, -1
1335, 1182, -1
205, 375, -1
1099, 1164, -1
205, 1159, -1
1159, 1398, -1
1182, 799, -1
1416, 911, -1
1099, 1182, -1
1315, 1191, -1
1099, 1191, -1
214, 1182, -1
1059, 911, -1
1416, 154, -1
1315, 663, -1
663, 1164, -1
214, 1191, -1
1099, 663, -1
1191, 1164, -1
1416, 575, -1
1159, 214, -1
375, 663, -1
663, 154, -1
214, 663, -1
1191, 154, -1
1059, 575, -1
1016, 375, -1
1016, 1159, -1
799, 1182, -1
154, 1390, -1
131, 375, -1
154, 1335, -1
131, 1159, -1
1159, 799, -1
205, 1182, -1
685, 205, -1
1390, 375, -1
1390, 1159, -1
685, 214, -1
1099, 375, -1
154, 1191, -1
1099, 1159, -1
1059, 1416, -1
1016, 1390, -1
214, 375, -1
1016, 1335, -1
154, 663, -1
214, 1159, -1
131, 1390, -1
1151, 1398, -1
131, 1335, -1
1151, 205, -1
685, 799, -1
1151, 214, -1
1229, 1390, -1
1016, 1191, -1
1229, 1335, -1
799, 375, -1
1315, 685, -1
911, 1099, -1
131, 1191, -1
1016, 663, -1
214, 1335, -1
131, 663, -1
1151, 799, -1
1059, 1390, -1
1229, 1191, -1
1416, 1164, -1
1016, 882, -1
1159, 1059, -1
1229, 663, -1
1416, 1182, -1
1059, 1164, -1
1315, 1398, -1
1398, 575, -1
1159, 1315, -1
1315, 205, -1
1059, 1182, -1
663, 1182, -1
1182, 1390, -1
1191, 1182, -1
1182, 1335, -1
375, 205, -1
1159, 131, -1
375, 214, -1
205, 685, -1
1059, 663, -1
1398, 1151, -1
685, 1398, -1
1182, 1191, -1
1315, 799, -1
663, 882, -1
375, 799, -1
1182, 663, -1
1191, 882, -1
1315, 1229, -1
1159, 1390, -1
1099, 1229, -1
1159, 1335, -1
1016, 685, -1
154, 1398, -1
1416, 375, -1
205, 214, -1
1416, 1159, -1
131, 685, -1
154, 1099, -1
154, 205, -1
1059, 375, -1
154, 214, -1
663, 375, -1
1059, 1159, -1
1191, 375, -1
1315, 911, -1
663, 1159, -1
1159, 1191, -1
911, 1398, -1
799, 1229, -1
1159, 663, -1
911, 205, -1
1099, 685, -1
1315, 575, -1
1016, 1398, -1
911, 214, -1
1099, 575, -1
1016, 205, -1
131, 1398, -1
154, 799, -1
214, 575, -1
131, 205, -1
1390, 1151, -1
1398, 911, -1
1335, 1151, -1
1390, 1099, -1
1398, 685, -1
1398, 1164, -1
131, 882, -1
799, 911, -1
1398, 154, -1
1059, 154, -1
663, 575, -1
1191, 575, -1
1229, 1099, -1
1390, 1059, -1
799, 575, -1
1416, 56, -1
1390, 882, -1
1315, 882, -1
205, 1164, -1
1229, 1059, -1
1390, 1315, -1
1416, 1099, -1
1099, 882, -1
205, 154, -1
214, 154, -1
1390, 131, -1
1335, 375, -1
1398, 1099, -1
1229, 1315, -1
1335, 1159, -1
1416, 1059, -1
1229, 131, -1
214, 882, -1
1390, 1229, -1
1398, 1059, -1
1416, 1016, -1
1416, 1315, -1
1398, 882, -1
1059, 882, -1
154, 56, -1
1398, 1315, -1
1416, 131, -1
1398, 131, -1
205, 882, -1
131, 154, -1
1335, 911, -1
1398, 1229, -1
1191, 1159, -1
1390, 685, -1
1390, 1164, -1
799, 1159, -1
1390, 154, -1
1315, 154, -1
1335, 575, -1
1182, 131, -1
1099, 154, -1
214, 685, -1
205, 1229, -1
1191, 911, -1

1013, 1016, 1
1013, 214, 1
1013, 1059, 1
1013, 131, 1
1013, 1315, 1
1013, 1099, 1
1013, 56, 1
1347, 1016, 1
1347, 214, 1
1347, 1059, 1
1347, 131, 1
1347, 1315, 1
1347, 1099, 1
1347, 56, 1
1347, 1013, 1
295, 799, 1
295, 1416, 1
295, 1398, 1
295, 1191, 1
295, 1390, 1
150, 685, 1
150, 1182, 1
150, 375, 1
150, 911, 1
150, 1229, 1
150, 1151, 1
150, 1159, 1
150, 154, 1
150, 575, 1
150, 1164, 1
150, 882, 1
154, 1229, 1
131, 214, 1
1390, 1398, 1
882, 1229, 1
375, 1151, 1
1315, 1059, 1
1159, 375, 1
154, 911, 1
56, 1059, 1
1099, 214, 1
882, 911, 1
56, 1013, 1
56, 1315, 1
1059, 1099, 1
1315, 131, 1
154, 575, 1
882, 685, 1
799, 1398, 1
56, 131, 1
882, 575, 1
154, 1151, 1
685, 375, 1
882, 1151, 1
685, 1159, 1
1229, 911, 1
1016, 56, 1
1315, 1347, 1
1099, 1347, 1
1229, 685, 1
1229, 575, 1
1151, 375, 1
1182, 1229, 1
1151, 1159, 1
1398, 1390, 1
1016, 1059, 1
1016, 1315, 1
1229, 1151, 1
1182, 911, 1
1016, 131, 1
1099, 1059, 1
1182, 685, 1
1416, 1398, 1
1315, 1013, 1
154, 1164, 1
1182, 575, 1
1099, 1013, 1
1099, 1315, 1
882, 1164, 1
1191, 1398, 1
1099, 131, 1
882, 154, 1
1059, 214, 1
375, 1159, 1
1159, 911, 1
1182, 1151, 1
1016, 1347, 1
1416, 799, 1
1159, 575, 1
575, 375, 1
575, 1159, 1
1191, 799, 1
1159, 1151, 1
154, 375, 1
154, 1159, 1
1164, 375, 1
882, 375, 1
1164, 1159, 1
882, 1159, 1
799, 1390, 1
1016, 1013, 1
911, 375, 1
911, 1159, 1
56, 1099, 1
131, 1013, 1
1151, 911, 1
1151, 575, 1
1229, 375, 1
1229, 1159, 1
154, 1182, 1
882, 1182, 1
1059, 1315, 1
1059, 131, 1
154, 882, 1
1016, 1099, 1
1416, 1390, 1
685, 911, 1
1191, 1390, 1
1164, 1229, 1
1416, 1191, 1
685, 575, 1
1059, 1347, 1
1315, 1099, 1
1315, 214, 1
56, 214, 1
1164, 911, 1
1182, 1164, 1
575, 1151, 1
154, 685, 1
685, 1151, 1
56, 1016, 1
1164, 685, 1
1164, 575, 1
911, 575, 1
1059, 1013, 1
1164, 1151, 1
911, 1151, 1
375, 911, 1
56, 1347, 1
1182, 375, 1
375, 575, 1
1182, 1159, 1
1016, 214, 1
575, 911, 1
1159, 882, 1
575, 685, 1
575, 154, 1
685, 154, 1
575, 1182, 1
911, 1229, 1
1229, 150, 1
685, 1182, 1
1398, 1191, 1
375, 150, 1
1229, 882, 1
799, 1191, 1
1159, 1229, 1
1151, 685, 1
1182, 154, 1
1151, 154, 1
1390, 799, 1
1151, 1182, 1
685, 150, 1
575, 150, 1
1164, 154, 1
1164, 1182, 1
685, 882, 1
911, 685, 1
911, 1164, 1
911, 154, 1
375, 1229, 1
1159, 1164, 1
911, 1182, 1
1390, 295, 1
1159, 685, 1
1182, 150, 1
1159, 154, 1
154, 150, 1
1151, 150, 1
1398, 799, 1
1159, 1182, 1
1182, 882, 1
1164, 150, 1
882, 150, 1
1159, 150, 1
575, 1229, 1
685, 1229, 1
1164, 882, 1
1229, 1164, 1
1416, 295, 1
911, 150, 1
375, 685, 1
1390, 1191, 1
1229, 154, 1
1191, 295, 1
1398, 295, 1
911, 882, 1
375, 154, 1
1229, 1182, 1
375, 1182, 1
1151, 1229, 1
799, 295, 1
1013, 799, -1
1013, 1416, -1
1013, 1398, -1
1013, 1191, -1
1013, 1390, -1
1013, 685, -1
1013, 1182, -1
1013, 375, -1
1013, 911, -1
1013, 1229, -1
1013, 1151, -1
1013, 1159, -1
1013, 154, -1
1013, 575, -1
1013, 1164, -1
1013, 882, -1
1013, 663, -1
1013, 205, -1
1013, 1335, -1
1347, 799, -1
1347, 1416, -1
1347, 1398, -1
1347, 1191, -1
1347, 1390, -1
1347, 685, -1
1347, 1182, -1
1347, 375, -1
1347, 911, -1
1347, 1229, -1
1347, 1151, -1
1347, 1159, -1
1347, 154, -1
1347, 575, -1
1347, 1164, -1
1347, 882, -1
1347, 663, -1
1347, 205, -1
1347, 1335, -1
295, 1016, -1
295, 214, -1
295, 1059, -1
295, 131, -1
295, 1315, -1
295, 1099, -1
295, 56, -1
295, 1013, -1
295, 1347, -1
295, 685, -1
295, 1182, -1
295, 375, -1
295, 911, -1
295, 1229, -1
295, 1151, -1
295, 1159, -1
295, 154, -1
295, 575, -1
295, 1164, -1
295, 882, -1
295, 663, -1
295, 205, -1
295, 1335, -1
150, 1016, -1
150, 214, -1
150, 1059, -1
150, 131, -1
150, 1315, -1
150, 1099, -1
150, 56, -1
150, 1013, -1
150, 1347, -1
150, 799, -1
150, 1416, -1
150, 1398, -1
150, 1191, -1
150, 1390, -1
150, 295, -1
150, 663, -1
150, 205, -1
150, 1335, -1
1335, 1398, -1
1315, 1151, -1
214, 1151, -1
1099, 205, -1
214, 1398, -1
1151, 1335, -1
1416, 1099, -1
131, 1229, -1
1151, 1191, -1
799, 205, -1
205, 1151, -1
799, 214, -1
56, 295, -1
1416, 1229, -1
1016, 575, -1
1390, 911, -1
882, 1398, -1
1059, 1229, -1
205, 1016, -1
1315, 1164, -1
1164, 1013, -1
205, 131, -1
1013, 295, -1
1315, 1182, -1
575, 1390, -1
1416, 685, -1
56, 663, -1
1059, 685, -1
1191, 575, -1
1164, 1390, -1
154, 1347, -1
1416, 150, -1
911, 1335, -1
1315, 1159, -1
1059, 150, -1
56, 375, -1
799, 1013, -1
911, 1191, -1
1398, 375, -1
375, 295, -1
1099, 1390, -1
154, 1059, -1
1229, 1347, -1
205, 1159, -1
1416, 154, -1
575, 1335, -1
375, 663, -1
1191, 1347, -1
1059, 154, -1
154, 295, -1
1229, 1059, -1
56, 882, -1
1229, 1315, -1
1390, 375, -1
1013, 150, -1
685, 214, -1
1016, 295, -1
1398, 882, -1
1191, 1059, -1
154, 663, -1
1416, 131, -1
1191, 1315, -1
131, 1335, -1
1229, 295, -1
214, 295, -1
131, 1191, -1
1016, 663, -1
1416, 1164, -1
1229, 663, -1
1416, 1182, -1
1059, 1164, -1
56, 1151, -1
799, 1335, -1
1315, 205, -1
56, 1398, -1
1059, 1182, -1
1390, 882, -1
663, 1191, -1
56, 1416, -1
1398, 1151, -1
1315, 1229, -1
1159, 1390, -1
1016, 685, -1
205, 1099, -1
205, 214, -1
1416, 1159, -1
575, 799, -1
882, 1099, -1
1191, 375, -1
1059, 1159, -1
882, 205, -1
882, 214, -1
56, 1164, -1
1099, 575, -1
214, 685, -1
1016, 150, -1
1390, 1151, -1
1164, 799, -1
1182, 295, -1
799, 575, -1
375, 1398, -1
1151, 1390, -1
131, 799, -1
214, 150, -1
205, 56, -1
1099, 799, -1
1182, 1099, -1
131, 911, -1
1016, 154, -1
663, 799, -1
1099, 911, -1
1390, 575, -1
1016, 1151, -1
154, 131, -1
685, 1335, -1
1016, 1416, -1
1229, 1398, -1
1164, 295, -1
685, 1191, -1
575, 663, -1
1416, 205, -1
1191, 1151, -1
1229, 1016, -1
1416, 214, -1
911, 1390, -1
1229, 131, -1
1059, 205, -1
1164, 663, -1
1016, 1164, -1
1016, 1182, -1
1315, 1335, -1
1315, 1191, -1
214, 1182, -1
882, 131, -1
214, 1191, -1
1099, 663, -1
1191, 1164, -1
56, 205, -1
1416, 56, -1
1016, 1159, -1
131, 375, -1
1159, 799, -1
882, 1335, -1
1099, 375, -1
56, 1229, -1
882, 1191, -1
214, 1159, -1
131, 1390, -1
685, 799, -1
1398, 1229, -1
56, 685, -1
1182, 131, -1
1151, 799, -1
1059, 1390, -1
663, 1390, -1
1398, 685, -1
1182, 1335, -1
56, 150, -1
575, 1398, -1
1182, 1191, -1
1159, 295, -1
1315, 799, -1
1398, 150, -1
1390, 1229, -1
154, 1099, -1
154, 205, -1
1164, 1398, -1
154, 214, -1
1315, 911, -1
1390, 685, -1
1159, 663, -1
56, 154, -1
1016, 205, -1
131, 1398, -1
1416, 1335, -1
882, 799, -1
1059, 1335, -1
1398, 154, -1
1099, 1151, -1
911, 799, -1
1390, 150, -1
1229, 1099, -1
1229, 205, -1
1099, 1398, -1
205, 911, -1
1229, 214, -1
1059, 1191, -1
1016, 1229, -1
799, 1151, -1
1191, 1099, -1
1191, 205, -1
1151, 663, -1
205, 1059, -1
131, 575, -1
205, 1315, -1
56, 1335, -1
1191, 1229, -1
1390, 154, -1
56, 1182, -1
56, 1191, -1
685, 1390, -1
1229, 56, -1
1398, 1164, -1
1191, 685, -1
1347, 295, -1
1398, 1182, -1
1315, 375, -1
1191, 150, -1
56, 1159, -1
1182, 205, -1
1182, 214, -1
911, 663, -1
1398, 1159, -1
1059, 799, -1
1315, 1390, -1
1390, 1164, -1
375, 1335, -1
214, 1390, -1
1390, 1182, -1
205, 375, -1
882, 1013, -1
575, 295, -1
1159, 1398, -1
1416, 911, -1
1159, 1416, -1
375, 1191, -1
1059, 911, -1
1191, 154, -1
205, 1390, -1
1315, 882, -1
154, 1335, -1
882, 1390, -1
1416, 1059, -1
1390, 1159, -1
154, 1191, -1
131, 295, -1
1416, 1315, -1
1016, 1335, -1
1151, 1398, -1
1347, 150, -1
1164, 205, -1
1191, 131, -1
1099, 295, -1
56, 911, -1
1182, 1013, -1
1016, 1191, -1
1229, 1335, -1
214, 1335, -1
131, 663, -1
1229, 1191, -1
1191, 1335, -1
1315, 1398, -1
1191, 1182, -1
1059, 663, -1
1398, 214, -1
375, 799, -1
1416, 1013, -1
1099, 1229, -1
205, 1398, -1
1416, 375, -1
131, 685, -1
1059, 375, -1
911, 1398, -1
799, 1229, -1
1099, 685, -1
1315, 575, -1
911, 1416, -1
154, 799, -1
214, 575, -1
131, 150, -1
799, 685, -1
1390, 214, -1
1016, 799, -1
1099, 150, -1
205, 575, -1
1416, 882, -1
1229, 799, -1
1059, 882, -1
799, 150, -1
1016, 911, -1
214, 799, -1
56, 1390, -1
154, 1315, -1
214, 911, -1
685, 295, -1
131, 1151, -1
1151, 295, -1
575, 1191, -1
1416, 1151, -1
1164, 1335, -1
685, 663, -1
205, 1347, -1
1059, 1151, -1
1059, 1398, -1
663, 1398, -1
882, 1347, -1
663, 1416, -1
1416, 1016, -1
1164, 1191, -1
1191, 214, -1
1315, 295, -1
131, 1164, -1
131, 1182, -1
1099, 1335, -1
375, 1390, -1
154, 1013, -1
882, 1059, -1
1099, 1164, -1
1182, 799, -1
882, 1315, -1
1099, 1182, -1
1099, 1191, -1
1315, 663, -1
1416, 575, -1
214, 663, -1
1059, 575, -1
1016, 375, -1
882, 295, -1
799, 1182, -1
154, 1390, -1
1182, 1347, -1
131, 1159, -1
1229, 1013, -1
911, 295, -1
1099, 1159, -1
1016, 1390, -1
214, 375, -1
1191, 1013, -1
882, 663, -1
1182, 1059, -1
1335, 1390, -1
1229, 1390, -1
1315, 685, -1
1182, 1315, -1
56, 575, -1
1016, 882, -1
1416, 1347, -1
1398, 575, -1
1315, 150, -1
205, 685, -1
685, 1398, -1
1182, 663, -1
1191, 882, -1
56, 799, -1
1159, 1335, -1
154, 1398, -1
1159, 1191, -1
1164, 214, -1
1315, 154, -1
1016, 1398, -1
1059, 295, -1
131, 205, -1
1398, 911, -1
1398, 1347, -1
1390, 205, -1
1335, 150, -1
1315, 1416, -1
1099, 1416, -1
1398, 1059, -1
911, 1347, -1
154, 56, -1
575, 1013, -1
1398, 1013, -1
685, 1013, -1
1398, 1315, -1
882, 56, -1
1398, 131, -1
295, 150, -1
131, 154, -1
1335, 911, -1
663, 1229, -1
1335, 575, -1
911, 1059, -1
1099, 154, -1
1159, 1099, -1
1159, 205, -1
911, 1013, -1
214, 154, -1
663, 911, -1
911, 1315, -1
1191, 911, -1
1335, 1151, -1
131, 1416, -1
663, 685, -1
799, 911, -1
911, 131, -1
663, 575, -1
1390, 1059, -1
205, 1164, -1
1398, 663, -1
1390, 1315, -1
663, 1151, -1
205, 154, -1
375, 1013, -1
1390, 131, -1
663, 150, -1
1182, 1398, -1
1390, 1347, -1
1335, 1182, -1
1390, 663, -1
1159, 214, -1
1398, 1335, -1
663, 1164, -1
205, 295, -1
663, 154, -1
1390, 1013, -1
799, 663, -1
1398, 1099, -1
1335, 375, -1
205, 1182, -1
1335, 1159, -1
685, 205, -1
205, 1191, -1
1059, 1416, -1
1335, 295, -1
1159, 1347, -1
1151, 205, -1
205, 882, -1
1151, 214, -1
1390, 1335, -1
799, 375, -1
911, 1099, -1
799, 1159, -1
1335, 1191, -1
1159, 1059, -1
1390, 1099, -1
1159, 1013, -1
131, 882, -1
1159, 1315, -1
663, 1182, -1
1182, 1390, -1
375, 205, -1
1416, 663, -1
1159, 131, -1
375, 214, -1
1191, 663, -1
1099, 882, -1
214, 882, -1
575, 205, -1
1398, 205, -1
575, 214, -1
663, 882, -1
205, 150, -1
663, 375, -1
663, 1159, -1
1191, 1159, -1
1151, 1013, -1
911, 205, -1
205, 799, -1
911, 214, -1
663, 295, -1
1335, 799, -1
205, 1229, -1

312, 1016, 1
312, 214, 1
312, 1059, 1
312, 131, 1
312, 1315, 1
312, 1099, 1
312, 56, 1
312, 1013, 1
312, 1347, 1
23, 1016, 1
23, 214, 1
23, 1059, 1
23, 131, 1
23, 1315, 1
23, 1099, 1
23, 56, 1
23, 1013, 1
23, 1347, 1
23, 312, 1
1250, 685, 1
1250, 1182, 1
1250, 375, 1
1250, 911, 1
1250, 1229, 1
1250, 1151, 1
1250, 1159, 1
1250, 154, 1
1250, 575, 1
1250, 1164, 1
1250, 882, 1
1250, 150, 1
1282, 1016, 1
1282, 214, 1
1282, 1059, 1
1282, 131, 1
1282, 1315, 1
1282, 1099, 1
1282, 56, 1
1282, 1013, 1
1282, 1347, 1
1282, 312, 1
1282, 23, 1
361, 685, 1
361, 1182, 1
361, 375, 1
361, 911, 1
361, 1229, 1
361, 1151, 1
361, 1159, 1
361, 154, 1
361, 575, 1
361, 1164, 1
361, 882, 1
361, 150, 1
361, 1250, 1
1170, 1016, 1
1170, 214, 1
1170, 1059, 1
1170, 131, 1
1170, 1315, 1
1170, 1099, 1
1170, 56, 1
1170, 1013, 1
1170, 1347, 1
1170, 312, 1
1170, 23, 1
1170, 1282, 1
131, 214, 1
154, 1229, 1
1059, 23, 1
575, 154, 1
882, 1229, 1
1059, 1170, 1
685, 154, 1
375, 1151, 1
1229, 150, 1
1315, 1059, 1
1159, 375, 1
154, 911, 1
1099, 214, 1
56, 1059, 1
882, 911, 1
56, 1013, 1
56, 1315, 1
1059, 1099, 1
1315, 131, 1
154, 575, 1
1059, 1282, 1
1164, 154, 1
882, 685, 1
56, 131, 1
882, 575, 1
911, 154, 1
154, 1151, 1
685, 375, 1
882, 1151, 1
685, 1159, 1
1182, 882, 1
1229, 911, 1
1016, 56, 1
1347, 1013, 1
56, 23, 1
1315, 1347, 1
1282, 1170, 1
1099, 1347, 1
1229, 685, 1
1016, 312, 1
1229, 575, 1
375, 154, 1
1151, 375, 1
1151, 1159, 1
1016, 1059, 1
1013, 23, 1
150, 911, 1
1016, 1315, 1
1229, 1151, 1
1016, 131, 1
1182, 911, 1
685, 1182, 1
150, 575, 1
1099, 1059, 1
1347, 23, 1
1347, 1170, 1
1315, 1013, 1
154, 1164, 1
1099, 1013, 1
1182, 575, 1
1099, 1315, 1
882, 1164, 1
150, 1151, 1
1164, 1182, 1
1099, 131, 1
1059, 214, 1
882, 154, 1
685, 882, 1
375, 1159, 1
1159, 911, 1
1182, 1151, 1
1347, 1099, 1
1347, 1282, 1
1016, 1347, 1
1182, 150, 1
1159, 575, 1
575, 375, 1
575, 1159, 1
1315, 23, 1
1099, 23, 1
1159, 1151, 1
56, 1170, 1
214, 23, 1
1229, 154, 1
154, 375, 1
154, 1159, 1
1164, 375, 1
882, 375, 1
1164, 1159, 1
882, 1159, 1
1013, 1170, 1
1016, 1013, 1
911, 375, 1
1315, 1282, 1
911, 1159, 1
56, 1099, 1
131, 1013, 1
56, 1282, 1
150, 154, 1
1151, 911, 1
1182, 154, 1
1151, 575, 1
685, 150, 1
1013, 214, 1
1229, 375, 1
1229, 1159, 1
154, 1182, 1
882, 1182, 1
312, 23, 1
1059, 1315, 1
1016, 23, 1
1016, 1170, 1
131, 23, 1
1059, 131, 1
1347, 214, 1
1159, 154, 1
150, 375, 1
150, 1159, 1
154, 882, 1
1164, 882, 1
1315, 1170, 1
1016, 1099, 1
1099, 1170, 1
1016, 1282, 1
1229, 1182, 1
214, 1170, 1
685, 911, 1
1164, 1229, 1
56, 312, 1
1059, 1347, 1
685, 575, 1
1315, 1099, 1
154, 1250, 1
1315, 214, 1
1099, 1282, 1
882, 1250, 1
150, 1182, 1
1229, 882, 1
56, 214, 1
1164, 911, 1
575, 1151, 1
154, 685, 1
685, 1151, 1
56, 1016, 1
1151, 154, 1
1164, 685, 1
1164, 575, 1
911, 575, 1
150, 882, 1
312, 1170, 1
1059, 1013, 1
1164, 1151, 1
154, 150, 1
1347, 1059, 1
131, 1170, 1
911, 1151, 1
1164, 150, 1
882, 150, 1
1347, 1315, 1
375, 911, 1
56, 1347, 1
1347, 131, 1
312, 1282, 1
1182, 375, 1
375, 575, 1
1182, 1159, 1
1016, 214, 1
575, 911, 1
1159, 882, 1
575, 685, 1
150, 685, 1
150, 1164, 1
1164, 1250, 1
575, 1182, 1
911, 1229, 1
375, 150, 1
911, 1250, 1
1182, 685, 1
1159, 1229, 1
1182, 1164, 1
1151, 685, 1
1151, 1182, 1
1159, 1250, 1
575, 150, 1
911, 685, 1
911, 1164, 1
375, 1229, 1
1159, 1164, 1
911, 1182, 1
1159, 685, 1
1229, 1250, 1
1151, 150, 1
911, 361, 1
1159, 1182, 1
575, 1229, 1
1159, 150, 1
685, 1229, 1
1229, 1164, 1
150, 1229, 1
1159, 361, 1
911, 150, 1
23, 1170, 1
375, 685, 1
911, 882, 1
1182, 1229, 1
375, 1182, 1
1151, 1229, 1
1229, 361, 1
312, 799, -1
312, 1416, -1
312, 1398, -1
312, 1191, -1
312, 1390, -1
312, 295, -1
312, 685, -1
312, 1182, -1
312, 375, -1
312, 911, -1
312, 1229, -1
312, 1151, -1
312, 1159, -1
312, 154, -1
312, 575, -1
312, 1164, -1
312, 882, -1
312, 150, -1
312, 663, -1
312, 205, -1
312, 1335, -1
23, 799, -1
23, 1416, -1
23, 1398, -1
23, 1191, -1
23, 1390, -1
23, 295, -1
23, 685, -1
23, 1182, -1
23, 375, -1
23, 911, -1
23, 1229, -1
23, 1151, -1
23, 1159, -1
23, 154, -1
23, 575, -1
23, 1164, -1
23, 882, -1
23, 150, -1
23, 663, -1
23, 205, -1
23, 1335, -1
1250, 1016, -1
1250, 214, -1
1250, 1059, -1
1250, 131, -1
1250, 1315, -1
1250, 1099, -1
1250, 56, -1
1250, 1013, -1
1250, 1347, -1
1250, 312, -1
1250, 23, -1
1250, 799, -1
1250, 1416, -1
1250, 1398, -1
1250, 1191, -1
1250, 1390, -1
1250, 295, -1
1250, 663, -1
1250, 205, -1
1250, 1335, -1
1282, 799, -1
1282, 1416, -1
1282, 1398, -1
1282, 1191, -1
1282, 1390, -1
1282, 295, -1
1282, 685, -1
1282, 1182, -1
1282, 375, -1
1282, 911, -1
1282, 1229, -1
1282, 1151, -1
1282, 1159, -1
1282, 154, -1
1282, 575, -1
1282, 1164, -1
1282, 882, -1
1282, 150, -1
1282, 1250, -1
1282, 663, -1
1282, 205, -1
1282, 1335, -1
361, 1016, -1
361, 214, -1
361, 1059, -1
361, 131, -1
361, 1315, -1
361, 1099, -1
361, 56, -1
361, 1013, -1
361, 1347, -1
361, 312, -1
361, 23, -1
361, 1282, -1
361, 799, -1
361, 1416, -1
361, 1398, -1
361, 1191, -1
361, 1390, -1
361, 295, -1
361, 663, -1
361, 205, -1
361, 1335, -1
1170, 799, -1
1170, 1416, -1
1170, 1398, -1
1170, 1191, -1
1170, 1390, -1
1170, 295, -1
1170, 685, -1
1170, 1182, -1
1170, 375, -1
1170, 911, -1
1170, 1229, -1
1170, 1151, -1
1170, 1159, -1
1170, 154, -1
1170, 575, -1
1170, 1164, -1
1170, 882, -1
1170, 150, -1
1170, 1250, -1
1170, 361, -1
1170, 663, -1
1170, 205, -1
1170, 1335, -1
1315, 1151, -1
214, 1151, -1
361, 1170, -1
1315, 1416, -1
1099, 205, -1
214, 1398, -1
1151, 1335, -1
1416, 1099, -1
1151, 23, -1
1182, 1170, -1
663, 1099, -1
131, 1229, -1
663, 214, -1
1151, 1191, -1
150, 214, -1
799, 214, -1
205, 1151, -1
56, 295, -1
1416, 1229, -1
1016, 575, -1
1390, 911, -1
882, 1398, -1
1059, 1229, -1
1315, 1164, -1
1164, 1013, -1
1315, 1182, -1
1013, 295, -1
1416, 685, -1
56, 663, -1
1059, 685, -1
911, 131, -1
663, 56, -1
1347, 1335, -1
1164, 1390, -1
1013, 663, -1
663, 312, -1
154, 1347, -1
1416, 150, -1
911, 1335, -1
1315, 1159, -1
1059, 150, -1
911, 23, -1
1347, 1191, -1
56, 375, -1
1182, 1398, -1
799, 1013, -1
911, 1191, -1
1398, 375, -1
375, 295, -1
1099, 1390, -1
154, 1059, -1
205, 1159, -1
1159, 214, -1
1013, 685, -1
575, 1335, -1
1416, 154, -1
56, 361, -1
375, 663, -1
1191, 1347, -1
1398, 1170, -1
1059, 154, -1
154, 295, -1
56, 882, -1
1390, 375, -1
1013, 150, -1
685, 214, -1
1016, 295, -1
1059, 1416, -1
1191, 1059, -1
154, 663, -1
1416, 131, -1
1191, 1315, -1
131, 1335, -1
1099, 1250, -1
1229, 295, -1
663, 131, -1
1151, 214, -1
214, 295, -1
1390, 1170, -1
131, 1191, -1
1016, 663, -1
1347, 799, -1
1416, 1164, -1
1229, 663, -1
150, 1335, -1
1416, 1182, -1
1059, 1164, -1
1159, 1013, -1
56, 1151, -1
150, 23, -1
1315, 205, -1
56, 1398, -1
1059, 1182, -1
1347, 911, -1
56, 1416, -1
150, 1191, -1
1398, 1151, -1
1013, 1151, -1
154, 1170, -1
1013, 1416, -1
1315, 1229, -1
1016, 685, -1
205, 214, -1
1416, 1159, -1
575, 799, -1
882, 1099, -1
1059, 1159, -1
882, 205, -1
882, 214, -1
56, 1164, -1
1229, 1170, -1
911, 214, -1
1099, 575, -1
1016, 150, -1
1164, 799, -1
1390, 1151, -1
1191, 1170, -1
1182, 295, -1
131, 799, -1
214, 150, -1
1191, 1282, -1
1099, 799, -1
131, 911, -1
1016, 154, -1
1013, 1159, -1
295, 214, -1
150, 799, -1
1099, 911, -1
1390, 575, -1
1016, 1151, -1
1347, 375, -1
154, 131, -1
911, 1013, -1
214, 154, -1
685, 1335, -1
1016, 1416, -1
685, 23, -1
1229, 1398, -1
1164, 295, -1
685, 1191, -1
1347, 1390, -1
575, 663, -1
1416, 214, -1
1059, 205, -1
1164, 663, -1
1016, 1164, -1
1016, 1182, -1
1347, 882, -1
1315, 1335, -1
1315, 1191, -1
214, 1182, -1
882, 131, -1
214, 1191, -1
1099, 663, -1
1347, 1250, -1
56, 205, -1
1416, 56, -1
1016, 1159, -1
205, 23, -1
131, 375, -1
1159, 799, -1
1416, 312, -1
882, 1335, -1
1013, 205, -1
205, 1182, -1
882, 23, -1
1164, 1170, -1
1099, 375, -1
1347, 1151, -1
56, 1229, -1
663, 1013, -1
882, 1191, -1
214, 1159, -1
1347, 1398, -1
131, 1390, -1
1159, 1347, -1
685, 799, -1
1013, 1229, -1
56, 685, -1
1151, 799, -1
1059, 1390, -1
1159, 1059, -1
150, 1390, -1
131, 882, -1
1159, 1315, -1
1182, 1335, -1
375, 214, -1
56, 150, -1
1182, 23, -1
1099, 882, -1
1347, 575, -1
1182, 1191, -1
1159, 295, -1
1315, 799, -1
131, 1250, -1
154, 1099, -1
1164, 1398, -1
154, 205, -1
154, 214, -1
1315, 911, -1
1159, 663, -1
56, 154, -1
1016, 205, -1
131, 1398, -1
1416, 23, -1
882, 799, -1
1059, 1335, -1
1099, 1151, -1
1013, 154, -1
911, 799, -1
1335, 214, -1
1229, 205, -1
1099, 1398, -1
205, 911, -1
1229, 214, -1
1099, 1416, -1
1059, 1191, -1
1016, 1229, -1
150, 1398, -1
1191, 1099, -1
911, 1347, -1
1151, 663, -1
1159, 1170, -1
131, 575, -1
56, 1335, -1
911, 1059, -1
56, 1182, -1
1159, 1282, -1
56, 1191, -1
1013, 1335, -1
685, 1390, -1
911, 1315, -1
1398, 23, -1
1347, 295, -1
1013, 1182, -1
1013, 1191, -1
1315, 375, -1
56, 1159, -1
1347, 663, -1
1182, 214, -1
911, 663, -1
1398, 1159, -1
1059, 799, -1
1315, 1390, -1
375, 1335, -1
214, 1390, -1
375, 23, -1
205, 375, -1
882, 1013, -1
575, 295, -1
1416, 911, -1
375, 1191, -1
1059, 911, -1
663, 1347, -1
1159, 1016, -1
1315, 882, -1
1347, 685, -1
154, 1335, -1
154, 23, -1
882, 1390, -1
1416, 1059, -1
1390, 1159, -1
1416, 1315, -1
131, 295, -1
154, 1191, -1
663, 1059, -1
911, 1170, -1
1016, 1335, -1
663, 1315, -1
1250, 1282, -1
1315, 1250, -1
1347, 150, -1
1013, 799, -1
1164, 205, -1
1191, 131, -1
1099, 295, -1
56, 911, -1
1016, 1191, -1
1229, 1335, -1
911, 1282, -1
1229, 23, -1
131, 663, -1
214, 1335, -1
150, 295, -1
1013, 911, -1
1229, 1191, -1
1315, 1398, -1
1182, 1390, -1
1059, 663, -1
1347, 154, -1
150, 663, -1
312, 1250, -1
375, 799, -1
1416, 1013, -1
1099, 1229, -1
1416, 375, -1
131, 685, -1
1059, 375, -1
1347, 1416, -1
1099, 685, -1
1315, 575, -1
154, 799, -1
214, 575, -1
911, 1016, -1
1416, 1170, -1
131, 150, -1
663, 1170, -1
150, 1170, -1
1416, 361, -1
1016, 799, -1
1099, 150, -1
1347, 1164, -1
1416, 1282, -1
205, 575, -1
1347, 1182, -1
663, 1282, -1
1416, 882, -1
1229, 799, -1
1059, 882, -1
1016, 911, -1
214, 799, -1
1013, 375, -1
131, 154, -1
56, 1390, -1
154, 1315, -1
1416, 1250, -1
214, 911, -1
685, 295, -1
1099, 154, -1
1159, 1099, -1
1059, 1250, -1
1347, 1159, -1
131, 1151, -1
1013, 1390, -1
575, 23, -1
131, 1416, -1
1151, 295, -1
575, 1191, -1
1416, 1151, -1
1164, 1335, -1
685, 663, -1
1059, 1151, -1
1164, 23, -1
375, 1013, -1
1059, 1398, -1
882, 1347, -1
1013, 882, -1
1416, 1016, -1
1164, 1191, -1
1191, 214, -1
663, 1016, -1
1315, 295, -1
56, 1250, -1
131, 1164, -1
131, 1182, -1
1159, 56, -1
1099, 1335, -1
154, 1013, -1
882, 1059, -1
1159, 312, -1
1099, 1164, -1
882, 1315, -1
1182, 799, -1
1099, 1182, -1
1099, 1191, -1
1315, 663, -1
1416, 575, -1
685, 1170, -1
214, 663, -1
1059, 575, -1
1016, 375, -1
882, 295, -1
154, 1390, -1
131, 1159, -1
1013, 1398, -1
1229, 1013, -1
911, 295, -1
1099, 1159, -1
1016, 1390, -1
214, 375, -1
1191, 1013, -1
1347, 205, -1
154, 1282, -1
882, 663, -1
1229, 1390, -1
1390, 23, -1
1315, 685, -1
1016, 361, -1
911, 1099, -1
56, 575, -1
1347, 1229, -1
1016, 882, -1
1416, 1347, -1
1398, 575, -1
1013, 575, -1
1315, 150, -1
1159, 131, -1
205, 685, -1
205, 1170, -1
1250, 1170, -1
214, 882, -1
685, 1398, -1
1016, 1250, -1
882, 1170, -1
575, 214, -1
1182, 663, -1
56, 799, -1
1159, 1335, -1
1159, 23, -1
154, 1398, -1
205, 150, -1
911, 56, -1
911, 312, -1
882, 1282, -1
1164, 214, -1
1159, 1191, -1
312, 361, -1
1315, 154, -1
1016, 1398, -1
1059, 295, -1
131, 205, -1
1398, 911, -1
1398, 1347, -1
1398, 154, -1
1335, 150, -1
1390, 150, -1
799, 685, -1
1229, 1099, -1
799, 575, -1
375, 1398, -1
1151, 1390, -1
295, 575, -1
799, 1151, -1
205, 56, -1
150, 205, -1
150, 1099, -1
1398, 1059, -1
154, 56, -1
799, 150, -1
575, 1013, -1
205, 312, -1
1398, 1013, -1
295, 1151, -1
685, 1013, -1
882, 56, -1
1398, 1315, -1
1182, 1099, -1
154, 312, -1
205, 1059, -1
1398, 131, -1
882, 312, -1
295, 150, -1
1335, 911, -1
205, 1315, -1
663, 1229, -1
1191, 1229, -1
205, 1016, -1
1390, 154, -1
1335, 575, -1
205, 131, -1
1159, 205, -1
575, 1390, -1
663, 911, -1
1229, 56, -1
1191, 911, -1
1335, 1151, -1
1398, 1164, -1
663, 685, -1
1229, 312, -1
799, 911, -1
1191, 685, -1
663, 575, -1
1191, 575, -1
1398, 1182, -1
1390, 1059, -1
1013, 361, -1
295, 911, -1
205, 1164, -1
1390, 1315, -1
205, 1347, -1
663, 1151, -1
205, 154, -1
1151, 1170, -1
1191, 1151, -1
1390, 131, -1
1229, 1016, -1
911, 1390, -1
1229, 131, -1
663, 150, -1
1191, 150, -1
150, 1059, -1
150, 1315, -1
1182, 205, -1
150, 131, -1
1390, 1164, -1
375, 1390, -1
1390, 1347, -1
1335, 1182, -1
1229, 1347, -1
1390, 1182, -1
1398, 1250, -1
1013, 1250, -1
1159, 1398, -1
663, 1164, -1
1191, 1164, -1
575, 1170, -1
663, 154, -1
150, 1347, -1
1191, 154, -1
799, 1182, -1
1229, 1059, -1
1182, 1347, -1
1390, 1013, -1
1398, 1099, -1
1335, 375, -1
1229, 1315, -1
1335, 1159, -1
685, 205, -1
1398, 1282, -1
295, 1182, -1
205, 361, -1
1398, 882, -1
205, 1282, -1
150, 1013, -1
1151, 1398, -1
1151, 205, -1
205, 882, -1
1182, 1059, -1
1398, 1229, -1
1182, 1013, -1
799, 375, -1
799, 1159, -1
1182, 1315, -1
1182, 131, -1
375, 1170, -1
295, 375, -1
295, 1159, -1
1390, 1099, -1
1398, 685, -1
205, 1250, -1
1390, 1282, -1
1229, 1282, -1
663, 1182, -1
375, 205, -1
1191, 1182, -1
1390, 882, -1
663, 361, -1
1191, 361, -1
575, 1398, -1
575, 205, -1
1390, 1229, -1
1398, 150, -1
663, 882, -1
1191, 882, -1
1159, 1390, -1
205, 1099, -1
1390, 1250, -1
663, 375, -1
1191, 375, -1
663, 1159, -1
1191, 1159, -1
1390, 685, -1
1151, 1013, -1
911, 1398, -1
799, 1229, -1
911, 205, -1
663, 1250, -1
1191, 1250, -1
214, 685, -1
1013, 1164, -1
205, 1229, -1

1, 205, 1
268, 685, 1
268, 1182, 1
268, 375, 1
268, 911, 1
268, 1229, 1
268, 1151, 1
268, 1159, 1
268, 154, 1
268, 575, 1
268, 1164, 1
268, 882, 1
268, 150, 1
268, 1250, 1
268, 361, 1
154, 1229, 1
882, 1229, 1
375, 1151, 1
361, 685, 1
1229, 150, 1
1250, 911, 1
1159, 375, 1
154, 911, 1
882, 911, 1
1250, 575, 1
154, 575, 1
1164, 154, 1
882, 685, 1
882, 575, 1
361, 150, 1
1250, 1151, 1
154, 1151, 1
685, 375, 1
882, 1151, 1
685, 1159, 1
1229, 911, 1
361, 1229, 1
1229, 685, 1
1229, 575, 1
1151, 375, 1
1151, 1159, 1
150, 911, 1
361, 911, 1
1229, 1151, 1
150, 575, 1
1182, 911, 1
685, 1182, 1
361, 575, 1
1182, 575, 1
1250, 154, 1
150, 1151, 1
361, 1151, 1
1164, 1182, 1
882, 154, 1
375, 1159, 1
1159, 911, 1
1182, 1151, 1
1159, 575, 1
1182, 150, 1
575, 375, 1
575, 1159, 1
1159, 1151, 1
1250, 375, 1
154, 375, 1
1250, 1159, 1
154, 1159, 1
1164, 375, 1
882, 375, 1
1164, 1159, 1
882, 1159, 1
911, 375, 1
911, 1159, 1
361, 1164, 1
1164, 1250, 1
1151, 911, 1
361, 154, 1
1151, 575, 1
685, 150, 1
1229, 375, 1
1250, 1182, 1
1229, 1159, 1
154, 1182, 1
882, 1182, 1
1164, 361, 1
150, 375, 1
1250, 882, 1
150, 1159, 1
361, 375, 1
154, 882, 1
361, 1159, 1
1164, 882, 1
1229, 1182, 1
685, 911, 1
1164, 1229, 1
685, 575, 1
154, 1250, 1
882, 1250, 1
150, 1182, 1
1164, 911, 1
361, 1182, 1
1250, 685, 1
575, 1151, 1
154, 685, 1
685, 1151, 1
1164, 685, 1
1164, 575, 1
911, 575, 1
361, 882, 1
1164, 1151, 1
1250, 150, 1
154, 150, 1
1164, 150, 1
882, 150, 1
911, 1151, 1
375, 911, 1
1182, 375, 1
375, 575, 1
1182, 1159, 1
361, 1250, 1
575, 911, 1
1250, 1229, 1
1164, 268, 1
1159, 882, 1
575, 685, 1
150, 685, 1
575, 154, 1
882, 268, 1
150, 1164, 1
685, 154, 1
575, 1182, 1
911, 1229, 1
911, 268, 1
150, 154, 1
375, 150, 1
1229, 882, 1
911, 1250, 1
1182, 685, 1
1250, 1164, 1
1159, 268, 1
1159, 1229, 1
154, 1164, 1
1151, 685, 1
1182, 154, 1
1182, 1164, 1
1151, 154, 1
882, 1164, 1
1151, 1182, 1
1159, 1250, 1
575, 150, 1
685, 882, 1
911, 685, 1
911, 1164, 1
911, 154, 1
1229, 268, 1
150, 882, 1
375, 1229, 1
375, 268, 1
1159, 1164, 1
911, 1182, 1
1159, 685, 1
1229, 1250, 1
1159, 154, 1
1151, 150, 1
911, 361, 1
154, 268, 1
1159, 1182, 1
1182, 882, 1
575, 1229, 1
1159, 150, 1
685, 1229, 1
150, 268, 1
1229, 1164, 1
150, 1229, 1
1159, 361, 1
911, 150, 1
361, 268, 1
375, 685, 1
1229, 154, 1
911, 882, 1
375, 154, 1
1182, 1229, 1
1182, 268, 1
375, 1182, 1
1151, 1229, 1
1229, 361, 1
1250, 268, 1
1, 1016, -1
1, 214, -1
1, 1059, -1
1, 131, -1
1, 1315, -1
1, 1099, -1
1, 56, -1
1, 1013, -1
1, 1347, -1
1, 312, -1
1, 23, -1
1, 1282, -1
1, 1170, -1
1, 799, -1
1, 1416, -1
1, 1398, -1
1, 1191, -1
1, 1390, -1
1, 295, -1
1, 685, -1
1, 1182, -1
1, 375, -1
1, 911, -1
1, 1229, -1
1, 1151, -1
1, 1159, -1
1, 154, -1
1, 575, -1
1, 1164, -1
1, 882, -1
1, 150, -1
1, 1250, -1
1, 361, -1
1, 663, -1
1, 1335, -1
268, 1016, -1
268, 214, -1
268, 1059, -1
268, 131, -1
268, 1315, -1
268, 1099, -1
268, 56, -1
268, 1013, -1
268, 1347, -1
268, 312, -1
268, 23, -1
268, 1282, -1
268, 1170, -1
268, 799, -1
268, 1416, -1
268, 1398, -1
268, 1191, -1
268, 1390, -1
268, 295, -1
268, 663, -1
268, 205, -1
268, 1, -1
268, 1335, -1
1315, 1151, -1
214, 1151, -1
361, 1170, -1
1099, 205, -1
1151, 1335, -1
1170, 1159, -1
1151, 23, -1
131, 1229, -1
1151, 1191, -1
150, 214, -1
205, 1151, -1
1416, 1229, -1
1016, 575, -1
1390, 911, -1
882, 1398, -1
1059, 1229, -1
312, 1151, -1
1164, 1013, -1
1315, 1182, -1
1250, 131, -1
1416, 685, -1
1059, 685, -1
1282, 205, -1
1164, 1390, -1
154, 1347, -1
1416, 150, -1
911, 1335, -1
1315, 1159, -1
1059, 150, -1
911, 23, -1
56, 375, -1
1282, 1229, -1
1170, 911, -1
1182, 1398, -1
911, 1191, -1
375, 295, -1
1398, 375, -1
361, 131, -1
154, 1059, -1
205, 1159, -1
1013, 685, -1
575, 1335, -1
1416, 154, -1
56, 361, -1
375, 663, -1
154, 295, -1
56, 882, -1
1390, 375, -1
1013, 150, -1
685, 214, -1
154, 663, -1
1229, 295, -1
1282, 154, -1
1416, 1164, -1
1229, 663, -1
150, 1335, -1
1416, 1182, -1
56, 1151, -1
150, 23, -1
1315, 205, -1
1059, 1182, -1
1347, 911, -1
150, 1191, -1
1398, 1151, -1
1013, 1151, -1
1315, 1229, -1
1016, 685, -1
205, 214, -1
1416, 1159, -1
1250, 1099, -1
1250, 205, -1
1250, 214, -1
575, 799, -1
1059, 1159, -1
882, 1099, -1
882, 205, -1
882, 214, -1
56, 1164, -1
1099, 575, -1
1282, 1182, -1
1016, 150, -1
205, 1229, -1
1390, 1151, -1
1164, 799, -1
1182, 295, -1
312, 1229, -1
1164, 1347, -1
1170, 1250, -1
361, 1099, -1
361, 205, -1
361, 214, -1
312, 685, -1
131, 911, -1
1016, 154, -1
1013, 1159, -1
150, 799, -1
1164, 1059, -1
1099, 911, -1
1390, 575, -1
1164, 1315, -1
1016, 1151, -1
1347, 375, -1
154, 131, -1
312, 150, -1
685, 1335, -1
685, 23, -1
1229, 1398, -1
1164, 295, -1
685, 1191, -1
575, 663, -1
1416, 205, -1
1059, 205, -1
1164, 663, -1
1016, 1164, -1
312, 154, -1
1170, 575, -1
1016, 1182, -1
1282, 911, -1
882, 131, -1
56, 205, -1
205, 1335, -1
1016, 1159, -1
205, 23, -1
1250, 1335, -1
131, 375, -1
1159, 799, -1
1250, 23, -1
882, 1335, -1
1164, 1170, -1
882, 23, -1
205, 1182, -1
205, 1191, -1
1250, 1191, -1
1099, 375, -1
1347, 1151, -1
56, 1229, -1
882, 1191, -1
214, 1159, -1
312, 1164, -1
312, 1182, -1
685, 799, -1
1164, 1282, -1
56, 685, -1
1151, 799, -1
150, 1390, -1
361, 1335, -1
361, 23, -1
1182, 1335, -1
312, 1159, -1
56, 150, -1
1182, 23, -1
361, 1191, -1
1347, 575, -1
1282, 375, -1
1182, 1191, -1
1159, 295, -1
154, 1099, -1
1164, 1398, -1
154, 205, -1
154, 214, -1
1315, 911, -1
1159, 663, -1
205, 799, -1
56, 154, -1
1250, 799, -1
1016, 205, -1
882, 799, -1
1099, 1151, -1
911, 799, -1
1229, 205, -1
205, 911, -1
1229, 214, -1
1282, 882, -1
1170, 375, -1
1016, 1229, -1
150, 1398, -1
312, 911, -1
1151, 663, -1
1282, 1250, -1
131, 575, -1
361, 799, -1
312, 205, -1
56, 1182, -1
685, 1390, -1
1170, 882, -1
1013, 1182, -1
1315, 375, -1
56, 1159, -1
361, 1315, -1
1182, 214, -1
911, 663, -1
1398, 1159, -1
205, 1013, -1
375, 1335, -1
1250, 1013, -1
375, 23, -1
205, 375, -1
1170, 1151, -1
1282, 575, -1
882, 1013, -1
575, 295, -1
1416, 911, -1
375, 1191, -1
1059, 911, -1
205, 1390, -1
1250, 1390, -1
1347, 685, -1
154, 1335, -1
882, 1390, -1
154, 23, -1
1390, 1159, -1
205, 361, -1
154, 1191, -1
1347, 150, -1
361, 1013, -1
1164, 1099, -1
1164, 205, -1
56, 911, -1
1229, 1335, -1
1229, 23, -1
150, 295, -1
1013, 911, -1
1229, 1191, -1
361, 1390, -1
1182, 1390, -1
150, 663, -1
312, 1250, -1
361, 1282, -1
375, 799, -1
1099, 1229, -1
205, 1398, -1
1250, 1398, -1
1416, 375, -1
131, 685, -1
1059, 375, -1
1099, 685, -1
1315, 575, -1
154, 799, -1
214, 575, -1
131, 150, -1
1416, 361, -1
1099, 150, -1
205, 575, -1
1347, 1182, -1
1416, 882, -1
361, 1398, -1
1229, 799, -1
1016, 911, -1
312, 575, -1
1013, 375, -1
1282, 685, -1
154, 1315, -1
1416, 1250, -1
214, 911, -1
685, 295, -1
1347, 1159, -1
1170, 205, -1
131, 1151, -1
1164, 131, -1
575, 23, -1
1282, 150, -1
1151, 295, -1
575, 1191, -1
1416, 1151, -1
1164, 1335, -1
685, 663, -1
1170, 1229, -1
1059, 1151, -1
1164, 23, -1
1250, 1347, -1
1, 268, -1
882, 1347, -1
1164, 1191, -1
1170, 685, -1
56, 1250, -1
131, 1182, -1
1250, 1059, -1
154, 1013, -1
882, 1059, -1
1250, 1315, -1
882, 1315, -1
1182, 799, -1
1099, 1182, -1
1170, 150, -1
1282, 1151, -1
1416, 575, -1
205, 295, -1
1250, 295, -1
1059, 575, -1
361, 1347, -1
1016, 375, -1
882, 295, -1
154, 1390, -1
131, 1159, -1
1229, 1013, -1
911, 295, -1
205, 663, -1
1099, 1159, -1
1250, 663, -1
214, 375, -1
361, 1059, -1
882, 663, -1
1347, 205, -1
1170, 154, -1
1229, 1390, -1
1315, 685, -1
1016, 361, -1
56, 575, -1
361, 295, -1
1347, 1229, -1
1016, 882, -1
1398, 575, -1
1013, 575, -1
1315, 150, -1
312, 375, -1
205, 685, -1
361, 663, -1
685, 1398, -1
1282, 1159, -1
1016, 1250, -1
1182, 663, -1
1159, 1335, -1
1159, 23, -1
205, 150, -1
154, 1398, -1
1170, 1182, -1
1159, 1191, -1
1164, 214, -1
312, 361, -1
131, 205, -1
312, 882, -1
1398, 911, -1
56, 1, -1
1398, 154, -1
1013, 154, -1
1335, 150, -1
1390, 150, -1
799, 685, -1
1229, 1099, -1
799, 575, -1
375, 1398, -1
1151, 1390, -1
1347, 1164, -1
214, 150, -1
295, 575, -1
799, 1151, -1
150, 1099, -1
150, 205, -1
1315, 268, -1
911, 1347, -1
799, 150, -1
23, 1229, -1
1059, 882, -1
56, 268, -1
295, 1151, -1
685, 1013, -1
575, 1013, -1
1182, 1099, -1
1159, 1170, -1
295, 150, -1
131, 154, -1
1335, 911, -1
911, 1, -1
23, 911, -1
1398, 268, -1
663, 1229, -1
1191, 1229, -1
1315, 1164, -1
1390, 154, -1
1016, 1, -1
1335, 575, -1
23, 685, -1
23, 575, -1
911, 1059, -1
1099, 154, -1
1159, 1099, -1
1159, 205, -1
205, 268, -1
1059, 1250, -1
1159, 1282, -1
911, 1013, -1
575, 1390, -1
214, 154, -1
663, 911, -1
911, 1315, -1
1191, 911, -1
1229, 1, -1
1335, 1151, -1
1398, 1164, -1
663, 685, -1
23, 1151, -1
911, 131, -1
1191, 685, -1
663, 575, -1
799, 911, -1
1191, 575, -1
1398, 1182, -1
23, 150, -1
1013, 361, -1
295, 911, -1
205, 1164, -1
1016, 268, -1
131, 268, -1
205, 154, -1
663, 1151, -1
1191, 1151, -1
375, 1013, -1
361, 1, -1
911, 1390, -1
1229, 131, -1
1390, 268, -1
663, 150, -1
1013, 882, -1
1191, 150, -1
150, 1059, -1
1099, 268, -1
150, 1315, -1
1182, 205, -1
131, 1164, -1
150, 131, -1
1347, 882, -1
1390, 1164, -1
312, 1, -1
375, 1390, -1
799, 268, -1
1335, 1182, -1
1229, 1347, -1
1390, 1182, -1
1398, 1250, -1
1013, 1250, -1
1099, 1164, -1
1159, 1398, -1
1159, 214, -1
214, 1182, -1
663, 1164, -1
1191, 1164, -1
1347, 1250, -1
1059, 154, -1
663, 154, -1
150, 1347, -1
1191, 154, -1
1416, 1, -1
1315, 882, -1
799, 1182, -1
312, 268, -1
1229, 1059, -1
1182, 1347, -1
1229, 1315, -1
1335, 375, -1
1335, 1159, -1
685, 205, -1
295, 1182, -1
1282, 268, -1
1398, 882, -1
911, 1170, -1
23, 268, -1
1170, 1164, -1
1159, 1347, -1
1151, 1398, -1
1315, 1250, -1
150, 1013, -1
1099, 1250, -1
1416, 268, -1
205, 882, -1
1151, 205, -1
1182, 1059, -1
1151, 214, -1
1398, 1229, -1
1182, 1013, -1
1059, 268, -1
663, 268, -1
799, 375, -1
911, 1099, -1
1191, 268, -1
799, 1159, -1
1282, 1164, -1
911, 1282, -1
1182, 1315, -1
1159, 1, -1
1182, 131, -1
295, 375, -1
23, 1182, -1
295, 1159, -1
1159, 1059, -1
1398, 685, -1
205, 1250, -1
1059, 1164, -1
1159, 1013, -1
131, 882, -1
1229, 1282, -1
1159, 1315, -1
663, 1182, -1
375, 205, -1
1191, 1182, -1
1390, 882, -1
1159, 131, -1
375, 214, -1
1013, 1, -1
663, 361, -1
1191, 361, -1
1170, 268, -1
1099, 882, -1
1347, 154, -1
575, 1398, -1
214, 882, -1
575, 205, -1
1390, 1229, -1
1398, 150, -1
575, 214, -1
23, 375, -1
663, 882, -1
131, 1250, -1
23, 1159, -1
1191, 882, -1
1159, 1390, -1
1390, 1250, -1
663, 375, -1
1013, 268, -1
1191, 375, -1
663, 1159, -1
1191, 1159, -1
1390, 685, -1
1151, 1013, -1
911, 1398, -1
799, 1229, -1
1315, 154, -1
911, 205, -1
663, 1250, -1
1229, 1170, -1
911, 214, -1
1191, 1250, -1
214, 685, -1
1347, 268, -1
1013, 1164, -1
150, 1, -1
685, 1, -1
1164, 1, -1
882, 1, -1
1250, 1, -1
1182, 1, -1
154, 1, -1

237, 1016, 1
237, 214, 1
237, 1059, 1
237, 131, 1
237, 1315, 1
237, 1099, 1
237, 56, 1
237, 1013, 1
237, 1347, 1
237, 312, 1
237, 23, 1
237, 1282, 1
237, 1170, 1
599, 205, 1
599, 1, 1
1270, 1016, 1
1270, 214, 1
1270, 1059, 1
1270, 131, 1
1270, 1315, 1
1270, 1099, 1
1270, 56, 1
1270, 1013, 1
1270, 1347, 1
1270, 312, 1
1270, 23, 1
1270, 1282, 1
1270, 1170, 1
1270, 237, 1
131, 214, 1
1013, 1347, 1
1059, 23, 1
1099, 1270, 1
214, 1270, 1
1315, 1059, 1
1099, 214, 1
56, 1059, 1
56, 1013, 1
56, 1315, 1
1059, 1099, 1
1315, 131, 1
312, 237, 1
56, 131, 1
1013, 1059, 1
312, 56, 1
1016, 56, 1
1347, 1013, 1
312, 1270, 1
1315, 1347, 1
56, 23, 1
1282, 1170, 1
1099, 1347, 1
1016, 312, 1
1059, 237, 1
1170, 1099, 1
1170, 1282, 1
312, 214, 1
1016, 1059, 1
1282, 1270, 1
1013, 23, 1
312, 1016, 1
1016, 1315, 1
1282, 1099, 1
1282, 214, 1
1016, 131, 1
1099, 1059, 1
1347, 23, 1
1315, 1013, 1
1059, 1270, 1
1099, 1013, 1
1013, 1282, 1
1099, 1315, 1
214, 1013, 1
1170, 237, 1
1099, 131, 1
1059, 214, 1
312, 1347, 1
1347, 1099, 1
1016, 1347, 1
1282, 237, 1
1315, 23, 1
1099, 23, 1
1170, 1270, 1
56, 1170, 1
214, 23, 1
312, 1059, 1
1170, 214, 1
312, 1013, 1
312, 1315, 1
1013, 1170, 1
1016, 1013, 1
1347, 237, 1
56, 1099, 1
312, 131, 1
131, 1013, 1
56, 1282, 1
1013, 1270, 1
1282, 1315, 1
1013, 1099, 1
1282, 131, 1
1013, 214, 1
1347, 1270, 1
312, 23, 1
1059, 1315, 1
1016, 23, 1
1016, 1170, 1
1170, 1347, 1
1315, 237, 1
131, 23, 1
1059, 131, 1
1347, 214, 1
56, 237, 1
1282, 1347, 1
1016, 1099, 1
1016, 1282, 1
1013, 237, 1
1, 205, 1
1170, 1059, 1
1315, 1270, 1
1170, 1013, 1
56, 312, 1
56, 1270, 1
1059, 1347, 1
1170, 1315, 1
1315, 1099, 1
1315, 214, 1
1170, 131, 1
1282, 1059, 1
56, 214, 1
1282, 1013, 1
56, 1016, 1
1016, 237, 1
131, 237, 1
1013, 1315, 1
1170, 23, 1
312, 1170, 1
1059, 1013, 1
1013, 131, 1
1347, 1059, 1
1099, 237, 1
214, 237, 1
1347, 1315, 1
1282, 23, 1
1016, 1270, 1
56, 1347, 1
237, 1270, 1
312, 1099, 1
1347, 131, 1
312, 1282, 1
131, 1270, 1
1016, 214, 1
1347, 1170, 1
1282, 312, 1
1059, 1170, 1
1347, 1282, 1
1315, 1282, 1
1170, 312, 1
1315, 1170, 1
1099, 1170, 1
1, 599, 1
1059, 1282, 1
1170, 56, 1
23, 1170, 1
1099, 1282, 1
214, 1170, 1
131, 1170, 1
1282, 56, 1
205, 599, 1
237, 799, -1
237, 1416, -1
237, 1398, -1
237, 1191, -1
237, 1390, -1
237, 295, -1
237, 685, -1
237, 1182, -1
237, 375, -1
237, 911, -1
237, 1229, -1
237, 1151, -1
237, 1159, -1
237, 154, -1
237, 575, -1
237, 1164, -1
237, 882, -1
237, 150, -1
237, 1250, -1
237, 361, -1
237, 268, -1
237, 663, -1
237, 205, -1
237, 1, -1
237, 1335, -1
599, 1016, -1
599, 214, -1
599, 1059, -1
599, 131, -1
599, 1315, -1
599, 1099, -1
599, 56, -1
599, 1013, -1
599, 1347, -1
599, 312, -1
599, 23, -1
599, 1282, -1
599, 1170, -1
599, 237, -1
599, 799, -1
599, 1416, -1
599, 1398, -1
599, 1191, -1
599, 1390, -1
599, 295, -1
599, 685, -1
599, 1182, -1
599, 375, -1
599, 911, -1
599, 1229, -1
599, 1151, -1
599, 1159, -1
599, 154, -1
599, 575, -1
599, 1164, -1
599, 882, -1
599, 150, -1
599, 1250, -1
599, 361, -1
599, 268, -1
599, 663, -1
599, 1335, -1
1270, 799, -1
1270, 1416, -1
1270, 1398, -1
1270, 1191, -1
1270, 1390, -1
1270, 295, -1
1270, 685, -1
1270, 1182, -1
1270, 375, -1
1270, 911, -1
1270, 1229, -1
1270, 1151, -1
1270, 1159, -1
1270, 154, -1
1270, 575, -1
1270, 1164, -1
1270, 882, -1
1270, 150, -1
1270, 1250, -1
1270, 361, -1
1270, 268, -1
1270, 663, -1
1270, 205, -1
1270, 1, -1
1270, 599, -1
1270, 1335, -1
1398, 1347, -1
1315, 1151, -1
214, 1151, -1
361, 1170, -1
1099, 205, -1
214, 1398, -1
1170, 1159, -1
1416, 1099, -1
131, 1229, -1
663, 205, -1
1398, 1059, -1
150, 214, -1
799, 205, -1
205, 1151, -1
56, 268, -1
1398, 1315, -1
56, 295, -1
1, 1164, -1
1016, 575, -1
911, 1, -1
268, 205, -1
1059, 1229, -1
205, 1016, -1
1315, 1164, -1
312, 1151, -1
1164, 1013, -1
205, 131, -1
312, 1398, -1
1315, 1182, -1
1013, 295, -1
1250, 131, -1
56, 663, -1
1059, 685, -1
23, 1151, -1
1282, 205, -1
1390, 1059, -1
1347, 1335, -1
1390, 1315, -1
1013, 663, -1
361, 1, -1
154, 1347, -1
1315, 1159, -1
1059, 150, -1
1347, 1191, -1
56, 375, -1
1282, 1229, -1
1170, 911, -1
361, 131, -1
237, 599, -1
154, 1059, -1
1099, 1390, -1
1229, 1347, -1
1013, 685, -1
1099, 599, -1
56, 361, -1
1398, 1170, -1
1416, 1, -1
1229, 1059, -1
1390, 1013, -1
56, 882, -1
1229, 1315, -1
1013, 150, -1
1398, 1282, -1
1016, 295, -1
1416, 131, -1
131, 1335, -1
1390, 1170, -1
214, 295, -1
131, 1191, -1
1016, 663, -1
1347, 799, -1
1, 1099, -1
1390, 1282, -1
1059, 1164, -1
56, 1151, -1
150, 23, -1
1315, 205, -1
56, 1398, -1
1059, 1182, -1
1347, 911, -1
1013, 1151, -1
268, 23, -1
1, 1398, -1
1, 1229, -1
154, 1170, -1
312, 295, -1
205, 1270, -1
1315, 1229, -1
1170, 1390, -1
1016, 685, -1
205, 1099, -1
214, 1229, -1
205, 214, -1
1250, 205, -1
1250, 1099, -1
1250, 214, -1
23, 295, -1
1, 685, -1
882, 1099, -1
882, 205, -1
1059, 1159, -1
1282, 1335, -1
882, 214, -1
1170, 599, -1
56, 1164, -1
911, 205, -1
1229, 1170, -1
1099, 575, -1
1282, 1182, -1
214, 685, -1
1016, 150, -1
1347, 268, -1
205, 1229, -1
1282, 1191, -1
1013, 1164, -1
1, 150, -1
312, 1229, -1
131, 799, -1
214, 150, -1
361, 1270, -1
205, 56, -1
361, 1099, -1
361, 205, -1
1099, 799, -1
361, 214, -1
205, 312, -1
312, 685, -1
131, 911, -1
1016, 154, -1
1013, 1159, -1
1, 154, -1
1016, 1, -1
1099, 911, -1
1416, 237, -1
23, 685, -1
1016, 1151, -1
1347, 375, -1
154, 131, -1
312, 150, -1
150, 237, -1
685, 23, -1
1347, 1390, -1
1416, 1270, -1
268, 237, -1
1191, 1, -1
1, 131, -1
131, 268, -1
1416, 205, -1
1229, 1016, -1
1416, 214, -1
1229, 131, -1
1282, 799, -1
1059, 205, -1
1347, 599, -1
1099, 268, -1
1016, 1164, -1
312, 154, -1
1, 1335, -1
1170, 575, -1
1016, 1182, -1
268, 1270, -1
1, 23, -1
1282, 911, -1
1315, 1335, -1
312, 1, -1
1, 1182, -1
1390, 1347, -1
268, 214, -1
1315, 1191, -1
214, 1182, -1
882, 131, -1
214, 1191, -1
1099, 663, -1
56, 205, -1
1416, 56, -1
205, 1335, -1
1016, 1159, -1
205, 23, -1
131, 375, -1
1170, 799, -1
1416, 312, -1
1250, 23, -1
1398, 1099, -1
1013, 205, -1
205, 1182, -1
882, 23, -1
1282, 268, -1
312, 1335, -1
1099, 375, -1
1347, 1151, -1
56, 1229, -1
1347, 1398, -1
312, 1164, -1
214, 1159, -1
131, 1390, -1
150, 1013, -1
312, 1182, -1
312, 1191, -1
1013, 1229, -1
23, 1335, -1
56, 685, -1
131, 599, -1
268, 1013, -1
1182, 131, -1
23, 1191, -1
1059, 1390, -1
1390, 1099, -1
361, 23, -1
375, 205, -1
312, 1159, -1
56, 150, -1
1182, 23, -1
1059, 599, -1
1170, 268, -1
1347, 575, -1
1282, 375, -1
1170, 295, -1
1315, 799, -1
23, 1159, -1
1, 237, -1
154, 1270, -1
154, 1099, -1
154, 205, -1
154, 214, -1
1315, 911, -1
1282, 1390, -1
1170, 663, -1
56, 154, -1
1016, 205, -1
131, 1398, -1
1, 1270, -1
1416, 23, -1
1282, 599, -1
1059, 1335, -1
56, 1, -1
1, 214, -1
1099, 1151, -1
1013, 154, -1
205, 237, -1
1229, 1099, -1
1099, 1398, -1
1250, 237, -1
1229, 214, -1
1170, 375, -1
1059, 1191, -1
882, 237, -1
214, 205, -1
1016, 1229, -1
1191, 205, -1
312, 911, -1
1315, 268, -1
1250, 1270, -1
205, 1059, -1
1398, 131, -1
882, 1270, -1
131, 575, -1
205, 1315, -1
23, 911, -1
56, 1335, -1
312, 205, -1
56, 1182, -1
56, 1191, -1
1013, 1335, -1
1229, 56, -1
361, 237, -1
1398, 23, -1
1282, 1398, -1
1229, 312, -1
1182, 237, -1
1347, 295, -1
1013, 1182, -1
1, 1013, -1
1013, 1191, -1
23, 205, -1
1390, 131, -1
1315, 375, -1
56, 1159, -1
1347, 663, -1
1, 1390, -1
361, 1315, -1
1182, 214, -1
1059, 799, -1
1315, 1390, -1
205, 1013, -1
1250, 1013, -1
214, 1390, -1
1170, 1151, -1
1282, 575, -1
882, 1013, -1
1170, 1398, -1
1315, 599, -1
1059, 911, -1
214, 599, -1
205, 1390, -1
1347, 685, -1
154, 23, -1
1416, 1059, -1
312, 1390, -1
1416, 1315, -1
131, 295, -1
1, 1250, -1
1016, 1335, -1
205, 1282, -1
1170, 1164, -1
1250, 1282, -1
1347, 150, -1
361, 1013, -1
1013, 799, -1
1164, 205, -1
1099, 295, -1
312, 599, -1
56, 911, -1
1059, 268, -1
1016, 1191, -1
1182, 1013, -1
1229, 23, -1
131, 663, -1
1398, 237, -1
214, 1335, -1
1013, 911, -1
23, 599, -1
1315, 1398, -1
1059, 663, -1
312, 1250, -1
361, 1282, -1
1398, 214, -1
1416, 1013, -1
205, 1398, -1
1099, 1229, -1
1390, 237, -1
1282, 295, -1
131, 685, -1
1059, 375, -1
1013, 268, -1
1, 575, -1
1099, 685, -1
1315, 575, -1
214, 575, -1
1416, 1170, -1
131, 150, -1
1282, 663, -1
1390, 214, -1
154, 237, -1
1016, 799, -1
1099, 150, -1
1347, 1164, -1
1416, 1282, -1
205, 575, -1
1, 799, -1
1347, 1182, -1
1016, 911, -1
1398, 1013, -1
214, 799, -1
312, 575, -1
1013, 375, -1
1, 1347, -1
56, 1390, -1
1282, 685, -1
154, 1315, -1
214, 911, -1
23, 575, -1
1347, 1159, -1
1170, 205, -1
1159, 205, -1
131, 1151, -1
1013, 1390, -1
56, 599, -1
1229, 1270, -1
1, 1059, -1
1282, 150, -1
1, 1315, -1
312, 799, -1
663, 1, -1
1013, 599, -1
1016, 268, -1
205, 1347, -1
1170, 1229, -1
1059, 1151, -1
1164, 23, -1
1250, 1347, -1
1059, 1398, -1
1, 268, -1
882, 1347, -1
1013, 882, -1
1416, 1016, -1
23, 799, -1
1, 295, -1
1170, 685, -1
1315, 295, -1
56, 1250, -1
131, 1164, -1
150, 131, -1
131, 1182, -1
1250, 1059, -1
1099, 1335, -1
154, 1013, -1
882, 1059, -1
1250, 1315, -1
1013, 1250, -1
1099, 1164, -1
882, 1315, -1
1099, 1182, -1
1170, 150, -1
1099, 1191, -1
1315, 663, -1
1282, 1151, -1
205, 295, -1
214, 663, -1
1059, 575, -1
361, 1347, -1
1016, 375, -1
312, 268, -1
131, 1159, -1
1229, 1013, -1
1013, 1398, -1
1, 375, -1
1099, 1159, -1
1016, 1390, -1
214, 375, -1
361, 1059, -1
1347, 205, -1
154, 1282, -1
1, 1170, -1
312, 663, -1
1390, 23, -1
1315, 685, -1
1016, 361, -1
1282, 1164, -1
1016, 599, -1
1159, 1, -1
56, 575, -1
1347, 1229, -1
1016, 882, -1
1416, 1347, -1
1, 1282, -1
23, 663, -1
1013, 575, -1
1229, 1282, -1
1, 882, -1
1315, 150, -1
312, 375, -1
1164, 237, -1
205, 685, -1
205, 1170, -1
1250, 1170, -1
1016, 1250, -1
1282, 1159, -1
882, 1170, -1
23, 375, -1
56, 799, -1
1170, 1335, -1
205, 150, -1
1164, 1270, -1
1170, 1182, -1
1170, 1191, -1
882, 1282, -1
1164, 214, -1
312, 361, -1
1016, 1398, -1
1059, 295, -1
1, 1151, -1
131, 205, -1
312, 882, -1
663, 1170, -1
1191, 1170, -1
375, 1270, -1
1335, 214, -1
150, 1170, -1
205, 911, -1
1, 1016, -1
1282, 882, -1
1182, 1170, -1
150, 1270, -1
663, 1099, -1
799, 1270, -1
1191, 1099, -1
663, 1282, -1
663, 214, -1
1191, 1282, -1
268, 1170, -1
911, 1347, -1
1250, 56, -1
154, 56, -1
1059, 882, -1
799, 214, -1
295, 1270, -1
882, 56, -1
1250, 312, -1
154, 312, -1
1282, 1250, -1
1159, 1170, -1
882, 312, -1
295, 214, -1
1229, 237, -1
911, 1059, -1
1059, 1250, -1
1159, 1099, -1
663, 237, -1
1191, 237, -1
911, 1013, -1
1159, 1282, -1
911, 1315, -1
1229, 1, -1
911, 131, -1
663, 56, -1
1398, 599, -1
685, 599, -1
663, 312, -1
361, 56, -1
663, 1270, -1
375, 1013, -1
1191, 1270, -1
361, 312, -1
1159, 237, -1
1191, 214, -1
1164, 599, -1
1182, 1270, -1
663, 1016, -1
799, 1013, -1
361, 1016, -1
1159, 56, -1
1, 1191, -1
1159, 312, -1
205, 375, -1
1159, 1270, -1
205, 1159, -1
1, 663, -1
1390, 599, -1
1159, 214, -1
663, 1347, -1
1191, 1347, -1
685, 1170, -1
1059, 154, -1
1159, 1016, -1
1315, 882, -1
1, 1159, -1
1164, 1170, -1
205, 1191, -1
685, 214, -1
663, 1059, -1
205, 663, -1
911, 1170, -1
1191, 1059, -1
1250, 599, -1
154, 599, -1
663, 1013, -1
1191, 1013, -1
1151, 1270, -1
663, 1315, -1
882, 599, -1
1159, 1347, -1
1191, 1315, -1
1315, 1250, -1
911, 1016, -1
663, 131, -1
1191, 131, -1
1151, 214, -1
911, 1099, -1
911, 1282, -1
1282, 154, -1
1229, 599, -1
1159, 1059, -1
1159, 1013, -1
1159, 1315, -1
1416, 599, -1
1159, 131, -1
375, 214, -1
1013, 1, -1
575, 1270, -1
150, 599, -1
911, 237, -1
1398, 1270, -1
685, 1270, -1
361, 599, -1
575, 214, -1
1182, 599, -1
268, 599, -1
1, 911, -1
911, 56, -1
911, 312, -1
375, 237, -1
911, 1270, -1
1315, 154, -1
1, 56, -1
911, 214, -1
205, 799, -1
1, 312, -1
799, 237, -1
1335, 1270, -1
1390, 1270, -1
1099, 882, -1
1170, 882, -1
1347, 154, -1
131, 882, -1
1347, 1250, -1
214, 882, -1
23, 154, -1
1099, 1250, -1
1099, 154, -1
1170, 154, -1
1170, 1250, -1
131, 154, -1
1347, 882, -1
214, 154, -1
131, 1250, -1

