1176, 291, 1
241, 596, 1
164, 30, 1
596, 291, -1
596, 1176, -1
241, 291, -1
241, 1176, -1
30, 291, -1
30, 1176, -1
30, 596, -1
30, 241, -1
164, 291, -1
164, 1176, -1
164, 596, -1
164, 241, -1
1176, 30, -1
1176, 596, -1
241, 164, -1
291, 164, -1
1176, 241, -1
1176, 164, -1
596, 30, -1
291, 596, -1
291, 30, -1
241, 30, -1

1269, 291, 1
1269, 1176, 1
222, 30, 1
222, 164, 1
150, 30, 1
150, 164, 1
150, 222, 1
737, 291, 1
737, 1176, 1
737, 1269, 1
526, 596, 1
526, 241, 1
1176, 737, 1
164, 30, 1
291, 1269, 1
164, 222, 1
1176, 1269, 1
222, 150, 1
241, 596, 1
1176, 291, 1
164, 150, 1
241, 526, 1
596, 526, 1
1269, 596, -1
1269, 241, -1
1269, 30, -1
1269, 164, -1
222, 291, -1
222, 1176, -1
222, 1269, -1
222, 596, -1
222, 241, -1
150, 291, -1
150, 1176, -1
150, 1269, -1
150, 596, -1
150, 241, -1
737, 596, -1
737, 241, -1
737, 30, -1
737, 164, -1
737, 222, -1
737, 150, -1
526, 291, -1
526, 1176, -1
526, 1269, -1
526, 737, -1
526, 30, -1
526, 164, -1
526, 222, -1
526, 150, -1
1269, 150, -1
596, 1269, -1
241, 150, -1
291, 526, -1
150, 526, -1
596, 30, -1
291, 596, -1
1176, 150, -1
164, 1269, -1
596, 222, -1
1176, 241, -1
241, 1269, -1
291, 150, -1
737, 526, -1
222, 526, -1
1269, 222, -1
241, 30, -1
1176, 30, -1
241, 164, -1
291, 241, -1
241, 222, -1
1176, 222, -1
1176, 164, -1
291, 30, -1
164, 526, -1
241, 737, -1
291, 222, -1
164, 596, -1
291, 164, -1
1269, 526, -1
596, 150, -1
241, 291, -1
1176, 526, -1
1176, 596, -1
30, 526, -1
596, 737, -1
30, 596, -1

339, 30, 1
339, 164, 1
339, 222, 1
339, 150, 1
900, 30, 1
900, 164, 1
900, 222, 1
900, 150, 1
900, 339, 1
1449, 596, 1
1449, 241, 1
1449, 526, 1
596, 241, 1
150, 30, 1
164, 339, 1
222, 30, 1
164, 30, 1
150, 222, 1
596, 526, 1
241, 526, 1
164, 900, 1
164, 222, 1
339, 900, 1
222, 150, 1
241, 596, 1
164, 150, 1
150, 900, 1
241, 1449, 1
150, 164, 1
150, 339, 1
339, 291, -1
339, 1176, -1
339, 1269, -1
339, 737, -1
339, 596, -1
339, 241, -1
339, 526, -1
900, 291, -1
900, 1176, -1
900, 1269, -1
900, 737, -1
900, 596, -1
900, 241, -1
900, 526, -1
1449, 291, -1
1449, 1176, -1
1449, 1269, -1
1449, 737, -1
1449, 30, -1
1449, 164, -1
1449, 222, -1
1449, 150, -1
1449, 339, -1
1449, 900, -1
737, 30, -1
596, 1269, -1
1269, 150, -1
737, 164, -1
737, 222, -1
241, 150, -1
291, 526, -1
150, 526, -1
596, 30, -1
241, 339, -1
291, 596, -1
1176, 150, -1
164, 1269, -1
596, 222, -1
150, 596, -1
1176, 339, -1
241, 900, -1
1176, 241, -1
1176, 900, -1
241, 1269, -1
1269, 30, -1
737, 526, -1
291, 150, -1
222, 526, -1
596, 737, -1
1269, 222, -1
241, 30, -1
1176, 596, -1
1176, 30, -1
222, 596, -1
241, 164, -1
241, 222, -1
291, 900, -1
1176, 222, -1
1176, 164, -1
737, 150, -1
339, 1449, -1
30, 526, -1
291, 30, -1
737, 339, -1
164, 526, -1
241, 737, -1
30, 596, -1
291, 222, -1
164, 291, -1
164, 596, -1
291, 164, -1
737, 900, -1
1269, 526, -1
596, 150, -1
241, 291, -1
1176, 526, -1
526, 30, -1
737, 596, -1
291, 1449, -1
737, 241, -1
222, 1269, -1
1176, 1449, -1
150, 1269, -1
737, 1449, -1
150, 291, -1
164, 241, -1
291, 241, -1

65, 291, 1
65, 1176, 1
65, 1269, 1
65, 737, 1
524, 291, 1
524, 1176, 1
524, 1269, 1
524, 737, 1
524, 65, 1
865, 291, 1
865, 1176, 1
865, 1269, 1
865, 737, 1
865, 65, 1
865, 524, 1
338, 291, 1
338, 1176, 1
338, 1269, 1
338, 737, 1
338, 65, 1
338, 524, 1
338, 865, 1
1367, 291, 1
1367, 1176, 1
1367, 1269, 1
1367, 737, 1
1367, 65, 1
1367, 524, 1
1367, 865, 1
1367, 338, 1
557, 291, 1
557, 1176, 1
557, 1269, 1
557, 737, 1
557, 65, 1
557, 524, 1
557, 865, 1
557, 338, 1
557, 1367, 1
1037, 291, 1
1037, 1176, 1
1037, 1269, 1
1037, 737, 1
1037, 65, 1
1037, 524, 1
1037, 865, 1
1037, 338, 1
1037, 1367, 1
1037, 557, 1
291, 557, 1
291, 737, 1
1176, 65, 1
524, 557, 1
737, 338, 1
737, 524, 1
524, 865, 1
65, 1367, 1
1269, 1367, 1
338, 1367, 1
865, 557, 1
1176, 291, 1
65, 1037, 1
737, 557, 1
1176, 1367, 1
737, 865, 1
1269, 1037, 1
338, 1037, 1
65, 338, 1
1176, 1269, 1
65, 524, 1
1176, 1037, 1
1269, 338, 1
737, 291, 1
291, 1367, 1
1269, 524, 1
524, 1367, 1
1176, 338, 1
65, 557, 1
291, 1269, 1
1176, 524, 1
65, 865, 1
291, 1037, 1
524, 1037, 1
1269, 737, 1
338, 557, 1
865, 1367, 1
557, 1037, 1
1269, 557, 1
1269, 865, 1
737, 1367, 1
1176, 737, 1
1176, 557, 1
291, 524, 1
1176, 865, 1
865, 1037, 1
1269, 291, 1
737, 1269, 1
737, 1037, 1
865, 338, 1
291, 865, 1
676, 291, -1
676, 1176, -1
676, 1269, -1
676, 737, -1
676, 596, -1
676, 241, -1
676, 526, -1
676, 1449, -1
676, 30, -1
676, 164, -1
676, 222, -1
676, 150, -1
676, 339, -1
676, 900, -1
65, 596, -1
65, 241, -1
65, 526, -1
65, 1449, -1
65, 30, -1
65, 164, -1
65, 222, -1
65, 150, -1
65, 339, -1
65, 900, -1
65, 676, -1
524, 596, -1
524, 241, -1
524, 526, -1
524, 1449, -1
524, 30, -1
524, 164, -1
524, 222, -1
524, 150, -1
524, 339, -1
524, 900, -1
524, 676, -1
865, 596, -1
865, 241, -1
865, 526, -1
865, 1449, -1
865, 30, -1
865, 164, -1
865, 222, -1
865, 150, -1
865, 339, -1
865, 900, -1
865, 676, -1
338, 596, -1
338, 241, -1
338, 526, -1
338, 1449, -1
338, 30, -1
338, 164, -1
338, 222, -1
338, 150, -1
338, 339, -1
338, 900, -1
338, 676, -1
1367, 596, -1
1367, 241, -1
1367, 526, -1
1367, 1449, -1
1367, 30, -1
1367, 164, -1
1367, 222, -1
1367, 150, -1
1367, 339, -1
1367, 900, -1
1367, 676, -1
557, 596, -1
557, 241, -1
557, 526, -1
557, 1449, -1
557, 30, -1
557, 164, -1
557, 222, -1
557, 150, -1
557, 339, -1
557, 900, -1
557, 676, -1
1037, 596, -1
1037, 241, -1
1037, 526, -1
1037, 1449, -1
1037, 30, -1
1037, 164, -1
1037, 222, -1
1037, 150, -1
1037, 339, -1
1037, 900, -1
1037, 676, -1
30, 1367, -1
596, 1269, -1
164, 1367, -1
1269, 150, -1
900, 524, -1
1449, 291, -1
291, 596, -1
164, 1269, -1
1269, 900, -1
596, 524, -1
1176, 1449, -1
1449, 1269, -1
1269, 164, -1
676, 1367, -1
1449, 865, -1
291, 900, -1
241, 524, -1
339, 1269, -1
737, 339, -1
1449, 524, -1
1176, 676, -1
900, 1367, -1
222, 1367, -1
676, 338, -1
291, 164, -1
737, 241, -1
339, 524, -1
596, 1367, -1
1176, 596, -1
291, 676, -1
900, 338, -1
241, 1367, -1
1269, 241, -1
1176, 900, -1
241, 1269, -1
164, 338, -1
1449, 1367, -1
737, 526, -1
291, 150, -1
291, 241, -1
164, 557, -1
339, 1367, -1
1176, 164, -1
1449, 338, -1
676, 1037, -1
526, 1367, -1
900, 1037, -1
737, 30, -1
676, 865, -1
676, 557, -1
737, 222, -1
596, 1037, -1
1269, 339, -1
1176, 150, -1
900, 557, -1
164, 1037, -1
1176, 241, -1
1269, 30, -1
291, 339, -1
596, 557, -1
1269, 222, -1
150, 1367, -1
241, 338, -1
1449, 1037, -1
291, 30, -1
241, 557, -1
339, 1037, -1
291, 222, -1
676, 524, -1
737, 900, -1
1269, 526, -1
1449, 557, -1
737, 1449, -1
737, 164, -1
339, 557, -1
291, 526, -1
1176, 339, -1
900, 737, -1
737, 676, -1
900, 865, -1
164, 524, -1
241, 1037, -1
900, 291, -1
737, 596, -1
1176, 30, -1
1176, 222, -1
291, 1449, -1
1269, 676, -1
737, 150, -1
241, 737, -1
241, 865, -1
164, 291, -1
900, 1269, -1
1269, 596, -1
241, 291, -1
1449, 737, -1
1176, 526, -1
596, 865, -1
526, 865, -1
150, 865, -1
164, 737, -1
222, 865, -1
339, 737, -1
30, 865, -1
339, 338, -1
164, 865, -1
339, 865, -1
596, 737, -1

821, 291, 1
821, 1176, 1
821, 1269, 1
821, 737, 1
821, 65, 1
821, 524, 1
821, 865, 1
821, 338, 1
821, 1367, 1
821, 557, 1
821, 1037, 1
763, 291, 1
763, 1176, 1
763, 1269, 1
763, 737, 1
763, 65, 1
763, 524, 1
763, 865, 1
763, 338, 1
763, 1367, 1
763, 557, 1
763, 1037, 1
763, 821, 1
125, 596, 1
125, 241, 1
125, 526, 1
125, 1449, 1
884, 30, 1
884, 164, 1
884, 222, 1
884, 150, 1
884, 339, 1
884, 900, 1
900, 222, 1
65, 763, 1
1269, 763, 1
338, 1367, 1
65, 1037, 1
1176, 1367, 1
737, 865, 1
164, 30, 1
1269, 1037, 1
164, 222, 1
291, 763, 1
557, 763, 1
1176, 338, 1
65, 557, 1
596, 526, 1
524, 1269, 1
291, 1037, 1
821, 763, 1
865, 763, 1
1269, 557, 1
557, 1037, 1
1037, 524, 1
339, 30, 1
865, 1037, 1
339, 222, 1
241, 526, 1
291, 557, 1
222, 30, 1
1449, 526, 1
737, 524, 1
338, 763, 1
1037, 291, 1
865, 557, 1
1176, 763, 1
338, 1037, 1
1176, 1037, 1
1037, 821, 1
1037, 1367, 1
737, 291, 1
524, 821, 1
524, 1367, 1
65, 737, 1
865, 338, 1
1037, 1269, 1
65, 865, 1
1269, 737, 1
338, 557, 1
1269, 865, 1
737, 821, 1
737, 1367, 1
65, 291, 1
1176, 557, 1
1269, 291, 1
737, 1269, 1
164, 150, 1
291, 737, 1
1176, 65, 1
65, 821, 1
291, 865, 1
900, 164, 1
1269, 821, 1
65, 1269, 1
865, 737, 1
557, 291, 1
241, 1449, 1
865, 291, 1
65, 524, 1
339, 150, 1
1037, 763, 1
557, 821, 1
1269, 524, 1
291, 1269, 1
557, 1269, 1
900, 150, 1
524, 1037, 1
222, 150, 1
737, 763, 1
150, 30, 1
1037, 338, 1
1176, 737, 1
291, 524, 1
865, 1269, 1
150, 222, 1
1176, 865, 1
557, 524, 1
338, 291, 1
241, 596, 1
1176, 291, 1
1037, 557, 1
164, 339, 1
865, 524, 1
524, 557, 1
737, 338, 1
65, 1367, 1
338, 821, 1
1449, 596, 1
1269, 1367, 1
1176, 821, 1
737, 557, 1
338, 1269, 1
65, 338, 1
1176, 1269, 1
1269, 338, 1
1449, 241, 1
291, 821, 1
291, 1367, 1
338, 524, 1
557, 1367, 1
1176, 524, 1
865, 821, 1
900, 339, 1
865, 1367, 1
291, 338, 1
737, 1037, 1
900, 30, 1
596, 241, 1
1037, 865, 1
596, 125, 1
524, 737, 1
557, 737, 1
900, 884, 1
524, 865, 1
557, 865, 1
164, 900, 1
241, 125, 1
164, 884, 1
150, 339, 1
1449, 125, 1
1367, 763, 1
524, 763, 1
150, 900, 1
339, 900, 1
338, 737, 1
338, 865, 1
150, 164, 1
150, 884, 1
339, 884, 1
339, 164, 1
1037, 737, 1
821, 596, -1
821, 241, -1
821, 526, -1
821, 1449, -1
821, 30, -1
821, 164, -1
821, 222, -1
821, 150, -1
821, 339, -1
821, 900, -1
821, 676, -1
763, 596, -1
763, 241, -1
763, 526, -1
763, 1449, -1
763, 30, -1
763, 164, -1
763, 222, -1
763, 150, -1
763, 339, -1
763, 900, -1
763, 676, -1
125, 291, -1
125, 1176, -1
125, 1269, -1
125, 737, -1
125, 65, -1
125, 524, -1
125, 865, -1
125, 338, -1
125, 1367, -1
125, 557, -1
125, 1037, -1
125, 821, -1
125, 763, -1
125, 30, -1
125, 164, -1
125, 222, -1
125, 150, -1
125, 339, -1
125, 900, -1
125, 676, -1
884, 291, -1
884, 1176, -1
884, 1269, -1
884, 737, -1
884, 65, -1
884, 524, -1
884, 865, -1
884, 338, -1
884, 1367, -1
884, 557, -1
884, 1037, -1
884, 821, -1
884, 763, -1
884, 596, -1
884, 241, -1
884, 526, -1
884, 1449, -1
884, 125, -1
884, 676, -1
30, 1367, -1
596, 1269, -1
1269, 150, -1
164, 1367, -1
900, 524, -1
1449, 291, -1
164, 821, -1
65, 900, -1
596, 30, -1
241, 339, -1
291, 596, -1
65, 125, -1
676, 526, -1
164, 1269, -1
557, 596, -1
596, 222, -1
150, 596, -1
1269, 900, -1
339, 291, -1
1269, 125, -1
596, 524, -1
763, 884, -1
1449, 339, -1
1176, 1449, -1
900, 526, -1
65, 164, -1
222, 526, -1
65, 884, -1
1037, 339, -1
1449, 1269, -1
1269, 164, -1
1269, 884, -1
339, 821, -1
241, 524, -1
65, 150, -1
291, 900, -1
676, 1367, -1
291, 125, -1
557, 900, -1
557, 125, -1
1449, 222, -1
339, 1269, -1
737, 339, -1
1449, 524, -1
30, 596, -1
1176, 676, -1
900, 1367, -1
865, 900, -1
222, 1367, -1
865, 125, -1
676, 164, -1
291, 164, -1
524, 222, -1
291, 884, -1
737, 241, -1
557, 164, -1
557, 884, -1
338, 596, -1
339, 524, -1
1176, 526, -1
596, 1367, -1
1176, 596, -1
291, 676, -1
900, 338, -1
865, 164, -1
865, 884, -1
164, 763, -1
557, 676, -1
763, 125, -1
1037, 526, -1
65, 241, -1
524, 526, -1
241, 821, -1
241, 1367, -1
865, 676, -1
676, 596, -1
339, 526, -1
1269, 241, -1
338, 900, -1
338, 125, -1
1176, 900, -1
241, 1269, -1
1176, 125, -1
1449, 821, -1
1449, 1367, -1
737, 526, -1
291, 150, -1
676, 150, -1
900, 596, -1
865, 596, -1
557, 150, -1
241, 30, -1
338, 164, -1
338, 884, -1
241, 222, -1
164, 557, -1
339, 1367, -1
1176, 164, -1
865, 150, -1
1176, 884, -1
1449, 338, -1
1449, 30, -1
676, 1037, -1
338, 676, -1
526, 1367, -1
900, 763, -1
1037, 30, -1
865, 241, -1
524, 30, -1
1037, 222, -1
164, 596, -1
821, 125, -1
900, 125, -1
339, 338, -1
900, 1037, -1
526, 30, -1
737, 30, -1
676, 557, -1
65, 339, -1
737, 222, -1
596, 1037, -1
338, 150, -1
1269, 339, -1
150, 526, -1
241, 763, -1
164, 125, -1
1176, 150, -1
900, 557, -1
900, 676, -1
164, 1037, -1
241, 900, -1
339, 596, -1
65, 30, -1
1176, 241, -1
65, 222, -1
1449, 763, -1
1269, 30, -1
291, 339, -1
596, 557, -1
1449, 900, -1
1269, 222, -1
557, 339, -1
150, 1367, -1
222, 596, -1
241, 338, -1
241, 884, -1
241, 164, -1
1449, 1037, -1
1037, 900, -1
339, 763, -1
524, 900, -1
524, 125, -1
865, 339, -1
339, 125, -1
291, 30, -1
241, 557, -1
241, 676, -1
1449, 884, -1
1449, 164, -1
339, 1037, -1
557, 30, -1
65, 526, -1
291, 222, -1
1037, 164, -1
676, 524, -1
1037, 884, -1
737, 900, -1
557, 222, -1
1269, 526, -1
524, 164, -1
524, 884, -1
596, 150, -1
1449, 557, -1
1449, 676, -1
737, 1449, -1
865, 30, -1
1037, 676, -1
865, 222, -1
524, 676, -1
737, 164, -1
737, 884, -1
339, 557, -1
241, 150, -1
291, 526, -1
338, 339, -1
65, 1449, -1
557, 526, -1
1037, 596, -1
1176, 339, -1
737, 676, -1
524, 596, -1
1269, 1449, -1
1449, 150, -1
865, 526, -1
164, 524, -1
1037, 150, -1
338, 30, -1
241, 1037, -1
900, 291, -1
524, 150, -1
676, 821, -1
338, 222, -1
676, 339, -1
737, 596, -1
1176, 30, -1
65, 676, -1
1176, 222, -1
1037, 125, -1
676, 1269, -1
1269, 676, -1
737, 150, -1
900, 821, -1
30, 526, -1
241, 737, -1
164, 526, -1
676, 30, -1
241, 865, -1
65, 596, -1
164, 291, -1
865, 1449, -1
676, 222, -1
338, 526, -1
900, 1269, -1
1269, 596, -1
241, 291, -1
737, 125, -1
1449, 737, -1
596, 821, -1
1449, 865, -1
150, 557, -1
150, 676, -1
30, 763, -1
821, 884, -1
676, 865, -1
676, 737, -1
339, 676, -1
150, 865, -1
339, 737, -1
339, 865, -1
164, 241, -1
676, 291, -1
150, 291, -1
1367, 596, -1
900, 737, -1
526, 865, -1
222, 557, -1
338, 241, -1
900, 865, -1
338, 1449, -1
222, 865, -1
164, 338, -1
596, 737, -1
150, 763, -1
150, 821, -1
596, 865, -1
676, 763, -1
291, 241, -1
164, 737, -1
164, 676, -1
1037, 241, -1
524, 241, -1
557, 241, -1
291, 1449, -1
676, 125, -1
30, 865, -1
164, 865, -1
339, 241, -1
676, 241, -1
150, 1269, -1
150, 125, -1
339, 1449, -1
150, 1037, -1
222, 763, -1
222, 821, -1
676, 338, -1
676, 884, -1
900, 241, -1
150, 524, -1
222, 1269, -1
222, 125, -1
222, 1037, -1
676, 900, -1

887, 30, 1
887, 164, 1
887, 222, 1
887, 150, 1
887, 339, 1
887, 900, 1
887, 884, 1
605, 596, 1
605, 241, 1
605, 526, 1
605, 1449, 1
605, 125, 1
222, 30, 1
900, 222, 1
1449, 526, 1
900, 164, 1
900, 884, 1
884, 900, 1
164, 900, 1
1449, 596, 1
884, 30, 1
884, 222, 1
30, 222, 1
164, 30, 1
884, 164, 1
241, 125, 1
241, 1449, 1
164, 884, 1
164, 222, 1
339, 150, 1
1449, 241, 1
1449, 125, 1
596, 526, 1
125, 526, 1
339, 900, 1
125, 596, 1
900, 150, 1
222, 150, 1
150, 30, 1
339, 30, 1
150, 222, 1
339, 222, 1
241, 526, 1
339, 164, 1
339, 884, 1
884, 150, 1
30, 150, 1
241, 596, 1
900, 30, 1
164, 150, 1
241, 605, 1
596, 241, 1
164, 339, 1
596, 125, 1
125, 241, 1
900, 887, 1
222, 887, 1
1449, 605, 1
884, 887, 1
30, 887, 1
164, 887, 1
150, 339, 1
150, 900, 1
125, 605, 1
900, 339, 1
596, 605, 1
150, 884, 1
150, 164, 1
150, 887, 1
339, 887, 1
884, 339, 1
887, 291, -1
887, 1176, -1
887, 1269, -1
887, 737, -1
887, 65, -1
887, 524, -1
887, 865, -1
887, 338, -1
887, 1367, -1
887, 557, -1
887, 1037, -1
887, 821, -1
887, 763, -1
887, 596, -1
887, 241, -1
887, 526, -1
887, 1449, -1
887, 125, -1
887, 676, -1
1341, 291, -1
1341, 1176, -1
1341, 1269, -1
1341, 737, -1
1341, 65, -1
1341, 524, -1
1341, 865, -1
1341, 338, -1
1341, 1367, -1
1341, 557, -1
1341, 1037, -1
1341, 821, -1
1341, 763, -1
1341, 596, -1
1341, 241, -1
1341, 526, -1
1341, 1449, -1
1341, 125, -1
1341, 30, -1
1341, 164, -1
1341, 222, -1
1341, 150, -1
1341, 339, -1
1341, 900, -1
1341, 884, -1
1341, 887, -1
1341, 676, -1
605, 291, -1
605, 1176, -1
605, 1269, -1
605, 737, -1
605, 65, -1
605, 524, -1
605, 865, -1
605, 338, -1
605, 1367, -1
605, 557, -1
605, 1037, -1
605, 821, -1
605, 763, -1
605, 30, -1
605, 164, -1
605, 222, -1
605, 150, -1
605, 339, -1
605, 900, -1
605, 884, -1
605, 887, -1
605, 676, -1
605, 1341, -1
821, 222, -1
30, 1367, -1
763, 900, -1
164, 821, -1
164, 1367, -1
1269, 150, -1
1449, 291, -1
900, 524, -1
884, 125, -1
65, 900, -1
596, 30, -1
241, 339, -1
65, 125, -1
884, 1037, -1
676, 526, -1
291, 596, -1
164, 1269, -1
596, 222, -1
557, 596, -1
339, 291, -1
1269, 125, -1
763, 164, -1
763, 884, -1
1449, 339, -1
1176, 1449, -1
900, 526, -1
65, 164, -1
222, 526, -1
125, 676, -1
65, 884, -1
884, 557, -1
339, 821, -1
884, 676, -1
241, 524, -1
884, 1341, -1
291, 900, -1
65, 150, -1
1449, 222, -1
339, 1269, -1
737, 339, -1
1449, 524, -1
763, 596, -1
900, 1367, -1
222, 1367, -1
865, 900, -1
865, 125, -1
884, 605, -1
291, 164, -1
524, 222, -1
291, 884, -1
125, 150, -1
737, 241, -1
338, 596, -1
763, 150, -1
339, 524, -1
596, 1367, -1
125, 763, -1
1176, 596, -1
865, 164, -1
865, 884, -1
125, 900, -1
1037, 526, -1
65, 241, -1
524, 526, -1
241, 821, -1
241, 1367, -1
676, 596, -1
339, 526, -1
1269, 241, -1
338, 900, -1
338, 125, -1
125, 164, -1
125, 884, -1
596, 887, -1
1176, 900, -1
1176, 125, -1
1449, 821, -1
1449, 1367, -1
737, 526, -1
676, 150, -1
291, 150, -1
821, 596, -1
900, 596, -1
865, 596, -1
557, 150, -1
241, 30, -1
125, 557, -1
900, 605, -1
125, 1341, -1
338, 164, -1
338, 884, -1
241, 222, -1
164, 557, -1
241, 887, -1
164, 676, -1
339, 1367, -1
164, 1341, -1
821, 150, -1
1176, 164, -1
1176, 884, -1
865, 150, -1
1449, 338, -1
1449, 30, -1
526, 1367, -1
1037, 30, -1
1449, 887, -1
865, 241, -1
524, 30, -1
1037, 222, -1
164, 596, -1
900, 125, -1
164, 605, -1
900, 1037, -1
884, 821, -1
737, 30, -1
339, 676, -1
65, 339, -1
526, 887, -1
737, 222, -1
884, 1269, -1
338, 150, -1
150, 526, -1
241, 763, -1
164, 125, -1
1176, 150, -1
900, 557, -1
900, 676, -1
339, 596, -1
241, 900, -1
900, 1341, -1
164, 1037, -1
65, 30, -1
339, 605, -1
884, 524, -1
1176, 241, -1
65, 222, -1
1449, 763, -1
1269, 30, -1
1449, 900, -1
1269, 222, -1
150, 1367, -1
241, 338, -1
241, 164, -1
241, 884, -1
1449, 1037, -1
339, 763, -1
763, 526, -1
125, 291, -1
865, 339, -1
339, 125, -1
884, 526, -1
291, 30, -1
241, 557, -1
241, 676, -1
339, 1037, -1
241, 1341, -1
1449, 164, -1
557, 30, -1
1449, 884, -1
291, 222, -1
65, 526, -1
737, 900, -1
557, 222, -1
1269, 526, -1
596, 150, -1
1449, 557, -1
737, 1449, -1
865, 30, -1
125, 821, -1
125, 339, -1
1449, 676, -1
1449, 1341, -1
865, 222, -1
884, 1367, -1
737, 164, -1
339, 557, -1
737, 884, -1
339, 1341, -1
241, 150, -1
291, 526, -1
338, 339, -1
125, 30, -1
65, 1449, -1
557, 526, -1
1037, 596, -1
1176, 339, -1
763, 30, -1
125, 222, -1
125, 887, -1
524, 596, -1
1269, 1449, -1
125, 524, -1
763, 222, -1
1449, 150, -1
821, 526, -1
865, 526, -1
164, 524, -1
1037, 150, -1
338, 30, -1
241, 1037, -1
524, 150, -1
338, 222, -1
737, 596, -1
1176, 30, -1
1176, 222, -1
1037, 125, -1
737, 150, -1
30, 526, -1
900, 821, -1
884, 596, -1
164, 526, -1
676, 30, -1
65, 596, -1
865, 1449, -1
676, 222, -1
900, 1269, -1
338, 526, -1
1269, 596, -1
241, 291, -1
737, 125, -1
1176, 526, -1
821, 30, -1
125, 1367, -1
884, 763, -1
150, 557, -1
150, 676, -1
150, 1341, -1
821, 887, -1
596, 1269, -1
865, 887, -1
763, 1449, -1
1341, 605, -1
150, 596, -1
150, 605, -1
338, 1449, -1
1449, 1269, -1
338, 887, -1
291, 125, -1
150, 125, -1
150, 1037, -1
30, 596, -1
222, 821, -1
763, 605, -1
676, 164, -1
676, 884, -1
900, 338, -1
1176, 605, -1
30, 763, -1
164, 763, -1
884, 241, -1
763, 125, -1
125, 1037, -1
676, 605, -1
291, 605, -1
557, 605, -1
241, 1269, -1
821, 605, -1
865, 605, -1
884, 737, -1
291, 241, -1
884, 865, -1
676, 900, -1
676, 125, -1
884, 291, -1
339, 1449, -1
900, 763, -1
222, 763, -1
884, 65, -1
150, 524, -1
1037, 887, -1
524, 887, -1
222, 1037, -1
338, 605, -1
526, 30, -1
763, 241, -1
596, 1037, -1
737, 887, -1
150, 291, -1
338, 241, -1
222, 557, -1
222, 1341, -1
65, 887, -1
596, 557, -1
596, 1341, -1
1269, 887, -1
150, 821, -1
222, 596, -1
222, 605, -1
676, 241, -1
524, 125, -1
150, 1269, -1
900, 241, -1
222, 125, -1
125, 1269, -1
884, 1449, -1
164, 241, -1
884, 338, -1
524, 605, -1
763, 887, -1
900, 291, -1
150, 763, -1
676, 339, -1
737, 605, -1
524, 241, -1
1176, 887, -1
291, 1449, -1
339, 241, -1
164, 291, -1
65, 605, -1
676, 887, -1
291, 887, -1
222, 1269, -1
596, 821, -1
557, 887, -1
557, 125, -1
1037, 605, -1
821, 125, -1
1269, 605, -1

1054, 291, 1
1054, 1176, 1
1054, 1269, 1
1054, 737, 1
1054, 65, 1
1054, 524, 1
1054, 865, 1
1054, 338, 1
1054, 1367, 1
1054, 557, 1
1054, 1037, 1
1054, 821, 1
1054, 763, 1
836, 30, 1
836, 164, 1
836, 222, 1
836, 150, 1
836, 339, 1
836, 900, 1
836, 884, 1
836, 887, 1
606, 596, 1
606, 241, 1
606, 526, 1
606, 1449, 1
606, 125, 1
606, 605, 1
1476, 291, 1
1476, 1176, 1
1476, 1269, 1
1476, 737, 1
1476, 65, 1
1476, 524, 1
1476, 865, 1
1476, 338, 1
1476, 1367, 1
1476, 557, 1
1476, 1037, 1
1476, 821, 1
1476, 763, 1
1476, 1054, 1
900, 222, 1
900, 887, 1
65, 763, 1
884, 900, 1
338, 1367, 1
65, 1037, 1
763, 1476, 1
1176, 1367, 1
737, 865, 1
164, 30, 1
884, 164, 1
1269, 1037, 1
65, 1476, 1
164, 222, 1
164, 887, 1
291, 763, 1
763, 557, 1
1176, 338, 1
65, 557, 1
596, 526, 1
524, 1269, 1
291, 1037, 1
865, 763, 1
1269, 557, 1
557, 1037, 1
125, 605, 1
291, 1476, 1
339, 30, 1
1037, 524, 1
821, 1037, 1
865, 1037, 1
339, 222, 1
241, 526, 1
339, 887, 1
884, 150, 1
865, 1476, 1
291, 557, 1
222, 30, 1
1449, 526, 1
1037, 1054, 1
737, 524, 1
222, 887, 1
524, 1054, 1
338, 763, 1
763, 1037, 1
821, 557, 1
865, 557, 1
1176, 763, 1
737, 1054, 1
338, 1037, 1
1176, 1037, 1
1037, 821, 1
1037, 1367, 1
338, 1476, 1
737, 291, 1
524, 821, 1
524, 1367, 1
1176, 1476, 1
65, 737, 1
1037, 1269, 1
65, 865, 1
338, 557, 1
737, 821, 1
737, 1367, 1
65, 291, 1
1176, 557, 1
737, 1269, 1
884, 339, 1
164, 150, 1
1176, 65, 1
596, 125, 1
65, 821, 1
900, 164, 1
1269, 821, 1
65, 1269, 1
865, 737, 1
884, 30, 1
884, 222, 1
763, 524, 1
884, 887, 1
241, 1449, 1
865, 291, 1
65, 524, 1
605, 526, 1
339, 150, 1
557, 821, 1
1449, 125, 1
1269, 524, 1
763, 1054, 1
291, 1269, 1
557, 1269, 1
900, 150, 1
65, 1054, 1
524, 1037, 1
222, 150, 1
737, 763, 1
596, 605, 1
150, 30, 1
1269, 1054, 1
1176, 737, 1
291, 524, 1
865, 1269, 1
150, 222, 1
1176, 865, 1
150, 887, 1
557, 524, 1
338, 291, 1
241, 596, 1
1176, 291, 1
763, 821, 1
763, 1367, 1
1037, 557, 1
241, 605, 1
164, 339, 1
821, 524, 1
865, 524, 1
524, 557, 1
737, 1476, 1
737, 338, 1
291, 1054, 1
65, 1367, 1
557, 1054, 1
763, 1269, 1
338, 821, 1
1449, 596, 1
1449, 605, 1
1269, 1367, 1
1176, 821, 1
737, 557, 1
821, 1054, 1
865, 1054, 1
338, 1269, 1
30, 887, 1
65, 338, 1
241, 125, 1
1176, 1269, 1
1449, 241, 1
291, 821, 1
291, 1367, 1
338, 524, 1
557, 1367, 1
1176, 524, 1
900, 30, 1
125, 526, 1
821, 1367, 1
865, 821, 1
865, 1367, 1
900, 339, 1
338, 1054, 1
821, 1269, 1
605, 125, 1
1176, 1054, 1
737, 1037, 1
865, 338, 1
291, 737, 1
596, 241, 1
1037, 865, 1
524, 737, 1
557, 737, 1
884, 836, 1
291, 865, 1
125, 241, 1
900, 884, 1
524, 865, 1
557, 865, 1
164, 836, 1
164, 900, 1
1269, 763, 1
821, 737, 1
1037, 291, 1
605, 606, 1
557, 291, 1
821, 865, 1
30, 222, 1
821, 291, 1
596, 606, 1
164, 884, 1
125, 606, 1
1037, 763, 1
1269, 338, 1
605, 596, 1
1269, 1476, 1
763, 737, 1
150, 339, 1
1367, 763, 1
524, 763, 1
557, 763, 1
763, 865, 1
150, 836, 1
150, 900, 1
339, 836, 1
241, 606, 1
339, 900, 1
821, 763, 1
125, 596, 1
1269, 737, 1
338, 737, 1
1269, 865, 1
1037, 1476, 1
291, 338, 1
338, 865, 1
887, 30, 1
900, 836, 1
1037, 338, 1
524, 1476, 1
150, 164, 1
1449, 606, 1
557, 1476, 1
150, 884, 1
605, 241, 1
1269, 291, 1
339, 884, 1
339, 164, 1
30, 150, 1
821, 1476, 1
1037, 737, 1
887, 836, 1
222, 836, 1
30, 836, 1
1054, 596, -1
1054, 241, -1
1054, 526, -1
1054, 1449, -1
1054, 125, -1
1054, 605, -1
1054, 30, -1
1054, 164, -1
1054, 222, -1
1054, 150, -1
1054, 339, -1
1054, 900, -1
1054, 884, -1
1054, 887, -1
1054, 676, -1
1054, 1341, -1
836, 291, -1
836, 1176, -1
836, 1269, -1
836, 737, -1
836, 65, -1
836, 524, -1
836, 865, -1
836, 338, -1
836, 1367, -1
836, 557, -1
836, 1037, -1
836, 821, -1
836, 763, -1
836, 1054, -1
836, 596, -1
836, 241, -1
836, 526, -1
836, 1449, -1
836, 125, -1
836, 605, -1
836, 676, -1
836, 1341, -1
606, 291, -1
606, 1176, -1
606, 1269, -1
606, 737, -1
606, 65, -1
606, 524, -1
606, 865, -1
606, 338, -1
606, 1367, -1
606, 557, -1
606, 1037, -1
606, 821, -1
606, 763, -1
606, 1054, -1
606, 30, -1
606, 164, -1
606, 222, -1
606, 150, -1
606, 339, -1
606, 900, -1
606, 884, -1
606, 887, -1
606, 836, -1
606, 676, -1
606, 1341, -1
1476, 596, -1
1476, 241, -1
1476, 526, -1
1476, 1449, -1
1476, 125, -1
1476, 605, -1
1476, 606, -1
1476, 30, -1
1476, 164, -1
1476, 222, -1
1476, 150, -1
1476, 339, -1
1476, 900, -1
1476, 884, -1
1476, 887, -1
1476, 836, -1
1476, 676, -1
1476, 1341, -1
763, 836, -1
1269, 150, -1
596, 30, -1
65, 125, -1
222, 606, -1
676, 526, -1
557, 596, -1
150, 596, -1
596, 524, -1
150, 605, -1
884, 1476, -1
900, 526, -1
65, 884, -1
884, 676, -1
291, 836, -1
164, 606, -1
884, 1341, -1
596, 1054, -1
1176, 596, -1
339, 606, -1
1176, 605, -1
865, 164, -1
164, 763, -1
557, 1341, -1
763, 125, -1
1037, 526, -1
125, 1037, -1
65, 241, -1
1054, 606, -1
524, 526, -1
241, 821, -1
865, 676, -1
865, 1341, -1
887, 596, -1
338, 125, -1
596, 887, -1
1449, 821, -1
737, 526, -1
821, 596, -1
557, 150, -1
821, 605, -1
241, 30, -1
676, 763, -1
338, 884, -1
1176, 164, -1
865, 150, -1
676, 125, -1
1449, 30, -1
676, 1037, -1
606, 1476, -1
526, 1367, -1
900, 763, -1
164, 596, -1
1176, 1341, -1
900, 125, -1
164, 605, -1
605, 1269, -1
900, 1037, -1
1037, 606, -1
338, 605, -1
1341, 1054, -1
65, 339, -1
605, 222, -1
605, 887, -1
1367, 526, -1
1176, 150, -1
737, 606, -1
339, 596, -1
339, 605, -1
65, 222, -1
65, 887, -1
241, 1476, -1
150, 1367, -1
241, 164, -1
524, 125, -1
1269, 606, -1
884, 526, -1
1449, 1476, -1
291, 30, -1
1449, 164, -1
241, 676, -1
241, 1341, -1
1341, 222, -1
1341, 887, -1
605, 1367, -1
676, 524, -1
339, 1476, -1
1449, 676, -1
1449, 1341, -1
737, 884, -1
125, 1269, -1
339, 1341, -1
241, 150, -1
338, 339, -1
836, 606, -1
557, 526, -1
1037, 596, -1
1037, 605, -1
125, 222, -1
125, 887, -1
524, 596, -1
900, 865, -1
763, 222, -1
524, 605, -1
763, 887, -1
1449, 150, -1
865, 526, -1
338, 222, -1
676, 339, -1
737, 596, -1
737, 605, -1
676, 1269, -1
676, 222, -1
676, 887, -1
291, 887, -1
900, 1269, -1
1269, 596, -1
1269, 605, -1
1176, 526, -1
125, 1367, -1
884, 763, -1
150, 557, -1
30, 1367, -1
763, 900, -1
164, 1367, -1
884, 125, -1
65, 836, -1
884, 1037, -1
1367, 596, -1
605, 557, -1
222, 526, -1
676, 1367, -1
291, 900, -1
884, 1176, -1
557, 125, -1
150, 125, -1
150, 1037, -1
737, 339, -1
1269, 1341, -1
821, 836, -1
900, 1367, -1
865, 125, -1
884, 605, -1
676, 338, -1
524, 222, -1
900, 338, -1
865, 884, -1
884, 241, -1
338, 836, -1
339, 526, -1
526, 1054, -1
557, 605, -1
1176, 125, -1
865, 596, -1
125, 557, -1
865, 605, -1
164, 557, -1
884, 865, -1
1176, 884, -1
605, 821, -1
865, 241, -1
884, 65, -1
150, 524, -1
821, 125, -1
605, 30, -1
676, 557, -1
526, 887, -1
884, 1269, -1
241, 763, -1
164, 125, -1
900, 557, -1
164, 1037, -1
65, 30, -1
1176, 241, -1
605, 1054, -1
1449, 763, -1
596, 1341, -1
222, 596, -1
1037, 836, -1
241, 884, -1
1449, 1037, -1
339, 763, -1
524, 836, -1
150, 1269, -1
865, 339, -1
339, 125, -1
1341, 30, -1
1449, 884, -1
339, 1037, -1
737, 836, -1
557, 222, -1
1269, 526, -1
291, 606, -1
125, 821, -1
865, 222, -1
884, 1367, -1
125, 30, -1
65, 1449, -1
676, 291, -1
763, 30, -1
1176, 339, -1
884, 338, -1
164, 524, -1
338, 30, -1
900, 291, -1
676, 821, -1
1367, 836, -1
65, 676, -1
125, 1054, -1
1176, 222, -1
1176, 887, -1
1037, 125, -1
30, 1054, -1
164, 1054, -1
900, 821, -1
676, 30, -1
241, 865, -1
737, 125, -1
1449, 865, -1
65, 150, -1
821, 222, -1
821, 887, -1
900, 524, -1
676, 1054, -1
65, 900, -1
241, 339, -1
291, 596, -1
164, 1269, -1
1269, 125, -1
763, 164, -1
1341, 150, -1
900, 1054, -1
1449, 339, -1
763, 676, -1
763, 1341, -1
884, 557, -1
1449, 1269, -1
338, 887, -1
887, 1367, -1
557, 836, -1
1449, 222, -1
339, 1269, -1
865, 836, -1
222, 1367, -1
676, 164, -1
291, 164, -1
125, 150, -1
737, 241, -1
763, 150, -1
291, 676, -1
291, 1341, -1
241, 1367, -1
338, 900, -1
1176, 836, -1
164, 338, -1
676, 150, -1
1449, 1367, -1
291, 150, -1
339, 1367, -1
1449, 338, -1
884, 291, -1
1037, 222, -1
1037, 887, -1
524, 887, -1
884, 821, -1
526, 30, -1
1341, 526, -1
737, 222, -1
596, 1037, -1
737, 887, -1
241, 836, -1
884, 524, -1
1449, 836, -1
1269, 222, -1
1269, 887, -1
150, 821, -1
65, 606, -1
884, 1054, -1
763, 526, -1
241, 557, -1
557, 30, -1
1054, 836, -1
737, 900, -1
1367, 887, -1
1449, 557, -1
865, 30, -1
339, 557, -1
884, 1449, -1
821, 606, -1
150, 1054, -1
291, 526, -1
900, 737, -1
241, 1037, -1
763, 606, -1
1176, 30, -1
338, 606, -1
150, 1476, -1
65, 596, -1
164, 291, -1
865, 1449, -1
65, 605, -1
241, 291, -1
557, 887, -1
821, 30, -1
164, 821, -1
865, 887, -1
596, 1269, -1
1449, 291, -1
900, 606, -1
1269, 836, -1
596, 222, -1
339, 291, -1
605, 1341, -1
763, 884, -1
222, 1054, -1
1176, 1449, -1
65, 164, -1
339, 821, -1
241, 524, -1
291, 125, -1
65, 1341, -1
605, 150, -1
30, 596, -1
763, 596, -1
1449, 524, -1
1176, 676, -1
763, 605, -1
865, 900, -1
241, 1054, -1
291, 884, -1
338, 596, -1
339, 524, -1
596, 1367, -1
524, 606, -1
1449, 1054, -1
339, 1054, -1
821, 1341, -1
676, 596, -1
676, 605, -1
291, 605, -1
164, 1476, -1
1176, 900, -1
241, 1269, -1
900, 596, -1
900, 605, -1
125, 1341, -1
884, 737, -1
338, 164, -1
241, 222, -1
241, 887, -1
164, 1341, -1
821, 150, -1
338, 676, -1
338, 1341, -1
1037, 30, -1
1449, 887, -1
524, 30, -1
737, 30, -1
900, 1476, -1
338, 150, -1
150, 526, -1
900, 676, -1
241, 900, -1
900, 1341, -1
1269, 30, -1
1341, 1367, -1
884, 606, -1
291, 339, -1
596, 557, -1
1449, 900, -1
241, 338, -1
65, 526, -1
291, 222, -1
1367, 30, -1
737, 1449, -1
557, 606, -1
150, 606, -1
1037, 1341, -1
524, 1341, -1
737, 164, -1
865, 606, -1
737, 676, -1
737, 1341, -1
821, 526, -1
1037, 150, -1
524, 150, -1
150, 763, -1
737, 150, -1
884, 596, -1
164, 526, -1
241, 737, -1
1176, 606, -1
338, 526, -1
596, 821, -1
1449, 737, -1
605, 1037, -1
150, 676, -1
150, 1341, -1
605, 1476, -1
339, 737, -1
605, 884, -1
605, 164, -1
339, 865, -1
763, 1449, -1
887, 1054, -1
1341, 596, -1
1341, 605, -1
887, 526, -1
125, 338, -1
1269, 900, -1
526, 865, -1
605, 676, -1
338, 1449, -1
1037, 339, -1
125, 676, -1
1269, 884, -1
1269, 164, -1
1341, 125, -1
1037, 241, -1
557, 900, -1
1341, 1037, -1
821, 900, -1
222, 821, -1
676, 884, -1
557, 884, -1
557, 164, -1
125, 763, -1
1341, 865, -1
30, 763, -1
821, 884, -1
821, 164, -1
125, 836, -1
150, 865, -1
557, 676, -1
125, 900, -1
821, 676, -1
1269, 241, -1
125, 1476, -1
605, 737, -1
125, 164, -1
125, 884, -1
605, 865, -1
291, 241, -1
887, 763, -1
164, 676, -1
676, 836, -1
557, 241, -1
339, 1449, -1
887, 1037, -1
1341, 524, -1
222, 763, -1
339, 338, -1
222, 1037, -1
596, 836, -1
676, 865, -1
339, 676, -1
887, 557, -1
763, 241, -1
605, 524, -1
1269, 339, -1
150, 291, -1
338, 241, -1
222, 557, -1
222, 1341, -1
1341, 821, -1
125, 737, -1
557, 339, -1
125, 865, -1
1037, 900, -1
222, 605, -1
164, 737, -1
1341, 1269, -1
30, 865, -1
676, 241, -1
524, 900, -1
164, 865, -1
821, 339, -1
125, 291, -1
1037, 884, -1
1037, 164, -1
821, 241, -1
900, 241, -1
524, 884, -1
596, 150, -1
524, 164, -1
1341, 606, -1
222, 125, -1
125, 339, -1
1037, 676, -1
676, 737, -1
524, 676, -1
164, 241, -1
1269, 1449, -1
125, 524, -1
222, 865, -1
1341, 763, -1
596, 737, -1
30, 606, -1
596, 865, -1
887, 821, -1
524, 241, -1
291, 1449, -1
339, 241, -1
1269, 676, -1
887, 1269, -1
30, 526, -1
1341, 1476, -1
605, 763, -1
605, 836, -1
605, 900, -1
222, 1269, -1
887, 524, -1
1341, 557, -1
676, 606, -1
676, 1476, -1
526, 836, -1
676, 900, -1

1232, 291, 1
1232, 1176, 1
1232, 1269, 1
1232, 737, 1
1232, 65, 1
1232, 524, 1
1232, 865, 1
1232, 338, 1
1232, 1367, 1
1232, 557, 1
1232, 1037, 1
1232, 821, 1
1232, 763, 1
1232, 1054, 1
1232, 1476, 1
1391, 596, 1
1391, 241, 1
1391, 526, 1
1391, 1449, 1
1391, 125, 1
1391, 605, 1
1391, 606, 1
0, 596, 1
0, 241, 1
0, 526, 1
0, 1449, 1
0, 125, 1
0, 605, 1
0, 606, 1
0, 1391, 1
1476, 1367, 1
65, 763, 1
606, 526, 1
1037, 1176, 1
524, 1176, 1
338, 1367, 1
65, 1037, 1
763, 1476, 1
1176, 1367, 1
737, 865, 1
1269, 1037, 1
65, 1476, 1
596, 606, 1
737, 1176, 1
291, 763, 1
763, 557, 1
1176, 338, 1
65, 557, 1
596, 526, 1
524, 1269, 1
291, 1037, 1
241, 606, 1
65, 1176, 1
865, 763, 1
1269, 557, 1
557, 1037, 1
125, 605, 1
1269, 1176, 1
291, 1476, 1
1449, 606, 1
821, 1037, 1
865, 1037, 1
241, 526, 1
605, 1391, 1
865, 1476, 1
291, 557, 1
1037, 1054, 1
1449, 526, 1
737, 524, 1
524, 1054, 1
526, 606, 1
1476, 1037, 1
338, 763, 1
763, 1037, 1
821, 557, 1
865, 557, 1
1176, 763, 1
737, 1054, 1
338, 1037, 1
1176, 1037, 1
1037, 821, 1
1037, 1367, 1
338, 1476, 1
737, 291, 1
1476, 557, 1
524, 821, 1
524, 1367, 1
1176, 1476, 1
1476, 1176, 1
65, 737, 1
763, 1176, 1
1037, 1269, 1
65, 865, 1
338, 557, 1
1054, 1367, 1
737, 821, 1
737, 1367, 1
65, 291, 1
1176, 557, 1
737, 1269, 1
1176, 65, 1
596, 125, 1
65, 821, 1
291, 1176, 1
125, 1391, 1
1269, 821, 1
557, 1176, 1
65, 1269, 1
605, 606, 1
865, 737, 1
763, 524, 1
821, 1176, 1
865, 1176, 1
241, 1449, 1
865, 291, 1
65, 524, 1
605, 526, 1
557, 821, 1
1449, 125, 1
763, 1054, 1
606, 1391, 1
291, 1269, 1
557, 1269, 1
65, 1054, 1
524, 1037, 1
596, 605, 1
737, 763, 1
1269, 1054, 1
1176, 737, 1
865, 1269, 1
291, 524, 1
338, 1176, 1
1176, 865, 1
338, 291, 1
1476, 821, 1
241, 596, 1
1176, 291, 1
1037, 557, 1
763, 821, 1
763, 1367, 1
241, 605, 1
737, 1476, 1
524, 557, 1
865, 524, 1
737, 338, 1
291, 1054, 1
596, 1391, 1
65, 1367, 1
1476, 1269, 1
557, 1054, 1
763, 1269, 1
338, 821, 1
1449, 596, 1
1449, 605, 1
1269, 1367, 1
1176, 821, 1
737, 557, 1
821, 1054, 1
865, 1054, 1
338, 1269, 1
1476, 524, 1
65, 338, 1
241, 125, 1
241, 1391, 1
1176, 1269, 1
125, 606, 1
1449, 241, 1
291, 821, 1
291, 1367, 1
338, 524, 1
557, 1367, 1
1449, 1391, 1
1476, 1054, 1
1176, 524, 1
125, 526, 1
821, 1367, 1
865, 821, 1
865, 1367, 1
338, 1054, 1
821, 1269, 1
526, 1391, 1
605, 125, 1
1176, 1054, 1
737, 1037, 1
865, 338, 1
291, 737, 1
1476, 763, 1
596, 241, 1
821, 524, 1
1037, 865, 1
737, 1232, 1
524, 737, 1
557, 737, 1
291, 865, 1
125, 241, 1
524, 865, 1
557, 865, 1
1269, 763, 1
606, 596, 1
821, 737, 1
1037, 291, 1
606, 605, 1
557, 291, 1
763, 1232, 1
821, 865, 1
1476, 1232, 1
1054, 865, 1
1054, 1232, 1
65, 1232, 1
821, 291, 1
1269, 1232, 1
1037, 763, 1
1269, 338, 1
605, 596, 1
1269, 1476, 1
763, 737, 1
606, 241, 1
1367, 763, 1
338, 1232, 1
606, 125, 1
1476, 737, 1
763, 865, 1
557, 763, 1
1176, 1232, 1
606, 1449, 1
1476, 865, 1
1269, 524, 1
524, 763, 1
821, 763, 1
125, 596, 1
1476, 291, 1
1269, 737, 1
338, 737, 1
1054, 763, 1
1037, 1232, 1
1269, 865, 1
1037, 1476, 1
291, 338, 1
338, 865, 1
291, 1232, 1
1037, 338, 1
1037, 524, 1
524, 1232, 1
524, 1476, 1
557, 1476, 1
557, 1232, 1
605, 241, 1
557, 524, 1
1269, 291, 1
821, 1232, 1
865, 1232, 1
821, 1476, 1
1037, 737, 1
1367, 1232, 1
1232, 596, -1
1232, 241, -1
1232, 526, -1
1232, 1449, -1
1232, 125, -1
1232, 605, -1
1232, 606, -1
1232, 30, -1
1232, 164, -1
1232, 222, -1
1232, 150, -1
1232, 339, -1
1232, 900, -1
1232, 884, -1
1232, 887, -1
1232, 836, -1
1232, 676, -1
1232, 1341, -1
1391, 291, -1
1391, 1176, -1
1391, 1269, -1
1391, 737, -1
1391, 65, -1
1391, 524, -1
1391, 865, -1
1391, 338, -1
1391, 1367, -1
1391, 557, -1
1391, 1037, -1
1391, 821, -1
1391, 763, -1
1391, 1054, -1
1391, 1476, -1
1391, 1232, -1
1391, 30, -1
1391, 164, -1
1391, 222, -1
1391, 150, -1
1391, 339, -1
1391, 900, -1
1391, 884, -1
1391, 887, -1
1391, 836, -1
1391, 676, -1
1391, 1341, -1
0, 291, -1
0, 1176, -1
0, 1269, -1
0, 737, -1
0, 65, -1
0, 524, -1
0, 865, -1
0, 338, -1
0, 1367, -1
0, 557, -1
0, 1037, -1
0, 821, -1
0, 763, -1
0, 1054, -1
0, 1476, -1
0, 1232, -1
0, 30, -1
0, 164, -1
0, 222, -1
0, 150, -1
0, 339, -1
0, 900, -1
0, 884, -1
0, 887, -1
0, 836, -1
0, 676, -1
0, 1341, -1
887, 606, -1
763, 836, -1
1269, 150, -1
1232, 1391, -1
596, 30, -1
65, 125, -1
676, 526, -1
596, 524, -1
605, 1176, -1
900, 526, -1
65, 884, -1
291, 836, -1
164, 606, -1
596, 1054, -1
150, 1391, -1
1476, 596, -1
1476, 605, -1
1176, 596, -1
339, 606, -1
1176, 605, -1
865, 164, -1
557, 1341, -1
763, 125, -1
1037, 526, -1
125, 1037, -1
65, 241, -1
524, 526, -1
241, 821, -1
865, 676, -1
865, 1341, -1
887, 596, -1
338, 125, -1
887, 605, -1
596, 887, -1
1476, 164, -1
1449, 821, -1
737, 526, -1
557, 150, -1
821, 605, -1
241, 30, -1
338, 884, -1
1476, 1341, -1
125, 1176, -1
1176, 164, -1
865, 150, -1
676, 125, -1
1449, 30, -1
676, 1037, -1
526, 1367, -1
164, 596, -1
1176, 1341, -1
900, 125, -1
164, 605, -1
821, 1391, -1
605, 1269, -1
900, 1037, -1
1476, 150, -1
1037, 606, -1
526, 1232, -1
338, 605, -1
1341, 1054, -1
65, 339, -1
605, 222, -1
605, 887, -1
30, 1391, -1
164, 1391, -1
1176, 150, -1
737, 606, -1
339, 596, -1
339, 605, -1
338, 1391, -1
606, 150, -1
65, 222, -1
65, 887, -1
241, 1476, -1
150, 1367, -1
241, 164, -1
1269, 606, -1
524, 125, -1
884, 526, -1
1449, 1476, -1
339, 1391, -1
291, 30, -1
241, 676, -1
1449, 164, -1
241, 1341, -1
605, 1367, -1
676, 524, -1
339, 1476, -1
900, 1391, -1
1449, 676, -1
1449, 1341, -1
605, 1232, -1
737, 884, -1
125, 1269, -1
241, 150, -1
338, 339, -1
836, 606, -1
557, 526, -1
1037, 605, -1
125, 222, -1
524, 596, -1
125, 887, -1
524, 605, -1
1449, 150, -1
763, 222, -1
763, 887, -1
865, 526, -1
338, 222, -1
737, 596, -1
737, 605, -1
1037, 1391, -1
676, 1269, -1
1476, 526, -1
524, 1391, -1
291, 887, -1
900, 1269, -1
737, 1391, -1
1269, 605, -1
1176, 526, -1
125, 1367, -1
30, 1367, -1
763, 900, -1
164, 1367, -1
884, 125, -1
65, 836, -1
884, 1037, -1
887, 526, -1
125, 1232, -1
1269, 1391, -1
605, 557, -1
1176, 0, -1
222, 526, -1
836, 596, -1
676, 1367, -1
291, 900, -1
557, 125, -1
1367, 1391, -1
737, 339, -1
1269, 1341, -1
900, 1367, -1
865, 125, -1
884, 605, -1
524, 222, -1
865, 884, -1
1476, 125, -1
884, 1391, -1
338, 836, -1
339, 526, -1
526, 1054, -1
557, 605, -1
1476, 884, -1
1176, 125, -1
1054, 526, -1
865, 596, -1
125, 557, -1
865, 605, -1
164, 557, -1
1176, 884, -1
887, 125, -1
557, 1391, -1
605, 821, -1
865, 241, -1
821, 125, -1
865, 1391, -1
605, 30, -1
676, 557, -1
526, 222, -1
526, 887, -1
884, 1269, -1
1476, 1391, -1
241, 763, -1
164, 125, -1
900, 557, -1
164, 1037, -1
65, 30, -1
1176, 241, -1
605, 1054, -1
1449, 763, -1
1176, 1391, -1
596, 1341, -1
241, 884, -1
1449, 1037, -1
339, 763, -1
865, 339, -1
339, 125, -1
1449, 884, -1
339, 1037, -1
737, 836, -1
557, 222, -1
1269, 526, -1
596, 150, -1
291, 606, -1
125, 821, -1
222, 1391, -1
865, 222, -1
884, 1367, -1
65, 1449, -1
125, 30, -1
1176, 339, -1
763, 30, -1
1476, 222, -1
1476, 887, -1
164, 524, -1
338, 30, -1
836, 526, -1
676, 821, -1
65, 676, -1
125, 1054, -1
1176, 222, -1
1176, 887, -1
1037, 125, -1
30, 1054, -1
164, 1054, -1
900, 821, -1
606, 222, -1
241, 865, -1
1054, 1391, -1
737, 125, -1
1449, 865, -1
65, 150, -1
821, 222, -1
821, 887, -1
900, 524, -1
676, 1054, -1
65, 900, -1
241, 339, -1
291, 596, -1
164, 1269, -1
1269, 125, -1
763, 164, -1
900, 1054, -1
1449, 339, -1
606, 1367, -1
763, 676, -1
1449, 1269, -1
884, 557, -1
763, 1341, -1
338, 887, -1
339, 1269, -1
606, 1232, -1
1449, 222, -1
865, 836, -1
222, 1367, -1
291, 164, -1
125, 150, -1
836, 125, -1
737, 241, -1
763, 150, -1
836, 1037, -1
291, 676, -1
291, 1341, -1
1476, 836, -1
241, 1367, -1
338, 900, -1
1176, 836, -1
291, 150, -1
1449, 1367, -1
241, 1232, -1
836, 605, -1
339, 1367, -1
1449, 1232, -1
1449, 338, -1
1037, 222, -1
1037, 887, -1
524, 887, -1
836, 1391, -1
884, 821, -1
526, 30, -1
1341, 526, -1
737, 222, -1
596, 1037, -1
737, 887, -1
241, 836, -1
884, 524, -1
1449, 836, -1
1269, 222, -1
1269, 887, -1
65, 606, -1
884, 1054, -1
763, 526, -1
241, 557, -1
557, 30, -1
737, 900, -1
1367, 887, -1
836, 1269, -1
1341, 606, -1
1449, 557, -1
865, 30, -1
339, 557, -1
821, 606, -1
150, 1054, -1
291, 526, -1
1476, 30, -1
241, 1037, -1
763, 606, -1
1176, 30, -1
338, 606, -1
526, 150, -1
606, 30, -1
65, 596, -1
836, 1367, -1
865, 1449, -1
65, 605, -1
241, 1176, -1
241, 291, -1
557, 887, -1
676, 606, -1
821, 30, -1
606, 1054, -1
1449, 1176, -1
596, 1269, -1
865, 887, -1
164, 821, -1
1449, 291, -1
900, 606, -1
65, 1391, -1
596, 222, -1
605, 1341, -1
763, 884, -1
222, 1054, -1
1176, 1449, -1
65, 164, -1
1476, 676, -1
339, 821, -1
241, 524, -1
1341, 1391, -1
291, 125, -1
65, 1341, -1
605, 150, -1
1449, 524, -1
763, 596, -1
1176, 676, -1
763, 605, -1
865, 900, -1
606, 887, -1
241, 1054, -1
291, 884, -1
338, 596, -1
339, 524, -1
596, 1367, -1
524, 606, -1
1449, 1054, -1
1476, 900, -1
763, 1391, -1
339, 1054, -1
596, 1232, -1
821, 1341, -1
676, 596, -1
676, 605, -1
291, 605, -1
836, 557, -1
1176, 900, -1
241, 1269, -1
900, 596, -1
900, 605, -1
125, 1341, -1
338, 164, -1
241, 222, -1
241, 887, -1
821, 150, -1
676, 1391, -1
291, 1391, -1
338, 676, -1
338, 1341, -1
1037, 30, -1
1449, 887, -1
524, 30, -1
737, 30, -1
1232, 0, -1
1054, 887, -1
338, 150, -1
150, 526, -1
241, 900, -1
1269, 30, -1
1341, 1367, -1
884, 606, -1
291, 339, -1
596, 557, -1
1449, 900, -1
241, 338, -1
836, 821, -1
65, 526, -1
291, 222, -1
737, 1449, -1
557, 606, -1
1037, 1341, -1
524, 1341, -1
737, 164, -1
836, 524, -1
865, 606, -1
737, 676, -1
737, 1341, -1
821, 526, -1
836, 1054, -1
1037, 150, -1
1476, 606, -1
524, 150, -1
596, 1176, -1
737, 150, -1
30, 526, -1
884, 596, -1
1176, 606, -1
164, 526, -1
241, 737, -1
338, 526, -1
596, 821, -1
1449, 737, -1
605, 1037, -1
884, 763, -1
836, 1232, -1
605, 1476, -1
339, 737, -1
605, 884, -1
605, 164, -1
339, 865, -1
763, 1449, -1
887, 1054, -1
1341, 596, -1
1341, 605, -1
557, 596, -1
150, 596, -1
1367, 596, -1
125, 338, -1
1269, 900, -1
1269, 836, -1
150, 605, -1
605, 676, -1
526, 865, -1
338, 1449, -1
164, 1232, -1
30, 1232, -1
606, 821, -1
1037, 339, -1
125, 676, -1
1269, 884, -1
1269, 164, -1
1341, 125, -1
1037, 241, -1
557, 836, -1
884, 1176, -1
557, 900, -1
1341, 1037, -1
150, 125, -1
606, 338, -1
821, 836, -1
821, 900, -1
676, 1232, -1
676, 338, -1
557, 884, -1
557, 164, -1
125, 763, -1
1341, 865, -1
900, 1232, -1
821, 884, -1
821, 164, -1
900, 338, -1
164, 763, -1
150, 865, -1
557, 676, -1
222, 1232, -1
884, 241, -1
125, 836, -1
125, 900, -1
1054, 606, -1
821, 676, -1
1269, 241, -1
125, 1476, -1
605, 737, -1
125, 164, -1
125, 884, -1
605, 865, -1
164, 338, -1
606, 763, -1
821, 596, -1
606, 836, -1
606, 900, -1
676, 763, -1
884, 737, -1
291, 241, -1
884, 865, -1
606, 1037, -1
557, 241, -1
884, 291, -1
339, 1449, -1
606, 1476, -1
887, 1037, -1
900, 763, -1
1341, 524, -1
606, 884, -1
606, 164, -1
884, 65, -1
836, 241, -1
339, 338, -1
339, 1232, -1
606, 557, -1
606, 676, -1
606, 1341, -1
1054, 30, -1
676, 865, -1
1476, 241, -1
1054, 222, -1
887, 557, -1
763, 241, -1
605, 524, -1
1269, 339, -1
1367, 526, -1
338, 241, -1
836, 737, -1
836, 865, -1
1341, 821, -1
125, 737, -1
557, 339, -1
1037, 836, -1
125, 865, -1
1037, 900, -1
164, 737, -1
1341, 1269, -1
524, 836, -1
30, 865, -1
524, 900, -1
164, 865, -1
676, 241, -1
821, 339, -1
125, 291, -1
1341, 1232, -1
150, 1232, -1
1054, 836, -1
1037, 884, -1
1037, 164, -1
821, 241, -1
900, 241, -1
524, 884, -1
524, 164, -1
125, 339, -1
1476, 339, -1
606, 865, -1
1037, 676, -1
676, 737, -1
524, 676, -1
606, 291, -1
65, 0, -1
164, 241, -1
676, 291, -1
1037, 596, -1
900, 737, -1
884, 1232, -1
884, 338, -1
1269, 1449, -1
125, 524, -1
900, 865, -1
222, 865, -1
606, 339, -1
1341, 763, -1
900, 291, -1
596, 737, -1
1054, 596, -1
596, 865, -1
887, 821, -1
606, 1269, -1
1367, 836, -1
524, 241, -1
291, 1449, -1
339, 241, -1
1269, 676, -1
1054, 150, -1
887, 1269, -1
1341, 1476, -1
606, 524, -1
605, 763, -1
164, 291, -1
605, 836, -1
605, 900, -1
1269, 596, -1
887, 524, -1
1341, 557, -1
150, 821, -1
150, 557, -1
606, 737, -1
1367, 30, -1
900, 1476, -1
884, 1476, -1
150, 1476, -1
676, 1476, -1
150, 524, -1
900, 1176, -1
164, 1476, -1
676, 1176, -1
836, 1176, -1
339, 1176, -1
150, 1269, -1
164, 1176, -1
150, 1037, -1
150, 763, -1

2, 596, 1
2, 241, 1
2, 526, 1
2, 1449, 1
2, 125, 1
2, 605, 1
2, 606, 1
2, 1391, 1
2, 0, 1
1057, 291, 1
1057, 1176, 1
1057, 1269, 1
1057, 737, 1
1057, 65, 1
1057, 524, 1
1057, 865, 1
1057, 338, 1
1057, 1367, 1
1057, 557, 1
1057, 1037, 1
1057, 821, 1
1057, 763, 1
1057, 1054, 1
1057, 1476, 1
1057, 1232, 1
309, 291, 1
309, 1176, 1
309, 1269, 1
309, 737, 1
309, 65, 1
309, 524, 1
309, 865, 1
309, 338, 1
309, 1367, 1
309, 557, 1
309, 1037, 1
309, 821, 1
309, 763, 1
309, 1054, 1
309, 1476, 1
309, 1232, 1
309, 1057, 1
225, 30, 1
225, 164, 1
225, 222, 1
225, 150, 1
225, 339, 1
225, 900, 1
225, 884, 1
225, 887, 1
225, 836, 1
338, 309, 1
1476, 1367, 1
1037, 865, 1
900, 222, 1
524, 737, 1
884, 836, 1
900, 887, 1
65, 763, 1
884, 900, 1
524, 865, 1
606, 526, 1
836, 887, 1
0, 606, 1
1269, 763, 1
338, 1367, 1
65, 1037, 1
1057, 309, 1
763, 1476, 1
1176, 1367, 1
737, 865, 1
164, 30, 1
884, 164, 1
1269, 1037, 1
65, 1476, 1
596, 606, 1
737, 1057, 1
0, 526, 1
164, 222, 1
164, 887, 1
291, 763, 1
1269, 1476, 1
763, 557, 1
1232, 737, 1
1232, 865, 1
557, 763, 1
1176, 1232, 1
1176, 338, 1
1232, 1057, 1
65, 557, 1
596, 526, 1
291, 1037, 1
1232, 291, 1
65, 1057, 1
65, 1176, 1
241, 606, 1
821, 763, 1
865, 763, 1
1269, 557, 1
524, 1269, 1
125, 605, 1
1232, 309, 1
557, 1037, 1
291, 1476, 1
1037, 524, 1
339, 30, 1
557, 1476, 1
1449, 606, 1
0, 1449, 1
821, 1037, 1
865, 1037, 1
339, 222, 1
241, 526, 1
339, 887, 1
1232, 821, 1
605, 1391, 1
884, 150, 1
821, 1476, 1
865, 1476, 1
291, 557, 1
222, 30, 1
1037, 1054, 1
1232, 1269, 1
1449, 526, 1
737, 524, 1
164, 836, 1
524, 1054, 1
164, 900, 1
222, 887, 1
1476, 1037, 1
338, 763, 1
763, 1037, 1
821, 557, 1
1037, 291, 1
865, 557, 1
1176, 763, 1
1037, 309, 1
1232, 524, 1
737, 1054, 1
338, 1037, 1
524, 309, 1
164, 884, 1
1176, 1037, 1
1037, 821, 1
1037, 1367, 1
763, 737, 1
338, 1476, 1
737, 291, 1
1476, 557, 1
763, 865, 1
524, 1367, 1
524, 821, 1
1232, 1054, 1
737, 309, 1
1176, 1476, 1
65, 737, 1
1037, 1269, 1
65, 865, 1
836, 150, 1
338, 557, 1
1269, 737, 1
1054, 1367, 1
737, 821, 1
737, 1367, 1
65, 291, 1
1269, 865, 1
1176, 557, 1
900, 836, 1
0, 125, 1
1269, 1057, 1
65, 309, 1
1269, 291, 1
737, 1269, 1
1269, 309, 1
1232, 1367, 1
164, 150, 1
291, 737, 1
1176, 65, 1
65, 821, 1
291, 865, 1
596, 125, 1
557, 737, 1
900, 164, 1
900, 884, 1
557, 865, 1
125, 1391, 1
1269, 821, 1
65, 1269, 1
605, 606, 1
865, 737, 1
821, 737, 1
1232, 338, 1
884, 30, 1
821, 865, 1
557, 291, 1
884, 222, 1
763, 524, 1
884, 887, 1
865, 1057, 1
821, 291, 1
241, 1449, 1
865, 291, 1
65, 524, 1
605, 526, 1
339, 150, 1
1037, 763, 1
0, 596, 1
557, 821, 1
1449, 125, 1
1269, 524, 1
0, 605, 1
1476, 737, 1
1476, 865, 1
763, 1054, 1
606, 1391, 1
291, 1269, 1
339, 836, 1
339, 900, 1
557, 1269, 1
900, 150, 1
65, 1054, 1
524, 1037, 1
222, 150, 1
338, 737, 1
737, 763, 1
596, 605, 1
1037, 1476, 1
338, 865, 1
150, 30, 1
1476, 309, 1
1269, 1054, 1
763, 309, 1
1176, 737, 1
1037, 338, 1
865, 1269, 1
291, 524, 1
524, 1476, 1
150, 222, 1
1176, 865, 1
150, 887, 1
0, 241, 1
557, 524, 1
338, 291, 1
0, 1391, 1
339, 164, 1
339, 884, 1
1176, 1057, 1
1232, 763, 1
1476, 821, 1
241, 596, 1
1176, 291, 1
763, 821, 1
763, 1367, 1
1037, 557, 1
836, 30, 1
241, 605, 1
821, 524, 1
865, 524, 1
737, 1476, 1
1176, 309, 1
524, 557, 1
836, 222, 1
737, 338, 1
291, 1054, 1
65, 1367, 1
596, 1391, 1
1232, 1037, 1
1476, 1269, 1
557, 1054, 1
338, 821, 1
763, 1269, 1
1449, 596, 1
1449, 605, 1
1269, 1367, 1
1176, 821, 1
1232, 1476, 1
737, 557, 1
821, 1054, 1
865, 1054, 1
291, 309, 1
338, 1269, 1
1476, 524, 1
65, 1232, 1
65, 338, 1
30, 887, 1
241, 125, 1
241, 1391, 1
557, 309, 1
1176, 1269, 1
125, 606, 1
1269, 338, 1
1449, 241, 1
1232, 557, 1
291, 821, 1
291, 1367, 1
821, 309, 1
865, 309, 1
338, 524, 1
1232, 1176, 1
557, 1367, 1
1449, 1391, 1
1476, 1054, 1
1176, 524, 1
900, 30, 1
125, 526, 1
1232, 65, 1
865, 821, 1
865, 1367, 1
821, 1367, 1
338, 1054, 1
821, 1269, 1
526, 1391, 1
605, 125, 1
1176, 1054, 1
737, 1037, 1
865, 338, 1
1037, 737, 1
1476, 763, 1
1054, 1232, 1
596, 241, 1
164, 339, 1
737, 1232, 1
125, 241, 1
900, 225, 1
30, 836, 1
1037, 1057, 1
1037, 1176, 1
291, 1057, 1
291, 1176, 1
1367, 1057, 1
0, 2, 1
526, 606, 1
524, 1057, 1
557, 1057, 1
557, 1176, 1
606, 596, 1
524, 1176, 1
606, 605, 1
763, 1232, 1
1476, 1232, 1
1054, 865, 1
821, 1057, 1
30, 222, 1
884, 225, 1
865, 1176, 1
821, 1176, 1
1391, 526, 1
1054, 1057, 1
164, 225, 1
737, 1176, 1
125, 2, 1
1269, 1232, 1
150, 339, 1
338, 1232, 1
605, 596, 1
1367, 763, 1
524, 763, 1
606, 125, 1
1476, 1176, 1
150, 836, 1
763, 1057, 1
763, 1176, 1
241, 2, 1
150, 900, 1
1476, 1057, 1
887, 836, 1
524, 1232, 1
125, 596, 1
1476, 291, 1
900, 339, 1
1054, 763, 1
1037, 1232, 1
291, 1232, 1
291, 338, 1
1367, 1232, 1
1269, 1176, 1
887, 30, 1
557, 1232, 1
1449, 2, 1
222, 836, 1
150, 884, 1
338, 1176, 1
150, 164, 1
338, 1057, 1
606, 2, 1
605, 241, 1
821, 1232, 1
30, 150, 1
865, 1232, 1
884, 339, 1
606, 241, 1
606, 1449, 1
2, 291, -1
2, 1176, -1
2, 1269, -1
2, 737, -1
2, 65, -1
2, 524, -1
2, 865, -1
2, 338, -1
2, 1367, -1
2, 557, -1
2, 1037, -1
2, 821, -1
2, 763, -1
2, 1054, -1
2, 1476, -1
2, 1232, -1
2, 30, -1
2, 164, -1
2, 222, -1
2, 150, -1
2, 339, -1
2, 900, -1
2, 884, -1
2, 887, -1
2, 836, -1
2, 676, -1
2, 1341, -1
1057, 596, -1
1057, 241, -1
1057, 526, -1
1057, 1449, -1
1057, 125, -1
1057, 605, -1
1057, 606, -1
1057, 1391, -1
1057, 0, -1
1057, 2, -1
1057, 30, -1
1057, 164, -1
1057, 222, -1
1057, 150, -1
1057, 339, -1
1057, 900, -1
1057, 884, -1
1057, 887, -1
1057, 836, -1
1057, 676, -1
1057, 1341, -1
309, 596, -1
309, 241, -1
309, 526, -1
309, 1449, -1
309, 125, -1
309, 605, -1
309, 606, -1
309, 1391, -1
309, 0, -1
309, 2, -1
309, 30, -1
309, 164, -1
309, 222, -1
309, 150, -1
309, 339, -1
309, 900, -1
309, 884, -1
309, 887, -1
309, 836, -1
309, 676, -1
309, 1341, -1
225, 291, -1
225, 1176, -1
225, 1269, -1
225, 737, -1
225, 65, -1
225, 524, -1
225, 865, -1
225, 338, -1
225, 1367, -1
225, 557, -1
225, 1037, -1
225, 821, -1
225, 763, -1
225, 1054, -1
225, 1476, -1
225, 1232, -1
225, 1057, -1
225, 309, -1
225, 596, -1
225, 241, -1
225, 526, -1
225, 1449, -1
225, 125, -1
225, 605, -1
225, 606, -1
225, 1391, -1
225, 0, -1
225, 2, -1
225, 676, -1
225, 1341, -1
763, 836, -1
1232, 241, -1
1269, 150, -1
339, 737, -1
1232, 1391, -1
596, 30, -1
65, 125, -1
676, 526, -1
222, 606, -1
557, 596, -1
1269, 900, -1
596, 524, -1
884, 1476, -1
65, 884, -1
900, 526, -1
884, 676, -1
291, 836, -1
596, 1054, -1
164, 606, -1
884, 1341, -1
150, 1391, -1
1476, 596, -1
1476, 605, -1
557, 164, -1
1232, 339, -1
125, 763, -1
1176, 596, -1
339, 606, -1
821, 884, -1
1176, 605, -1
865, 164, -1
241, 309, -1
150, 865, -1
557, 676, -1
557, 1341, -1
763, 125, -1
1037, 526, -1
125, 1037, -1
65, 241, -1
524, 526, -1
241, 821, -1
865, 676, -1
1449, 309, -1
865, 1341, -1
1232, 222, -1
1232, 887, -1
338, 125, -1
596, 887, -1
1476, 164, -1
1449, 821, -1
737, 526, -1
821, 596, -1
557, 150, -1
821, 605, -1
241, 30, -1
338, 884, -1
1476, 1341, -1
1176, 164, -1
865, 150, -1
884, 1057, -1
676, 125, -1
1449, 30, -1
676, 1037, -1
0, 763, -1
526, 1367, -1
1341, 524, -1
164, 596, -1
1176, 1341, -1
821, 1391, -1
900, 125, -1
164, 605, -1
0, 1037, -1
605, 1269, -1
900, 1037, -1
1476, 150, -1
1037, 606, -1
338, 605, -1
1341, 1054, -1
1054, 30, -1
65, 339, -1
0, 884, -1
605, 222, -1
605, 887, -1
763, 241, -1
30, 1391, -1
164, 1391, -1
1176, 150, -1
737, 606, -1
338, 241, -1
339, 596, -1
836, 737, -1
339, 605, -1
338, 1391, -1
606, 150, -1
65, 222, -1
65, 887, -1
241, 1476, -1
150, 1367, -1
241, 164, -1
164, 865, -1
1269, 606, -1
524, 125, -1
821, 339, -1
884, 526, -1
339, 1391, -1
1449, 1476, -1
291, 30, -1
1449, 164, -1
241, 676, -1
241, 1341, -1
1057, 225, -1
1341, 222, -1
1341, 887, -1
605, 1367, -1
1037, 884, -1
676, 524, -1
900, 241, -1
339, 1476, -1
524, 884, -1
900, 1391, -1
1449, 676, -1
1449, 1341, -1
1232, 836, -1
605, 338, -1
737, 884, -1
125, 1269, -1
339, 1341, -1
241, 150, -1
338, 339, -1
887, 1057, -1
836, 606, -1
557, 526, -1
1037, 596, -1
1037, 605, -1
125, 222, -1
0, 865, -1
524, 596, -1
125, 887, -1
900, 865, -1
763, 222, -1
1449, 150, -1
763, 887, -1
524, 605, -1
865, 526, -1
222, 1057, -1
338, 222, -1
737, 596, -1
0, 65, -1
737, 605, -1
836, 309, -1
291, 1449, -1
524, 241, -1
1037, 1391, -1
676, 1269, -1
1476, 526, -1
524, 1391, -1
0, 339, -1
676, 222, -1
0, 1269, -1
291, 887, -1
676, 887, -1
900, 1269, -1
241, 1057, -1
1269, 596, -1
737, 1391, -1
1269, 605, -1
1176, 526, -1
125, 1367, -1
0, 222, -1
1449, 1057, -1
30, 1367, -1
763, 900, -1
164, 1367, -1
884, 125, -1
65, 836, -1
884, 1037, -1
339, 1057, -1
125, 338, -1
1269, 1391, -1
605, 557, -1
1176, 0, -1
222, 526, -1
1037, 339, -1
836, 596, -1
1269, 164, -1
676, 1367, -1
291, 900, -1
557, 125, -1
1367, 1391, -1
1391, 1367, -1
737, 339, -1
1269, 1341, -1
821, 836, -1
0, 1367, -1
900, 1367, -1
596, 309, -1
865, 125, -1
884, 605, -1
524, 222, -1
557, 884, -1
0, 1232, -1
0, 338, -1
865, 884, -1
884, 241, -1
1476, 125, -1
884, 1391, -1
1232, 30, -1
339, 526, -1
338, 836, -1
526, 1054, -1
836, 1341, -1
557, 605, -1
1476, 884, -1
1176, 125, -1
1054, 526, -1
865, 596, -1
125, 557, -1
865, 605, -1
605, 309, -1
164, 557, -1
884, 865, -1
676, 836, -1
557, 241, -1
1176, 884, -1
557, 1391, -1
605, 821, -1
865, 241, -1
0, 836, -1
821, 125, -1
865, 1391, -1
605, 30, -1
676, 557, -1
526, 887, -1
1232, 1449, -1
1476, 241, -1
884, 1269, -1
1476, 1391, -1
241, 763, -1
164, 125, -1
0, 557, -1
900, 557, -1
164, 1037, -1
65, 30, -1
1176, 241, -1
605, 1054, -1
1232, 2, -1
1449, 763, -1
836, 1057, -1
1232, 676, -1
1176, 1391, -1
596, 1341, -1
557, 339, -1
1037, 836, -1
241, 884, -1
1449, 1037, -1
339, 763, -1
524, 836, -1
125, 291, -1
865, 339, -1
339, 125, -1
1341, 30, -1
887, 1391, -1
1449, 884, -1
339, 1037, -1
125, 309, -1
737, 836, -1
821, 241, -1
557, 222, -1
1269, 526, -1
596, 150, -1
291, 606, -1
125, 821, -1
222, 1391, -1
865, 222, -1
884, 1367, -1
1232, 900, -1
164, 241, -1
65, 1449, -1
125, 30, -1
1176, 339, -1
763, 30, -1
676, 309, -1
1476, 222, -1
125, 524, -1
1476, 887, -1
222, 865, -1
0, 1176, -1
164, 524, -1
0, 291, -1
338, 30, -1
836, 526, -1
676, 821, -1
65, 2, -1
900, 309, -1
65, 676, -1
125, 1054, -1
2, 309, -1
1176, 222, -1
1176, 887, -1
1037, 125, -1
30, 1054, -1
339, 241, -1
164, 1054, -1
900, 821, -1
1341, 1476, -1
606, 222, -1
676, 30, -1
241, 865, -1
1054, 1391, -1
737, 125, -1
65, 150, -1
1449, 865, -1
821, 222, -1
821, 887, -1
0, 524, -1
900, 524, -1
676, 1054, -1
339, 865, -1
65, 900, -1
241, 339, -1
291, 596, -1
164, 1269, -1
1269, 125, -1
1232, 225, -1
763, 164, -1
338, 1449, -1
0, 1054, -1
1341, 150, -1
900, 1054, -1
1449, 339, -1
606, 1367, -1
763, 676, -1
1449, 1269, -1
1269, 884, -1
763, 1341, -1
884, 557, -1
338, 887, -1
887, 1367, -1
1037, 241, -1
557, 836, -1
339, 1269, -1
1449, 222, -1
865, 836, -1
821, 900, -1
222, 1367, -1
291, 164, -1
125, 150, -1
836, 125, -1
737, 241, -1
763, 150, -1
836, 1037, -1
291, 676, -1
291, 1341, -1
1391, 887, -1
1476, 836, -1
0, 887, -1
241, 1367, -1
1269, 241, -1
338, 900, -1
1176, 836, -1
1232, 606, -1
676, 150, -1
65, 225, -1
291, 150, -1
1449, 1367, -1
836, 605, -1
339, 1367, -1
1449, 338, -1
0, 900, -1
1037, 222, -1
1037, 887, -1
836, 241, -1
524, 887, -1
836, 1391, -1
884, 821, -1
526, 30, -1
1341, 526, -1
737, 222, -1
596, 1037, -1
737, 887, -1
1269, 339, -1
241, 836, -1
836, 865, -1
884, 524, -1
2, 1057, -1
1449, 836, -1
1269, 222, -1
1269, 887, -1
65, 606, -1
1037, 900, -1
164, 737, -1
884, 1054, -1
524, 900, -1
763, 526, -1
1232, 596, -1
1232, 605, -1
241, 557, -1
557, 30, -1
737, 900, -1
1367, 887, -1
836, 1269, -1
1341, 606, -1
1449, 557, -1
865, 30, -1
0, 225, -1
339, 557, -1
821, 606, -1
150, 1054, -1
291, 526, -1
1476, 30, -1
0, 737, -1
900, 737, -1
1232, 164, -1
1341, 763, -1
241, 1037, -1
763, 606, -1
1232, 1341, -1
1176, 30, -1
338, 606, -1
606, 30, -1
65, 596, -1
836, 1367, -1
865, 1449, -1
65, 605, -1
164, 309, -1
1232, 150, -1
241, 291, -1
557, 887, -1
821, 30, -1
676, 606, -1
606, 1054, -1
164, 821, -1
865, 887, -1
596, 1269, -1
1449, 291, -1
865, 2, -1
65, 1391, -1
900, 606, -1
1269, 836, -1
596, 222, -1
339, 291, -1
763, 884, -1
605, 1341, -1
339, 309, -1
222, 1054, -1
1176, 1449, -1
65, 164, -1
1476, 676, -1
339, 821, -1
241, 524, -1
0, 309, -1
1341, 1391, -1
291, 125, -1
557, 900, -1
65, 1341, -1
1176, 2, -1
605, 150, -1
0, 821, -1
763, 596, -1
1449, 524, -1
1176, 676, -1
763, 605, -1
865, 900, -1
606, 887, -1
241, 1054, -1
291, 884, -1
338, 596, -1
339, 524, -1
596, 1367, -1
524, 606, -1
1449, 1054, -1
0, 30, -1
821, 164, -1
1476, 900, -1
150, 1057, -1
763, 1391, -1
339, 1054, -1
821, 676, -1
596, 338, -1
821, 1341, -1
676, 596, -1
125, 1476, -1
676, 605, -1
291, 605, -1
836, 557, -1
164, 1476, -1
1176, 900, -1
241, 1269, -1
900, 596, -1
900, 605, -1
125, 1341, -1
884, 737, -1
338, 164, -1
291, 241, -1
241, 222, -1
164, 676, -1
241, 887, -1
164, 1341, -1
821, 150, -1
1232, 526, -1
291, 1391, -1
676, 1391, -1
339, 1449, -1
338, 676, -1
338, 1341, -1
1037, 30, -1
1449, 887, -1
524, 30, -1
596, 836, -1
0, 1476, -1
737, 30, -1
900, 1476, -1
339, 676, -1
1232, 0, -1
0, 164, -1
1054, 887, -1
338, 150, -1
150, 526, -1
0, 676, -1
0, 1341, -1
900, 676, -1
900, 1341, -1
241, 900, -1
1269, 30, -1
1341, 1367, -1
884, 606, -1
291, 339, -1
596, 557, -1
1449, 900, -1
241, 338, -1
1176, 225, -1
0, 150, -1
30, 1057, -1
164, 1057, -1
836, 821, -1
65, 526, -1
291, 222, -1
1037, 164, -1
884, 309, -1
524, 164, -1
737, 1449, -1
557, 606, -1
150, 606, -1
1037, 676, -1
1037, 1341, -1
1232, 125, -1
524, 676, -1
524, 1341, -1
737, 164, -1
836, 524, -1
865, 606, -1
737, 2, -1
737, 676, -1
737, 1341, -1
1232, 884, -1
821, 526, -1
0, 1057, -1
836, 1054, -1
900, 1057, -1
1037, 150, -1
1476, 606, -1
524, 150, -1
1269, 2, -1
1269, 676, -1
737, 150, -1
30, 526, -1
884, 596, -1
1176, 606, -1
164, 526, -1
241, 737, -1
338, 526, -1
596, 821, -1
1449, 737, -1
605, 1037, -1
884, 763, -1
150, 557, -1
150, 676, -1
887, 606, -1
150, 1341, -1
1449, 1176, -1
836, 1232, -1
605, 1476, -1
737, 225, -1
605, 884, -1
605, 164, -1
763, 1449, -1
887, 1054, -1
1341, 596, -1
1341, 605, -1
125, 1232, -1
150, 596, -1
887, 526, -1
606, 309, -1
526, 865, -1
1367, 596, -1
150, 605, -1
1391, 1054, -1
605, 676, -1
30, 1232, -1
164, 1232, -1
526, 1057, -1
605, 1176, -1
606, 821, -1
125, 676, -1
1341, 125, -1
222, 309, -1
884, 1176, -1
309, 225, -1
338, 2, -1
1341, 1037, -1
150, 125, -1
606, 1232, -1
606, 338, -1
150, 1037, -1
30, 596, -1
836, 763, -1
222, 821, -1
676, 1232, -1
676, 338, -1
676, 164, -1
676, 884, -1
1391, 1232, -1
1391, 30, -1
1341, 865, -1
900, 1232, -1
900, 338, -1
125, 836, -1
30, 763, -1
164, 763, -1
1341, 1057, -1
1391, 222, -1
222, 1232, -1
125, 900, -1
900, 2, -1
1054, 606, -1
596, 1232, -1
887, 596, -1
605, 737, -1
763, 225, -1
887, 605, -1
125, 164, -1
125, 884, -1
605, 865, -1
164, 338, -1
605, 1057, -1
606, 763, -1
241, 1232, -1
606, 836, -1
606, 900, -1
1269, 225, -1
676, 763, -1
125, 1176, -1
887, 763, -1
606, 1037, -1
676, 900, -1
887, 125, -1
1449, 1232, -1
884, 291, -1
606, 1476, -1
887, 1037, -1
900, 763, -1
1391, 836, -1
222, 763, -1
606, 884, -1
606, 164, -1
884, 65, -1
291, 225, -1
676, 1476, -1
150, 524, -1
339, 1232, -1
339, 338, -1
557, 225, -1
222, 1037, -1
606, 557, -1
606, 676, -1
606, 1341, -1
526, 1232, -1
821, 225, -1
865, 225, -1
676, 865, -1
526, 222, -1
887, 557, -1
1054, 222, -1
676, 1057, -1
676, 1176, -1
605, 524, -1
1367, 526, -1
150, 291, -1
1341, 309, -1
222, 557, -1
222, 1341, -1
150, 309, -1
1476, 225, -1
900, 1176, -1
836, 1176, -1
1341, 821, -1
125, 737, -1
150, 821, -1
338, 225, -1
222, 596, -1
125, 865, -1
222, 605, -1
1341, 1269, -1
30, 865, -1
676, 241, -1
125, 1057, -1
1391, 150, -1
150, 1269, -1
1341, 1232, -1
164, 1176, -1
606, 225, -1
526, 836, -1
150, 1232, -1
1367, 30, -1
1054, 836, -1
222, 125, -1
1037, 2, -1
125, 339, -1
1476, 339, -1
606, 865, -1
605, 1232, -1
676, 737, -1
606, 1057, -1
606, 291, -1
884, 1449, -1
65, 0, -1
339, 1176, -1
676, 291, -1
884, 1232, -1
884, 338, -1
1269, 1449, -1
1391, 1057, -1
887, 309, -1
606, 339, -1
884, 2, -1
900, 291, -1
596, 737, -1
30, 606, -1
150, 763, -1
1054, 596, -1
676, 339, -1
596, 865, -1
887, 821, -1
241, 225, -1
606, 1269, -1
1367, 836, -1
596, 1057, -1
596, 1176, -1
526, 150, -1
1054, 150, -1
887, 1269, -1
1449, 225, -1
605, 763, -1
606, 524, -1
150, 1476, -1
1037, 225, -1
164, 291, -1
605, 836, -1
241, 1176, -1
524, 225, -1
605, 900, -1
222, 1269, -1
291, 2, -1
887, 524, -1
1341, 557, -1
596, 225, -1
125, 225, -1
2, 225, -1
605, 225, -1
676, 225, -1
606, 737, -1

365, 291, 1
365, 1176, 1
365, 1269, 1
365, 737, 1
365, 65, 1
365, 524, 1
365, 865, 1
365, 338, 1
365, 1367, 1
365, 557, 1
365, 1037, 1
365, 821, 1
365, 763, 1
365, 1054, 1
365, 1476, 1
365, 1232, 1
365, 1057, 1
365, 309, 1
290, 676, 1
658, 291, 1
658, 1176, 1
658, 1269, 1
658, 737, 1
658, 65, 1
658, 524, 1
658, 865, 1
658, 338, 1
658, 1367, 1
658, 557, 1
658, 1037, 1
658, 821, 1
658, 763, 1
658, 1054, 1
658, 1476, 1
658, 1232, 1
658, 1057, 1
658, 309, 1
658, 365, 1
338, 309, 1
1476, 1367, 1
1057, 1054, 1
65, 763, 1
865, 658, 1
1057, 291, 1
1269, 763, 1
338, 1367, 1
65, 1037, 1
1057, 309, 1
763, 1476, 1
1476, 338, 1
1176, 1367, 1
737, 865, 1
763, 338, 1
1269, 1037, 1
65, 1476, 1
737, 1057, 1
763, 365, 1
1057, 821, 1
1057, 1367, 1
1232, 737, 1
1269, 1476, 1
763, 557, 1
291, 763, 1
1232, 865, 1
65, 365, 1
557, 763, 1
1176, 1232, 1
1176, 338, 1
338, 658, 1
1232, 1057, 1
65, 557, 1
1057, 1269, 1
1269, 365, 1
1232, 291, 1
524, 1269, 1
65, 1057, 1
291, 1037, 1
1176, 658, 1
821, 763, 1
865, 763, 1
557, 1037, 1
1269, 557, 1
1232, 309, 1
291, 1476, 1
1037, 524, 1
557, 1476, 1
821, 1037, 1
865, 1037, 1
1232, 821, 1
291, 365, 1
309, 291, 1
821, 1476, 1
557, 365, 1
865, 1476, 1
291, 557, 1
821, 338, 1
1037, 1054, 1
1232, 1269, 1
737, 524, 1
524, 1054, 1
821, 365, 1
865, 365, 1
1476, 1037, 1
338, 763, 1
763, 1037, 1
821, 557, 1
1037, 291, 1
865, 557, 1
309, 821, 1
1176, 763, 1
1037, 309, 1
1232, 524, 1
524, 309, 1
338, 1037, 1
737, 1054, 1
309, 1269, 1
1057, 763, 1
1476, 365, 1
1176, 1037, 1
1037, 821, 1
338, 1476, 1
737, 291, 1
1037, 1367, 1
1476, 557, 1
524, 821, 1
524, 1367, 1
1232, 1054, 1
737, 309, 1
1176, 1476, 1
65, 737, 1
309, 524, 1
338, 365, 1
65, 865, 1
1037, 1269, 1
1269, 737, 1
338, 557, 1
1057, 1476, 1
1176, 365, 1
1054, 1367, 1
737, 821, 1
1057, 338, 1
737, 1367, 1
1269, 865, 1
65, 291, 1
524, 338, 1
1176, 557, 1
1269, 1057, 1
65, 309, 1
309, 1054, 1
1057, 365, 1
1057, 658, 1
1269, 291, 1
737, 1269, 1
1057, 557, 1
1269, 309, 1
1232, 1367, 1
1176, 65, 1
65, 821, 1
1269, 821, 1
65, 1269, 1
865, 737, 1
557, 291, 1
1232, 338, 1
309, 1367, 1
763, 524, 1
865, 1057, 1
1232, 658, 1
821, 291, 1
865, 291, 1
65, 524, 1
1037, 763, 1
557, 821, 1
1269, 524, 1
309, 338, 1
763, 1054, 1
291, 1269, 1
557, 1269, 1
1057, 1037, 1
65, 1054, 1
524, 1037, 1
737, 763, 1
1037, 1476, 1
1476, 309, 1
1269, 1054, 1
1037, 338, 1
1176, 737, 1
763, 309, 1
291, 524, 1
524, 1476, 1
865, 1269, 1
1176, 865, 1
557, 524, 1
338, 291, 1
1037, 658, 1
1176, 1057, 1
1037, 365, 1
1232, 763, 1
1476, 821, 1
1057, 737, 1
524, 365, 1
1037, 557, 1
1176, 291, 1
1057, 865, 1
763, 821, 1
763, 1367, 1
821, 524, 1
737, 1476, 1
524, 557, 1
865, 524, 1
1176, 309, 1
737, 338, 1
291, 1054, 1
65, 1367, 1
1232, 1037, 1
1476, 1269, 1
557, 1054, 1
338, 821, 1
763, 1269, 1
365, 658, 1
737, 365, 1
737, 658, 1
1269, 1367, 1
1176, 821, 1
1232, 1476, 1
737, 557, 1
309, 763, 1
821, 1054, 1
865, 1054, 1
338, 1269, 1
291, 309, 1
1476, 524, 1
65, 338, 1
557, 309, 1
1232, 365, 1
1176, 1269, 1
309, 1037, 1
1269, 338, 1
1232, 557, 1
65, 658, 1
291, 821, 1
291, 1367, 1
821, 309, 1
865, 309, 1
338, 524, 1
1232, 1176, 1
557, 1367, 1
309, 1476, 1
1269, 658, 1
1476, 1054, 1
1176, 524, 1
1232, 65, 1
865, 821, 1
865, 1367, 1
309, 365, 1
821, 1367, 1
291, 338, 1
1057, 524, 1
309, 557, 1
338, 1054, 1
557, 338, 1
821, 1269, 1
1176, 1054, 1
737, 1037, 1
865, 338, 1
291, 737, 1
1476, 763, 1
737, 1232, 1
1054, 1232, 1
1037, 865, 1
291, 865, 1
524, 737, 1
557, 737, 1
1057, 1176, 1
821, 658, 1
524, 865, 1
1037, 1057, 1
557, 865, 1
291, 1057, 1
291, 1176, 1
1367, 1057, 1
1037, 1176, 1
524, 1057, 1
524, 1176, 1
557, 1057, 1
1054, 658, 1
557, 1176, 1
821, 737, 1
763, 1232, 1
821, 865, 1
1476, 1232, 1
1054, 865, 1
821, 1057, 1
821, 1176, 1
865, 1176, 1
65, 1232, 1
1054, 1057, 1
737, 1176, 1
1476, 658, 1
763, 658, 1
1269, 1232, 1
338, 1232, 1
763, 737, 1
1367, 763, 1
524, 763, 1
1476, 737, 1
763, 865, 1
309, 1232, 1
1476, 865, 1
1476, 1176, 1
763, 1057, 1
763, 1176, 1
1476, 1057, 1
309, 658, 1
65, 1176, 1
1476, 291, 1
1057, 1232, 1
338, 737, 1
1054, 763, 1
1037, 1232, 1
291, 1232, 1
338, 865, 1
1367, 1232, 1
1269, 1176, 1
309, 737, 1
524, 1232, 1
557, 1232, 1
338, 1057, 1
309, 865, 1
338, 1176, 1
309, 1176, 1
291, 658, 1
1367, 658, 1
309, 1057, 1
524, 658, 1
557, 658, 1
821, 1232, 1
865, 1232, 1
1037, 737, 1
365, 596, -1
365, 241, -1
365, 526, -1
365, 1449, -1
365, 125, -1
365, 605, -1
365, 606, -1
365, 1391, -1
365, 0, -1
365, 2, -1
365, 30, -1
365, 164, -1
365, 222, -1
365, 150, -1
365, 339, -1
365, 900, -1
365, 884, -1
365, 887, -1
365, 836, -1
365, 225, -1
365, 676, -1
365, 1341, -1
290, 291, -1
290, 1176, -1
290, 1269, -1
290, 737, -1
290, 65, -1
290, 524, -1
290, 865, -1
290, 338, -1
290, 1367, -1
290, 557, -1
290, 1037, -1
290, 821, -1
290, 763, -1
290, 1054, -1
290, 1476, -1
290, 1232, -1
290, 1057, -1
290, 309, -1
290, 365, -1
290, 596, -1
290, 241, -1
290, 526, -1
290, 1449, -1
290, 125, -1
290, 605, -1
290, 606, -1
290, 1391, -1
290, 0, -1
290, 2, -1
290, 30, -1
290, 164, -1
290, 222, -1
290, 150, -1
290, 339, -1
290, 900, -1
290, 884, -1
290, 887, -1
290, 836, -1
290, 225, -1
290, 1341, -1
658, 596, -1
658, 241, -1
658, 526, -1
658, 1449, -1
658, 125, -1
658, 605, -1
658, 606, -1
658, 1391, -1
658, 0, -1
658, 2, -1
658, 30, -1
658, 164, -1
658, 222, -1
658, 150, -1
658, 339, -1
658, 900, -1
658, 884, -1
658, 887, -1
658, 836, -1
658, 225, -1
658, 676, -1
658, 290, -1
658, 1341, -1
1232, 241, -1
2, 338, -1
763, 836, -1
1269, 150, -1
1232, 1391, -1
65, 125, -1
676, 526, -1
557, 596, -1
1269, 900, -1
596, 524, -1
65, 884, -1
291, 836, -1
596, 1054, -1
1476, 596, -1
1476, 605, -1
865, 290, -1
1057, 222, -1
225, 338, -1
1057, 887, -1
557, 164, -1
225, 365, -1
1232, 339, -1
125, 763, -1
1176, 596, -1
821, 884, -1
1176, 605, -1
865, 164, -1
241, 309, -1
557, 676, -1
557, 1341, -1
763, 125, -1
1037, 526, -1
125, 1037, -1
65, 241, -1
524, 526, -1
836, 365, -1
865, 676, -1
1449, 309, -1
865, 1341, -1
241, 821, -1
1232, 222, -1
1232, 887, -1
2, 557, -1
338, 125, -1
1476, 164, -1
1449, 821, -1
737, 526, -1
821, 596, -1
557, 150, -1
821, 605, -1
1057, 900, -1
338, 884, -1
1476, 1341, -1
1176, 164, -1
865, 150, -1
676, 125, -1
676, 1037, -1
309, 606, -1
0, 763, -1
526, 1367, -1
1341, 524, -1
1176, 1341, -1
821, 1391, -1
0, 1037, -1
900, 1037, -1
1476, 150, -1
1037, 606, -1
225, 737, -1
338, 605, -1
1341, 1054, -1
65, 339, -1
1176, 150, -1
737, 606, -1
338, 1391, -1
65, 222, -1
596, 365, -1
65, 887, -1
2, 291, -1
241, 1476, -1
150, 1367, -1
524, 125, -1
1269, 606, -1
241, 658, -1
821, 339, -1
1449, 1476, -1
291, 30, -1
2, 821, -1
241, 676, -1
605, 1367, -1
1037, 884, -1
676, 524, -1
339, 1476, -1
524, 884, -1
1449, 676, -1
309, 596, -1
1232, 836, -1
737, 884, -1
2, 524, -1
338, 339, -1
557, 526, -1
225, 291, -1
1037, 596, -1
1037, 605, -1
524, 596, -1
0, 865, -1
225, 309, -1
524, 605, -1
763, 222, -1
763, 887, -1
2, 1054, -1
865, 526, -1
225, 821, -1
338, 222, -1
737, 596, -1
0, 65, -1
737, 605, -1
836, 309, -1
309, 164, -1
1037, 1391, -1
676, 1269, -1
1476, 526, -1
524, 1391, -1
309, 676, -1
309, 1341, -1
676, 222, -1
676, 887, -1
241, 1057, -1
291, 887, -1
0, 1269, -1
900, 1269, -1
1269, 596, -1
291, 2, -1
737, 1391, -1
1269, 605, -1
1176, 526, -1
125, 1367, -1
1449, 1057, -1
30, 1367, -1
763, 900, -1
164, 1367, -1
65, 836, -1
2, 658, -1
884, 1037, -1
309, 150, -1
125, 338, -1
1269, 1391, -1
1037, 339, -1
1269, 164, -1
676, 1367, -1
291, 900, -1
557, 125, -1
1367, 1391, -1
737, 339, -1
1057, 30, -1
1269, 1341, -1
821, 836, -1
0, 1367, -1
225, 1476, -1
596, 309, -1
900, 1367, -1
865, 125, -1
676, 338, -1
524, 222, -1
557, 884, -1
225, 658, -1
0, 1232, -1
0, 338, -1
225, 676, -1
865, 884, -1
1476, 125, -1
1232, 30, -1
2, 365, -1
338, 836, -1
526, 1054, -1
557, 605, -1
1476, 884, -1
1176, 125, -1
865, 596, -1
1057, 290, -1
125, 557, -1
865, 605, -1
164, 557, -1
676, 836, -1
1176, 884, -1
557, 1391, -1
1057, 164, -1
821, 125, -1
865, 1391, -1
1057, 2, -1
309, 526, -1
1232, 290, -1
1057, 676, -1
1057, 1341, -1
676, 557, -1
1232, 1449, -1
225, 1057, -1
884, 1269, -1
1476, 1391, -1
241, 763, -1
0, 557, -1
900, 557, -1
164, 1037, -1
65, 30, -1
1176, 241, -1
1057, 150, -1
1232, 2, -1
605, 1054, -1
1449, 763, -1
1232, 676, -1
1176, 1391, -1
557, 339, -1
1037, 836, -1
1449, 1037, -1
339, 763, -1
524, 836, -1
125, 291, -1
865, 339, -1
125, 309, -1
339, 1037, -1
737, 836, -1
557, 222, -1
1269, 526, -1
291, 606, -1
125, 821, -1
865, 222, -1
884, 1367, -1
1232, 900, -1
65, 290, -1
65, 1449, -1
1176, 339, -1
763, 30, -1
676, 309, -1
1476, 222, -1
125, 524, -1
1476, 887, -1
0, 1176, -1
309, 125, -1
164, 524, -1
0, 291, -1
338, 30, -1
676, 821, -1
65, 2, -1
900, 309, -1
65, 676, -1
125, 1054, -1
1176, 222, -1
2, 309, -1
1176, 887, -1
309, 884, -1
1037, 125, -1
30, 1054, -1
164, 1054, -1
1341, 1476, -1
900, 821, -1
676, 30, -1
241, 865, -1
1054, 1391, -1
737, 125, -1
1449, 865, -1
65, 150, -1
763, 290, -1
821, 222, -1
821, 887, -1
0, 524, -1
309, 605, -1
900, 524, -1
1057, 526, -1
676, 1054, -1
65, 900, -1
291, 596, -1
164, 1269, -1
1269, 125, -1
1232, 225, -1
763, 164, -1
0, 1054, -1
900, 1054, -1
125, 658, -1
309, 1391, -1
606, 1367, -1
225, 763, -1
763, 676, -1
763, 1341, -1
884, 557, -1
291, 290, -1
1449, 1269, -1
1269, 884, -1
338, 887, -1
557, 836, -1
338, 2, -1
339, 1269, -1
865, 836, -1
821, 900, -1
222, 1367, -1
676, 164, -1
291, 164, -1
763, 150, -1
1057, 606, -1
836, 1037, -1
291, 676, -1
291, 1341, -1
2, 1476, -1
1476, 836, -1
0, 658, -1
241, 1367, -1
309, 339, -1
338, 900, -1
2, 676, -1
1176, 836, -1
1232, 606, -1
676, 150, -1
291, 150, -1
65, 225, -1
1449, 1367, -1
164, 365, -1
309, 222, -1
339, 1367, -1
676, 900, -1
1449, 338, -1
1057, 884, -1
1037, 222, -1
1037, 887, -1
524, 887, -1
884, 821, -1
676, 365, -1
225, 865, -1
737, 222, -1
596, 1037, -1
737, 887, -1
1269, 339, -1
0, 365, -1
900, 365, -1
1057, 596, -1
1057, 605, -1
884, 524, -1
1269, 222, -1
1269, 887, -1
65, 606, -1
1037, 900, -1
1057, 1391, -1
524, 900, -1
884, 1054, -1
763, 526, -1
1232, 596, -1
1232, 605, -1
241, 557, -1
557, 30, -1
737, 900, -1
1367, 887, -1
836, 1269, -1
1449, 557, -1
865, 30, -1
339, 557, -1
821, 606, -1
150, 1054, -1
291, 526, -1
1476, 30, -1
0, 737, -1
1232, 164, -1
309, 836, -1
1057, 339, -1
1341, 763, -1
241, 1037, -1
763, 606, -1
225, 1367, -1
1232, 1341, -1
1176, 30, -1
338, 606, -1
65, 596, -1
836, 1367, -1
65, 605, -1
164, 309, -1
1232, 150, -1
241, 291, -1
557, 887, -1
676, 606, -1
821, 30, -1
1476, 290, -1
606, 1054, -1
164, 821, -1
865, 887, -1
596, 1269, -1
1449, 291, -1
865, 2, -1
65, 1391, -1
1269, 836, -1
1176, 290, -1
763, 884, -1
339, 309, -1
222, 1054, -1
1176, 1449, -1
65, 164, -1
884, 365, -1
1476, 676, -1
339, 821, -1
241, 524, -1
0, 309, -1
291, 125, -1
557, 900, -1
65, 1341, -1
1176, 2, -1
1449, 524, -1
0, 821, -1
763, 596, -1
1176, 676, -1
2, 763, -1
763, 605, -1
865, 900, -1
241, 1054, -1
676, 884, -1
291, 884, -1
338, 596, -1
339, 524, -1
2, 1037, -1
596, 1367, -1
524, 606, -1
225, 557, -1
1449, 1054, -1
821, 164, -1
1476, 900, -1
763, 1391, -1
339, 1054, -1
821, 676, -1
821, 1341, -1
676, 596, -1
338, 290, -1
125, 1476, -1
676, 605, -1
291, 605, -1
836, 557, -1
1176, 900, -1
241, 1269, -1
1057, 836, -1
309, 30, -1
338, 164, -1
821, 150, -1
1232, 526, -1
676, 1391, -1
291, 1391, -1
225, 1037, -1
338, 676, -1
338, 1341, -1
1037, 30, -1
1449, 658, -1
524, 30, -1
676, 1476, -1
0, 1476, -1
737, 30, -1
339, 676, -1
676, 1341, -1
1054, 887, -1
338, 150, -1
290, 658, -1
0, 676, -1
1269, 30, -1
1341, 1367, -1
291, 339, -1
596, 557, -1
241, 338, -1
1057, 125, -1
1176, 225, -1
309, 887, -1
241, 365, -1
836, 821, -1
65, 526, -1
291, 222, -1
737, 290, -1
225, 524, -1
1037, 164, -1
884, 309, -1
1449, 365, -1
524, 164, -1
2, 1269, -1
557, 606, -1
1037, 676, -1
1037, 1341, -1
339, 365, -1
1232, 125, -1
524, 676, -1
524, 1341, -1
225, 1054, -1
737, 164, -1
836, 524, -1
865, 606, -1
1269, 290, -1
737, 2, -1
737, 676, -1
737, 1341, -1
1232, 884, -1
309, 900, -1
0, 1057, -1
821, 526, -1
836, 1054, -1
1037, 150, -1
1476, 606, -1
524, 150, -1
1269, 2, -1
225, 1269, -1
1269, 676, -1
737, 150, -1
241, 737, -1
1176, 606, -1
2, 1367, -1
338, 526, -1
596, 821, -1
1449, 737, -1
884, 763, -1
2, 1232, -1
1449, 1176, -1
836, 338, -1
884, 290, -1
836, 1232, -1
737, 225, -1
339, 737, -1
339, 865, -1
836, 658, -1
887, 1054, -1
339, 1057, -1
605, 365, -1
125, 1232, -1
1367, 596, -1
526, 865, -1
605, 557, -1
1391, 1054, -1
884, 1476, -1
338, 1449, -1
164, 1232, -1
30, 1232, -1
309, 241, -1
526, 1057, -1
30, 658, -1
225, 290, -1
150, 658, -1
1037, 241, -1
884, 1176, -1
309, 225, -1
1341, 1037, -1
606, 1232, -1
900, 290, -1
676, 1232, -1
2, 290, -1
606, 658, -1
737, 241, -1
676, 658, -1
1341, 865, -1
900, 1232, -1
900, 338, -1
222, 1232, -1
164, 763, -1
150, 865, -1
1341, 1057, -1
164, 290, -1
150, 1057, -1
900, 658, -1
222, 658, -1
1054, 606, -1
596, 1232, -1
596, 338, -1
1269, 241, -1
763, 225, -1
596, 658, -1
605, 865, -1
164, 1476, -1
164, 338, -1
1054, 526, -1
605, 1057, -1
125, 365, -1
241, 1232, -1
164, 658, -1
1269, 225, -1
676, 763, -1
884, 737, -1
605, 309, -1
291, 241, -1
884, 865, -1
557, 241, -1
1057, 1449, -1
884, 1057, -1
1449, 1232, -1
884, 291, -1
605, 821, -1
887, 1037, -1
900, 763, -1
865, 241, -1
0, 290, -1
884, 65, -1
291, 225, -1
339, 1232, -1
339, 338, -1
557, 225, -1
605, 1269, -1
339, 658, -1
526, 1232, -1
1054, 30, -1
821, 225, -1
865, 225, -1
676, 865, -1
887, 365, -1
900, 1476, -1
1476, 241, -1
1054, 222, -1
887, 557, -1
763, 241, -1
225, 1176, -1
676, 1176, -1
676, 1057, -1
1341, 309, -1
241, 290, -1
338, 241, -1
2, 737, -1
836, 737, -1
2, 865, -1
1476, 225, -1
900, 1176, -1
836, 865, -1
2, 1057, -1
2, 1176, -1
836, 1176, -1
1341, 821, -1
836, 1057, -1
1449, 290, -1
338, 225, -1
125, 865, -1
164, 737, -1
524, 290, -1
1341, 1269, -1
30, 865, -1
125, 1057, -1
164, 865, -1
30, 1057, -1
1341, 1232, -1
164, 1057, -1
164, 1176, -1
150, 1232, -1
1057, 225, -1
1054, 836, -1
821, 241, -1
737, 1449, -1
1476, 339, -1
606, 865, -1
605, 1232, -1
676, 737, -1
606, 1057, -1
125, 1269, -1
526, 658, -1
339, 1176, -1
605, 658, -1
676, 291, -1
900, 737, -1
884, 1232, -1
884, 338, -1
900, 865, -1
222, 865, -1
887, 309, -1
900, 1057, -1
884, 658, -1
222, 1057, -1
900, 291, -1
596, 737, -1
1054, 596, -1
596, 865, -1
887, 821, -1
1367, 836, -1
1057, 241, -1
596, 1057, -1
596, 1176, -1
291, 1449, -1
524, 241, -1
1054, 150, -1
887, 1269, -1
225, 1232, -1
1037, 225, -1
164, 291, -1
865, 1449, -1
241, 1176, -1
1341, 365, -1
1341, 658, -1
524, 225, -1
887, 524, -1
1341, 557, -1
605, 1037, -1
150, 557, -1
606, 291, -1
1367, 526, -1
606, 737, -1
606, 309, -1
150, 309, -1
606, 763, -1
606, 821, -1
150, 763, -1
150, 821, -1
606, 1269, -1
606, 1037, -1
150, 1269, -1
606, 338, -1
150, 1037, -1
606, 1476, -1
605, 763, -1
606, 524, -1
1367, 30, -1
150, 1476, -1
150, 524, -1
606, 365, -1
150, 365, -1
606, 557, -1

