612, 556, 1
0, 556, 1
0, 612, 1
4, 556, 1
4, 612, 1
4, 0, 1
612, 0, 1
556, 4, 1
0, 4, 1
612, 4, 1
1336, 556, -1
612, 1336, -1
20, 556, -1
20, 612, -1
20, 1336, -1
0, 1336, -1
0, 20, -1
4, 1336, -1
4, 20, -1
1336, 0, -1
612, 20, -1
20, 4, -1
1336, 612, -1
556, 20, -1
1336, 4, -1

22, 20, 1
1, 556, 1
1, 612, 1
1, 0, 1
1, 4, 1
632, 556, 1
632, 612, 1
632, 0, 1
632, 4, 1
632, 1, 1
0, 1, 1
1, 632, 1
0, 4, 1
0, 556, 1
612, 4, 1
4, 556, 1
612, 556, 1
0, 632, 1
556, 4, 1
0, 612, 1
556, 632, 1
612, 1, 1
612, 632, 1
4, 632, 1
22, 556, -1
22, 612, -1
22, 0, -1
22, 4, -1
22, 1336, -1
1, 1336, -1
1, 20, -1
1, 22, -1
30, 556, -1
30, 612, -1
30, 0, -1
30, 4, -1
30, 1, -1
30, 1336, -1
30, 20, -1
30, 22, -1
632, 1336, -1
632, 20, -1
632, 22, -1
632, 30, -1
0, 30, -1
556, 22, -1
612, 20, -1
1336, 612, -1
1336, 20, -1
4, 30, -1
0, 20, -1
20, 4, -1
1, 30, -1
20, 556, -1
556, 30, -1
612, 22, -1
1336, 4, -1
4, 20, -1
1336, 556, -1
0, 22, -1
1336, 632, -1
556, 20, -1
1336, 0, -1
20, 30, -1
612, 30, -1
4, 22, -1
0, 1336, -1
1336, 1, -1
20, 632, -1
1336, 22, -1

23, 20, 1
23, 22, 1
1471, 556, 1
1471, 612, 1
1471, 0, 1
1471, 4, 1
1471, 1, 1
1471, 632, 1
0, 1, 1
632, 4, 1
0, 4, 1
0, 556, 1
612, 4, 1
4, 556, 1
632, 556, 1
632, 0, 1
632, 612, 1
1, 4, 1
1, 612, 1
612, 556, 1
0, 632, 1
1, 556, 1
20, 22, 1
556, 4, 1
0, 612, 1
632, 1, 1
612, 1, 1
1, 1471, 1
1, 632, 1
556, 1471, 1
20, 23, 1
4, 632, 1
4, 1471, 1
22, 23, 1
556, 632, 1
1, 0, 1
0, 1471, 1
632, 1471, 1
612, 632, 1
612, 1471, 1
23, 556, -1
23, 612, -1
23, 0, -1
23, 4, -1
23, 1, -1
23, 632, -1
23, 1336, -1
23, 30, -1
1471, 1336, -1
1471, 20, -1
1471, 22, -1
1471, 23, -1
1471, 30, -1
632, 20, -1
0, 30, -1
556, 22, -1
612, 20, -1
632, 23, -1
612, 23, -1
23, 1471, -1
1336, 612, -1
1336, 20, -1
4, 30, -1
0, 23, -1
0, 20, -1
20, 4, -1
1, 30, -1
20, 556, -1
632, 22, -1
556, 30, -1
612, 22, -1
1336, 1, -1
20, 1471, -1
1336, 4, -1
4, 20, -1
22, 1471, -1
1336, 556, -1
1336, 22, -1
1, 20, -1
0, 22, -1
1, 23, -1
1336, 632, -1
556, 20, -1
632, 30, -1
1336, 0, -1
20, 30, -1
612, 30, -1
22, 30, -1
4, 22, -1
1, 22, -1
1336, 23, -1
4, 23, -1
30, 23, -1
1336, 1471, -1
30, 556, -1
22, 556, -1
30, 22, -1
30, 1471, -1
20, 632, -1
556, 23, -1

942, 30, 1
400, 20, 1
400, 22, 1
400, 23, 1
274, 30, 1
274, 942, 1
20, 22, 1
20, 23, 1
22, 23, 1
942, 556, -1
942, 612, -1
942, 0, -1
942, 4, -1
942, 1, -1
942, 632, -1
942, 1471, -1
942, 1336, -1
942, 20, -1
942, 22, -1
942, 23, -1
400, 556, -1
400, 612, -1
400, 0, -1
400, 4, -1
400, 1, -1
400, 632, -1
400, 1471, -1
400, 1336, -1
400, 30, -1
400, 942, -1
274, 556, -1
274, 612, -1
274, 0, -1
274, 4, -1
274, 1, -1
274, 632, -1
274, 1471, -1
274, 1336, -1
274, 20, -1
274, 22, -1
274, 23, -1
274, 400, -1
0, 30, -1
632, 20, -1
0, 942, -1
1336, 942, -1
632, 23, -1
556, 22, -1
0, 274, -1
612, 20, -1
612, 23, -1
23, 1471, -1
30, 1471, -1
1336, 20, -1
4, 30, -1
400, 274, -1
0, 23, -1
1336, 23, -1
0, 20, -1
4, 942, -1
1, 30, -1
1, 274, -1
632, 22, -1
1, 942, -1
556, 30, -1
612, 22, -1
20, 1471, -1
4, 20, -1
556, 942, -1
22, 1471, -1
4, 23, -1
30, 23, -1
1336, 22, -1
1, 20, -1
0, 22, -1
1, 23, -1
556, 20, -1
556, 23, -1
632, 30, -1
632, 274, -1
612, 30, -1
20, 30, -1
632, 942, -1
22, 30, -1
4, 22, -1
612, 942, -1
20, 942, -1
30, 22, -1
1336, 30, -1
1336, 274, -1
1, 22, -1
1471, 20, -1
632, 400, -1
22, 942, -1
1471, 22, -1
0, 400, -1
23, 30, -1
1336, 400, -1

943, 30, 1
943, 942, 1
943, 274, 1
1229, 30, 1
1229, 942, 1
1229, 274, 1
1229, 943, 1
1294, 20, 1
1294, 22, 1
1294, 23, 1
1294, 400, 1
274, 30, 1
400, 23, 1
30, 943, 1
274, 942, 1
20, 23, 1
400, 22, 1
400, 20, 1
30, 942, 1
22, 23, 1
23, 22, 1
20, 22, 1
942, 30, 1
274, 1229, 1
274, 943, 1
942, 943, 1
20, 1294, 1
400, 1294, 1
22, 1294, 1
942, 1229, 1
23, 1294, 1
943, 556, -1
943, 612, -1
943, 0, -1
943, 4, -1
943, 1, -1
943, 632, -1
943, 1471, -1
943, 1336, -1
943, 20, -1
943, 22, -1
943, 23, -1
943, 400, -1
1229, 556, -1
1229, 612, -1
1229, 0, -1
1229, 4, -1
1229, 1, -1
1229, 632, -1
1229, 1471, -1
1229, 1336, -1
1229, 20, -1
1229, 22, -1
1229, 23, -1
1229, 400, -1
1294, 556, -1
1294, 612, -1
1294, 0, -1
1294, 4, -1
1294, 1, -1
1294, 632, -1
1294, 1471, -1
1294, 1336, -1
1294, 30, -1
1294, 942, -1
1294, 274, -1
1294, 943, -1
1294, 1229, -1
0, 942, -1
632, 23, -1
612, 20, -1
556, 22, -1
1, 943, -1
556, 943, -1
942, 20, -1
400, 30, -1
4, 30, -1
0, 23, -1
400, 942, -1
4, 942, -1
20, 1471, -1
23, 1229, -1
632, 400, -1
4, 23, -1
20, 943, -1
0, 400, -1
274, 612, -1
632, 274, -1
274, 20, -1
612, 1229, -1
22, 30, -1
1336, 30, -1
632, 20, -1
0, 30, -1
274, 4, -1
1336, 942, -1
274, 22, -1
274, 1471, -1
23, 1471, -1
4, 1229, -1
400, 274, -1
23, 943, -1
1336, 23, -1
1, 30, -1
1, 942, -1
612, 22, -1
400, 612, -1
4, 20, -1
1471, 30, -1
612, 943, -1
1471, 942, -1
942, 22, -1
1, 23, -1
942, 1471, -1
1336, 400, -1
400, 4, -1
632, 1229, -1
20, 30, -1
4, 22, -1
20, 942, -1
30, 22, -1
4, 943, -1
30, 1471, -1
0, 1229, -1
1336, 274, -1
0, 274, -1
274, 556, -1
1229, 1294, -1
1336, 20, -1
400, 1229, -1
0, 20, -1
1, 274, -1
632, 22, -1
556, 30, -1
23, 30, -1
632, 943, -1
556, 942, -1
1471, 274, -1
23, 942, -1
1336, 22, -1
1, 20, -1
0, 22, -1
1336, 943, -1
400, 1, -1
0, 943, -1
556, 23, -1
612, 30, -1
612, 942, -1
400, 1471, -1
1336, 1229, -1
400, 943, -1
612, 23, -1
274, 1294, -1
942, 23, -1
1, 1229, -1
556, 1229, -1
1471, 1229, -1
22, 1471, -1
30, 23, -1
22, 943, -1
942, 1294, -1
556, 20, -1
632, 30, -1
20, 1229, -1
274, 23, -1
632, 942, -1
400, 556, -1
30, 1294, -1
1, 22, -1
1471, 20, -1
612, 1294, -1
1471, 1294, -1
1, 1294, -1
556, 1294, -1
1336, 1294, -1
943, 1294, -1
1471, 22, -1
22, 942, -1
4, 1294, -1
0, 1294, -1
632, 1294, -1

1270, 20, 1
1270, 22, 1
1270, 23, 1
1270, 400, 1
1270, 1294, 1
830, 20, 1
830, 22, 1
830, 23, 1
830, 400, 1
830, 1294, 1
830, 1270, 1
536, 30, 1
536, 942, 1
536, 274, 1
536, 943, 1
536, 1229, 1
764, 20, 1
764, 22, 1
764, 23, 1
764, 400, 1
764, 1294, 1
764, 1270, 1
764, 830, 1
30, 943, 1
20, 23, 1
22, 23, 1
23, 22, 1
20, 764, 1
23, 1294, 1
274, 943, 1
830, 764, 1
1229, 943, 1
1294, 23, 1
1270, 764, 1
20, 1270, 1
20, 22, 1
274, 1229, 1
1229, 30, 1
400, 20, 1
274, 30, 1
20, 1294, 1
400, 23, 1
22, 1294, 1
1229, 942, 1
274, 942, 1
1294, 22, 1
20, 830, 1
400, 764, 1
1270, 830, 1
942, 943, 1
400, 1270, 1
400, 22, 1
400, 1294, 1
942, 30, 1
400, 830, 1
1294, 830, 1
1294, 1270, 1
30, 942, 1
22, 830, 1
22, 1270, 1
942, 1229, 1
943, 30, 1
1270, 556, -1
1270, 612, -1
1270, 0, -1
1270, 4, -1
1270, 1, -1
1270, 632, -1
1270, 1471, -1
1270, 1336, -1
1270, 30, -1
1270, 942, -1
1270, 274, -1
1270, 943, -1
1270, 1229, -1
830, 556, -1
830, 612, -1
830, 0, -1
830, 4, -1
830, 1, -1
830, 632, -1
830, 1471, -1
830, 1336, -1
830, 30, -1
830, 942, -1
830, 274, -1
830, 943, -1
830, 1229, -1
536, 556, -1
536, 612, -1
536, 0, -1
536, 4, -1
536, 1, -1
536, 632, -1
536, 1471, -1
536, 1336, -1
536, 20, -1
536, 22, -1
536, 23, -1
536, 400, -1
536, 1294, -1
536, 1270, -1
536, 830, -1
764, 556, -1
764, 612, -1
764, 0, -1
764, 4, -1
764, 1, -1
764, 632, -1
764, 1471, -1
764, 1336, -1
764, 30, -1
764, 942, -1
764, 274, -1
764, 943, -1
764, 1229, -1
764, 536, -1
0, 942, -1
632, 23, -1
612, 20, -1
556, 22, -1
1229, 22, -1
1, 943, -1
556, 943, -1
943, 1471, -1
942, 20, -1
400, 30, -1
4, 30, -1
0, 23, -1
400, 942, -1
4, 942, -1
1336, 764, -1
0, 764, -1
632, 1294, -1
20, 1471, -1
632, 400, -1
4, 23, -1
20, 943, -1
1336, 1294, -1
0, 1294, -1
0, 400, -1
274, 612, -1
1336, 830, -1
1, 764, -1
274, 20, -1
0, 830, -1
612, 1229, -1
22, 30, -1
1336, 30, -1
632, 20, -1
0, 30, -1
274, 4, -1
274, 1270, -1
1336, 942, -1
1229, 1270, -1
274, 22, -1
1, 830, -1
274, 632, -1
274, 1471, -1
23, 1471, -1
4, 1229, -1
1229, 1471, -1
23, 943, -1
1336, 23, -1
400, 274, -1
1, 30, -1
612, 1270, -1
20, 556, -1
1, 942, -1
612, 22, -1
400, 612, -1
4, 20, -1
942, 1270, -1
612, 943, -1
942, 22, -1
1, 23, -1
942, 1471, -1
1336, 400, -1
400, 4, -1
632, 1229, -1
4, 1270, -1
943, 23, -1
20, 30, -1
4, 22, -1
1, 22, -1
556, 764, -1
20, 942, -1
30, 22, -1
4, 943, -1
30, 1471, -1
0, 1229, -1
1336, 274, -1
1294, 30, -1
0, 274, -1
274, 556, -1
1, 1294, -1
556, 1294, -1
1229, 1294, -1
612, 764, -1
556, 830, -1
1336, 20, -1
400, 1229, -1
1229, 830, -1
0, 20, -1
632, 1270, -1
942, 764, -1
1, 274, -1
632, 22, -1
556, 30, -1
23, 30, -1
1336, 1270, -1
632, 943, -1
556, 942, -1
0, 1270, -1
612, 830, -1
1336, 22, -1
1, 20, -1
0, 22, -1
1336, 943, -1
942, 830, -1
0, 943, -1
400, 1, -1
556, 23, -1
1229, 23, -1
612, 30, -1
612, 942, -1
274, 764, -1
400, 1471, -1
1336, 1229, -1
400, 943, -1
612, 23, -1
632, 764, -1
274, 1294, -1
274, 400, -1
1229, 400, -1
942, 23, -1
274, 830, -1
20, 4, -1
1, 1229, -1
556, 1229, -1
632, 830, -1
22, 1471, -1
612, 1294, -1
612, 400, -1
30, 23, -1
22, 943, -1
1294, 1471, -1
4, 764, -1
942, 1294, -1
1294, 943, -1
556, 20, -1
536, 764, -1
632, 30, -1
20, 1229, -1
274, 23, -1
632, 942, -1
400, 556, -1
4, 1294, -1
1, 1270, -1
30, 1294, -1
4, 830, -1
20, 612, -1
1294, 942, -1
943, 1270, -1
30, 830, -1
1336, 536, -1
1471, 1270, -1
1270, 536, -1
943, 22, -1
0, 536, -1
943, 1294, -1
1471, 22, -1
1471, 1294, -1
943, 830, -1
1471, 830, -1
400, 536, -1
23, 1229, -1
1471, 30, -1
1471, 1229, -1
1471, 274, -1
23, 942, -1
1471, 942, -1
943, 20, -1
1471, 20, -1
632, 274, -1
30, 1270, -1
943, 764, -1
22, 942, -1
1471, 764, -1
632, 536, -1
830, 536, -1
556, 1270, -1

1052, 20, 1
1052, 22, 1
1052, 23, 1
1052, 400, 1
1052, 1294, 1
1052, 1270, 1
1052, 830, 1
1052, 764, 1
1157, 30, 1
1157, 942, 1
1157, 274, 1
1157, 943, 1
1157, 1229, 1
1157, 536, 1
866, 556, 1
866, 612, 1
866, 0, 1
866, 4, 1
866, 1, 1
866, 632, 1
866, 1471, 1
30, 943, 1
1, 1471, 1
830, 23, 1
536, 943, 1
556, 1471, 1
20, 23, 1
22, 23, 1
764, 20, 1
20, 764, 1
274, 943, 1
764, 23, 1
0, 612, 1
632, 1, 1
1270, 23, 1
1229, 943, 1
632, 4, 1
536, 30, 1
536, 1229, 1
1294, 23, 1
536, 274, 1
612, 4, 1
830, 1270, 1
632, 556, 1
536, 942, 1
20, 1270, 1
612, 556, 1
830, 22, 1
556, 4, 1
632, 1471, 1
20, 22, 1
764, 1270, 1
830, 1294, 1
612, 1471, 1
1229, 30, 1
400, 20, 1
274, 30, 1
1229, 274, 1
20, 1294, 1
400, 23, 1
0, 4, 1
0, 1, 1
0, 556, 1
1229, 942, 1
764, 22, 1
274, 942, 1
1270, 22, 1
764, 1294, 1
632, 0, 1
20, 830, 1
1229, 536, 1
1270, 1294, 1
400, 764, 1
1294, 22, 1
0, 632, 1
0, 1471, 1
1, 612, 1
764, 830, 1
1270, 830, 1
942, 943, 1
22, 1294, 1
400, 1270, 1
4, 556, 1
400, 22, 1
1, 4, 1
4, 1471, 1
400, 1294, 1
1, 556, 1
942, 30, 1
632, 612, 1
400, 830, 1
1, 632, 1
830, 20, 1
1229, 1157, 1
274, 1157, 1
556, 632, 1
23, 22, 1
1, 0, 1
1270, 20, 1
830, 764, 1
23, 1294, 1
400, 1052, 1
612, 1, 1
1, 866, 1
30, 942, 1
1270, 764, 1
22, 1270, 1
274, 1229, 1
612, 632, 1
943, 30, 1
830, 400, 1
1294, 1270, 1
942, 1157, 1
22, 830, 1
1270, 400, 1
632, 866, 1
1294, 830, 1
612, 866, 1
830, 1052, 1
20, 1052, 1
4, 632, 1
764, 1052, 1
536, 1157, 1
942, 1229, 1
1270, 1052, 1
0, 866, 1
1052, 556, -1
1052, 612, -1
1052, 0, -1
1052, 4, -1
1052, 1, -1
1052, 632, -1
1052, 1471, -1
1052, 1336, -1
1052, 30, -1
1052, 942, -1
1052, 274, -1
1052, 943, -1
1052, 1229, -1
1052, 536, -1
1157, 556, -1
1157, 612, -1
1157, 0, -1
1157, 4, -1
1157, 1, -1
1157, 632, -1
1157, 1471, -1
1157, 1336, -1
1157, 20, -1
1157, 22, -1
1157, 23, -1
1157, 400, -1
1157, 1294, -1
1157, 1270, -1
1157, 830, -1
1157, 764, -1
1157, 1052, -1
105, 556, -1
105, 612, -1
105, 0, -1
105, 4, -1
105, 1, -1
105, 632, -1
105, 1471, -1
105, 1336, -1
105, 20, -1
105, 22, -1
105, 23, -1
105, 400, -1
105, 1294, -1
105, 1270, -1
105, 830, -1
105, 764, -1
105, 1052, -1
105, 30, -1
105, 942, -1
105, 274, -1
105, 943, -1
105, 1229, -1
105, 536, -1
105, 1157, -1
866, 1336, -1
866, 20, -1
866, 22, -1
866, 23, -1
866, 400, -1
866, 1294, -1
866, 1270, -1
866, 830, -1
866, 764, -1
866, 1052, -1
866, 30, -1
866, 942, -1
866, 274, -1
866, 943, -1
866, 1229, -1
866, 536, -1
866, 1157, -1
866, 105, -1
1229, 4, -1
536, 1294, -1
0, 942, -1
536, 400, -1
556, 22, -1
632, 23, -1
612, 20, -1
1229, 22, -1
536, 830, -1
1, 943, -1
536, 0, -1
556, 943, -1
943, 1471, -1
400, 30, -1
4, 30, -1
0, 23, -1
1471, 943, -1
536, 866, -1
400, 942, -1
4, 942, -1
830, 556, -1
1336, 764, -1
0, 764, -1
632, 1294, -1
20, 1471, -1
632, 400, -1
764, 1157, -1
764, 556, -1
4, 23, -1
1270, 556, -1
1336, 556, -1
20, 943, -1
0, 1157, -1
400, 105, -1
1336, 1294, -1
0, 1294, -1
0, 400, -1
274, 612, -1
1336, 830, -1
536, 105, -1
830, 30, -1
1336, 0, -1
1, 764, -1
632, 274, -1
274, 20, -1
0, 830, -1
612, 1229, -1
536, 4, -1
830, 942, -1
22, 30, -1
764, 30, -1
1, 1157, -1
1270, 30, -1
1336, 30, -1
1229, 1, -1
764, 942, -1
632, 20, -1
0, 30, -1
274, 4, -1
274, 1270, -1
1336, 942, -1
1270, 942, -1
1229, 1270, -1
400, 0, -1
4, 830, -1
274, 22, -1
1, 830, -1
274, 1471, -1
23, 1471, -1
1229, 1471, -1
4, 1229, -1
632, 105, -1
400, 866, -1
400, 274, -1
23, 943, -1
1336, 23, -1
1, 30, -1
20, 1157, -1
20, 556, -1
612, 1270, -1
1, 1052, -1
1, 942, -1
0, 105, -1
612, 22, -1
400, 612, -1
942, 1270, -1
612, 943, -1
536, 612, -1
536, 20, -1
942, 22, -1
1, 23, -1
942, 1471, -1
1336, 400, -1
400, 4, -1
632, 1229, -1
4, 1270, -1
943, 23, -1
20, 30, -1
1471, 23, -1
4, 22, -1
1, 22, -1
20, 942, -1
536, 1270, -1
1229, 764, -1
30, 22, -1
536, 22, -1
4, 943, -1
30, 1471, -1
0, 1229, -1
536, 632, -1
536, 1471, -1
1294, 30, -1
1336, 274, -1
556, 1157, -1
0, 274, -1
274, 556, -1
1, 1294, -1
1229, 556, -1
556, 1294, -1
1229, 1294, -1
1336, 612, -1
612, 764, -1
556, 830, -1
1336, 20, -1
400, 1229, -1
1229, 830, -1
0, 20, -1
632, 1270, -1
400, 536, -1
1, 274, -1
612, 1157, -1
632, 22, -1
556, 30, -1
764, 4, -1
1336, 4, -1
274, 1052, -1
1336, 1270, -1
556, 942, -1
632, 943, -1
1229, 1052, -1
0, 1270, -1
612, 830, -1
1336, 22, -1
1052, 1157, -1
1336, 1471, -1
1, 20, -1
0, 22, -1
764, 943, -1
1336, 943, -1
942, 830, -1
0, 943, -1
400, 1, -1
556, 23, -1
612, 30, -1
1229, 23, -1
612, 1052, -1
536, 1, -1
612, 942, -1
536, 556, -1
1229, 105, -1
400, 632, -1
400, 1471, -1
274, 764, -1
764, 1229, -1
632, 536, -1
1336, 1229, -1
400, 943, -1
612, 23, -1
1336, 536, -1
0, 536, -1
632, 764, -1
274, 1294, -1
105, 866, -1
942, 23, -1
274, 830, -1
20, 4, -1
536, 1052, -1
632, 1157, -1
1, 1229, -1
556, 1229, -1
830, 1471, -1
1336, 1, -1
1229, 866, -1
632, 830, -1
22, 1471, -1
612, 1294, -1
612, 400, -1
830, 943, -1
30, 23, -1
536, 23, -1
22, 943, -1
764, 1471, -1
1294, 1471, -1
1270, 1471, -1
1336, 632, -1
942, 1294, -1
1294, 943, -1
1229, 612, -1
1270, 943, -1
632, 30, -1
1229, 20, -1
536, 764, -1
632, 1052, -1
20, 1229, -1
274, 23, -1
400, 1157, -1
400, 556, -1
632, 942, -1
4, 1157, -1
4, 1294, -1
1, 1270, -1
556, 1270, -1
30, 1294, -1
0, 1052, -1
23, 4, -1
20, 612, -1
943, 1270, -1
1471, 1270, -1
30, 830, -1
943, 22, -1
1471, 22, -1
942, 20, -1
612, 105, -1
830, 1, -1
22, 556, -1
20, 632, -1
274, 866, -1
23, 1229, -1
1270, 1157, -1
1336, 1157, -1
943, 764, -1
22, 942, -1
1471, 764, -1
943, 556, -1
1471, 1157, -1
274, 632, -1
943, 1294, -1
943, 830, -1
1471, 830, -1
1270, 105, -1
830, 1157, -1
556, 1052, -1
4, 20, -1
1471, 30, -1
943, 1052, -1
1471, 1052, -1
1471, 942, -1
1294, 556, -1
830, 866, -1
830, 274, -1
556, 764, -1
30, 1270, -1
1270, 866, -1
1336, 866, -1
1270, 274, -1
1294, 942, -1
23, 556, -1
1, 400, -1
556, 400, -1
764, 612, -1
1270, 612, -1
830, 105, -1
1471, 1294, -1
830, 4, -1
942, 764, -1
943, 866, -1
1270, 4, -1
23, 30, -1
1471, 274, -1
942, 556, -1
23, 942, -1
943, 612, -1
943, 20, -1
830, 1229, -1
1471, 20, -1
30, 556, -1
1270, 1229, -1
942, 1052, -1
943, 4, -1
830, 612, -1
1270, 536, -1
23, 1157, -1
274, 400, -1
4, 1052, -1
1229, 400, -1
1270, 1, -1
1471, 1229, -1
764, 632, -1
4, 764, -1
556, 20, -1
612, 274, -1
4, 400, -1
830, 536, -1
1336, 1052, -1
943, 1, -1
1157, 866, -1
942, 866, -1

930, 20, 1
930, 22, 1
930, 23, 1
930, 400, 1
930, 1294, 1
930, 1270, 1
930, 830, 1
930, 764, 1
930, 1052, 1
700, 30, 1
700, 942, 1
700, 274, 1
700, 943, 1
700, 1229, 1
700, 536, 1
700, 1157, 1
1234, 20, 1
1234, 22, 1
1234, 23, 1
1234, 400, 1
1234, 1294, 1
1234, 1270, 1
1234, 830, 1
1234, 764, 1
1234, 1052, 1
1234, 930, 1
30, 943, 1
830, 23, 1
536, 943, 1
1229, 1157, 1
20, 23, 1
274, 1157, 1
22, 23, 1
764, 20, 1
20, 764, 1
1157, 30, 1
400, 930, 1
274, 943, 1
1270, 23, 1
1052, 20, 1
1229, 943, 1
400, 1052, 1
764, 23, 1
1052, 23, 1
1294, 23, 1
1157, 942, 1
536, 30, 1
536, 1229, 1
536, 274, 1
830, 1270, 1
536, 942, 1
20, 1270, 1
1052, 764, 1
830, 22, 1
20, 22, 1
764, 1270, 1
274, 1229, 1
830, 1294, 1
400, 20, 1
1229, 30, 1
274, 30, 1
1052, 1270, 1
764, 22, 1
20, 1294, 1
400, 23, 1
1270, 22, 1
22, 1294, 1
1229, 942, 1
274, 942, 1
1052, 22, 1
1294, 22, 1
764, 1294, 1
400, 1234, 1
1270, 1294, 1
20, 830, 1
400, 764, 1
1052, 1294, 1
764, 830, 1
1270, 830, 1
942, 943, 1
1052, 830, 1
930, 1234, 1
400, 1270, 1
400, 22, 1
20, 1052, 1
400, 1294, 1
764, 1052, 1
536, 1157, 1
942, 30, 1
1157, 943, 1
400, 830, 1
830, 20, 1
830, 1234, 1
23, 22, 1
23, 1294, 1
830, 764, 1
1157, 1229, 1
1270, 20, 1
1270, 1234, 1
30, 942, 1
1270, 764, 1
22, 1270, 1
943, 30, 1
830, 400, 1
1229, 274, 1
1294, 1270, 1
942, 1157, 1
22, 830, 1
1270, 400, 1
536, 700, 1
830, 930, 1
1294, 830, 1
830, 1052, 1
1229, 700, 1
274, 700, 1
1270, 930, 1
942, 1229, 1
1270, 1052, 1
1229, 536, 1
930, 556, -1
930, 612, -1
930, 0, -1
930, 4, -1
930, 1, -1
930, 632, -1
930, 1471, -1
930, 866, -1
930, 1336, -1
930, 30, -1
930, 942, -1
930, 274, -1
930, 943, -1
930, 1229, -1
930, 536, -1
930, 1157, -1
930, 105, -1
700, 556, -1
700, 612, -1
700, 0, -1
700, 4, -1
700, 1, -1
700, 632, -1
700, 1471, -1
700, 866, -1
700, 1336, -1
700, 20, -1
700, 22, -1
700, 23, -1
700, 400, -1
700, 1294, -1
700, 1270, -1
700, 830, -1
700, 764, -1
700, 1052, -1
700, 930, -1
700, 105, -1
1234, 556, -1
1234, 612, -1
1234, 0, -1
1234, 4, -1
1234, 1, -1
1234, 632, -1
1234, 1471, -1
1234, 866, -1
1234, 1336, -1
1234, 30, -1
1234, 942, -1
1234, 274, -1
1234, 943, -1
1234, 1229, -1
1234, 536, -1
1234, 1157, -1
1234, 700, -1
1234, 105, -1
536, 1294, -1
536, 400, -1
1229, 4, -1
0, 942, -1
556, 22, -1
612, 20, -1
632, 23, -1
1229, 22, -1
866, 1157, -1
536, 830, -1
1, 943, -1
556, 943, -1
943, 1471, -1
866, 1294, -1
400, 30, -1
4, 30, -1
0, 23, -1
105, 1229, -1
536, 866, -1
536, 930, -1
400, 942, -1
4, 942, -1
1336, 764, -1
0, 764, -1
632, 1294, -1
632, 400, -1
20, 1471, -1
866, 274, -1
764, 1157, -1
1157, 23, -1
4, 23, -1
1336, 1157, -1
20, 943, -1
0, 1157, -1
400, 105, -1
1336, 1294, -1
1052, 1471, -1
536, 1234, -1
0, 1294, -1
0, 400, -1
1052, 943, -1
1336, 830, -1
536, 105, -1
632, 930, -1
830, 30, -1
1, 764, -1
274, 20, -1
0, 830, -1
632, 274, -1
612, 1229, -1
536, 4, -1
830, 942, -1
22, 30, -1
105, 1270, -1
764, 30, -1
1, 1157, -1
1157, 1294, -1
1270, 30, -1
1336, 30, -1
1052, 1229, -1
764, 942, -1
1270, 942, -1
632, 20, -1
105, 943, -1
274, 1270, -1
1157, 830, -1
0, 30, -1
274, 4, -1
1336, 942, -1
1229, 1270, -1
4, 830, -1
274, 22, -1
1, 830, -1
632, 1234, -1
274, 1471, -1
23, 1471, -1
1229, 1471, -1
400, 866, -1
400, 274, -1
1336, 23, -1
23, 943, -1
1336, 1234, -1
0, 1234, -1
1, 30, -1
612, 1270, -1
1, 1052, -1
20, 1157, -1
1, 942, -1
556, 1052, -1
612, 22, -1
400, 612, -1
866, 1229, -1
4, 20, -1
942, 1270, -1
612, 943, -1
942, 22, -1
536, 20, -1
1, 23, -1
942, 1471, -1
105, 764, -1
1336, 400, -1
830, 866, -1
400, 4, -1
632, 1229, -1
4, 1270, -1
943, 23, -1
20, 30, -1
4, 22, -1
105, 1157, -1
556, 764, -1
20, 942, -1
536, 1270, -1
764, 866, -1
1229, 764, -1
1270, 866, -1
30, 22, -1
105, 1294, -1
536, 22, -1
4, 943, -1
1336, 930, -1
0, 1052, -1
30, 1471, -1
0, 1229, -1
1294, 30, -1
1336, 274, -1
612, 536, -1
0, 930, -1
105, 830, -1
536, 1471, -1
0, 274, -1
274, 556, -1
1, 1294, -1
1229, 556, -1
866, 22, -1
556, 1294, -1
1229, 1294, -1
612, 764, -1
556, 830, -1
866, 943, -1
1336, 20, -1
400, 1229, -1
105, 30, -1
1229, 830, -1
0, 20, -1
105, 1052, -1
105, 942, -1
632, 1270, -1
400, 536, -1
1, 274, -1
612, 1157, -1
632, 22, -1
556, 30, -1
1336, 1270, -1
274, 1052, -1
632, 943, -1
1229, 1052, -1
0, 1270, -1
612, 830, -1
1336, 22, -1
1052, 1157, -1
105, 23, -1
942, 556, -1
1, 20, -1
0, 22, -1
764, 943, -1
1336, 943, -1
400, 1, -1
1, 1234, -1
0, 943, -1
556, 23, -1
942, 830, -1
20, 866, -1
1229, 23, -1
612, 30, -1
1157, 1270, -1
612, 1052, -1
536, 1, -1
612, 942, -1
1157, 22, -1
536, 556, -1
1157, 1471, -1
400, 1471, -1
764, 1229, -1
274, 764, -1
632, 536, -1
1336, 1229, -1
1052, 30, -1
400, 943, -1
1052, 942, -1
612, 23, -1
1336, 536, -1
0, 536, -1
632, 764, -1
274, 1294, -1
4, 1052, -1
942, 23, -1
274, 830, -1
105, 274, -1
536, 1052, -1
632, 1157, -1
1, 1229, -1
830, 1471, -1
866, 30, -1
612, 1294, -1
22, 1471, -1
632, 830, -1
830, 943, -1
105, 20, -1
866, 942, -1
30, 23, -1
536, 23, -1
22, 943, -1
400, 700, -1
764, 1471, -1
105, 1234, -1
1294, 1471, -1
1270, 1471, -1
4, 764, -1
942, 1294, -1
1294, 943, -1
1270, 943, -1
556, 20, -1
866, 23, -1
536, 764, -1
632, 30, -1
1229, 20, -1
632, 1052, -1
20, 1229, -1
274, 23, -1
930, 700, -1
400, 1157, -1
400, 556, -1
4, 1157, -1
1157, 556, -1
105, 22, -1
612, 274, -1
632, 942, -1
4, 1294, -1
1, 1270, -1
1336, 1052, -1
1052, 866, -1
556, 1270, -1
30, 1294, -1
1, 22, -1
20, 612, -1
943, 1270, -1
1471, 1270, -1
30, 830, -1
943, 22, -1
1471, 22, -1
1052, 612, -1
942, 20, -1
866, 830, -1
830, 1, -1
764, 700, -1
1270, 700, -1
1336, 700, -1
830, 556, -1
0, 700, -1
23, 1229, -1
1052, 4, -1
764, 556, -1
1270, 1157, -1
1270, 556, -1
274, 612, -1
1, 700, -1
943, 764, -1
1471, 700, -1
22, 942, -1
1471, 764, -1
1229, 1, -1
1471, 1157, -1
943, 1294, -1
20, 700, -1
4, 1229, -1
830, 700, -1
943, 830, -1
1471, 830, -1
1270, 105, -1
20, 556, -1
830, 1157, -1
1471, 30, -1
943, 1052, -1
1471, 1052, -1
536, 612, -1
1471, 942, -1
105, 700, -1
866, 20, -1
830, 274, -1
30, 1270, -1
1270, 274, -1
556, 1157, -1
866, 1270, -1
1294, 942, -1
764, 612, -1
1270, 612, -1
830, 105, -1
1471, 1294, -1
830, 4, -1
1, 930, -1
942, 764, -1
1052, 700, -1
764, 4, -1
1270, 4, -1
943, 930, -1
23, 30, -1
1471, 930, -1
556, 942, -1
1471, 274, -1
23, 942, -1
1052, 556, -1
943, 20, -1
830, 1229, -1
1471, 20, -1
943, 1234, -1
1471, 1234, -1
1229, 105, -1
1270, 1229, -1
942, 1052, -1
830, 612, -1
1270, 536, -1
23, 1157, -1
632, 700, -1
274, 400, -1
1229, 400, -1
105, 930, -1
20, 4, -1
556, 1229, -1
1270, 1, -1
1229, 866, -1
866, 1052, -1
1229, 930, -1
1471, 1229, -1
1229, 612, -1
1229, 1234, -1
866, 700, -1
866, 764, -1
830, 536, -1
612, 400, -1
612, 1234, -1
612, 930, -1

539, 30, 1
539, 942, 1
539, 274, 1
539, 943, 1
539, 1229, 1
539, 536, 1
539, 1157, 1
539, 700, 1
1246, 30, 1
1246, 942, 1
1246, 274, 1
1246, 943, 1
1246, 1229, 1
1246, 536, 1
1246, 1157, 1
1246, 700, 1
1246, 539, 1
707, 30, 1
707, 942, 1
707, 274, 1
707, 943, 1
707, 1229, 1
707, 536, 1
707, 1157, 1
707, 700, 1
707, 539, 1
707, 1246, 1
30, 943, 1
536, 943, 1
1229, 1157, 1
274, 1157, 1
700, 1246, 1
1157, 30, 1
274, 943, 1
1157, 1229, 1
1229, 943, 1
539, 707, 1
536, 30, 1
536, 1229, 1
1157, 942, 1
536, 274, 1
536, 942, 1
700, 1157, 1
942, 1246, 1
536, 707, 1
274, 1229, 1
943, 30, 1
1229, 30, 1
536, 539, 1
274, 30, 1
700, 943, 1
942, 1157, 1
1229, 942, 1
539, 1246, 1
274, 942, 1
274, 707, 1
1157, 1246, 1
274, 539, 1
942, 943, 1
536, 700, 1
536, 1246, 1
700, 30, 1
700, 1229, 1
700, 942, 1
274, 700, 1
274, 1246, 1
536, 1157, 1
1229, 1246, 1
942, 30, 1
942, 1229, 1
1157, 943, 1
1229, 274, 1
942, 707, 1
1229, 707, 1
30, 942, 1
1246, 707, 1
1157, 707, 1
1229, 536, 1
1229, 700, 1
1229, 539, 1
700, 707, 1
30, 1246, 1
539, 556, -1
539, 612, -1
539, 0, -1
539, 4, -1
539, 1, -1
539, 632, -1
539, 1471, -1
539, 866, -1
539, 1336, -1
539, 20, -1
539, 22, -1
539, 23, -1
539, 400, -1
539, 1294, -1
539, 1270, -1
539, 830, -1
539, 764, -1
539, 1052, -1
539, 930, -1
539, 1234, -1
539, 105, -1
1246, 556, -1
1246, 612, -1
1246, 0, -1
1246, 4, -1
1246, 1, -1
1246, 632, -1
1246, 1471, -1
1246, 866, -1
1246, 1336, -1
1246, 20, -1
1246, 22, -1
1246, 23, -1
1246, 400, -1
1246, 1294, -1
1246, 1270, -1
1246, 830, -1
1246, 764, -1
1246, 1052, -1
1246, 930, -1
1246, 1234, -1
1246, 105, -1
707, 556, -1
707, 612, -1
707, 0, -1
707, 4, -1
707, 1, -1
707, 632, -1
707, 1471, -1
707, 866, -1
707, 1336, -1
707, 20, -1
707, 22, -1
707, 23, -1
707, 400, -1
707, 1294, -1
707, 1270, -1
707, 830, -1
707, 764, -1
707, 1052, -1
707, 930, -1
707, 1234, -1
707, 105, -1
930, 1157, -1
536, 1294, -1
0, 942, -1
1270, 707, -1
1336, 707, -1
1229, 22, -1
866, 1157, -1
536, 830, -1
1, 943, -1
0, 707, -1
943, 22, -1
556, 943, -1
943, 1471, -1
632, 1246, -1
700, 764, -1
400, 30, -1
1234, 30, -1
4, 30, -1
105, 1229, -1
536, 866, -1
536, 930, -1
400, 942, -1
1234, 942, -1
4, 942, -1
1270, 700, -1
1336, 700, -1
1336, 1246, -1
0, 700, -1
700, 556, -1
0, 1246, -1
930, 30, -1
1, 707, -1
866, 274, -1
700, 1294, -1
274, 866, -1
930, 942, -1
764, 1157, -1
1157, 23, -1
274, 930, -1
1270, 1157, -1
1336, 1157, -1
20, 943, -1
700, 830, -1
0, 1157, -1
536, 1234, -1
400, 1246, -1
1234, 1246, -1
1052, 943, -1
1, 700, -1
274, 612, -1
536, 105, -1
830, 30, -1
274, 20, -1
632, 274, -1
612, 1229, -1
536, 4, -1
830, 942, -1
22, 30, -1
930, 1246, -1
830, 707, -1
632, 539, -1
764, 30, -1
1, 1157, -1
1157, 1294, -1
1270, 30, -1
1336, 30, -1
1052, 1229, -1
764, 942, -1
0, 30, -1
105, 943, -1
274, 4, -1
1157, 830, -1
274, 1270, -1
1336, 942, -1
1270, 942, -1
1229, 1270, -1
700, 23, -1
274, 22, -1
274, 1471, -1
943, 1294, -1
830, 700, -1
4, 1229, -1
1229, 1471, -1
400, 274, -1
1234, 274, -1
105, 707, -1
1, 30, -1
764, 1246, -1
20, 1157, -1
400, 539, -1
830, 1157, -1
1234, 539, -1
1, 942, -1
930, 274, -1
866, 1229, -1
942, 1270, -1
612, 943, -1
536, 612, -1
930, 539, -1
942, 22, -1
536, 20, -1
105, 700, -1
942, 1471, -1
866, 539, -1
632, 1229, -1
943, 23, -1
830, 274, -1
20, 30, -1
1, 1246, -1
105, 1157, -1
556, 1246, -1
20, 942, -1
536, 1270, -1
30, 22, -1
536, 22, -1
4, 943, -1
30, 1471, -1
0, 1229, -1
1270, 274, -1
1336, 274, -1
1294, 30, -1
536, 1471, -1
700, 612, -1
556, 1157, -1
274, 556, -1
0, 274, -1
700, 20, -1
1270, 539, -1
1336, 539, -1
1229, 1294, -1
0, 539, -1
866, 943, -1
400, 1229, -1
1234, 1229, -1
105, 30, -1
1229, 830, -1
20, 1246, -1
105, 942, -1
700, 4, -1
700, 1270, -1
400, 536, -1
1, 274, -1
612, 1157, -1
1052, 1246, -1
700, 22, -1
930, 1229, -1
556, 30, -1
700, 1471, -1
274, 1052, -1
1, 539, -1
556, 942, -1
632, 943, -1
1052, 1157, -1
764, 943, -1
1336, 943, -1
105, 1246, -1
942, 830, -1
0, 943, -1
830, 1229, -1
612, 30, -1
1229, 23, -1
1157, 1270, -1
536, 1, -1
632, 707, -1
612, 942, -1
1157, 22, -1
536, 556, -1
1157, 1471, -1
274, 764, -1
764, 1229, -1
632, 536, -1
1270, 1229, -1
830, 539, -1
1336, 1229, -1
1052, 30, -1
400, 943, -1
1234, 943, -1
1052, 942, -1
1270, 536, -1
1336, 536, -1
632, 700, -1
0, 536, -1
274, 1294, -1
930, 943, -1
612, 1246, -1
942, 23, -1
105, 274, -1
274, 830, -1
400, 707, -1
1234, 707, -1
536, 1052, -1
632, 1157, -1
1, 1229, -1
556, 1229, -1
105, 539, -1
866, 30, -1
830, 943, -1
866, 942, -1
930, 707, -1
30, 23, -1
536, 23, -1
22, 943, -1
866, 707, -1
400, 700, -1
1234, 700, -1
4, 1246, -1
942, 1294, -1
1294, 943, -1
1270, 943, -1
632, 30, -1
536, 764, -1
700, 1052, -1
20, 1229, -1
930, 700, -1
4, 1157, -1
400, 1157, -1
1234, 1157, -1
274, 23, -1
274, 1234, -1
632, 942, -1
866, 700, -1
866, 1246, -1
830, 536, -1
30, 1294, -1
1229, 4, -1
30, 830, -1
1229, 556, -1
1471, 1157, -1
23, 1157, -1
1157, 866, -1
830, 1246, -1
1270, 1246, -1
1229, 866, -1
23, 30, -1
23, 1229, -1
1229, 930, -1
1471, 1229, -1
1471, 30, -1
1471, 274, -1
1229, 1052, -1
942, 556, -1
23, 942, -1
1471, 942, -1
1471, 707, -1
930, 536, -1
1471, 539, -1
1229, 612, -1
612, 539, -1
1229, 20, -1
700, 866, -1
1157, 556, -1
612, 274, -1
30, 1270, -1
1229, 1234, -1
612, 707, -1
1471, 700, -1
1229, 105, -1
1229, 764, -1
23, 1246, -1
942, 866, -1
1471, 1246, -1
612, 536, -1
1229, 1, -1

894, 20, 1
894, 22, 1
894, 23, 1
894, 400, 1
894, 1294, 1
894, 1270, 1
894, 830, 1
894, 764, 1
894, 1052, 1
894, 930, 1
894, 1234, 1
337, 20, 1
337, 22, 1
337, 23, 1
337, 400, 1
337, 1294, 1
337, 1270, 1
337, 830, 1
337, 764, 1
337, 1052, 1
337, 930, 1
337, 1234, 1
337, 894, 1
349, 20, 1
349, 22, 1
349, 23, 1
349, 400, 1
349, 1294, 1
349, 1270, 1
349, 830, 1
349, 764, 1
349, 1052, 1
349, 930, 1
349, 1234, 1
349, 894, 1
349, 337, 1
151, 20, 1
151, 22, 1
151, 23, 1
151, 400, 1
151, 1294, 1
151, 1270, 1
151, 830, 1
151, 764, 1
151, 1052, 1
151, 930, 1
151, 1234, 1
151, 894, 1
151, 337, 1
151, 349, 1
37, 20, 1
37, 22, 1
37, 23, 1
37, 400, 1
37, 1294, 1
37, 1270, 1
37, 830, 1
37, 764, 1
37, 1052, 1
37, 930, 1
37, 1234, 1
37, 894, 1
37, 337, 1
37, 349, 1
37, 151, 1
400, 894, 1
1234, 894, 1
930, 37, 1
830, 337, 1
894, 349, 1
930, 894, 1
337, 349, 1
1052, 20, 1
400, 1052, 1
20, 349, 1
1234, 1052, 1
1270, 764, 1
20, 1270, 1
1052, 349, 1
20, 22, 1
1234, 830, 1
930, 1052, 1
1052, 1270, 1
400, 23, 1
1234, 23, 1
400, 151, 1
1234, 151, 1
1052, 22, 1
764, 1294, 1
22, 830, 1
1270, 1294, 1
764, 37, 1
22, 894, 1
349, 151, 1
1270, 37, 1
764, 830, 1
764, 894, 1
1270, 830, 1
930, 23, 1
1270, 894, 1
930, 151, 1
830, 1052, 1
23, 20, 1
23, 349, 1
1270, 1052, 1
830, 23, 1
23, 1270, 1
830, 151, 1
22, 23, 1
23, 22, 1
930, 1294, 1
22, 151, 1
20, 764, 1
830, 764, 1
764, 23, 1
400, 930, 1
1234, 930, 1
1270, 23, 1
930, 830, 1
764, 151, 1
1270, 151, 1
894, 37, 1
830, 1294, 1
337, 37, 1
400, 20, 1
1234, 20, 1
20, 37, 1
830, 400, 1
830, 37, 1
22, 1294, 1
830, 894, 1
400, 1234, 1
400, 349, 1
1234, 349, 1
1270, 400, 1
830, 930, 1
1294, 830, 1
1294, 894, 1
930, 1234, 1
400, 22, 1
1234, 22, 1
20, 1052, 1
1270, 930, 1
894, 151, 1
20, 23, 1
337, 151, 1
830, 1234, 1
20, 151, 1
764, 20, 1
23, 37, 1
1270, 20, 1
1294, 23, 1
1270, 1234, 1
1294, 151, 1
764, 349, 1
1270, 349, 1
1052, 764, 1
764, 1270, 1
20, 1294, 1
764, 22, 1
23, 1052, 1
1270, 22, 1
400, 337, 1
20, 830, 1
20, 894, 1
1052, 1294, 1
1052, 37, 1
1052, 830, 1
930, 20, 1
1052, 894, 1
400, 1270, 1
1234, 1270, 1
23, 151, 1
930, 349, 1
23, 764, 1
930, 1270, 1
830, 20, 1
930, 22, 1
23, 1294, 1
830, 349, 1
1052, 23, 1
1270, 337, 1
23, 830, 1
23, 894, 1
830, 1270, 1
1052, 151, 1
830, 22, 1
22, 1270, 1
1294, 1270, 1
1294, 22, 1
400, 764, 1
1234, 764, 1
930, 764, 1
400, 1294, 1
1234, 1294, 1
764, 1052, 1
400, 37, 1
1234, 37, 1
400, 830, 1
349, 37, 1
930, 337, 1
1234, 400, 1
930, 400, 1
151, 37, 1
894, 556, -1
894, 612, -1
894, 0, -1
894, 4, -1
894, 1, -1
894, 632, -1
894, 1471, -1
894, 866, -1
894, 1336, -1
894, 30, -1
894, 942, -1
894, 274, -1
894, 943, -1
894, 1229, -1
894, 536, -1
894, 1157, -1
894, 700, -1
894, 539, -1
894, 1246, -1
894, 707, -1
894, 105, -1
337, 556, -1
337, 612, -1
337, 0, -1
337, 4, -1
337, 1, -1
337, 632, -1
337, 1471, -1
337, 866, -1
337, 1336, -1
337, 30, -1
337, 942, -1
337, 274, -1
337, 943, -1
337, 1229, -1
337, 536, -1
337, 1157, -1
337, 700, -1
337, 539, -1
337, 1246, -1
337, 707, -1
337, 105, -1
349, 556, -1
349, 612, -1
349, 0, -1
349, 4, -1
349, 1, -1
349, 632, -1
349, 1471, -1
349, 866, -1
349, 1336, -1
349, 30, -1
349, 942, -1
349, 274, -1
349, 943, -1
349, 1229, -1
349, 536, -1
349, 1157, -1
349, 700, -1
349, 539, -1
349, 1246, -1
349, 707, -1
349, 105, -1
151, 556, -1
151, 612, -1
151, 0, -1
151, 4, -1
151, 1, -1
151, 632, -1
151, 1471, -1
151, 866, -1
151, 1336, -1
151, 30, -1
151, 942, -1
151, 274, -1
151, 943, -1
151, 1229, -1
151, 536, -1
151, 1157, -1
151, 700, -1
151, 539, -1
151, 1246, -1
151, 707, -1
151, 105, -1
37, 556, -1
37, 612, -1
37, 0, -1
37, 4, -1
37, 1, -1
37, 632, -1
37, 1471, -1
37, 866, -1
37, 1336, -1
37, 30, -1
37, 942, -1
37, 274, -1
37, 943, -1
37, 1229, -1
37, 536, -1
37, 1157, -1
37, 700, -1
37, 539, -1
37, 1246, -1
37, 707, -1
37, 105, -1
612, 20, -1
20, 612, -1
943, 1270, -1
942, 20, -1
1234, 30, -1
0, 23, -1
1234, 942, -1
1246, 22, -1
0, 764, -1
1052, 4, -1
1270, 1157, -1
707, 1052, -1
400, 105, -1
1336, 37, -1
400, 1246, -1
0, 1294, -1
0, 400, -1
1052, 943, -1
1, 764, -1
0, 894, -1
1229, 337, -1
1471, 764, -1
707, 764, -1
1157, 830, -1
1, 894, -1
830, 700, -1
1336, 23, -1
707, 1294, -1
1471, 894, -1
1270, 105, -1
707, 894, -1
1270, 1246, -1
400, 612, -1
930, 274, -1
930, 539, -1
1336, 400, -1
830, 866, -1
930, 4, -1
1336, 930, -1
1294, 30, -1
105, 830, -1
1294, 942, -1
556, 37, -1
1270, 612, -1
612, 764, -1
1229, 830, -1
942, 764, -1
632, 22, -1
0, 349, -1
0, 1270, -1
1336, 22, -1
1052, 1157, -1
612, 894, -1
105, 151, -1
536, 337, -1
1, 1234, -1
1234, 1, -1
556, 23, -1
830, 1229, -1
1229, 151, -1
1471, 1234, -1
1471, 349, -1
764, 1229, -1
400, 943, -1
707, 349, -1
707, 1270, -1
274, 830, -1
1052, 105, -1
830, 1471, -1
632, 830, -1
105, 20, -1
400, 700, -1
764, 1471, -1
1294, 1471, -1
1270, 943, -1
1229, 20, -1
20, 1229, -1
400, 556, -1
4, 830, -1
930, 1157, -1
556, 22, -1
632, 151, -1
536, 830, -1
943, 22, -1
1052, 612, -1
612, 349, -1
400, 30, -1
866, 830, -1
400, 942, -1
830, 1, -1
1270, 700, -1
20, 1471, -1
23, 1229, -1
1157, 23, -1
1270, 556, -1
700, 830, -1
536, 1234, -1
0, 37, -1
274, 20, -1
930, 1246, -1
1270, 30, -1
1157, 1294, -1
632, 20, -1
1270, 942, -1
1, 37, -1
1157, 894, -1
700, 151, -1
23, 1471, -1
1471, 37, -1
1234, 866, -1
943, 830, -1
22, 1246, -1
707, 37, -1
20, 1, -1
1, 1052, -1
4, 20, -1
1471, 1052, -1
536, 20, -1
1, 23, -1
105, 764, -1
866, 20, -1
830, 274, -1
1471, 23, -1
707, 23, -1
1229, 764, -1
105, 1294, -1
30, 22, -1
539, 830, -1
0, 930, -1
105, 894, -1
1, 1294, -1
700, 20, -1
1229, 1294, -1
1471, 1294, -1
1234, 1229, -1
830, 4, -1
1229, 894, -1
1, 930, -1
1052, 700, -1
764, 4, -1
274, 1052, -1
1471, 930, -1
612, 37, -1
539, 151, -1
1052, 556, -1
0, 22, -1
764, 943, -1
942, 37, -1
400, 1, -1
943, 20, -1
1157, 1270, -1
612, 1052, -1
274, 764, -1
1234, 1471, -1
1052, 30, -1
536, 37, -1
942, 1052, -1
1052, 942, -1
612, 23, -1
1246, 151, -1
632, 764, -1
866, 37, -1
632, 337, -1
274, 1294, -1
930, 943, -1
707, 22, -1
4, 1052, -1
942, 23, -1
274, 894, -1
20, 4, -1
1234, 707, -1
536, 1052, -1
1336, 337, -1
1270, 1, -1
539, 20, -1
866, 1052, -1
612, 1294, -1
632, 894, -1
536, 23, -1
22, 943, -1
30, 151, -1
105, 1234, -1
4, 764, -1
105, 349, -1
942, 1294, -1
866, 23, -1
536, 764, -1
700, 1052, -1
930, 700, -1
1, 349, -1
1229, 1234, -1
4, 1294, -1
866, 764, -1
1229, 349, -1
1, 1270, -1
536, 1294, -1
536, 400, -1
4, 894, -1
930, 556, -1
1471, 1270, -1
536, 894, -1
866, 1294, -1
700, 764, -1
536, 930, -1
866, 894, -1
0, 151, -1
930, 30, -1
700, 1294, -1
930, 942, -1
764, 1157, -1
700, 894, -1
1052, 1471, -1
1336, 830, -1
22, 30, -1
930, 1, -1
943, 764, -1
830, 707, -1
22, 942, -1
274, 349, -1
274, 1270, -1
632, 1234, -1
943, 1294, -1
539, 1052, -1
830, 1246, -1
400, 866, -1
1234, 274, -1
943, 894, -1
1336, 1234, -1
1336, 151, -1
764, 105, -1
764, 1246, -1
20, 1157, -1
612, 1270, -1
1234, 539, -1
1294, 1246, -1
942, 349, -1
1052, 1, -1
539, 764, -1
4, 349, -1
1234, 4, -1
536, 349, -1
4, 1270, -1
539, 1294, -1
536, 1270, -1
930, 105, -1
1270, 866, -1
866, 349, -1
105, 37, -1
539, 894, -1
866, 1270, -1
764, 612, -1
1229, 37, -1
556, 830, -1
1336, 20, -1
20, 1246, -1
400, 1229, -1
700, 349, -1
105, 1052, -1
700, 1270, -1
1246, 1294, -1
1229, 1052, -1
105, 23, -1
930, 612, -1
1229, 23, -1
556, 151, -1
943, 1234, -1
1157, 22, -1
943, 349, -1
400, 1471, -1
23, 1246, -1
1270, 1229, -1
830, 539, -1
274, 37, -1
1229, 400, -1
105, 930, -1
400, 707, -1
0, 337, -1
632, 37, -1
1229, 930, -1
830, 943, -1
539, 349, -1
1270, 1471, -1
1294, 943, -1
556, 20, -1
539, 1270, -1
632, 1052, -1
274, 23, -1
1234, 1157, -1
105, 22, -1
4, 37, -1
1336, 1052, -1
1, 22, -1
1270, 707, -1
632, 23, -1
1229, 22, -1
1471, 22, -1
764, 700, -1
830, 556, -1
1336, 764, -1
632, 1294, -1
632, 400, -1
700, 37, -1
764, 556, -1
4, 23, -1
20, 943, -1
1157, 151, -1
1234, 105, -1
1336, 1294, -1
1234, 1246, -1
830, 30, -1
1336, 894, -1
632, 930, -1
0, 830, -1
830, 942, -1
105, 1270, -1
764, 30, -1
764, 942, -1
1052, 1229, -1
1229, 1270, -1
1, 830, -1
700, 23, -1
274, 22, -1
20, 700, -1
943, 37, -1
23, 943, -1
400, 274, -1
1471, 830, -1
0, 1234, -1
707, 830, -1
400, 539, -1
830, 1157, -1
20, 556, -1
930, 866, -1
556, 1052, -1
612, 22, -1
1234, 612, -1
943, 1052, -1
942, 22, -1
1, 151, -1
400, 4, -1
943, 23, -1
20, 30, -1
4, 22, -1
556, 764, -1
20, 942, -1
539, 37, -1
707, 151, -1
536, 22, -1
1270, 274, -1
1270, 539, -1
866, 22, -1
556, 1294, -1
830, 105, -1
632, 349, -1
556, 894, -1
0, 20, -1
632, 1270, -1
1052, 1246, -1
1336, 349, -1
700, 22, -1
930, 1229, -1
1270, 4, -1
539, 23, -1
23, 30, -1
943, 930, -1
1336, 1270, -1
612, 830, -1
23, 942, -1
1, 20, -1
1471, 20, -1
274, 151, -1
707, 20, -1
1234, 943, -1
830, 612, -1
1246, 23, -1
930, 1471, -1
612, 151, -1
23, 1157, -1
20, 105, -1
942, 151, -1
764, 1, -1
930, 707, -1
4, 151, -1
22, 1471, -1
30, 23, -1
1234, 700, -1
536, 151, -1
539, 22, -1
866, 151, -1
400, 1157, -1
1234, 556, -1
556, 349, -1
556, 1270, -1
30, 1294, -1
0, 1052, -1
20, 866, -1
612, 400, -1
1246, 830, -1
612, 930, -1
1246, 894, -1
1246, 1270, -1
942, 1270, -1
943, 151, -1
1471, 151, -1
764, 866, -1
612, 1234, -1
612, 337, -1
1052, 866, -1
942, 830, -1
942, 894, -1

