1124, 1347, 1
621, 264, -1
1347, 264, -1
1347, 621, -1
1336, 264, -1
1336, 621, -1
1336, 1347, -1
1124, 264, -1
1124, 621, -1
1124, 1336, -1
264, 1124, -1
264, 1347, -1
1336, 1124, -1

92, 1347, 1
92, 1124, 1
1082, 264, 1
1124, 1347, 1
1124, 92, 1
1347, 92, 1
1347, 1124, 1
92, 264, -1
92, 621, -1
92, 1336, -1
1082, 621, -1
1082, 1347, -1
1082, 1124, -1
1082, 92, -1
1082, 1336, -1
1166, 264, -1
1166, 1082, -1
1166, 621, -1
1166, 1347, -1
1166, 1124, -1
1166, 92, -1
1166, 1336, -1
264, 1166, -1
264, 92, -1
1336, 1347, -1
1124, 1166, -1
1082, 1166, -1
1347, 1166, -1
1124, 1082, -1
1336, 1124, -1
92, 1166, -1
264, 621, -1
264, 1347, -1
1124, 621, -1
1347, 621, -1
264, 1124, -1
1336, 264, -1
1336, 92, -1
1336, 1082, -1

128, 264, 1
128, 1082, 1
1007, 1347, 1
1007, 1124, 1
1007, 92, 1
386, 264, 1
386, 1082, 1
386, 128, 1
733, 1347, 1
733, 1124, 1
733, 92, 1
733, 1007, 1
385, 264, 1
385, 1082, 1
385, 128, 1
385, 386, 1
873, 264, 1
873, 1082, 1
873, 128, 1
873, 386, 1
873, 385, 1
264, 1082, 1
1124, 92, 1
128, 386, 1
1082, 873, 1
1124, 1007, 1
264, 386, 1
386, 873, 1
1347, 1124, 1
128, 385, 1
128, 873, 1
264, 385, 1
264, 873, 1
1347, 733, 1
1347, 92, 1
385, 873, 1
1347, 1007, 1
264, 128, 1
1082, 386, 1
92, 733, 1
1124, 733, 1
92, 1007, 1
386, 385, 1
1082, 128, 1
1124, 1347, 1
1082, 385, 1
128, 621, -1
128, 1347, -1
128, 1124, -1
128, 92, -1
128, 1336, -1
128, 1166, -1
1007, 264, -1
1007, 1082, -1
1007, 128, -1
1007, 621, -1
1007, 1336, -1
1007, 1166, -1
386, 621, -1
386, 1347, -1
386, 1124, -1
386, 92, -1
386, 1007, -1
386, 1336, -1
386, 1166, -1
733, 264, -1
733, 1082, -1
733, 128, -1
733, 386, -1
733, 621, -1
733, 1336, -1
733, 1166, -1
385, 621, -1
385, 1347, -1
385, 1124, -1
385, 92, -1
385, 1007, -1
385, 733, -1
385, 1336, -1
385, 1166, -1
873, 621, -1
873, 1347, -1
873, 1124, -1
873, 92, -1
873, 1007, -1
873, 733, -1
873, 1336, -1
873, 1166, -1
1124, 1166, -1
1082, 1166, -1
621, 1347, -1
1124, 873, -1
386, 733, -1
1082, 92, -1
264, 621, -1
264, 1347, -1
1082, 1007, -1
1336, 1082, -1
621, 1124, -1
1347, 621, -1
264, 1124, -1
1336, 264, -1
1336, 1347, -1
1336, 386, -1
128, 733, -1
1336, 1124, -1
264, 733, -1
621, 873, -1
621, 92, -1
733, 873, -1
128, 1007, -1
264, 1166, -1
264, 92, -1
92, 621, -1
621, 1007, -1
1336, 733, -1
1347, 1166, -1
1336, 385, -1
264, 1007, -1
1347, 873, -1
1336, 873, -1
1336, 92, -1
1124, 621, -1
1082, 621, -1
1336, 1007, -1
1166, 873, -1
1082, 1347, -1
264, 1336, -1
1336, 128, -1
1166, 1007, -1
1082, 1124, -1
92, 873, -1
92, 1166, -1
1082, 733, -1
1124, 385, -1
92, 386, -1
1347, 128, -1
621, 386, -1
1124, 1082, -1
92, 128, -1
1166, 386, -1
92, 1082, -1
1347, 1082, -1
1124, 386, -1
1347, 386, -1
1124, 128, -1

146, 1347, 1
146, 1124, 1
146, 92, 1
146, 1007, 1
146, 733, 1
650, 621, 1
714, 264, 1
714, 1082, 1
714, 128, 1
714, 386, 1
714, 385, 1
714, 873, 1
264, 1082, 1
128, 1082, 1
128, 264, 1
873, 385, 1
1124, 92, 1
128, 386, 1
1124, 1007, 1
264, 386, 1
385, 1082, 1
385, 386, 1
1347, 1124, 1
128, 385, 1
128, 873, 1
264, 385, 1
264, 873, 1
1347, 733, 1
733, 1007, 1
873, 1082, 1
1347, 92, 1
385, 873, 1
1347, 1007, 1
873, 386, 1
386, 1082, 1
264, 128, 1
1082, 386, 1
92, 733, 1
1124, 733, 1
92, 1007, 1
733, 92, 1
1082, 128, 1
873, 128, 1
385, 714, 1
385, 264, 1
128, 714, 1
1082, 385, 1
873, 264, 1
1082, 873, 1
1124, 146, 1
1007, 92, 1
385, 128, 1
386, 385, 1
386, 128, 1
264, 714, 1
386, 873, 1
1124, 1347, 1
873, 714, 1
146, 264, -1
146, 1082, -1
146, 128, -1
146, 386, -1
146, 385, -1
146, 873, -1
146, 621, -1
146, 1336, -1
146, 1166, -1
650, 264, -1
650, 1082, -1
650, 128, -1
650, 386, -1
650, 385, -1
650, 873, -1
650, 1347, -1
650, 1124, -1
650, 92, -1
650, 1007, -1
650, 733, -1
650, 146, -1
650, 1336, -1
650, 1166, -1
714, 621, -1
714, 650, -1
714, 1347, -1
714, 1124, -1
714, 92, -1
714, 1007, -1
714, 733, -1
714, 146, -1
714, 1336, -1
714, 1166, -1
733, 621, -1
128, 1347, -1
1347, 1082, -1
1336, 1082, -1
873, 1007, -1
1336, 1347, -1
386, 650, -1
386, 1007, -1
128, 1166, -1
385, 1124, -1
1082, 146, -1
621, 1166, -1
128, 92, -1
264, 1166, -1
385, 733, -1
1347, 1166, -1
1336, 92, -1
1082, 621, -1
621, 146, -1
1336, 128, -1
264, 146, -1
1082, 1124, -1
386, 1347, -1
1082, 733, -1
873, 92, -1
621, 386, -1
386, 1166, -1
1082, 1007, -1
873, 650, -1
386, 92, -1
1347, 386, -1
264, 1124, -1
621, 733, -1
385, 621, -1
264, 733, -1
146, 650, -1
1124, 1082, -1
1336, 873, -1
873, 1347, -1
128, 146, -1
385, 650, -1
385, 1007, -1
92, 1166, -1
1124, 1166, -1
128, 621, -1
873, 1166, -1
264, 621, -1
128, 1124, -1
1082, 650, -1
1347, 621, -1
1336, 621, -1
1336, 386, -1
385, 1347, -1
128, 733, -1
1336, 1124, -1
733, 1166, -1
386, 146, -1
128, 1007, -1
1336, 733, -1
92, 386, -1
621, 1007, -1
264, 1007, -1
385, 1166, -1
1124, 386, -1
385, 92, -1
1336, 1007, -1
1082, 1347, -1
1166, 1007, -1
386, 1124, -1
1082, 1166, -1
386, 733, -1
733, 386, -1
1082, 92, -1
264, 1347, -1
1336, 264, -1
873, 146, -1
92, 621, -1
264, 92, -1
128, 650, -1
1336, 385, -1
264, 650, -1
1124, 621, -1
873, 621, -1
1007, 386, -1
386, 621, -1
873, 1124, -1
385, 146, -1
873, 733, -1
1124, 385, -1
621, 1347, -1
1124, 873, -1
92, 128, -1
621, 1124, -1
1124, 650, -1
1124, 714, -1
1007, 650, -1
1124, 128, -1
1166, 386, -1
92, 1082, -1
621, 873, -1
621, 92, -1
733, 873, -1
733, 650, -1
1347, 873, -1
1166, 873, -1
1347, 650, -1
1336, 650, -1
1336, 714, -1
1347, 128, -1
92, 873, -1
1336, 146, -1
92, 650, -1

226, 264, 1
226, 1082, 1
226, 128, 1
226, 386, 1
226, 385, 1
226, 873, 1
226, 714, 1
1328, 1347, 1
1328, 1124, 1
1328, 92, 1
1328, 1007, 1
1328, 733, 1
1328, 146, 1
689, 1347, 1
689, 1124, 1
689, 92, 1
689, 1007, 1
689, 733, 1
689, 146, 1
689, 1328, 1
146, 1347, 1
264, 1082, 1
128, 264, 1
873, 385, 1
1124, 92, 1
146, 1124, 1
128, 386, 1
1124, 1007, 1
714, 385, 1
264, 386, 1
385, 1082, 1
714, 873, 1
873, 714, 1
146, 733, 1
385, 386, 1
1347, 1124, 1
146, 92, 1
128, 385, 1
128, 873, 1
264, 385, 1
146, 1007, 1
264, 873, 1
1347, 733, 1
733, 1007, 1
128, 714, 1
873, 1082, 1
1124, 733, 1
1347, 92, 1
1328, 689, 1
264, 714, 1
385, 873, 1
1347, 1007, 1
714, 1082, 1
386, 1082, 1
873, 386, 1
264, 128, 1
1082, 386, 1
92, 733, 1
385, 714, 1
714, 386, 1
128, 1082, 1
92, 1007, 1
1082, 385, 1
1082, 873, 1
1007, 92, 1
386, 385, 1
873, 226, 1
1082, 226, 1
386, 873, 1
714, 226, 1
386, 226, 1
1082, 128, 1
873, 128, 1
385, 264, 1
1124, 146, 1
1124, 689, 1
714, 128, 1
386, 128, 1
733, 92, 1
128, 226, 1
264, 226, 1
1124, 1347, 1
873, 264, 1
385, 226, 1
385, 128, 1
226, 621, -1
226, 650, -1
226, 1347, -1
226, 1124, -1
226, 92, -1
226, 1007, -1
226, 733, -1
226, 146, -1
226, 1336, -1
226, 1166, -1
1328, 264, -1
1328, 1082, -1
1328, 128, -1
1328, 386, -1
1328, 385, -1
1328, 873, -1
1328, 714, -1
1328, 226, -1
1328, 621, -1
1328, 650, -1
1328, 1336, -1
1328, 1166, -1
689, 264, -1
689, 1082, -1
689, 128, -1
689, 386, -1
689, 385, -1
689, 873, -1
689, 714, -1
689, 226, -1
689, 621, -1
689, 650, -1
689, 1336, -1
689, 1166, -1
733, 621, -1
128, 1347, -1
650, 733, -1
1336, 1082, -1
873, 1007, -1
1336, 1347, -1
386, 650, -1
386, 1007, -1
264, 1328, -1
873, 689, -1
128, 1166, -1
385, 1124, -1
1082, 146, -1
128, 92, -1
714, 146, -1
264, 1166, -1
385, 733, -1
1347, 1166, -1
1336, 92, -1
1082, 621, -1
714, 621, -1
1336, 128, -1
264, 146, -1
1347, 128, -1
1082, 1124, -1
386, 1347, -1
714, 1124, -1
1082, 733, -1
146, 621, -1
873, 92, -1
714, 733, -1
386, 1166, -1
1082, 1007, -1
873, 650, -1
386, 92, -1
264, 1124, -1
714, 1007, -1
385, 621, -1
128, 1328, -1
650, 1007, -1
264, 733, -1
1336, 1328, -1
1347, 873, -1
1336, 873, -1
128, 146, -1
873, 1347, -1
385, 650, -1
385, 1007, -1
650, 1347, -1
92, 1166, -1
92, 873, -1
1336, 146, -1
385, 689, -1
1124, 1166, -1
128, 621, -1
873, 1166, -1
92, 128, -1
264, 621, -1
128, 1124, -1
1082, 650, -1
1347, 621, -1
650, 92, -1
1124, 128, -1
714, 650, -1
1336, 386, -1
385, 1347, -1
146, 1166, -1
128, 733, -1
1336, 1124, -1
733, 1166, -1
386, 146, -1
128, 1007, -1
1336, 733, -1
621, 1007, -1
264, 1007, -1
385, 1166, -1
733, 128, -1
385, 92, -1
1336, 1007, -1
1082, 1347, -1
1166, 1007, -1
714, 1347, -1
264, 689, -1
386, 1124, -1
1082, 1166, -1
1124, 873, -1
386, 733, -1
1082, 92, -1
714, 1166, -1
264, 1347, -1
714, 92, -1
1336, 264, -1
146, 873, -1
873, 146, -1
733, 873, -1
92, 621, -1
264, 92, -1
650, 146, -1
128, 650, -1
146, 128, -1
1336, 385, -1
1124, 621, -1
264, 650, -1
873, 621, -1
1336, 714, -1
128, 689, -1
873, 1124, -1
386, 621, -1
650, 1124, -1
385, 146, -1
873, 733, -1
146, 386, -1
1124, 385, -1
714, 1328, -1
621, 1347, -1
621, 386, -1
733, 386, -1
1124, 226, -1
1347, 1082, -1
621, 1124, -1
1124, 650, -1
650, 385, -1
1124, 714, -1
650, 873, -1
1347, 386, -1
226, 689, -1
650, 226, -1
146, 385, -1
1166, 386, -1
92, 1082, -1
621, 873, -1
1082, 689, -1
146, 226, -1
650, 128, -1
621, 92, -1
714, 689, -1
386, 689, -1
92, 386, -1
385, 1328, -1
1124, 1082, -1
1124, 386, -1
1336, 226, -1
1166, 873, -1
650, 1082, -1
621, 146, -1
650, 386, -1
146, 1082, -1
1336, 689, -1
873, 1328, -1
1347, 226, -1
1007, 386, -1

722, 1347, 1
722, 1124, 1
722, 92, 1
722, 1007, 1
722, 733, 1
722, 146, 1
722, 1328, 1
722, 689, 1
837, 264, 1
837, 1082, 1
837, 128, 1
837, 386, 1
837, 385, 1
837, 873, 1
837, 714, 1
837, 226, 1
150, 264, 1
150, 1082, 1
150, 128, 1
150, 386, 1
150, 385, 1
150, 873, 1
150, 714, 1
150, 226, 1
150, 837, 1
1473, 1347, 1
1473, 1124, 1
1473, 92, 1
1473, 1007, 1
1473, 733, 1
1473, 146, 1
1473, 1328, 1
1473, 689, 1
1473, 722, 1
873, 150, 1
146, 1124, 1
1124, 1007, 1
1082, 226, 1
837, 150, 1
128, 837, 1
146, 733, 1
714, 226, 1
385, 386, 1
264, 837, 1
264, 873, 1
733, 1007, 1
873, 1082, 1
385, 150, 1
1347, 92, 1
1328, 689, 1
1328, 1473, 1
386, 1082, 1
264, 128, 1
1082, 386, 1
714, 386, 1
689, 146, 1
1328, 1347, 1
722, 1473, 1
386, 837, 1
873, 385, 1
1082, 150, 1
689, 722, 1
264, 386, 1
714, 150, 1
873, 714, 1
1328, 92, 1
689, 1124, 1
128, 873, 1
226, 1082, 1
146, 1007, 1
689, 733, 1
128, 226, 1
264, 226, 1
1124, 733, 1
146, 689, 1
226, 837, 1
385, 714, 1
873, 837, 1
1347, 146, 1
146, 1347, 1
1124, 92, 1
128, 386, 1
92, 146, 1
385, 1082, 1
386, 226, 1
1347, 1124, 1
146, 92, 1
128, 150, 1
264, 385, 1
385, 837, 1
1347, 733, 1
264, 150, 1
226, 386, 1
1328, 146, 1
1347, 1007, 1
873, 386, 1
714, 1082, 1
689, 1007, 1
92, 733, 1
1328, 722, 1
1082, 837, 1
689, 1473, 1
714, 837, 1
264, 1082, 1
128, 264, 1
1328, 1124, 1
873, 226, 1
386, 150, 1
1328, 733, 1
689, 1347, 1
1124, 146, 1
1328, 1007, 1
128, 385, 1
1007, 146, 1
128, 714, 1
689, 92, 1
264, 714, 1
385, 873, 1
385, 226, 1
733, 146, 1
226, 150, 1
128, 1082, 1
1347, 689, 1
92, 1007, 1
1082, 385, 1
1082, 873, 1
226, 128, 1
1007, 92, 1
714, 385, 1
386, 385, 1
714, 873, 1
386, 873, 1
92, 1473, 1
873, 128, 1
1082, 128, 1
385, 264, 1
1124, 1473, 1
1124, 689, 1
714, 128, 1
386, 128, 1
733, 92, 1
1124, 722, 1
1124, 1347, 1
873, 264, 1
146, 1473, 1
385, 128, 1
226, 385, 1
226, 873, 1
1347, 1473, 1
722, 264, -1
722, 1082, -1
722, 128, -1
722, 386, -1
722, 385, -1
722, 873, -1
722, 714, -1
722, 226, -1
722, 621, -1
722, 650, -1
722, 1336, -1
722, 1166, -1
837, 621, -1
837, 650, -1
837, 1347, -1
837, 1124, -1
837, 92, -1
837, 1007, -1
837, 733, -1
837, 146, -1
837, 1328, -1
837, 689, -1
837, 722, -1
837, 1336, -1
837, 1166, -1
150, 621, -1
150, 650, -1
150, 1347, -1
150, 1124, -1
150, 92, -1
150, 1007, -1
150, 733, -1
150, 146, -1
150, 1328, -1
150, 689, -1
150, 722, -1
150, 1336, -1
150, 1166, -1
1473, 264, -1
1473, 1082, -1
1473, 128, -1
1473, 386, -1
1473, 385, -1
1473, 873, -1
1473, 714, -1
1473, 226, -1
1473, 837, -1
1473, 150, -1
1473, 621, -1
1473, 650, -1
1473, 1336, -1
1473, 1166, -1
226, 1007, -1
146, 386, -1
1124, 150, -1
733, 621, -1
128, 1347, -1
650, 733, -1
1347, 1082, -1
1336, 1082, -1
873, 1007, -1
385, 722, -1
650, 150, -1
1336, 1347, -1
1328, 385, -1
386, 1007, -1
146, 150, -1
264, 1328, -1
873, 689, -1
128, 1166, -1
385, 1124, -1
1082, 146, -1
1328, 650, -1
1347, 837, -1
1336, 837, -1
1328, 714, -1
873, 1473, -1
128, 92, -1
733, 150, -1
621, 226, -1
714, 146, -1
264, 1166, -1
385, 733, -1
1347, 1166, -1
689, 873, -1
689, 1166, -1
1336, 92, -1
689, 226, -1
1082, 621, -1
714, 722, -1
714, 621, -1
1336, 128, -1
264, 146, -1
1336, 689, -1
1082, 1124, -1
386, 1347, -1
1328, 1082, -1
226, 92, -1
714, 1124, -1
1082, 733, -1
146, 621, -1
264, 722, -1
873, 92, -1
714, 733, -1
621, 386, -1
733, 264, -1
1328, 837, -1
386, 1166, -1
1124, 650, -1
1082, 1007, -1
873, 650, -1
386, 92, -1
1007, 650, -1
1347, 386, -1
264, 1124, -1
714, 1007, -1
689, 386, -1
1328, 1166, -1
385, 621, -1
128, 1328, -1
650, 1007, -1
264, 733, -1
722, 837, -1
733, 385, -1
146, 650, -1
1336, 1328, -1
1124, 1082, -1
689, 150, -1
226, 1347, -1
733, 714, -1
733, 650, -1
1336, 873, -1
1347, 873, -1
1347, 226, -1
1336, 226, -1
92, 837, -1
650, 1082, -1
873, 1347, -1
128, 146, -1
385, 650, -1
385, 1007, -1
1328, 264, -1
650, 1347, -1
1124, 837, -1
92, 873, -1
92, 1166, -1
146, 1082, -1
226, 1166, -1
1336, 146, -1
128, 722, -1
650, 837, -1
733, 1082, -1
1124, 1166, -1
128, 621, -1
385, 1473, -1
385, 689, -1
873, 1166, -1
264, 621, -1
1336, 722, -1
146, 837, -1
128, 1124, -1
1347, 621, -1
650, 92, -1
689, 621, -1
714, 650, -1
1336, 386, -1
733, 837, -1
385, 1347, -1
146, 1166, -1
1328, 873, -1
128, 733, -1
1336, 1124, -1
1328, 226, -1
733, 1166, -1
621, 150, -1
386, 146, -1
128, 1007, -1
1336, 733, -1
92, 386, -1
621, 1007, -1
714, 1473, -1
1328, 128, -1
873, 722, -1
714, 689, -1
689, 385, -1
1336, 150, -1
1347, 150, -1
264, 1007, -1
385, 1166, -1
733, 128, -1
1124, 386, -1
385, 92, -1
1336, 1007, -1
689, 650, -1
689, 714, -1
1082, 1347, -1
1166, 1007, -1
714, 1347, -1
264, 689, -1
264, 1473, -1
1328, 621, -1
386, 1124, -1
621, 1082, -1
1328, 386, -1
1082, 1166, -1
1124, 873, -1
386, 733, -1
733, 386, -1
1082, 92, -1
689, 1082, -1
714, 1166, -1
264, 1347, -1
1336, 1473, -1
714, 92, -1
1336, 264, -1
226, 146, -1
650, 226, -1
1328, 150, -1
146, 873, -1
873, 146, -1
689, 837, -1
146, 226, -1
733, 873, -1
1166, 837, -1
92, 621, -1
264, 92, -1
650, 146, -1
128, 650, -1
226, 621, -1
733, 226, -1
1336, 385, -1
722, 150, -1
264, 650, -1
1124, 621, -1
226, 1124, -1
873, 621, -1
1347, 650, -1
1336, 714, -1
128, 689, -1
1007, 386, -1
128, 1473, -1
386, 621, -1
873, 1124, -1
226, 733, -1
650, 386, -1
92, 150, -1
650, 1124, -1
92, 650, -1
385, 146, -1
873, 733, -1
1124, 385, -1
226, 650, -1
714, 1328, -1
621, 1347, -1
92, 128, -1
1124, 226, -1
621, 1124, -1
650, 385, -1
1124, 714, -1
1082, 650, -1
650, 873, -1
689, 264, -1
226, 689, -1
1124, 128, -1
226, 1473, -1
386, 650, -1
146, 385, -1
1166, 386, -1
92, 1082, -1
621, 873, -1
1082, 689, -1
621, 92, -1
650, 128, -1
1082, 1473, -1
386, 689, -1
385, 1328, -1
386, 1473, -1
650, 689, -1
650, 1473, -1
146, 128, -1
1166, 873, -1
621, 146, -1
1347, 128, -1
689, 128, -1
873, 1328, -1

1052, 1347, 1
1052, 1124, 1
1052, 92, 1
1052, 1007, 1
1052, 733, 1
1052, 146, 1
1052, 1328, 1
1052, 689, 1
1052, 722, 1
1052, 1473, 1
1176, 1347, 1
1176, 1124, 1
1176, 92, 1
1176, 1007, 1
1176, 733, 1
1176, 146, 1
1176, 1328, 1
1176, 689, 1
1176, 722, 1
1176, 1473, 1
1176, 1052, 1
509, 1347, 1
509, 1124, 1
509, 92, 1
509, 1007, 1
509, 733, 1
509, 146, 1
509, 1328, 1
509, 689, 1
509, 722, 1
509, 1473, 1
509, 1052, 1
509, 1176, 1
17, 264, 1
17, 1082, 1
17, 128, 1
17, 386, 1
17, 385, 1
17, 873, 1
17, 714, 1
17, 226, 1
17, 837, 1
17, 150, 1
1177, 1347, 1
1177, 1124, 1
1177, 92, 1
1177, 1007, 1
1177, 733, 1
1177, 146, 1
1177, 1328, 1
1177, 689, 1
1177, 722, 1
1177, 1473, 1
1177, 1052, 1
1177, 1176, 1
1177, 509, 1
733, 722, 1
1328, 1176, 1
128, 1082, 1
873, 150, 1
146, 1124, 1
1082, 873, 1
1124, 1007, 1
1082, 226, 1
714, 873, 1
733, 1124, 1
837, 150, 1
128, 837, 1
714, 226, 1
146, 733, 1
1473, 733, 1
385, 386, 1
264, 837, 1
1124, 1473, 1
1124, 509, 1
1473, 1007, 1
689, 1328, 1
264, 873, 1
733, 1007, 1
873, 1082, 1
1176, 1177, 1
1328, 1052, 1
1347, 92, 1
385, 150, 1
1328, 689, 1
1328, 1473, 1
1473, 689, 1
146, 509, 1
386, 1082, 1
264, 128, 1
722, 1007, 1
1124, 1176, 1
1082, 386, 1
733, 689, 1
733, 1473, 1
714, 386, 1
689, 146, 1
722, 689, 1
1328, 1347, 1
722, 1473, 1
1052, 509, 1
1473, 1347, 1
689, 1177, 1
386, 837, 1
873, 385, 1
1082, 150, 1
689, 722, 1
714, 150, 1
264, 386, 1
733, 1176, 1
873, 714, 1
92, 1052, 1
722, 1347, 1
1328, 92, 1
1052, 1176, 1
689, 1124, 1
1473, 92, 1
1124, 1052, 1
1124, 689, 1
128, 873, 1
226, 1082, 1
146, 1007, 1
689, 733, 1
128, 226, 1
1176, 509, 1
264, 226, 1
722, 92, 1
1124, 733, 1
146, 689, 1
1473, 1052, 1
146, 1473, 1
1124, 1347, 1
226, 837, 1
385, 714, 1
733, 1052, 1
873, 837, 1
689, 509, 1
722, 1052, 1
146, 1347, 1
1124, 92, 1
128, 386, 1
733, 1347, 1
714, 385, 1
1007, 92, 1
385, 1082, 1
386, 873, 1
837, 873, 1
1473, 1328, 1
386, 226, 1
1347, 1124, 1
146, 92, 1
1124, 1177, 1
128, 150, 1
264, 385, 1
385, 837, 1
722, 1328, 1
733, 92, 1
1347, 733, 1
264, 150, 1
226, 386, 1
1328, 146, 1
1473, 146, 1
1347, 1007, 1
714, 1082, 1
1328, 1177, 1
873, 386, 1
146, 1052, 1
689, 1007, 1
1473, 1177, 1
92, 733, 1
733, 1177, 1
1328, 722, 1
1473, 722, 1
1082, 837, 1
722, 146, 1
1124, 1328, 1
226, 873, 1
1347, 509, 1
689, 1473, 1
714, 837, 1
264, 1082, 1
1328, 1124, 1
128, 264, 1
1473, 1124, 1
386, 150, 1
873, 226, 1
92, 509, 1
1328, 733, 1
689, 1347, 1
722, 1124, 1
733, 1328, 1
1124, 146, 1
1328, 1007, 1
128, 385, 1
150, 873, 1
722, 733, 1
128, 714, 1
1124, 722, 1
689, 92, 1
1328, 509, 1
264, 714, 1
1473, 509, 1
1347, 1473, 1
385, 873, 1
385, 226, 1
733, 509, 1
733, 146, 1
226, 150, 1
1347, 1052, 1
722, 509, 1
1347, 689, 1
689, 1052, 1
92, 1007, 1
128, 17, 1
722, 1177, 1
150, 17, 1
1473, 1176, 1
146, 1176, 1
1082, 385, 1
150, 386, 1
264, 17, 1
226, 128, 1
386, 385, 1
92, 146, 1
92, 1473, 1
146, 1328, 1
873, 128, 1
1082, 128, 1
385, 17, 1
385, 264, 1
689, 1176, 1
722, 1176, 1
1347, 1176, 1
714, 128, 1
386, 128, 1
837, 128, 1
1007, 146, 1
226, 17, 1
92, 1176, 1
873, 17, 1
1082, 17, 1
873, 264, 1
509, 1177, 1
146, 1177, 1
714, 17, 1
386, 17, 1
837, 17, 1
837, 386, 1
385, 128, 1
226, 385, 1
1347, 146, 1
1052, 264, -1
1052, 1082, -1
1052, 128, -1
1052, 386, -1
1052, 385, -1
1052, 873, -1
1052, 714, -1
1052, 226, -1
1052, 837, -1
1052, 150, -1
1052, 621, -1
1052, 650, -1
1052, 1336, -1
1052, 1166, -1
1176, 264, -1
1176, 1082, -1
1176, 128, -1
1176, 386, -1
1176, 385, -1
1176, 873, -1
1176, 714, -1
1176, 226, -1
1176, 837, -1
1176, 150, -1
1176, 621, -1
1176, 650, -1
1176, 1336, -1
1176, 1166, -1
509, 264, -1
509, 1082, -1
509, 128, -1
509, 386, -1
509, 385, -1
509, 873, -1
509, 714, -1
509, 226, -1
509, 837, -1
509, 150, -1
509, 621, -1
509, 650, -1
509, 1336, -1
509, 1166, -1
17, 621, -1
17, 650, -1
17, 1347, -1
17, 1124, -1
17, 92, -1
17, 1007, -1
17, 733, -1
17, 146, -1
17, 1328, -1
17, 689, -1
17, 722, -1
17, 1473, -1
17, 1052, -1
17, 1176, -1
17, 509, -1
17, 1336, -1
17, 1166, -1
1177, 264, -1
1177, 1082, -1
1177, 128, -1
1177, 386, -1
1177, 385, -1
1177, 873, -1
1177, 714, -1
1177, 226, -1
1177, 837, -1
1177, 150, -1
1177, 17, -1
1177, 621, -1
1177, 650, -1
1177, 1336, -1
1177, 1166, -1
226, 1007, -1
146, 386, -1
1124, 150, -1
385, 1177, -1
1336, 1052, -1
733, 621, -1
128, 1347, -1
650, 733, -1
1336, 1082, -1
837, 733, -1
873, 1007, -1
385, 722, -1
650, 150, -1
226, 689, -1
226, 1473, -1
1336, 1347, -1
1328, 385, -1
509, 17, -1
1473, 385, -1
386, 1007, -1
837, 1007, -1
146, 150, -1
1473, 150, -1
264, 1328, -1
128, 1166, -1
873, 1473, -1
385, 1124, -1
1328, 650, -1
1347, 837, -1
1082, 146, -1
1328, 714, -1
873, 689, -1
128, 92, -1
733, 150, -1
1336, 837, -1
714, 146, -1
92, 17, -1
150, 1007, -1
264, 1166, -1
386, 689, -1
650, 509, -1
386, 1473, -1
385, 733, -1
650, 1124, -1
1347, 1166, -1
722, 385, -1
1328, 1336, -1
689, 873, -1
689, 1166, -1
1124, 17, -1
1336, 92, -1
1473, 1336, -1
689, 226, -1
1082, 621, -1
714, 722, -1
722, 650, -1
621, 146, -1
722, 714, -1
714, 621, -1
1336, 128, -1
264, 146, -1
1347, 128, -1
1082, 1124, -1
386, 1347, -1
1328, 1082, -1
689, 128, -1
1473, 1082, -1
264, 1177, -1
722, 1336, -1
226, 92, -1
714, 1124, -1
1473, 17, -1
1082, 733, -1
385, 509, -1
146, 621, -1
264, 722, -1
1124, 385, -1
733, 17, -1
873, 92, -1
714, 733, -1
1328, 837, -1
722, 1082, -1
386, 1166, -1
621, 1124, -1
1082, 1007, -1
1124, 650, -1
1124, 714, -1
873, 650, -1
386, 92, -1
1052, 17, -1
837, 92, -1
264, 1124, -1
714, 1007, -1
722, 17, -1
226, 1052, -1
689, 386, -1
1328, 1166, -1
17, 1177, -1
385, 621, -1
128, 1328, -1
650, 1007, -1
264, 733, -1
873, 1052, -1
722, 837, -1
1082, 509, -1
733, 385, -1
1473, 650, -1
1336, 1328, -1
1473, 714, -1
714, 509, -1
386, 1052, -1
722, 1166, -1
733, 650, -1
689, 150, -1
226, 1347, -1
733, 714, -1
1124, 1082, -1
1347, 873, -1
1336, 873, -1
1336, 226, -1
92, 837, -1
650, 1082, -1
873, 1347, -1
128, 146, -1
385, 650, -1
385, 1007, -1
1473, 621, -1
128, 1177, -1
264, 509, -1
650, 1347, -1
1124, 837, -1
92, 1166, -1
146, 1082, -1
92, 873, -1
226, 1166, -1
1336, 146, -1
128, 722, -1
146, 17, -1
733, 1082, -1
1336, 1177, -1
1124, 1166, -1
385, 1473, -1
128, 621, -1
385, 689, -1
873, 1166, -1
650, 837, -1
92, 128, -1
1336, 722, -1
264, 621, -1
146, 837, -1
128, 1124, -1
264, 1176, -1
1473, 837, -1
837, 1166, -1
1347, 621, -1
650, 92, -1
1124, 128, -1
689, 621, -1
714, 650, -1
733, 837, -1
1336, 386, -1
385, 1347, -1
146, 1166, -1
1328, 873, -1
128, 733, -1
1473, 1166, -1
1336, 1124, -1
1473, 873, -1
1328, 226, -1
150, 1166, -1
1082, 1052, -1
873, 1177, -1
1082, 689, -1
733, 1166, -1
621, 150, -1
1082, 1473, -1
714, 1052, -1
128, 1007, -1
386, 146, -1
714, 689, -1
1336, 733, -1
621, 1007, -1
714, 1473, -1
1328, 128, -1
873, 722, -1
689, 385, -1
650, 1052, -1
1473, 128, -1
1347, 150, -1
1336, 150, -1
264, 1007, -1
722, 873, -1
385, 1166, -1
733, 128, -1
1124, 386, -1
385, 92, -1
722, 226, -1
1336, 1007, -1
689, 650, -1
689, 714, -1
1082, 1347, -1
128, 509, -1
1176, 17, -1
1166, 1007, -1
714, 1347, -1
264, 689, -1
722, 128, -1
264, 1473, -1
689, 1336, -1
1328, 621, -1
386, 1124, -1
1336, 509, -1
1328, 386, -1
1473, 386, -1
385, 1052, -1
1082, 1166, -1
621, 1347, -1
1124, 873, -1
386, 733, -1
733, 386, -1
1082, 92, -1
128, 1176, -1
714, 1166, -1
689, 1082, -1
264, 1347, -1
1124, 226, -1
1336, 1473, -1
1347, 17, -1
714, 92, -1
722, 621, -1
226, 509, -1
689, 17, -1
1336, 264, -1
226, 146, -1
650, 226, -1
722, 386, -1
1328, 150, -1
1336, 1176, -1
146, 873, -1
873, 509, -1
873, 146, -1
689, 837, -1
146, 226, -1
621, 92, -1
1473, 226, -1
733, 873, -1
650, 146, -1
264, 92, -1
386, 509, -1
226, 621, -1
128, 650, -1
92, 621, -1
733, 226, -1
837, 509, -1
146, 128, -1
722, 150, -1
1336, 385, -1
1124, 621, -1
264, 650, -1
226, 1124, -1
873, 621, -1
1336, 714, -1
128, 1052, -1
128, 689, -1
621, 1052, -1
128, 1473, -1
873, 1124, -1
226, 733, -1
386, 621, -1
837, 621, -1
650, 386, -1
264, 1052, -1
1328, 17, -1
92, 150, -1
1328, 264, -1
1336, 689, -1
385, 146, -1
873, 733, -1
1473, 264, -1
621, 17, -1
226, 650, -1
714, 1328, -1
386, 1328, -1
621, 386, -1
650, 1328, -1
733, 264, -1
1347, 1082, -1
650, 385, -1
1336, 17, -1
1082, 650, -1
1007, 650, -1
650, 873, -1
1347, 386, -1
689, 264, -1
226, 1177, -1
386, 650, -1
621, 733, -1
873, 1328, -1
1166, 17, -1
146, 385, -1
837, 650, -1
385, 1176, -1
1166, 386, -1
92, 1082, -1
621, 873, -1
650, 128, -1
146, 650, -1
150, 92, -1
1082, 1177, -1
621, 226, -1
1166, 837, -1
837, 146, -1
92, 386, -1
385, 1328, -1
650, 689, -1
150, 650, -1
714, 1177, -1
386, 1177, -1
650, 1473, -1
650, 1177, -1
226, 1176, -1
1347, 226, -1
1166, 873, -1
1166, 92, -1
1347, 650, -1
150, 146, -1
621, 509, -1
1007, 386, -1
873, 1176, -1
1082, 1176, -1
226, 1328, -1
650, 17, -1
714, 1176, -1
386, 1176, -1
650, 1176, -1
621, 1082, -1
837, 1176, -1
92, 650, -1
1082, 1328, -1

71, 1347, 1
71, 1124, 1
71, 92, 1
71, 1007, 1
71, 733, 1
71, 146, 1
71, 1328, 1
71, 689, 1
71, 722, 1
71, 1473, 1
71, 1052, 1
71, 1176, 1
71, 509, 1
71, 1177, 1
1175, 1347, 1
1175, 1124, 1
1175, 92, 1
1175, 1007, 1
1175, 733, 1
1175, 146, 1
1175, 1328, 1
1175, 689, 1
1175, 722, 1
1175, 1473, 1
1175, 1052, 1
1175, 1176, 1
1175, 509, 1
1175, 1177, 1
1175, 71, 1
940, 264, 1
940, 1082, 1
940, 128, 1
940, 386, 1
940, 385, 1
940, 873, 1
940, 714, 1
940, 226, 1
940, 837, 1
940, 150, 1
940, 17, 1
1247, 264, 1
1247, 1082, 1
1247, 128, 1
1247, 386, 1
1247, 385, 1
1247, 873, 1
1247, 714, 1
1247, 226, 1
1247, 837, 1
1247, 150, 1
1247, 17, 1
1247, 940, 1
909, 264, 1
909, 1082, 1
909, 128, 1
909, 386, 1
909, 385, 1
909, 873, 1
909, 714, 1
909, 226, 1
909, 837, 1
909, 150, 1
909, 17, 1
909, 940, 1
909, 1247, 1
1328, 1176, 1
128, 1082, 1
1007, 733, 1
17, 714, 1
1176, 1328, 1
873, 150, 1
146, 1124, 1
1176, 71, 1
226, 909, 1
1082, 226, 1
1177, 689, 1
1177, 1473, 1
837, 150, 1
1176, 1175, 1
128, 837, 1
714, 226, 1
146, 733, 1
1473, 733, 1
385, 386, 1
264, 837, 1
226, 1247, 1
1124, 509, 1
1007, 509, 1
1473, 1007, 1
1347, 71, 1
1177, 1347, 1
128, 940, 1
873, 1247, 1
689, 71, 1
1176, 146, 1
264, 873, 1
1052, 733, 1
873, 1082, 1
1176, 1177, 1
1347, 1175, 1
1328, 1052, 1
1347, 92, 1
385, 150, 1
1328, 689, 1
837, 1247, 1
873, 17, 1
1473, 689, 1
1328, 1473, 1
146, 509, 1
1176, 722, 1
386, 1082, 1
689, 1175, 1
264, 128, 1
722, 1007, 1
17, 837, 1
1082, 386, 1
714, 386, 1
1177, 92, 1
150, 1247, 1
385, 909, 1
689, 146, 1
1176, 1124, 1
226, 940, 1
1328, 1347, 1
1052, 509, 1
1473, 1347, 1
689, 1177, 1
386, 837, 1
873, 385, 1
1082, 150, 1
385, 1247, 1
1176, 733, 1
873, 940, 1
689, 722, 1
714, 150, 1
264, 386, 1
1177, 1052, 1
873, 714, 1
92, 1052, 1
509, 71, 1
386, 940, 1
722, 1347, 1
837, 940, 1
1082, 909, 1
1328, 92, 1
689, 1124, 1
1473, 92, 1
1124, 1052, 1
17, 940, 1
714, 909, 1
509, 1175, 1
128, 873, 1
226, 1082, 1
146, 1007, 1
689, 733, 1
128, 226, 1
1082, 1247, 1
1176, 509, 1
17, 386, 1
714, 1247, 1
264, 226, 1
722, 92, 1
1124, 733, 1
1473, 1052, 1
264, 909, 1
226, 837, 1
1177, 71, 1
1007, 1347, 1
92, 71, 1
385, 714, 1
940, 909, 1
873, 837, 1
1177, 1175, 1
264, 1247, 1
92, 1175, 1
1124, 71, 1
689, 509, 1
17, 873, 1
722, 1052, 1
940, 1247, 1
146, 1347, 1
17, 226, 1
1124, 1175, 1
1124, 92, 1
128, 386, 1
17, 909, 1
1007, 92, 1
1177, 146, 1
385, 1082, 1
1328, 71, 1
1473, 71, 1
386, 226, 1
385, 17, 1
1176, 1007, 1
733, 71, 1
1347, 1124, 1
1177, 722, 1
1328, 1175, 1
146, 92, 1
1473, 1175, 1
128, 150, 1
71, 1175, 1
264, 385, 1
385, 837, 1
733, 1175, 1
1007, 1052, 1
1052, 71, 1
1347, 733, 1
1176, 689, 1
722, 71, 1
264, 150, 1
1176, 1473, 1
226, 386, 1
1177, 1124, 1
1328, 146, 1
1052, 1175, 1
1473, 146, 1
128, 909, 1
1052, 92, 1
722, 1175, 1
1347, 1007, 1
714, 1082, 1
1328, 1177, 1
873, 386, 1
689, 1007, 1
146, 1052, 1
1473, 1177, 1
385, 940, 1
92, 733, 1
1176, 1347, 1
1328, 722, 1
128, 1247, 1
1473, 722, 1
1082, 837, 1
722, 146, 1
17, 150, 1
1347, 509, 1
689, 1473, 1
714, 837, 1
128, 17, 1
264, 1082, 1
1007, 71, 1
1328, 1124, 1
128, 264, 1
1473, 1124, 1
264, 17, 1
1082, 940, 1
873, 226, 1
386, 150, 1
1177, 509, 1
1007, 1175, 1
92, 509, 1
1176, 92, 1
1328, 733, 1
714, 940, 1
689, 1347, 1
873, 909, 1
146, 71, 1
509, 733, 1
722, 1124, 1
17, 1247, 1
1328, 1007, 1
128, 385, 1
386, 909, 1
837, 909, 1
17, 1082, 1
146, 1175, 1
722, 733, 1
1176, 1052, 1
264, 940, 1
128, 714, 1
386, 1247, 1
689, 92, 1
1328, 509, 1
264, 714, 1
1473, 509, 1
385, 873, 1
385, 226, 1
733, 509, 1
1177, 733, 1
1007, 1124, 1
17, 385, 1
226, 150, 1
1347, 1052, 1
722, 509, 1
1177, 1007, 1
689, 1052, 1
733, 722, 1
1473, 1176, 1
509, 1176, 1
1082, 873, 1
150, 386, 1
1124, 1007, 1
386, 385, 1
714, 873, 1
733, 1124, 1
92, 1473, 1
722, 1176, 1
1124, 1473, 1
1052, 1124, 1
714, 128, 1
689, 1328, 1
226, 17, 1
733, 1007, 1
1177, 1176, 1
150, 909, 1
92, 1007, 1
1052, 1007, 1
509, 1052, 1
873, 264, 1
509, 689, 1
1124, 1176, 1
509, 1473, 1
733, 689, 1
733, 1473, 1
386, 17, 1
837, 17, 1
226, 385, 1
722, 689, 1
722, 1473, 1
150, 17, 1
146, 1176, 1
509, 1347, 1
17, 128, 1
733, 1176, 1
385, 264, 1
1052, 1176, 1
1124, 689, 1
509, 92, 1
1082, 17, 1
146, 689, 1
1124, 1347, 1
1177, 1328, 1
146, 1473, 1
509, 1177, 1
714, 17, 1
733, 1052, 1
1347, 146, 1
1052, 1473, 1
1082, 385, 1
226, 128, 1
733, 1347, 1
714, 385, 1
92, 146, 1
386, 873, 1
837, 873, 1
1473, 1328, 1
873, 128, 1
689, 1176, 1
1124, 1177, 1
386, 128, 1
837, 128, 1
722, 1328, 1
733, 92, 1
509, 146, 1
733, 1177, 1
837, 386, 1
509, 722, 1
226, 873, 1
722, 1177, 1
509, 1124, 1
146, 1328, 1
1082, 128, 1
1347, 1176, 1
733, 1328, 1
1124, 146, 1
1007, 146, 1
150, 873, 1
509, 1007, 1
92, 1176, 1
17, 264, 1
1124, 722, 1
146, 1177, 1
733, 146, 1
385, 128, 1
1052, 146, 1
1347, 689, 1
1347, 1473, 1
1124, 1328, 1
71, 264, -1
71, 1082, -1
71, 128, -1
71, 386, -1
71, 385, -1
71, 873, -1
71, 714, -1
71, 226, -1
71, 837, -1
71, 150, -1
71, 17, -1
71, 621, -1
71, 650, -1
71, 1336, -1
71, 1166, -1
1175, 264, -1
1175, 1082, -1
1175, 128, -1
1175, 386, -1
1175, 385, -1
1175, 873, -1
1175, 714, -1
1175, 226, -1
1175, 837, -1
1175, 150, -1
1175, 17, -1
1175, 621, -1
1175, 650, -1
1175, 1336, -1
1175, 1166, -1
940, 621, -1
940, 650, -1
940, 1347, -1
940, 1124, -1
940, 92, -1
940, 1007, -1
940, 733, -1
940, 146, -1
940, 1328, -1
940, 689, -1
940, 722, -1
940, 1473, -1
940, 1052, -1
940, 1176, -1
940, 509, -1
940, 1177, -1
940, 71, -1
940, 1175, -1
940, 1336, -1
940, 1166, -1
1247, 621, -1
1247, 650, -1
1247, 1347, -1
1247, 1124, -1
1247, 92, -1
1247, 1007, -1
1247, 733, -1
1247, 146, -1
1247, 1328, -1
1247, 689, -1
1247, 722, -1
1247, 1473, -1
1247, 1052, -1
1247, 1176, -1
1247, 509, -1
1247, 1177, -1
1247, 71, -1
1247, 1175, -1
1247, 1336, -1
1247, 1166, -1
909, 621, -1
909, 650, -1
909, 1347, -1
909, 1124, -1
909, 92, -1
909, 1007, -1
909, 733, -1
909, 146, -1
909, 1328, -1
909, 689, -1
909, 722, -1
909, 1473, -1
909, 1052, -1
909, 1176, -1
909, 509, -1
909, 1177, -1
909, 71, -1
909, 1175, -1
909, 1336, -1
909, 1166, -1
1124, 150, -1
1007, 150, -1
385, 722, -1
650, 150, -1
621, 837, -1
1124, 909, -1
1007, 909, -1
1177, 1082, -1
509, 385, -1
873, 689, -1
1473, 150, -1
1347, 837, -1
650, 909, -1
1336, 837, -1
1177, 17, -1
621, 226, -1
650, 509, -1
689, 873, -1
689, 226, -1
1347, 940, -1
1336, 940, -1
722, 650, -1
1166, 1175, -1
17, 71, -1
386, 1347, -1
1177, 385, -1
226, 92, -1
1177, 650, -1
733, 17, -1
733, 264, -1
1328, 837, -1
837, 92, -1
264, 1124, -1
650, 1007, -1
509, 1166, -1
1328, 940, -1
264, 733, -1
1473, 940, -1
873, 1052, -1
17, 722, -1
733, 385, -1
722, 1166, -1
1176, 1247, -1
92, 837, -1
128, 1177, -1
1177, 1166, -1
146, 1082, -1
385, 689, -1
1336, 1177, -1
1176, 150, -1
386, 1175, -1
714, 650, -1
1336, 386, -1
509, 873, -1
873, 1177, -1
733, 1166, -1
509, 226, -1
386, 146, -1
1052, 1166, -1
733, 128, -1
1124, 386, -1
722, 226, -1
689, 714, -1
264, 1473, -1
621, 1082, -1
837, 1124, -1
1177, 226, -1
1328, 386, -1
509, 621, -1
1176, 837, -1
1473, 386, -1
385, 1052, -1
1082, 1166, -1
1177, 909, -1
1082, 1175, -1
1082, 92, -1
650, 71, -1
689, 1082, -1
714, 1166, -1
128, 1176, -1
264, 1347, -1
714, 1175, -1
1336, 17, -1
714, 92, -1
722, 621, -1
17, 689, -1
689, 17, -1
1336, 264, -1
1176, 940, -1
1336, 1176, -1
1177, 621, -1
733, 873, -1
386, 509, -1
128, 650, -1
733, 226, -1
1336, 385, -1
264, 650, -1
386, 621, -1
1328, 17, -1
1328, 264, -1
385, 1177, -1
733, 621, -1
1052, 621, -1
17, 1052, -1
1328, 385, -1
386, 1007, -1
1473, 385, -1
146, 150, -1
264, 1328, -1
128, 1166, -1
1328, 650, -1
128, 92, -1
621, 1175, -1
1124, 1247, -1
264, 1166, -1
509, 714, -1
1007, 1247, -1
264, 1175, -1
1347, 1166, -1
146, 909, -1
689, 1166, -1
650, 1247, -1
1336, 1175, -1
1336, 92, -1
1082, 621, -1
722, 714, -1
714, 621, -1
1336, 128, -1
264, 146, -1
1473, 1247, -1
1082, 1124, -1
1176, 386, -1
714, 1124, -1
509, 1082, -1
1082, 733, -1
146, 621, -1
1177, 714, -1
873, 92, -1
714, 733, -1
722, 1082, -1
1082, 1007, -1
714, 1007, -1
17, 1177, -1
1328, 1166, -1
689, 150, -1
733, 714, -1
621, 909, -1
1336, 873, -1
1336, 226, -1
385, 650, -1
1176, 264, -1
689, 909, -1
264, 509, -1
1124, 837, -1
92, 1166, -1
226, 1166, -1
1007, 837, -1
226, 1175, -1
733, 1082, -1
650, 837, -1
128, 621, -1
386, 71, -1
1166, 1247, -1
1124, 940, -1
264, 621, -1
1176, 385, -1
128, 1124, -1
1007, 940, -1
1473, 837, -1
837, 1166, -1
1347, 621, -1
837, 1175, -1
689, 621, -1
650, 940, -1
1176, 650, -1
128, 733, -1
1328, 873, -1
1473, 873, -1
1336, 1124, -1
1328, 226, -1
150, 1166, -1
150, 1175, -1
150, 92, -1
128, 1007, -1
1336, 733, -1
650, 1052, -1
264, 1007, -1
385, 1166, -1
385, 92, -1
1336, 1007, -1
1082, 1347, -1
714, 1347, -1
1175, 909, -1
1328, 621, -1
1082, 71, -1
92, 909, -1
226, 509, -1
509, 150, -1
92, 621, -1
226, 621, -1
837, 509, -1
722, 150, -1
509, 909, -1
226, 1124, -1
1336, 714, -1
128, 1473, -1
226, 733, -1
722, 909, -1
837, 621, -1
650, 386, -1
1177, 150, -1
17, 92, -1
1336, 1473, -1
226, 1007, -1
128, 1347, -1
1336, 1082, -1
837, 733, -1
1176, 873, -1
1176, 226, -1
1336, 1347, -1
837, 1007, -1
621, 71, -1
873, 1473, -1
385, 1124, -1
264, 71, -1
1082, 146, -1
1328, 714, -1
733, 150, -1
714, 146, -1
150, 1007, -1
385, 733, -1
1052, 150, -1
1124, 17, -1
1124, 264, -1
733, 909, -1
146, 1247, -1
1336, 689, -1
1328, 1082, -1
1473, 1082, -1
1052, 909, -1
1177, 940, -1
1473, 17, -1
264, 722, -1
1124, 385, -1
873, 650, -1
128, 1328, -1
1082, 509, -1
128, 1175, -1
1473, 650, -1
1336, 1328, -1
714, 509, -1
386, 1052, -1
226, 1347, -1
128, 146, -1
226, 71, -1
621, 1247, -1
1336, 146, -1
509, 386, -1
1124, 1166, -1
689, 1247, -1
385, 1473, -1
873, 1166, -1
1007, 1166, -1
873, 1175, -1
837, 71, -1
146, 837, -1
650, 92, -1
1124, 128, -1
1176, 714, -1
385, 1347, -1
1473, 1166, -1
1082, 1052, -1
146, 940, -1
621, 150, -1
714, 1052, -1
1177, 386, -1
1328, 128, -1
1347, 150, -1
1336, 150, -1
1176, 1082, -1
128, 509, -1
1176, 17, -1
264, 689, -1
1347, 909, -1
1336, 909, -1
1336, 509, -1
1124, 873, -1
1175, 1247, -1
733, 386, -1
1124, 226, -1
17, 1473, -1
226, 146, -1
650, 226, -1
92, 1247, -1
1328, 150, -1
873, 509, -1
689, 837, -1
1473, 226, -1
621, 940, -1
17, 1347, -1
1328, 909, -1
1473, 909, -1
1124, 621, -1
689, 940, -1
873, 621, -1
1007, 621, -1
385, 1175, -1
128, 1052, -1
509, 1247, -1
873, 1124, -1
264, 1052, -1
92, 150, -1
650, 1124, -1
1336, 1052, -1
385, 146, -1
1473, 621, -1
873, 733, -1
146, 386, -1
722, 1247, -1
17, 650, -1
714, 71, -1
650, 733, -1
873, 1007, -1
1176, 1166, -1
1177, 1247, -1
1176, 128, -1
714, 722, -1
1175, 940, -1
264, 1177, -1
733, 1247, -1
17, 1166, -1
17, 1175, -1
385, 509, -1
1052, 1247, -1
621, 386, -1
386, 1166, -1
1124, 714, -1
509, 837, -1
17, 146, -1
386, 92, -1
226, 1052, -1
689, 386, -1
385, 621, -1
128, 71, -1
1176, 909, -1
722, 837, -1
509, 940, -1
1473, 714, -1
1336, 71, -1
837, 1052, -1
1124, 1082, -1
722, 940, -1
1177, 837, -1
650, 1082, -1
873, 1347, -1
385, 1007, -1
1176, 621, -1
650, 1347, -1
1177, 873, -1
873, 71, -1
128, 722, -1
1336, 722, -1
264, 1176, -1
17, 509, -1
733, 837, -1
146, 1166, -1
1052, 837, -1
17, 621, -1
733, 940, -1
873, 722, -1
689, 385, -1
17, 1124, -1
689, 650, -1
17, 733, -1
386, 1124, -1
17, 1007, -1
1347, 1247, -1
1336, 1247, -1
386, 733, -1
650, 1175, -1
722, 386, -1
150, 71, -1
873, 146, -1
146, 226, -1
650, 146, -1
264, 92, -1
385, 71, -1
1328, 1247, -1
128, 689, -1
71, 1247, -1
509, 17, -1
714, 1328, -1
1347, 1082, -1
226, 689, -1
226, 1473, -1
386, 650, -1
92, 1082, -1
621, 873, -1
1082, 1177, -1
92, 17, -1
509, 650, -1
1177, 264, -1
386, 689, -1
386, 1473, -1
714, 1177, -1
722, 385, -1
1166, 71, -1
226, 1176, -1
1166, 873, -1
621, 146, -1
17, 1328, -1
873, 1176, -1
1347, 128, -1
689, 128, -1
650, 1176, -1
837, 1176, -1
1473, 264, -1
226, 650, -1
621, 1124, -1
1124, 650, -1
650, 385, -1
1007, 650, -1
1052, 17, -1
1347, 386, -1
722, 17, -1
621, 733, -1
146, 385, -1
837, 650, -1
385, 1176, -1
1166, 386, -1
146, 650, -1
650, 689, -1
150, 650, -1
650, 1473, -1
509, 128, -1
733, 650, -1
1347, 873, -1
1347, 226, -1
1052, 650, -1
621, 509, -1
1082, 1176, -1
650, 17, -1
714, 1176, -1
92, 873, -1
1166, 909, -1
146, 17, -1
386, 1328, -1
1177, 128, -1
92, 128, -1
1052, 1082, -1
1082, 650, -1
689, 264, -1
226, 1177, -1
1082, 689, -1
1082, 1473, -1
837, 146, -1
714, 689, -1
92, 386, -1
621, 1007, -1
714, 1473, -1
386, 1177, -1
1473, 128, -1
722, 873, -1
1052, 940, -1
1166, 1007, -1
226, 1328, -1
1052, 128, -1
722, 128, -1
873, 1328, -1
621, 17, -1
621, 1347, -1
650, 1328, -1
1347, 17, -1
650, 873, -1
1052, 386, -1
1166, 17, -1
146, 873, -1
621, 92, -1
650, 128, -1
1166, 837, -1
385, 1328, -1
650, 1177, -1
146, 128, -1
17, 1176, -1
1052, 873, -1
1166, 92, -1
1347, 650, -1
150, 146, -1
1166, 940, -1
1007, 386, -1
621, 1052, -1
386, 1176, -1
92, 650, -1
1082, 1328, -1

809, 264, 1
809, 1082, 1
809, 128, 1
809, 386, 1
809, 385, 1
809, 873, 1
809, 714, 1
809, 226, 1
809, 837, 1
809, 150, 1
809, 17, 1
809, 940, 1
809, 1247, 1
809, 909, 1
942, 264, 1
942, 1082, 1
942, 128, 1
942, 386, 1
942, 385, 1
942, 873, 1
942, 714, 1
942, 226, 1
942, 837, 1
942, 150, 1
942, 17, 1
942, 940, 1
942, 1247, 1
942, 909, 1
942, 809, 1
17, 714, 1
873, 150, 1
1082, 873, 1
226, 909, 1
1082, 226, 1
714, 873, 1
837, 150, 1
128, 837, 1
909, 17, 1
714, 226, 1
17, 942, 1
385, 386, 1
264, 837, 1
226, 1247, 1
940, 837, 1
264, 809, 1
128, 940, 1
873, 1247, 1
264, 873, 1
226, 17, 1
873, 1082, 1
940, 873, 1
385, 150, 1
873, 17, 1
837, 1247, 1
150, 909, 1
386, 1082, 1
264, 128, 1
17, 837, 1
1082, 386, 1
386, 17, 1
837, 17, 1
714, 386, 1
128, 942, 1
150, 1247, 1
385, 909, 1
226, 940, 1
386, 837, 1
150, 17, 1
909, 942, 1
873, 385, 1
1082, 150, 1
385, 1247, 1
873, 940, 1
714, 150, 1
264, 386, 1
873, 714, 1
386, 940, 1
1082, 909, 1
17, 940, 1
714, 909, 1
128, 809, 1
128, 873, 1
226, 1082, 1
1082, 1247, 1
809, 942, 1
128, 226, 1
17, 386, 1
386, 942, 1
714, 1247, 1
837, 942, 1
909, 873, 1
264, 226, 1
1082, 17, 1
264, 909, 1
226, 837, 1
714, 17, 1
385, 714, 1
940, 909, 1
873, 837, 1
264, 1247, 1
17, 809, 1
17, 873, 1
940, 1247, 1
17, 226, 1
128, 386, 1
17, 909, 1
714, 385, 1
385, 1082, 1
386, 873, 1
837, 873, 1
150, 837, 1
386, 226, 1
385, 17, 1
226, 942, 1
128, 150, 1
264, 385, 1
385, 837, 1
873, 942, 1
150, 940, 1
264, 150, 1
226, 386, 1
940, 150, 1
128, 909, 1
873, 386, 1
714, 1082, 1
385, 940, 1
150, 942, 1
128, 1247, 1
1082, 837, 1
17, 150, 1
226, 873, 1
714, 837, 1
128, 17, 1
264, 1082, 1
909, 1247, 1
128, 264, 1
385, 942, 1
873, 809, 1
264, 17, 1
1082, 940, 1
386, 150, 1
873, 226, 1
940, 17, 1
714, 940, 1
873, 909, 1
17, 1247, 1
128, 385, 1
17, 1082, 1
386, 909, 1
837, 909, 1
150, 873, 1
1082, 942, 1
128, 714, 1
264, 940, 1
714, 942, 1
386, 1247, 1
909, 150, 1
385, 809, 1
385, 873, 1
264, 714, 1
385, 226, 1
264, 942, 1
17, 385, 1
226, 150, 1
128, 1082, 1
940, 942, 1
1082, 385, 1
1082, 809, 1
940, 1082, 1
150, 386, 1
226, 128, 1
17, 128, 1
386, 385, 1
714, 809, 1
386, 809, 1
837, 809, 1
940, 386, 1
837, 940, 1
909, 386, 1
873, 128, 1
385, 264, 1
1082, 128, 1
714, 128, 1
386, 128, 1
837, 128, 1
150, 809, 1
940, 809, 1
17, 264, 1
909, 809, 1
1247, 386, 1
873, 264, 1
226, 809, 1
940, 128, 1
837, 386, 1
385, 128, 1
226, 385, 1
1247, 809, 1
450, 264, -1
450, 1082, -1
450, 128, -1
450, 386, -1
450, 385, -1
450, 873, -1
450, 714, -1
450, 226, -1
450, 837, -1
450, 150, -1
450, 17, -1
450, 940, -1
450, 1247, -1
450, 909, -1
450, 621, -1
450, 650, -1
450, 1347, -1
450, 1124, -1
450, 92, -1
450, 1007, -1
450, 733, -1
450, 146, -1
450, 1328, -1
450, 689, -1
450, 722, -1
450, 1473, -1
450, 1052, -1
450, 1176, -1
450, 509, -1
450, 1177, -1
450, 71, -1
450, 1175, -1
450, 1336, -1
450, 1166, -1
809, 621, -1
809, 650, -1
809, 1347, -1
809, 1124, -1
809, 92, -1
809, 1007, -1
809, 733, -1
809, 146, -1
809, 1328, -1
809, 689, -1
809, 722, -1
809, 1473, -1
809, 1052, -1
809, 1176, -1
809, 509, -1
809, 1177, -1
809, 71, -1
809, 1175, -1
809, 1336, -1
809, 1166, -1
809, 450, -1
942, 621, -1
942, 650, -1
942, 1347, -1
942, 1124, -1
942, 92, -1
942, 1007, -1
942, 733, -1
942, 146, -1
942, 1328, -1
942, 689, -1
942, 722, -1
942, 1473, -1
942, 1052, -1
942, 1176, -1
942, 509, -1
942, 1177, -1
942, 71, -1
942, 1175, -1
942, 1336, -1
942, 1166, -1
942, 450, -1
1124, 150, -1
385, 722, -1
650, 150, -1
1124, 909, -1
1177, 1082, -1
1473, 150, -1
873, 689, -1
650, 909, -1
1347, 837, -1
1336, 837, -1
1177, 17, -1
386, 1473, -1
714, 1177, -1
689, 873, -1
689, 226, -1
1336, 940, -1
1347, 940, -1
17, 71, -1
386, 1347, -1
1177, 385, -1
226, 92, -1
1328, 837, -1
264, 450, -1
264, 1124, -1
1177, 942, -1
940, 1124, -1
1328, 940, -1
264, 733, -1
873, 1052, -1
17, 722, -1
1473, 940, -1
940, 733, -1
909, 71, -1
1176, 1247, -1
1336, 809, -1
92, 837, -1
128, 1177, -1
1247, 71, -1
146, 1082, -1
1166, 909, -1
385, 689, -1
1176, 150, -1
386, 1175, -1
714, 650, -1
1336, 386, -1
1328, 809, -1
1473, 809, -1
873, 1177, -1
722, 226, -1
689, 714, -1
146, 942, -1
264, 1473, -1
940, 1473, -1
1177, 226, -1
1328, 386, -1
1176, 837, -1
1473, 386, -1
385, 1052, -1
1082, 1166, -1
1177, 909, -1
1082, 1175, -1
1082, 92, -1
689, 1082, -1
714, 1166, -1
450, 809, -1
264, 1347, -1
714, 1175, -1
1336, 17, -1
714, 92, -1
689, 17, -1
17, 689, -1
1336, 264, -1
1176, 940, -1
386, 509, -1
128, 650, -1
1336, 385, -1
264, 650, -1
621, 942, -1
386, 621, -1
1328, 17, -1
1328, 264, -1
689, 942, -1
385, 1177, -1
1176, 809, -1
226, 1473, -1
17, 1052, -1
1328, 385, -1
386, 1007, -1
1473, 385, -1
146, 150, -1
128, 1166, -1
128, 92, -1
1124, 1247, -1
264, 1166, -1
264, 1175, -1
146, 909, -1
940, 1166, -1
650, 1247, -1
940, 1175, -1
1082, 621, -1
714, 621, -1
1336, 128, -1
264, 146, -1
1473, 1247, -1
1082, 1124, -1
1176, 386, -1
714, 450, -1
714, 1124, -1
1082, 733, -1
1177, 714, -1
873, 92, -1
714, 733, -1
722, 1082, -1
1082, 1007, -1
714, 1007, -1
92, 942, -1
17, 1177, -1
689, 150, -1
1336, 873, -1
621, 909, -1
1336, 226, -1
385, 650, -1
509, 942, -1
1176, 264, -1
689, 909, -1
264, 509, -1
1124, 837, -1
226, 1166, -1
940, 509, -1
226, 1175, -1
650, 837, -1
722, 942, -1
128, 621, -1
386, 71, -1
1166, 1247, -1
128, 450, -1
264, 621, -1
1176, 385, -1
128, 1124, -1
1473, 837, -1
837, 1166, -1
940, 621, -1
837, 1175, -1
650, 940, -1
1328, 873, -1
128, 733, -1
1473, 873, -1
1328, 226, -1
150, 1166, -1
150, 1175, -1
1082, 1473, -1
150, 92, -1
128, 1007, -1
714, 1473, -1
385, 1166, -1
264, 1007, -1
385, 92, -1
940, 1007, -1
873, 450, -1
1082, 1347, -1
714, 1347, -1
733, 942, -1
1082, 71, -1
1052, 942, -1
92, 909, -1
226, 509, -1
509, 150, -1
1166, 837, -1
226, 621, -1
837, 509, -1
722, 150, -1
509, 909, -1
226, 1124, -1
1336, 714, -1
1166, 940, -1
128, 1473, -1
226, 733, -1
722, 909, -1
837, 621, -1
650, 386, -1
1177, 150, -1
17, 92, -1
226, 1007, -1
150, 621, -1
128, 1347, -1
1336, 1082, -1
837, 733, -1
150, 1124, -1
1176, 873, -1
1176, 226, -1
837, 1007, -1
150, 733, -1
385, 450, -1
385, 1124, -1
873, 1473, -1
264, 71, -1
1328, 714, -1
733, 150, -1
940, 71, -1
714, 146, -1
150, 1007, -1
386, 689, -1
385, 733, -1
1052, 150, -1
733, 909, -1
146, 1247, -1
1328, 1082, -1
1473, 1082, -1
1052, 909, -1
1177, 940, -1
1473, 17, -1
264, 722, -1
1336, 942, -1
1347, 942, -1
873, 650, -1
1082, 509, -1
128, 1175, -1
714, 509, -1
386, 1052, -1
17, 450, -1
226, 1347, -1
1328, 942, -1
128, 146, -1
1473, 942, -1
226, 71, -1
621, 1247, -1
1177, 809, -1
689, 1247, -1
385, 1473, -1
873, 1166, -1
873, 1175, -1
150, 1347, -1
837, 71, -1
146, 837, -1
1176, 714, -1
385, 1347, -1
1082, 1052, -1
146, 940, -1
621, 150, -1
714, 1052, -1
1177, 386, -1
1328, 128, -1
450, 942, -1
1336, 150, -1
1347, 150, -1
1176, 1082, -1
128, 509, -1
1176, 17, -1
264, 689, -1
1336, 909, -1
1347, 909, -1
1247, 1007, -1
17, 1473, -1
650, 226, -1
92, 1247, -1
1328, 150, -1
873, 509, -1
689, 837, -1
1473, 226, -1
17, 1347, -1
1328, 909, -1
1473, 909, -1
1176, 942, -1
689, 940, -1
873, 621, -1
385, 1175, -1
128, 1052, -1
509, 1247, -1
873, 1124, -1
264, 1052, -1
92, 150, -1
940, 1052, -1
385, 146, -1
873, 733, -1
146, 386, -1
722, 1247, -1
17, 650, -1
714, 71, -1
873, 1007, -1
226, 689, -1
1177, 1247, -1
1176, 128, -1
689, 809, -1
714, 722, -1
150, 509, -1
264, 1177, -1
733, 1247, -1
17, 1166, -1
17, 1175, -1
385, 509, -1
1052, 1247, -1
386, 1166, -1
17, 146, -1
386, 92, -1
226, 1052, -1
689, 386, -1
385, 621, -1
128, 71, -1
1176, 909, -1
722, 837, -1
1473, 714, -1
909, 1166, -1
909, 1175, -1
722, 940, -1
1177, 837, -1
650, 1082, -1
873, 1347, -1
150, 1052, -1
385, 1007, -1
1177, 873, -1
873, 71, -1
128, 722, -1
1247, 1175, -1
17, 509, -1
1082, 689, -1
1052, 837, -1
1124, 942, -1
714, 689, -1
17, 621, -1
873, 722, -1
689, 385, -1
650, 942, -1
17, 1124, -1
17, 733, -1
386, 1124, -1
17, 1007, -1
1347, 1247, -1
1336, 1247, -1
386, 733, -1
722, 386, -1
150, 71, -1
873, 146, -1
146, 226, -1
264, 92, -1
385, 71, -1
940, 92, -1
909, 1007, -1
1328, 1247, -1
128, 689, -1
1247, 650, -1
1007, 150, -1
1166, 942, -1
1347, 1082, -1
1175, 1082, -1
386, 650, -1
1175, 17, -1
1007, 909, -1
509, 385, -1
92, 1082, -1
621, 809, -1
1082, 146, -1
621, 873, -1
621, 226, -1
92, 17, -1
1177, 264, -1
509, 714, -1
722, 385, -1
909, 92, -1
1124, 17, -1
1124, 264, -1
1166, 809, -1
1166, 873, -1
1175, 940, -1
909, 650, -1
1347, 128, -1
689, 128, -1
940, 146, -1
509, 1082, -1
1247, 92, -1
1473, 264, -1
1124, 385, -1
226, 650, -1
733, 17, -1
1175, 942, -1
621, 386, -1
733, 264, -1
650, 385, -1
1124, 714, -1
837, 92, -1
1052, 17, -1
1347, 386, -1
722, 17, -1
146, 385, -1
837, 650, -1
1166, 386, -1
733, 385, -1
509, 940, -1
1175, 837, -1
150, 650, -1
837, 1052, -1
1124, 1082, -1
733, 714, -1
1347, 809, -1
1347, 873, -1
1175, 809, -1
1175, 873, -1
1175, 226, -1
650, 17, -1
92, 809, -1
92, 873, -1
1175, 128, -1
1007, 837, -1
909, 146, -1
146, 17, -1
509, 386, -1
733, 1082, -1
1177, 128, -1
92, 128, -1
1052, 1082, -1
1007, 940, -1
1082, 650, -1
689, 264, -1
1124, 128, -1
1247, 146, -1
1175, 386, -1
509, 809, -1
509, 873, -1
509, 226, -1
386, 146, -1
837, 146, -1
1007, 942, -1
92, 386, -1
733, 940, -1
1473, 128, -1
722, 809, -1
722, 873, -1
733, 128, -1
1124, 386, -1
1166, 150, -1
1052, 128, -1
722, 128, -1
1175, 909, -1
621, 1082, -1
837, 1124, -1
621, 17, -1
1124, 809, -1
1124, 873, -1
733, 386, -1
1124, 226, -1
650, 809, -1
1347, 17, -1
650, 873, -1
226, 146, -1
1052, 386, -1
1175, 264, -1
1166, 17, -1
146, 809, -1
146, 873, -1
650, 128, -1
733, 809, -1
621, 940, -1
733, 873, -1
733, 226, -1
146, 128, -1
1175, 385, -1
1052, 809, -1
1052, 873, -1
1175, 150, -1
940, 650, -1
150, 146, -1
1175, 714, -1
509, 17, -1

273, 1347, 1
273, 1124, 1
273, 92, 1
273, 1007, 1
273, 733, 1
273, 146, 1
273, 1328, 1
273, 689, 1
273, 722, 1
273, 1473, 1
273, 1052, 1
273, 1176, 1
273, 509, 1
273, 1177, 1
273, 71, 1
273, 1175, 1
968, 1347, 1
968, 1124, 1
968, 92, 1
968, 1007, 1
968, 733, 1
968, 146, 1
968, 1328, 1
968, 689, 1
968, 722, 1
968, 1473, 1
968, 1052, 1
968, 1176, 1
968, 509, 1
968, 1177, 1
968, 71, 1
968, 1175, 1
968, 273, 1
428, 621, 1
428, 650, 1
1063, 1347, 1
1063, 1124, 1
1063, 92, 1
1063, 1007, 1
1063, 733, 1
1063, 146, 1
1063, 1328, 1
1063, 689, 1
1063, 722, 1
1063, 1473, 1
1063, 1052, 1
1063, 1176, 1
1063, 509, 1
1063, 1177, 1
1063, 71, 1
1063, 1175, 1
1063, 273, 1
1063, 968, 1
1175, 689, 1
1328, 1176, 1
1007, 733, 1
1175, 1473, 1
1473, 1176, 1
1176, 1328, 1
509, 1176, 1
146, 1124, 1
1176, 71, 1
1124, 1007, 1
1177, 689, 1
1328, 968, 1
1177, 1473, 1
1176, 1175, 1
146, 733, 1
1473, 733, 1
722, 1176, 1
1175, 1347, 1
689, 1063, 1
1124, 1473, 1
1175, 273, 1
1124, 509, 1
1007, 509, 1
1473, 1007, 1
1347, 71, 1
689, 1328, 1
1177, 1347, 1
1176, 146, 1
71, 1007, 1
689, 71, 1
1052, 733, 1
733, 1007, 1
1177, 273, 1
1176, 1177, 1
968, 1063, 1
1177, 1176, 1
1347, 1175, 1
1328, 1052, 1
1347, 92, 1
689, 1175, 1
1328, 689, 1
92, 1007, 1
1328, 1473, 1
1473, 689, 1
146, 509, 1
1176, 722, 1
1052, 1007, 1
1175, 92, 1
722, 1007, 1
1124, 1176, 1
650, 621, 1
1177, 92, 1
689, 146, 1
1176, 1124, 1
722, 689, 1
1328, 1347, 1
722, 1473, 1
1052, 509, 1
1473, 1347, 1
689, 1177, 1
1175, 1052, 1
146, 1176, 1
1473, 273, 1
1176, 733, 1
689, 722, 1
733, 1176, 1
273, 1063, 1
1177, 1052, 1
92, 1052, 1
509, 71, 1
722, 1347, 1
1052, 1176, 1
689, 1124, 1
1328, 92, 1
1473, 92, 1
1347, 1063, 1
1124, 1052, 1
509, 1175, 1
1175, 1063, 1
146, 1007, 1
689, 733, 1
1328, 273, 1
1176, 509, 1
1175, 1328, 1
1175, 71, 1
1177, 1063, 1
92, 1063, 1
722, 92, 1
1124, 733, 1
146, 689, 1
1473, 1052, 1
1177, 1328, 1
146, 1473, 1
1177, 71, 1
1007, 1347, 1
92, 71, 1
1177, 1175, 1
1124, 71, 1
92, 1175, 1
689, 509, 1
1175, 146, 1
722, 1052, 1
146, 1347, 1
1175, 1177, 1
1124, 1175, 1
1328, 1063, 1
1176, 968, 1
1124, 92, 1
1473, 1063, 1
71, 1063, 1
1007, 92, 1
509, 1063, 1
1177, 146, 1
1175, 722, 1
1473, 1328, 1
1328, 71, 1
1473, 71, 1
689, 1176, 1
1176, 1007, 1
733, 71, 1
1347, 1124, 1
1177, 722, 1
146, 92, 1
722, 1063, 1
1473, 1175, 1
1328, 1175, 1
1175, 1124, 1
71, 1175, 1
733, 1175, 1
1007, 1052, 1
722, 1328, 1
1052, 71, 1
1347, 733, 1
722, 71, 1
1176, 689, 1
1176, 1473, 1
1175, 733, 1
1177, 1124, 1
1328, 146, 1
1052, 1175, 1
1473, 146, 1
722, 1175, 1
1052, 92, 1
1347, 1007, 1
1328, 1177, 1
146, 1052, 1
689, 1007, 1
1473, 1177, 1
92, 733, 1
1124, 1063, 1
1176, 1347, 1
1328, 722, 1
1473, 722, 1
1007, 1063, 1
1176, 273, 1
722, 146, 1
1347, 509, 1
689, 1473, 1
1175, 509, 1
722, 1177, 1
1007, 71, 1
1328, 1124, 1
1473, 1124, 1
146, 1063, 1
1007, 1175, 1
1177, 509, 1
92, 509, 1
1176, 92, 1
1328, 733, 1
733, 1063, 1
689, 1347, 1
146, 71, 1
509, 733, 1
1347, 1176, 1
689, 273, 1
273, 968, 1
722, 1124, 1
1175, 1176, 1
1328, 1007, 1
1052, 1063, 1
146, 1175, 1
1177, 1007, 1
509, 1007, 1
722, 733, 1
1175, 968, 1
1176, 1052, 1
92, 1176, 1
689, 92, 1
1328, 509, 1
1473, 509, 1
733, 509, 1
1175, 1007, 1
1177, 733, 1
1007, 1124, 1
1176, 1063, 1
1347, 1052, 1
722, 509, 1
1347, 689, 1
689, 1052, 1
1347, 1473, 1
733, 722, 1
1052, 1473, 1
509, 1347, 1
509, 273, 1
146, 273, 1
650, 428, 1
509, 1124, 1
733, 273, 1
733, 1347, 1
92, 146, 1
1473, 968, 1
733, 1124, 1
146, 968, 1
146, 1328, 1
92, 1473, 1
71, 968, 1
509, 968, 1
1347, 273, 1
722, 273, 1
1052, 273, 1
733, 968, 1
1124, 146, 1
733, 1328, 1
1052, 1124, 1
1124, 1177, 1
1124, 689, 1
71, 92, 1
509, 92, 1
1007, 146, 1
689, 968, 1
722, 968, 1
733, 92, 1
1347, 968, 1
1052, 968, 1
92, 273, 1
1124, 722, 1
71, 146, 1
509, 146, 1
509, 1052, 1
1177, 968, 1
1124, 273, 1
1124, 1347, 1
146, 1177, 1
92, 968, 1
509, 1473, 1
509, 689, 1
733, 689, 1
509, 1177, 1
733, 146, 1
733, 1052, 1
733, 1473, 1
733, 1177, 1
509, 722, 1
1347, 146, 1
1124, 968, 1
1052, 146, 1
1007, 968, 1
1124, 1328, 1
273, 264, -1
273, 1082, -1
273, 128, -1
273, 386, -1
273, 385, -1
273, 873, -1
273, 714, -1
273, 226, -1
273, 837, -1
273, 150, -1
273, 17, -1
273, 940, -1
273, 1247, -1
273, 909, -1
273, 809, -1
273, 942, -1
273, 621, -1
273, 650, -1
273, 1336, -1
273, 1166, -1
273, 450, -1
968, 264, -1
968, 1082, -1
968, 128, -1
968, 386, -1
968, 385, -1
968, 873, -1
968, 714, -1
968, 226, -1
968, 837, -1
968, 150, -1
968, 17, -1
968, 940, -1
968, 1247, -1
968, 909, -1
968, 809, -1
968, 942, -1
968, 621, -1
968, 650, -1
968, 1336, -1
968, 1166, -1
968, 450, -1
428, 264, -1
428, 1082, -1
428, 128, -1
428, 386, -1
428, 385, -1
428, 873, -1
428, 714, -1
428, 226, -1
428, 837, -1
428, 150, -1
428, 17, -1
428, 940, -1
428, 1247, -1
428, 909, -1
428, 809, -1
428, 942, -1
428, 1347, -1
428, 1124, -1
428, 92, -1
428, 1007, -1
428, 733, -1
428, 146, -1
428, 1328, -1
428, 689, -1
428, 722, -1
428, 1473, -1
428, 1052, -1
428, 1176, -1
428, 509, -1
428, 1177, -1
428, 71, -1
428, 1175, -1
428, 273, -1
428, 968, -1
428, 1336, -1
428, 1166, -1
428, 450, -1
1063, 264, -1
1063, 1082, -1
1063, 128, -1
1063, 386, -1
1063, 385, -1
1063, 873, -1
1063, 714, -1
1063, 226, -1
1063, 837, -1
1063, 150, -1
1063, 17, -1
1063, 940, -1
1063, 1247, -1
1063, 909, -1
1063, 809, -1
1063, 942, -1
1063, 621, -1
1063, 650, -1
1063, 428, -1
1063, 1336, -1
1063, 1166, -1
1063, 450, -1
1124, 150, -1
1007, 150, -1
385, 722, -1
650, 150, -1
809, 650, -1
1247, 1052, -1
621, 837, -1
1124, 909, -1
273, 428, -1
1007, 909, -1
1177, 1082, -1
1473, 150, -1
873, 689, -1
71, 150, -1
1347, 837, -1
650, 909, -1
1166, 1063, -1
1177, 17, -1
1347, 428, -1
650, 509, -1
722, 385, -1
1328, 1336, -1
1473, 1336, -1
689, 873, -1
689, 226, -1
1347, 940, -1
722, 650, -1
1166, 1175, -1
17, 71, -1
386, 1347, -1
1177, 385, -1
226, 92, -1
1177, 650, -1
733, 17, -1
809, 1175, -1
1328, 837, -1
809, 92, -1
1328, 428, -1
1052, 17, -1
1473, 428, -1
264, 1124, -1
1177, 942, -1
689, 450, -1
621, 733, -1
650, 1007, -1
509, 1166, -1
1328, 940, -1
264, 733, -1
1473, 940, -1
873, 1052, -1
17, 722, -1
940, 733, -1
909, 71, -1
1175, 837, -1
722, 1166, -1
509, 128, -1
1176, 1247, -1
1347, 809, -1
1175, 873, -1
92, 837, -1
942, 1007, -1
1175, 226, -1
128, 1177, -1
1177, 1166, -1
1247, 71, -1
92, 873, -1
386, 1063, -1
146, 17, -1
385, 689, -1
1336, 1177, -1
1177, 128, -1
1082, 650, -1
1176, 150, -1
386, 1175, -1
714, 650, -1
1328, 809, -1
1473, 809, -1
1175, 450, -1
71, 809, -1
809, 509, -1
509, 873, -1
873, 1177, -1
733, 1166, -1
1176, 1336, -1
386, 146, -1
1052, 1166, -1
722, 873, -1
733, 128, -1
722, 226, -1
809, 621, -1
689, 714, -1
146, 942, -1
1052, 128, -1
1166, 1007, -1
809, 1124, -1
264, 1473, -1
1177, 226, -1
1328, 386, -1
509, 621, -1
1176, 837, -1
1473, 386, -1
809, 733, -1
385, 1052, -1
1176, 428, -1
1177, 909, -1
1082, 1175, -1
128, 273, -1
650, 71, -1
1082, 92, -1
689, 1082, -1
128, 1176, -1
264, 1347, -1
714, 1175, -1
809, 1007, -1
1347, 17, -1
714, 92, -1
722, 621, -1
264, 273, -1
17, 689, -1
689, 17, -1
1176, 940, -1
1336, 273, -1
722, 450, -1
1336, 1176, -1
1177, 621, -1
733, 873, -1
386, 509, -1
128, 650, -1
942, 71, -1
146, 128, -1
264, 650, -1
1052, 873, -1
1336, 650, -1
940, 650, -1
1175, 714, -1
621, 942, -1
386, 621, -1
1328, 17, -1
1328, 264, -1
689, 942, -1
385, 1177, -1
733, 621, -1
621, 1063, -1
1176, 809, -1
1175, 1082, -1
1052, 621, -1
264, 1063, -1
17, 1052, -1
1328, 385, -1
1175, 17, -1
386, 1007, -1
1473, 385, -1
940, 1063, -1
146, 150, -1
264, 1328, -1
1328, 650, -1
621, 1166, -1
128, 92, -1
621, 1175, -1
1124, 1247, -1
92, 17, -1
1007, 1247, -1
264, 1175, -1
1347, 1166, -1
146, 909, -1
1166, 71, -1
689, 1166, -1
650, 1247, -1
940, 1175, -1
1336, 92, -1
1336, 1175, -1
1082, 621, -1
722, 714, -1
809, 1347, -1
714, 621, -1
1347, 128, -1
264, 146, -1
1473, 1247, -1
1082, 1124, -1
689, 128, -1
1176, 386, -1
714, 1124, -1
809, 71, -1
1082, 733, -1
146, 621, -1
1177, 714, -1
226, 650, -1
873, 92, -1
1175, 942, -1
714, 733, -1
722, 1082, -1
1082, 1007, -1
722, 17, -1
714, 1007, -1
450, 650, -1
92, 942, -1
17, 1177, -1
1328, 1166, -1
385, 273, -1
689, 150, -1
1347, 873, -1
621, 909, -1
1175, 1166, -1
621, 509, -1
385, 650, -1
509, 942, -1
1176, 264, -1
689, 909, -1
264, 509, -1
1124, 837, -1
809, 1063, -1
92, 1166, -1
940, 509, -1
1007, 837, -1
1124, 428, -1
837, 1063, -1
226, 1175, -1
1007, 428, -1
650, 837, -1
722, 942, -1
128, 621, -1
386, 71, -1
92, 128, -1
1124, 940, -1
264, 621, -1
1176, 385, -1
450, 1175, -1
128, 1124, -1
450, 92, -1
1007, 940, -1
1473, 837, -1
1347, 621, -1
940, 621, -1
1336, 621, -1
837, 1175, -1
689, 621, -1
1176, 650, -1
1328, 873, -1
128, 733, -1
1473, 873, -1
1336, 1124, -1
1328, 226, -1
809, 146, -1
150, 1175, -1
128, 1007, -1
1336, 733, -1
621, 1007, -1
650, 1052, -1
264, 1007, -1
385, 92, -1
1336, 1007, -1
940, 1007, -1
1082, 1347, -1
714, 1347, -1
722, 128, -1
733, 942, -1
1175, 909, -1
1328, 621, -1
1082, 71, -1
1328, 450, -1
1473, 450, -1
1052, 942, -1
1124, 809, -1
92, 909, -1
1007, 809, -1
226, 509, -1
1175, 621, -1
509, 150, -1
92, 621, -1
226, 621, -1
722, 150, -1
509, 909, -1
226, 1124, -1
450, 621, -1
128, 1473, -1
722, 909, -1
1082, 1063, -1
226, 733, -1
1177, 150, -1
450, 1124, -1
17, 92, -1
714, 1063, -1
1336, 1473, -1
226, 1007, -1
450, 733, -1
128, 1347, -1
1177, 1336, -1
1176, 873, -1
450, 1007, -1
1176, 226, -1
1336, 1347, -1
509, 17, -1
837, 1007, -1
621, 71, -1
873, 1473, -1
1082, 146, -1
385, 1124, -1
264, 71, -1
809, 1052, -1
1328, 714, -1
733, 150, -1
714, 146, -1
940, 71, -1
150, 1007, -1
385, 733, -1
1052, 150, -1
1124, 17, -1
733, 909, -1
1177, 428, -1
873, 273, -1
146, 1247, -1
1328, 1082, -1
1473, 1082, -1
1052, 909, -1
1176, 450, -1
428, 1063, -1
1177, 940, -1
1247, 92, -1
1473, 17, -1
264, 722, -1
1347, 942, -1
1124, 650, -1
128, 1063, -1
873, 650, -1
128, 1328, -1
1336, 1063, -1
1082, 509, -1
809, 1177, -1
128, 1175, -1
1473, 650, -1
1336, 1328, -1
714, 509, -1
386, 1052, -1
226, 1347, -1
1328, 942, -1
1473, 942, -1
128, 146, -1
873, 1063, -1
71, 942, -1
226, 71, -1
450, 1347, -1
621, 1247, -1
1177, 809, -1
1336, 146, -1
1124, 1166, -1
385, 1473, -1
689, 1247, -1
1007, 1166, -1
873, 1175, -1
837, 71, -1
146, 837, -1
650, 1166, -1
650, 92, -1
146, 428, -1
1124, 128, -1
1176, 714, -1
385, 1347, -1
1473, 1166, -1
264, 968, -1
71, 1166, -1
1082, 1052, -1
146, 940, -1
621, 150, -1
714, 1052, -1
1177, 386, -1
1328, 128, -1
1473, 128, -1
1347, 150, -1
809, 722, -1
1247, 1124, -1
226, 1063, -1
1176, 1082, -1
128, 509, -1
1176, 17, -1
264, 689, -1
1347, 909, -1
1247, 733, -1
689, 1336, -1
450, 1063, -1
1336, 509, -1
1247, 1007, -1
1124, 873, -1
1175, 1247, -1
150, 1063, -1
17, 1473, -1
226, 146, -1
92, 1247, -1
1328, 150, -1
146, 809, -1
873, 509, -1
689, 837, -1
385, 1063, -1
1473, 226, -1
450, 146, -1
689, 428, -1
17, 1347, -1
1328, 909, -1
1473, 909, -1
1176, 942, -1
17, 273, -1
1124, 621, -1
689, 940, -1
873, 621, -1
1175, 150, -1
1007, 621, -1
385, 1175, -1
128, 1052, -1
621, 1052, -1
509, 1247, -1
873, 1124, -1
264, 1052, -1
92, 150, -1
650, 1124, -1
1336, 1052, -1
940, 1052, -1
385, 146, -1
1473, 621, -1
873, 733, -1
722, 1247, -1
17, 650, -1
714, 71, -1
650, 733, -1
873, 1007, -1
1176, 1166, -1
386, 650, -1
1177, 1247, -1
1176, 128, -1
809, 689, -1
450, 509, -1
1175, 428, -1
1247, 1347, -1
689, 809, -1
17, 1063, -1
1175, 940, -1
264, 1177, -1
722, 1336, -1
733, 1247, -1
17, 1175, -1
385, 509, -1
1052, 1247, -1
17, 146, -1
509, 837, -1
386, 92, -1
226, 1052, -1
689, 386, -1
385, 621, -1
128, 71, -1
909, 1063, -1
1176, 909, -1
722, 837, -1
146, 650, -1
450, 1052, -1
722, 428, -1
1473, 714, -1
1336, 71, -1
1175, 809, -1
909, 1175, -1
722, 940, -1
1177, 837, -1
873, 1347, -1
385, 1007, -1
1176, 621, -1
650, 1347, -1
92, 809, -1
1177, 873, -1
873, 71, -1
128, 722, -1
1336, 722, -1
264, 1176, -1
17, 509, -1
1247, 146, -1
733, 837, -1
146, 1166, -1
1175, 386, -1
509, 809, -1
1052, 837, -1
1124, 942, -1
1007, 942, -1
1177, 450, -1
17, 621, -1
873, 722, -1
689, 385, -1
650, 942, -1
722, 809, -1
17, 1124, -1
689, 650, -1
17, 733, -1
386, 1124, -1
650, 1063, -1
17, 1007, -1
1347, 1247, -1
450, 71, -1
386, 733, -1
650, 1175, -1
722, 386, -1
1247, 509, -1
128, 968, -1
150, 71, -1
942, 1063, -1
146, 873, -1
873, 146, -1
809, 1473, -1
621, 92, -1
733, 809, -1
1336, 968, -1
650, 146, -1
264, 92, -1
385, 71, -1
940, 92, -1
1175, 385, -1
1052, 809, -1
942, 1175, -1
968, 428, -1
909, 1007, -1
1328, 1247, -1
1175, 650, -1
809, 273, -1
128, 689, -1
71, 1247, -1
1336, 689, -1
146, 386, -1
714, 1328, -1
386, 968, -1
837, 968, -1
1347, 1082, -1
837, 733, -1
226, 689, -1
226, 1473, -1
128, 428, -1
909, 273, -1
1082, 1177, -1
509, 650, -1
1336, 428, -1
509, 714, -1
386, 689, -1
386, 1473, -1
714, 1177, -1
226, 273, -1
909, 92, -1
226, 1176, -1
621, 146, -1
17, 1328, -1
873, 1176, -1
226, 968, -1
450, 273, -1
450, 1176, -1
650, 273, -1
940, 146, -1
650, 1176, -1
837, 273, -1
509, 1082, -1
873, 968, -1
809, 428, -1
1124, 385, -1
450, 968, -1
386, 428, -1
650, 968, -1
150, 273, -1
621, 1124, -1
1124, 714, -1
1007, 650, -1
837, 92, -1
1347, 386, -1
509, 428, -1
150, 968, -1
385, 1176, -1
733, 385, -1
509, 940, -1
942, 968, -1
450, 689, -1
450, 1473, -1
71, 650, -1
385, 968, -1
650, 689, -1
650, 1473, -1
733, 650, -1
1124, 1082, -1
733, 714, -1
1247, 1063, -1
1347, 226, -1
1052, 650, -1
1082, 273, -1
1082, 1176, -1
226, 428, -1
714, 273, -1
714, 1176, -1
146, 1082, -1
1082, 968, -1
873, 428, -1
809, 1328, -1
1247, 1175, -1
509, 386, -1
733, 1082, -1
509, 450, -1
450, 428, -1
714, 968, -1
386, 1328, -1
940, 1176, -1
226, 1177, -1
650, 940, -1
621, 968, -1
942, 273, -1
733, 428, -1
1082, 689, -1
1082, 1473, -1
940, 968, -1
150, 92, -1
509, 226, -1
714, 689, -1
1052, 428, -1
92, 386, -1
714, 1473, -1
385, 428, -1
733, 940, -1
386, 1177, -1
1166, 968, -1
942, 92, -1
1124, 386, -1
1124, 450, -1
1052, 940, -1
17, 968, -1
226, 1328, -1
940, 1473, -1
873, 1328, -1
1082, 428, -1
450, 1328, -1
71, 386, -1
714, 428, -1
621, 1347, -1
650, 1328, -1
733, 386, -1
733, 450, -1
621, 273, -1
1124, 226, -1
940, 1347, -1
1052, 386, -1
940, 273, -1
264, 428, -1
1166, 273, -1
146, 226, -1
909, 968, -1
837, 509, -1
385, 1328, -1
450, 1177, -1
733, 226, -1
650, 1177, -1
17, 1176, -1
1166, 92, -1
1347, 650, -1
17, 428, -1
1007, 386, -1
809, 1176, -1
386, 273, -1
386, 1176, -1
92, 650, -1
1082, 1328, -1
809, 968, -1

