575, 1229, 1
490, 1229, 1
490, 575, 1
1229, 575, 1
212, 1229, -1
171, 1229, -1
171, 212, -1
1394, 1229, -1
1394, 212, -1
1394, 171, -1
575, 212, -1
575, 171, -1
575, 1394, -1
490, 212, -1
490, 171, -1
490, 1394, -1
1394, 575, -1
1394, 490, -1
171, 575, -1
1229, 1394, -1
212, 575, -1

1249, 1229, 1
1249, 575, 1
1249, 490, 1
737, 171, 1
336, 171, 1
336, 737, 1
1315, 171, 1
1315, 737, 1
1315, 336, 1
737, 1315, 1
336, 1315, 1
1229, 575, 1
490, 575, 1
490, 1229, 1
1249, 212, -1
1249, 171, -1
1249, 1394, -1
737, 1229, -1
737, 575, -1
737, 490, -1
737, 1249, -1
737, 212, -1
737, 1394, -1
336, 1229, -1
336, 575, -1
336, 490, -1
336, 1249, -1
336, 212, -1
336, 1394, -1
1315, 1229, -1
1315, 575, -1
1315, 490, -1
1315, 1249, -1
1315, 212, -1
1315, 1394, -1
171, 1229, -1
212, 1229, -1
1394, 575, -1
490, 171, -1
1249, 1315, -1
490, 1315, -1
171, 212, -1
1394, 490, -1
490, 212, -1
171, 575, -1
1394, 1229, -1
1394, 171, -1
171, 1249, -1
212, 575, -1
1394, 1315, -1
1249, 737, -1
490, 737, -1
1229, 737, -1

94, 171, 1
94, 737, 1
94, 336, 1
94, 1315, 1
822, 171, 1
822, 737, 1
822, 336, 1
822, 1315, 1
822, 94, 1
39, 212, 1
336, 94, 1
336, 737, 1
737, 171, 1
336, 171, 1
737, 94, 1
737, 1315, 1
336, 1315, 1
1315, 822, 1
171, 822, 1
737, 822, 1
94, 822, 1
336, 822, 1
1315, 171, 1
171, 94, 1
1315, 94, 1
94, 1229, -1
94, 575, -1
94, 490, -1
94, 1249, -1
94, 212, -1
94, 1394, -1
822, 1229, -1
822, 575, -1
822, 490, -1
822, 1249, -1
822, 212, -1
822, 1394, -1
39, 1229, -1
39, 575, -1
39, 490, -1
39, 1249, -1
39, 171, -1
39, 737, -1
39, 336, -1
39, 1315, -1
39, 94, -1
39, 822, -1
39, 1394, -1
1394, 212, -1
1394, 822, -1
490, 171, -1
737, 1229, -1
490, 1315, -1
737, 39, -1
336, 1394, -1
336, 1229, -1
171, 1229, -1
1249, 171, -1
94, 39, -1
737, 490, -1
171, 39, -1
1249, 1315, -1
336, 39, -1
737, 212, -1
212, 575, -1
737, 575, -1
1394, 171, -1
1394, 1315, -1
1249, 94, -1
1315, 1229, -1
336, 490, -1
1315, 39, -1
212, 1229, -1
822, 39, -1
336, 212, -1
171, 212, -1
212, 94, -1
336, 575, -1
490, 212, -1
171, 575, -1
490, 822, -1
212, 822, -1
336, 1249, -1
1249, 737, -1
1249, 212, -1
1315, 212, -1
1315, 575, -1
1249, 822, -1
1229, 822, -1
737, 1394, -1
1229, 94, -1
1229, 39, -1
490, 94, -1
490, 39, -1
1315, 1394, -1
1394, 94, -1
1394, 39, -1
1315, 490, -1
1249, 39, -1

300, 1394, 1
707, 1229, 1
707, 575, 1
707, 490, 1
707, 1249, 1
263, 1229, 1
263, 575, 1
263, 490, 1
263, 1249, 1
263, 707, 1
55, 171, 1
55, 737, 1
55, 336, 1
55, 1315, 1
55, 94, 1
55, 822, 1
336, 171, 1
737, 94, 1
336, 1315, 1
1249, 263, 1
1229, 263, 1
707, 263, 1
1315, 171, 1
490, 1229, 1
336, 94, 1
171, 94, 1
575, 263, 1
490, 707, 1
737, 822, 1
1249, 1229, 1
1315, 94, 1
822, 94, 1
336, 737, 1
1249, 707, 1
171, 822, 1
490, 575, 1
94, 822, 1
336, 822, 1
1249, 490, 1
575, 1229, 1
737, 171, 1
737, 1315, 1
1249, 575, 1
1315, 822, 1
1229, 575, 1
490, 263, 1
1315, 55, 1
822, 171, 1
822, 55, 1
94, 737, 1
171, 55, 1
822, 1315, 1
94, 171, 1
737, 55, 1
94, 55, 1
336, 55, 1
94, 1315, 1
822, 336, 1
822, 737, 1
300, 1229, -1
300, 575, -1
300, 490, -1
300, 1249, -1
300, 212, -1
300, 39, -1
300, 171, -1
300, 737, -1
300, 336, -1
300, 1315, -1
300, 94, -1
300, 822, -1
707, 212, -1
707, 39, -1
707, 171, -1
707, 737, -1
707, 336, -1
707, 1315, -1
707, 94, -1
707, 822, -1
707, 1394, -1
707, 300, -1
263, 212, -1
263, 39, -1
263, 171, -1
263, 737, -1
263, 336, -1
263, 1315, -1
263, 94, -1
263, 822, -1
263, 1394, -1
263, 300, -1
55, 1229, -1
55, 575, -1
55, 490, -1
55, 1249, -1
55, 707, -1
55, 263, -1
55, 212, -1
55, 39, -1
55, 1394, -1
55, 300, -1
1394, 575, -1
737, 1229, -1
490, 1315, -1
336, 1394, -1
171, 1229, -1
1229, 171, -1
300, 263, -1
737, 575, -1
1394, 1315, -1
737, 1249, -1
300, 55, -1
212, 1229, -1
1315, 707, -1
336, 212, -1
171, 575, -1
1315, 490, -1
575, 94, -1
1249, 737, -1
1394, 707, -1
490, 300, -1
94, 263, -1
1229, 822, -1
212, 822, -1
1249, 300, -1
1315, 300, -1
490, 55, -1
1315, 263, -1
39, 94, -1
737, 707, -1
336, 1229, -1
1394, 263, -1
737, 490, -1
1249, 1315, -1
490, 94, -1
490, 39, -1
171, 707, -1
707, 55, -1
1394, 55, -1
1249, 94, -1
1249, 39, -1
1315, 39, -1
575, 55, -1
737, 300, -1
336, 575, -1
737, 263, -1
1394, 94, -1
1394, 39, -1
171, 300, -1
575, 39, -1
212, 575, -1
490, 171, -1
737, 39, -1
822, 263, -1
490, 1394, -1
1249, 55, -1
171, 39, -1
336, 707, -1
1249, 1394, -1
1394, 171, -1
336, 490, -1
1229, 94, -1
1229, 39, -1
94, 575, -1
490, 212, -1
1394, 1229, -1
490, 822, -1
336, 1249, -1
336, 300, -1
1249, 212, -1
1315, 212, -1
171, 263, -1
737, 1394, -1
1394, 212, -1
1394, 822, -1
575, 822, -1
212, 263, -1
1249, 171, -1
336, 39, -1
263, 55, -1
1229, 55, -1
737, 212, -1
1315, 1229, -1
39, 822, -1
212, 94, -1
171, 212, -1
822, 575, -1
1315, 575, -1
1394, 490, -1
1249, 822, -1
1315, 1249, -1
336, 263, -1
212, 300, -1
94, 1394, -1
94, 1229, -1
94, 39, -1
94, 707, -1
212, 55, -1
1315, 1394, -1
1229, 1394, -1
822, 1394, -1
822, 1229, -1
39, 575, -1
94, 490, -1
490, 737, -1
822, 39, -1
94, 212, -1
822, 707, -1
822, 490, -1
171, 1249, -1
94, 300, -1
39, 263, -1
1229, 737, -1
822, 212, -1
822, 1249, -1
822, 300, -1

978, 171, 1
978, 737, 1
978, 336, 1
978, 1315, 1
978, 94, 1
978, 822, 1
978, 55, 1
1099, 171, 1
1099, 737, 1
1099, 336, 1
1099, 1315, 1
1099, 94, 1
1099, 822, 1
1099, 55, 1
1099, 978, 1
865, 171, 1
865, 737, 1
865, 336, 1
865, 1315, 1
865, 94, 1
865, 822, 1
865, 55, 1
865, 978, 1
865, 1099, 1
171, 55, 1
336, 171, 1
737, 94, 1
94, 55, 1
336, 1315, 1
336, 55, 1
1315, 1099, 1
978, 1099, 1
1315, 171, 1
1315, 55, 1
336, 94, 1
822, 55, 1
171, 94, 1
737, 865, 1
737, 978, 1
737, 822, 1
1315, 94, 1
171, 737, 1
822, 94, 1
336, 978, 1
336, 737, 1
336, 865, 1
737, 1099, 1
171, 822, 1
94, 822, 1
336, 822, 1
1315, 737, 1
1315, 978, 1
1315, 865, 1
737, 171, 1
978, 865, 1
737, 1315, 1
737, 55, 1
1099, 865, 1
1315, 822, 1
336, 1099, 1
822, 171, 1
94, 978, 1
822, 865, 1
94, 737, 1
171, 865, 1
822, 1315, 1
94, 171, 1
822, 1099, 1
94, 865, 1
94, 1315, 1
94, 1099, 1
822, 336, 1
822, 978, 1
822, 737, 1
978, 1229, -1
978, 575, -1
978, 490, -1
978, 1249, -1
978, 707, -1
978, 263, -1
978, 212, -1
978, 39, -1
978, 1394, -1
978, 300, -1
1099, 1229, -1
1099, 575, -1
1099, 490, -1
1099, 1249, -1
1099, 707, -1
1099, 263, -1
1099, 212, -1
1099, 39, -1
1099, 1394, -1
1099, 300, -1
865, 1229, -1
865, 575, -1
865, 490, -1
865, 1249, -1
865, 707, -1
865, 263, -1
865, 212, -1
865, 39, -1
865, 1394, -1
865, 300, -1
737, 1229, -1
490, 1315, -1
336, 1394, -1
171, 1229, -1
94, 39, -1
737, 575, -1
1394, 1315, -1
737, 1249, -1
300, 55, -1
1315, 707, -1
336, 212, -1
171, 575, -1
171, 1249, -1
1315, 490, -1
1249, 737, -1
300, 94, -1
1249, 865, -1
94, 263, -1
1229, 822, -1
212, 822, -1
1315, 300, -1
1315, 263, -1
490, 55, -1
737, 707, -1
94, 1394, -1
55, 575, -1
336, 1229, -1
737, 490, -1
1249, 1315, -1
490, 94, -1
171, 707, -1
707, 55, -1
1394, 55, -1
1249, 94, -1
1315, 39, -1
737, 300, -1
822, 707, -1
336, 575, -1
707, 94, -1
737, 263, -1
1394, 94, -1
171, 300, -1
490, 1099, -1
490, 171, -1
737, 39, -1
822, 263, -1
300, 822, -1
1394, 1099, -1
1249, 55, -1
171, 39, -1
336, 707, -1
707, 171, -1
1315, 1394, -1
1394, 171, -1
336, 490, -1
1229, 94, -1
822, 39, -1
94, 575, -1
490, 822, -1
336, 1249, -1
1249, 978, -1
336, 300, -1
1315, 212, -1
55, 39, -1
171, 263, -1
737, 1394, -1
707, 822, -1
1394, 822, -1
1249, 1099, -1
171, 1394, -1
1249, 171, -1
336, 39, -1
1229, 55, -1
94, 707, -1
212, 55, -1
737, 212, -1
822, 1394, -1
1315, 1229, -1
55, 263, -1
171, 212, -1
212, 94, -1
822, 575, -1
1315, 575, -1
1249, 822, -1
336, 263, -1
1315, 1249, -1
300, 865, -1
39, 94, -1
575, 822, -1
94, 1229, -1
822, 1229, -1
94, 490, -1
39, 822, -1
490, 737, -1
263, 94, -1
490, 865, -1
94, 212, -1
822, 490, -1
575, 94, -1
94, 300, -1
212, 737, -1
1229, 865, -1
707, 737, -1
822, 212, -1
212, 865, -1
707, 865, -1
263, 822, -1
1394, 737, -1
822, 1249, -1
1394, 865, -1
300, 737, -1
822, 300, -1

14, 212, 1
14, 39, 1
701, 1229, 1
701, 575, 1
701, 490, 1
701, 1249, 1
701, 707, 1
701, 263, 1
434, 171, 1
434, 737, 1
434, 336, 1
434, 1315, 1
434, 94, 1
434, 822, 1
434, 55, 1
434, 978, 1
434, 1099, 1
434, 865, 1
1444, 212, 1
1444, 39, 1
1444, 14, 1
171, 55, 1
336, 171, 1
737, 94, 1
94, 55, 1
336, 1315, 1
336, 55, 1
1315, 1099, 1
1249, 263, 1
212, 1444, 1
1229, 263, 1
978, 1099, 1
707, 263, 1
865, 978, 1
865, 737, 1
1315, 171, 1
1315, 55, 1
336, 94, 1
978, 171, 1
822, 55, 1
171, 94, 1
978, 1315, 1
978, 55, 1
737, 978, 1
737, 865, 1
1099, 171, 1
1099, 1315, 1
1099, 55, 1
865, 822, 1
575, 263, 1
490, 707, 1
737, 822, 1
1315, 94, 1
822, 94, 1
336, 978, 1
1099, 94, 1
978, 94, 1
336, 737, 1
865, 1099, 1
1249, 707, 1
1229, 707, 1
336, 865, 1
737, 1099, 1
212, 39, 1
171, 822, 1
707, 575, 1
490, 575, 1
94, 822, 1
336, 822, 1
1249, 490, 1
1229, 490, 1
865, 171, 1
978, 737, 1
865, 1315, 1
865, 55, 1
212, 14, 1
737, 171, 1
978, 865, 1
263, 575, 1
737, 1315, 1
737, 55, 1
1315, 822, 1
1249, 575, 1
1229, 575, 1
336, 1099, 1
490, 263, 1
1229, 1249, 1
1099, 822, 1
978, 822, 1
865, 94, 1
1315, 434, 1
822, 434, 1
94, 171, 1
822, 1099, 1
978, 434, 1
94, 1315, 1
822, 336, 1
490, 1229, 1
822, 171, 1
822, 1315, 1
490, 701, 1
263, 1229, 1
1249, 1229, 1
171, 737, 1
94, 978, 1
263, 701, 1
1249, 701, 1
865, 434, 1
171, 865, 1
94, 737, 1
1229, 701, 1
94, 865, 1
737, 434, 1
707, 1229, 1
707, 701, 1
575, 1229, 1
1315, 737, 1
822, 978, 1
822, 737, 1
1315, 978, 1
1315, 865, 1
575, 701, 1
822, 865, 1
1099, 737, 1
1099, 865, 1
94, 434, 1
336, 434, 1
94, 1099, 1
978, 336, 1
14, 1229, -1
14, 575, -1
14, 490, -1
14, 1249, -1
14, 707, -1
14, 263, -1
14, 171, -1
14, 737, -1
14, 336, -1
14, 1315, -1
14, 94, -1
14, 822, -1
14, 55, -1
14, 978, -1
14, 1099, -1
14, 865, -1
14, 1394, -1
14, 300, -1
701, 212, -1
701, 39, -1
701, 14, -1
701, 171, -1
701, 737, -1
701, 336, -1
701, 1315, -1
701, 94, -1
701, 822, -1
701, 55, -1
701, 978, -1
701, 1099, -1
701, 865, -1
701, 1394, -1
701, 300, -1
434, 1229, -1
434, 575, -1
434, 490, -1
434, 1249, -1
434, 707, -1
434, 263, -1
434, 701, -1
434, 212, -1
434, 39, -1
434, 14, -1
434, 1394, -1
434, 300, -1
1444, 1229, -1
1444, 575, -1
1444, 490, -1
1444, 1249, -1
1444, 707, -1
1444, 263, -1
1444, 701, -1
1444, 171, -1
1444, 737, -1
1444, 336, -1
1444, 1315, -1
1444, 94, -1
1444, 822, -1
1444, 55, -1
1444, 978, -1
1444, 1099, -1
1444, 865, -1
1444, 434, -1
1444, 1394, -1
1444, 300, -1
1229, 1444, -1
822, 1444, -1
865, 39, -1
1394, 575, -1
978, 1444, -1
737, 1229, -1
490, 1315, -1
1229, 434, -1
1229, 1099, -1
212, 1099, -1
336, 1394, -1
171, 1229, -1
94, 39, -1
1229, 171, -1
300, 263, -1
212, 171, -1
171, 701, -1
737, 575, -1
865, 1444, -1
737, 1249, -1
490, 14, -1
94, 14, -1
300, 55, -1
978, 1229, -1
212, 1229, -1
1315, 707, -1
336, 212, -1
978, 701, -1
212, 701, -1
171, 575, -1
1315, 490, -1
1099, 490, -1
1249, 737, -1
1394, 707, -1
300, 94, -1
336, 1444, -1
300, 39, -1
490, 300, -1
1249, 865, -1
1394, 14, -1
978, 575, -1
865, 1394, -1
94, 263, -1
1229, 822, -1
212, 822, -1
865, 1229, -1
1249, 300, -1
1315, 300, -1
1099, 300, -1
865, 701, -1
1315, 263, -1
490, 55, -1
707, 300, -1
737, 707, -1
94, 1394, -1
55, 575, -1
336, 1229, -1
1394, 263, -1
737, 490, -1
1249, 1315, -1
865, 575, -1
490, 94, -1
865, 212, -1
336, 701, -1
490, 39, -1
171, 707, -1
707, 55, -1
1394, 55, -1
1249, 94, -1
1249, 39, -1
1315, 39, -1
575, 55, -1
737, 300, -1
94, 212, -1
978, 707, -1
336, 575, -1
707, 94, -1
737, 263, -1
1099, 707, -1
707, 39, -1
822, 14, -1
1394, 39, -1
1249, 14, -1
1315, 14, -1
39, 263, -1
978, 490, -1
1099, 14, -1
94, 1444, -1
1229, 737, -1
171, 300, -1
575, 39, -1
1229, 865, -1
707, 14, -1
490, 1099, -1
39, 55, -1
212, 575, -1
1229, 300, -1
978, 300, -1
490, 171, -1
300, 575, -1
737, 39, -1
822, 263, -1
300, 822, -1
1099, 263, -1
865, 490, -1
434, 1444, -1
737, 14, -1
171, 39, -1
1249, 55, -1
1229, 1315, -1
336, 707, -1
707, 171, -1
212, 1315, -1
1249, 1394, -1
1315, 1394, -1
865, 1249, -1
865, 300, -1
336, 490, -1
1229, 94, -1
171, 14, -1
1229, 39, -1
822, 39, -1
978, 39, -1
1099, 39, -1
94, 575, -1
490, 212, -1
490, 822, -1
212, 707, -1
336, 1249, -1
1249, 978, -1
1229, 14, -1
336, 300, -1
978, 14, -1
1249, 212, -1
490, 1444, -1
1315, 212, -1
55, 39, -1
171, 263, -1
707, 212, -1
737, 1394, -1
707, 822, -1
1249, 1444, -1
1315, 1444, -1
1394, 212, -1
1099, 1444, -1
737, 701, -1
1249, 434, -1
865, 707, -1
212, 300, -1
1249, 1099, -1
707, 1444, -1
978, 263, -1
212, 263, -1
171, 1394, -1
865, 14, -1
1394, 1444, -1
1249, 171, -1
263, 55, -1
336, 39, -1
1229, 55, -1
212, 55, -1
737, 212, -1
1229, 1394, -1
822, 1394, -1
978, 1394, -1
1099, 1394, -1
39, 575, -1
1315, 1229, -1
55, 263, -1
336, 14, -1
1099, 1229, -1
263, 39, -1
1315, 701, -1
737, 1444, -1
1099, 701, -1
865, 263, -1
212, 94, -1
171, 212, -1
1229, 978, -1
171, 1444, -1
822, 575, -1
1229, 212, -1
822, 212, -1
1315, 575, -1
1394, 490, -1
978, 212, -1
1099, 575, -1
1249, 822, -1
1099, 212, -1
336, 263, -1
300, 14, -1
300, 865, -1
1394, 822, -1
55, 14, -1
575, 822, -1
39, 94, -1
490, 1394, -1
1394, 1099, -1
94, 1229, -1
94, 701, -1
94, 707, -1
1394, 171, -1
1394, 1315, -1
822, 1229, -1
94, 490, -1
490, 978, -1
490, 737, -1
263, 94, -1
39, 822, -1
822, 701, -1
490, 865, -1
822, 707, -1
1394, 1229, -1
822, 490, -1
171, 1249, -1
1394, 701, -1
300, 1229, -1
1394, 94, -1
575, 94, -1
263, 14, -1
94, 300, -1
300, 701, -1
212, 737, -1
707, 737, -1
490, 434, -1
1394, 865, -1
212, 865, -1
707, 865, -1
263, 822, -1
1315, 1249, -1
1394, 737, -1
822, 1249, -1
978, 1249, -1
575, 14, -1
300, 737, -1
1099, 1249, -1
822, 300, -1
490, 336, -1
707, 1394, -1

884, 1229, 1
884, 575, 1
884, 490, 1
884, 1249, 1
884, 707, 1
884, 263, 1
884, 701, 1
291, 171, 1
291, 737, 1
291, 336, 1
291, 1315, 1
291, 94, 1
291, 822, 1
291, 55, 1
291, 978, 1
291, 1099, 1
291, 865, 1
291, 434, 1
366, 171, 1
366, 737, 1
366, 336, 1
366, 1315, 1
366, 94, 1
366, 822, 1
366, 55, 1
366, 978, 1
366, 1099, 1
366, 865, 1
366, 434, 1
366, 291, 1
901, 1229, 1
901, 575, 1
901, 490, 1
901, 1249, 1
901, 707, 1
901, 263, 1
901, 701, 1
901, 884, 1
94, 1315, 1
336, 55, 1
94, 366, 1
978, 1099, 1
434, 291, 1
865, 978, 1
737, 865, 1
490, 707, 1
263, 701, 1
434, 55, 1
865, 434, 1
336, 978, 1
865, 1099, 1
1229, 701, 1
1249, 707, 1
1229, 884, 1
434, 366, 1
1249, 490, 1
822, 737, 1
865, 171, 1
434, 94, 1
490, 901, 1
822, 865, 1
263, 575, 1
737, 1315, 1
701, 575, 1
336, 434, 1
1229, 575, 1
336, 1099, 1
490, 263, 1
822, 291, 1
1229, 1249, 1
1315, 291, 1
978, 822, 1
1249, 901, 1
1099, 291, 1
336, 171, 1
94, 55, 1
707, 901, 1
707, 263, 1
1315, 55, 1
822, 1315, 1
978, 1315, 1
1315, 366, 1
1099, 1315, 1
575, 263, 1
865, 822, 1
737, 291, 1
1315, 94, 1
434, 171, 1
1099, 94, 1
94, 978, 1
1229, 707, 1
336, 822, 1
1229, 490, 1
737, 55, 1
94, 434, 1
94, 1099, 1
737, 366, 1
701, 901, 1
1229, 901, 1
978, 291, 1
1315, 434, 1
434, 978, 1
171, 55, 1
94, 171, 1
737, 94, 1
1249, 263, 1
171, 366, 1
822, 336, 1
865, 737, 1
1315, 171, 1
490, 1229, 1
822, 55, 1
171, 94, 1
978, 55, 1
490, 701, 1
1099, 55, 1
490, 884, 1
822, 366, 1
978, 366, 1
434, 1099, 1
865, 291, 1
1099, 366, 1
822, 94, 1
336, 737, 1
978, 94, 1
336, 865, 1
737, 434, 1
737, 1099, 1
707, 701, 1
707, 884, 1
94, 822, 1
336, 291, 1
822, 978, 1
1315, 978, 1
865, 1315, 1
575, 701, 1
884, 901, 1
737, 171, 1
1315, 822, 1
865, 94, 1
822, 434, 1
822, 1099, 1
978, 434, 1
336, 1315, 1
1315, 1099, 1
336, 366, 1
701, 263, 1
1229, 263, 1
434, 822, 1
822, 171, 1
336, 94, 1
978, 171, 1
1099, 171, 1
737, 978, 1
737, 822, 1
1249, 1229, 1
94, 737, 1
434, 1315, 1
1249, 701, 1
1249, 884, 1
94, 865, 1
707, 1229, 1
291, 366, 1
171, 822, 1
490, 575, 1
94, 291, 1
1315, 737, 1
1315, 865, 1
865, 55, 1
1249, 575, 1
865, 366, 1
1099, 822, 1
707, 575, 1
978, 737, 1
1099, 737, 1
434, 865, 1
978, 865, 1
171, 865, 1
1099, 865, 1
575, 901, 1
263, 901, 1
575, 1229, 1
263, 1229, 1
434, 336, 1
701, 1229, 1
978, 336, 1
434, 737, 1
171, 737, 1
884, 212, -1
884, 39, -1
884, 14, -1
884, 1444, -1
884, 171, -1
884, 737, -1
884, 336, -1
884, 1315, -1
884, 94, -1
884, 822, -1
884, 55, -1
884, 978, -1
884, 1099, -1
884, 865, -1
884, 434, -1
884, 1394, -1
884, 300, -1
291, 1229, -1
291, 575, -1
291, 490, -1
291, 1249, -1
291, 707, -1
291, 263, -1
291, 701, -1
291, 884, -1
291, 212, -1
291, 39, -1
291, 14, -1
291, 1444, -1
291, 1394, -1
291, 300, -1
366, 1229, -1
366, 575, -1
366, 490, -1
366, 1249, -1
366, 707, -1
366, 263, -1
366, 701, -1
366, 884, -1
366, 212, -1
366, 39, -1
366, 14, -1
366, 1444, -1
366, 1394, -1
366, 300, -1
901, 212, -1
901, 39, -1
901, 14, -1
901, 1444, -1
901, 171, -1
901, 737, -1
901, 336, -1
901, 1315, -1
901, 94, -1
901, 822, -1
901, 55, -1
901, 978, -1
901, 1099, -1
901, 865, -1
901, 434, -1
901, 291, -1
901, 366, -1
901, 1394, -1
901, 300, -1
1229, 1444, -1
822, 1444, -1
865, 39, -1
1394, 575, -1
737, 1229, -1
366, 901, -1
978, 1444, -1
490, 1315, -1
1229, 434, -1
1229, 1099, -1
336, 1394, -1
434, 901, -1
434, 300, -1
171, 1229, -1
94, 39, -1
1229, 171, -1
300, 263, -1
171, 701, -1
737, 575, -1
1394, 1315, -1
865, 1444, -1
737, 1249, -1
490, 14, -1
94, 14, -1
300, 55, -1
978, 1229, -1
212, 1229, -1
1315, 707, -1
336, 212, -1
300, 366, -1
978, 701, -1
212, 701, -1
171, 575, -1
822, 490, -1
1315, 490, -1
1249, 737, -1
1394, 707, -1
300, 94, -1
336, 1444, -1
490, 300, -1
1249, 865, -1
434, 39, -1
701, 822, -1
865, 1394, -1
94, 263, -1
1229, 822, -1
1249, 291, -1
1444, 1229, -1
978, 575, -1
865, 1229, -1
212, 822, -1
1249, 300, -1
1444, 701, -1
1315, 300, -1
1315, 901, -1
822, 1249, -1
1099, 300, -1
865, 701, -1
434, 14, -1
865, 884, -1
1315, 263, -1
490, 55, -1
707, 300, -1
737, 707, -1
1394, 291, -1
490, 366, -1
94, 1394, -1
1394, 901, -1
55, 575, -1
336, 1229, -1
1394, 263, -1
737, 490, -1
1444, 575, -1
1249, 1315, -1
865, 575, -1
1444, 822, -1
1249, 366, -1
865, 212, -1
336, 701, -1
490, 94, -1
171, 707, -1
336, 884, -1
490, 39, -1
707, 55, -1
434, 263, -1
707, 366, -1
1394, 55, -1
1249, 94, -1
1249, 39, -1
1315, 39, -1
737, 901, -1
737, 300, -1
1394, 366, -1
575, 55, -1
94, 212, -1
822, 707, -1
978, 707, -1
336, 575, -1
707, 94, -1
737, 263, -1
1099, 707, -1
707, 39, -1
434, 1394, -1
1394, 94, -1
822, 14, -1
1249, 14, -1
1315, 14, -1
1099, 14, -1
171, 300, -1
171, 901, -1
978, 490, -1
1229, 737, -1
94, 1444, -1
300, 701, -1
434, 884, -1
575, 39, -1
1229, 865, -1
707, 14, -1
490, 1099, -1
212, 575, -1
1229, 291, -1
701, 300, -1
1229, 300, -1
822, 300, -1
822, 901, -1
978, 901, -1
978, 300, -1
1099, 901, -1
490, 171, -1
300, 575, -1
737, 39, -1
434, 212, -1
884, 366, -1
300, 822, -1
822, 263, -1
1444, 490, -1
1099, 263, -1
865, 490, -1
14, 263, -1
1394, 1099, -1
701, 55, -1
94, 1229, -1
434, 1444, -1
737, 14, -1
1249, 55, -1
171, 39, -1
94, 701, -1
701, 366, -1
336, 707, -1
1229, 1315, -1
1229, 366, -1
707, 171, -1
1249, 1394, -1
14, 55, -1
1315, 1394, -1
94, 884, -1
865, 1249, -1
1394, 171, -1
865, 300, -1
336, 490, -1
701, 94, -1
701, 39, -1
1229, 94, -1
171, 14, -1
1229, 39, -1
822, 39, -1
1315, 884, -1
978, 39, -1
1099, 39, -1
94, 575, -1
1394, 1229, -1
490, 212, -1
490, 822, -1
212, 707, -1
1394, 701, -1
336, 1249, -1
701, 14, -1
1249, 978, -1
1229, 14, -1
336, 300, -1
434, 1229, -1
1394, 884, -1
978, 14, -1
1249, 212, -1
1315, 212, -1
490, 1444, -1
434, 701, -1
55, 39, -1
171, 263, -1
1444, 94, -1
707, 212, -1
737, 1394, -1
707, 822, -1
1249, 1444, -1
1315, 1444, -1
1099, 1444, -1
1444, 707, -1
1394, 822, -1
737, 701, -1
1249, 434, -1
865, 707, -1
1249, 1099, -1
737, 884, -1
55, 14, -1
212, 901, -1
707, 1444, -1
434, 575, -1
978, 263, -1
212, 263, -1
865, 14, -1
291, 901, -1
1249, 171, -1
263, 55, -1
336, 39, -1
171, 884, -1
1229, 55, -1
94, 707, -1
212, 55, -1
737, 212, -1
1229, 1394, -1
822, 1394, -1
978, 1394, -1
212, 366, -1
1444, 901, -1
822, 1229, -1
94, 490, -1
865, 901, -1
1315, 1229, -1
55, 263, -1
1099, 1229, -1
336, 14, -1
822, 701, -1
1444, 263, -1
263, 39, -1
1315, 701, -1
737, 1444, -1
822, 884, -1
1099, 701, -1
865, 263, -1
978, 884, -1
171, 212, -1
1099, 884, -1
212, 94, -1
490, 291, -1
1444, 55, -1
94, 901, -1
94, 300, -1
1229, 978, -1
171, 1444, -1
336, 901, -1
1444, 366, -1
822, 575, -1
1229, 212, -1
822, 212, -1
434, 707, -1
1315, 575, -1
1394, 490, -1
1099, 575, -1
978, 212, -1
1249, 822, -1
1099, 212, -1
336, 263, -1
14, 575, -1
434, 490, -1
300, 865, -1
14, 901, -1
575, 822, -1
39, 94, -1
171, 1394, -1
1444, 737, -1
434, 1249, -1
490, 1394, -1
300, 901, -1
1444, 865, -1
55, 901, -1
263, 366, -1
1099, 1394, -1
39, 575, -1
490, 978, -1
490, 737, -1
263, 94, -1
39, 822, -1
490, 865, -1
39, 901, -1
14, 701, -1
575, 366, -1
575, 14, -1
171, 1249, -1
300, 1229, -1
263, 14, -1
575, 94, -1
1099, 490, -1
39, 263, -1
701, 865, -1
212, 737, -1
707, 737, -1
490, 434, -1
14, 865, -1
1394, 865, -1
707, 865, -1
263, 822, -1
212, 865, -1
1315, 1249, -1
1394, 737, -1
978, 1249, -1
39, 366, -1
300, 737, -1
1099, 1249, -1
490, 336, -1
701, 1394, -1
707, 1394, -1

289, 171, 1
289, 737, 1
289, 336, 1
289, 1315, 1
289, 94, 1
289, 822, 1
289, 55, 1
289, 978, 1
289, 1099, 1
289, 865, 1
289, 434, 1
289, 291, 1
289, 366, 1
352, 171, 1
352, 737, 1
352, 336, 1
352, 1315, 1
352, 94, 1
352, 822, 1
352, 55, 1
352, 978, 1
352, 1099, 1
352, 865, 1
352, 434, 1
352, 291, 1
352, 366, 1
352, 289, 1
278, 171, 1
278, 737, 1
278, 336, 1
278, 1315, 1
278, 94, 1
278, 822, 1
278, 55, 1
278, 978, 1
278, 1099, 1
278, 865, 1
278, 434, 1
278, 291, 1
278, 366, 1
278, 289, 1
278, 352, 1
366, 291, 1
94, 1315, 1
336, 55, 1
94, 366, 1
737, 289, 1
978, 1099, 1
822, 278, 1
434, 291, 1
865, 978, 1
978, 278, 1
1099, 278, 1
737, 865, 1
366, 55, 1
291, 1099, 1
366, 1315, 1
171, 737, 1
336, 978, 1
434, 55, 1
865, 434, 1
171, 865, 1
865, 1099, 1
291, 171, 1
822, 289, 1
366, 94, 1
434, 366, 1
822, 737, 1
865, 171, 1
978, 737, 1
434, 94, 1
1099, 737, 1
822, 865, 1
978, 865, 1
737, 1315, 1
1099, 865, 1
336, 434, 1
336, 1099, 1
822, 291, 1
1315, 291, 1
978, 822, 1
1099, 291, 1
336, 171, 1
94, 55, 1
291, 822, 1
1315, 55, 1
822, 1315, 1
289, 278, 1
978, 1315, 1
1099, 1315, 1
1315, 366, 1
865, 822, 1
291, 278, 1
434, 336, 1
1315, 94, 1
737, 291, 1
434, 171, 1
1099, 94, 1
94, 978, 1
336, 822, 1
865, 278, 1
737, 55, 1
94, 434, 1
94, 1099, 1
737, 366, 1
94, 278, 1
978, 291, 1
336, 278, 1
291, 737, 1
434, 978, 1
171, 55, 1
94, 171, 1
737, 94, 1
865, 289, 1
291, 865, 1
171, 366, 1
822, 336, 1
366, 1099, 1
1315, 336, 1
1099, 336, 1
865, 737, 1
1315, 171, 1
366, 278, 1
822, 55, 1
171, 94, 1
978, 55, 1
1099, 55, 1
822, 366, 1
336, 289, 1
434, 1099, 1
978, 366, 1
865, 291, 1
366, 171, 1
1099, 366, 1
434, 278, 1
822, 94, 1
336, 737, 1
978, 94, 1
291, 1315, 1
336, 865, 1
737, 434, 1
737, 1099, 1
94, 822, 1
336, 291, 1
822, 978, 1
291, 94, 1
737, 336, 1
865, 1315, 1
737, 171, 1
1315, 822, 1
366, 865, 1
822, 352, 1
865, 94, 1
366, 822, 1
434, 737, 1
289, 352, 1
434, 865, 1
822, 434, 1
822, 1099, 1
978, 434, 1
336, 1315, 1
1315, 1099, 1
336, 366, 1
1315, 278, 1
434, 822, 1
978, 336, 1
822, 171, 1
336, 94, 1
978, 171, 1
1099, 171, 1
737, 978, 1
94, 289, 1
737, 822, 1
291, 336, 1
94, 737, 1
434, 1315, 1
291, 55, 1
94, 865, 1
171, 822, 1
291, 366, 1
865, 336, 1
336, 352, 1
1315, 737, 1
94, 291, 1
737, 278, 1
352, 278, 1
1315, 865, 1
865, 55, 1
865, 366, 1
1099, 822, 1
171, 278, 1
1099, 352, 1
1315, 434, 1
434, 352, 1
291, 352, 1
291, 434, 1
171, 289, 1
865, 352, 1
737, 352, 1
55, 278, 1
1315, 289, 1
1099, 289, 1
978, 289, 1
366, 289, 1
171, 352, 1
1315, 978, 1
291, 289, 1
434, 289, 1
1315, 352, 1
55, 289, 1
978, 352, 1
291, 978, 1
289, 1229, -1
289, 575, -1
289, 490, -1
289, 1249, -1
289, 707, -1
289, 263, -1
289, 701, -1
289, 884, -1
289, 901, -1
289, 212, -1
289, 39, -1
289, 14, -1
289, 1444, -1
289, 1394, -1
289, 300, -1
352, 1229, -1
352, 575, -1
352, 490, -1
352, 1249, -1
352, 707, -1
352, 263, -1
352, 701, -1
352, 884, -1
352, 901, -1
352, 212, -1
352, 39, -1
352, 14, -1
352, 1444, -1
352, 1394, -1
352, 300, -1
278, 1229, -1
278, 575, -1
278, 490, -1
278, 1249, -1
278, 707, -1
278, 263, -1
278, 701, -1
278, 884, -1
278, 901, -1
278, 212, -1
278, 39, -1
278, 14, -1
278, 1444, -1
278, 1394, -1
278, 300, -1
822, 1444, -1
865, 39, -1
978, 1444, -1
737, 1229, -1
366, 300, -1
490, 1315, -1
366, 901, -1
336, 1394, -1
701, 278, -1
1229, 278, -1
291, 1444, -1
434, 901, -1
434, 300, -1
171, 1229, -1
94, 39, -1
14, 278, -1
171, 701, -1
737, 575, -1
1394, 1315, -1
865, 1444, -1
737, 1249, -1
94, 14, -1
300, 55, -1
978, 1229, -1
1315, 707, -1
1249, 289, -1
336, 212, -1
978, 701, -1
300, 366, -1
366, 39, -1
171, 575, -1
884, 822, -1
822, 490, -1
171, 1249, -1
291, 1229, -1
1249, 737, -1
300, 94, -1
336, 1444, -1
434, 39, -1
1249, 865, -1
291, 701, -1
366, 14, -1
291, 884, -1
94, 263, -1
978, 575, -1
865, 1394, -1
701, 822, -1
1229, 822, -1
901, 822, -1
1249, 291, -1
865, 1229, -1
212, 822, -1
978, 1249, -1
1315, 901, -1
1099, 1249, -1
1315, 300, -1
884, 278, -1
1099, 300, -1
434, 14, -1
865, 701, -1
865, 884, -1
1315, 263, -1
490, 55, -1
291, 575, -1
291, 212, -1
822, 1249, -1
737, 707, -1
1394, 291, -1
490, 366, -1
94, 1394, -1
55, 575, -1
366, 263, -1
336, 1229, -1
901, 278, -1
737, 490, -1
212, 278, -1
1249, 1315, -1
865, 575, -1
490, 94, -1
1249, 366, -1
336, 701, -1
865, 212, -1
1444, 822, -1
336, 884, -1
707, 55, -1
434, 263, -1
1394, 55, -1
707, 366, -1
1249, 94, -1
1315, 39, -1
737, 901, -1
737, 300, -1
1394, 366, -1
94, 212, -1
822, 707, -1
978, 707, -1
707, 94, -1
336, 575, -1
737, 263, -1
1099, 707, -1
366, 884, -1
1444, 278, -1
434, 1394, -1
1394, 94, -1
822, 14, -1
1315, 14, -1
1099, 14, -1
978, 490, -1
171, 300, -1
171, 901, -1
94, 1444, -1
434, 884, -1
490, 1099, -1
366, 212, -1
822, 901, -1
822, 300, -1
978, 901, -1
978, 300, -1
1099, 901, -1
490, 171, -1
737, 39, -1
366, 1444, -1
434, 212, -1
884, 366, -1
300, 822, -1
822, 263, -1
1099, 263, -1
865, 490, -1
291, 1249, -1
291, 300, -1
1394, 1099, -1
701, 55, -1
94, 1229, -1
884, 94, -1
434, 1444, -1
737, 14, -1
171, 39, -1
1249, 55, -1
94, 701, -1
701, 366, -1
336, 707, -1
707, 171, -1
14, 55, -1
901, 366, -1
1229, 366, -1
94, 884, -1
865, 1249, -1
1394, 171, -1
865, 300, -1
300, 278, -1
336, 490, -1
701, 94, -1
1229, 94, -1
171, 14, -1
901, 94, -1
1315, 884, -1
822, 39, -1
978, 39, -1
366, 1229, -1
1099, 39, -1
94, 575, -1
366, 701, -1
490, 822, -1
336, 1249, -1
1249, 978, -1
336, 300, -1
434, 1229, -1
978, 14, -1
1315, 212, -1
434, 701, -1
291, 707, -1
55, 39, -1
1444, 94, -1
171, 263, -1
366, 575, -1
737, 1394, -1
707, 822, -1
291, 14, -1
490, 278, -1
1315, 1444, -1
1099, 1444, -1
1394, 822, -1
737, 701, -1
1249, 434, -1
865, 707, -1
1249, 1099, -1
737, 884, -1
884, 55, -1
55, 14, -1
434, 575, -1
1249, 278, -1
978, 263, -1
434, 1249, -1
865, 14, -1
291, 901, -1
1249, 171, -1
336, 39, -1
707, 278, -1
171, 884, -1
1229, 55, -1
94, 707, -1
901, 55, -1
212, 55, -1
291, 263, -1
737, 212, -1
1394, 278, -1
822, 1394, -1
978, 1394, -1
212, 366, -1
822, 1229, -1
94, 490, -1
865, 901, -1
1315, 1229, -1
55, 263, -1
1099, 1229, -1
336, 14, -1
822, 701, -1
1315, 701, -1
737, 1444, -1
822, 884, -1
978, 884, -1
1099, 701, -1
865, 263, -1
212, 94, -1
1099, 884, -1
171, 212, -1
366, 707, -1
490, 291, -1
1444, 55, -1
94, 901, -1
94, 300, -1
171, 1444, -1
336, 901, -1
1444, 366, -1
822, 575, -1
291, 39, -1
822, 212, -1
434, 707, -1
1315, 575, -1
978, 212, -1
1099, 575, -1
1249, 822, -1
1099, 212, -1
336, 263, -1
1315, 1249, -1
434, 490, -1
1444, 289, -1
300, 865, -1
212, 352, -1
707, 352, -1
39, 94, -1
1394, 352, -1
575, 822, -1
171, 1394, -1
1444, 737, -1
300, 352, -1
1249, 336, -1
263, 278, -1
1444, 865, -1
171, 707, -1
490, 289, -1
263, 366, -1
884, 289, -1
1315, 1394, -1
1394, 336, -1
1444, 352, -1
291, 490, -1
575, 278, -1
1099, 1394, -1
366, 1394, -1
39, 822, -1
490, 737, -1
884, 737, -1
263, 94, -1
490, 865, -1
884, 865, -1
701, 289, -1
575, 366, -1
1229, 289, -1
901, 289, -1
14, 289, -1
212, 289, -1
707, 289, -1
291, 1394, -1
884, 352, -1
1315, 490, -1
575, 94, -1
1099, 490, -1
490, 352, -1
1394, 289, -1
39, 278, -1
300, 289, -1
212, 737, -1
701, 865, -1
707, 737, -1
1229, 865, -1
901, 865, -1
14, 865, -1
1394, 865, -1
707, 865, -1
212, 865, -1
263, 822, -1
1394, 737, -1
1249, 352, -1
490, 336, -1
39, 366, -1
300, 737, -1

1212, 171, 1
1212, 737, 1
1212, 336, 1
1212, 1315, 1
1212, 94, 1
1212, 822, 1
1212, 55, 1
1212, 978, 1
1212, 1099, 1
1212, 865, 1
1212, 434, 1
1212, 291, 1
1212, 366, 1
1212, 289, 1
1212, 352, 1
1212, 278, 1
557, 171, 1
557, 737, 1
557, 336, 1
557, 1315, 1
557, 94, 1
557, 822, 1
557, 55, 1
557, 978, 1
557, 1099, 1
557, 865, 1
557, 434, 1
557, 291, 1
557, 366, 1
557, 289, 1
557, 352, 1
557, 278, 1
557, 1212, 1
1428, 1394, 1
1428, 300, 1
336, 55, 1
94, 366, 1
737, 289, 1
352, 289, 1
978, 1099, 1
289, 434, 1
289, 1099, 1
822, 278, 1
865, 978, 1
978, 278, 1
434, 291, 1
1099, 278, 1
352, 737, 1
737, 865, 1
352, 865, 1
434, 1212, 1
366, 55, 1
289, 171, 1
291, 1099, 1
352, 291, 1
1212, 557, 1
291, 171, 1
336, 978, 1
434, 55, 1
865, 434, 1
865, 1099, 1
352, 1212, 1
366, 94, 1
434, 366, 1
865, 171, 1
434, 94, 1
737, 1315, 1
352, 1315, 1
289, 557, 1
352, 366, 1
336, 434, 1
336, 1099, 1
1315, 291, 1
978, 822, 1
289, 822, 1
1099, 291, 1
291, 557, 1
352, 94, 1
1315, 1212, 1
171, 1315, 1
336, 171, 1
1099, 1212, 1
94, 55, 1
291, 822, 1
1394, 300, 1
865, 557, 1
1315, 55, 1
289, 278, 1
978, 1315, 1
1315, 366, 1
1099, 1315, 1
865, 822, 1
291, 278, 1
1315, 94, 1
737, 291, 1
434, 171, 1
1099, 94, 1
336, 557, 1
737, 1212, 1
336, 822, 1
865, 278, 1
352, 336, 1
171, 291, 1
737, 55, 1
352, 55, 1
289, 737, 1
171, 1212, 1
289, 865, 1
737, 366, 1
94, 278, 1
978, 291, 1
434, 557, 1
289, 291, 1
336, 278, 1
434, 978, 1
171, 55, 1
737, 94, 1
865, 289, 1
978, 1212, 1
289, 1212, 1
171, 366, 1
865, 737, 1
1315, 171, 1
366, 278, 1
352, 978, 1
822, 55, 1
171, 94, 1
291, 1212, 1
978, 55, 1
1099, 55, 1
822, 366, 1
289, 1315, 1
978, 366, 1
336, 289, 1
289, 366, 1
865, 291, 1
1099, 366, 1
434, 1099, 1
434, 278, 1
865, 1212, 1
822, 94, 1
336, 737, 1
978, 94, 1
291, 1315, 1
289, 94, 1
336, 865, 1
737, 434, 1
352, 434, 1
737, 1099, 1
352, 1099, 1
94, 822, 1
1315, 557, 1
336, 291, 1
291, 94, 1
865, 1315, 1
737, 171, 1
352, 171, 1
336, 1212, 1
1315, 822, 1
865, 94, 1
366, 822, 1
978, 434, 1
336, 1315, 1
1315, 1099, 1
336, 366, 1
1315, 278, 1
434, 822, 1
336, 94, 1
978, 171, 1
737, 557, 1
352, 557, 1
1099, 171, 1
737, 978, 1
289, 55, 1
278, 55, 1
737, 822, 1
352, 822, 1
171, 557, 1
434, 1315, 1
291, 55, 1
171, 822, 1
291, 366, 1
336, 352, 1
737, 278, 1
352, 278, 1
978, 557, 1
865, 55, 1
1099, 557, 1
289, 978, 1
865, 366, 1
171, 1099, 1
1099, 822, 1
171, 278, 1
366, 291, 1
94, 1315, 1
366, 1212, 1
291, 352, 1
291, 434, 1
366, 1315, 1
865, 352, 1
171, 737, 1
55, 278, 1
171, 865, 1
822, 289, 1
1099, 289, 1
822, 737, 1
978, 737, 1
822, 865, 1
1099, 737, 1
978, 865, 1
1099, 865, 1
822, 291, 1
278, 822, 1
434, 352, 1
822, 1315, 1
171, 289, 1
434, 336, 1
94, 978, 1
978, 289, 1
278, 289, 1
291, 289, 1
94, 434, 1
94, 1099, 1
278, 865, 1
1315, 352, 1
55, 289, 1
291, 737, 1
1315, 434, 1
291, 865, 1
94, 171, 1
822, 1212, 1
822, 336, 1
366, 1099, 1
1315, 336, 1
1099, 336, 1
366, 171, 1
1394, 1428, 1
737, 352, 1
94, 557, 1
278, 94, 1
171, 352, 1
822, 978, 1
737, 336, 1
1315, 978, 1
366, 865, 1
366, 557, 1
822, 352, 1
978, 352, 1
289, 352, 1
434, 737, 1
1099, 352, 1
434, 865, 1
822, 434, 1
822, 1099, 1
978, 336, 1
289, 336, 1
822, 171, 1
94, 289, 1
291, 336, 1
278, 366, 1
94, 737, 1
1315, 289, 1
94, 865, 1
865, 336, 1
366, 289, 1
94, 291, 1
1315, 737, 1
822, 557, 1
1315, 865, 1
94, 1212, 1
434, 289, 1
291, 978, 1
1212, 1229, -1
1212, 575, -1
1212, 490, -1
1212, 1249, -1
1212, 707, -1
1212, 263, -1
1212, 701, -1
1212, 884, -1
1212, 901, -1
1212, 212, -1
1212, 39, -1
1212, 14, -1
1212, 1444, -1
1212, 1394, -1
1212, 300, -1
557, 1229, -1
557, 575, -1
557, 490, -1
557, 1249, -1
557, 707, -1
557, 263, -1
557, 701, -1
557, 884, -1
557, 901, -1
557, 212, -1
557, 39, -1
557, 14, -1
557, 1444, -1
557, 1394, -1
557, 300, -1
1428, 1229, -1
1428, 575, -1
1428, 490, -1
1428, 1249, -1
1428, 707, -1
1428, 263, -1
1428, 701, -1
1428, 884, -1
1428, 901, -1
1428, 212, -1
1428, 39, -1
1428, 14, -1
1428, 1444, -1
1428, 171, -1
1428, 737, -1
1428, 336, -1
1428, 1315, -1
1428, 94, -1
1428, 822, -1
1428, 55, -1
1428, 978, -1
1428, 1099, -1
1428, 865, -1
1428, 434, -1
1428, 291, -1
1428, 366, -1
1428, 289, -1
1428, 352, -1
1428, 278, -1
1428, 1212, -1
1428, 557, -1
865, 39, -1
171, 1428, -1
490, 1315, -1
352, 707, -1
94, 39, -1
1229, 171, -1
289, 1428, -1
212, 171, -1
1249, 289, -1
978, 701, -1
289, 884, -1
300, 94, -1
291, 701, -1
212, 557, -1
1444, 1394, -1
1394, 14, -1
978, 575, -1
94, 263, -1
1229, 822, -1
212, 822, -1
865, 1229, -1
291, 575, -1
490, 366, -1
352, 14, -1
336, 1229, -1
737, 490, -1
212, 278, -1
884, 289, -1
707, 94, -1
1099, 707, -1
1394, 94, -1
171, 901, -1
434, 884, -1
1229, 291, -1
822, 300, -1
978, 300, -1
1229, 1212, -1
490, 1394, -1
291, 300, -1
701, 55, -1
1229, 1315, -1
336, 707, -1
901, 94, -1
822, 39, -1
1315, 884, -1
978, 39, -1
434, 1229, -1
352, 1428, -1
1444, 94, -1
737, 884, -1
352, 884, -1
1249, 278, -1
978, 263, -1
865, 14, -1
291, 901, -1
291, 263, -1
212, 366, -1
289, 1394, -1
1444, 300, -1
1315, 1229, -1
336, 14, -1
1099, 701, -1
171, 212, -1
434, 707, -1
1099, 575, -1
289, 212, -1
978, 1444, -1
737, 1229, -1
701, 278, -1
291, 1444, -1
171, 701, -1
352, 901, -1
300, 55, -1
1444, 1099, -1
1315, 707, -1
289, 701, -1
278, 701, -1
171, 575, -1
865, 1428, -1
1394, 707, -1
490, 300, -1
1249, 865, -1
366, 14, -1
490, 1212, -1
289, 575, -1
278, 575, -1
1099, 300, -1
434, 14, -1
336, 1428, -1
865, 884, -1
291, 212, -1
737, 707, -1
1249, 366, -1
336, 884, -1
707, 55, -1
1394, 55, -1
884, 865, -1
822, 14, -1
1315, 14, -1
978, 490, -1
171, 300, -1
300, 701, -1
1229, 737, -1
490, 1099, -1
352, 1394, -1
300, 557, -1
289, 300, -1
1099, 901, -1
300, 575, -1
884, 366, -1
300, 822, -1
1099, 263, -1
1249, 55, -1
171, 39, -1
737, 14, -1
701, 366, -1
352, 212, -1
707, 171, -1
14, 55, -1
1249, 1394, -1
1394, 171, -1
300, 278, -1
1229, 94, -1
434, 1428, -1
1394, 701, -1
884, 352, -1
707, 557, -1
1394, 557, -1
171, 263, -1
707, 822, -1
1099, 1444, -1
1394, 822, -1
737, 701, -1
352, 701, -1
884, 55, -1
865, 707, -1
289, 901, -1
212, 300, -1
884, 1394, -1
289, 263, -1
278, 263, -1
1229, 336, -1
1315, 1428, -1
1249, 171, -1
707, 278, -1
352, 575, -1
1394, 278, -1
978, 884, -1
1249, 557, -1
1229, 978, -1
171, 1444, -1
291, 39, -1
737, 1428, -1
1249, 822, -1
1099, 212, -1
1212, 1428, -1
884, 171, -1
289, 1444, -1
366, 901, -1
1229, 434, -1
1229, 1099, -1
336, 1394, -1
300, 901, -1
434, 901, -1
14, 278, -1
300, 263, -1
1394, 1315, -1
352, 300, -1
94, 14, -1
884, 557, -1
978, 1229, -1
336, 212, -1
300, 366, -1
884, 822, -1
291, 1229, -1
701, 822, -1
55, 701, -1
1249, 291, -1
1249, 300, -1
1315, 901, -1
884, 278, -1
865, 701, -1
352, 39, -1
1249, 1212, -1
1315, 263, -1
1394, 901, -1
55, 575, -1
1394, 263, -1
1249, 1315, -1
865, 575, -1
490, 94, -1
336, 701, -1
707, 366, -1
737, 901, -1
1394, 366, -1
978, 707, -1
336, 575, -1
1229, 289, -1
737, 263, -1
352, 263, -1
434, 1394, -1
884, 291, -1
884, 300, -1
289, 490, -1
884, 1315, -1
434, 212, -1
901, 366, -1
865, 300, -1
352, 1444, -1
1099, 39, -1
366, 701, -1
336, 300, -1
978, 14, -1
1315, 212, -1
434, 701, -1
55, 39, -1
366, 575, -1
737, 1394, -1
291, 14, -1
1394, 212, -1
434, 575, -1
336, 39, -1
171, 884, -1
901, 55, -1
737, 212, -1
55, 263, -1
865, 901, -1
1099, 1229, -1
822, 701, -1
1315, 701, -1
865, 263, -1
212, 94, -1
289, 39, -1
278, 39, -1
1444, 55, -1
94, 901, -1
336, 901, -1
822, 575, -1
1315, 575, -1
336, 263, -1
1394, 575, -1
366, 300, -1
1229, 278, -1
352, 490, -1
434, 300, -1
171, 1229, -1
978, 1428, -1
737, 575, -1
865, 1444, -1
352, 1249, -1
291, 1428, -1
289, 1229, -1
366, 39, -1
1444, 171, -1
1249, 737, -1
336, 1444, -1
300, 39, -1
434, 39, -1
291, 884, -1
865, 1394, -1
901, 822, -1
1315, 300, -1
490, 55, -1
707, 300, -1
1394, 291, -1
707, 1212, -1
1444, 557, -1
366, 263, -1
1394, 1212, -1
901, 278, -1
1444, 822, -1
865, 212, -1
171, 707, -1
434, 263, -1
1249, 94, -1
1315, 39, -1
884, 737, -1
737, 300, -1
289, 707, -1
1444, 278, -1
300, 1229, -1
1394, 39, -1
1099, 14, -1
1229, 865, -1
822, 901, -1
978, 901, -1
490, 171, -1
737, 39, -1
822, 263, -1
865, 490, -1
1394, 1099, -1
884, 94, -1
434, 1444, -1
94, 701, -1
1229, 366, -1
1444, 291, -1
336, 490, -1
701, 94, -1
171, 14, -1
490, 557, -1
94, 575, -1
1394, 1229, -1
490, 822, -1
1444, 1315, -1
336, 1249, -1
1249, 978, -1
289, 14, -1
291, 707, -1
1229, 352, -1
884, 336, -1
490, 278, -1
1315, 1444, -1
352, 1229, -1
1249, 434, -1
1249, 1099, -1
1099, 1428, -1
1229, 55, -1
212, 55, -1
978, 1394, -1
884, 978, -1
737, 1444, -1
1099, 884, -1
490, 291, -1
94, 300, -1
1444, 366, -1
884, 434, -1
978, 212, -1
884, 1099, -1
300, 14, -1
434, 490, -1
822, 1444, -1
212, 352, -1
1444, 352, -1
14, 289, -1
822, 490, -1
291, 1394, -1
1315, 490, -1
575, 94, -1
1099, 490, -1
263, 557, -1
14, 865, -1
263, 822, -1
822, 1249, -1
490, 336, -1
39, 366, -1
39, 94, -1
94, 1394, -1
300, 352, -1
263, 278, -1
366, 1394, -1
94, 212, -1
822, 707, -1
701, 289, -1
575, 366, -1
366, 884, -1
901, 289, -1
212, 289, -1
490, 352, -1
94, 1444, -1
701, 865, -1
212, 737, -1
901, 865, -1
212, 865, -1
366, 212, -1
1249, 352, -1
291, 490, -1
1444, 289, -1
94, 1428, -1
490, 1428, -1
707, 352, -1
366, 1444, -1
1394, 352, -1
1249, 336, -1
1444, 737, -1
1444, 865, -1
94, 1229, -1
366, 1428, -1
94, 884, -1
1315, 1394, -1
1394, 336, -1
366, 1229, -1
1394, 884, -1
39, 278, -1
278, 14, -1
300, 289, -1
300, 737, -1
300, 865, -1
55, 14, -1
575, 822, -1
171, 1394, -1
434, 1249, -1
1394, 1444, -1
822, 1428, -1
1249, 1428, -1
94, 707, -1
490, 289, -1
263, 366, -1
707, 1428, -1
822, 1394, -1
575, 278, -1
822, 1229, -1
1099, 1394, -1
94, 490, -1
39, 822, -1
490, 737, -1
263, 94, -1
822, 884, -1
490, 865, -1
366, 707, -1
707, 289, -1
1394, 289, -1
707, 737, -1
822, 212, -1
707, 865, -1
1394, 737, -1
1394, 865, -1

1152, 1229, 1
1152, 575, 1
1152, 490, 1
1152, 1249, 1
1152, 707, 1
1152, 263, 1
1152, 701, 1
1152, 884, 1
1152, 901, 1
130, 171, 1
130, 737, 1
130, 336, 1
130, 1315, 1
130, 94, 1
130, 822, 1
130, 55, 1
130, 978, 1
130, 1099, 1
130, 865, 1
130, 434, 1
130, 291, 1
130, 366, 1
130, 289, 1
130, 352, 1
130, 278, 1
130, 1212, 1
130, 557, 1
1028, 1229, 1
1028, 575, 1
1028, 490, 1
1028, 1249, 1
1028, 707, 1
1028, 263, 1
1028, 701, 1
1028, 884, 1
1028, 901, 1
1028, 1152, 1
336, 55, 1
94, 366, 1
737, 289, 1
352, 289, 1
884, 1028, 1
978, 1099, 1
289, 1099, 1
822, 278, 1
865, 978, 1
978, 278, 1
434, 291, 1
884, 1229, 1
1099, 278, 1
352, 737, 1
737, 865, 1
352, 865, 1
434, 1212, 1
291, 1099, 1
289, 171, 1
884, 701, 1
366, 55, 1
1152, 1028, 1
490, 707, 1
352, 291, 1
1212, 557, 1
336, 978, 1
291, 171, 1
1249, 707, 1
434, 55, 1
865, 1099, 1
352, 1212, 1
1229, 701, 1
901, 701, 1
366, 94, 1
884, 575, 1
434, 366, 1
1212, 822, 1
1249, 490, 1
865, 171, 1
978, 737, 1
490, 901, 1
434, 94, 1
978, 865, 1
263, 575, 1
289, 557, 1
701, 575, 1
737, 1315, 1
352, 1315, 1
1229, 575, 1
352, 366, 1
901, 575, 1
490, 263, 1
336, 434, 1
336, 1099, 1
1315, 291, 1
978, 822, 1
1249, 901, 1
289, 822, 1
1099, 291, 1
291, 557, 1
352, 94, 1
1315, 1212, 1
336, 171, 1
1099, 1212, 1
94, 55, 1
707, 901, 1
291, 822, 1
707, 263, 1
557, 822, 1
434, 352, 1
865, 557, 1
1315, 55, 1
289, 278, 1
978, 1315, 1
884, 707, 1
1099, 1315, 1
575, 263, 1
1315, 366, 1
865, 822, 1
291, 278, 1
884, 490, 1
434, 336, 1
737, 291, 1
1315, 94, 1
434, 171, 1
557, 278, 1
1099, 94, 1
336, 557, 1
737, 1212, 1
978, 289, 1
336, 822, 1
865, 278, 1
352, 336, 1
884, 1249, 1
737, 55, 1
289, 737, 1
352, 55, 1
171, 1212, 1
289, 865, 1
737, 366, 1
94, 278, 1
701, 901, 1
978, 291, 1
1229, 901, 1
289, 291, 1
434, 557, 1
336, 278, 1
434, 978, 1
171, 55, 1
865, 289, 1
737, 94, 1
1212, 366, 1
978, 1212, 1
289, 1212, 1
1249, 263, 1
171, 366, 1
490, 1028, 1
865, 737, 1
1315, 171, 1
490, 1229, 1
1212, 94, 1
366, 278, 1
352, 978, 1
822, 55, 1
291, 1212, 1
171, 94, 1
978, 55, 1
490, 701, 1
1099, 55, 1
490, 884, 1
822, 366, 1
336, 289, 1
289, 1315, 1
978, 366, 1
289, 366, 1
865, 291, 1
434, 1099, 1
1099, 366, 1
707, 1028, 1
434, 278, 1
865, 1212, 1
822, 94, 1
336, 737, 1
978, 94, 1
291, 1315, 1
289, 94, 1
336, 865, 1
352, 434, 1
737, 1099, 1
352, 1099, 1
707, 701, 1
707, 884, 1
94, 822, 1
1315, 557, 1
336, 291, 1
291, 94, 1
865, 1315, 1
171, 278, 1
884, 901, 1
737, 171, 1
557, 94, 1
352, 171, 1
336, 1212, 1
1315, 822, 1
884, 263, 1
865, 94, 1
366, 822, 1
434, 737, 1
434, 865, 1
1212, 55, 1
336, 1315, 1
1315, 1099, 1
336, 366, 1
701, 263, 1
1229, 263, 1
901, 263, 1
1315, 278, 1
434, 822, 1
737, 557, 1
978, 171, 1
352, 557, 1
336, 94, 1
1099, 171, 1
737, 978, 1
1249, 1028, 1
289, 55, 1
278, 55, 1
737, 822, 1
352, 822, 1
1249, 1229, 1
171, 557, 1
884, 1152, 1
1249, 701, 1
434, 1315, 1
291, 55, 1
1249, 884, 1
707, 1229, 1
557, 55, 1
171, 822, 1
291, 366, 1
490, 575, 1
557, 366, 1
336, 352, 1
737, 278, 1
352, 278, 1
978, 557, 1
865, 55, 1
1099, 557, 1
289, 978, 1
1249, 575, 1
865, 366, 1
434, 289, 1
1099, 822, 1
1212, 278, 1
707, 575, 1
366, 291, 1
1212, 171, 1
94, 1315, 1
366, 1212, 1
289, 434, 1
865, 130, 1
291, 352, 1
291, 434, 1
263, 1028, 1
1229, 1028, 1
366, 1315, 1
865, 352, 1
263, 1229, 1
701, 1229, 1
336, 130, 1
171, 737, 1
55, 278, 1
263, 701, 1
865, 434, 1
171, 865, 1
822, 289, 1
557, 171, 1
1229, 884, 1
1099, 289, 1
822, 737, 1
822, 865, 1
1099, 737, 1
1099, 865, 1
822, 291, 1
1229, 1249, 1
278, 822, 1
171, 1315, 1
575, 901, 1
822, 1315, 1
1212, 289, 1
171, 289, 1
94, 130, 1
1212, 737, 1
94, 978, 1
1212, 865, 1
1229, 707, 1
278, 289, 1
1229, 490, 1
171, 291, 1
366, 130, 1
291, 289, 1
94, 434, 1
94, 1099, 1
278, 865, 1
557, 289, 1
1315, 352, 1
55, 289, 1
434, 130, 1
291, 737, 1
1315, 434, 1
291, 865, 1
94, 171, 1
822, 1212, 1
557, 737, 1
557, 865, 1
822, 336, 1
366, 1099, 1
1315, 336, 1
1099, 336, 1
352, 130, 1
366, 171, 1
737, 352, 1
94, 557, 1
278, 94, 1
737, 434, 1
822, 130, 1
1212, 352, 1
575, 1229, 1
1315, 130, 1
171, 352, 1
822, 978, 1
1099, 130, 1
737, 336, 1
1315, 978, 1
575, 701, 1
366, 865, 1
366, 557, 1
822, 352, 1
978, 352, 1
289, 352, 1
263, 901, 1
1099, 352, 1
822, 434, 1
822, 1099, 1
978, 434, 1
978, 336, 1
289, 336, 1
822, 171, 1
737, 130, 1
94, 289, 1
291, 336, 1
278, 366, 1
94, 737, 1
1315, 289, 1
94, 865, 1
865, 336, 1
366, 289, 1
94, 291, 1
1315, 737, 1
822, 557, 1
978, 130, 1
1315, 865, 1
289, 130, 1
94, 1212, 1
171, 1099, 1
291, 130, 1
291, 978, 1
557, 130, 1
278, 130, 1
55, 130, 1
1212, 130, 1
1229, 1152, 1
171, 130, 1
568, 1229, -1
568, 575, -1
568, 490, -1
568, 1249, -1
568, 707, -1
568, 263, -1
568, 701, -1
568, 884, -1
568, 901, -1
568, 212, -1
568, 39, -1
568, 14, -1
568, 1444, -1
568, 171, -1
568, 737, -1
568, 336, -1
568, 1315, -1
568, 94, -1
568, 822, -1
568, 55, -1
568, 978, -1
568, 1099, -1
568, 865, -1
568, 434, -1
568, 291, -1
568, 366, -1
568, 289, -1
568, 352, -1
568, 278, -1
568, 1212, -1
568, 557, -1
568, 1394, -1
568, 300, -1
568, 1428, -1
1152, 212, -1
1152, 39, -1
1152, 14, -1
1152, 1444, -1
1152, 171, -1
1152, 737, -1
1152, 336, -1
1152, 1315, -1
1152, 94, -1
1152, 822, -1
1152, 55, -1
1152, 978, -1
1152, 1099, -1
1152, 865, -1
1152, 434, -1
1152, 291, -1
1152, 366, -1
1152, 289, -1
1152, 352, -1
1152, 278, -1
1152, 1212, -1
1152, 557, -1
1152, 1394, -1
1152, 300, -1
1152, 1428, -1
1152, 568, -1
130, 1229, -1
130, 575, -1
130, 490, -1
130, 1249, -1
130, 707, -1
130, 263, -1
130, 701, -1
130, 884, -1
130, 901, -1
130, 1152, -1
130, 212, -1
130, 39, -1
130, 14, -1
130, 1444, -1
130, 1394, -1
130, 300, -1
130, 1428, -1
130, 568, -1
1028, 212, -1
1028, 39, -1
1028, 14, -1
1028, 1444, -1
1028, 171, -1
1028, 737, -1
1028, 336, -1
1028, 1315, -1
1028, 94, -1
1028, 822, -1
1028, 55, -1
1028, 978, -1
1028, 1099, -1
1028, 865, -1
1028, 434, -1
1028, 291, -1
1028, 366, -1
1028, 289, -1
1028, 352, -1
1028, 278, -1
1028, 1212, -1
1028, 557, -1
1028, 130, -1
1028, 1394, -1
1028, 300, -1
1028, 1428, -1
1028, 568, -1
865, 39, -1
171, 1428, -1
490, 1315, -1
352, 707, -1
1249, 568, -1
171, 1028, -1
94, 39, -1
289, 1428, -1
289, 1028, -1
1249, 289, -1
978, 701, -1
212, 701, -1
289, 884, -1
1315, 490, -1
300, 94, -1
557, 1229, -1
1229, 557, -1
291, 701, -1
212, 557, -1
94, 263, -1
978, 575, -1
1229, 822, -1
865, 1229, -1
212, 822, -1
291, 575, -1
490, 366, -1
352, 14, -1
336, 1229, -1
737, 490, -1
212, 278, -1
884, 289, -1
1212, 490, -1
575, 55, -1
300, 1028, -1
707, 94, -1
1099, 707, -1
1428, 901, -1
1249, 14, -1
490, 352, -1
171, 901, -1
1428, 263, -1
434, 884, -1
1229, 300, -1
978, 300, -1
1428, 366, -1
1444, 490, -1
291, 300, -1
701, 55, -1
1315, 1028, -1
336, 707, -1
884, 14, -1
1394, 1028, -1
901, 94, -1
822, 39, -1
1229, 39, -1
1315, 884, -1
978, 39, -1
490, 212, -1
1249, 130, -1
701, 14, -1
1394, 884, -1
434, 1229, -1
352, 1428, -1
737, 1028, -1
352, 1028, -1
1444, 94, -1
557, 14, -1
212, 901, -1
737, 884, -1
352, 884, -1
1249, 278, -1
212, 263, -1
978, 263, -1
171, 1394, -1
865, 14, -1
1249, 1428, -1
291, 901, -1
291, 263, -1
212, 366, -1
289, 1394, -1
884, 130, -1
1315, 1229, -1
336, 14, -1
263, 39, -1
1099, 701, -1
171, 212, -1
434, 707, -1
1099, 575, -1
289, 212, -1
884, 1428, -1
978, 1444, -1
737, 1229, -1
701, 278, -1
1212, 1229, -1
291, 1444, -1
171, 701, -1
1428, 490, -1
352, 901, -1
300, 55, -1
1315, 707, -1
289, 701, -1
1428, 1249, -1
171, 575, -1
291, 1394, -1
865, 1428, -1
1394, 707, -1
490, 300, -1
1249, 865, -1
366, 14, -1
865, 1028, -1
490, 1212, -1
1444, 1229, -1
289, 575, -1
278, 575, -1
490, 336, -1
1099, 300, -1
434, 14, -1
336, 1428, -1
865, 884, -1
291, 212, -1
737, 707, -1
336, 1028, -1
568, 130, -1
1212, 707, -1
1249, 366, -1
490, 39, -1
336, 884, -1
707, 55, -1
1394, 55, -1
884, 865, -1
822, 14, -1
1315, 14, -1
978, 490, -1
300, 701, -1
171, 300, -1
568, 1028, -1
707, 14, -1
490, 1099, -1
352, 1394, -1
1249, 352, -1
212, 575, -1
291, 490, -1
300, 557, -1
289, 300, -1
1099, 901, -1
300, 575, -1
300, 822, -1
884, 366, -1
1099, 263, -1
1249, 55, -1
737, 14, -1
171, 39, -1
352, 212, -1
701, 366, -1
707, 171, -1
14, 55, -1
1249, 1394, -1
300, 278, -1
1212, 14, -1
1229, 94, -1
434, 1428, -1
434, 1028, -1
1394, 701, -1
884, 352, -1
901, 14, -1
1249, 212, -1
490, 1444, -1
707, 557, -1
171, 263, -1
707, 822, -1
1099, 1444, -1
737, 701, -1
352, 701, -1
865, 707, -1
289, 901, -1
884, 55, -1
884, 1394, -1
1428, 1229, -1
289, 263, -1
278, 263, -1
1315, 1428, -1
1249, 171, -1
707, 278, -1
352, 575, -1
1394, 278, -1
707, 1428, -1
1099, 1394, -1
978, 884, -1
884, 212, -1
557, 1394, -1
1152, 130, -1
1249, 557, -1
171, 1444, -1
291, 39, -1
737, 1428, -1
1249, 822, -1
14, 575, -1
1099, 212, -1
1212, 1428, -1
884, 171, -1
289, 1444, -1
1212, 1028, -1
336, 1394, -1
300, 901, -1
434, 901, -1
14, 278, -1
300, 263, -1
1212, 884, -1
490, 14, -1
352, 300, -1
94, 14, -1
978, 1229, -1
884, 557, -1
212, 1229, -1
336, 212, -1
300, 366, -1
884, 822, -1
291, 1229, -1
1099, 490, -1
1444, 1028, -1
557, 701, -1
701, 822, -1
1249, 291, -1
1249, 300, -1
1315, 901, -1
884, 278, -1
865, 701, -1
1249, 1212, -1
352, 39, -1
1315, 263, -1
557, 575, -1
1394, 901, -1
55, 575, -1
1394, 263, -1
1249, 1315, -1
865, 575, -1
490, 94, -1
336, 701, -1
707, 366, -1
366, 1394, -1
1249, 39, -1
737, 901, -1
978, 707, -1
336, 575, -1
737, 263, -1
352, 263, -1
434, 1394, -1
884, 291, -1
1212, 901, -1
884, 300, -1
289, 490, -1
575, 39, -1
884, 1212, -1
701, 300, -1
289, 1249, -1
490, 1428, -1
707, 352, -1
884, 1315, -1
434, 212, -1
14, 263, -1
1428, 94, -1
352, 1152, -1
901, 366, -1
1315, 1394, -1
865, 300, -1
701, 39, -1
352, 1444, -1
1099, 39, -1
1229, 14, -1
336, 300, -1
978, 14, -1
1315, 212, -1
434, 701, -1
55, 39, -1
366, 575, -1
707, 212, -1
737, 1394, -1
291, 14, -1
1249, 1444, -1
1444, 707, -1
1428, 1028, -1
434, 575, -1
1212, 1394, -1
434, 1249, -1
263, 55, -1
336, 39, -1
557, 901, -1
171, 884, -1
901, 55, -1
737, 212, -1
557, 263, -1
865, 901, -1
55, 263, -1
1099, 1229, -1
1315, 701, -1
1212, 212, -1
865, 263, -1
212, 94, -1
289, 39, -1
278, 39, -1
1444, 55, -1
884, 1444, -1
336, 901, -1
822, 575, -1
1315, 575, -1
1394, 490, -1
336, 263, -1
1394, 575, -1
1229, 278, -1
352, 490, -1
434, 300, -1
171, 1229, -1
978, 1428, -1
1212, 701, -1
737, 575, -1
212, 1028, -1
978, 1028, -1
737, 1249, -1
352, 1249, -1
865, 1444, -1
291, 1428, -1
336, 1152, -1
289, 1229, -1
1212, 575, -1
366, 39, -1
291, 1028, -1
1249, 737, -1
336, 1444, -1
434, 39, -1
291, 884, -1
865, 1394, -1
901, 822, -1
1444, 701, -1
1315, 300, -1
490, 55, -1
707, 300, -1
94, 1394, -1
707, 1212, -1
1444, 557, -1
568, 1152, -1
366, 263, -1
901, 278, -1
1444, 575, -1
1428, 707, -1
1444, 822, -1
865, 212, -1
171, 707, -1
434, 263, -1
1249, 94, -1
1315, 39, -1
884, 737, -1
737, 300, -1
289, 707, -1
707, 39, -1
1444, 278, -1
300, 1229, -1
1212, 300, -1
1099, 14, -1
1428, 55, -1
901, 300, -1
978, 901, -1
490, 171, -1
737, 39, -1
822, 263, -1
865, 490, -1
1249, 336, -1
1212, 39, -1
884, 94, -1
434, 1444, -1
1229, 366, -1
865, 1249, -1
336, 490, -1
701, 94, -1
490, 557, -1
171, 14, -1
901, 39, -1
94, 575, -1
1394, 1229, -1
490, 822, -1
212, 707, -1
336, 1249, -1
1249, 978, -1
289, 14, -1
130, 1028, -1
291, 707, -1
1212, 263, -1
490, 278, -1
352, 1229, -1
1315, 1444, -1
1249, 434, -1
1249, 1099, -1
707, 1444, -1
1428, 701, -1
1099, 1428, -1
1229, 55, -1
884, 39, -1
212, 55, -1
1099, 1028, -1
822, 1394, -1
978, 1394, -1
1444, 901, -1
1428, 557, -1
1428, 575, -1
884, 978, -1
1444, 263, -1
737, 1444, -1
1428, 822, -1
1099, 884, -1
490, 291, -1
1212, 1444, -1
1444, 366, -1
884, 434, -1
978, 212, -1
557, 39, -1
884, 1099, -1
1428, 278, -1
434, 490, -1
1229, 1444, -1
822, 1444, -1
212, 352, -1
557, 1152, -1
366, 901, -1
366, 300, -1
1229, 434, -1
1229, 1099, -1
1444, 130, -1
865, 1152, -1
1229, 1428, -1
1428, 289, -1
1229, 171, -1
212, 171, -1
1444, 352, -1
1428, 737, -1
1394, 1315, -1
1428, 865, -1
1444, 1099, -1
39, 901, -1
1428, 291, -1
278, 701, -1
1212, 1249, -1
14, 289, -1
557, 1028, -1
822, 490, -1
171, 1249, -1
1444, 171, -1
575, 94, -1
263, 557, -1
701, 557, -1
14, 865, -1
263, 822, -1
557, 884, -1
55, 701, -1
822, 1249, -1
978, 1249, -1
39, 366, -1
575, 14, -1
1099, 1249, -1
434, 1152, -1
1428, 1315, -1
39, 94, -1
1394, 291, -1
300, 352, -1
263, 278, -1
1394, 1212, -1
490, 130, -1
490, 978, -1
1394, 366, -1
94, 212, -1
822, 707, -1
701, 289, -1
263, 289, -1
575, 366, -1
366, 884, -1
1229, 289, -1
901, 289, -1
212, 289, -1
1394, 94, -1
1315, 1152, -1
39, 263, -1
94, 1444, -1
1229, 737, -1
701, 865, -1
212, 737, -1
1229, 865, -1
490, 434, -1
1394, 130, -1
901, 865, -1
212, 865, -1
366, 212, -1
1229, 291, -1
822, 901, -1
822, 300, -1
1444, 289, -1
94, 1428, -1
1229, 1212, -1
14, 901, -1
366, 1444, -1
1394, 352, -1
94, 1028, -1
1444, 737, -1
490, 1394, -1
291, 1249, -1
1444, 865, -1
1394, 1099, -1
94, 1229, -1
737, 1152, -1
557, 1249, -1
557, 300, -1
94, 701, -1
1229, 1315, -1
55, 901, -1
366, 1428, -1
94, 884, -1
1444, 291, -1
1428, 130, -1
1394, 336, -1
1394, 171, -1
1428, 978, -1
1212, 1152, -1
366, 1028, -1
171, 1152, -1
366, 1229, -1
366, 701, -1
1428, 352, -1
263, 14, -1
1444, 1315, -1
978, 1152, -1
1428, 434, -1
1099, 1152, -1
1428, 1099, -1
39, 278, -1
278, 14, -1
300, 289, -1
1394, 557, -1
557, 707, -1
1229, 352, -1
884, 336, -1
1428, 171, -1
300, 737, -1
575, 557, -1
300, 865, -1
1394, 822, -1
278, 901, -1
55, 14, -1
575, 822, -1
1229, 336, -1
822, 1428, -1
94, 707, -1
822, 1028, -1
490, 289, -1
263, 366, -1
1229, 1394, -1
575, 278, -1
822, 1229, -1
39, 575, -1
94, 490, -1
39, 822, -1
490, 737, -1
822, 701, -1
263, 94, -1
822, 884, -1
490, 865, -1
14, 701, -1
366, 707, -1
707, 289, -1
1229, 130, -1
94, 901, -1
94, 300, -1
1394, 289, -1
1229, 978, -1
289, 1152, -1
575, 289, -1
707, 737, -1
822, 212, -1
1229, 212, -1
707, 865, -1
1315, 1249, -1
1394, 737, -1
1394, 865, -1
291, 1152, -1
707, 130, -1
701, 1394, -1
901, 1394, -1
575, 130, -1
263, 130, -1
701, 130, -1
901, 130, -1
707, 1394, -1

