2, 1, 1
4, 1, 1
4, 2, 1
2, 4, 1
1, 2, 1
1, 4, 1
334, 1209, -1
1, 1209, -1
1, 334, -1
2, 1209, -1
2, 334, -1
4, 1209, -1
4, 334, -1
1209, 1, -1
1209, 2, -1
1209, 4, -1

5, 334, 1
596, 1, 1
596, 2, 1
596, 4, 1
1168, 334, 1
1168, 5, 1
2, 4, 1
1, 2, 1
1, 4, 1
1, 596, 1
4, 596, 1
2, 596, 1
5, 1209, -1
5, 1, -1
5, 2, -1
5, 4, -1
644, 1209, -1
644, 334, -1
644, 5, -1
644, 1, -1
644, 2, -1
644, 4, -1
596, 1209, -1
596, 334, -1
596, 5, -1
596, 644, -1
1168, 1209, -1
1168, 1, -1
1168, 2, -1
1168, 4, -1
1168, 596, -1
1168, 644, -1
1209, 2, -1
1209, 1, -1
5, 596, -1
4, 334, -1
1, 5, -1
1209, 4, -1
1, 334, -1
2, 334, -1
4, 5, -1
1209, 334, -1
644, 596, -1
2, 5, -1
1209, 5, -1
2, 644, -1
1, 644, -1
1209, 596, -1
334, 596, -1

128, 644, 1
1307, 334, 1
1307, 5, 1
1307, 1168, 1
28, 1, 1
28, 2, 1
28, 4, 1
28, 596, 1
701, 644, 1
701, 128, 1
2, 4, 1
1, 2, 1
1168, 5, 1
1, 596, 1
1168, 334, 1
644, 701, 1
128, 701, 1
1, 4, 1
5, 334, 1
596, 4, 1
4, 596, 1
2, 596, 1
1, 28, 1
4, 28, 1
596, 28, 1
1168, 1307, 1
2, 28, 1
128, 1209, -1
128, 334, -1
128, 5, -1
128, 1168, -1
128, 1, -1
128, 2, -1
128, 4, -1
128, 596, -1
1307, 1209, -1
1307, 1, -1
1307, 2, -1
1307, 4, -1
1307, 596, -1
1307, 644, -1
1307, 128, -1
28, 1209, -1
28, 334, -1
28, 5, -1
28, 1168, -1
28, 1307, -1
28, 644, -1
28, 128, -1
701, 1209, -1
701, 334, -1
701, 5, -1
701, 1168, -1
701, 1307, -1
701, 1, -1
701, 2, -1
701, 4, -1
701, 596, -1
701, 28, -1
1209, 596, -1
1209, 1, -1
1209, 4, -1
2, 701, -1
1, 644, -1
1168, 128, -1
128, 1307, -1
2, 5, -1
1307, 701, -1
596, 701, -1
4, 701, -1
1209, 644, -1
644, 1168, -1
28, 701, -1
1168, 701, -1
5, 644, -1
2, 334, -1
596, 5, -1
4, 5, -1
1168, 2, -1
1, 701, -1
128, 28, -1
2, 1307, -1
644, 2, -1
644, 5, -1
596, 334, -1
1, 5, -1
4, 334, -1
1209, 701, -1
5, 701, -1
644, 334, -1
1168, 596, -1
1, 334, -1
1209, 2, -1
1168, 4, -1
644, 596, -1
2, 644, -1
1168, 1, -1
644, 1, -1
1, 1307, -1
1209, 5, -1
644, 4, -1
1168, 1209, -1
1307, 28, -1
1168, 28, -1
1209, 334, -1
644, 28, -1
1168, 644, -1
5, 596, -1
334, 701, -1
334, 596, -1
1209, 28, -1
5, 128, -1
1209, 1307, -1
4, 644, -1

27, 334, 1
27, 5, 1
27, 1168, 1
27, 1307, 1
397, 644, 1
397, 128, 1
397, 701, 1
830, 334, 1
830, 5, 1
830, 1168, 1
830, 1307, 1
830, 27, 1
703, 644, 1
703, 128, 1
703, 701, 1
703, 397, 1
334, 830, 1
1168, 830, 1
397, 703, 1
1307, 27, 1
701, 397, 1
128, 703, 1
1307, 1168, 1
5, 334, 1
334, 27, 1
1168, 27, 1
27, 830, 1
644, 701, 1
5, 830, 1
1307, 5, 1
334, 5, 1
1168, 5, 1
128, 397, 1
128, 644, 1
1307, 334, 1
1168, 334, 1
334, 1307, 1
1168, 1307, 1
644, 703, 1
128, 701, 1
701, 703, 1
1307, 830, 1
644, 397, 1
27, 1209, -1
27, 1, -1
27, 2, -1
27, 4, -1
27, 596, -1
27, 28, -1
27, 644, -1
27, 128, -1
27, 701, -1
397, 1209, -1
397, 334, -1
397, 5, -1
397, 1168, -1
397, 1307, -1
397, 27, -1
397, 1, -1
397, 2, -1
397, 4, -1
397, 596, -1
397, 28, -1
830, 1209, -1
830, 1, -1
830, 2, -1
830, 4, -1
830, 596, -1
830, 28, -1
830, 644, -1
830, 128, -1
830, 701, -1
830, 397, -1
703, 1209, -1
703, 334, -1
703, 5, -1
703, 1168, -1
703, 1307, -1
703, 27, -1
703, 830, -1
703, 1, -1
703, 2, -1
703, 4, -1
703, 596, -1
703, 28, -1
1307, 701, -1
27, 397, -1
596, 5, -1
128, 28, -1
28, 5, -1
2, 1307, -1
128, 830, -1
596, 334, -1
1307, 703, -1
28, 334, -1
1307, 1, -1
2, 397, -1
2, 644, -1
27, 703, -1
128, 5, -1
596, 830, -1
2, 27, -1
28, 830, -1
2, 701, -1
1, 830, -1
1168, 128, -1
128, 334, -1
4, 701, -1
1209, 830, -1
128, 1209, -1
334, 2, -1
1168, 2, -1
2, 703, -1
1, 5, -1
4, 703, -1
334, 596, -1
1168, 596, -1
1, 334, -1
334, 4, -1
1168, 4, -1
128, 27, -1
1209, 5, -1
128, 1168, -1
1168, 1209, -1
1307, 28, -1
1209, 334, -1
334, 397, -1
1168, 397, -1
28, 397, -1
644, 28, -1
4, 397, -1
128, 2, -1
334, 644, -1
1168, 644, -1
644, 830, -1
128, 1307, -1
701, 830, -1
128, 596, -1
596, 701, -1
5, 397, -1
334, 701, -1
1168, 701, -1
128, 4, -1
28, 701, -1
5, 644, -1
397, 830, -1
644, 5, -1
1209, 27, -1
596, 703, -1
334, 703, -1
1168, 703, -1
5, 701, -1
644, 334, -1
28, 703, -1
701, 5, -1
1307, 1209, -1
1, 1307, -1
701, 334, -1
596, 397, -1
1209, 1307, -1
5, 703, -1
1, 397, -1
1, 644, -1
830, 703, -1
2, 5, -1
1209, 397, -1
128, 1, -1
1209, 644, -1
1307, 2, -1
1, 27, -1
2, 334, -1
4, 5, -1
1, 701, -1
4, 334, -1
1209, 701, -1
1307, 596, -1
1307, 4, -1
644, 596, -1
1, 703, -1
1168, 1, -1
644, 4, -1
2, 830, -1
1307, 397, -1
1168, 28, -1
334, 28, -1
1307, 644, -1
1209, 703, -1
4, 830, -1
1307, 128, -1
5, 128, -1
701, 596, -1
644, 1168, -1

1197, 644, 1
1197, 128, 1
1197, 701, 1
1197, 397, 1
1197, 703, 1
1153, 644, 1
1153, 128, 1
1153, 701, 1
1153, 397, 1
1153, 703, 1
1153, 1197, 1
128, 1153, 1
128, 644, 1
701, 1197, 1
644, 1197, 1
397, 703, 1
703, 701, 1
644, 701, 1
128, 701, 1
701, 703, 1
701, 397, 1
644, 703, 1
128, 703, 1
128, 397, 1
397, 701, 1
397, 1197, 1
644, 397, 1
128, 1197, 1
703, 1197, 1
1197, 1209, -1
1197, 334, -1
1197, 5, -1
1197, 1168, -1
1197, 1307, -1
1197, 27, -1
1197, 830, -1
1197, 1, -1
1197, 2, -1
1197, 4, -1
1197, 596, -1
1197, 28, -1
1153, 1209, -1
1153, 334, -1
1153, 5, -1
1153, 1168, -1
1153, 1307, -1
1153, 27, -1
1153, 830, -1
1153, 1, -1
1153, 2, -1
1153, 4, -1
1153, 596, -1
1153, 28, -1
1, 1153, -1
644, 830, -1
397, 334, -1
27, 1197, -1
1, 397, -1
2, 701, -1
5, 1197, -1
1, 644, -1
1168, 128, -1
1168, 1153, -1
128, 334, -1
397, 1, -1
830, 703, -1
701, 1, -1
5, 703, -1
128, 1307, -1
701, 830, -1
1209, 397, -1
128, 596, -1
1307, 701, -1
128, 1, -1
596, 701, -1
4, 701, -1
1209, 644, -1
128, 4, -1
1168, 701, -1
128, 1209, -1
5, 644, -1
27, 644, -1
28, 701, -1
27, 397, -1
4, 397, -1
2, 703, -1
1, 701, -1
397, 830, -1
128, 28, -1
1209, 1153, -1
1209, 1197, -1
644, 5, -1
2, 1197, -1
128, 830, -1
1307, 703, -1
596, 703, -1
4, 703, -1
1209, 701, -1
334, 703, -1
1168, 703, -1
28, 703, -1
644, 334, -1
5, 701, -1
27, 701, -1
1307, 1197, -1
2, 397, -1
596, 1197, -1
4, 1197, -1
128, 27, -1
644, 596, -1
2, 644, -1
1, 703, -1
644, 1, -1
1168, 1197, -1
28, 1197, -1
644, 4, -1
701, 334, -1
1307, 397, -1
596, 397, -1
1168, 397, -1
1307, 644, -1
644, 28, -1
1209, 703, -1
28, 397, -1
128, 2, -1
1168, 644, -1
27, 703, -1
128, 5, -1
5, 397, -1
830, 397, -1
830, 1197, -1
334, 701, -1
830, 701, -1
1, 1197, -1
397, 596, -1
703, 596, -1
334, 397, -1
701, 5, -1
701, 596, -1
334, 1197, -1

1449, 1, 1
1449, 2, 1
1449, 4, 1
1449, 596, 1
1449, 28, 1
1231, 334, 1
1231, 5, 1
1231, 1168, 1
1231, 1307, 1
1231, 27, 1
1231, 830, 1
27, 1307, 1
1, 28, 1
334, 830, 1
1168, 830, 1
830, 334, 1
1307, 27, 1
5, 334, 1
1168, 27, 1
27, 830, 1
5, 830, 1
1307, 5, 1
1168, 5, 1
2, 596, 1
2, 4, 1
1, 2, 1
1307, 334, 1
2, 1, 1
1168, 334, 1
1168, 1307, 1
2, 28, 1
596, 4, 1
28, 596, 1
4, 596, 1
4, 1, 1
596, 1, 1
28, 4, 1
28, 1, 1
27, 5, 1
1, 596, 1
4, 28, 1
596, 28, 1
1, 4, 1
1307, 830, 1
27, 334, 1
1307, 1231, 1
830, 27, 1
830, 1168, 1
334, 1231, 1
1168, 1231, 1
1, 1449, 1
830, 1231, 1
27, 1168, 1
1307, 1168, 1
2, 1449, 1
334, 1307, 1
5, 1231, 1
27, 1231, 1
334, 5, 1
830, 1307, 1
830, 5, 1
334, 27, 1
1449, 1209, -1
1449, 334, -1
1449, 5, -1
1449, 1168, -1
1449, 1307, -1
1449, 27, -1
1449, 830, -1
1449, 644, -1
1449, 128, -1
1449, 701, -1
1449, 397, -1
1449, 703, -1
1449, 1197, -1
1449, 1153, -1
791, 1209, -1
791, 334, -1
791, 5, -1
791, 1168, -1
791, 1307, -1
791, 27, -1
791, 830, -1
791, 1, -1
791, 2, -1
791, 4, -1
791, 596, -1
791, 28, -1
791, 1449, -1
791, 644, -1
791, 128, -1
791, 701, -1
791, 397, -1
791, 703, -1
791, 1197, -1
791, 1153, -1
1231, 1209, -1
1231, 1, -1
1231, 2, -1
1231, 4, -1
1231, 596, -1
1231, 28, -1
1231, 1449, -1
1231, 644, -1
1231, 128, -1
1231, 701, -1
1231, 397, -1
1231, 703, -1
1231, 1197, -1
1231, 1153, -1
1231, 791, -1
27, 1197, -1
27, 596, -1
27, 4, -1
1307, 701, -1
1, 1153, -1
27, 397, -1
27, 644, -1
1153, 5, -1
596, 5, -1
128, 28, -1
28, 5, -1
2, 1307, -1
1153, 334, -1
128, 830, -1
596, 334, -1
2, 1209, -1
28, 334, -1
27, 701, -1
2, 397, -1
2, 644, -1
596, 791, -1
1168, 791, -1
28, 791, -1
1153, 830, -1
128, 5, -1
596, 830, -1
2, 27, -1
28, 830, -1
2, 701, -1
1, 830, -1
1168, 1449, -1
128, 334, -1
1209, 28, -1
1449, 791, -1
4, 701, -1
703, 830, -1
1209, 830, -1
1153, 2, -1
2, 1231, -1
1168, 2, -1
2, 703, -1
2, 1197, -1
1, 5, -1
1153, 1307, -1
4, 703, -1
1168, 596, -1
4, 1197, -1
1, 334, -1
703, 5, -1
128, 27, -1
1209, 5, -1
1168, 4, -1
128, 1168, -1
1168, 1209, -1
1307, 28, -1
703, 334, -1
1, 1209, -1
1209, 334, -1
1, 791, -1
28, 397, -1
644, 28, -1
4, 397, -1
1168, 397, -1
128, 2, -1
1168, 644, -1
644, 830, -1
1153, 27, -1
128, 1307, -1
27, 28, -1
701, 830, -1
128, 596, -1
596, 701, -1
5, 397, -1
128, 4, -1
28, 701, -1
1168, 701, -1
397, 830, -1
703, 27, -1
644, 5, -1
1209, 27, -1
596, 1231, -1
28, 1231, -1
4, 1231, -1
596, 703, -1
1168, 703, -1
28, 703, -1
644, 334, -1
5, 701, -1
1153, 596, -1
596, 1197, -1
1153, 4, -1
1168, 1197, -1
28, 1197, -1
1307, 791, -1
1197, 830, -1
1, 1307, -1
701, 334, -1
596, 397, -1
703, 1307, -1
1209, 1307, -1
1449, 1231, -1
1209, 596, -1
397, 334, -1
1, 397, -1
1209, 4, -1
5, 1197, -1
1, 644, -1
1168, 1153, -1
27, 791, -1
2, 5, -1
128, 1, -1
1, 27, -1
2, 334, -1
1197, 334, -1
4, 5, -1
1, 701, -1
4, 334, -1
2, 791, -1
1307, 1197, -1
1307, 596, -1
1, 1231, -1
1307, 4, -1
644, 596, -1
4, 791, -1
1, 703, -1
1168, 1, -1
1153, 28, -1
644, 4, -1
2, 830, -1
1, 1197, -1
1307, 397, -1
1168, 28, -1
1307, 644, -1
4, 830, -1
397, 1231, -1
1209, 1, -1
1153, 1449, -1
5, 596, -1
1307, 1449, -1
27, 1, -1
1307, 1153, -1
27, 1209, -1
128, 1231, -1
5, 791, -1
397, 596, -1
830, 703, -1
830, 596, -1
830, 1197, -1
830, 4, -1
334, 701, -1
830, 1, -1
830, 791, -1
28, 644, -1
830, 1209, -1
1197, 1231, -1
1307, 2, -1
334, 2, -1
830, 28, -1
1209, 1449, -1
27, 1449, -1
1153, 1231, -1
27, 1153, -1
1197, 596, -1
830, 644, -1
830, 397, -1
1307, 703, -1
644, 1231, -1
334, 703, -1
830, 1449, -1
1307, 1, -1
830, 1153, -1
1153, 1, -1
334, 596, -1
128, 1449, -1
4, 644, -1
1307, 1209, -1
1209, 2, -1
334, 1197, -1
334, 4, -1
27, 2, -1
334, 791, -1
701, 1231, -1
830, 701, -1
1209, 1231, -1
334, 28, -1
334, 397, -1
830, 2, -1
701, 596, -1
334, 644, -1
5, 703, -1
27, 703, -1
334, 1, -1
644, 1, -1
5, 1, -1
644, 2, -1
397, 1, -1
644, 1449, -1
701, 1, -1
1197, 1, -1

1160, 644, 1
1160, 128, 1
1160, 701, 1
1160, 397, 1
1160, 703, 1
1160, 1197, 1
1160, 1153, 1
1153, 128, 1
397, 703, 1
1197, 701, 1
701, 397, 1
644, 128, 1
128, 703, 1
397, 1197, 1
1153, 701, 1
128, 1197, 1
644, 701, 1
1197, 703, 1
128, 397, 1
128, 644, 1
1153, 703, 1
1153, 1197, 1
644, 703, 1
128, 1153, 1
1197, 397, 1
644, 1197, 1
397, 701, 1
128, 701, 1
701, 703, 1
1153, 397, 1
1153, 644, 1
701, 1197, 1
644, 397, 1
703, 701, 1
128, 1160, 1
644, 1160, 1
703, 1197, 1
1153, 1160, 1
319, 1209, -1
319, 334, -1
319, 5, -1
319, 1168, -1
319, 1307, -1
319, 27, -1
319, 830, -1
319, 1231, -1
319, 1, -1
319, 2, -1
319, 4, -1
319, 596, -1
319, 28, -1
319, 1449, -1
319, 644, -1
319, 128, -1
319, 701, -1
319, 397, -1
319, 703, -1
319, 1197, -1
319, 1153, -1
319, 791, -1
1160, 1209, -1
1160, 334, -1
1160, 5, -1
1160, 1168, -1
1160, 1307, -1
1160, 27, -1
1160, 830, -1
1160, 1231, -1
1160, 1, -1
1160, 2, -1
1160, 4, -1
1160, 596, -1
1160, 28, -1
1160, 1449, -1
1160, 791, -1
1160, 319, -1
27, 1197, -1
1307, 701, -1
1, 1153, -1
27, 397, -1
27, 644, -1
1153, 5, -1
128, 28, -1
1209, 1153, -1
1153, 334, -1
128, 830, -1
644, 319, -1
1307, 703, -1
644, 1231, -1
27, 701, -1
2, 397, -1
1153, 791, -1
701, 319, -1
2, 644, -1
701, 1231, -1
397, 319, -1
1153, 830, -1
27, 703, -1
128, 5, -1
397, 1231, -1
2, 701, -1
128, 334, -1
1153, 1168, -1
4, 701, -1
1197, 319, -1
128, 1209, -1
1153, 2, -1
128, 791, -1
1197, 1231, -1
2, 703, -1
2, 1197, -1
1153, 1307, -1
4, 703, -1
128, 1449, -1
4, 1197, -1
128, 27, -1
128, 1168, -1
1168, 397, -1
28, 397, -1
644, 28, -1
4, 397, -1
128, 2, -1
644, 830, -1
703, 791, -1
1153, 27, -1
128, 1307, -1
701, 830, -1
128, 596, -1
596, 701, -1
5, 397, -1
128, 4, -1
28, 701, -1
1168, 701, -1
1449, 644, -1
397, 830, -1
1153, 1231, -1
644, 5, -1
596, 703, -1
334, 703, -1
1168, 703, -1
28, 703, -1
644, 334, -1
5, 701, -1
1153, 596, -1
596, 1197, -1
1153, 4, -1
1449, 701, -1
1168, 1197, -1
28, 1197, -1
1197, 830, -1
701, 334, -1
644, 791, -1
596, 397, -1
5, 703, -1
1209, 1197, -1
397, 334, -1
128, 319, -1
1449, 703, -1
1, 397, -1
701, 791, -1
5, 1197, -1
1, 644, -1
128, 1231, -1
1449, 1197, -1
830, 703, -1
1209, 397, -1
397, 791, -1
128, 1, -1
1209, 644, -1
644, 1168, -1
1197, 334, -1
1449, 397, -1
1, 701, -1
1153, 319, -1
1449, 1153, -1
1197, 791, -1
1209, 701, -1
1307, 1197, -1
644, 596, -1
1, 703, -1
703, 319, -1
1153, 28, -1
644, 4, -1
703, 1231, -1
1, 1197, -1
1307, 397, -1
1307, 644, -1
1209, 703, -1
1168, 128, -1
1168, 1153, -1
397, 596, -1
1209, 1160, -1
27, 1160, -1
1231, 1197, -1
1197, 5, -1
791, 397, -1
1449, 1160, -1
830, 1197, -1
334, 701, -1
1231, 397, -1
1231, 644, -1
1197, 596, -1
830, 397, -1
791, 701, -1
2, 1160, -1
701, 5, -1
334, 1197, -1
1231, 701, -1
1307, 1160, -1
596, 1160, -1
4, 1160, -1
830, 701, -1
1168, 1160, -1
28, 1160, -1
334, 397, -1
701, 596, -1
1, 1160, -1
1168, 644, -1
703, 596, -1
791, 1197, -1
1449, 128, -1
5, 644, -1
1307, 128, -1
4, 128, -1
596, 128, -1
28, 128, -1
2, 128, -1
1209, 128, -1
27, 128, -1
1, 128, -1

312, 334, 1
312, 5, 1
312, 1168, 1
312, 1307, 1
312, 27, 1
312, 830, 1
312, 1231, 1
667, 644, 1
667, 128, 1
667, 701, 1
667, 397, 1
667, 703, 1
667, 1197, 1
667, 1153, 1
667, 1160, 1
952, 644, 1
952, 128, 1
952, 701, 1
952, 397, 1
952, 703, 1
952, 1197, 1
952, 1153, 1
952, 1160, 1
952, 667, 1
27, 1307, 1
1153, 128, 1
1168, 830, 1
701, 1197, 1
334, 830, 1
397, 703, 1
1197, 701, 1
830, 1231, 1
830, 334, 1
1307, 27, 1
1160, 667, 1
701, 397, 1
644, 128, 1
128, 703, 1
5, 334, 1
1153, 701, 1
397, 1197, 1
1307, 1168, 1
1168, 27, 1
128, 1197, 1
1160, 703, 1
27, 830, 1
644, 701, 1
5, 830, 1
128, 1160, 1
1153, 667, 1
1307, 5, 1
1197, 703, 1
1160, 1197, 1
1168, 5, 1
128, 397, 1
1307, 1231, 1
128, 644, 1
1153, 703, 1
334, 1231, 1
1168, 1231, 1
1307, 334, 1
5, 1168, 1
27, 1168, 1
1168, 334, 1
128, 952, 1
1168, 1307, 1
128, 667, 1
1160, 397, 1
1160, 644, 1
644, 703, 1
128, 1153, 1
1153, 1197, 1
1197, 397, 1
1160, 952, 1
667, 952, 1
397, 701, 1
644, 1197, 1
1153, 1160, 1
27, 5, 1
1160, 128, 1
1160, 1153, 1
128, 701, 1
701, 703, 1
1153, 397, 1
644, 1160, 1
1153, 644, 1
27, 1231, 1
5, 1231, 1
1307, 830, 1
27, 334, 1
644, 397, 1
1160, 701, 1
830, 1168, 1
830, 27, 1
701, 952, 1
1168, 312, 1
1197, 952, 1
830, 312, 1
644, 952, 1
703, 701, 1
830, 1307, 1
397, 952, 1
27, 312, 1
334, 1307, 1
334, 5, 1
1153, 952, 1
830, 5, 1
703, 1197, 1
334, 27, 1
1307, 312, 1
312, 1209, -1
312, 1, -1
312, 2, -1
312, 4, -1
312, 596, -1
312, 28, -1
312, 1449, -1
312, 644, -1
312, 128, -1
312, 701, -1
312, 397, -1
312, 703, -1
312, 1197, -1
312, 1153, -1
312, 1160, -1
312, 791, -1
312, 319, -1
667, 1209, -1
667, 334, -1
667, 5, -1
667, 1168, -1
667, 1307, -1
667, 27, -1
667, 830, -1
667, 1231, -1
667, 312, -1
667, 1, -1
667, 2, -1
667, 4, -1
667, 596, -1
667, 28, -1
667, 1449, -1
667, 791, -1
667, 319, -1
952, 1209, -1
952, 334, -1
952, 5, -1
952, 1168, -1
952, 1307, -1
952, 27, -1
952, 830, -1
952, 1231, -1
952, 312, -1
952, 1, -1
952, 2, -1
952, 4, -1
952, 596, -1
952, 28, -1
952, 1449, -1
952, 791, -1
952, 319, -1
27, 1197, -1
27, 596, -1
27, 4, -1
2, 667, -1
1307, 701, -1
1, 1153, -1
27, 397, -1
27, 644, -1
1153, 5, -1
596, 5, -1
128, 28, -1
1209, 1153, -1
28, 5, -1
1160, 1, -1
2, 1307, -1
1307, 319, -1
1153, 334, -1
128, 830, -1
644, 319, -1
596, 334, -1
1160, 28, -1
1307, 703, -1
28, 334, -1
644, 1231, -1
27, 701, -1
2, 397, -1
1153, 791, -1
701, 319, -1
2, 644, -1
1307, 1160, -1
1168, 791, -1
334, 791, -1
701, 1231, -1
27, 319, -1
1449, 5, -1
397, 319, -1
1231, 319, -1
1153, 830, -1
1307, 952, -1
27, 703, -1
128, 5, -1
596, 830, -1
312, 952, -1
397, 1231, -1
2, 27, -1
1449, 334, -1
28, 830, -1
2, 701, -1
1231, 703, -1
1307, 1153, -1
1, 830, -1
1168, 1449, -1
1168, 128, -1
1160, 5, -1
5, 791, -1
128, 334, -1
1153, 1168, -1
27, 1160, -1
4, 701, -1
1197, 319, -1
1160, 334, -1
1209, 830, -1
128, 1209, -1
1153, 2, -1
830, 791, -1
2, 1231, -1
128, 791, -1
1197, 1231, -1
27, 952, -1
1168, 2, -1
2, 703, -1
1168, 667, -1
1449, 830, -1
5, 128, -1
27, 1153, -1
1160, 791, -1
2, 1197, -1
1, 5, -1
1153, 1307, -1
4, 703, -1
128, 1449, -1
1168, 596, -1
4, 1197, -1
1, 334, -1
1160, 830, -1
1168, 4, -1
128, 27, -1
1209, 5, -1
128, 1168, -1
1160, 1449, -1
1168, 1209, -1
1307, 28, -1
1209, 334, -1
1168, 397, -1
1160, 1168, -1
644, 28, -1
4, 397, -1
28, 397, -1
128, 2, -1
1168, 644, -1
644, 830, -1
1449, 1307, -1
703, 791, -1
1160, 2, -1
1153, 27, -1
128, 1307, -1
701, 830, -1
27, 28, -1
128, 596, -1
596, 701, -1
5, 397, -1
1168, 701, -1
28, 701, -1
128, 4, -1
1160, 1307, -1
1449, 644, -1
397, 830, -1
1160, 4, -1
1153, 1231, -1
334, 319, -1
644, 5, -1
1168, 319, -1
1160, 1209, -1
1209, 27, -1
596, 1231, -1
1, 667, -1
28, 1231, -1
4, 1231, -1
596, 703, -1
334, 703, -1
1168, 703, -1
5, 701, -1
644, 334, -1
1449, 27, -1
28, 703, -1
1153, 596, -1
596, 1197, -1
1449, 701, -1
1153, 4, -1
1209, 667, -1
1168, 1197, -1
28, 1197, -1
1307, 791, -1
1197, 830, -1
1, 1307, -1
1168, 1160, -1
701, 334, -1
644, 791, -1
5, 319, -1
1449, 667, -1
596, 397, -1
1160, 27, -1
1209, 1307, -1
5, 703, -1
1449, 1231, -1
1209, 1197, -1
830, 319, -1
1168, 952, -1
397, 334, -1
701, 791, -1
1, 397, -1
128, 319, -1
1449, 703, -1
1307, 128, -1
5, 1197, -1
1, 644, -1
128, 1231, -1
1168, 1153, -1
27, 791, -1
1449, 1197, -1
830, 703, -1
5, 1160, -1
1160, 319, -1
2, 5, -1
1209, 397, -1
397, 791, -1
1231, 791, -1
1160, 1231, -1
128, 1, -1
644, 1168, -1
1209, 644, -1
128, 312, -1
1, 27, -1
2, 334, -1
1197, 334, -1
1449, 397, -1
4, 5, -1
312, 667, -1
1307, 667, -1
1, 701, -1
1160, 596, -1
1153, 319, -1
27, 128, -1
1160, 312, -1
1449, 1153, -1
4, 334, -1
1197, 791, -1
1209, 701, -1
1307, 1197, -1
1307, 596, -1
1, 1231, -1
1307, 4, -1
644, 596, -1
1, 703, -1
1168, 1, -1
27, 667, -1
703, 319, -1
1153, 312, -1
644, 4, -1
1153, 28, -1
2, 830, -1
703, 1231, -1
1, 1197, -1
1307, 397, -1
1168, 28, -1
1209, 1231, -1
1307, 644, -1
1209, 703, -1
4, 830, -1
4, 128, -1
1209, 312, -1
397, 596, -1
1, 952, -1
1209, 1160, -1
830, 1, -1
1209, 952, -1
1231, 397, -1
830, 28, -1
1231, 644, -1
1197, 596, -1
791, 701, -1
1307, 1, -1
319, 397, -1
1231, 701, -1
791, 1197, -1
27, 1, -1
596, 128, -1
28, 128, -1
1231, 1197, -1
791, 397, -1
703, 830, -1
334, 2, -1
334, 667, -1
1449, 128, -1
2, 312, -1
2, 1160, -1
830, 1449, -1
334, 596, -1
703, 5, -1
334, 4, -1
4, 1160, -1
2, 952, -1
703, 334, -1
334, 397, -1
830, 2, -1
334, 644, -1
4, 952, -1
830, 596, -1
1, 128, -1
830, 4, -1
334, 701, -1
830, 1209, -1
1209, 128, -1
703, 27, -1
830, 644, -1
701, 5, -1
791, 5, -1
1307, 1209, -1
334, 1197, -1
596, 1160, -1
830, 701, -1
28, 1160, -1
791, 334, -1
703, 1307, -1
596, 952, -1
703, 596, -1
830, 667, -1
334, 952, -1
28, 952, -1
1307, 1449, -1
27, 1209, -1
1449, 312, -1
1197, 5, -1
1449, 1160, -1
830, 1197, -1
791, 830, -1
1307, 2, -1
5, 952, -1
319, 334, -1
1449, 952, -1
27, 1449, -1
830, 397, -1
830, 952, -1
830, 1153, -1
27, 2, -1
319, 830, -1
1231, 667, -1
334, 28, -1
2, 128, -1
1, 312, -1
701, 596, -1
1, 1160, -1
5, 667, -1
2, 1168, -1
1209, 1168, -1
5, 644, -1
1, 1168, -1
1449, 1168, -1
596, 1168, -1
4, 1168, -1
28, 1168, -1

0, 1, 1
0, 2, 1
0, 4, 1
0, 596, 1
0, 28, 1
0, 1449, 1
1003, 644, 1
1003, 128, 1
1003, 701, 1
1003, 397, 1
1003, 703, 1
1003, 1197, 1
1003, 1153, 1
1003, 1160, 1
1003, 667, 1
1003, 952, 1
524, 334, 1
524, 5, 1
524, 1168, 1
524, 1307, 1
524, 27, 1
524, 830, 1
524, 1231, 1
524, 312, 1
27, 1307, 1
667, 701, 1
952, 397, 1
701, 397, 1
1449, 1, 1
952, 644, 1
312, 27, 1
1449, 28, 1
644, 701, 1
667, 703, 1
1168, 5, 1
667, 1197, 1
2, 596, 1
1307, 1231, 1
952, 701, 1
2, 4, 1
312, 1231, 1
1168, 334, 1
644, 703, 1
1197, 397, 1
397, 701, 1
952, 703, 1
701, 703, 1
27, 1231, 1
5, 334, 1
1, 28, 1
334, 830, 1
1168, 830, 1
952, 1160, 1
397, 703, 1
1197, 701, 1
830, 334, 1
397, 1197, 1
952, 1153, 1
5, 830, 1
1197, 703, 1
1168, 1307, 1
28, 596, 1
4, 596, 1
596, 4, 1
28, 4, 1
1160, 128, 1
1449, 2, 1
1153, 644, 1
1307, 830, 1
128, 667, 1
1449, 4, 1
1153, 701, 1
1, 1449, 1
128, 1197, 1
1168, 27, 1
27, 830, 1
1153, 667, 1
1307, 5, 1
312, 5, 1
128, 397, 1
1, 2, 1
128, 644, 1
1153, 703, 1
334, 1231, 1
1168, 1231, 1
1307, 334, 1
312, 334, 1
1153, 1197, 1
2, 28, 1
1160, 644, 1
1168, 312, 1
27, 5, 1
1, 596, 1
4, 28, 1
128, 701, 1
1, 4, 1
1153, 397, 1
5, 1231, 1
27, 334, 1
1160, 701, 1
312, 830, 1
830, 1231, 1
1307, 27, 1
1449, 596, 1
1160, 667, 1
128, 703, 1
312, 1168, 1
1160, 703, 1
952, 128, 1
128, 1160, 1
1160, 1197, 1
644, 667, 1
128, 952, 1
312, 1307, 1
667, 397, 1
952, 667, 1
1160, 397, 1
128, 1153, 1
667, 644, 1
1160, 952, 1
644, 1197, 1
1160, 1153, 1
596, 28, 1
952, 1197, 1
701, 1197, 1
644, 397, 1
1160, 1003, 1
1153, 128, 1
1197, 1003, 1
644, 952, 1
27, 312, 1
644, 128, 1
830, 1307, 1
1307, 1168, 1
1307, 524, 1
334, 27, 1
1153, 1003, 1
701, 952, 1
312, 524, 1
334, 524, 1
1168, 524, 1
830, 312, 1
644, 1003, 1
334, 5, 1
397, 952, 1
952, 1003, 1
701, 1003, 1
2, 1, 1
667, 1160, 1
5, 1168, 1
27, 1168, 1
703, 701, 1
334, 1307, 1
27, 524, 1
4, 1, 1
596, 1, 1
1307, 312, 1
667, 952, 1
1153, 1160, 1
830, 1168, 1
28, 1, 1
830, 27, 1
397, 1003, 1
1197, 952, 1
128, 1003, 1
667, 128, 1
830, 524, 1
2, 1449, 1
644, 1160, 1
1153, 952, 1
830, 5, 1
703, 1197, 1
667, 1003, 1
703, 1003, 1
0, 1209, -1
0, 334, -1
0, 5, -1
0, 1168, -1
0, 1307, -1
0, 27, -1
0, 830, -1
0, 1231, -1
0, 312, -1
0, 644, -1
0, 128, -1
0, 701, -1
0, 397, -1
0, 703, -1
0, 1197, -1
0, 1153, -1
0, 1160, -1
0, 667, -1
0, 952, -1
0, 791, -1
0, 319, -1
1003, 1209, -1
1003, 334, -1
1003, 5, -1
1003, 1168, -1
1003, 1307, -1
1003, 27, -1
1003, 830, -1
1003, 1231, -1
1003, 312, -1
1003, 1, -1
1003, 2, -1
1003, 4, -1
1003, 596, -1
1003, 28, -1
1003, 1449, -1
1003, 0, -1
1003, 791, -1
1003, 319, -1
524, 1209, -1
524, 1, -1
524, 2, -1
524, 4, -1
524, 596, -1
524, 28, -1
524, 1449, -1
524, 0, -1
524, 644, -1
524, 128, -1
524, 701, -1
524, 397, -1
524, 703, -1
524, 1197, -1
524, 1153, -1
524, 1160, -1
524, 667, -1
524, 952, -1
524, 1003, -1
524, 791, -1
524, 319, -1
1209, 1, -1
4, 128, -1
27, 4, -1
667, 319, -1
667, 1231, -1
312, 1003, -1
128, 28, -1
1153, 334, -1
1307, 1160, -1
312, 1160, -1
397, 319, -1
128, 5, -1
397, 1231, -1
952, 312, -1
2, 27, -1
28, 830, -1
2, 701, -1
596, 128, -1
1003, 524, -1
2, 319, -1
128, 1209, -1
2, 1231, -1
128, 791, -1
1449, 830, -1
27, 1153, -1
1168, 596, -1
667, 830, -1
1160, 830, -1
128, 27, -1
128, 1168, -1
4, 1160, -1
2, 952, -1
644, 28, -1
667, 524, -1
952, 28, -1
1153, 27, -1
128, 1307, -1
830, 596, -1
128, 4, -1
397, 830, -1
1153, 1231, -1
644, 5, -1
4, 319, -1
4, 1231, -1
1168, 703, -1
5, 701, -1
28, 703, -1
952, 5, -1
1153, 4, -1
1168, 1197, -1
28, 1197, -1
596, 1160, -1
5, 319, -1
644, 791, -1
1449, 667, -1
952, 1209, -1
1209, 596, -1
952, 791, -1
701, 791, -1
1449, 703, -1
2, 524, -1
1449, 1197, -1
830, 703, -1
1449, 312, -1
644, 27, -1
1197, 334, -1
1449, 397, -1
952, 27, -1
952, 1168, -1
1160, 312, -1
27, 1003, -1
1307, 596, -1
312, 596, -1
644, 1307, -1
1, 703, -1
1168, 1, -1
703, 319, -1
644, 4, -1
128, 524, -1
703, 1231, -1
1, 1197, -1
952, 1307, -1
1168, 28, -1
2, 128, -1
1, 312, -1
1209, 703, -1
952, 4, -1
4, 830, -1
1231, 596, -1
2, 667, -1
1153, 524, -1
28, 5, -1
1160, 1, -1
1160, 28, -1
1307, 703, -1
312, 703, -1
27, 701, -1
2, 397, -1
312, 1197, -1
2, 644, -1
1168, 791, -1
28, 791, -1
27, 319, -1
1449, 5, -1
596, 830, -1
1153, 1449, -1
1231, 703, -1
2, 1003, -1
1160, 5, -1
128, 334, -1
1209, 28, -1
1449, 791, -1
28, 1168, -1
1197, 319, -1
1153, 2, -1
830, 791, -1
1197, 1231, -1
27, 952, -1
1160, 791, -1
1, 5, -1
4, 703, -1
2, 1160, -1
1449, 1168, -1
334, 596, -1
4, 1197, -1
1168, 4, -1
312, 1, -1
1209, 5, -1
1307, 28, -1
312, 28, -1
1, 791, -1
1160, 1168, -1
4, 397, -1
1449, 1307, -1
5, 397, -1
1160, 1307, -1
1, 1168, -1
1160, 4, -1
1209, 27, -1
596, 703, -1
334, 703, -1
644, 334, -1
596, 1197, -1
1307, 791, -1
1197, 830, -1
1, 1307, -1
312, 791, -1
952, 334, -1
701, 334, -1
596, 397, -1
1209, 1307, -1
128, 319, -1
1209, 4, -1
128, 1231, -1
1168, 1153, -1
1231, 791, -1
4, 5, -1
667, 596, -1
1160, 596, -1
1153, 319, -1
27, 128, -1
1449, 1153, -1
1307, 4, -1
312, 4, -1
4, 791, -1
27, 667, -1
2, 830, -1
27, 1197, -1
0, 524, -1
4, 1168, -1
1, 1153, -1
27, 397, -1
27, 644, -1
596, 5, -1
1209, 1153, -1
128, 830, -1
644, 319, -1
28, 334, -1
644, 1231, -1
952, 319, -1
701, 319, -1
596, 791, -1
952, 1231, -1
334, 791, -1
701, 1231, -1
1153, 830, -1
1449, 334, -1
1307, 1153, -1
312, 1153, -1
27, 1160, -1
596, 1168, -1
1160, 334, -1
2, 703, -1
2, 1197, -1
667, 28, -1
128, 1449, -1
1, 334, -1
312, 644, -1
1168, 1209, -1
1209, 334, -1
128, 2, -1
644, 830, -1
5, 596, -1
0, 1003, -1
667, 5, -1
952, 830, -1
701, 830, -1
1168, 701, -1
28, 701, -1
644, 524, -1
1, 1003, -1
1168, 319, -1
28, 319, -1
1160, 1209, -1
667, 791, -1
952, 524, -1
28, 1231, -1
1449, 27, -1
1449, 701, -1
1449, 319, -1
1160, 27, -1
1449, 1231, -1
5, 703, -1
830, 319, -1
28, 952, -1
1168, 952, -1
5, 1197, -1
1160, 319, -1
2, 5, -1
1307, 1003, -1
397, 791, -1
1160, 1231, -1
128, 1, -1
952, 1449, -1
1, 27, -1
1, 701, -1
1449, 952, -1
667, 4, -1
4, 334, -1
2, 791, -1
1209, 701, -1
1, 319, -1
952, 2, -1
1153, 1, -1
1, 1231, -1
1153, 28, -1
312, 1209, -1
1209, 1231, -1
2, 1168, -1
27, 596, -1
1, 952, -1
5, 28, -1
1307, 701, -1
312, 701, -1
1153, 5, -1
2, 1307, -1
1307, 319, -1
312, 319, -1
596, 334, -1
1153, 791, -1
1449, 524, -1
952, 1, -1
1231, 319, -1
1307, 952, -1
27, 703, -1
312, 952, -1
1160, 524, -1
1, 830, -1
1168, 1449, -1
28, 128, -1
1168, 128, -1
5, 791, -1
4, 701, -1
1209, 830, -1
1168, 2, -1
1168, 667, -1
1, 524, -1
1449, 128, -1
1153, 1307, -1
1160, 1449, -1
1168, 397, -1
28, 397, -1
1168, 644, -1
4, 952, -1
703, 791, -1
5, 4, -1
1160, 2, -1
27, 28, -1
1, 128, -1
128, 596, -1
596, 701, -1
667, 334, -1
1168, 1003, -1
1449, 644, -1
1209, 1449, -1
596, 319, -1
334, 319, -1
596, 1231, -1
1, 667, -1
1153, 596, -1
1209, 2, -1
1209, 667, -1
1449, 1003, -1
1168, 1160, -1
28, 1160, -1
596, 952, -1
1209, 1197, -1
397, 334, -1
1, 397, -1
1307, 128, -1
312, 1449, -1
1, 644, -1
312, 128, -1
27, 791, -1
1209, 397, -1
1449, 1160, -1
1209, 644, -1
128, 312, -1
2, 334, -1
1307, 667, -1
312, 2, -1
312, 667, -1
1197, 791, -1
1307, 1197, -1
644, 596, -1
1307, 397, -1
312, 397, -1
952, 596, -1
1307, 644, -1
1, 1160, -1
1209, 312, -1
5, 1, -1
397, 596, -1
1209, 1160, -1
596, 524, -1
830, 1, -1
1209, 952, -1
28, 524, -1
1231, 397, -1
830, 28, -1
1231, 644, -1
667, 1, -1
1197, 596, -1
791, 701, -1
703, 524, -1
1209, 524, -1
1307, 1, -1
319, 397, -1
1231, 701, -1
644, 1, -1
4, 644, -1
701, 1, -1
791, 1197, -1
27, 1, -1
1168, 0, -1
1153, 1168, -1
397, 1, -1
1231, 1197, -1
791, 397, -1
703, 830, -1
4, 1003, -1
334, 2, -1
334, 667, -1
5, 128, -1
1197, 1, -1
2, 312, -1
128, 0, -1
5, 1003, -1
830, 1449, -1
703, 5, -1
334, 4, -1
1160, 0, -1
703, 334, -1
334, 397, -1
830, 2, -1
334, 644, -1
28, 644, -1
830, 4, -1
334, 701, -1
596, 1003, -1
334, 1003, -1
830, 1209, -1
28, 1003, -1
1209, 128, -1
703, 27, -1
830, 644, -1
1209, 1168, -1
791, 524, -1
1209, 1003, -1
701, 5, -1
791, 5, -1
1307, 1209, -1
334, 1197, -1
830, 701, -1
667, 1449, -1
791, 334, -1
830, 1003, -1
703, 1307, -1
667, 1168, -1
703, 596, -1
830, 667, -1
334, 952, -1
312, 0, -1
1307, 1449, -1
27, 1209, -1
5, 1160, -1
1197, 5, -1
830, 1197, -1
644, 1168, -1
952, 0, -1
4, 524, -1
791, 830, -1
1307, 2, -1
5, 952, -1
319, 334, -1
27, 1449, -1
830, 397, -1
830, 952, -1
830, 1153, -1
1231, 1003, -1
1153, 312, -1
334, 1, -1
27, 2, -1
319, 830, -1
1231, 667, -1
334, 28, -1
701, 596, -1
5, 667, -1
5, 644, -1
596, 667, -1
644, 1449, -1
28, 667, -1
4, 667, -1
644, 2, -1

808, 644, 1
808, 128, 1
808, 701, 1
808, 397, 1
808, 703, 1
808, 1197, 1
808, 1153, 1
808, 1160, 1
808, 667, 1
808, 952, 1
808, 1003, 1
667, 701, 1
952, 397, 1
701, 397, 1
952, 644, 1
667, 703, 1
644, 701, 1
667, 1197, 1
1003, 703, 1
952, 701, 1
667, 1160, 1
644, 703, 1
1003, 1160, 1
1197, 397, 1
667, 952, 1
397, 701, 1
952, 703, 1
701, 703, 1
644, 1160, 1
1153, 128, 1
952, 1160, 1
644, 952, 1
1197, 701, 1
397, 703, 1
397, 1197, 1
701, 952, 1
952, 1153, 1
1197, 703, 1
397, 952, 1
1197, 952, 1
1160, 128, 1
128, 1003, 1
1153, 644, 1
1003, 128, 1
128, 667, 1
1153, 701, 1
128, 1197, 1
1153, 1003, 1
1153, 667, 1
128, 397, 1
128, 644, 1
1153, 703, 1
1153, 1197, 1
1160, 644, 1
1153, 1160, 1
1003, 644, 1
667, 128, 1
128, 701, 1
1153, 397, 1
1153, 952, 1
1160, 701, 1
667, 1003, 1
1160, 1003, 1
1003, 701, 1
644, 128, 1
1160, 667, 1
128, 703, 1
1003, 667, 1
1160, 703, 1
952, 128, 1
128, 1160, 1
1160, 1197, 1
952, 1003, 1
1003, 1197, 1
128, 952, 1
667, 397, 1
952, 667, 1
1160, 397, 1
128, 1153, 1
667, 644, 1
1160, 952, 1
644, 1197, 1
1003, 397, 1
1160, 1153, 1
1003, 952, 1
952, 1197, 1
701, 1197, 1
644, 397, 1
701, 1003, 1
128, 808, 1
703, 1003, 1
1197, 1003, 1
703, 701, 1
397, 1003, 1
644, 1003, 1
1153, 808, 1
1160, 808, 1
952, 808, 1
644, 667, 1
703, 1197, 1
1341, 1209, -1
1341, 334, -1
1341, 5, -1
1341, 1168, -1
1341, 1307, -1
1341, 27, -1
1341, 830, -1
1341, 1231, -1
1341, 312, -1
1341, 524, -1
1341, 1, -1
1341, 2, -1
1341, 4, -1
1341, 596, -1
1341, 28, -1
1341, 1449, -1
1341, 0, -1
1341, 644, -1
1341, 128, -1
1341, 701, -1
1341, 397, -1
1341, 703, -1
1341, 1197, -1
1341, 1153, -1
1341, 1160, -1
1341, 667, -1
1341, 952, -1
1341, 1003, -1
1341, 791, -1
1341, 319, -1
808, 1209, -1
808, 334, -1
808, 5, -1
808, 1168, -1
808, 1307, -1
808, 27, -1
808, 830, -1
808, 1231, -1
808, 312, -1
808, 524, -1
808, 1, -1
808, 2, -1
808, 4, -1
808, 596, -1
808, 28, -1
808, 1449, -1
808, 0, -1
808, 791, -1
808, 319, -1
808, 1341, -1
27, 1197, -1
2, 667, -1
667, 319, -1
1153, 524, -1
667, 1341, -1
1307, 701, -1
1, 1153, -1
27, 397, -1
667, 1231, -1
312, 701, -1
312, 1003, -1
27, 644, -1
1153, 5, -1
1003, 319, -1
1003, 1231, -1
128, 28, -1
1209, 1153, -1
1160, 1, -1
1153, 334, -1
128, 830, -1
644, 319, -1
1160, 28, -1
644, 1341, -1
1307, 703, -1
644, 1231, -1
312, 703, -1
27, 701, -1
2, 397, -1
952, 319, -1
1153, 791, -1
312, 1197, -1
701, 319, -1
952, 1341, -1
2, 644, -1
952, 1231, -1
701, 1231, -1
952, 1, -1
397, 319, -1
1153, 830, -1
27, 703, -1
128, 5, -1
952, 312, -1
397, 1231, -1
1160, 524, -1
2, 701, -1
2, 1003, -1
1160, 5, -1
1003, 524, -1
128, 334, -1
1153, 1168, -1
4, 701, -1
1003, 5, -1
1197, 319, -1
1160, 334, -1
128, 1209, -1
1153, 2, -1
1197, 1231, -1
128, 791, -1
1003, 334, -1
2, 703, -1
1160, 791, -1
2, 1197, -1
1153, 1307, -1
4, 703, -1
667, 28, -1
1003, 791, -1
128, 0, -1
128, 1449, -1
667, 830, -1
4, 1197, -1
0, 644, -1
1160, 830, -1
128, 27, -1
1003, 28, -1
1160, 0, -1
312, 644, -1
128, 1168, -1
1160, 1449, -1
1003, 830, -1
1168, 397, -1
1160, 1168, -1
644, 28, -1
4, 397, -1
28, 397, -1
128, 2, -1
128, 1341, -1
0, 701, -1
667, 524, -1
644, 830, -1
1003, 1168, -1
0, 1003, -1
703, 791, -1
952, 28, -1
1160, 2, -1
667, 5, -1
1153, 27, -1
952, 830, -1
128, 1307, -1
0, 667, -1
701, 830, -1
128, 596, -1
596, 701, -1
5, 397, -1
1168, 701, -1
28, 701, -1
667, 334, -1
128, 4, -1
1160, 1307, -1
0, 703, -1
644, 524, -1
1449, 644, -1
1, 1003, -1
397, 830, -1
1160, 4, -1
1153, 1341, -1
1153, 1231, -1
0, 1197, -1
644, 5, -1
1160, 1209, -1
667, 791, -1
1, 667, -1
952, 524, -1
1209, 1003, -1
596, 703, -1
334, 703, -1
1168, 703, -1
5, 701, -1
644, 334, -1
952, 5, -1
28, 703, -1
1153, 596, -1
596, 1197, -1
1449, 701, -1
1153, 4, -1
0, 397, -1
1209, 667, -1
1168, 1197, -1
28, 1197, -1
1449, 1003, -1
1197, 830, -1
952, 334, -1
701, 334, -1
524, 701, -1
644, 791, -1
0, 1153, -1
1449, 667, -1
1160, 27, -1
596, 397, -1
667, 1168, -1
952, 1209, -1
5, 703, -1
1209, 1197, -1
952, 791, -1
397, 334, -1
701, 791, -1
128, 319, -1
1449, 703, -1
1, 397, -1
5, 1197, -1
1, 644, -1
128, 1231, -1
1449, 1197, -1
830, 703, -1
524, 703, -1
1160, 319, -1
1160, 1341, -1
1307, 1003, -1
1209, 397, -1
397, 791, -1
1160, 1231, -1
128, 1, -1
524, 1197, -1
952, 0, -1
1209, 644, -1
644, 1168, -1
952, 1449, -1
128, 312, -1
1003, 1341, -1
1307, 667, -1
1197, 334, -1
1449, 397, -1
312, 667, -1
667, 596, -1
952, 27, -1
1, 701, -1
1160, 596, -1
952, 1168, -1
667, 4, -1
1153, 319, -1
1160, 312, -1
524, 397, -1
1449, 1153, -1
1003, 596, -1
1197, 791, -1
1209, 701, -1
1003, 4, -1
952, 2, -1
27, 1003, -1
1307, 1197, -1
644, 596, -1
1, 703, -1
1153, 312, -1
27, 667, -1
703, 319, -1
644, 4, -1
1153, 28, -1
128, 524, -1
703, 1231, -1
1, 1197, -1
952, 1307, -1
1307, 397, -1
312, 397, -1
952, 596, -1
1307, 644, -1
1209, 703, -1
952, 4, -1
4, 128, -1
397, 596, -1
1, 952, -1
1209, 1160, -1
1209, 952, -1
1, 808, -1
1231, 397, -1
1231, 644, -1
1197, 596, -1
1209, 808, -1
791, 701, -1
319, 397, -1
1231, 701, -1
701, 1341, -1
1307, 1160, -1
312, 1160, -1
0, 128, -1
1307, 952, -1
791, 1197, -1
312, 952, -1
596, 128, -1
1168, 128, -1
312, 1153, -1
28, 128, -1
27, 1160, -1
1231, 1197, -1
312, 808, -1
791, 397, -1
4, 1003, -1
1197, 1341, -1
27, 952, -1
1168, 667, -1
28, 667, -1
4, 667, -1
1449, 128, -1
2, 1160, -1
5, 1003, -1
524, 128, -1
4, 1160, -1
2, 952, -1
334, 397, -1
1168, 644, -1
4, 952, -1
2, 808, -1
1, 128, -1
334, 701, -1
596, 1003, -1
334, 1003, -1
1168, 1003, -1
28, 1003, -1
1209, 128, -1
596, 667, -1
0, 1160, -1
701, 5, -1
334, 1197, -1
0, 952, -1
596, 1160, -1
830, 701, -1
1168, 1160, -1
28, 1160, -1
830, 1003, -1
524, 1003, -1
0, 808, -1
596, 952, -1
703, 596, -1
334, 952, -1
1168, 952, -1
28, 952, -1
524, 667, -1
1307, 128, -1
312, 128, -1
1168, 1153, -1
1197, 5, -1
1168, 808, -1
1449, 1160, -1
830, 1197, -1
5, 952, -1
524, 1160, -1
1449, 952, -1
27, 128, -1
830, 397, -1
830, 952, -1
524, 952, -1
1449, 808, -1
1231, 1003, -1
1231, 667, -1
2, 128, -1
701, 596, -1
1, 1160, -1
5, 644, -1
5, 667, -1

