1, 1045, 1
1045, 1434, -1
1, 1434, -1
999, 1434, -1
999, 1045, -1
999, 1, -1
286, 1434, -1
286, 1045, -1
286, 1, -1
286, 999, -1
1434, 1045, -1
1045, 286, -1
1, 286, -1
1045, 999, -1
1, 999, -1

1294, 999, 1
708, 1434, 1
1294, 1434, -1
1294, 1045, -1
1294, 1, -1
1294, 286, -1
708, 1045, -1
708, 1, -1
708, 999, -1
708, 1294, -1
708, 286, -1
901, 1434, -1
901, 708, -1
901, 1045, -1
901, 1, -1
901, 999, -1
901, 1294, -1
901, 286, -1
1434, 901, -1
999, 286, -1
1434, 1045, -1
1434, 286, -1
1, 1434, -1
1434, 999, -1
1045, 999, -1
1, 999, -1
708, 901, -1
1434, 1294, -1
1, 1294, -1
1045, 1294, -1
1, 708, -1

1068, 286, 1
1436, 1434, -1
1436, 708, -1
1436, 1045, -1
1436, 1, -1
1436, 999, -1
1436, 1294, -1
1436, 286, -1
1436, 901, -1
1068, 1434, -1
1068, 708, -1
1068, 1045, -1
1068, 1, -1
1068, 999, -1
1068, 1294, -1
1068, 901, -1
1068, 1436, -1
1294, 286, -1
708, 286, -1
901, 286, -1
1434, 286, -1
286, 999, -1
1045, 286, -1
1, 286, -1
1434, 1068, -1
1, 1068, -1

1416, 286, 1
1416, 1068, 1
1315, 999, 1
1315, 1294, 1
1246, 901, 1
1068, 286, 1
1294, 999, 1
1416, 1434, -1
1416, 708, -1
1416, 1045, -1
1416, 1, -1
1416, 999, -1
1416, 1294, -1
1416, 901, -1
1416, 1436, -1
1315, 1434, -1
1315, 708, -1
1315, 1045, -1
1315, 1, -1
1315, 286, -1
1315, 1068, -1
1315, 1416, -1
1315, 901, -1
1315, 1436, -1
1246, 1434, -1
1246, 708, -1
1246, 1045, -1
1246, 1, -1
1246, 999, -1
1246, 1294, -1
1246, 1315, -1
1246, 286, -1
1246, 1068, -1
1246, 1416, -1
1246, 1436, -1
1068, 1045, -1
708, 1068, -1
1434, 1068, -1
1416, 1246, -1
1, 1294, -1
1294, 286, -1
1068, 999, -1
1, 1068, -1
1068, 1246, -1
1045, 286, -1
1436, 1294, -1
1068, 901, -1
901, 1294, -1
1436, 1068, -1
708, 286, -1
286, 999, -1
1434, 286, -1
1068, 1294, -1
1, 286, -1
1045, 999, -1
1416, 1315, -1
1436, 901, -1
1436, 286, -1
1045, 901, -1
901, 286, -1
708, 999, -1
1434, 999, -1
286, 1294, -1
1, 999, -1
1045, 1294, -1
708, 901, -1
1434, 901, -1
1, 901, -1
1436, 999, -1
1315, 1246, -1
901, 999, -1
708, 1294, -1
1434, 1294, -1
1, 1246, -1
999, 286, -1
1068, 1436, -1
1434, 1315, -1
1045, 1246, -1
1294, 1246, -1
1436, 1246, -1
1, 1315, -1
708, 1246, -1
1068, 708, -1
1434, 1246, -1
1294, 901, -1

1059, 999, 1
1059, 1294, 1
1059, 1315, 1
1050, 1436, 1
1294, 999, 1
1315, 1294, 1
1315, 999, 1
1315, 1059, 1
1059, 1434, -1
1059, 708, -1
1059, 1045, -1
1059, 1, -1
1059, 286, -1
1059, 1068, -1
1059, 1416, -1
1059, 901, -1
1059, 1246, -1
1059, 1436, -1
1050, 1434, -1
1050, 708, -1
1050, 1045, -1
1050, 1, -1
1050, 999, -1
1050, 1294, -1
1050, 1315, -1
1050, 1059, -1
1050, 286, -1
1050, 1068, -1
1050, 1416, -1
1050, 901, -1
1050, 1246, -1
1416, 999, -1
1, 1294, -1
1068, 999, -1
1315, 1050, -1
1246, 999, -1
1, 1315, -1
1436, 1294, -1
1436, 708, -1
1436, 1068, -1
901, 1294, -1
1315, 1068, -1
1315, 708, -1
1315, 1434, -1
1436, 1434, -1
1416, 1294, -1
286, 999, -1
1434, 1294, -1
1068, 1294, -1
1246, 1294, -1
1045, 999, -1
1416, 1315, -1
1, 1436, -1
1436, 286, -1
1315, 286, -1
1315, 1436, -1
708, 999, -1
1434, 999, -1
286, 1294, -1
1, 999, -1
1045, 1294, -1
1315, 1045, -1
1436, 1045, -1
1416, 1436, -1
1436, 999, -1
1315, 1246, -1
901, 999, -1
1436, 1246, -1
708, 1294, -1
1315, 901, -1
1436, 901, -1
1434, 1059, -1
1, 1050, -1
1416, 1050, -1
1, 1059, -1
1294, 286, -1
1434, 1315, -1
1416, 1059, -1
1294, 1246, -1
1434, 1050, -1
1434, 1436, -1
999, 286, -1
1059, 1050, -1

472, 1045, 1
472, 1, 1
366, 999, 1
366, 1294, 1
366, 1315, 1
366, 1059, 1
619, 1045, 1
619, 1, 1
619, 472, 1
1449, 1045, 1
1449, 1, 1
1449, 472, 1
1449, 619, 1
1059, 1294, 1
1059, 1315, 1
1045, 1, 1
1, 619, 1
1315, 999, 1
1294, 999, 1
472, 1449, 1
1059, 999, 1
1315, 1059, 1
1315, 1294, 1
1, 1045, 1
472, 619, 1
999, 1294, 1
619, 1449, 1
1, 1449, 1
1315, 366, 1
1294, 366, 1
1059, 366, 1
472, 1434, -1
472, 708, -1
472, 999, -1
472, 1294, -1
472, 1315, -1
472, 1059, -1
472, 286, -1
472, 1068, -1
472, 1416, -1
472, 901, -1
472, 1246, -1
472, 1436, -1
472, 1050, -1
366, 1434, -1
366, 708, -1
366, 1045, -1
366, 1, -1
366, 472, -1
366, 286, -1
366, 1068, -1
366, 1416, -1
366, 901, -1
366, 1246, -1
366, 1436, -1
366, 1050, -1
619, 1434, -1
619, 708, -1
619, 999, -1
619, 1294, -1
619, 1315, -1
619, 1059, -1
619, 366, -1
619, 286, -1
619, 1068, -1
619, 1416, -1
619, 901, -1
619, 1246, -1
619, 1436, -1
619, 1050, -1
1449, 1434, -1
1449, 708, -1
1449, 999, -1
1449, 1294, -1
1449, 1315, -1
1449, 1059, -1
1449, 366, -1
1449, 286, -1
1449, 1068, -1
1449, 1416, -1
1449, 901, -1
1449, 1246, -1
1449, 1436, -1
1449, 1050, -1
1068, 1045, -1
1434, 1059, -1
1, 1416, -1
1416, 999, -1
1434, 1315, -1
1, 1434, -1
472, 366, -1
1068, 1294, -1
1045, 1246, -1
1059, 708, -1
1045, 901, -1
1416, 1449, -1
1416, 619, -1
1434, 1045, -1
1315, 1436, -1
1059, 1449, -1
1434, 999, -1
1059, 619, -1
1045, 1294, -1
1315, 1045, -1
1436, 1045, -1
1, 901, -1
1436, 999, -1
1315, 1246, -1
1045, 366, -1
1315, 901, -1
1434, 1294, -1
1, 1050, -1
1, 1059, -1
1068, 999, -1
1, 1068, -1
1045, 286, -1
1, 1315, -1
1436, 1294, -1
1, 366, -1
1315, 1068, -1
1, 286, -1
1045, 999, -1
366, 619, -1
1050, 1059, -1
1, 1436, -1
1315, 286, -1
1050, 1315, -1
1, 999, -1
1416, 472, -1
1, 1246, -1
1, 1294, -1
1050, 1045, -1
1294, 286, -1
999, 286, -1
1416, 1, -1
1434, 619, -1
1059, 1, -1
1416, 1059, -1
1315, 1449, -1
1315, 619, -1
1246, 1294, -1
1416, 1315, -1
1050, 1294, -1
1059, 1068, -1
708, 1045, -1
1045, 1416, -1
1059, 1436, -1
901, 999, -1
708, 1294, -1
1416, 1045, -1
1059, 1045, -1
1, 708, -1
1246, 999, -1
1059, 1246, -1
1050, 999, -1
901, 1294, -1
1059, 901, -1
1315, 708, -1
1416, 1294, -1
708, 999, -1
1050, 619, -1
1059, 286, -1
1315, 1, -1
708, 366, -1
1315, 1050, -1
1434, 366, -1
1434, 1449, -1
1068, 1, -1
1436, 1, -1
1246, 1, -1
1315, 1434, -1
1050, 1, -1
286, 999, -1
1436, 366, -1
901, 366, -1
1294, 1246, -1
1059, 1050, -1
1294, 1, -1
286, 1, -1
1416, 366, -1
1059, 1434, -1
1315, 472, -1
1068, 366, -1
1050, 366, -1
1050, 1449, -1
286, 1294, -1
708, 1, -1
1434, 1, -1
1059, 472, -1
901, 1, -1

978, 999, 1
978, 1294, 1
978, 1315, 1
978, 1059, 1
978, 366, 1
0, 1045, 1
0, 1, 1
0, 472, 1
0, 619, 1
0, 1449, 1
1439, 1434, 1
1439, 708, 1
1428, 286, 1
1428, 1068, 1
1428, 1416, 1
125, 1045, 1
125, 1, 1
125, 472, 1
125, 619, 1
125, 1449, 1
125, 0, 1
1434, 708, 1
1315, 1294, 1
1059, 999, 1
1045, 472, 1
1315, 1059, 1
1449, 1, 1
1, 125, 1
366, 1294, 1
1, 1449, 1
472, 0, 1
1, 619, 1
1315, 366, 1
472, 125, 1
1294, 999, 1
472, 1449, 1
1416, 1068, 1
472, 619, 1
1059, 1294, 1
619, 125, 1
1449, 125, 1
1, 472, 1
1059, 1315, 1
1449, 619, 1
1059, 366, 1
619, 472, 1
1, 1045, 1
1416, 286, 1
472, 1045, 1
1449, 472, 1
1068, 286, 1
0, 125, 1
1315, 999, 1
619, 1045, 1
1045, 125, 1
366, 999, 1
1449, 1045, 1
1045, 619, 1
472, 1, 1
1315, 978, 1
1068, 1428, 1
366, 1059, 1
619, 1, 1
1045, 1, 1
1294, 366, 1
366, 1315, 1
708, 1439, 1
1416, 1428, 1
1434, 1439, 1
999, 1294, 1
1, 0, 1
619, 1449, 1
1449, 0, 1
1059, 978, 1
978, 1434, -1
978, 708, -1
978, 1045, -1
978, 1, -1
978, 472, -1
978, 619, -1
978, 1449, -1
978, 286, -1
978, 1068, -1
978, 1416, -1
978, 901, -1
978, 1246, -1
978, 1436, -1
978, 1050, -1
0, 1434, -1
0, 708, -1
0, 999, -1
0, 1294, -1
0, 1315, -1
0, 1059, -1
0, 366, -1
0, 978, -1
0, 286, -1
0, 1068, -1
0, 1416, -1
0, 901, -1
0, 1246, -1
0, 1436, -1
0, 1050, -1
1439, 1045, -1
1439, 1, -1
1439, 472, -1
1439, 619, -1
1439, 1449, -1
1439, 0, -1
1439, 999, -1
1439, 1294, -1
1439, 1315, -1
1439, 1059, -1
1439, 366, -1
1439, 978, -1
1439, 286, -1
1439, 1068, -1
1439, 1416, -1
1439, 901, -1
1439, 1246, -1
1439, 1436, -1
1439, 1050, -1
1428, 1434, -1
1428, 708, -1
1428, 1439, -1
1428, 1045, -1
1428, 1, -1
1428, 472, -1
1428, 619, -1
1428, 1449, -1
1428, 0, -1
1428, 999, -1
1428, 1294, -1
1428, 1315, -1
1428, 1059, -1
1428, 366, -1
1428, 978, -1
1428, 901, -1
1428, 1246, -1
1428, 1436, -1
1428, 1050, -1
125, 1434, -1
125, 708, -1
125, 1439, -1
125, 999, -1
125, 1294, -1
125, 1315, -1
125, 1059, -1
125, 366, -1
125, 978, -1
125, 286, -1
125, 1068, -1
125, 1416, -1
125, 1428, -1
125, 901, -1
125, 1246, -1
125, 1436, -1
125, 1050, -1
1068, 1045, -1
619, 1246, -1
1434, 1059, -1
1, 1416, -1
1434, 1068, -1
1416, 999, -1
1434, 1315, -1
1068, 1246, -1
1315, 1050, -1
1, 1434, -1
1434, 366, -1
1294, 1439, -1
999, 1439, -1
472, 1294, -1
286, 1439, -1
1045, 1436, -1
1068, 901, -1
1436, 1068, -1
1315, 1434, -1
472, 1068, -1
978, 1428, -1
1449, 1050, -1
472, 366, -1
1449, 1059, -1
1434, 286, -1
978, 125, -1
1068, 1294, -1
1416, 708, -1
1449, 1068, -1
1045, 1246, -1
1434, 1436, -1
1449, 1315, -1
1449, 1434, -1
1059, 708, -1
1059, 1428, -1
1436, 286, -1
1045, 901, -1
1416, 1449, -1
1068, 366, -1
472, 286, -1
1416, 619, -1
1434, 1045, -1
1315, 1436, -1
366, 286, -1
1434, 999, -1
1050, 125, -1
978, 1439, -1
1059, 619, -1
1434, 1246, -1
1449, 286, -1
1045, 1294, -1
1315, 1045, -1
1294, 1434, -1
1436, 1045, -1
999, 1434, -1
1449, 1436, -1
1434, 901, -1
1, 901, -1
1436, 999, -1
1315, 1246, -1
472, 999, -1
1045, 366, -1
1315, 901, -1
1434, 1294, -1
366, 1246, -1
1449, 999, -1
708, 1428, -1
1, 1050, -1
1449, 1246, -1
1, 1059, -1
708, 125, -1
1, 1068, -1
1068, 999, -1
1045, 286, -1
1449, 901, -1
1436, 1294, -1
1, 1315, -1
1, 366, -1
1315, 1068, -1
619, 708, -1
1449, 1294, -1
619, 1428, -1
286, 999, -1
1436, 366, -1
1, 286, -1
1045, 999, -1
1, 1436, -1
1050, 1068, -1
1449, 366, -1
1416, 125, -1
1315, 286, -1
1050, 1434, -1
1059, 125, -1
286, 1294, -1
619, 1439, -1
1, 999, -1
0, 1428, -1
1416, 472, -1
472, 978, -1
1, 1246, -1
1045, 708, -1
1045, 1428, -1
1416, 1439, -1
1449, 978, -1
1059, 1439, -1
1434, 1428, -1
1, 1294, -1
1294, 286, -1
1050, 1045, -1
1434, 125, -1
1416, 1, -1
1434, 619, -1
619, 1416, -1
472, 708, -1
472, 1428, -1
1436, 125, -1
1416, 1050, -1
1416, 1059, -1
901, 366, -1
708, 1436, -1
1315, 619, -1
1449, 708, -1
1449, 1428, -1
1246, 1294, -1
1059, 1050, -1
1416, 1315, -1
1416, 1434, -1
1050, 1294, -1
1059, 1068, -1
708, 1045, -1
1059, 1434, -1
1068, 125, -1
901, 286, -1
1, 978, -1
472, 1439, -1
1050, 366, -1
619, 1436, -1
1045, 1416, -1
366, 1439, -1
708, 901, -1
1416, 1436, -1
1246, 286, -1
1068, 1439, -1
1059, 1436, -1
1050, 286, -1
901, 999, -1
708, 1294, -1
1416, 1045, -1
1428, 125, -1
708, 1068, -1
1059, 1045, -1
619, 901, -1
1416, 1246, -1
708, 366, -1
1, 708, -1
1, 1428, -1
1246, 999, -1
472, 1050, -1
1059, 1246, -1
0, 1439, -1
1416, 901, -1
472, 1059, -1
1050, 999, -1
472, 1416, -1
1045, 1439, -1
901, 1294, -1
619, 1294, -1
1059, 901, -1
1315, 708, -1
1315, 1428, -1
472, 1315, -1
472, 1434, -1
619, 1059, -1
1315, 125, -1
619, 1068, -1
1416, 1294, -1
708, 286, -1
366, 1434, -1
1449, 1416, -1
619, 1315, -1
619, 366, -1
1416, 0, -1
1, 1439, -1
1050, 708, -1
1416, 366, -1
472, 1436, -1
1315, 1439, -1
708, 999, -1
619, 286, -1
708, 1246, -1
1050, 619, -1
1045, 1059, -1
1045, 1068, -1
999, 708, -1
1449, 1439, -1
1045, 1315, -1
1059, 286, -1
472, 1246, -1
1416, 978, -1
619, 999, -1
472, 901, -1
366, 901, -1
366, 1, -1
1294, 472, -1
999, 286, -1
286, 472, -1
1434, 1449, -1
1068, 1, -1
1246, 1, -1
1059, 1, -1
1436, 1434, -1
1050, 1, -1
366, 1068, -1
366, 1428, -1
366, 708, -1
1315, 1449, -1
708, 472, -1
1294, 1246, -1
366, 125, -1
1434, 472, -1
1068, 708, -1
366, 619, -1
1050, 1059, -1
901, 1, -1
1294, 1, -1
286, 1, -1
1050, 1428, -1
1315, 472, -1
1050, 1315, -1
1436, 472, -1
1059, 1449, -1
901, 472, -1
366, 472, -1
1436, 1439, -1
366, 1436, -1
1050, 1449, -1
901, 1439, -1
708, 1, -1
1434, 1, -1
1068, 472, -1
366, 1045, -1
619, 978, -1
1246, 472, -1
1059, 472, -1
1068, 1436, -1
1050, 472, -1
1246, 1439, -1
1050, 1439, -1
1315, 1, -1
1436, 1, -1
1436, 1428, -1

339, 901, 1
339, 1246, 1
299, 999, 1
299, 1294, 1
299, 1315, 1
299, 1059, 1
299, 366, 1
299, 978, 1
823, 999, 1
823, 1294, 1
823, 1315, 1
823, 1059, 1
823, 366, 1
823, 978, 1
823, 299, 1
1294, 823, 1
999, 823, 1
299, 823, 1
1315, 1294, 1
1059, 999, 1
1315, 1059, 1
978, 1294, 1
978, 1059, 1
366, 1294, 1
1315, 299, 1
978, 1315, 1
978, 299, 1
1315, 366, 1
978, 366, 1
1294, 999, 1
1059, 1294, 1
366, 999, 1
1315, 823, 1
1059, 1315, 1
1059, 299, 1
978, 823, 1
1059, 366, 1
366, 823, 1
999, 1294, 1
999, 1059, 1
1315, 978, 1
999, 1315, 1
999, 299, 1
1059, 823, 1
1294, 366, 1
1315, 999, 1
999, 366, 1
978, 999, 1
901, 1246, 1
1059, 978, 1
366, 1315, 1
366, 299, 1
366, 1059, 1
339, 1434, -1
339, 708, -1
339, 1439, -1
339, 1045, -1
339, 1, -1
339, 472, -1
339, 619, -1
339, 1449, -1
339, 0, -1
339, 125, -1
339, 999, -1
339, 1294, -1
339, 1315, -1
339, 1059, -1
339, 366, -1
339, 978, -1
339, 286, -1
339, 1068, -1
339, 1416, -1
339, 1428, -1
339, 1436, -1
339, 1050, -1
299, 1434, -1
299, 708, -1
299, 1439, -1
299, 1045, -1
299, 1, -1
299, 472, -1
299, 619, -1
299, 1449, -1
299, 0, -1
299, 125, -1
299, 286, -1
299, 1068, -1
299, 1416, -1
299, 1428, -1
299, 901, -1
299, 1246, -1
299, 339, -1
299, 1436, -1
299, 1050, -1
823, 1434, -1
823, 708, -1
823, 1439, -1
823, 1045, -1
823, 1, -1
823, 472, -1
823, 619, -1
823, 1449, -1
823, 0, -1
823, 125, -1
823, 286, -1
823, 1068, -1
823, 1416, -1
823, 1428, -1
823, 901, -1
823, 1246, -1
823, 339, -1
823, 1436, -1
823, 1050, -1
619, 1246, -1
1434, 1059, -1
1416, 999, -1
1434, 1315, -1
1068, 1246, -1
1315, 1050, -1
1434, 366, -1
1294, 1439, -1
1315, 339, -1
999, 1439, -1
472, 1294, -1
1068, 901, -1
1315, 1434, -1
978, 708, -1
978, 1428, -1
1434, 823, -1
0, 999, -1
472, 366, -1
1449, 1059, -1
978, 125, -1
1068, 1294, -1
0, 1246, -1
1045, 1246, -1
1449, 1315, -1
1416, 299, -1
1059, 708, -1
1059, 1428, -1
0, 901, -1
1045, 901, -1
472, 823, -1
1068, 366, -1
1315, 1436, -1
366, 286, -1
901, 1439, -1
1434, 999, -1
978, 1439, -1
0, 1294, -1
999, 339, -1
1059, 619, -1
1434, 1246, -1
1045, 1294, -1
1315, 1045, -1
1068, 823, -1
1434, 901, -1
1, 901, -1
1436, 999, -1
619, 978, -1
1315, 1246, -1
339, 823, -1
0, 366, -1
1439, 1059, -1
1436, 1246, -1
472, 999, -1
1246, 1439, -1
1045, 366, -1
1315, 901, -1
1439, 1315, -1
1436, 901, -1
366, 1246, -1
1434, 1294, -1
1449, 999, -1
1449, 1246, -1
1, 1059, -1
0, 823, -1
1068, 999, -1
1045, 823, -1
999, 1436, -1
978, 1050, -1
1449, 901, -1
1, 1315, -1
1436, 1294, -1
1, 366, -1
978, 339, -1
0, 978, -1
1315, 1068, -1
999, 1045, -1
978, 1434, -1
472, 299, -1
1449, 1294, -1
1436, 366, -1
286, 999, -1
1294, 1246, -1
999, 1246, -1
1, 823, -1
1045, 999, -1
1050, 1059, -1
999, 901, -1
1439, 999, -1
1449, 366, -1
1428, 999, -1
1315, 286, -1
1436, 823, -1
1050, 1315, -1
1428, 1246, -1
1059, 125, -1
978, 1436, -1
1428, 901, -1
286, 1294, -1
1, 999, -1
1449, 823, -1
1, 1246, -1
472, 978, -1
978, 1045, -1
999, 1068, -1
0, 299, -1
1439, 1294, -1
1428, 1294, -1
1449, 978, -1
1059, 1439, -1
978, 901, -1
1428, 366, -1
1439, 366, -1
1, 1294, -1
1294, 286, -1
286, 823, -1
999, 286, -1
1434, 299, -1
1050, 1246, -1
1428, 823, -1
1050, 901, -1
978, 1068, -1
1416, 1059, -1
901, 366, -1
1315, 619, -1
1059, 1050, -1
1246, 1294, -1
1439, 978, -1
1059, 339, -1
1416, 1315, -1
1050, 1294, -1
1059, 1068, -1
1449, 299, -1
1059, 1434, -1
901, 823, -1
901, 286, -1
1246, 366, -1
978, 286, -1
1, 978, -1
1050, 366, -1
339, 299, -1
125, 901, -1
366, 1439, -1
708, 901, -1
1246, 823, -1
1246, 286, -1
1050, 823, -1
125, 1294, -1
1059, 1436, -1
901, 999, -1
708, 1294, -1
999, 619, -1
978, 1246, -1
1439, 299, -1
1059, 1045, -1
619, 901, -1
1416, 1246, -1
125, 366, -1
708, 366, -1
1246, 999, -1
1059, 1246, -1
1416, 901, -1
472, 1059, -1
1, 299, -1
1050, 999, -1
901, 1294, -1
619, 1294, -1
1059, 901, -1
1315, 708, -1
1315, 1428, -1
125, 823, -1
472, 1315, -1
619, 1059, -1
708, 823, -1
1315, 125, -1
1416, 1294, -1
619, 1315, -1
619, 366, -1
978, 619, -1
1416, 366, -1
125, 999, -1
1050, 299, -1
619, 823, -1
1315, 1439, -1
708, 999, -1
125, 1246, -1
708, 1246, -1
0, 1059, -1
1416, 823, -1
999, 708, -1
0, 1315, -1
999, 1428, -1
1059, 286, -1
999, 125, -1
472, 1246, -1
1416, 978, -1
619, 999, -1
472, 901, -1
1434, 339, -1
366, 901, -1
1, 339, -1
472, 339, -1
1439, 823, -1
366, 339, -1
366, 1068, -1
366, 1428, -1
366, 708, -1
1416, 339, -1
1449, 339, -1
366, 1434, -1
366, 125, -1
619, 299, -1
366, 619, -1
1050, 339, -1
1294, 901, -1
366, 1436, -1
0, 339, -1
1294, 1434, -1
999, 1434, -1
366, 1045, -1

1270, 999, 1
1270, 1294, 1
1270, 1315, 1
1270, 1059, 1
1270, 366, 1
1270, 978, 1
1270, 299, 1
1270, 823, 1
632, 1045, 1
632, 1, 1
632, 472, 1
632, 619, 1
632, 1449, 1
632, 0, 1
632, 125, 1
288, 286, 1
288, 1068, 1
288, 1416, 1
288, 1428, 1
1444, 1045, 1
1444, 1, 1
1444, 472, 1
1444, 619, 1
1444, 1449, 1
1444, 0, 1
1444, 125, 1
1444, 632, 1
1473, 999, 1
1473, 1294, 1
1473, 1315, 1
1473, 1059, 1
1473, 366, 1
1473, 978, 1
1473, 299, 1
1473, 823, 1
1473, 1270, 1
978, 1270, 1
1059, 999, 1
1315, 1059, 1
1449, 1, 1
366, 1294, 1
0, 1045, 1
366, 1059, 1
472, 0, 1
823, 999, 1
366, 1315, 1
1416, 1428, 1
1, 472, 1
1059, 299, 1
299, 1270, 1
366, 823, 1
823, 1294, 1
1068, 286, 1
0, 1449, 1
1428, 1068, 1
366, 999, 1
1449, 1045, 1
619, 1444, 1
1315, 1294, 1
978, 1059, 1
1428, 286, 1
632, 1444, 1
1059, 1270, 1
978, 1315, 1
1315, 366, 1
366, 299, 1
472, 1449, 1
472, 619, 1
619, 125, 1
1315, 823, 1
619, 472, 1
1, 1045, 1
999, 1294, 1
299, 1059, 1
0, 125, 1
299, 1315, 1
1315, 999, 1
299, 366, 1
0, 619, 1
472, 1444, 1
1294, 823, 1
999, 823, 1
978, 1294, 1
1, 1449, 1
1315, 299, 1
125, 472, 1
472, 125, 1
1294, 999, 1
978, 366, 1
1416, 1068, 1
299, 999, 1
1449, 125, 1
0, 1444, 1
1059, 1315, 1
978, 823, 1
1449, 619, 1
0, 632, 1
299, 1294, 1
1, 1444, 1
978, 999, 1
1045, 125, 1
472, 1, 1
1315, 1270, 1
0, 472, 1
299, 823, 1
366, 1270, 1
1045, 472, 1
472, 632, 1
1, 125, 1
1449, 1444, 1
1, 619, 1
978, 299, 1
1068, 1416, 1
1059, 1294, 1
0, 1, 1
125, 1045, 1
1059, 366, 1
1416, 286, 1
472, 1045, 1
1449, 472, 1
1059, 823, 1
1428, 1416, 1
619, 1045, 1
1270, 1473, 1
1, 632, 1
299, 1473, 1
619, 1, 1
1416, 288, 1
125, 619, 1
1, 0, 1
619, 632, 1
299, 978, 1
1449, 632, 1
619, 1449, 1
1449, 0, 1
1068, 1428, 1
1315, 1473, 1
1294, 1270, 1
999, 1270, 1
1045, 1, 1
823, 1270, 1
1045, 1444, 1
999, 1059, 1
125, 1, 1
125, 1444, 1
1059, 1473, 1
1315, 978, 1
999, 1315, 1
999, 299, 1
1294, 366, 1
999, 366, 1
823, 366, 1
1045, 619, 1
1059, 978, 1
1270, 1434, -1
1270, 708, -1
1270, 1439, -1
1270, 1045, -1
1270, 1, -1
1270, 472, -1
1270, 619, -1
1270, 1449, -1
1270, 0, -1
1270, 125, -1
1270, 286, -1
1270, 1068, -1
1270, 1416, -1
1270, 1428, -1
1270, 901, -1
1270, 1246, -1
1270, 339, -1
1270, 1436, -1
1270, 1050, -1
632, 1434, -1
632, 708, -1
632, 1439, -1
632, 999, -1
632, 1294, -1
632, 1315, -1
632, 1059, -1
632, 366, -1
632, 978, -1
632, 299, -1
632, 823, -1
632, 1270, -1
632, 286, -1
632, 1068, -1
632, 1416, -1
632, 1428, -1
632, 901, -1
632, 1246, -1
632, 339, -1
632, 1436, -1
632, 1050, -1
288, 1434, -1
288, 708, -1
288, 1439, -1
288, 1045, -1
288, 1, -1
288, 472, -1
288, 619, -1
288, 1449, -1
288, 0, -1
288, 125, -1
288, 632, -1
288, 999, -1
288, 1294, -1
288, 1315, -1
288, 1059, -1
288, 366, -1
288, 978, -1
288, 299, -1
288, 823, -1
288, 1270, -1
288, 901, -1
288, 1246, -1
288, 339, -1
288, 1436, -1
288, 1050, -1
1444, 1434, -1
1444, 708, -1
1444, 1439, -1
1444, 999, -1
1444, 1294, -1
1444, 1315, -1
1444, 1059, -1
1444, 366, -1
1444, 978, -1
1444, 299, -1
1444, 823, -1
1444, 1270, -1
1444, 286, -1
1444, 1068, -1
1444, 1416, -1
1444, 1428, -1
1444, 288, -1
1444, 901, -1
1444, 1246, -1
1444, 339, -1
1444, 1436, -1
1444, 1050, -1
1473, 1434, -1
1473, 708, -1
1473, 1439, -1
1473, 1045, -1
1473, 1, -1
1473, 472, -1
1473, 619, -1
1473, 1449, -1
1473, 0, -1
1473, 125, -1
1473, 632, -1
1473, 1444, -1
1473, 286, -1
1473, 1068, -1
1473, 1416, -1
1473, 1428, -1
1473, 288, -1
1473, 901, -1
1473, 1246, -1
1473, 339, -1
1473, 1436, -1
1473, 1050, -1
1068, 1045, -1
1, 1416, -1
1, 1434, -1
1434, 366, -1
999, 1439, -1
472, 1294, -1
288, 1473, -1
1068, 901, -1
1436, 1068, -1
1050, 1270, -1
1416, 708, -1
339, 1294, -1
1059, 708, -1
1416, 299, -1
1436, 286, -1
1416, 1449, -1
1068, 366, -1
1059, 1449, -1
1434, 999, -1
0, 1294, -1
1045, 1294, -1
1436, 1045, -1
1068, 999, -1
1416, 1444, -1
1059, 1444, -1
1428, 1436, -1
1436, 1449, -1
619, 1428, -1
286, 999, -1
1436, 366, -1
1428, 1045, -1
366, 619, -1
1428, 901, -1
0, 1428, -1
472, 978, -1
125, 1270, -1
299, 1068, -1
1416, 1439, -1
1449, 978, -1
1059, 1439, -1
472, 1270, -1
1428, 1449, -1
1428, 366, -1
1294, 286, -1
286, 823, -1
299, 286, -1
619, 1270, -1
1416, 1, -1
299, 1436, -1
1059, 1, -1
472, 708, -1
978, 1068, -1
366, 708, -1
299, 1045, -1
1315, 619, -1
1449, 708, -1
1416, 1434, -1
1449, 299, -1
0, 1270, -1
299, 901, -1
1045, 1270, -1
978, 286, -1
1, 978, -1
619, 1436, -1
125, 901, -1
632, 1473, -1
1068, 472, -1
1050, 823, -1
299, 1449, -1
708, 1068, -1
619, 901, -1
125, 366, -1
1, 708, -1
1246, 999, -1
472, 339, -1
1, 299, -1
1315, 708, -1
619, 339, -1
708, 286, -1
1416, 1294, -1
978, 1449, -1
619, 366, -1
1416, 0, -1
299, 1444, -1
125, 999, -1
125, 1246, -1
0, 339, -1
1449, 1439, -1
472, 1246, -1
619, 999, -1
1434, 1059, -1
619, 1246, -1
978, 1444, -1
1434, 1068, -1
823, 286, -1
1434, 1315, -1
1294, 1439, -1
1315, 339, -1
299, 1439, -1
1428, 472, -1
0, 999, -1
1434, 286, -1
0, 1246, -1
1045, 1246, -1
1449, 1434, -1
1059, 1428, -1
472, 823, -1
1416, 619, -1
1434, 1045, -1
1050, 125, -1
978, 1439, -1
1059, 619, -1
1315, 1246, -1
339, 823, -1
978, 1, -1
0, 823, -1
1045, 823, -1
1416, 1270, -1
978, 1434, -1
1416, 632, -1
1449, 1294, -1
1, 823, -1
1050, 1059, -1
1050, 1068, -1
1050, 1315, -1
1434, 1444, -1
1, 1294, -1
1050, 1045, -1
472, 1428, -1
366, 1428, -1
1416, 339, -1
1449, 1428, -1
366, 125, -1
1059, 339, -1
1270, 1444, -1
901, 823, -1
339, 1428, -1
1050, 366, -1
339, 125, -1
1246, 286, -1
1068, 1439, -1
708, 1294, -1
1428, 708, -1
0, 1473, -1
125, 1068, -1
1416, 1246, -1
1, 1428, -1
472, 1050, -1
1059, 1246, -1
472, 1059, -1
1050, 999, -1
1449, 1270, -1
901, 1294, -1
1315, 1428, -1
472, 1315, -1
125, 286, -1
619, 1059, -1
1315, 125, -1
619, 1068, -1
339, 1270, -1
619, 1315, -1
978, 619, -1
472, 1436, -1
619, 286, -1
0, 1050, -1
366, 1436, -1
0, 1059, -1
1428, 1444, -1
288, 1444, -1
1416, 823, -1
0, 1068, -1
1045, 1068, -1
0, 1315, -1
299, 708, -1
366, 1045, -1
1, 1270, -1
1436, 1, -1
472, 901, -1
0, 286, -1
366, 901, -1
286, 472, -1
0, 1436, -1
978, 708, -1
366, 339, -1
1428, 1439, -1
472, 366, -1
1449, 339, -1
1068, 1294, -1
0, 901, -1
1045, 901, -1
1315, 1436, -1
339, 366, -1
1428, 1, -1
1315, 1045, -1
708, 1270, -1
1, 901, -1
0, 366, -1
472, 999, -1
1045, 366, -1
1315, 901, -1
366, 1246, -1
1449, 999, -1
1449, 1246, -1
1, 339, -1
901, 1270, -1
1436, 1294, -1
339, 999, -1
978, 339, -1
1, 366, -1
125, 1439, -1
1045, 999, -1
1416, 125, -1
299, 1, -1
1059, 125, -1
1416, 1473, -1
619, 1439, -1
1, 999, -1
1449, 823, -1
1, 1246, -1
1428, 1294, -1
125, 1416, -1
1434, 299, -1
1068, 1270, -1
619, 1416, -1
1436, 125, -1
1416, 1050, -1
1416, 1059, -1
901, 366, -1
1246, 1294, -1
1436, 619, -1
1416, 1315, -1
1059, 1068, -1
0, 1416, -1
1045, 1416, -1
1416, 1436, -1
125, 1294, -1
1059, 1436, -1
901, 999, -1
1050, 286, -1
1416, 1045, -1
1428, 125, -1
1436, 1270, -1
1059, 1045, -1
1428, 619, -1
1416, 901, -1
823, 1439, -1
619, 1294, -1
1059, 901, -1
708, 823, -1
472, 1473, -1
1416, 366, -1
1050, 299, -1
1449, 1473, -1
1428, 1270, -1
299, 1428, -1
1428, 632, -1
299, 125, -1
299, 619, -1
1416, 999, -1
1068, 1246, -1
632, 288, -1
286, 1439, -1
472, 1068, -1
978, 1428, -1
1050, 1444, -1
1434, 823, -1
1449, 1050, -1
366, 1068, -1
1, 1473, -1
1449, 1059, -1
978, 125, -1
1449, 1068, -1
1449, 1315, -1
339, 1068, -1
472, 286, -1
366, 286, -1
1449, 286, -1
1068, 823, -1
1449, 1436, -1
1436, 999, -1
339, 286, -1
1434, 1294, -1
1, 1050, -1
1, 1059, -1
708, 125, -1
1, 1068, -1
339, 1045, -1
1045, 286, -1
978, 1050, -1
1, 1315, -1
1449, 901, -1
0, 978, -1
1315, 1068, -1
472, 299, -1
619, 708, -1
619, 299, -1
1, 286, -1
1, 1436, -1
1428, 999, -1
1449, 366, -1
1436, 823, -1
1315, 286, -1
1428, 1246, -1
978, 1436, -1
286, 1294, -1
0, 708, -1
299, 339, -1
1416, 472, -1
978, 1045, -1
0, 299, -1
978, 901, -1
1434, 1428, -1
366, 1444, -1
999, 286, -1
1434, 125, -1
1434, 619, -1
1428, 823, -1
339, 1444, -1
1315, 1449, -1
299, 1246, -1
1050, 1294, -1
708, 1045, -1
1068, 125, -1
901, 286, -1
472, 1439, -1
366, 1439, -1
1246, 823, -1
1434, 1270, -1
978, 1246, -1
1315, 1444, -1
366, 1, -1
708, 366, -1
0, 1439, -1
1045, 1439, -1
472, 1416, -1
125, 823, -1
472, 1434, -1
1449, 1416, -1
1, 1439, -1
1050, 1428, -1
619, 823, -1
708, 999, -1
1315, 1439, -1
1050, 619, -1
0, 1434, -1
1059, 286, -1
1416, 978, -1
1315, 1, -1
1294, 472, -1
1315, 1050, -1
1315, 632, -1
1439, 1473, -1
1045, 1436, -1
1315, 1434, -1
1246, 1270, -1
823, 1045, -1
823, 1246, -1
1050, 632, -1
1294, 1, -1
823, 901, -1
286, 1, -1
339, 1059, -1
978, 472, -1
339, 1315, -1
999, 339, -1
1434, 288, -1
299, 632, -1
1294, 1434, -1
999, 1434, -1
619, 978, -1
1246, 472, -1
1428, 1050, -1
1439, 1059, -1
1428, 1059, -1
1050, 472, -1
1428, 339, -1
472, 288, -1
1439, 1315, -1
1428, 1315, -1
1428, 1434, -1
901, 1, -1
125, 1428, -1
125, 708, -1
125, 299, -1
999, 1436, -1
1434, 1449, -1
299, 472, -1
978, 632, -1
1246, 1, -1
999, 1045, -1
1050, 1, -1
708, 472, -1
1294, 1246, -1
999, 1246, -1
0, 288, -1
1068, 708, -1
999, 901, -1
1439, 999, -1
901, 472, -1
339, 1449, -1
299, 1050, -1
708, 1, -1
1, 288, -1
999, 1068, -1
1045, 1428, -1
1045, 708, -1
823, 125, -1
1059, 472, -1
299, 1434, -1
1439, 1294, -1
1045, 299, -1
1444, 1473, -1
708, 632, -1
1439, 366, -1
1449, 288, -1
1068, 1444, -1
1439, 823, -1
1059, 1050, -1
1428, 978, -1
1439, 978, -1
1059, 632, -1
1059, 1434, -1
619, 1473, -1
1246, 366, -1
366, 472, -1
339, 299, -1
1434, 1, -1
339, 472, -1
999, 619, -1
125, 1059, -1
1434, 632, -1
125, 339, -1
978, 288, -1
1428, 299, -1
1439, 299, -1
125, 1315, -1
1436, 632, -1
1068, 1, -1
1050, 288, -1
339, 1, -1
366, 1434, -1
125, 1436, -1
1068, 632, -1
1434, 472, -1
339, 632, -1
999, 1444, -1
1315, 472, -1
1436, 472, -1
1050, 1449, -1
1439, 1270, -1
1045, 339, -1
1045, 1059, -1
999, 708, -1
999, 1428, -1
823, 1434, -1
1045, 1315, -1
1068, 1436, -1
999, 125, -1
339, 1416, -1
299, 1416, -1
1436, 1428, -1
339, 1473, -1
708, 1416, -1
1434, 1416, -1
1436, 1416, -1
1315, 1416, -1
1050, 1416, -1
1059, 1416, -1
978, 1416, -1

869, 1045, 1
869, 1, 1
869, 472, 1
869, 619, 1
869, 1449, 1
869, 0, 1
869, 125, 1
869, 632, 1
869, 1444, 1
429, 999, 1
429, 1294, 1
429, 1315, 1
429, 1059, 1
429, 366, 1
429, 978, 1
429, 299, 1
429, 823, 1
429, 1270, 1
429, 1473, 1
526, 1045, 1
526, 1, 1
526, 472, 1
526, 619, 1
526, 1449, 1
526, 0, 1
526, 125, 1
526, 632, 1
526, 1444, 1
526, 869, 1
293, 999, 1
293, 1294, 1
293, 1315, 1
293, 1059, 1
293, 366, 1
293, 978, 1
293, 299, 1
293, 823, 1
293, 1270, 1
293, 1473, 1
293, 429, 1
619, 526, 1
1045, 869, 1
978, 1270, 1
632, 1045, 1
125, 619, 1
1059, 999, 1
1315, 1059, 1
1449, 1, 1
632, 526, 1
366, 1294, 1
1473, 1270, 1
299, 429, 1
0, 1045, 1
472, 0, 1
823, 999, 1
0, 526, 1
1045, 526, 1
472, 869, 1
1059, 299, 1
632, 0, 1
299, 1270, 1
1270, 1294, 1
366, 823, 1
632, 1449, 1
1449, 869, 1
125, 1444, 1
1444, 125, 1
1270, 366, 1
0, 1449, 1
366, 999, 1
1059, 429, 1
1449, 1045, 1
1270, 823, 1
1449, 526, 1
619, 1444, 1
1315, 1294, 1
978, 1059, 1
632, 1444, 1
1315, 293, 1
1059, 1270, 1
978, 1315, 1
1270, 999, 1
1315, 366, 1
1, 869, 1
472, 1449, 1
1473, 1059, 1
472, 619, 1
619, 125, 1
1473, 293, 1
1473, 1315, 1
1473, 366, 1
1315, 823, 1
632, 125, 1
1, 1045, 1
632, 619, 1
299, 1059, 1
1, 526, 1
299, 293, 1
0, 125, 1
299, 1315, 1
1315, 999, 1
299, 366, 1
0, 619, 1
1045, 619, 1
472, 1444, 1
1294, 823, 1
1473, 999, 1
999, 823, 1
978, 1294, 1
823, 429, 1
1, 1449, 1
632, 1, 1
1315, 299, 1
978, 293, 1
472, 125, 1
978, 366, 1
1294, 999, 1
1473, 1294, 1
299, 999, 1
1449, 125, 1
0, 1444, 1
1059, 1315, 1
978, 823, 1
1045, 1444, 1
869, 526, 1
1449, 619, 1
0, 632, 1
1315, 429, 1
299, 1294, 1
1473, 823, 1
366, 429, 1
429, 293, 1
1, 1444, 1
1444, 869, 1
632, 472, 1
978, 999, 1
1045, 125, 1
1473, 978, 1
472, 1, 1
1315, 1270, 1
0, 472, 1
299, 823, 1
366, 1270, 1
1294, 429, 1
1270, 429, 1
999, 429, 1
472, 632, 1
1, 125, 1
1449, 1444, 1
1444, 1045, 1
125, 869, 1
1, 619, 1
978, 299, 1
1444, 526, 1
1059, 1294, 1
0, 1, 1
1473, 299, 1
125, 1045, 1
1059, 293, 1
619, 869, 1
1059, 366, 1
125, 526, 1
978, 429, 1
632, 869, 1
472, 1045, 1
1059, 823, 1
472, 526, 1
619, 1045, 1
1473, 429, 1
0, 869, 1
1, 632, 1
1444, 472, 1
299, 1473, 1
619, 1, 1
1045, 472, 1
1, 0, 1
1270, 978, 1
619, 632, 1
366, 1059, 1
299, 978, 1
1449, 632, 1
366, 293, 1
366, 299, 1
125, 472, 1
366, 1315, 1
1444, 1, 1
619, 1449, 1
1449, 0, 1
1, 472, 1
1315, 1473, 1
1294, 1270, 1
999, 1270, 1
1045, 1, 1
823, 1270, 1
1444, 632, 1
619, 472, 1
999, 1294, 1
1270, 1059, 1
999, 1059, 1
823, 1294, 1
125, 1, 1
1270, 293, 1
1270, 299, 1
1315, 978, 1
1059, 1473, 1
1270, 1315, 1
1449, 472, 1
999, 1315, 1
999, 293, 1
999, 299, 1
823, 293, 1
1294, 366, 1
999, 366, 1
823, 366, 1
1270, 1473, 1
1059, 978, 1
869, 1434, -1
869, 708, -1
869, 1439, -1
869, 999, -1
869, 1294, -1
869, 1315, -1
869, 1059, -1
869, 366, -1
869, 978, -1
869, 299, -1
869, 823, -1
869, 1270, -1
869, 1473, -1
869, 286, -1
869, 1068, -1
869, 1416, -1
869, 1428, -1
869, 288, -1
869, 901, -1
869, 1246, -1
869, 339, -1
869, 1436, -1
869, 1050, -1
429, 1434, -1
429, 708, -1
429, 1439, -1
429, 1045, -1
429, 1, -1
429, 472, -1
429, 619, -1
429, 1449, -1
429, 0, -1
429, 125, -1
429, 632, -1
429, 1444, -1
429, 869, -1
429, 286, -1
429, 1068, -1
429, 1416, -1
429, 1428, -1
429, 288, -1
429, 901, -1
429, 1246, -1
429, 339, -1
429, 1436, -1
429, 1050, -1
526, 1434, -1
526, 708, -1
526, 1439, -1
526, 999, -1
526, 1294, -1
526, 1315, -1
526, 1059, -1
526, 366, -1
526, 978, -1
526, 299, -1
526, 823, -1
526, 1270, -1
526, 1473, -1
526, 429, -1
526, 286, -1
526, 1068, -1
526, 1416, -1
526, 1428, -1
526, 288, -1
526, 901, -1
526, 1246, -1
526, 339, -1
526, 1436, -1
526, 1050, -1
293, 1434, -1
293, 708, -1
293, 1439, -1
293, 1045, -1
293, 1, -1
293, 472, -1
293, 619, -1
293, 1449, -1
293, 0, -1
293, 125, -1
293, 632, -1
293, 1444, -1
293, 869, -1
293, 526, -1
293, 286, -1
293, 1068, -1
293, 1416, -1
293, 1428, -1
293, 288, -1
293, 901, -1
293, 1246, -1
293, 339, -1
293, 1436, -1
293, 1050, -1
1068, 1045, -1
288, 125, -1
1, 1434, -1
632, 999, -1
1434, 366, -1
999, 1439, -1
472, 1294, -1
288, 1473, -1
632, 1246, -1
1434, 869, -1
1050, 1270, -1
1270, 901, -1
339, 1294, -1
1059, 708, -1
1416, 299, -1
1416, 1449, -1
1068, 366, -1
1434, 999, -1
0, 1294, -1
1045, 1294, -1
1068, 869, -1
1436, 1045, -1
1315, 526, -1
1416, 429, -1
288, 1059, -1
1270, 869, -1
125, 1428, -1
288, 1315, -1
1068, 999, -1
1416, 1444, -1
1473, 1, -1
1059, 1444, -1
619, 1428, -1
286, 999, -1
1436, 366, -1
1270, 1246, -1
1428, 1045, -1
288, 1045, -1
366, 619, -1
1473, 1434, -1
0, 1428, -1
1050, 869, -1
472, 978, -1
125, 1270, -1
1045, 1428, -1
299, 1068, -1
1449, 978, -1
1059, 1439, -1
472, 1270, -1
1428, 366, -1
288, 366, -1
286, 823, -1
299, 286, -1
1473, 526, -1
619, 1270, -1
1416, 1, -1
299, 1436, -1
472, 708, -1
978, 1068, -1
299, 1045, -1
1315, 619, -1
1449, 708, -1
1449, 299, -1
0, 1270, -1
299, 901, -1
1045, 1270, -1
1050, 293, -1
978, 286, -1
1, 978, -1
619, 1436, -1
125, 901, -1
632, 1473, -1
1050, 823, -1
1449, 429, -1
125, 339, -1
1270, 472, -1
339, 429, -1
619, 901, -1
125, 366, -1
1416, 526, -1
1, 708, -1
1246, 999, -1
1059, 526, -1
472, 339, -1
1, 299, -1
1315, 708, -1
619, 339, -1
1416, 1294, -1
619, 366, -1
632, 1050, -1
1473, 1428, -1
1416, 0, -1
632, 1059, -1
632, 1068, -1
1473, 125, -1
299, 1444, -1
1, 429, -1
632, 1315, -1
125, 999, -1
125, 1246, -1
1473, 619, -1
0, 339, -1
1045, 339, -1
1449, 1439, -1
632, 286, -1
472, 1246, -1
632, 1436, -1
619, 999, -1
619, 1246, -1
1434, 1059, -1
978, 1444, -1
1434, 1315, -1
1294, 1439, -1
1315, 339, -1
299, 1439, -1
472, 293, -1
288, 472, -1
0, 999, -1
0, 1246, -1
1449, 293, -1
708, 429, -1
1045, 1246, -1
1449, 1434, -1
1059, 1428, -1
472, 823, -1
1416, 619, -1
1434, 1045, -1
1050, 125, -1
978, 1439, -1
1059, 619, -1
1444, 708, -1
1045, 293, -1
1315, 1246, -1
339, 823, -1
366, 526, -1
1270, 286, -1
0, 823, -1
1045, 823, -1
1444, 429, -1
1, 293, -1
1416, 1270, -1
339, 526, -1
1270, 1045, -1
978, 1434, -1
1416, 632, -1
1449, 1294, -1
1294, 526, -1
1, 823, -1
1473, 339, -1
1050, 1059, -1
1050, 1315, -1
1473, 869, -1
1434, 1444, -1
1270, 1449, -1
632, 1439, -1
1068, 429, -1
1, 1294, -1
1050, 1045, -1
1444, 1439, -1
1473, 1246, -1
472, 1428, -1
1449, 1428, -1
366, 125, -1
288, 978, -1
1059, 339, -1
1270, 1444, -1
632, 1434, -1
901, 823, -1
1416, 869, -1
1050, 366, -1
339, 125, -1
1444, 293, -1
1436, 429, -1
1059, 869, -1
708, 1294, -1
125, 1059, -1
901, 526, -1
125, 1068, -1
0, 1473, -1
288, 299, -1
125, 1315, -1
288, 1449, -1
1270, 1439, -1
1, 1428, -1
472, 1050, -1
1059, 1246, -1
472, 1059, -1
1050, 999, -1
1449, 1270, -1
901, 1294, -1
1315, 1428, -1
472, 1315, -1
125, 286, -1
619, 1059, -1
1315, 125, -1
619, 1068, -1
125, 1436, -1
339, 1270, -1
619, 1315, -1
288, 429, -1
1428, 429, -1
1270, 1, -1
978, 619, -1
429, 526, -1
1416, 293, -1
1444, 1294, -1
472, 1436, -1
0, 1050, -1
619, 286, -1
0, 1059, -1
288, 1444, -1
0, 1068, -1
1416, 823, -1
1045, 1059, -1
1045, 1068, -1
0, 1315, -1
299, 708, -1
366, 1045, -1
1045, 1315, -1
1, 1270, -1
472, 901, -1
0, 286, -1
366, 901, -1
1068, 526, -1
0, 1436, -1
1045, 1436, -1
978, 708, -1
472, 366, -1
1449, 339, -1
869, 429, -1
1068, 1294, -1
0, 901, -1
1045, 901, -1
366, 869, -1
1315, 1436, -1
1444, 1428, -1
339, 366, -1
288, 1, -1
1315, 1045, -1
708, 1270, -1
339, 869, -1
1, 901, -1
0, 366, -1
472, 999, -1
1436, 526, -1
1045, 366, -1
1315, 901, -1
366, 1246, -1
1449, 999, -1
632, 978, -1
1449, 1246, -1
1, 339, -1
1436, 1294, -1
339, 999, -1
978, 339, -1
1, 366, -1
125, 1439, -1
1473, 1050, -1
1045, 999, -1
1473, 1068, -1
1444, 1270, -1
1315, 869, -1
632, 708, -1
1416, 125, -1
1428, 526, -1
288, 526, -1
632, 299, -1
1059, 125, -1
1416, 1473, -1
619, 1439, -1
1, 999, -1
1449, 823, -1
1473, 286, -1
1, 1246, -1
1473, 1436, -1
1270, 619, -1
1428, 1294, -1
288, 1294, -1
869, 293, -1
632, 429, -1
288, 0, -1
1473, 1045, -1
1434, 299, -1
1473, 901, -1
1068, 1270, -1
1436, 125, -1
1416, 1059, -1
1246, 1294, -1
1416, 1315, -1
299, 526, -1
1059, 1068, -1
1434, 429, -1
1473, 1449, -1
125, 1294, -1
1059, 1436, -1
901, 999, -1
1416, 1045, -1
978, 526, -1
1428, 125, -1
1436, 1270, -1
1059, 1045, -1
288, 619, -1
823, 1439, -1
1473, 1444, -1
619, 1294, -1
1059, 901, -1
1444, 999, -1
708, 823, -1
1444, 1246, -1
472, 1473, -1
632, 293, -1
1416, 366, -1
1050, 299, -1
1449, 1473, -1
708, 526, -1
1428, 1270, -1
288, 1270, -1
299, 1428, -1
632, 823, -1
1473, 1439, -1
288, 632, -1
299, 125, -1
1050, 429, -1
299, 619, -1
1444, 823, -1
1416, 999, -1
1434, 293, -1
472, 1068, -1
978, 1428, -1
1050, 1444, -1
1449, 1050, -1
1434, 823, -1
1449, 1059, -1
1, 1473, -1
978, 125, -1
1449, 1068, -1
1436, 869, -1
1449, 1315, -1
632, 1294, -1
472, 286, -1
366, 286, -1
1434, 526, -1
1449, 286, -1
1068, 823, -1
1449, 1436, -1
1436, 999, -1
125, 708, -1
1434, 1294, -1
1, 1050, -1
125, 299, -1
1, 1059, -1
708, 125, -1
1, 1068, -1
339, 1045, -1
1045, 286, -1
288, 869, -1
978, 1050, -1
1449, 901, -1
1, 1315, -1
1428, 869, -1
0, 978, -1
1315, 1068, -1
472, 299, -1
619, 708, -1
1270, 526, -1
286, 526, -1
619, 299, -1
1, 286, -1
125, 429, -1
1, 1436, -1
632, 1428, -1
1428, 999, -1
1449, 366, -1
288, 999, -1
1436, 823, -1
1315, 286, -1
978, 1436, -1
472, 429, -1
286, 1294, -1
0, 708, -1
299, 339, -1
1416, 472, -1
1045, 708, -1
1270, 0, -1
978, 1045, -1
619, 429, -1
0, 299, -1
1045, 299, -1
288, 293, -1
978, 901, -1
299, 869, -1
366, 1444, -1
1434, 125, -1
1050, 526, -1
0, 429, -1
1434, 619, -1
1045, 429, -1
1428, 823, -1
288, 823, -1
632, 1270, -1
339, 1444, -1
299, 1246, -1
1050, 1294, -1
978, 869, -1
708, 1045, -1
1068, 125, -1
472, 1439, -1
1444, 1068, -1
366, 1439, -1
1270, 125, -1
1246, 823, -1
1434, 1270, -1
978, 1246, -1
1444, 286, -1
1315, 1444, -1
125, 293, -1
1444, 1436, -1
708, 366, -1
0, 1439, -1
1246, 526, -1
1045, 1439, -1
632, 901, -1
708, 869, -1
125, 823, -1
472, 1434, -1
619, 293, -1
1444, 901, -1
1473, 708, -1
632, 339, -1
1, 1439, -1
632, 366, -1
619, 823, -1
708, 999, -1
1315, 1439, -1
1270, 632, -1
1050, 619, -1
0, 293, -1
0, 1434, -1
1444, 366, -1
1059, 286, -1
1416, 978, -1
823, 286, -1
1270, 1436, -1
1294, 472, -1
1315, 1050, -1
286, 472, -1
1315, 632, -1
1439, 1473, -1
1436, 293, -1
1315, 1434, -1
1246, 1270, -1
366, 339, -1
1428, 472, -1
823, 1045, -1
366, 1068, -1
1473, 632, -1
823, 526, -1
823, 1246, -1
1050, 632, -1
1294, 1, -1
823, 901, -1
1068, 293, -1
286, 1, -1
339, 1059, -1
339, 293, -1
978, 472, -1
339, 1315, -1
1059, 1449, -1
1270, 339, -1
999, 339, -1
1428, 1, -1
299, 632, -1
1270, 1068, -1
901, 429, -1
1294, 1434, -1
999, 1434, -1
1473, 472, -1
619, 978, -1
1246, 472, -1
1439, 1059, -1
1050, 472, -1
1428, 293, -1
1439, 293, -1
1439, 1315, -1
1246, 429, -1
901, 1, -1
978, 1, -1
901, 1270, -1
999, 1436, -1
1434, 1449, -1
299, 472, -1
978, 632, -1
1246, 1, -1
999, 1045, -1
1050, 1, -1
1436, 1449, -1
708, 472, -1
1294, 1246, -1
999, 526, -1
999, 1246, -1
999, 901, -1
1439, 999, -1
299, 1, -1
901, 472, -1
339, 1449, -1
299, 1050, -1
708, 1, -1
999, 1068, -1
823, 125, -1
1059, 472, -1
299, 1434, -1
1439, 1294, -1
1444, 1473, -1
708, 632, -1
999, 869, -1
1428, 1449, -1
1439, 366, -1
1294, 286, -1
999, 286, -1
1059, 1, -1
1439, 823, -1
366, 708, -1
366, 1428, -1
1315, 1449, -1
901, 366, -1
1059, 1050, -1
1436, 619, -1
1439, 978, -1
1059, 632, -1
1473, 0, -1
1059, 1434, -1
619, 1473, -1
1246, 366, -1
366, 472, -1
339, 299, -1
1270, 708, -1
1270, 1428, -1
1434, 1, -1
1068, 472, -1
299, 1449, -1
339, 472, -1
999, 619, -1
1434, 632, -1
1439, 299, -1
708, 293, -1
366, 1, -1
1428, 619, -1
1436, 632, -1
1068, 1, -1
339, 1, -1
366, 1434, -1
1439, 429, -1
978, 1449, -1
1068, 632, -1
1434, 472, -1
339, 632, -1
999, 1444, -1
1315, 472, -1
1270, 1050, -1
1436, 472, -1
366, 1436, -1
1050, 1449, -1
1270, 1434, -1
1439, 1270, -1
999, 708, -1
999, 1428, -1
823, 1434, -1
1428, 632, -1
999, 125, -1
1315, 1, -1
823, 869, -1
1436, 1, -1
339, 1473, -1

