0, 918, 1
918, 512, -1
0, 512, -1
1442, 512, -1
1442, 918, -1
1442, 0, -1
818, 512, -1
818, 918, -1
818, 0, -1
818, 1442, -1
0, 818, -1
0, 1442, -1
512, 0, -1
512, 918, -1

1284, 512, -1
1284, 918, -1
1284, 0, -1
1284, 1442, -1
1284, 818, -1
704, 512, -1
704, 918, -1
704, 0, -1
704, 1442, -1
704, 818, -1
704, 1284, -1

1473, 1284, 1
48, 818, 1
319, 1442, 1
1473, 512, -1
1473, 918, -1
1473, 0, -1
1473, 1442, -1
1473, 818, -1
1473, 704, -1
48, 512, -1
48, 918, -1
48, 0, -1
48, 1442, -1
48, 1284, -1
48, 1473, -1
48, 704, -1
319, 512, -1
319, 918, -1
319, 0, -1
319, 818, -1
319, 48, -1
319, 1284, -1
319, 1473, -1
319, 704, -1
0, 1442, -1
818, 918, -1
818, 1284, -1
704, 1442, -1
512, 1284, -1
48, 319, -1
818, 704, -1
512, 1442, -1
1284, 918, -1
1442, 818, -1
1473, 319, -1
818, 319, -1
1442, 918, -1
1442, 1284, -1
0, 818, -1
1284, 319, -1
0, 1284, -1
704, 1284, -1
512, 818, -1
512, 1473, -1
0, 319, -1
704, 319, -1
704, 1473, -1
512, 319, -1
0, 48, -1
704, 48, -1
512, 48, -1
918, 319, -1
0, 1473, -1
704, 818, -1

1296, 1284, 1
1296, 1473, 1
521, 512, 1
276, 512, 1
276, 521, 1
512, 521, 1
512, 276, 1
1473, 1284, 1
521, 276, 1
1296, 512, -1
1296, 918, -1
1296, 0, -1
1296, 1442, -1
1296, 319, -1
1296, 818, -1
1296, 48, -1
1296, 704, -1
521, 918, -1
521, 0, -1
521, 1442, -1
521, 319, -1
521, 818, -1
521, 48, -1
521, 1284, -1
521, 1473, -1
521, 1296, -1
521, 704, -1
276, 918, -1
276, 0, -1
276, 1442, -1
276, 319, -1
276, 818, -1
276, 48, -1
276, 1284, -1
276, 1473, -1
276, 1296, -1
276, 704, -1
704, 512, -1
1473, 276, -1
0, 521, -1
1296, 521, -1
48, 1284, -1
1442, 276, -1
48, 512, -1
704, 521, -1
48, 521, -1
818, 1284, -1
512, 918, -1
512, 1284, -1
512, 1473, -1
0, 276, -1
1296, 276, -1
704, 276, -1
48, 276, -1
512, 1442, -1
1473, 818, -1
1284, 918, -1
1284, 704, -1
512, 319, -1
1473, 918, -1
818, 276, -1
1442, 1284, -1
1473, 521, -1
1284, 319, -1
1473, 704, -1
0, 1284, -1
1473, 48, -1
1473, 1442, -1
1284, 276, -1
512, 818, -1
1473, 319, -1
0, 1473, -1
0, 512, -1
0, 1296, -1
704, 1296, -1
512, 1296, -1
704, 1473, -1
48, 1473, -1
1284, 521, -1
48, 1296, -1
704, 1284, -1

228, 512, 1
228, 521, 1
228, 276, 1
366, 1284, 1
366, 1473, 1
366, 1296, 1
301, 512, 1
301, 521, 1
301, 276, 1
301, 228, 1
262, 1284, 1
262, 1473, 1
262, 1296, 1
262, 366, 1
1296, 1473, 1
512, 521, 1
521, 228, 1
512, 228, 1
521, 301, 1
512, 301, 1
1284, 262, 1
228, 301, 1
366, 262, 1
1473, 366, 1
521, 276, 1
1473, 262, 1
276, 228, 1
512, 276, 1
1473, 1284, 1
276, 301, 1
1296, 366, 1
1296, 1284, 1
1296, 262, 1
1284, 366, 1
228, 918, -1
228, 0, -1
228, 1442, -1
228, 319, -1
228, 818, -1
228, 48, -1
228, 1284, -1
228, 1473, -1
228, 1296, -1
228, 704, -1
366, 512, -1
366, 521, -1
366, 276, -1
366, 228, -1
366, 918, -1
366, 0, -1
366, 1442, -1
366, 319, -1
366, 818, -1
366, 48, -1
366, 704, -1
301, 918, -1
301, 0, -1
301, 1442, -1
301, 319, -1
301, 818, -1
301, 48, -1
301, 1284, -1
301, 1473, -1
301, 1296, -1
301, 366, -1
301, 704, -1
262, 512, -1
262, 521, -1
262, 276, -1
262, 228, -1
262, 301, -1
262, 918, -1
262, 0, -1
262, 1442, -1
262, 319, -1
262, 818, -1
262, 48, -1
262, 704, -1
48, 262, -1
704, 512, -1
704, 1296, -1
48, 1284, -1
1442, 276, -1
521, 366, -1
48, 228, -1
818, 1284, -1
512, 1284, -1
48, 301, -1
818, 228, -1
276, 366, -1
818, 301, -1
818, 276, -1
1442, 262, -1
1442, 1284, -1
1284, 319, -1
1442, 228, -1
0, 366, -1
1442, 301, -1
521, 818, -1
704, 1284, -1
0, 512, -1
1296, 512, -1
0, 1296, -1
0, 521, -1
1296, 521, -1
48, 1473, -1
704, 521, -1
704, 228, -1
704, 301, -1
228, 366, -1
521, 1284, -1
301, 262, -1
512, 918, -1
818, 262, -1
512, 262, -1
512, 1473, -1
704, 276, -1
521, 1442, -1
276, 1284, -1
512, 319, -1
1296, 818, -1
276, 319, -1
48, 366, -1
0, 1284, -1
704, 262, -1
0, 228, -1
1296, 228, -1
0, 301, -1
1296, 301, -1
521, 918, -1
521, 262, -1
1296, 1442, -1
521, 1473, -1
0, 276, -1
1296, 276, -1
276, 918, -1
276, 262, -1
521, 319, -1
1442, 366, -1
1473, 521, -1
366, 301, -1
1473, 1442, -1
1296, 918, -1
0, 262, -1
0, 1473, -1
1473, 276, -1
704, 1473, -1
48, 512, -1
48, 1296, -1
48, 521, -1
818, 366, -1
512, 366, -1
228, 262, -1
1296, 319, -1
512, 1296, -1
48, 276, -1
512, 1442, -1
1473, 818, -1
1473, 918, -1
1284, 301, -1
1473, 228, -1
918, 262, -1
1473, 301, -1
704, 366, -1
918, 1284, -1
1473, 319, -1
512, 818, -1
1284, 521, -1
1284, 228, -1
1284, 276, -1
1284, 918, -1

1131, 1284, 1
1131, 1473, 1
1131, 1296, 1
1131, 366, 1
1131, 262, 1
366, 262, 1
1473, 366, 1
1296, 1473, 1
1284, 366, 1
1473, 262, 1
1296, 366, 1
1473, 1284, 1
1284, 262, 1
1296, 1284, 1
1296, 262, 1
1296, 1131, 1
1473, 1131, 1
366, 1131, 1
366, 1284, 1
1131, 512, -1
1131, 521, -1
1131, 276, -1
1131, 228, -1
1131, 301, -1
1131, 918, -1
1131, 0, -1
1131, 1442, -1
1131, 319, -1
1131, 818, -1
1131, 48, -1
1131, 704, -1
1421, 512, -1
1421, 521, -1
1421, 276, -1
1421, 228, -1
1421, 301, -1
1421, 918, -1
1421, 0, -1
1421, 1442, -1
1421, 319, -1
1421, 818, -1
1421, 48, -1
1421, 1284, -1
1421, 1473, -1
1421, 1296, -1
1421, 366, -1
1421, 262, -1
1421, 1131, -1
1421, 704, -1
48, 262, -1
0, 1296, -1
1473, 276, -1
704, 1296, -1
1296, 521, -1
704, 1473, -1
1131, 1421, -1
1296, 1421, -1
48, 1473, -1
48, 1284, -1
1296, 228, -1
48, 1296, -1
521, 366, -1
301, 366, -1
818, 366, -1
512, 366, -1
1296, 301, -1
228, 366, -1
521, 1284, -1
521, 262, -1
1296, 1442, -1
301, 262, -1
521, 1473, -1
818, 262, -1
512, 262, -1
262, 319, -1
512, 1284, -1
512, 1473, -1
228, 262, -1
228, 1284, -1
512, 1296, -1
1296, 319, -1
1296, 276, -1
276, 366, -1
1473, 818, -1
1284, 918, -1
366, 918, -1
276, 1284, -1
276, 262, -1
1442, 366, -1
818, 1284, -1
1284, 1421, -1
1473, 918, -1
1284, 301, -1
1442, 262, -1
1442, 1284, -1
1296, 818, -1
1473, 1421, -1
1284, 319, -1
0, 1284, -1
1473, 228, -1
366, 319, -1
704, 1284, -1
918, 262, -1
1473, 1442, -1
1473, 301, -1
0, 366, -1
704, 366, -1
48, 366, -1
1473, 319, -1
1296, 918, -1
0, 262, -1
704, 262, -1
0, 1473, -1
366, 301, -1
521, 1131, -1
1442, 1131, -1
0, 1131, -1
366, 1421, -1
366, 228, -1
512, 1131, -1
48, 1131, -1
366, 276, -1
704, 1131, -1
818, 1131, -1
918, 1284, -1

646, 918, 1
646, 0, 1
294, 1421, 1
0, 918, 1
0, 646, 1
918, 646, 1
646, 512, -1
646, 521, -1
646, 276, -1
646, 228, -1
646, 301, -1
646, 1442, -1
646, 319, -1
646, 818, -1
646, 48, -1
646, 1284, -1
646, 1473, -1
646, 1296, -1
646, 366, -1
646, 262, -1
646, 1131, -1
646, 704, -1
646, 1421, -1
294, 512, -1
294, 521, -1
294, 276, -1
294, 228, -1
294, 301, -1
294, 918, -1
294, 0, -1
294, 646, -1
294, 1442, -1
294, 319, -1
294, 818, -1
294, 48, -1
294, 1284, -1
294, 1473, -1
294, 1296, -1
294, 366, -1
294, 262, -1
294, 1131, -1
294, 704, -1
918, 228, -1
0, 1421, -1
1296, 1421, -1
0, 521, -1
918, 1131, -1
1131, 1421, -1
512, 0, -1
918, 301, -1
704, 1421, -1
0, 228, -1
0, 1131, -1
48, 1421, -1
0, 1442, -1
0, 301, -1
918, 319, -1
521, 918, -1
1421, 262, -1
818, 918, -1
512, 918, -1
1296, 918, -1
521, 1421, -1
0, 319, -1
818, 1421, -1
918, 276, -1
512, 1421, -1
228, 1421, -1
0, 276, -1
918, 294, -1
1421, 301, -1
0, 294, -1
366, 918, -1
1421, 319, -1
918, 1421, -1
276, 1421, -1
1284, 1421, -1
1473, 918, -1
1442, 918, -1
366, 1421, -1
0, 818, -1
1473, 1421, -1
1442, 1421, -1
1296, 0, -1
918, 262, -1
0, 366, -1
704, 0, -1
918, 1284, -1
48, 0, -1
646, 294, -1
0, 1284, -1
704, 918, -1
0, 262, -1
48, 918, -1
0, 1473, -1
1131, 646, -1
704, 646, -1
1296, 646, -1
48, 646, -1
1421, 918, -1
1473, 294, -1
301, 918, -1
1442, 294, -1
228, 918, -1
301, 646, -1
818, 646, -1
1421, 646, -1
521, 646, -1
228, 646, -1
512, 646, -1
1284, 918, -1
1296, 294, -1
704, 294, -1
276, 918, -1
1131, 294, -1
48, 294, -1
276, 646, -1
1284, 646, -1
521, 294, -1
301, 294, -1
818, 294, -1
512, 294, -1
228, 294, -1
1473, 646, -1
1442, 646, -1
918, 366, -1
1131, 918, -1
1284, 294, -1
276, 294, -1
366, 646, -1

1057, 1284, 1
1057, 1473, 1
1057, 1296, 1
1057, 366, 1
1057, 262, 1
1057, 1131, 1
287, 512, 1
287, 521, 1
287, 276, 1
287, 228, 1
287, 301, 1
311, 1284, 1
311, 1473, 1
311, 1296, 1
311, 366, 1
311, 262, 1
311, 1131, 1
311, 1057, 1
1131, 1473, 1
1296, 1473, 1
1473, 1057, 1
1296, 1131, 1
512, 521, 1
521, 228, 1
1296, 262, 1
1284, 366, 1
512, 228, 1
1296, 1057, 1
1284, 311, 1
521, 301, 1
512, 301, 1
366, 311, 1
1284, 262, 1
228, 301, 1
366, 262, 1
1473, 366, 1
1057, 311, 1
1473, 311, 1
521, 276, 1
1473, 262, 1
276, 228, 1
512, 276, 1
1473, 1284, 1
228, 276, 1
276, 301, 1
1473, 1131, 1
262, 366, 1
262, 311, 1
1296, 366, 1
1131, 366, 1
1296, 311, 1
1131, 311, 1
1131, 262, 1
1296, 1284, 1
1131, 1284, 1
512, 287, 1
1284, 1473, 1
276, 287, 1
228, 287, 1
366, 1284, 1
301, 287, 1
262, 1057, 1
301, 228, 1
1284, 1057, 1
301, 276, 1
1131, 1057, 1
366, 1057, 1
366, 1131, 1
521, 287, 1
1057, 512, -1
1057, 521, -1
1057, 276, -1
1057, 228, -1
1057, 301, -1
1057, 918, -1
1057, 0, -1
1057, 646, -1
1057, 1442, -1
1057, 319, -1
1057, 818, -1
1057, 48, -1
1057, 704, -1
1057, 1421, -1
1057, 294, -1
287, 918, -1
287, 0, -1
287, 646, -1
287, 1442, -1
287, 319, -1
287, 818, -1
287, 48, -1
287, 1284, -1
287, 1473, -1
287, 1296, -1
287, 366, -1
287, 262, -1
287, 1131, -1
287, 1057, -1
287, 704, -1
287, 1421, -1
287, 294, -1
311, 512, -1
311, 521, -1
311, 276, -1
311, 228, -1
311, 301, -1
311, 287, -1
311, 918, -1
311, 0, -1
311, 646, -1
311, 1442, -1
311, 319, -1
311, 818, -1
311, 48, -1
311, 704, -1
311, 1421, -1
311, 294, -1
48, 262, -1
704, 512, -1
704, 1296, -1
48, 1284, -1
1131, 521, -1
1442, 276, -1
521, 366, -1
521, 311, -1
1421, 366, -1
1421, 311, -1
1473, 294, -1
48, 228, -1
818, 1284, -1
512, 1284, -1
1284, 287, -1
48, 301, -1
301, 1421, -1
301, 646, -1
512, 1421, -1
818, 228, -1
818, 1131, -1
512, 1131, -1
276, 366, -1
646, 262, -1
287, 311, -1
1284, 918, -1
276, 311, -1
818, 301, -1
1473, 287, -1
301, 319, -1
1284, 1421, -1
1284, 646, -1
818, 276, -1
1442, 262, -1
301, 294, -1
1442, 1284, -1
512, 294, -1
1284, 319, -1
1442, 228, -1
0, 366, -1
1442, 1131, -1
0, 311, -1
1442, 301, -1
1131, 918, -1
319, 262, -1
521, 818, -1
704, 1284, -1
0, 512, -1
1296, 512, -1
0, 1296, -1
0, 521, -1
1296, 521, -1
1131, 1421, -1
48, 1473, -1
1131, 646, -1
704, 521, -1
704, 228, -1
1131, 228, -1
704, 1131, -1
704, 301, -1
228, 366, -1
1131, 301, -1
521, 1284, -1
228, 311, -1
1421, 262, -1
301, 262, -1
512, 918, -1
818, 262, -1
301, 918, -1
512, 262, -1
294, 311, -1
1131, 319, -1
512, 1473, -1
521, 1421, -1
521, 1131, -1
512, 646, -1
704, 276, -1
1131, 276, -1
521, 1442, -1
48, 1057, -1
1131, 294, -1
276, 1284, -1
512, 319, -1
276, 1421, -1
276, 646, -1
366, 521, -1
512, 1057, -1
521, 294, -1
1296, 818, -1
276, 319, -1
1131, 287, -1
48, 366, -1
0, 1284, -1
704, 262, -1
276, 294, -1
1296, 1421, -1
0, 228, -1
1296, 228, -1
0, 1131, -1
0, 301, -1
1296, 301, -1
521, 918, -1
521, 262, -1
1296, 1442, -1
521, 1473, -1
294, 262, -1
228, 1284, -1
228, 1421, -1
521, 646, -1
228, 646, -1
0, 276, -1
704, 1057, -1
1296, 276, -1
262, 294, -1
1057, 287, -1
1296, 294, -1
276, 918, -1
366, 918, -1
276, 262, -1
521, 319, -1
1442, 366, -1
521, 1057, -1
366, 646, -1
262, 287, -1
1473, 521, -1
1296, 287, -1
228, 294, -1
366, 319, -1
319, 366, -1
918, 311, -1
1473, 1442, -1
262, 918, -1
1296, 918, -1
0, 262, -1
48, 311, -1
0, 1473, -1
1473, 276, -1
366, 294, -1
704, 1473, -1
262, 646, -1
48, 512, -1
301, 366, -1
1296, 646, -1
48, 521, -1
818, 366, -1
48, 1296, -1
512, 366, -1
48, 1131, -1
512, 311, -1
301, 311, -1
818, 311, -1
228, 918, -1
262, 319, -1
228, 262, -1
512, 1296, -1
1296, 319, -1
366, 287, -1
0, 1057, -1
646, 311, -1
48, 276, -1
1473, 818, -1
512, 1442, -1
1284, 228, -1
228, 319, -1
1284, 521, -1
1473, 918, -1
1442, 311, -1
1284, 301, -1
1473, 1421, -1
1473, 646, -1
1473, 228, -1
918, 262, -1
1284, 276, -1
1473, 301, -1
704, 366, -1
704, 311, -1
1284, 294, -1
1473, 319, -1
512, 818, -1
1421, 287, -1
818, 287, -1
294, 287, -1
1442, 1057, -1
294, 366, -1
301, 1284, -1
646, 287, -1
818, 1473, -1
294, 1284, -1
228, 1473, -1
294, 1473, -1
918, 1057, -1
294, 1296, -1
294, 1131, -1
646, 1284, -1
1442, 287, -1
276, 1473, -1
301, 1057, -1
818, 1057, -1
366, 1421, -1
366, 228, -1
1421, 1057, -1
228, 1057, -1
294, 1057, -1
918, 287, -1
1442, 1473, -1
0, 287, -1
366, 301, -1
704, 287, -1
48, 287, -1
646, 1057, -1
918, 1284, -1
276, 1057, -1
366, 276, -1

1337, 818, 1
1337, 48, 1
48, 818, 1
48, 1337, 1
1337, 512, -1
1337, 521, -1
1337, 276, -1
1337, 228, -1
1337, 301, -1
1337, 287, -1
1337, 918, -1
1337, 0, -1
1337, 646, -1
1337, 1442, -1
1337, 319, -1
1337, 1284, -1
1337, 1473, -1
1337, 1296, -1
1337, 366, -1
1337, 262, -1
1337, 1131, -1
1337, 1057, -1
1337, 311, -1
1337, 704, -1
1337, 1421, -1
1337, 294, -1
775, 512, -1
775, 521, -1
775, 276, -1
775, 228, -1
775, 301, -1
775, 287, -1
775, 918, -1
775, 0, -1
775, 646, -1
775, 1442, -1
775, 319, -1
775, 818, -1
775, 48, -1
775, 1337, -1
775, 1284, -1
775, 1473, -1
775, 1296, -1
775, 366, -1
775, 262, -1
775, 1131, -1
775, 1057, -1
775, 311, -1
775, 704, -1
775, 1421, -1
775, 294, -1
48, 262, -1
818, 287, -1
48, 918, -1
48, 1284, -1
818, 775, -1
48, 1473, -1
0, 48, -1
1296, 48, -1
704, 48, -1
1337, 775, -1
48, 521, -1
818, 366, -1
48, 1421, -1
818, 311, -1
48, 646, -1
48, 1131, -1
48, 228, -1
818, 918, -1
818, 1284, -1
818, 262, -1
48, 1442, -1
48, 301, -1
818, 1473, -1
818, 521, -1
818, 1421, -1
818, 646, -1
48, 319, -1
818, 228, -1
512, 48, -1
818, 1131, -1
48, 276, -1
818, 301, -1
1442, 818, -1
48, 1057, -1
48, 294, -1
818, 319, -1
818, 1057, -1
818, 276, -1
0, 818, -1
818, 294, -1
1296, 818, -1
704, 818, -1
48, 287, -1
48, 775, -1
48, 366, -1
48, 311, -1
512, 818, -1
1057, 1337, -1
1473, 1337, -1
521, 1337, -1
0, 1337, -1
1296, 1337, -1
704, 1337, -1
512, 1337, -1
1057, 818, -1
1473, 818, -1
521, 818, -1

719, 512, 1
719, 521, 1
719, 276, 1
719, 228, 1
719, 301, 1
719, 287, 1
197, 918, 1
197, 0, 1
197, 646, 1
512, 287, 1
228, 287, 1
0, 646, 1
276, 287, 1
512, 521, 1
521, 228, 1
512, 228, 1
646, 918, 1
521, 301, 1
512, 301, 1
228, 301, 1
521, 276, 1
287, 228, 1
276, 228, 1
512, 276, 1
228, 276, 1
287, 301, 1
276, 301, 1
287, 276, 1
0, 918, 1
521, 287, 1
918, 646, 1
646, 197, 1
301, 228, 1
301, 276, 1
521, 719, 1
301, 719, 1
918, 197, 1
512, 719, 1
287, 719, 1
228, 719, 1
276, 719, 1
301, 287, 1
0, 197, 1
719, 918, -1
719, 0, -1
719, 646, -1
719, 1442, -1
719, 319, -1
719, 818, -1
719, 48, -1
719, 1337, -1
719, 1284, -1
719, 1473, -1
719, 1296, -1
719, 366, -1
719, 262, -1
719, 1131, -1
719, 1057, -1
719, 311, -1
719, 704, -1
719, 1421, -1
719, 294, -1
719, 775, -1
197, 512, -1
197, 521, -1
197, 276, -1
197, 228, -1
197, 301, -1
197, 287, -1
197, 719, -1
197, 1442, -1
197, 319, -1
197, 818, -1
197, 48, -1
197, 1337, -1
197, 1284, -1
197, 1473, -1
197, 1296, -1
197, 366, -1
197, 262, -1
197, 1131, -1
197, 1057, -1
197, 311, -1
197, 704, -1
197, 1421, -1
197, 294, -1
197, 775, -1
704, 512, -1
521, 775, -1
918, 719, -1
1442, 276, -1
1337, 287, -1
521, 366, -1
521, 311, -1
48, 646, -1
918, 319, -1
48, 228, -1
512, 1284, -1
1284, 287, -1
48, 301, -1
1337, 918, -1
301, 1421, -1
301, 646, -1
818, 646, -1
512, 1421, -1
818, 228, -1
918, 294, -1
646, 262, -1
287, 366, -1
276, 366, -1
287, 311, -1
1284, 918, -1
276, 311, -1
818, 301, -1
512, 1131, -1
1473, 287, -1
301, 319, -1
646, 1421, -1
228, 197, -1
1284, 646, -1
646, 719, -1
1442, 918, -1
818, 276, -1
918, 287, -1
301, 294, -1
646, 319, -1
512, 294, -1
1057, 521, -1
0, 775, -1
1442, 646, -1
1296, 0, -1
48, 287, -1
1442, 228, -1
0, 366, -1
704, 0, -1
0, 311, -1
1442, 301, -1
1131, 918, -1
646, 294, -1
521, 818, -1
0, 512, -1
818, 287, -1
1296, 512, -1
0, 521, -1
1296, 521, -1
1131, 646, -1
704, 521, -1
704, 228, -1
1131, 228, -1
0, 1442, -1
704, 301, -1
228, 366, -1
301, 918, -1
521, 1284, -1
228, 311, -1
818, 918, -1
301, 262, -1
512, 918, -1
1131, 301, -1
646, 287, -1
512, 262, -1
512, 1473, -1
521, 1421, -1
521, 1131, -1
704, 276, -1
512, 646, -1
1131, 276, -1
521, 1442, -1
287, 262, -1
1442, 287, -1
512, 319, -1
287, 1421, -1
276, 1421, -1
287, 646, -1
276, 646, -1
0, 1337, -1
512, 1057, -1
521, 294, -1
0, 818, -1
704, 287, -1
287, 319, -1
1131, 287, -1
276, 319, -1
1057, 228, -1
1057, 301, -1
0, 1284, -1
704, 918, -1
287, 294, -1
276, 294, -1
0, 1421, -1
1057, 276, -1
0, 228, -1
1296, 228, -1
0, 1131, -1
704, 646, -1
0, 301, -1
1296, 301, -1
521, 918, -1
521, 262, -1
646, 366, -1
228, 1421, -1
521, 646, -1
228, 646, -1
1337, 521, -1
0, 276, -1
1296, 276, -1
0, 294, -1
1057, 287, -1
276, 918, -1
287, 918, -1
301, 197, -1
276, 262, -1
521, 319, -1
512, 197, -1
1057, 918, -1
918, 775, -1
0, 287, -1
1473, 521, -1
1296, 287, -1
228, 294, -1
918, 366, -1
1057, 646, -1
918, 311, -1
775, 228, -1
48, 0, -1
775, 301, -1
1296, 918, -1
0, 262, -1
0, 1473, -1
1473, 276, -1
512, 775, -1
512, 0, -1
48, 512, -1
301, 366, -1
1296, 646, -1
48, 521, -1
301, 311, -1
775, 276, -1
512, 366, -1
0, 719, -1
512, 311, -1
228, 918, -1
228, 262, -1
0, 319, -1
646, 775, -1
0, 1057, -1
646, 311, -1
1337, 646, -1
48, 276, -1
1337, 228, -1
512, 1442, -1
1337, 301, -1
521, 197, -1
918, 1421, -1
775, 287, -1
1284, 228, -1
228, 319, -1
1473, 918, -1
1284, 301, -1
1337, 276, -1
1473, 646, -1
287, 197, -1
276, 197, -1
1473, 228, -1
918, 262, -1
1284, 276, -1
1473, 301, -1
512, 1337, -1
48, 918, -1
512, 818, -1
1421, 287, -1
918, 228, -1
301, 775, -1
294, 287, -1
918, 1131, -1
228, 775, -1
918, 301, -1
294, 0, -1
262, 719, -1
319, 719, -1
1421, 918, -1
704, 719, -1
1296, 719, -1
1131, 719, -1
48, 719, -1
294, 918, -1
228, 1284, -1
1296, 197, -1
704, 197, -1
1131, 197, -1
1421, 646, -1
918, 276, -1
287, 775, -1
48, 197, -1
366, 287, -1
276, 775, -1
294, 646, -1
1421, 719, -1
294, 719, -1
818, 719, -1
646, 1284, -1
366, 918, -1
1337, 719, -1
276, 1284, -1
818, 197, -1
646, 1131, -1
294, 197, -1
1337, 197, -1
646, 228, -1
646, 301, -1
366, 646, -1
1284, 719, -1
311, 719, -1
262, 287, -1
366, 719, -1
1284, 197, -1
646, 276, -1
1473, 719, -1
366, 197, -1
1442, 719, -1
1057, 719, -1
918, 1284, -1
1057, 197, -1
1473, 197, -1
1442, 197, -1
319, 287, -1
775, 719, -1
311, 287, -1
301, 1284, -1
719, 197, -1

