1066, 1108, 1
1089, 1108, -1
923, 1108, -1
923, 1089, -1
1066, 1089, -1
1066, 923, -1
120, 1108, -1
120, 1066, -1
120, 1089, -1
120, 923, -1
1089, 1066, -1

124, 1108, 1
124, 1066, 1
1066, 1108, 1
1066, 124, 1
482, 1108, -1
482, 1066, -1
482, 1089, -1
482, 923, -1
482, 120, -1
124, 1089, -1
124, 923, -1
124, 120, -1
124, 482, -1
1142, 1108, -1
1142, 1066, -1
1142, 124, -1
1142, 1089, -1
1142, 923, -1
1142, 120, -1
1142, 482, -1
482, 124, -1
1066, 1142, -1
124, 1142, -1
923, 1108, -1
1066, 923, -1
1089, 1066, -1
1089, 1108, -1
120, 1108, -1
120, 1066, -1
1108, 1142, -1
1089, 124, -1
120, 124, -1
923, 124, -1

220, 1108, -1
220, 1066, -1
220, 124, -1
220, 1089, -1
220, 923, -1
220, 120, -1
220, 482, -1
220, 1142, -1

205, 120, 1
205, 1108, -1
205, 1066, -1
205, 124, -1
205, 1089, -1
205, 923, -1
205, 482, -1
205, 1142, -1
205, 220, -1
120, 1142, -1
120, 923, -1
120, 482, -1
120, 1089, -1
120, 1108, -1
120, 124, -1
120, 1066, -1
120, 220, -1
923, 205, -1
1089, 205, -1
1108, 205, -1
220, 205, -1
1066, 205, -1
124, 205, -1
482, 205, -1

415, 1108, 1
415, 1066, 1
415, 124, 1
1198, 1108, 1
1198, 1066, 1
1198, 124, 1
1198, 415, 1
1060, 1089, 1
442, 1108, 1
442, 1066, 1
442, 124, 1
442, 415, 1
442, 1198, 1
301, 1089, 1
301, 1060, 1
695, 923, 1
248, 1108, 1
248, 1066, 1
248, 124, 1
248, 415, 1
248, 1198, 1
248, 442, 1
300, 1108, 1
300, 1066, 1
300, 124, 1
300, 415, 1
300, 1198, 1
300, 442, 1
300, 248, 1
1039, 120, 1
1039, 205, 1
1108, 300, 1
1066, 300, 1
124, 300, 1
124, 248, 1
120, 205, 1
1066, 1108, 1
1198, 300, 1
124, 1108, 1
1108, 415, 1
1066, 415, 1
124, 415, 1
1089, 301, 1
1060, 301, 1
124, 442, 1
1089, 1060, 1
1108, 1198, 1
1066, 1198, 1
442, 300, 1
1066, 124, 1
124, 1198, 1
248, 300, 1
124, 1066, 1
205, 1039, 1
120, 1039, 1
415, 1089, -1
415, 923, -1
415, 120, -1
415, 205, -1
415, 482, -1
415, 1142, -1
415, 220, -1
1198, 1089, -1
1198, 923, -1
1198, 120, -1
1198, 205, -1
1198, 482, -1
1198, 1142, -1
1198, 220, -1
1060, 1108, -1
1060, 1066, -1
1060, 124, -1
1060, 415, -1
1060, 1198, -1
1060, 923, -1
1060, 120, -1
1060, 205, -1
1060, 482, -1
1060, 1142, -1
1060, 220, -1
442, 1089, -1
442, 1060, -1
442, 923, -1
442, 120, -1
442, 205, -1
442, 482, -1
442, 1142, -1
442, 220, -1
301, 1108, -1
301, 1066, -1
301, 124, -1
301, 415, -1
301, 1198, -1
301, 442, -1
301, 923, -1
301, 120, -1
301, 205, -1
301, 482, -1
301, 1142, -1
301, 220, -1
695, 1108, -1
695, 1066, -1
695, 124, -1
695, 415, -1
695, 1198, -1
695, 442, -1
695, 1089, -1
695, 1060, -1
695, 301, -1
695, 120, -1
695, 205, -1
695, 482, -1
695, 1142, -1
695, 220, -1
248, 1089, -1
248, 1060, -1
248, 301, -1
248, 923, -1
248, 695, -1
248, 120, -1
248, 205, -1
248, 482, -1
248, 1142, -1
248, 220, -1
300, 1089, -1
300, 1060, -1
300, 301, -1
300, 923, -1
300, 695, -1
300, 120, -1
300, 205, -1
300, 482, -1
300, 1142, -1
300, 220, -1
1039, 1108, -1
1039, 1066, -1
1039, 124, -1
1039, 415, -1
1039, 1198, -1
1039, 442, -1
1039, 248, -1
1039, 300, -1
1039, 1089, -1
1039, 1060, -1
1039, 301, -1
1039, 923, -1
1039, 695, -1
1039, 482, -1
1039, 1142, -1
1039, 220, -1
120, 1142, -1
120, 248, -1
124, 120, -1
205, 301, -1
482, 923, -1
1089, 695, -1
482, 1060, -1
120, 415, -1
415, 695, -1
120, 1089, -1
1089, 1198, -1
120, 442, -1
124, 1089, -1
301, 1039, -1
482, 205, -1
248, 1039, -1
1066, 695, -1
1060, 1039, -1
482, 415, -1
120, 124, -1
1108, 301, -1
1142, 1108, -1
205, 1089, -1
1108, 1060, -1
120, 1066, -1
120, 300, -1
1108, 1142, -1
1089, 482, -1
1108, 205, -1
120, 220, -1
482, 1066, -1
923, 205, -1
124, 220, -1
923, 1108, -1
695, 1039, -1
1066, 482, -1
442, 301, -1
442, 1039, -1
120, 695, -1
1089, 923, -1
220, 300, -1
124, 695, -1
120, 1198, -1
1066, 301, -1
1089, 1142, -1
301, 300, -1
1198, 695, -1
1060, 300, -1
1108, 1039, -1
1142, 415, -1
1066, 923, -1
1089, 205, -1
923, 301, -1
1089, 1108, -1
923, 1039, -1
1066, 1060, -1
482, 1198, -1
1089, 415, -1
482, 124, -1
1066, 1142, -1
1198, 1060, -1
923, 1060, -1
205, 1198, -1
1066, 205, -1
220, 1198, -1
923, 1142, -1
1060, 695, -1
120, 482, -1
482, 300, -1
124, 482, -1
1142, 1066, -1
1089, 1039, -1
923, 415, -1
1142, 300, -1
415, 1039, -1
1089, 1066, -1
120, 923, -1
1066, 1039, -1
120, 1060, -1
124, 923, -1
1089, 220, -1
124, 1060, -1
1198, 1039, -1
300, 1039, -1
124, 1142, -1
1066, 120, -1
120, 1108, -1
923, 300, -1
220, 301, -1
1089, 442, -1
124, 205, -1
442, 695, -1
1142, 124, -1
1066, 220, -1
301, 695, -1
205, 1060, -1
1089, 124, -1
923, 220, -1
220, 1060, -1
205, 1142, -1
482, 1108, -1
1108, 695, -1
220, 205, -1
120, 301, -1
220, 1108, -1
205, 415, -1
1089, 300, -1
124, 301, -1
220, 415, -1
923, 1198, -1
124, 1039, -1
923, 124, -1
482, 301, -1
1142, 1039, -1
220, 695, -1
220, 1039, -1
1142, 695, -1
695, 300, -1
205, 1108, -1
482, 695, -1
482, 1039, -1
205, 300, -1
205, 695, -1

704, 923, 1
704, 695, 1
1185, 1142, 1
923, 695, 1
704, 1108, -1
704, 1066, -1
704, 124, -1
704, 415, -1
704, 1198, -1
704, 442, -1
704, 248, -1
704, 300, -1
704, 1089, -1
704, 1060, -1
704, 301, -1
704, 120, -1
704, 205, -1
704, 1039, -1
704, 482, -1
704, 1142, -1
704, 220, -1
22, 1108, -1
22, 1066, -1
22, 124, -1
22, 415, -1
22, 1198, -1
22, 442, -1
22, 248, -1
22, 300, -1
22, 1089, -1
22, 1060, -1
22, 301, -1
22, 923, -1
22, 695, -1
22, 704, -1
22, 120, -1
22, 205, -1
22, 1039, -1
22, 482, -1
22, 1142, -1
22, 220, -1
1185, 1108, -1
1185, 1066, -1
1185, 124, -1
1185, 415, -1
1185, 1198, -1
1185, 442, -1
1185, 248, -1
1185, 300, -1
1185, 1089, -1
1185, 1060, -1
1185, 301, -1
1185, 923, -1
1185, 695, -1
1185, 704, -1
1185, 120, -1
1185, 205, -1
1185, 1039, -1
1185, 482, -1
1185, 220, -1
1185, 22, -1
120, 1142, -1
1066, 1142, -1
124, 1142, -1
220, 695, -1
1142, 695, -1
923, 1060, -1
923, 300, -1
923, 120, -1
482, 923, -1
1142, 1198, -1
923, 1142, -1
442, 695, -1
300, 1142, -1
1089, 695, -1
1142, 1039, -1
301, 695, -1
923, 205, -1
248, 695, -1
923, 22, -1
923, 1108, -1
1060, 695, -1
482, 1142, -1
695, 1039, -1
923, 220, -1
205, 1142, -1
704, 1185, -1
923, 415, -1
442, 923, -1
220, 1142, -1
1089, 923, -1
120, 695, -1
1108, 695, -1
1066, 695, -1
124, 695, -1
248, 923, -1
704, 22, -1
1142, 22, -1
1089, 1142, -1
442, 1142, -1
301, 1142, -1
1198, 695, -1
300, 695, -1
248, 1142, -1
1060, 1142, -1
923, 1198, -1
1142, 415, -1
923, 301, -1
1066, 923, -1
695, 415, -1
482, 695, -1
923, 124, -1
923, 1039, -1
205, 695, -1
1108, 1142, -1
120, 923, -1
120, 704, -1
248, 704, -1
1089, 1185, -1
120, 1185, -1
415, 923, -1
415, 704, -1
248, 1185, -1

730, 1108, 1
730, 1066, 1
730, 124, 1
730, 415, 1
730, 1198, 1
730, 442, 1
730, 248, 1
730, 300, 1
363, 1089, 1
363, 1060, 1
363, 301, 1
414, 1108, 1
414, 1066, 1
414, 124, 1
414, 415, 1
414, 1198, 1
414, 442, 1
414, 248, 1
414, 300, 1
414, 730, 1
1108, 300, 1
1066, 300, 1
124, 300, 1
248, 415, 1
1066, 1108, 1
1198, 300, 1
124, 1108, 1
248, 442, 1
1108, 415, 1
1066, 415, 1
124, 415, 1
442, 414, 1
1089, 301, 1
442, 1198, 1
442, 124, 1
248, 414, 1
1198, 1108, 1
248, 1198, 1
730, 414, 1
300, 1108, 1
1060, 301, 1
248, 124, 1
1198, 415, 1
300, 415, 1
1089, 1060, 1
1108, 414, 1
1108, 1198, 1
1066, 414, 1
442, 1066, 1
1066, 1198, 1
248, 1066, 1
442, 300, 1
124, 414, 1
1066, 124, 1
124, 1198, 1
442, 730, 1
442, 248, 1
248, 300, 1
1198, 414, 1
248, 730, 1
300, 414, 1
300, 1198, 1
442, 1108, 1
248, 1108, 1
442, 415, 1
124, 1066, 1
124, 442, 1
124, 730, 1
1089, 363, 1
415, 1108, 1
730, 1089, -1
730, 1060, -1
730, 301, -1
730, 923, -1
730, 695, -1
730, 704, -1
730, 120, -1
730, 205, -1
730, 1039, -1
730, 482, -1
730, 1142, -1
730, 1185, -1
730, 220, -1
730, 22, -1
363, 1108, -1
363, 1066, -1
363, 124, -1
363, 415, -1
363, 1198, -1
363, 442, -1
363, 248, -1
363, 300, -1
363, 730, -1
363, 923, -1
363, 695, -1
363, 704, -1
363, 120, -1
363, 205, -1
363, 1039, -1
363, 482, -1
363, 1142, -1
363, 1185, -1
363, 220, -1
363, 22, -1
414, 1089, -1
414, 1060, -1
414, 301, -1
414, 363, -1
414, 923, -1
414, 695, -1
414, 704, -1
414, 120, -1
414, 205, -1
414, 1039, -1
414, 482, -1
414, 1142, -1
414, 1185, -1
414, 220, -1
414, 22, -1
120, 248, -1
442, 363, -1
442, 482, -1
1060, 415, -1
1185, 730, -1
248, 1089, -1
704, 414, -1
704, 1198, -1
1089, 695, -1
482, 1060, -1
120, 415, -1
415, 695, -1
1089, 414, -1
120, 1089, -1
1089, 1198, -1
120, 442, -1
301, 1039, -1
442, 923, -1
248, 1039, -1
1066, 695, -1
1060, 1039, -1
442, 1060, -1
1185, 414, -1
482, 415, -1
120, 124, -1
1185, 1198, -1
1108, 301, -1
1142, 1108, -1
248, 1185, -1
1185, 124, -1
301, 1142, -1
300, 695, -1
442, 22, -1
442, 205, -1
301, 22, -1
301, 205, -1
1108, 1060, -1
120, 1066, -1
248, 220, -1
120, 300, -1
1108, 1142, -1
301, 415, -1
1089, 482, -1
120, 730, -1
1108, 22, -1
1108, 205, -1
704, 301, -1
482, 1066, -1
124, 220, -1
923, 1108, -1
1066, 363, -1
1066, 482, -1
442, 301, -1
704, 1060, -1
442, 1039, -1
1089, 923, -1
220, 300, -1
124, 695, -1
442, 1185, -1
120, 414, -1
120, 1198, -1
1066, 301, -1
704, 1108, -1
1089, 1142, -1
1198, 695, -1
442, 1142, -1
1060, 300, -1
1108, 1039, -1
704, 415, -1
1089, 22, -1
1142, 415, -1
923, 301, -1
1066, 923, -1
1089, 205, -1
1185, 1060, -1
300, 301, -1
1089, 1108, -1
415, 22, -1
1066, 1060, -1
482, 414, -1
482, 1198, -1
1089, 415, -1
482, 124, -1
1066, 1142, -1
205, 414, -1
730, 363, -1
442, 1089, -1
923, 1060, -1
205, 1198, -1
300, 1060, -1
1066, 22, -1
220, 414, -1
1185, 1108, -1
220, 1198, -1
1066, 205, -1
300, 1142, -1
1198, 205, -1
1060, 695, -1
248, 695, -1
300, 22, -1
301, 414, -1
482, 300, -1
301, 1198, -1
300, 205, -1
1060, 414, -1
1142, 1066, -1
1060, 1198, -1
923, 415, -1
1142, 300, -1
1089, 1039, -1
704, 730, -1
704, 248, -1
415, 1039, -1
1089, 1066, -1
1089, 1185, -1
1185, 301, -1
1089, 730, -1
1066, 1039, -1
120, 1060, -1
1198, 301, -1
1089, 220, -1
704, 1089, -1
442, 220, -1
124, 1060, -1
1198, 1039, -1
704, 442, -1
300, 1039, -1
124, 1142, -1
248, 363, -1
248, 482, -1
120, 1108, -1
363, 414, -1
923, 300, -1
1142, 1198, -1
124, 22, -1
220, 301, -1
1089, 442, -1
124, 205, -1
704, 124, -1
442, 695, -1
1142, 124, -1
1066, 220, -1
1198, 1142, -1
301, 695, -1
1185, 415, -1
1198, 22, -1
1089, 124, -1
220, 1060, -1
248, 301, -1
1185, 442, -1
482, 1108, -1
704, 1066, -1
704, 300, -1
1108, 695, -1
248, 923, -1
22, 415, -1
120, 301, -1
248, 1060, -1
220, 1108, -1
205, 415, -1
1089, 300, -1
124, 301, -1
248, 1142, -1
1060, 1142, -1
923, 414, -1
220, 415, -1
923, 1198, -1
124, 1039, -1
923, 124, -1
248, 22, -1
1060, 22, -1
248, 205, -1
1060, 205, -1
1185, 1066, -1
1060, 1108, -1
1185, 300, -1
482, 301, -1
695, 442, -1
1198, 1060, -1
1039, 414, -1
1039, 1198, -1
1142, 414, -1
695, 414, -1
695, 1198, -1
695, 124, -1
205, 1060, -1
22, 300, -1
120, 363, -1
1185, 363, -1
124, 363, -1
124, 482, -1
205, 300, -1
1039, 300, -1
124, 1089, -1
695, 1066, -1
22, 1108, -1
695, 300, -1
205, 1108, -1
695, 730, -1
1039, 1108, -1
482, 363, -1
301, 300, -1
695, 1108, -1
205, 363, -1
205, 1089, -1
124, 923, -1
704, 363, -1
301, 1108, -1
124, 1185, -1

1107, 1089, 1
1107, 1060, 1
1107, 301, 1
1107, 363, 1
35, 1142, 1
35, 1185, 1
1185, 1142, 1
1089, 1060, 1
1089, 301, 1
363, 1060, 1
363, 1089, 1
1060, 301, 1
363, 301, 1
1089, 363, 1
363, 1107, 1
1185, 35, 1
1089, 1107, 1
1107, 1108, -1
1107, 1066, -1
1107, 124, -1
1107, 415, -1
1107, 1198, -1
1107, 442, -1
1107, 248, -1
1107, 300, -1
1107, 730, -1
1107, 414, -1
1107, 923, -1
1107, 695, -1
1107, 704, -1
1107, 120, -1
1107, 205, -1
1107, 1039, -1
1107, 482, -1
1107, 1142, -1
1107, 1185, -1
1107, 220, -1
1107, 22, -1
35, 1108, -1
35, 1066, -1
35, 124, -1
35, 415, -1
35, 1198, -1
35, 442, -1
35, 248, -1
35, 300, -1
35, 730, -1
35, 414, -1
35, 1089, -1
35, 1060, -1
35, 301, -1
35, 363, -1
35, 1107, -1
35, 923, -1
35, 695, -1
35, 704, -1
35, 120, -1
35, 205, -1
35, 1039, -1
35, 482, -1
35, 220, -1
35, 22, -1
120, 1142, -1
1142, 695, -1
1060, 415, -1
1185, 730, -1
248, 1089, -1
1185, 220, -1
1089, 695, -1
482, 1060, -1
363, 923, -1
482, 1142, -1
1089, 414, -1
120, 1089, -1
1089, 1198, -1
301, 1039, -1
1185, 695, -1
1185, 1107, -1
1060, 1039, -1
442, 1060, -1
1185, 414, -1
363, 205, -1
1185, 1198, -1
1108, 301, -1
363, 1108, -1
248, 1185, -1
1185, 124, -1
301, 1142, -1
704, 363, -1
301, 22, -1
301, 205, -1
1108, 1060, -1
1108, 1142, -1
301, 415, -1
1089, 482, -1
704, 301, -1
1142, 1039, -1
363, 1039, -1
1107, 35, -1
1185, 482, -1
442, 301, -1
704, 1060, -1
1089, 923, -1
704, 1142, -1
363, 1142, -1
1142, 22, -1
363, 22, -1
1066, 301, -1
1089, 1142, -1
442, 1142, -1
1185, 923, -1
1089, 22, -1
1142, 415, -1
363, 415, -1
1089, 205, -1
923, 301, -1
1185, 1060, -1
1089, 1108, -1
300, 301, -1
1066, 1060, -1
363, 442, -1
1089, 415, -1
1066, 1142, -1
923, 1060, -1
300, 1060, -1
1185, 205, -1
1185, 1108, -1
363, 124, -1
923, 1142, -1
300, 1142, -1
1060, 695, -1
301, 414, -1
363, 35, -1
301, 1198, -1
730, 301, -1
1060, 414, -1
704, 1185, -1
363, 1066, -1
363, 1185, -1
1060, 1198, -1
1089, 1039, -1
363, 300, -1
363, 730, -1
1089, 1066, -1
1089, 1185, -1
730, 1060, -1
1185, 301, -1
363, 220, -1
730, 1142, -1
1089, 730, -1
1185, 1039, -1
120, 1060, -1
1089, 220, -1
704, 1089, -1
124, 1060, -1
363, 695, -1
124, 1142, -1
248, 363, -1
1142, 414, -1
363, 414, -1
1185, 22, -1
1142, 1198, -1
363, 1198, -1
1089, 442, -1
220, 301, -1
301, 695, -1
1185, 415, -1
120, 363, -1
1089, 124, -1
220, 1060, -1
205, 1142, -1
248, 301, -1
1185, 442, -1
220, 1142, -1
1089, 35, -1
248, 1060, -1
120, 301, -1
1089, 300, -1
124, 301, -1
248, 1142, -1
1060, 1142, -1
363, 482, -1
120, 1185, -1
1060, 22, -1
1060, 205, -1
1185, 1066, -1
1185, 300, -1
482, 301, -1
442, 363, -1
730, 363, -1
482, 35, -1
442, 1107, -1
730, 1107, -1
248, 1107, -1
205, 1060, -1
1185, 363, -1
1066, 363, -1
704, 35, -1
120, 1107, -1
1066, 1107, -1
442, 35, -1
248, 35, -1
730, 35, -1
482, 363, -1
205, 363, -1
482, 1107, -1
205, 1089, -1
120, 35, -1
1066, 35, -1
205, 1107, -1
704, 1107, -1

773, 1142, 1
773, 1185, 1
773, 35, 1
1185, 1142, 1
1185, 35, 1
35, 1142, 1
35, 773, 1
1185, 773, 1
773, 1108, -1
773, 1066, -1
773, 124, -1
773, 415, -1
773, 1198, -1
773, 442, -1
773, 248, -1
773, 300, -1
773, 730, -1
773, 414, -1
773, 1089, -1
773, 1060, -1
773, 301, -1
773, 363, -1
773, 1107, -1
773, 923, -1
773, 695, -1
773, 704, -1
773, 120, -1
773, 205, -1
773, 1039, -1
773, 482, -1
773, 220, -1
773, 22, -1
120, 1142, -1
1066, 1142, -1
124, 1142, -1
35, 1107, -1
1142, 695, -1
1185, 730, -1
35, 695, -1
1142, 414, -1
1185, 22, -1
1185, 1108, -1
1142, 1198, -1
482, 35, -1
35, 414, -1
35, 1198, -1
923, 1142, -1
35, 301, -1
1185, 220, -1
300, 1142, -1
35, 124, -1
1142, 1039, -1
35, 1039, -1
205, 35, -1
35, 923, -1
1185, 415, -1
205, 1185, -1
1185, 482, -1
482, 1142, -1
1185, 363, -1
35, 1060, -1
704, 35, -1
205, 1142, -1
704, 1185, -1
1185, 442, -1
1107, 1142, -1
1185, 695, -1
1185, 1107, -1
220, 1142, -1
704, 1142, -1
35, 300, -1
363, 1142, -1
442, 35, -1
1089, 35, -1
248, 35, -1
1089, 1185, -1
1185, 414, -1
730, 35, -1
1185, 1198, -1
1142, 22, -1
35, 22, -1
35, 1108, -1
248, 1185, -1
1185, 301, -1
1089, 1142, -1
1185, 124, -1
442, 1142, -1
730, 1142, -1
301, 1142, -1
1185, 1039, -1
248, 1142, -1
1060, 1142, -1
1185, 923, -1
35, 220, -1
1142, 415, -1
120, 35, -1
35, 415, -1
1066, 35, -1
1185, 1060, -1
120, 1185, -1
35, 363, -1
1185, 1066, -1
1185, 300, -1
1108, 1142, -1
1185, 205, -1
923, 773, -1
1198, 773, -1
300, 773, -1
482, 773, -1
414, 773, -1
363, 773, -1
1107, 773, -1
363, 1185, -1
220, 773, -1
704, 773, -1
35, 205, -1
442, 773, -1
1089, 773, -1
730, 773, -1
248, 773, -1
1060, 773, -1
120, 773, -1
1108, 773, -1
1066, 773, -1
124, 773, -1

712, 120, 1
712, 205, 1
712, 1039, 1
205, 1039, 1
120, 205, 1
120, 1039, 1
205, 712, 1
120, 712, 1
1039, 712, 1
712, 1108, -1
712, 1066, -1
712, 124, -1
712, 415, -1
712, 1198, -1
712, 442, -1
712, 248, -1
712, 300, -1
712, 730, -1
712, 414, -1
712, 1089, -1
712, 1060, -1
712, 301, -1
712, 363, -1
712, 1107, -1
712, 923, -1
712, 695, -1
712, 704, -1
712, 482, -1
712, 1142, -1
712, 1185, -1
712, 35, -1
712, 773, -1
712, 220, -1
712, 22, -1
120, 1142, -1
120, 248, -1
773, 1039, -1
300, 1039, -1
120, 730, -1
205, 414, -1
205, 1198, -1
22, 1039, -1
1185, 205, -1
120, 22, -1
120, 1108, -1
205, 301, -1
1108, 205, -1
482, 1039, -1
1198, 1039, -1
1066, 205, -1
124, 205, -1
120, 220, -1
414, 1039, -1
1142, 1039, -1
363, 1039, -1
923, 205, -1
220, 1039, -1
1107, 1039, -1
120, 415, -1
120, 482, -1
35, 1039, -1
120, 363, -1
120, 1089, -1
300, 205, -1
205, 773, -1
205, 1142, -1
120, 442, -1
120, 1107, -1
442, 1039, -1
301, 1039, -1
120, 695, -1
482, 205, -1
1089, 1039, -1
205, 22, -1
730, 1039, -1
248, 1039, -1
1060, 1039, -1
120, 704, -1
120, 414, -1
120, 1198, -1
120, 124, -1
220, 205, -1
363, 205, -1
120, 301, -1
1107, 205, -1
35, 205, -1
205, 415, -1
1039, 415, -1
1185, 1039, -1
120, 923, -1
1108, 1039, -1
1066, 1039, -1
442, 205, -1
120, 35, -1
1089, 205, -1
120, 1060, -1
124, 1039, -1
120, 1185, -1
730, 205, -1
120, 1066, -1
120, 773, -1
248, 205, -1
1060, 205, -1
205, 695, -1
1039, 695, -1
923, 1039, -1
120, 300, -1
205, 704, -1
1039, 704, -1
124, 712, -1
923, 712, -1
1198, 712, -1
300, 712, -1
773, 712, -1
22, 712, -1
704, 1039, -1
482, 712, -1
414, 712, -1
1142, 712, -1
1107, 712, -1
35, 712, -1
220, 712, -1
363, 712, -1
704, 712, -1
704, 120, -1
442, 712, -1
704, 205, -1
1089, 712, -1
695, 205, -1
730, 712, -1
301, 712, -1
248, 712, -1
1060, 712, -1
415, 712, -1
248, 120, -1
415, 120, -1
1185, 712, -1
415, 205, -1
1108, 712, -1
1066, 712, -1
730, 120, -1
220, 120, -1
1108, 120, -1
35, 120, -1
1060, 120, -1
1066, 120, -1
124, 120, -1
482, 120, -1
300, 120, -1
363, 120, -1
923, 120, -1
442, 120, -1
1089, 120, -1
1185, 120, -1
1107, 120, -1

