553, 657, 1
487, 657, 1
487, 553, 1
553, 487, 1
657, 553, 1
657, 487, 1
1320, 657, -1
553, 1320, -1
487, 1320, -1
391, 657, -1
391, 553, -1
391, 487, -1
391, 1320, -1
0, 657, -1
0, 553, -1
0, 487, -1
0, 1320, -1
0, 391, -1
657, 391, -1
1320, 553, -1
487, 391, -1
1320, 487, -1
553, 391, -1

1, 0, 1
671, 391, 1
341, 657, 1
341, 553, 1
341, 487, 1
361, 657, 1
361, 553, 1
361, 487, 1
361, 341, 1
553, 487, 1
657, 487, 1
487, 553, 1
341, 361, 1
657, 361, 1
553, 657, 1
553, 361, 1
657, 553, 1
553, 341, 1
657, 341, 1
1, 657, -1
1, 553, -1
1, 487, -1
1, 1320, -1
1, 391, -1
671, 657, -1
671, 553, -1
671, 487, -1
671, 1320, -1
671, 0, -1
671, 1, -1
341, 1320, -1
341, 391, -1
341, 671, -1
341, 0, -1
341, 1, -1
361, 1320, -1
361, 391, -1
361, 671, -1
361, 0, -1
361, 1, -1
657, 391, -1
0, 341, -1
1320, 0, -1
553, 1, -1
657, 671, -1
0, 487, -1
553, 391, -1
1, 671, -1
1320, 341, -1
391, 341, -1
487, 391, -1
1, 341, -1
1320, 487, -1
391, 487, -1
553, 671, -1
0, 657, -1
0, 361, -1
0, 553, -1
487, 671, -1
0, 391, -1
1320, 657, -1
1320, 361, -1
391, 657, -1
391, 1, -1
391, 361, -1
1320, 553, -1
657, 1, -1
391, 553, -1
1, 361, -1
1320, 391, -1
0, 671, -1
671, 361, -1
1320, 1, -1
1320, 671, -1
671, 341, -1

307, 391, 1
307, 671, 1
230, 657, 1
230, 553, 1
230, 487, 1
230, 341, 1
230, 361, 1
4, 0, 1
4, 1, 1
1140, 657, 1
1140, 553, 1
1140, 487, 1
1140, 341, 1
1140, 361, 1
1140, 230, 1
156, 391, 1
156, 671, 1
156, 307, 1
553, 230, 1
361, 487, 1
553, 657, 1
553, 361, 1
391, 671, 1
307, 156, 1
341, 487, 1
361, 657, 1
361, 230, 1
361, 553, 1
657, 341, 1
341, 230, 1
657, 1140, 1
0, 1, 1
657, 487, 1
553, 341, 1
671, 391, 1
553, 1140, 1
553, 487, 1
657, 230, 1
657, 361, 1
657, 553, 1
361, 341, 1
361, 1140, 1
487, 553, 1
341, 361, 1
341, 553, 1
0, 4, 1
391, 156, 1
1, 4, 1
391, 307, 1
671, 307, 1
671, 156, 1
307, 657, -1
307, 553, -1
307, 487, -1
307, 341, -1
307, 361, -1
307, 1320, -1
307, 0, -1
307, 1, -1
230, 1320, -1
230, 391, -1
230, 671, -1
230, 307, -1
230, 0, -1
230, 1, -1
4, 657, -1
4, 553, -1
4, 487, -1
4, 341, -1
4, 361, -1
4, 230, -1
4, 1320, -1
4, 391, -1
4, 671, -1
4, 307, -1
1140, 1320, -1
1140, 391, -1
1140, 671, -1
1140, 307, -1
1140, 0, -1
1140, 1, -1
1140, 4, -1
156, 657, -1
156, 553, -1
156, 487, -1
156, 341, -1
156, 361, -1
156, 230, -1
156, 1140, -1
156, 1320, -1
156, 0, -1
156, 1, -1
156, 4, -1
657, 391, -1
361, 307, -1
657, 156, -1
0, 341, -1
1, 391, -1
1, 156, -1
1320, 0, -1
553, 4, -1
1320, 671, -1
553, 1, -1
0, 1140, -1
657, 671, -1
0, 307, -1
0, 487, -1
671, 487, -1
553, 391, -1
553, 156, -1
1, 671, -1
1320, 341, -1
361, 1, -1
361, 4, -1
1320, 1140, -1
487, 391, -1
1, 341, -1
0, 230, -1
1320, 307, -1
1320, 487, -1
391, 487, -1
0, 657, -1
553, 671, -1
0, 361, -1
341, 4, -1
657, 307, -1
361, 156, -1
361, 391, -1
1, 307, -1
1, 1140, -1
1, 487, -1
0, 553, -1
487, 671, -1
1320, 230, -1
0, 391, -1
1140, 156, -1
0, 156, -1
307, 1140, -1
341, 391, -1
1320, 657, -1
361, 671, -1
1320, 1, -1
1320, 361, -1
553, 307, -1
1320, 553, -1
1, 230, -1
657, 1, -1
1, 361, -1
657, 4, -1
1320, 391, -1
1, 657, -1
0, 671, -1
1, 553, -1
341, 671, -1
307, 230, -1
1320, 156, -1
307, 4, -1
671, 341, -1
671, 1140, -1
391, 341, -1
391, 1140, -1
487, 156, -1
671, 230, -1
671, 657, -1
671, 361, -1
671, 1, -1
341, 1, -1
671, 4, -1
671, 553, -1
391, 230, -1
1320, 4, -1
391, 657, -1
391, 361, -1
391, 1, -1
391, 4, -1
391, 553, -1

1347, 391, 1
1347, 671, 1
1347, 307, 1
1347, 156, 1
20, 391, 1
20, 671, 1
20, 307, 1
20, 156, 1
20, 1347, 1
358, 657, 1
358, 553, 1
358, 487, 1
358, 341, 1
358, 361, 1
358, 230, 1
358, 1140, 1
462, 0, 1
462, 1, 1
462, 4, 1
361, 487, 1
1140, 341, 1
553, 230, 1
553, 657, 1
553, 361, 1
487, 230, 1
391, 671, 1
307, 391, 1
307, 156, 1
341, 487, 1
1140, 487, 1
1347, 20, 1
156, 307, 1
361, 230, 1
361, 657, 1
156, 20, 1
156, 1347, 1
361, 553, 1
307, 671, 1
657, 341, 1
1140, 230, 1
341, 230, 1
657, 1140, 1
0, 1, 1
657, 487, 1
0, 4, 1
553, 341, 1
156, 391, 1
230, 487, 1
671, 391, 1
553, 1140, 1
553, 487, 1
307, 20, 1
657, 230, 1
307, 1347, 1
657, 361, 1
1, 4, 1
657, 553, 1
361, 341, 1
156, 671, 1
361, 1140, 1
230, 553, 1
553, 358, 1
671, 307, 1
487, 553, 1
671, 20, 1
361, 358, 1
671, 1347, 1
0, 462, 1
391, 307, 1
1140, 358, 1
1140, 361, 1
341, 358, 1
391, 20, 1
341, 361, 1
341, 553, 1
1140, 553, 1
391, 1347, 1
4, 462, 1
671, 156, 1
1, 462, 1
657, 358, 1
230, 358, 1
391, 156, 1
230, 361, 1
1347, 657, -1
1347, 553, -1
1347, 487, -1
1347, 341, -1
1347, 361, -1
1347, 230, -1
1347, 1140, -1
1347, 1320, -1
1347, 0, -1
1347, 1, -1
1347, 4, -1
20, 657, -1
20, 553, -1
20, 487, -1
20, 341, -1
20, 361, -1
20, 230, -1
20, 1140, -1
20, 1320, -1
20, 0, -1
20, 1, -1
20, 4, -1
358, 1320, -1
358, 391, -1
358, 671, -1
358, 307, -1
358, 156, -1
358, 1347, -1
358, 20, -1
358, 0, -1
358, 1, -1
358, 4, -1
462, 657, -1
462, 553, -1
462, 487, -1
462, 341, -1
462, 361, -1
462, 230, -1
462, 1140, -1
462, 358, -1
462, 1320, -1
462, 391, -1
462, 671, -1
462, 307, -1
462, 156, -1
462, 1347, -1
462, 20, -1
657, 391, -1
0, 341, -1
1320, 0, -1
361, 20, -1
1140, 307, -1
0, 307, -1
553, 391, -1
1, 671, -1
20, 358, -1
1347, 462, -1
361, 4, -1
1320, 1140, -1
1140, 462, -1
156, 462, -1
4, 487, -1
1320, 20, -1
307, 341, -1
1, 307, -1
657, 20, -1
1320, 230, -1
1140, 391, -1
0, 391, -1
1, 1347, -1
307, 487, -1
361, 671, -1
1320, 4, -1
657, 4, -1
1, 657, -1
307, 462, -1
1, 156, -1
553, 4, -1
1320, 671, -1
156, 341, -1
230, 391, -1
657, 671, -1
0, 487, -1
156, 487, -1
361, 1, -1
341, 462, -1
1, 341, -1
1140, 4, -1
4, 20, -1
0, 361, -1
1, 487, -1
0, 553, -1
487, 671, -1
4, 230, -1
358, 462, -1
341, 391, -1
1320, 657, -1
1320, 1, -1
657, 1, -1
1, 361, -1
553, 20, -1
1, 553, -1
307, 4, -1
361, 307, -1
1, 391, -1
4, 671, -1
361, 1347, -1
0, 1140, -1
156, 1140, -1
20, 462, -1
671, 487, -1
1140, 20, -1
0, 20, -1
1347, 358, -1
1320, 307, -1
0, 230, -1
156, 230, -1
0, 358, -1
553, 671, -1
156, 358, -1
657, 307, -1
361, 156, -1
1320, 1347, -1
156, 4, -1
1, 20, -1
657, 1347, -1
307, 1140, -1
553, 307, -1
1320, 391, -1
553, 1347, -1
1140, 671, -1
0, 671, -1
307, 230, -1
1320, 156, -1
307, 358, -1
657, 156, -1
553, 1, -1
361, 462, -1
4, 341, -1
553, 156, -1
1140, 1347, -1
0, 1347, -1
1320, 341, -1
487, 391, -1
230, 671, -1
1320, 487, -1
391, 487, -1
0, 657, -1
361, 391, -1
1, 1140, -1
1140, 156, -1
0, 156, -1
1320, 361, -1
657, 462, -1
1320, 553, -1
1, 230, -1
1, 358, -1
4, 391, -1
341, 671, -1
553, 462, -1
307, 361, -1
307, 553, -1
671, 341, -1
671, 1140, -1
341, 20, -1
391, 341, -1
391, 1140, -1
487, 156, -1
671, 462, -1
671, 657, -1
671, 230, -1
1140, 1, -1
671, 361, -1
341, 4, -1
671, 1, -1
671, 358, -1
671, 4, -1
156, 361, -1
341, 1, -1
156, 657, -1
671, 553, -1
1320, 462, -1
156, 553, -1
1320, 358, -1
391, 462, -1
4, 358, -1
4, 361, -1
391, 230, -1
391, 657, -1
391, 361, -1
391, 1, -1
391, 358, -1
391, 4, -1
4, 553, -1
391, 553, -1
230, 462, -1
487, 20, -1

1258, 391, 1
1258, 671, 1
1258, 307, 1
1258, 156, 1
1258, 1347, 1
1258, 20, 1
1092, 657, 1
1092, 553, 1
1092, 487, 1
1092, 341, 1
1092, 361, 1
1092, 230, 1
1092, 1140, 1
1092, 358, 1
660, 391, 1
660, 671, 1
660, 307, 1
660, 156, 1
660, 1347, 1
660, 20, 1
660, 1258, 1
886, 657, 1
886, 553, 1
886, 487, 1
886, 341, 1
886, 361, 1
886, 230, 1
886, 1140, 1
886, 358, 1
886, 1092, 1
553, 230, 1
361, 487, 1
1140, 341, 1
553, 358, 1
553, 657, 1
553, 361, 1
487, 230, 1
391, 671, 1
307, 391, 1
1092, 886, 1
1347, 307, 1
358, 1092, 1
307, 156, 1
341, 487, 1
1140, 487, 1
1347, 20, 1
657, 1092, 1
156, 307, 1
361, 886, 1
361, 230, 1
361, 657, 1
156, 20, 1
361, 358, 1
358, 341, 1
1347, 660, 1
156, 1347, 1
361, 553, 1
307, 671, 1
1140, 886, 1
657, 341, 1
1140, 230, 1
341, 886, 1
341, 230, 1
1140, 358, 1
553, 1092, 1
358, 487, 1
1140, 657, 1
1140, 361, 1
341, 358, 1
20, 391, 1
657, 487, 1
657, 1140, 1
358, 1140, 1
156, 1258, 1
156, 660, 1
1140, 553, 1
1347, 391, 1
553, 341, 1
1347, 156, 1
156, 391, 1
230, 487, 1
358, 886, 1
20, 671, 1
671, 391, 1
358, 230, 1
361, 1092, 1
553, 487, 1
657, 886, 1
553, 1140, 1
1258, 660, 1
657, 230, 1
657, 358, 1
307, 1347, 1
657, 361, 1
307, 20, 1
1347, 671, 1
1140, 1092, 1
657, 553, 1
361, 341, 1
156, 671, 1
307, 660, 1
361, 1140, 1
553, 886, 1
230, 553, 1
671, 307, 1
671, 20, 1
487, 553, 1
391, 156, 1
671, 1347, 1
230, 1092, 1
1347, 1258, 1
391, 307, 1
671, 660, 1
391, 20, 1
671, 1258, 1
341, 361, 1
341, 553, 1
391, 1347, 1
487, 1092, 1
671, 156, 1
358, 361, 1
391, 660, 1
391, 1258, 1
358, 553, 1
230, 886, 1
341, 1092, 1
230, 358, 1
307, 1258, 1
230, 361, 1
749, 657, -1
749, 553, -1
749, 487, -1
749, 341, -1
749, 361, -1
749, 230, -1
749, 1140, -1
749, 358, -1
749, 1320, -1
749, 391, -1
749, 671, -1
749, 307, -1
749, 156, -1
749, 1347, -1
749, 20, -1
749, 0, -1
749, 1, -1
749, 4, -1
749, 462, -1
1258, 657, -1
1258, 553, -1
1258, 487, -1
1258, 341, -1
1258, 361, -1
1258, 230, -1
1258, 1140, -1
1258, 358, -1
1258, 1320, -1
1258, 0, -1
1258, 1, -1
1258, 4, -1
1258, 462, -1
1258, 749, -1
1092, 1320, -1
1092, 391, -1
1092, 671, -1
1092, 307, -1
1092, 156, -1
1092, 1347, -1
1092, 20, -1
1092, 1258, -1
1092, 0, -1
1092, 1, -1
1092, 4, -1
1092, 462, -1
1092, 749, -1
660, 657, -1
660, 553, -1
660, 487, -1
660, 341, -1
660, 361, -1
660, 230, -1
660, 1140, -1
660, 358, -1
660, 1092, -1
660, 1320, -1
660, 0, -1
660, 1, -1
660, 4, -1
660, 462, -1
660, 749, -1
886, 1320, -1
886, 391, -1
886, 671, -1
886, 307, -1
886, 156, -1
886, 1347, -1
886, 20, -1
886, 1258, -1
886, 660, -1
886, 0, -1
886, 1, -1
886, 4, -1
886, 462, -1
886, 749, -1
657, 391, -1
0, 341, -1
1320, 1092, -1
361, 20, -1
361, 749, -1
20, 749, -1
358, 671, -1
1140, 307, -1
0, 307, -1
20, 886, -1
553, 391, -1
20, 230, -1
1, 671, -1
20, 358, -1
361, 660, -1
1347, 462, -1
361, 4, -1
1320, 1140, -1
1140, 462, -1
156, 462, -1
4, 487, -1
358, 307, -1
1320, 20, -1
307, 341, -1
1, 307, -1
358, 1347, -1
657, 20, -1
1320, 886, -1
657, 749, -1
1320, 230, -1
1140, 391, -1
0, 391, -1
307, 487, -1
1, 1347, -1
1320, 358, -1
462, 391, -1
361, 671, -1
1320, 660, -1
657, 660, -1
657, 4, -1
1, 1258, -1
1, 657, -1
307, 462, -1
358, 156, -1
553, 660, -1
1, 156, -1
553, 4, -1
1320, 671, -1
4, 1092, -1
156, 341, -1
230, 391, -1
1347, 487, -1
391, 1092, -1
657, 671, -1
0, 487, -1
462, 487, -1
156, 487, -1
341, 462, -1
1, 341, -1
749, 1092, -1
1140, 660, -1
1140, 4, -1
4, 20, -1
0, 361, -1
156, 361, -1
1, 487, -1
0, 553, -1
156, 553, -1
487, 671, -1
4, 886, -1
4, 230, -1
358, 462, -1
1320, 657, -1
4, 358, -1
341, 391, -1
1320, 1258, -1
1347, 1092, -1
1, 361, -1
20, 341, -1
553, 20, -1
0, 1092, -1
156, 1092, -1
553, 749, -1
1, 553, -1
749, 886, -1
358, 391, -1
307, 4, -1
20, 487, -1
361, 307, -1
1, 391, -1
4, 671, -1
1347, 1140, -1
361, 1347, -1
0, 1140, -1
156, 1140, -1
20, 462, -1
671, 487, -1
341, 20, -1
1347, 749, -1
1140, 20, -1
0, 20, -1
1140, 749, -1
361, 1258, -1
156, 749, -1
1347, 886, -1
1347, 230, -1
307, 1092, -1
0, 886, -1
1347, 358, -1
0, 230, -1
462, 230, -1
156, 886, -1
156, 230, -1
1320, 307, -1
0, 358, -1
553, 671, -1
1347, 4, -1
156, 358, -1
0, 660, -1
657, 307, -1
361, 156, -1
1320, 1347, -1
341, 4, -1
358, 20, -1
156, 4, -1
1, 20, -1
657, 1347, -1
307, 1140, -1
1258, 886, -1
553, 307, -1
358, 660, -1
358, 4, -1
307, 749, -1
657, 1258, -1
1, 660, -1
1320, 391, -1
553, 1347, -1
1140, 671, -1
0, 671, -1
462, 671, -1
307, 886, -1
307, 230, -1
1320, 156, -1
307, 358, -1
657, 156, -1
553, 1258, -1
1258, 1092, -1
361, 462, -1
4, 341, -1
1, 1092, -1
1140, 1347, -1
0, 1347, -1
553, 156, -1
1320, 341, -1
20, 4, -1
341, 749, -1
487, 391, -1
230, 671, -1
1320, 487, -1
1140, 1258, -1
0, 1258, -1
0, 657, -1
391, 487, -1
1140, 1, -1
156, 657, -1
361, 391, -1
1, 1140, -1
660, 886, -1
358, 749, -1
1140, 156, -1
0, 156, -1
20, 1092, -1
1320, 361, -1
657, 462, -1
1320, 553, -1
1, 886, -1
1, 230, -1
1, 358, -1
4, 391, -1
341, 671, -1
671, 1092, -1
553, 462, -1
1347, 341, -1
307, 361, -1
307, 553, -1
671, 341, -1
671, 1140, -1
487, 660, -1
1092, 660, -1
671, 749, -1
20, 361, -1
391, 341, -1
20, 553, -1
391, 1140, -1
462, 886, -1
487, 156, -1
671, 462, -1
1347, 361, -1
671, 886, -1
462, 358, -1
671, 230, -1
671, 657, -1
671, 1, -1
1347, 553, -1
671, 361, -1
671, 358, -1
671, 4, -1
462, 361, -1
391, 749, -1
462, 553, -1
671, 553, -1
391, 462, -1
391, 886, -1
4, 361, -1
391, 230, -1
391, 657, -1
391, 1, -1
391, 361, -1
391, 358, -1
391, 4, -1
4, 553, -1
391, 553, -1
230, 462, -1
487, 20, -1

351, 391, 1
351, 671, 1
351, 307, 1
351, 156, 1
351, 1347, 1
351, 20, 1
351, 1258, 1
351, 660, 1
1430, 1320, 1
807, 657, 1
807, 553, 1
807, 487, 1
807, 341, 1
807, 361, 1
807, 230, 1
807, 1140, 1
807, 358, 1
807, 1092, 1
807, 886, 1
310, 391, 1
310, 671, 1
310, 307, 1
310, 156, 1
310, 1347, 1
310, 20, 1
310, 1258, 1
310, 660, 1
310, 351, 1
1164, 657, 1
1164, 553, 1
1164, 487, 1
1164, 341, 1
1164, 361, 1
1164, 230, 1
1164, 1140, 1
1164, 358, 1
1164, 1092, 1
1164, 886, 1
1164, 807, 1
20, 310, 1
1140, 341, 1
487, 807, 1
660, 671, 1
1347, 307, 1
307, 156, 1
671, 310, 1
1140, 807, 1
1140, 1164, 1
657, 1140, 1
1258, 307, 1
391, 20, 1
487, 1092, 1
1258, 1347, 1
1347, 391, 1
20, 351, 1
1347, 156, 1
156, 391, 1
660, 351, 1
20, 671, 1
361, 1092, 1
391, 660, 1
657, 358, 1
1092, 341, 1
671, 351, 1
660, 156, 1
487, 1140, 1
1258, 391, 1
1258, 156, 1
553, 361, 1
487, 886, 1
391, 671, 1
487, 230, 1
307, 391, 1
487, 358, 1
341, 487, 1
1140, 487, 1
671, 307, 1
657, 1092, 1
361, 886, 1
361, 230, 1
361, 657, 1
341, 807, 1
361, 358, 1
671, 1347, 1
358, 487, 1
553, 1092, 1
886, 487, 1
391, 310, 1
1140, 361, 1
671, 1258, 1
1140, 553, 1
358, 807, 1
886, 807, 1
230, 487, 1
671, 156, 1
553, 1140, 1
657, 886, 1
657, 230, 1
230, 807, 1
660, 391, 1
1140, 1092, 1
307, 660, 1
1092, 487, 1
553, 886, 1
553, 230, 1
553, 358, 1
391, 351, 1
1092, 807, 1
361, 1164, 1
1347, 20, 1
156, 20, 1
230, 1092, 1
1140, 886, 1
1140, 230, 1
1347, 660, 1
391, 307, 1
1140, 358, 1
20, 391, 1
156, 660, 1
1258, 20, 1
391, 1347, 1
657, 1164, 1
307, 310, 1
671, 391, 1
1347, 351, 1
391, 1258, 1
307, 20, 1
1258, 660, 1
156, 351, 1
1347, 671, 1
230, 886, 1
361, 341, 1
341, 1092, 1
156, 671, 1
230, 358, 1
391, 156, 1
487, 1164, 1
361, 487, 1
1258, 351, 1
553, 657, 1
361, 807, 1
1258, 671, 1
1092, 886, 1
358, 1092, 1
1092, 230, 1
1347, 310, 1
886, 1092, 1
1092, 358, 1
156, 310, 1
307, 351, 1
671, 20, 1
361, 553, 1
307, 671, 1
657, 341, 1
660, 310, 1
341, 886, 1
341, 230, 1
660, 20, 1
1140, 657, 1
341, 358, 1
1258, 310, 1
657, 487, 1
671, 660, 1
553, 341, 1
657, 807, 1
358, 886, 1
358, 230, 1
886, 230, 1
553, 487, 1
307, 1347, 1
886, 358, 1
487, 341, 1
657, 361, 1
553, 807, 1
657, 553, 1
553, 1164, 1
361, 1140, 1
230, 553, 1
156, 307, 1
1092, 361, 1
487, 553, 1
1092, 553, 1
358, 341, 1
660, 307, 1
156, 1347, 1
886, 341, 1
1347, 1258, 1
358, 1140, 1
660, 1347, 1
886, 1140, 1
156, 1258, 1
341, 361, 1
358, 1164, 1
341, 553, 1
886, 1164, 1
660, 1258, 1
351, 310, 1
358, 361, 1
886, 361, 1
358, 553, 1
886, 553, 1
307, 1258, 1
230, 361, 1
351, 657, -1
351, 553, -1
351, 487, -1
351, 341, -1
351, 361, -1
351, 230, -1
351, 1140, -1
351, 358, -1
351, 1092, -1
351, 886, -1
351, 1320, -1
351, 0, -1
351, 1, -1
351, 4, -1
351, 462, -1
351, 749, -1
1430, 657, -1
1430, 553, -1
1430, 487, -1
1430, 341, -1
1430, 361, -1
1430, 230, -1
1430, 1140, -1
1430, 358, -1
1430, 1092, -1
1430, 886, -1
1430, 391, -1
1430, 671, -1
1430, 307, -1
1430, 156, -1
1430, 1347, -1
1430, 20, -1
1430, 1258, -1
1430, 660, -1
1430, 351, -1
1430, 0, -1
1430, 1, -1
1430, 4, -1
1430, 462, -1
1430, 749, -1
807, 1320, -1
807, 1430, -1
807, 391, -1
807, 671, -1
807, 307, -1
807, 156, -1
807, 1347, -1
807, 20, -1
807, 1258, -1
807, 660, -1
807, 351, -1
807, 0, -1
807, 1, -1
807, 4, -1
807, 462, -1
807, 749, -1
310, 657, -1
310, 553, -1
310, 487, -1
310, 341, -1
310, 361, -1
310, 230, -1
310, 1140, -1
310, 358, -1
310, 1092, -1
310, 886, -1
310, 807, -1
310, 1320, -1
310, 1430, -1
310, 0, -1
310, 1, -1
310, 4, -1
310, 462, -1
310, 749, -1
1164, 1320, -1
1164, 1430, -1
1164, 391, -1
1164, 671, -1
1164, 307, -1
1164, 156, -1
1164, 1347, -1
1164, 20, -1
1164, 1258, -1
1164, 660, -1
1164, 351, -1
1164, 310, -1
1164, 0, -1
1164, 1, -1
1164, 4, -1
1164, 462, -1
1164, 749, -1
657, 391, -1
358, 351, -1
361, 20, -1
1, 351, -1
20, 886, -1
20, 230, -1
0, 1164, -1
156, 1164, -1
1320, 1140, -1
4, 487, -1
1320, 749, -1
1258, 1164, -1
1, 1164, -1
1140, 391, -1
0, 391, -1
1320, 358, -1
660, 657, -1
361, 671, -1
749, 487, -1
358, 1258, -1
307, 807, -1
657, 660, -1
657, 4, -1
1, 1258, -1
230, 462, -1
361, 1430, -1
156, 341, -1
1092, 462, -1
462, 807, -1
1258, 341, -1
391, 1430, -1
1, 341, -1
1140, 660, -1
1140, 4, -1
487, 351, -1
660, 1164, -1
4, 886, -1
361, 351, -1
4, 230, -1
358, 462, -1
341, 391, -1
1258, 462, -1
391, 886, -1
391, 230, -1
391, 657, -1
391, 1, -1
553, 310, -1
1347, 1092, -1
20, 341, -1
749, 886, -1
487, 310, -1
749, 230, -1
4, 351, -1
0, 1140, -1
156, 1140, -1
20, 462, -1
1140, 749, -1
749, 351, -1
361, 1258, -1
156, 749, -1
1320, 307, -1
1258, 1140, -1
0, 358, -1
1347, 4, -1
156, 358, -1
341, 4, -1
391, 1164, -1
307, 1430, -1
671, 553, -1
1258, 749, -1
660, 4, -1
1258, 358, -1
553, 1347, -1
462, 671, -1
307, 886, -1
307, 230, -1
1092, 20, -1
487, 1347, -1
487, 462, -1
361, 462, -1
4, 341, -1
553, 156, -1
391, 341, -1
341, 749, -1
660, 1140, -1
230, 671, -1
487, 156, -1
886, 310, -1
660, 749, -1
671, 4, -1
230, 1430, -1
1092, 671, -1
660, 358, -1
391, 462, -1
1320, 553, -1
1320, 1092, -1
361, 749, -1
358, 671, -1
1140, 307, -1
0, 307, -1
1, 671, -1
391, 1140, -1
358, 307, -1
307, 341, -1
1, 307, -1
4, 807, -1
671, 358, -1
391, 749, -1
886, 1347, -1
462, 391, -1
1320, 660, -1
1320, 4, -1
351, 807, -1
1, 657, -1
307, 462, -1
749, 807, -1
487, 20, -1
886, 156, -1
657, 351, -1
230, 391, -1
1347, 487, -1
660, 487, -1
1092, 391, -1
4, 20, -1
657, 310, -1
0, 553, -1
487, 671, -1
156, 553, -1
553, 1430, -1
487, 1430, -1
0, 1092, -1
156, 1092, -1
1, 553, -1
358, 391, -1
361, 307, -1
1, 391, -1
4, 671, -1
1140, 310, -1
0, 310, -1
671, 487, -1
1347, 886, -1
553, 351, -1
1347, 230, -1
749, 671, -1
671, 361, -1
0, 660, -1
886, 20, -1
156, 4, -1
657, 1347, -1
358, 660, -1
660, 553, -1
1258, 4, -1
1, 660, -1
657, 156, -1
553, 1258, -1
1092, 749, -1
660, 1092, -1
0, 1320, -1
341, 310, -1
1140, 1347, -1
0, 1347, -1
487, 391, -1
886, 1430, -1
1320, 487, -1
361, 391, -1
1, 1140, -1
1140, 156, -1
0, 156, -1
1320, 361, -1
391, 553, -1
1, 358, -1
4, 391, -1
671, 1092, -1
553, 462, -1
1347, 341, -1
886, 351, -1
20, 749, -1
749, 391, -1
0, 807, -1
20, 358, -1
361, 660, -1
1347, 462, -1
361, 4, -1
657, 20, -1
1320, 886, -1
1320, 230, -1
391, 4, -1
886, 1258, -1
307, 1164, -1
1320, 351, -1
487, 749, -1
657, 671, -1
0, 487, -1
156, 487, -1
1347, 807, -1
657, 1430, -1
1320, 310, -1
660, 807, -1
1258, 487, -1
0, 361, -1
156, 361, -1
1, 487, -1
1320, 1258, -1
4, 358, -1
886, 462, -1
391, 358, -1
1, 361, -1
553, 20, -1
307, 4, -1
20, 487, -1
749, 358, -1
1140, 1430, -1
341, 20, -1
671, 807, -1
0, 886, -1
1430, 310, -1
156, 886, -1
0, 230, -1
156, 230, -1
553, 671, -1
1320, 1347, -1
1320, 462, -1
307, 1140, -1
1258, 886, -1
1258, 230, -1
660, 361, -1
553, 307, -1
1140, 351, -1
0, 351, -1
307, 749, -1
657, 1258, -1
1320, 156, -1
487, 307, -1
1092, 310, -1
307, 358, -1
1347, 1430, -1
341, 1430, -1
1258, 1092, -1
1, 1092, -1
660, 1430, -1
1092, 4, -1
391, 487, -1
0, 1258, -1
1140, 1258, -1
358, 310, -1
1320, 807, -1
1, 310, -1
660, 886, -1
660, 230, -1
20, 1092, -1
657, 462, -1
391, 361, -1
341, 351, -1
0, 341, -1
671, 1430, -1
886, 671, -1
1347, 1164, -1
553, 391, -1
1140, 462, -1
156, 462, -1
671, 886, -1
886, 307, -1
1320, 20, -1
671, 230, -1
1430, 807, -1
671, 1, -1
671, 657, -1
358, 1347, -1
657, 749, -1
307, 487, -1
1, 1347, -1
358, 156, -1
1, 156, -1
553, 660, -1
361, 310, -1
553, 4, -1
1320, 671, -1
4, 1092, -1
391, 1092, -1
462, 487, -1
660, 341, -1
487, 660, -1
487, 4, -1
671, 1164, -1
156, 807, -1
341, 462, -1
4, 310, -1
660, 462, -1
1258, 807, -1
1, 807, -1
1320, 657, -1
1320, 1, -1
749, 310, -1
553, 749, -1
886, 391, -1
671, 341, -1
20, 807, -1
1347, 1140, -1
361, 1347, -1
1347, 749, -1
1140, 20, -1
0, 20, -1
307, 1092, -1
1347, 358, -1
462, 230, -1
671, 462, -1
1320, 1164, -1
657, 307, -1
361, 156, -1
358, 20, -1
1, 20, -1
886, 660, -1
462, 351, -1
1092, 1430, -1
1320, 391, -1
1140, 671, -1
0, 671, -1
156, 1430, -1
671, 1140, -1
230, 351, -1
1320, 341, -1
671, 749, -1
358, 1430, -1
1258, 1430, -1
0, 657, -1
1140, 1, -1
156, 657, -1
1092, 351, -1
391, 807, -1
230, 310, -1
1, 886, -1
1, 230, -1
20, 1430, -1
341, 671, -1
307, 361, -1
749, 657, -1
749, 361, -1
307, 553, -1
0, 1430, -1
749, 553, -1
4, 1430, -1
20, 4, -1
20, 361, -1
20, 553, -1
310, 1164, -1
462, 886, -1
749, 1092, -1
1347, 361, -1
807, 310, -1
1, 1430, -1
462, 358, -1
462, 361, -1
1347, 553, -1
1430, 1164, -1
462, 553, -1
351, 1430, -1
358, 749, -1
886, 749, -1
749, 1430, -1
749, 1140, -1
4, 361, -1
1258, 657, -1
1258, 361, -1
358, 4, -1
4, 553, -1
886, 4, -1
1258, 553, -1
749, 1164, -1

840, 657, 1
840, 553, 1
840, 487, 1
840, 341, 1
840, 361, 1
840, 230, 1
840, 1140, 1
840, 358, 1
840, 1092, 1
840, 886, 1
840, 807, 1
840, 1164, 1
498, 1320, 1
498, 1430, 1
816, 657, 1
816, 553, 1
816, 487, 1
816, 341, 1
816, 361, 1
816, 230, 1
816, 1140, 1
816, 358, 1
816, 1092, 1
816, 886, 1
816, 807, 1
816, 1164, 1
816, 840, 1
161, 391, 1
161, 671, 1
161, 307, 1
161, 156, 1
161, 1347, 1
161, 20, 1
161, 1258, 1
161, 660, 1
161, 351, 1
161, 310, 1
20, 310, 1
1140, 341, 1
487, 807, 1
660, 671, 1
1347, 307, 1
307, 156, 1
1140, 807, 1
1140, 1164, 1
361, 1140, 1
657, 1140, 1
1258, 307, 1
20, 351, 1
1258, 1347, 1
1347, 391, 1
1347, 156, 1
156, 391, 1
20, 671, 1
361, 1092, 1
840, 816, 1
657, 358, 1
1092, 341, 1
310, 351, 1
671, 351, 1
660, 156, 1
1258, 391, 1
310, 671, 1
1258, 156, 1
1164, 341, 1
553, 361, 1
391, 671, 1
307, 391, 1
351, 391, 1
341, 487, 1
1164, 487, 1
1140, 487, 1
657, 1092, 1
361, 886, 1
361, 230, 1
361, 657, 1
341, 807, 1
1164, 807, 1
361, 840, 1
361, 358, 1
1320, 1430, 1
358, 487, 1
553, 1092, 1
886, 487, 1
807, 487, 1
358, 807, 1
886, 807, 1
230, 487, 1
553, 1140, 1
657, 886, 1
657, 230, 1
230, 807, 1
657, 840, 1
660, 391, 1
1140, 1092, 1
307, 660, 1
1092, 487, 1
553, 886, 1
553, 230, 1
553, 840, 1
553, 358, 1
391, 351, 1
1092, 807, 1
361, 1164, 1
1347, 20, 1
156, 20, 1
1140, 886, 1
1140, 230, 1
1347, 660, 1
1140, 358, 1
20, 391, 1
156, 660, 1
1258, 20, 1
657, 1164, 1
307, 310, 1
310, 391, 1
1347, 351, 1
671, 391, 1
307, 20, 1
1258, 660, 1
156, 351, 1
1347, 671, 1
361, 341, 1
156, 671, 1
1164, 1092, 1
361, 487, 1
1258, 351, 1
553, 657, 1
361, 807, 1
1258, 671, 1
1092, 886, 1
361, 816, 1
1092, 230, 1
1347, 310, 1
1164, 1140, 1
1092, 358, 1
156, 310, 1
307, 351, 1
361, 553, 1
660, 310, 1
657, 341, 1
307, 671, 1
351, 671, 1
341, 886, 1
1164, 886, 1
341, 230, 1
1164, 230, 1
660, 20, 1
341, 358, 1
1258, 310, 1
657, 487, 1
1164, 358, 1
553, 341, 1
657, 807, 1
657, 816, 1
358, 886, 1
358, 230, 1
886, 230, 1
553, 487, 1
307, 1347, 1
886, 358, 1
657, 361, 1
553, 807, 1
657, 553, 1
553, 1164, 1
553, 816, 1
660, 351, 1
487, 1164, 1
230, 553, 1
671, 161, 1
156, 161, 1
487, 886, 1
807, 1092, 1
487, 230, 1
358, 1092, 1
487, 358, 1
886, 1092, 1
671, 307, 1
660, 161, 1
156, 307, 1
671, 310, 1
1092, 361, 1
671, 20, 1
807, 341, 1
487, 553, 1
391, 156, 1
1092, 553, 1
391, 161, 1
671, 1347, 1
660, 307, 1
156, 1347, 1
1140, 816, 1
230, 1092, 1
358, 341, 1
886, 341, 1
1347, 1258, 1
1140, 840, 1
358, 1140, 1
391, 307, 1
660, 1347, 1
1140, 657, 1
886, 1140, 1
1140, 361, 1
391, 310, 1
156, 1258, 1
1164, 657, 1
391, 20, 1
671, 660, 1
671, 1258, 1
341, 553, 1
1164, 553, 1
1140, 553, 1
1164, 361, 1
391, 1347, 1
487, 1092, 1
341, 361, 1
358, 1164, 1
886, 1164, 1
807, 886, 1
660, 1258, 1
807, 230, 1
351, 310, 1
807, 358, 1
671, 156, 1
358, 361, 1
391, 660, 1
886, 361, 1
391, 1258, 1
1320, 498, 1
487, 341, 1
358, 553, 1
807, 553, 1
886, 553, 1
487, 1140, 1
230, 886, 1
341, 1092, 1
230, 358, 1
307, 1258, 1
230, 361, 1
840, 1320, -1
840, 1430, -1
840, 391, -1
840, 671, -1
840, 307, -1
840, 156, -1
840, 1347, -1
840, 20, -1
840, 1258, -1
840, 660, -1
840, 351, -1
840, 310, -1
840, 0, -1
840, 1, -1
840, 4, -1
840, 462, -1
840, 749, -1
498, 657, -1
498, 553, -1
498, 487, -1
498, 341, -1
498, 361, -1
498, 230, -1
498, 1140, -1
498, 358, -1
498, 1092, -1
498, 886, -1
498, 807, -1
498, 1164, -1
498, 840, -1
498, 391, -1
498, 671, -1
498, 307, -1
498, 156, -1
498, 1347, -1
498, 20, -1
498, 1258, -1
498, 660, -1
498, 351, -1
498, 310, -1
498, 0, -1
498, 1, -1
498, 4, -1
498, 462, -1
498, 749, -1
816, 1320, -1
816, 1430, -1
816, 498, -1
816, 391, -1
816, 671, -1
816, 307, -1
816, 156, -1
816, 1347, -1
816, 20, -1
816, 1258, -1
816, 660, -1
816, 351, -1
816, 310, -1
816, 0, -1
816, 1, -1
816, 4, -1
816, 462, -1
816, 749, -1
161, 657, -1
161, 553, -1
161, 487, -1
161, 341, -1
161, 361, -1
161, 230, -1
161, 1140, -1
161, 358, -1
161, 1092, -1
161, 886, -1
161, 807, -1
161, 1164, -1
161, 840, -1
161, 816, -1
161, 1320, -1
161, 1430, -1
161, 498, -1
161, 0, -1
161, 1, -1
161, 4, -1
161, 462, -1
161, 749, -1
657, 391, -1
358, 351, -1
361, 20, -1
1, 351, -1
20, 886, -1
20, 230, -1
0, 1164, -1
156, 1164, -1
1320, 1140, -1
4, 487, -1
1320, 749, -1
1258, 1164, -1
1430, 462, -1
1, 1164, -1
1140, 391, -1
0, 391, -1
351, 487, -1
1320, 358, -1
361, 671, -1
660, 1, -1
749, 487, -1
307, 807, -1
657, 660, -1
657, 4, -1
361, 1430, -1
840, 498, -1
156, 341, -1
1092, 462, -1
4, 1430, -1
462, 807, -1
1258, 341, -1
1, 341, -1
1140, 660, -1
657, 1320, -1
1140, 4, -1
487, 351, -1
660, 1164, -1
1347, 553, -1
4, 886, -1
361, 351, -1
4, 230, -1
358, 462, -1
341, 391, -1
1258, 462, -1
553, 310, -1
1347, 1092, -1
20, 341, -1
749, 886, -1
749, 230, -1
4, 351, -1
307, 361, -1
0, 1140, -1
156, 1140, -1
20, 462, -1
1140, 749, -1
749, 351, -1
361, 1258, -1
310, 807, -1
156, 749, -1
1320, 307, -1
1258, 1140, -1
0, 358, -1
1347, 4, -1
156, 358, -1
307, 1430, -1
1258, 749, -1
671, 553, -1
660, 4, -1
1258, 358, -1
553, 1320, -1
553, 1347, -1
462, 671, -1
307, 886, -1
307, 230, -1
1092, 20, -1
1430, 671, -1
1164, 310, -1
361, 462, -1
4, 341, -1
553, 156, -1
341, 749, -1
660, 1140, -1
230, 671, -1
361, 498, -1
660, 749, -1
886, 310, -1
310, 361, -1
1092, 671, -1
660, 358, -1
1320, 553, -1
1320, 1092, -1
361, 749, -1
310, 1430, -1
358, 671, -1
0, 307, -1
1, 671, -1
310, 886, -1
310, 230, -1
307, 341, -1
4, 807, -1
462, 391, -1
1164, 156, -1
1320, 660, -1
1320, 4, -1
351, 807, -1
1, 657, -1
749, 807, -1
1430, 391, -1
307, 462, -1
498, 816, -1
657, 351, -1
230, 391, -1
1347, 487, -1
20, 1, -1
660, 487, -1
1092, 391, -1
1347, 361, -1
4, 20, -1
657, 310, -1
0, 553, -1
487, 671, -1
156, 553, -1
553, 1430, -1
1258, 553, -1
0, 1092, -1
156, 1092, -1
1, 553, -1
358, 391, -1
361, 307, -1
1, 391, -1
4, 671, -1
1140, 310, -1
0, 310, -1
671, 487, -1
20, 553, -1
1347, 886, -1
553, 351, -1
1347, 230, -1
749, 671, -1
310, 462, -1
840, 161, -1
0, 660, -1
156, 4, -1
657, 1347, -1
749, 1430, -1
1430, 358, -1
660, 553, -1
1258, 4, -1
807, 351, -1
657, 156, -1
553, 1258, -1
660, 1092, -1
1092, 749, -1
1164, 1430, -1
0, 1320, -1
341, 310, -1
0, 1347, -1
487, 391, -1
886, 1430, -1
1320, 487, -1
361, 391, -1
1, 1140, -1
1140, 156, -1
0, 156, -1
1320, 361, -1
1164, 351, -1
391, 553, -1
1, 358, -1
4, 391, -1
553, 462, -1
1347, 341, -1
307, 1, -1
886, 351, -1
20, 749, -1
749, 391, -1
0, 807, -1
20, 358, -1
361, 660, -1
1347, 462, -1
361, 4, -1
1430, 487, -1
657, 20, -1
1320, 886, -1
1320, 230, -1
307, 1164, -1
361, 1320, -1
1320, 351, -1
816, 161, -1
657, 671, -1
0, 487, -1
156, 487, -1
1347, 807, -1
1164, 462, -1
657, 1430, -1
1320, 310, -1
660, 807, -1
1258, 487, -1
0, 361, -1
156, 361, -1
1, 487, -1
310, 1, -1
1320, 1258, -1
4, 358, -1
886, 462, -1
1258, 361, -1
1, 361, -1
553, 20, -1
307, 4, -1
20, 487, -1
749, 358, -1
1140, 1430, -1
0, 1430, -1
1320, 161, -1
671, 807, -1
0, 886, -1
1430, 310, -1
156, 886, -1
0, 230, -1
156, 230, -1
553, 671, -1
1320, 1347, -1
310, 553, -1
1320, 462, -1
307, 1140, -1
1258, 886, -1
1258, 230, -1
660, 361, -1
553, 307, -1
1140, 351, -1
0, 351, -1
307, 749, -1
657, 1258, -1
1320, 156, -1
1092, 310, -1
307, 358, -1
1347, 1430, -1
341, 1430, -1
807, 671, -1
1258, 1092, -1
1, 1092, -1
660, 1430, -1
1164, 20, -1
1347, 1, -1
391, 487, -1
0, 1258, -1
358, 310, -1
1320, 807, -1
1320, 816, -1
660, 886, -1
660, 230, -1
20, 1092, -1
657, 462, -1
341, 351, -1
657, 498, -1
1164, 671, -1
0, 341, -1
886, 671, -1
1347, 1164, -1
553, 391, -1
1140, 462, -1
156, 462, -1
1320, 20, -1
1430, 807, -1
310, 358, -1
657, 749, -1
307, 487, -1
807, 391, -1
351, 553, -1
361, 310, -1
553, 660, -1
553, 4, -1
1320, 671, -1
4, 1092, -1
553, 498, -1
462, 487, -1
660, 341, -1
156, 807, -1
0, 816, -1
4, 310, -1
341, 462, -1
660, 462, -1
1258, 807, -1
1258, 816, -1
1, 807, -1
1320, 657, -1
1164, 391, -1
1, 816, -1
1320, 1, -1
749, 310, -1
553, 749, -1
886, 391, -1
307, 553, -1
20, 807, -1
1347, 1140, -1
361, 1347, -1
310, 487, -1
1347, 749, -1
1140, 20, -1
0, 20, -1
307, 1092, -1
1347, 358, -1
462, 230, -1
1164, 660, -1
1320, 1164, -1
1164, 4, -1
657, 307, -1
361, 156, -1
1430, 886, -1
1430, 230, -1
462, 351, -1
1092, 1430, -1
1320, 391, -1
1140, 671, -1
0, 671, -1
1430, 351, -1
156, 1430, -1
230, 351, -1
1320, 341, -1
20, 361, -1
1164, 749, -1
358, 1430, -1
1258, 1430, -1
1, 1430, -1
0, 657, -1
1092, 351, -1
156, 1, -1
391, 807, -1
1258, 1, -1
1, 886, -1
1, 230, -1
20, 1430, -1
341, 671, -1
1164, 161, -1
671, 1430, -1
1164, 307, -1
1140, 307, -1
310, 1140, -1
1430, 341, -1
1164, 1347, -1
391, 1140, -1
1, 161, -1
358, 307, -1
671, 886, -1
886, 307, -1
671, 230, -1
671, 657, -1
1164, 1258, -1
671, 840, -1
671, 1, -1
671, 358, -1
1, 307, -1
310, 840, -1
1430, 1164, -1
391, 749, -1
358, 1347, -1
886, 1347, -1
807, 462, -1
1, 1347, -1
660, 657, -1
4, 361, -1
358, 1258, -1
391, 4, -1
4, 553, -1
886, 1258, -1
1, 1258, -1
230, 462, -1
351, 462, -1
358, 156, -1
487, 20, -1
886, 156, -1
487, 749, -1
1, 156, -1
749, 361, -1
749, 553, -1
391, 1092, -1
487, 660, -1
310, 1320, -1
487, 4, -1
671, 1164, -1
391, 1430, -1
749, 1092, -1
462, 361, -1
310, 657, -1
462, 553, -1
0, 498, -1
1140, 498, -1
156, 498, -1
1430, 660, -1
749, 1140, -1
1320, 840, -1
391, 886, -1
391, 657, -1
391, 230, -1
1430, 361, -1
391, 1, -1
391, 840, -1
391, 358, -1
1430, 553, -1
487, 1430, -1
1258, 498, -1
361, 161, -1
487, 310, -1
307, 498, -1
671, 341, -1
1430, 1092, -1
310, 341, -1
341, 20, -1
807, 1430, -1
310, 1164, -1
310, 816, -1
671, 816, -1
657, 161, -1
351, 1092, -1
1430, 1140, -1
462, 886, -1
671, 462, -1
807, 310, -1
462, 358, -1
1430, 20, -1
671, 361, -1
341, 4, -1
358, 20, -1
886, 20, -1
391, 1164, -1
807, 749, -1
351, 1430, -1
671, 498, -1
1, 20, -1
553, 161, -1
1164, 498, -1
358, 660, -1
886, 660, -1
660, 498, -1
358, 4, -1
886, 4, -1
1, 660, -1
358, 498, -1
886, 498, -1
351, 886, -1
487, 307, -1
351, 230, -1
1, 498, -1
351, 358, -1
1140, 161, -1
0, 161, -1
487, 1347, -1
749, 657, -1
487, 462, -1
671, 1140, -1
1140, 1347, -1
1092, 4, -1
20, 4, -1
671, 749, -1
391, 341, -1
487, 156, -1
1140, 1258, -1
1140, 1, -1
156, 657, -1
0, 840, -1
671, 4, -1
1, 310, -1
230, 1430, -1
391, 816, -1
358, 749, -1
886, 749, -1
310, 498, -1
391, 462, -1
310, 1092, -1
230, 310, -1
1258, 657, -1
391, 361, -1
1258, 840, -1
1, 840, -1
749, 1164, -1
391, 498, -1
1430, 156, -1
671, 1092, -1
1347, 498, -1

178, 657, 1
178, 553, 1
178, 487, 1
178, 341, 1
178, 361, 1
178, 230, 1
178, 1140, 1
178, 358, 1
178, 1092, 1
178, 886, 1
178, 807, 1
178, 1164, 1
178, 840, 1
178, 816, 1
1032, 391, 1
1032, 671, 1
1032, 307, 1
1032, 156, 1
1032, 1347, 1
1032, 20, 1
1032, 1258, 1
1032, 660, 1
1032, 351, 1
1032, 310, 1
1032, 161, 1
683, 657, 1
683, 553, 1
683, 487, 1
683, 341, 1
683, 361, 1
683, 230, 1
683, 1140, 1
683, 358, 1
683, 1092, 1
683, 886, 1
683, 807, 1
683, 1164, 1
683, 840, 1
683, 816, 1
683, 178, 1
1204, 391, 1
1204, 671, 1
1204, 307, 1
1204, 156, 1
1204, 1347, 1
1204, 20, 1
1204, 1258, 1
1204, 660, 1
1204, 351, 1
1204, 310, 1
1204, 161, 1
1204, 1032, 1
983, 391, 1
983, 671, 1
983, 307, 1
983, 156, 1
983, 1347, 1
983, 20, 1
983, 1258, 1
983, 660, 1
983, 351, 1
983, 310, 1
983, 161, 1
983, 1032, 1
983, 1204, 1
20, 310, 1
1140, 341, 1
816, 683, 1
161, 20, 1
487, 807, 1
660, 671, 1
156, 161, 1
1347, 307, 1
307, 156, 1
660, 161, 1
156, 307, 1
816, 1140, 1
671, 310, 1
657, 683, 1
1140, 807, 1
161, 660, 1
1140, 1164, 1
361, 178, 1
156, 1347, 1
660, 307, 1
1204, 983, 1
391, 1204, 1
657, 1140, 1
660, 1347, 1
1258, 307, 1
816, 886, 1
816, 230, 1
391, 20, 1
161, 351, 1
816, 840, 1
1347, 983, 1
816, 358, 1
671, 1032, 1
20, 351, 1
1258, 1347, 1
1347, 391, 1
840, 487, 1
156, 983, 1
161, 671, 1
660, 1258, 1
1347, 156, 1
660, 351, 1
156, 391, 1
20, 671, 1
361, 1092, 1
840, 807, 1
391, 660, 1
657, 358, 1
840, 816, 1
1092, 341, 1
671, 351, 1
310, 351, 1
660, 156, 1
840, 178, 1
840, 361, 1
1258, 391, 1
310, 671, 1
840, 553, 1
1258, 156, 1
161, 310, 1
553, 178, 1
1164, 341, 1
553, 361, 1
671, 161, 1
307, 983, 1
351, 983, 1
391, 671, 1
307, 391, 1
351, 391, 1
341, 487, 1
1164, 487, 1
1140, 487, 1
671, 307, 1
657, 1092, 1
161, 1258, 1
361, 886, 1
361, 657, 1
361, 230, 1
840, 1092, 1
341, 807, 1
1164, 807, 1
361, 358, 1
671, 1347, 1
840, 683, 1
358, 487, 1
553, 1092, 1
886, 487, 1
807, 487, 1
391, 310, 1
671, 1258, 1
553, 683, 1
816, 657, 1
358, 807, 1
840, 1140, 1
886, 807, 1
230, 487, 1
671, 156, 1
553, 1140, 1
657, 886, 1
657, 230, 1
1032, 983, 1
840, 886, 1
660, 983, 1
230, 807, 1
840, 230, 1
391, 1032, 1
660, 391, 1
1140, 1092, 1
840, 358, 1
1258, 983, 1
307, 660, 1
1092, 487, 1
161, 307, 1
553, 886, 1
553, 230, 1
553, 358, 1
391, 351, 1
1092, 807, 1
161, 1347, 1
361, 1164, 1
816, 341, 1
1347, 1204, 1
156, 1204, 1
1347, 20, 1
816, 487, 1
156, 20, 1
1032, 1204, 1
391, 161, 1
816, 807, 1
816, 1164, 1
1140, 886, 1
1140, 230, 1
161, 391, 1
20, 983, 1
1258, 1204, 1
1347, 660, 1
1140, 358, 1
391, 307, 1
20, 391, 1
161, 156, 1
156, 660, 1
1258, 20, 1
391, 1347, 1
657, 1164, 1
671, 983, 1
310, 983, 1
307, 1204, 1
307, 310, 1
351, 310, 1
671, 391, 1
310, 391, 1
1347, 351, 1
307, 20, 1
391, 1258, 1
156, 351, 1
1258, 660, 1
1347, 671, 1
840, 657, 1
361, 341, 1
156, 671, 1
1164, 1092, 1
391, 156, 1
361, 487, 1
1258, 351, 1
816, 1092, 1
553, 657, 1
361, 807, 1
1258, 671, 1
1092, 886, 1
1092, 230, 1
1347, 310, 1
671, 1204, 1
1164, 1140, 1
1092, 358, 1
156, 310, 1
307, 351, 1
671, 20, 1
361, 553, 1
307, 671, 1
657, 341, 1
660, 310, 1
351, 671, 1
660, 1204, 1
161, 983, 1
341, 886, 1
840, 341, 1
1164, 886, 1
341, 230, 1
1164, 230, 1
660, 20, 1
156, 1258, 1
341, 358, 1
1164, 358, 1
657, 487, 1
1258, 310, 1
671, 660, 1
816, 178, 1
816, 361, 1
553, 341, 1
657, 807, 1
816, 553, 1
358, 886, 1
840, 1164, 1
358, 230, 1
886, 230, 1
553, 487, 1
361, 683, 1
657, 178, 1
307, 1347, 1
886, 358, 1
657, 361, 1
553, 807, 1
657, 553, 1
553, 1164, 1
391, 983, 1
161, 1204, 1
361, 1140, 1
178, 683, 1
487, 1164, 1
553, 840, 1
230, 553, 1
487, 886, 1
807, 1092, 1
487, 230, 1
361, 816, 1
487, 358, 1
358, 1092, 1
886, 1092, 1
358, 683, 1
1092, 361, 1
886, 683, 1
487, 553, 1
807, 341, 1
361, 840, 1
1092, 553, 1
358, 341, 1
886, 341, 1
1140, 816, 1
230, 1092, 1
1347, 1258, 1
1140, 840, 1
358, 1140, 1
1140, 178, 1
1140, 657, 1
886, 1140, 1
1140, 361, 1
1164, 178, 1
1164, 657, 1
341, 361, 1
1164, 361, 1
341, 553, 1
1164, 553, 1
1140, 553, 1
358, 1164, 1
886, 1164, 1
487, 1092, 1
807, 886, 1
487, 683, 1
657, 816, 1
807, 230, 1
807, 358, 1
358, 361, 1
886, 361, 1
487, 341, 1
358, 553, 1
657, 840, 1
807, 553, 1
886, 553, 1
487, 1140, 1
230, 886, 1
341, 1092, 1
553, 816, 1
1140, 683, 1
230, 358, 1
307, 1258, 1
230, 361, 1
1164, 683, 1
178, 1320, -1
178, 1430, -1
178, 498, -1
178, 391, -1
178, 671, -1
178, 307, -1
178, 156, -1
178, 1347, -1
178, 20, -1
178, 1258, -1
178, 660, -1
178, 351, -1
178, 310, -1
178, 161, -1
178, 0, -1
178, 1, -1
178, 4, -1
178, 462, -1
178, 749, -1
1032, 657, -1
1032, 553, -1
1032, 487, -1
1032, 341, -1
1032, 361, -1
1032, 230, -1
1032, 1140, -1
1032, 358, -1
1032, 1092, -1
1032, 886, -1
1032, 807, -1
1032, 1164, -1
1032, 840, -1
1032, 816, -1
1032, 178, -1
1032, 1320, -1
1032, 1430, -1
1032, 498, -1
1032, 0, -1
1032, 1, -1
1032, 4, -1
1032, 462, -1
1032, 749, -1
683, 1320, -1
683, 1430, -1
683, 498, -1
683, 391, -1
683, 671, -1
683, 307, -1
683, 156, -1
683, 1347, -1
683, 20, -1
683, 1258, -1
683, 660, -1
683, 351, -1
683, 310, -1
683, 161, -1
683, 1032, -1
683, 0, -1
683, 1, -1
683, 4, -1
683, 462, -1
683, 749, -1
1204, 657, -1
1204, 553, -1
1204, 487, -1
1204, 341, -1
1204, 361, -1
1204, 230, -1
1204, 1140, -1
1204, 358, -1
1204, 1092, -1
1204, 886, -1
1204, 807, -1
1204, 1164, -1
1204, 840, -1
1204, 816, -1
1204, 178, -1
1204, 683, -1
1204, 1320, -1
1204, 1430, -1
1204, 498, -1
1204, 0, -1
1204, 1, -1
1204, 4, -1
1204, 462, -1
1204, 749, -1
983, 657, -1
983, 553, -1
983, 487, -1
983, 341, -1
983, 361, -1
983, 230, -1
983, 1140, -1
983, 358, -1
983, 1092, -1
983, 886, -1
983, 807, -1
983, 1164, -1
983, 840, -1
983, 816, -1
983, 178, -1
983, 683, -1
983, 1320, -1
983, 1430, -1
983, 498, -1
983, 0, -1
983, 1, -1
983, 4, -1
983, 462, -1
983, 749, -1
657, 391, -1
840, 391, -1
358, 351, -1
361, 20, -1
161, 749, -1
1, 351, -1
20, 886, -1
161, 358, -1
20, 230, -1
0, 1164, -1
156, 1164, -1
816, 20, -1
1320, 1140, -1
4, 487, -1
657, 1204, -1
1258, 1164, -1
462, 983, -1
1, 1164, -1
1140, 391, -1
0, 391, -1
1320, 358, -1
351, 487, -1
361, 671, -1
749, 487, -1
307, 807, -1
498, 487, -1
657, 660, -1
1430, 983, -1
657, 4, -1
1, 1258, -1
361, 1430, -1
816, 671, -1
840, 498, -1
230, 983, -1
156, 341, -1
1092, 462, -1
816, 307, -1
462, 807, -1
1258, 341, -1
1092, 983, -1
391, 1430, -1
1, 341, -1
1140, 660, -1
1140, 4, -1
487, 351, -1
660, 1164, -1
816, 1, -1
156, 498, -1
4, 886, -1
361, 351, -1
4, 230, -1
358, 462, -1
341, 391, -1
1258, 462, -1
391, 886, -1
840, 749, -1
391, 230, -1
391, 657, -1
391, 1, -1
553, 1204, -1
553, 310, -1
1347, 1092, -1
20, 341, -1
358, 983, -1
1347, 683, -1
749, 886, -1
487, 310, -1
749, 230, -1
498, 886, -1
4, 351, -1
1, 983, -1
307, 361, -1
498, 230, -1
0, 1140, -1
156, 1140, -1
20, 462, -1
1140, 749, -1
749, 351, -1
361, 1258, -1
310, 807, -1
498, 351, -1
156, 749, -1
351, 1092, -1
1320, 307, -1
1258, 1140, -1
807, 310, -1
0, 358, -1
1347, 4, -1
156, 358, -1
1140, 1032, -1
0, 1032, -1
391, 1164, -1
307, 1430, -1
671, 553, -1
1258, 749, -1
553, 161, -1
660, 4, -1
1258, 358, -1
816, 391, -1
660, 498, -1
1, 178, -1
553, 1347, -1
462, 671, -1
307, 886, -1
307, 230, -1
671, 683, -1
1092, 20, -1
498, 1258, -1
1430, 671, -1
1164, 1204, -1
1164, 310, -1
361, 462, -1
4, 341, -1
553, 156, -1
487, 983, -1
161, 553, -1
341, 749, -1
391, 341, -1
660, 1140, -1
230, 671, -1
361, 498, -1
487, 156, -1
361, 983, -1
660, 749, -1
886, 310, -1
671, 4, -1
816, 660, -1
816, 4, -1
498, 341, -1
840, 307, -1
1092, 671, -1
161, 1092, -1
660, 358, -1
816, 498, -1
391, 462, -1
161, 683, -1
1320, 553, -1
4, 983, -1
391, 498, -1
1164, 161, -1
1320, 1092, -1
361, 749, -1
310, 1430, -1
749, 983, -1
1320, 683, -1
358, 671, -1
498, 983, -1
1140, 307, -1
0, 307, -1
1, 671, -1
161, 4, -1
1164, 1347, -1
1320, 1204, -1
816, 749, -1
391, 1140, -1
310, 886, -1
310, 230, -1
307, 341, -1
671, 358, -1
1, 307, -1
4, 807, -1
391, 749, -1
816, 1032, -1
462, 391, -1
1164, 156, -1
1320, 660, -1
391, 178, -1
351, 807, -1
1, 657, -1
307, 462, -1
749, 807, -1
1430, 391, -1
161, 1320, -1
487, 20, -1
657, 351, -1
230, 391, -1
1347, 487, -1
683, 983, -1
660, 487, -1
1092, 391, -1
4, 20, -1
657, 310, -1
0, 553, -1
840, 1204, -1
840, 310, -1
487, 671, -1
553, 1430, -1
1320, 1032, -1
498, 20, -1
0, 1092, -1
1, 553, -1
156, 1092, -1
840, 660, -1
840, 4, -1
358, 391, -1
0, 683, -1
307, 178, -1
156, 683, -1
361, 307, -1
1, 391, -1
4, 671, -1
1140, 1204, -1
1140, 310, -1
0, 310, -1
0, 1204, -1
671, 487, -1
1258, 683, -1
1347, 886, -1
553, 351, -1
1347, 230, -1
657, 161, -1
749, 671, -1
840, 161, -1
310, 462, -1
498, 671, -1
671, 361, -1
0, 660, -1
156, 4, -1
351, 1430, -1
657, 1347, -1
1258, 4, -1
1, 660, -1
351, 886, -1
351, 230, -1
161, 487, -1
840, 1032, -1
657, 156, -1
807, 351, -1
0, 161, -1
1140, 161, -1
553, 1258, -1
660, 1092, -1
1092, 749, -1
1164, 1430, -1
660, 683, -1
341, 310, -1
161, 361, -1
0, 1347, -1
1140, 1347, -1
20, 4, -1
487, 391, -1
886, 1430, -1
1320, 487, -1
1347, 840, -1
361, 391, -1
1, 1140, -1
1140, 156, -1
0, 156, -1
1320, 361, -1
1164, 351, -1
391, 553, -1
1, 358, -1
4, 391, -1
498, 1164, -1
671, 1092, -1
553, 462, -1
1347, 341, -1
307, 657, -1
361, 1204, -1
886, 351, -1
20, 749, -1
161, 886, -1
161, 230, -1
553, 983, -1
749, 391, -1
178, 1204, -1
391, 683, -1
498, 391, -1
816, 1204, -1
816, 310, -1
0, 807, -1
20, 358, -1
361, 660, -1
1347, 462, -1
361, 4, -1
1430, 487, -1
1164, 1258, -1
657, 20, -1
1320, 886, -1
1320, 230, -1
391, 4, -1
307, 1164, -1
807, 983, -1
351, 462, -1
1320, 351, -1
816, 161, -1
657, 671, -1
0, 487, -1
156, 487, -1
1347, 807, -1
161, 840, -1
816, 1347, -1
1164, 462, -1
657, 1430, -1
1320, 310, -1
660, 807, -1
1258, 487, -1
0, 361, -1
1, 487, -1
1164, 983, -1
1320, 1258, -1
4, 358, -1
886, 462, -1
683, 1204, -1
1320, 840, -1
498, 1140, -1
816, 156, -1
391, 358, -1
1, 361, -1
553, 20, -1
886, 983, -1
307, 4, -1
20, 487, -1
749, 358, -1
498, 358, -1
1140, 1430, -1
1032, 683, -1
161, 462, -1
840, 351, -1
1320, 161, -1
671, 807, -1
0, 886, -1
156, 886, -1
0, 230, -1
156, 230, -1
553, 671, -1
1320, 1347, -1
307, 1140, -1
1258, 886, -1
1258, 230, -1
553, 307, -1
1140, 351, -1
0, 351, -1
1320, 983, -1
307, 749, -1
657, 1258, -1
840, 1258, -1
1320, 156, -1
1092, 310, -1
307, 358, -1
1347, 1430, -1
161, 807, -1
341, 1430, -1
161, 816, -1
807, 671, -1
1258, 1092, -1
161, 178, -1
1, 1092, -1
660, 1430, -1
1164, 20, -1
1, 683, -1
1140, 1258, -1
0, 1258, -1
391, 487, -1
358, 310, -1
0, 840, -1
1320, 807, -1
1, 1204, -1
1, 310, -1
1320, 816, -1
660, 886, -1
660, 230, -1
1320, 178, -1
20, 1092, -1
657, 462, -1
840, 1347, -1
391, 361, -1
1258, 840, -1
840, 462, -1
498, 307, -1
341, 351, -1
657, 498, -1
1164, 671, -1
657, 983, -1
840, 983, -1
0, 341, -1
840, 156, -1
671, 1430, -1
816, 1430, -1
1164, 307, -1
886, 671, -1
553, 391, -1
1347, 1164, -1
1140, 462, -1
156, 462, -1
1, 161, -1
671, 886, -1
1320, 20, -1
671, 230, -1
671, 657, -1
1430, 807, -1
671, 1, -1
310, 358, -1
1140, 983, -1
0, 983, -1
657, 749, -1
1, 1347, -1
307, 487, -1
816, 351, -1
161, 1430, -1
487, 1204, -1
807, 391, -1
361, 310, -1
553, 660, -1
1, 156, -1
553, 4, -1
1320, 671, -1
4, 1092, -1
553, 498, -1
391, 1092, -1
462, 487, -1
660, 341, -1
487, 660, -1
161, 657, -1
671, 1164, -1
156, 807, -1
0, 816, -1
4, 310, -1
341, 462, -1
498, 1092, -1
0, 178, -1
156, 178, -1
498, 683, -1
816, 1258, -1
660, 462, -1
1258, 807, -1
341, 983, -1
1, 807, -1
1320, 657, -1
840, 20, -1
1164, 391, -1
749, 310, -1
498, 1204, -1
498, 310, -1
361, 161, -1
553, 749, -1
886, 391, -1
161, 1164, -1
307, 553, -1
498, 660, -1
671, 341, -1
20, 807, -1
1347, 1140, -1
361, 1347, -1
310, 487, -1
1347, 749, -1
1140, 20, -1
0, 20, -1
840, 671, -1
307, 1092, -1
1347, 358, -1
462, 230, -1
671, 462, -1
307, 683, -1
816, 462, -1
1164, 660, -1
1320, 1164, -1
1164, 4, -1
361, 156, -1
840, 1430, -1
657, 307, -1
671, 498, -1
1, 20, -1
178, 983, -1
1430, 230, -1
660, 178, -1
816, 983, -1
462, 351, -1
1092, 1430, -1
161, 341, -1
498, 1347, -1
1320, 391, -1
1140, 671, -1
0, 671, -1
840, 1, -1
307, 840, -1
351, 358, -1
1430, 351, -1
156, 1430, -1
671, 1140, -1
498, 156, -1
230, 351, -1
1320, 341, -1
671, 749, -1
161, 498, -1
1164, 749, -1
358, 1430, -1
1258, 1430, -1
0, 657, -1
1092, 351, -1
671, 178, -1
391, 807, -1
1, 886, -1
1, 230, -1
498, 807, -1
20, 1430, -1
341, 671, -1
161, 1140, -1
310, 1092, -1
310, 683, -1
310, 1140, -1
1430, 341, -1
358, 307, -1
886, 307, -1
671, 840, -1
310, 840, -1
1430, 1164, -1
358, 1347, -1
886, 1347, -1
807, 462, -1
660, 657, -1
4, 361, -1
358, 1258, -1
4, 553, -1
886, 1258, -1
230, 462, -1
498, 816, -1
358, 156, -1
886, 156, -1
749, 178, -1
487, 749, -1
351, 553, -1
749, 361, -1
498, 361, -1
749, 553, -1
498, 553, -1
487, 4, -1
161, 1, -1
749, 1092, -1
1347, 361, -1
749, 683, -1
462, 361, -1
1347, 553, -1
156, 361, -1
310, 657, -1
1140, 498, -1
462, 553, -1
156, 553, -1
1258, 816, -1
1430, 660, -1
1, 816, -1
749, 1140, -1
1430, 361, -1
391, 840, -1
1258, 361, -1
1430, 553, -1
1258, 553, -1
487, 1430, -1
307, 498, -1
310, 341, -1
1430, 1092, -1
1430, 683, -1
341, 20, -1
807, 1430, -1
20, 553, -1
310, 1164, -1
310, 816, -1
671, 816, -1
1430, 1140, -1
1430, 1204, -1
462, 886, -1
462, 358, -1
1430, 20, -1
341, 4, -1
358, 20, -1
886, 20, -1
807, 749, -1
310, 553, -1
1164, 498, -1
1430, 886, -1
660, 361, -1
1430, 358, -1
358, 660, -1
660, 553, -1
886, 660, -1
358, 4, -1
886, 4, -1
487, 307, -1
749, 657, -1
487, 1347, -1
498, 657, -1
498, 840, -1
487, 462, -1
1092, 4, -1
20, 361, -1
358, 1204, -1
1140, 1, -1
156, 657, -1
886, 1204, -1
310, 178, -1
310, 361, -1
230, 1430, -1
391, 816, -1
358, 749, -1
886, 749, -1
230, 310, -1
1258, 657, -1
20, 683, -1
1, 840, -1
749, 1164, -1
1430, 156, -1
307, 1, -1
1258, 1, -1
156, 1, -1
310, 1, -1
20, 1, -1
1347, 1, -1
660, 1, -1

360, 657, 1
360, 553, 1
360, 487, 1
360, 341, 1
360, 361, 1
360, 230, 1
360, 1140, 1
360, 358, 1
360, 1092, 1
360, 886, 1
360, 807, 1
360, 1164, 1
360, 840, 1
360, 816, 1
360, 178, 1
360, 683, 1
1100, 657, 1
1100, 553, 1
1100, 487, 1
1100, 341, 1
1100, 361, 1
1100, 230, 1
1100, 1140, 1
1100, 358, 1
1100, 1092, 1
1100, 886, 1
1100, 807, 1
1100, 1164, 1
1100, 840, 1
1100, 816, 1
1100, 178, 1
1100, 683, 1
1100, 360, 1
260, 657, 1
260, 553, 1
260, 487, 1
260, 341, 1
260, 361, 1
260, 230, 1
260, 1140, 1
260, 358, 1
260, 1092, 1
260, 886, 1
260, 807, 1
260, 1164, 1
260, 840, 1
260, 816, 1
260, 178, 1
260, 683, 1
260, 360, 1
260, 1100, 1
519, 657, 1
519, 553, 1
519, 487, 1
519, 341, 1
519, 361, 1
519, 230, 1
519, 1140, 1
519, 358, 1
519, 1092, 1
519, 886, 1
519, 807, 1
519, 1164, 1
519, 840, 1
519, 816, 1
519, 178, 1
519, 683, 1
519, 360, 1
519, 1100, 1
519, 260, 1
542, 391, 1
542, 671, 1
542, 307, 1
542, 156, 1
542, 1347, 1
542, 20, 1
542, 1258, 1
542, 660, 1
542, 351, 1
542, 310, 1
542, 161, 1
542, 1032, 1
542, 1204, 1
542, 983, 1
660, 671, 1
1347, 307, 1
307, 156, 1
1032, 161, 1
310, 1204, 1
657, 683, 1
1140, 1164, 1
1032, 1347, 1
20, 351, 1
156, 391, 1
230, 1100, 1
1092, 341, 1
683, 807, 1
1032, 156, 1
1258, 391, 1
657, 260, 1
1092, 1100, 1
1204, 20, 1
310, 161, 1
487, 886, 1
487, 230, 1
391, 671, 1
1164, 487, 1
361, 886, 1
361, 230, 1
361, 657, 1
310, 1347, 1
553, 1092, 1
886, 487, 1
553, 683, 1
1140, 260, 1
816, 657, 1
840, 1140, 1
1204, 671, 1
310, 156, 1
230, 807, 1
660, 391, 1
840, 358, 1
360, 260, 1
1258, 983, 1
161, 307, 1
553, 840, 1
391, 351, 1
1092, 807, 1
361, 1164, 1
1347, 1204, 1
807, 1092, 1
983, 671, 1
178, 1164, 1
816, 1164, 1
1032, 20, 1
20, 983, 1
1347, 660, 1
1140, 358, 1
1204, 351, 1
671, 391, 1
361, 341, 1
1164, 1092, 1
487, 1100, 1
1164, 683, 1
683, 886, 1
1032, 671, 1
886, 1092, 1
307, 351, 1
341, 358, 1
657, 487, 1
816, 260, 1
657, 361, 1
683, 1164, 1
553, 807, 1
553, 816, 1
391, 983, 1
161, 1204, 1
361, 1140, 1
487, 807, 1
178, 1140, 1
816, 1140, 1
161, 660, 1
553, 519, 1
361, 178, 1
1204, 983, 1
1258, 307, 1
178, 358, 1
886, 1100, 1
816, 358, 1
683, 341, 1
1032, 1258, 1
20, 671, 1
310, 351, 1
807, 519, 1
840, 553, 1
553, 361, 1
307, 983, 1
341, 487, 1
657, 1092, 1
840, 1092, 1
1164, 807, 1
840, 683, 1
807, 487, 1
310, 1258, 1
1140, 553, 1
886, 807, 1
1100, 260, 1
683, 1140, 1
1164, 519, 1
1032, 983, 1
657, 840, 1
1140, 1092, 1
1140, 683, 1
553, 886, 1
683, 358, 1
553, 230, 1
886, 519, 1
840, 260, 1
156, 1204, 1
816, 487, 1
1092, 260, 1
1258, 1204, 1
1140, 840, 1
20, 391, 1
156, 660, 1
1164, 361, 1
657, 1100, 1
807, 886, 1
310, 983, 1
807, 230, 1
1347, 351, 1
307, 20, 1
1258, 660, 1
341, 1092, 1
230, 358, 1
487, 1164, 1
1092, 358, 1
361, 553, 1
660, 1204, 1
307, 671, 1
1164, 886, 1
1164, 230, 1
360, 1100, 1
553, 341, 1
657, 807, 1
816, 553, 1
657, 816, 1
886, 230, 1
361, 683, 1
657, 178, 1
487, 341, 1
553, 1100, 1
178, 1092, 1
816, 1092, 1
178, 683, 1
816, 683, 1
657, 519, 1
840, 519, 1
1140, 807, 1
807, 341, 1
310, 20, 1
1032, 307, 1
361, 260, 1
1204, 391, 1
807, 1100, 1
816, 840, 1
161, 351, 1
1347, 983, 1
840, 487, 1
178, 260, 1
1347, 156, 1
1140, 519, 1
660, 156, 1
487, 1140, 1
840, 361, 1
310, 671, 1
983, 391, 1
360, 519, 1
553, 178, 1
1164, 341, 1
351, 983, 1
307, 391, 1
487, 358, 1
1140, 487, 1
310, 307, 1
161, 1258, 1
1204, 660, 1
341, 807, 1
1164, 1100, 1
361, 358, 1
358, 487, 1
1140, 361, 1
341, 519, 1
657, 886, 1
657, 230, 1
840, 886, 1
840, 230, 1
1032, 391, 1
307, 660, 1
161, 1347, 1
683, 260, 1
840, 360, 1
1347, 20, 1
1032, 1204, 1
816, 807, 1
230, 1092, 1
1140, 886, 1
1140, 230, 1
161, 156, 1
1164, 178, 1
657, 1164, 1
1032, 660, 1
310, 391, 1
178, 519, 1
816, 519, 1
156, 351, 1
1140, 360, 1
1347, 671, 1
361, 487, 1
1258, 351, 1
553, 657, 1
358, 1092, 1
178, 487, 1
657, 341, 1
351, 671, 1
341, 886, 1
840, 341, 1
341, 230, 1
310, 660, 1
816, 361, 1
840, 1100, 1
553, 1164, 1
660, 351, 1
1140, 341, 1
161, 20, 1
683, 519, 1
1140, 1100, 1
178, 886, 1
178, 230, 1
657, 1140, 1
260, 519, 1
816, 886, 1
816, 230, 1
358, 1100, 1
1164, 657, 1
487, 1092, 1
1258, 1347, 1
310, 1032, 1
1347, 391, 1
156, 983, 1
161, 671, 1
487, 683, 1
840, 807, 1
683, 487, 1
361, 1092, 1
1100, 519, 1
840, 816, 1
657, 358, 1
671, 351, 1
840, 178, 1
816, 360, 1
1258, 156, 1
553, 260, 1
351, 391, 1
230, 519, 1
341, 1100, 1
361, 840, 1
487, 260, 1
1140, 816, 1
1092, 519, 1
1140, 178, 1
178, 840, 1
1164, 553, 1
358, 807, 1
230, 487, 1
553, 1140, 1
660, 983, 1
683, 230, 1
1092, 487, 1
358, 519, 1
983, 351, 1
178, 341, 1
553, 358, 1
361, 1100, 1
816, 341, 1
156, 20, 1
178, 1100, 1
816, 1100, 1
161, 391, 1
683, 1092, 1
1258, 20, 1
1164, 260, 1
671, 983, 1
307, 1204, 1
807, 358, 1
230, 886, 1
840, 657, 1
1032, 351, 1
156, 671, 1
361, 807, 1
1258, 671, 1
1092, 886, 1
361, 816, 1
1092, 230, 1
1164, 1140, 1
178, 807, 1
1032, 310, 1
178, 816, 1
487, 519, 1
161, 983, 1
660, 20, 1
1140, 657, 1
1204, 156, 1
1164, 358, 1
816, 178, 1
361, 519, 1
358, 886, 1
840, 1164, 1
358, 230, 1
553, 487, 1
307, 1347, 1
886, 358, 1
683, 1100, 1
657, 553, 1
20, 310, 1
156, 161, 1
660, 161, 1
156, 307, 1
671, 310, 1
487, 553, 1
1204, 542, 1
660, 307, 1
156, 1347, 1
391, 1204, 1
983, 542, 1
660, 1347, 1
391, 20, 1
358, 1164, 1
886, 1164, 1
671, 1032, 1
307, 542, 1
351, 542, 1
660, 1258, 1
391, 660, 1
178, 360, 1
161, 310, 1
683, 361, 1
671, 161, 1
683, 553, 1
1347, 542, 1
156, 542, 1
671, 307, 1
358, 341, 1
660, 542, 1
1032, 542, 1
671, 1347, 1
886, 341, 1
983, 1204, 1
1258, 542, 1
391, 310, 1
178, 657, 1
983, 20, 1
671, 1258, 1
341, 553, 1
361, 360, 1
671, 156, 1
358, 361, 1
983, 660, 1
886, 361, 1
358, 553, 1
391, 1032, 1
886, 553, 1
807, 553, 1
20, 542, 1
230, 361, 1
1204, 310, 1
230, 553, 1
657, 360, 1
358, 683, 1
310, 542, 1
671, 542, 1
1092, 361, 1
1092, 553, 1
391, 161, 1
553, 360, 1
391, 307, 1
983, 310, 1
341, 361, 1
391, 1347, 1
341, 260, 1
307, 310, 1
351, 310, 1
983, 1258, 1
391, 1258, 1
983, 156, 1
358, 260, 1
886, 260, 1
161, 542, 1
391, 156, 1
1204, 307, 1
1204, 1347, 1
1347, 310, 1
671, 1204, 1
156, 310, 1
886, 683, 1
671, 20, 1
1204, 1258, 1
660, 310, 1
683, 360, 1
1347, 1258, 1
391, 542, 1
358, 1140, 1
983, 307, 1
886, 1140, 1
156, 1258, 1
1258, 310, 1
671, 660, 1
178, 361, 1
1092, 360, 1
983, 1347, 1
178, 553, 1
1164, 360, 1
307, 1258, 1
360, 1320, -1
360, 1430, -1
360, 498, -1
360, 391, -1
360, 671, -1
360, 307, -1
360, 156, -1
360, 1347, -1
360, 20, -1
360, 1258, -1
360, 660, -1
360, 351, -1
360, 310, -1
360, 161, -1
360, 1032, -1
360, 1204, -1
360, 983, -1
360, 0, -1
360, 1, -1
360, 4, -1
360, 462, -1
360, 749, -1
1100, 1320, -1
1100, 1430, -1
1100, 498, -1
1100, 391, -1
1100, 671, -1
1100, 307, -1
1100, 156, -1
1100, 1347, -1
1100, 20, -1
1100, 1258, -1
1100, 660, -1
1100, 351, -1
1100, 310, -1
1100, 161, -1
1100, 1032, -1
1100, 1204, -1
1100, 983, -1
1100, 0, -1
1100, 1, -1
1100, 4, -1
1100, 462, -1
1100, 749, -1
260, 1320, -1
260, 1430, -1
260, 498, -1
260, 391, -1
260, 671, -1
260, 307, -1
260, 156, -1
260, 1347, -1
260, 20, -1
260, 1258, -1
260, 660, -1
260, 351, -1
260, 310, -1
260, 161, -1
260, 1032, -1
260, 1204, -1
260, 983, -1
260, 0, -1
260, 1, -1
260, 4, -1
260, 462, -1
260, 749, -1
519, 1320, -1
519, 1430, -1
519, 498, -1
519, 391, -1
519, 671, -1
519, 307, -1
519, 156, -1
519, 1347, -1
519, 20, -1
519, 1258, -1
519, 660, -1
519, 351, -1
519, 310, -1
519, 161, -1
519, 1032, -1
519, 1204, -1
519, 983, -1
519, 0, -1
519, 1, -1
519, 4, -1
519, 462, -1
519, 749, -1
542, 657, -1
542, 553, -1
542, 487, -1
542, 341, -1
542, 361, -1
542, 230, -1
542, 1140, -1
542, 358, -1
542, 1092, -1
542, 886, -1
542, 807, -1
542, 1164, -1
542, 840, -1
542, 816, -1
542, 178, -1
542, 683, -1
542, 360, -1
542, 1100, -1
542, 260, -1
542, 519, -1
542, 1320, -1
542, 1430, -1
542, 498, -1
542, 0, -1
542, 1, -1
542, 4, -1
542, 462, -1
542, 749, -1
391, 519, -1
657, 391, -1
310, 683, -1
840, 391, -1
358, 351, -1
361, 20, -1
161, 749, -1
1204, 807, -1
1, 351, -1
840, 0, -1
20, 886, -1
161, 358, -1
749, 519, -1
20, 230, -1
683, 156, -1
498, 519, -1
0, 1164, -1
178, 20, -1
156, 1164, -1
816, 20, -1
1320, 1140, -1
1032, 1100, -1
4, 487, -1
657, 1204, -1
1204, 519, -1
1258, 1164, -1
983, 807, -1
462, 983, -1
1, 1164, -1
1140, 391, -1
0, 391, -1
351, 487, -1
1320, 358, -1
361, 671, -1
660, 657, -1
683, 542, -1
749, 487, -1
358, 1258, -1
307, 807, -1
498, 487, -1
657, 660, -1
1430, 983, -1
657, 4, -1
1, 1258, -1
230, 462, -1
178, 671, -1
361, 1430, -1
816, 671, -1
840, 498, -1
230, 983, -1
156, 341, -1
1092, 462, -1
178, 1430, -1
307, 519, -1
816, 307, -1
462, 807, -1
1258, 341, -1
1092, 983, -1
1, 341, -1
1140, 660, -1
657, 1320, -1
1032, 807, -1
487, 351, -1
1140, 4, -1
660, 1164, -1
1032, 816, -1
0, 260, -1
1140, 498, -1
816, 1, -1
4, 886, -1
361, 351, -1
4, 230, -1
358, 462, -1
341, 391, -1
230, 542, -1
1258, 462, -1
391, 886, -1
840, 749, -1
391, 230, -1
391, 657, -1
553, 1204, -1
553, 310, -1
683, 20, -1
1347, 1092, -1
20, 341, -1
1032, 519, -1
1347, 683, -1
358, 983, -1
749, 886, -1
487, 310, -1
749, 230, -1
498, 886, -1
4, 351, -1
1, 983, -1
498, 230, -1
20, 1100, -1
391, 360, -1
0, 1140, -1
156, 1140, -1
20, 462, -1
1204, 886, -1
1204, 230, -1
1140, 749, -1
749, 351, -1
361, 1258, -1
310, 807, -1
498, 351, -1
156, 749, -1
683, 671, -1
1258, 1140, -1
1320, 307, -1
807, 310, -1
0, 358, -1
1347, 4, -1
156, 358, -1
1430, 20, -1
341, 4, -1
0, 1032, -1
391, 1164, -1
1347, 260, -1
671, 553, -1
1258, 749, -1
307, 1430, -1
553, 161, -1
683, 1430, -1
660, 4, -1
178, 391, -1
983, 886, -1
816, 391, -1
1258, 358, -1
553, 1320, -1
310, 519, -1
660, 260, -1
1, 178, -1
553, 1347, -1
816, 0, -1
307, 886, -1
462, 671, -1
307, 230, -1
671, 683, -1
1092, 20, -1
487, 1347, -1
498, 1258, -1
1204, 1164, -1
487, 462, -1
1430, 671, -1
1164, 1204, -1
1164, 310, -1
361, 462, -1
4, 341, -1
553, 156, -1
1032, 1430, -1
487, 983, -1
161, 553, -1
341, 749, -1
660, 1140, -1
391, 341, -1
230, 671, -1
361, 498, -1
487, 156, -1
361, 983, -1
4, 1100, -1
886, 1204, -1
660, 749, -1
886, 310, -1
816, 660, -1
983, 1164, -1
816, 4, -1
310, 361, -1
1032, 886, -1
498, 341, -1
178, 498, -1
230, 1430, -1
671, 260, -1
161, 1092, -1
1032, 230, -1
1092, 671, -1
660, 358, -1
816, 498, -1
1032, 657, -1
1032, 1, -1
161, 683, -1
553, 542, -1
1320, 553, -1
4, 983, -1
498, 1100, -1
1204, 341, -1
487, 542, -1
1032, 360, -1
1320, 1092, -1
361, 749, -1
310, 1430, -1
749, 983, -1
1320, 683, -1
358, 671, -1
498, 983, -1
1204, 462, -1
1140, 307, -1
0, 307, -1
1, 671, -1
161, 4, -1
1164, 1347, -1
983, 341, -1
178, 749, -1
1320, 1204, -1
161, 260, -1
816, 749, -1
391, 1140, -1
807, 542, -1
1032, 1164, -1
358, 307, -1
310, 886, -1
310, 230, -1
307, 341, -1
671, 358, -1
4, 807, -1
1, 307, -1
886, 1347, -1
816, 1032, -1
1347, 519, -1
462, 391, -1
1164, 156, -1
1320, 660, -1
307, 1100, -1
391, 178, -1
351, 807, -1
1320, 260, -1
1, 657, -1
749, 807, -1
307, 462, -1
1430, 391, -1
1204, 1140, -1
683, 462, -1
487, 20, -1
886, 156, -1
657, 351, -1
1204, 749, -1
230, 391, -1
1347, 487, -1
1164, 542, -1
683, 983, -1
351, 519, -1
1032, 341, -1
660, 487, -1
983, 1140, -1
1092, 391, -1
886, 542, -1
4, 20, -1
657, 310, -1
0, 553, -1
1032, 462, -1
840, 1204, -1
840, 310, -1
487, 671, -1
156, 553, -1
553, 1430, -1
1430, 660, -1
983, 358, -1
1032, 498, -1
1320, 1032, -1
487, 1430, -1
683, 749, -1
498, 20, -1
0, 1092, -1
1, 553, -1
156, 1092, -1
840, 660, -1
840, 4, -1
358, 391, -1
0, 683, -1
156, 683, -1
361, 307, -1
1, 391, -1
310, 341, -1
4, 671, -1
1140, 1204, -1
0, 1204, -1
0, 310, -1
1140, 310, -1
671, 487, -1
1258, 683, -1
178, 307, -1
1032, 1140, -1
807, 1430, -1
310, 1100, -1
1347, 886, -1
553, 351, -1
1347, 230, -1
657, 161, -1
749, 671, -1
310, 462, -1
840, 161, -1
1032, 749, -1
161, 519, -1
498, 671, -1
671, 361, -1
0, 660, -1
886, 20, -1
156, 4, -1
840, 1320, -1
657, 1347, -1
156, 260, -1
1032, 178, -1
358, 660, -1
660, 553, -1
1258, 4, -1
1, 660, -1
1258, 260, -1
1320, 519, -1
351, 230, -1
1, 260, -1
161, 487, -1
840, 1032, -1
807, 351, -1
0, 161, -1
1140, 161, -1
657, 156, -1
553, 1258, -1
1092, 749, -1
660, 1092, -1
1164, 1430, -1
660, 683, -1
341, 310, -1
161, 361, -1
1140, 1347, -1
0, 1347, -1
487, 391, -1
886, 1430, -1
20, 260, -1
1320, 487, -1
657, 542, -1
361, 391, -1
310, 178, -1
1, 1140, -1
1140, 156, -1
0, 156, -1
1320, 361, -1
1164, 351, -1
391, 553, -1
1, 358, -1
4, 391, -1
498, 1164, -1
671, 1092, -1
553, 462, -1
1347, 341, -1
361, 1204, -1
886, 351, -1
1140, 542, -1
20, 749, -1
161, 886, -1
161, 230, -1
553, 983, -1
391, 683, -1
178, 1204, -1
1347, 1100, -1
498, 391, -1
749, 391, -1
816, 1204, -1
0, 807, -1
816, 310, -1
20, 358, -1
361, 660, -1
1347, 462, -1
361, 4, -1
1430, 487, -1
360, 542, -1
1164, 1258, -1
671, 840, -1
178, 660, -1
178, 4, -1
657, 20, -1
1320, 886, -1
1320, 230, -1
807, 462, -1
0, 519, -1
156, 519, -1
1204, 683, -1
4, 260, -1
886, 1258, -1
307, 1164, -1
807, 983, -1
391, 260, -1
1258, 519, -1
361, 1320, -1
1320, 351, -1
487, 749, -1
816, 161, -1
498, 260, -1
341, 542, -1
657, 671, -1
178, 1320, -1
983, 683, -1
0, 487, -1
840, 307, -1
156, 487, -1
816, 1320, -1
683, 391, -1
1347, 807, -1
671, 1100, -1
1204, 4, -1
816, 1347, -1
1204, 260, -1
1164, 462, -1
657, 1430, -1
1320, 310, -1
660, 807, -1
1258, 487, -1
0, 361, -1
156, 361, -1
1, 487, -1
310, 657, -1
310, 1, -1
1164, 983, -1
1320, 1258, -1
4, 358, -1
886, 462, -1
1032, 553, -1
683, 1204, -1
1320, 840, -1
498, 1140, -1
816, 156, -1
391, 358, -1
1, 361, -1
553, 20, -1
983, 260, -1
660, 519, -1
886, 983, -1
307, 4, -1
20, 487, -1
749, 358, -1
161, 1100, -1
683, 660, -1
498, 358, -1
683, 4, -1
307, 260, -1
1140, 1430, -1
1032, 683, -1
161, 462, -1
840, 351, -1
816, 542, -1
341, 20, -1
1320, 161, -1
1204, 358, -1
671, 807, -1
310, 1164, -1
671, 816, -1
0, 886, -1
1430, 1204, -1
156, 886, -1
0, 230, -1
156, 230, -1
1320, 1100, -1
553, 671, -1
1320, 1347, -1
310, 553, -1
307, 1140, -1
1258, 886, -1
1032, 4, -1
1258, 230, -1
660, 361, -1
553, 307, -1
1140, 351, -1
1032, 260, -1
0, 351, -1
671, 519, -1
0, 360, -1
307, 749, -1
1320, 983, -1
657, 1258, -1
840, 1258, -1
487, 307, -1
1320, 156, -1
1092, 310, -1
307, 358, -1
1347, 1430, -1
161, 807, -1
341, 1430, -1
807, 671, -1
1258, 1092, -1
161, 178, -1
1, 1092, -1
1092, 4, -1
1164, 20, -1
1, 683, -1
391, 487, -1
1140, 1258, -1
358, 1204, -1
358, 310, -1
0, 1258, -1
0, 840, -1
1320, 807, -1
310, 4, -1
1, 1204, -1
1320, 816, -1
660, 886, -1
660, 230, -1
310, 260, -1
310, 498, -1
1032, 358, -1
1320, 178, -1
20, 1092, -1
840, 1347, -1
657, 462, -1
391, 361, -1
840, 462, -1
498, 307, -1
341, 351, -1
1430, 156, -1
657, 498, -1
1164, 671, -1
260, 542, -1
983, 519, -1
657, 983, -1
1204, 487, -1
840, 983, -1
0, 341, -1
840, 156, -1
816, 1430, -1
1164, 307, -1
1100, 542, -1
886, 671, -1
310, 1140, -1
553, 391, -1
1347, 1164, -1
0, 1100, -1
156, 1100, -1
1140, 462, -1
310, 749, -1
156, 462, -1
1, 161, -1
983, 487, -1
671, 886, -1
1320, 20, -1
671, 230, -1
671, 657, -1
1430, 807, -1
886, 307, -1
310, 358, -1
1258, 1100, -1
358, 1347, -1
1140, 983, -1
1, 1100, -1
840, 542, -1
657, 749, -1
0, 983, -1
307, 487, -1
1, 1347, -1
462, 519, -1
178, 351, -1
816, 351, -1
671, 360, -1
487, 1204, -1
1092, 542, -1
807, 391, -1
161, 1430, -1
1430, 519, -1
358, 156, -1
361, 310, -1
553, 660, -1
1, 156, -1
553, 4, -1
1320, 671, -1
4, 1092, -1
553, 498, -1
391, 1092, -1
462, 487, -1
660, 341, -1
487, 660, -1
487, 4, -1
161, 657, -1
178, 310, -1
671, 1164, -1
156, 807, -1
1032, 487, -1
0, 816, -1
341, 462, -1
358, 542, -1
498, 1092, -1
660, 1100, -1
0, 178, -1
156, 178, -1
178, 1258, -1
498, 683, -1
816, 1258, -1
660, 462, -1
1258, 807, -1
341, 983, -1
1032, 361, -1
1, 807, -1
983, 230, -1
840, 20, -1
1164, 391, -1
1320, 657, -1
1204, 1092, -1
498, 1204, -1
391, 840, -1
361, 161, -1
553, 749, -1
886, 391, -1
161, 1164, -1
1320, 360, -1
1, 519, -1
498, 660, -1
671, 341, -1
20, 807, -1
1347, 1140, -1
361, 1347, -1
983, 1092, -1
310, 487, -1
1347, 749, -1
1140, 20, -1
0, 20, -1
840, 671, -1
683, 351, -1
178, 1347, -1
307, 1092, -1
178, 462, -1
1347, 358, -1
462, 230, -1
307, 683, -1
816, 462, -1
1164, 660, -1
1320, 1164, -1
1164, 4, -1
361, 156, -1
20, 519, -1
358, 20, -1
840, 1430, -1
657, 307, -1
391, 1100, -1
807, 749, -1
1, 20, -1
1164, 498, -1
178, 983, -1
1430, 230, -1
660, 178, -1
816, 983, -1
178, 156, -1
683, 310, -1
886, 660, -1
462, 351, -1
1092, 1430, -1
161, 341, -1
498, 1347, -1
1320, 391, -1
1140, 671, -1
0, 671, -1
840, 1, -1
1430, 351, -1
361, 542, -1
1204, 1100, -1
1032, 1092, -1
671, 1140, -1
178, 542, -1
498, 156, -1
230, 351, -1
1320, 341, -1
1164, 749, -1
161, 498, -1
358, 1430, -1
1258, 1430, -1
0, 657, -1
1140, 1, -1
156, 657, -1
1092, 351, -1
671, 178, -1
983, 1100, -1
391, 807, -1
391, 816, -1
1032, 840, -1
230, 310, -1
1, 886, -1
1, 230, -1
498, 807, -1
341, 671, -1
4, 519, -1
161, 1140, -1
310, 1092, -1
660, 360, -1
1164, 161, -1
1258, 360, -1
671, 1430, -1
0, 542, -1
1, 360, -1
1430, 341, -1
1204, 361, -1
462, 1100, -1
1204, 553, -1
1430, 542, -1
1430, 1100, -1
671, 1, -1
310, 840, -1
1430, 1164, -1
391, 749, -1
20, 360, -1
983, 462, -1
4, 361, -1
749, 542, -1
391, 4, -1
351, 1100, -1
4, 553, -1
983, 553, -1
310, 360, -1
351, 462, -1
498, 816, -1
749, 178, -1
351, 553, -1
749, 361, -1
178, 161, -1
498, 361, -1
749, 553, -1
498, 553, -1
462, 542, -1
161, 1, -1
161, 840, -1
391, 1430, -1
4, 310, -1
749, 1092, -1
1347, 361, -1
749, 683, -1
462, 361, -1
1347, 553, -1
1, 542, -1
983, 749, -1
462, 553, -1
156, 498, -1
161, 360, -1
1258, 816, -1
1, 816, -1
749, 1140, -1
1430, 361, -1
749, 310, -1
391, 1, -1
498, 310, -1
1258, 361, -1
983, 4, -1
1430, 553, -1
1430, 260, -1
1258, 553, -1
462, 1092, -1
1204, 1430, -1
307, 178, -1
307, 361, -1
4, 360, -1
307, 553, -1
307, 498, -1
1430, 1092, -1
749, 260, -1
1430, 683, -1
20, 553, -1
983, 1430, -1
1430, 1140, -1
351, 1092, -1
310, 816, -1
498, 360, -1
462, 886, -1
671, 462, -1
462, 358, -1
1140, 1032, -1
351, 1430, -1
671, 498, -1
1430, 886, -1
1204, 360, -1
1430, 358, -1
1347, 360, -1
358, 4, -1
660, 498, -1
886, 4, -1
351, 886, -1
307, 840, -1
351, 358, -1
683, 1258, -1
749, 657, -1
498, 657, -1
498, 840, -1
161, 816, -1
156, 1430, -1
519, 542, -1
660, 1430, -1
20, 4, -1
307, 360, -1
671, 749, -1
20, 361, -1
4, 542, -1
1320, 542, -1
1347, 840, -1
671, 4, -1
1, 310, -1
358, 749, -1
886, 749, -1
391, 462, -1
498, 542, -1
1258, 657, -1
683, 307, -1
1258, 840, -1
20, 683, -1
749, 1100, -1
391, 498, -1
749, 1164, -1
1, 840, -1
683, 1347, -1
156, 360, -1
20, 1430, -1
307, 1, -1
1258, 1, -1
1204, 1, -1
156, 1, -1
20, 1, -1
1347, 1, -1
660, 1, -1
307, 657, -1

1387, 657, 1
1387, 553, 1
1387, 487, 1
1387, 341, 1
1387, 361, 1
1387, 230, 1
1387, 1140, 1
1387, 358, 1
1387, 1092, 1
1387, 886, 1
1387, 807, 1
1387, 1164, 1
1387, 840, 1
1387, 816, 1
1387, 178, 1
1387, 683, 1
1387, 360, 1
1387, 1100, 1
1387, 260, 1
1387, 519, 1
481, 1320, 1
481, 1430, 1
481, 498, 1
1029, 657, 1
1029, 553, 1
1029, 487, 1
1029, 341, 1
1029, 361, 1
1029, 230, 1
1029, 1140, 1
1029, 358, 1
1029, 1092, 1
1029, 886, 1
1029, 807, 1
1029, 1164, 1
1029, 840, 1
1029, 816, 1
1029, 178, 1
1029, 683, 1
1029, 360, 1
1029, 1100, 1
1029, 260, 1
1029, 519, 1
1029, 1387, 1
960, 657, 1
960, 553, 1
960, 487, 1
960, 341, 1
960, 361, 1
960, 230, 1
960, 1140, 1
960, 358, 1
960, 1092, 1
960, 886, 1
960, 807, 1
960, 1164, 1
960, 840, 1
960, 816, 1
960, 178, 1
960, 683, 1
960, 360, 1
960, 1100, 1
960, 260, 1
960, 519, 1
960, 1387, 1
960, 1029, 1
1165, 657, 1
1165, 553, 1
1165, 487, 1
1165, 341, 1
1165, 361, 1
1165, 230, 1
1165, 1140, 1
1165, 358, 1
1165, 1092, 1
1165, 886, 1
1165, 807, 1
1165, 1164, 1
1165, 840, 1
1165, 816, 1
1165, 178, 1
1165, 683, 1
1165, 360, 1
1165, 1100, 1
1165, 260, 1
1165, 519, 1
1165, 1387, 1
1165, 1029, 1
1165, 960, 1
361, 1387, 1
1140, 341, 1
816, 1165, 1
816, 683, 1
487, 807, 1
657, 519, 1
260, 1100, 1
260, 807, 1
683, 1029, 1
260, 1164, 1
1100, 341, 1
840, 519, 1
553, 1029, 1
178, 1140, 1
1100, 487, 1
683, 519, 1
816, 1140, 1
1029, 1165, 1
178, 1387, 1
1140, 1100, 1
657, 683, 1
1140, 807, 1
553, 519, 1
1140, 1164, 1
519, 487, 1
341, 1164, 1
361, 178, 1
1100, 807, 1
260, 1029, 1
360, 341, 1
1387, 1029, 1
178, 886, 1
361, 260, 1
361, 1140, 1
178, 230, 1
657, 1140, 1
360, 960, 1
816, 886, 1
260, 519, 1
178, 358, 1
816, 230, 1
657, 1387, 1
360, 487, 1
1164, 1029, 1
1140, 1029, 1
816, 840, 1
816, 358, 1
840, 960, 1
341, 1029, 1
1100, 1029, 1
840, 487, 1
683, 341, 1
360, 807, 1
360, 816, 1
178, 260, 1
1140, 519, 1
361, 1092, 1
840, 807, 1
683, 487, 1
1100, 519, 1
553, 1387, 1
840, 816, 1
360, 361, 1
657, 358, 1
361, 1165, 1
1092, 341, 1
178, 360, 1
360, 553, 1
683, 807, 1
840, 178, 1
816, 360, 1
840, 361, 1
657, 260, 1
807, 519, 1
840, 553, 1
260, 487, 1
178, 1165, 1
1092, 1100, 1
1387, 960, 1
360, 519, 1
553, 178, 1
1164, 341, 1
553, 361, 1
553, 260, 1
230, 519, 1
341, 487, 1
1164, 487, 1
1140, 487, 1
657, 1092, 1
360, 683, 1
361, 886, 1
840, 1092, 1
361, 230, 1
361, 657, 1
657, 1165, 1
1164, 1100, 1
1164, 807, 1
361, 358, 1
1092, 1029, 1
341, 807, 1
361, 840, 1
840, 683, 1
341, 1100, 1
1320, 1430, 1
360, 1140, 1
1092, 519, 1
358, 487, 1
553, 1092, 1
886, 487, 1
807, 487, 1
360, 1387, 1
553, 1165, 1
178, 840, 1
553, 683, 1
816, 657, 1
840, 1140, 1
358, 807, 1
1140, 260, 1
886, 807, 1
840, 1387, 1
1100, 260, 1
498, 1430, 1
260, 1092, 1
361, 360, 1
683, 1140, 1
230, 487, 1
341, 519, 1
1164, 519, 1
683, 1387, 1
553, 1140, 1
657, 886, 1
260, 1165, 1
260, 683, 1
657, 230, 1
360, 178, 1
840, 886, 1
657, 840, 1
840, 230, 1
230, 807, 1
1140, 1092, 1
840, 358, 1
360, 260, 1
1140, 1165, 1
1100, 1092, 1
260, 1140, 1
683, 230, 1
1140, 683, 1
1092, 487, 1
553, 886, 1
1100, 1165, 1
358, 519, 1
1100, 683, 1
886, 519, 1
553, 230, 1
840, 260, 1
683, 358, 1
553, 840, 1
178, 341, 1
553, 358, 1
361, 1100, 1
1092, 807, 1
361, 1164, 1
816, 341, 1
683, 260, 1
657, 360, 1
260, 886, 1
360, 1092, 1
260, 230, 1
840, 360, 1
816, 487, 1
260, 358, 1
360, 1165, 1
178, 1100, 1
178, 1164, 1
1092, 260, 1
361, 1029, 1
816, 807, 1
816, 1100, 1
816, 1164, 1
1140, 886, 1
840, 1165, 1
553, 360, 1
1140, 230, 1
1100, 886, 1
683, 1092, 1
1140, 358, 1
1100, 230, 1
683, 1165, 1
1100, 358, 1
657, 1100, 1
178, 1029, 1
657, 1164, 1
1164, 260, 1
341, 260, 1
816, 1029, 1
1092, 1165, 1
1092, 683, 1
178, 519, 1
360, 886, 1
360, 230, 1
360, 657, 1
816, 519, 1
360, 840, 1
1140, 360, 1
360, 358, 1
657, 1029, 1
1387, 1165, 1
840, 657, 1
361, 341, 1
341, 1092, 1
1164, 1092, 1
341, 1165, 1
1164, 1165, 1
683, 886, 1
1164, 683, 1
341, 683, 1
361, 487, 1
553, 657, 1
361, 807, 1
1092, 886, 1
361, 816, 1
1092, 230, 1
341, 1140, 1
1164, 1140, 1
1092, 358, 1
816, 1387, 1
178, 487, 1
816, 960, 1
519, 807, 1
178, 807, 1
361, 553, 1
657, 341, 1
683, 360, 1
487, 519, 1
178, 816, 1
341, 886, 1
1164, 886, 1
840, 341, 1
341, 230, 1
1164, 230, 1
1029, 960, 1
341, 358, 1
1164, 358, 1
657, 487, 1
816, 178, 1
360, 1100, 1
361, 519, 1
360, 1164, 1
816, 361, 1
553, 341, 1
657, 807, 1
816, 260, 1
816, 553, 1
657, 816, 1
840, 1100, 1
358, 886, 1
840, 1164, 1
960, 1165, 1
358, 230, 1
886, 230, 1
553, 487, 1
361, 683, 1
657, 178, 1
886, 358, 1
1320, 498, 1
657, 361, 1
683, 1100, 1
260, 341, 1
683, 1164, 1
360, 1029, 1
1164, 360, 1
553, 1100, 1
657, 553, 1
553, 807, 1
553, 1164, 1
178, 1092, 1
553, 816, 1
840, 1029, 1
816, 1092, 1
178, 683, 1
519, 960, 1
487, 553, 1
807, 341, 1
1164, 657, 1
358, 1100, 1
807, 1100, 1
886, 1100, 1
358, 1164, 1
886, 1164, 1
487, 1092, 1
519, 553, 1
519, 260, 1
487, 683, 1
683, 960, 1
553, 960, 1
230, 1100, 1
358, 1029, 1
807, 1029, 1
886, 1029, 1
487, 1140, 1
487, 1387, 1
519, 1092, 1
260, 960, 1
519, 1165, 1
683, 361, 1
683, 553, 1
487, 886, 1
487, 230, 1
1140, 960, 1
487, 358, 1
1100, 960, 1
260, 361, 1
358, 341, 1
487, 260, 1
1320, 481, 1
260, 553, 1
1140, 816, 1
886, 341, 1
807, 960, 1
519, 886, 1
1140, 178, 1
519, 230, 1
1140, 361, 1
178, 657, 1
519, 358, 1
341, 553, 1
1164, 553, 1
1100, 361, 1
1140, 553, 1
1100, 553, 1
230, 960, 1
487, 1165, 1
358, 361, 1
886, 361, 1
358, 553, 1
807, 553, 1
886, 553, 1
1092, 960, 1
230, 361, 1
230, 553, 1
807, 1092, 1
341, 960, 1
1164, 1387, 1
1140, 1387, 1
1164, 960, 1
358, 683, 1
807, 1165, 1
1092, 361, 1
1092, 553, 1
230, 1092, 1
1140, 840, 1
358, 960, 1
358, 1387, 1
886, 1387, 1
886, 960, 1
1164, 178, 1
341, 361, 1
1164, 361, 1
260, 360, 1
807, 886, 1
807, 230, 1
807, 358, 1
1100, 360, 1
358, 260, 1
230, 886, 1
886, 260, 1
230, 358, 1
361, 960, 1
487, 1100, 1
487, 1164, 1
519, 341, 1
358, 1092, 1
178, 960, 1
886, 1092, 1
358, 1165, 1
886, 1165, 1
487, 1029, 1
886, 683, 1
519, 1100, 1
358, 1140, 1
657, 960, 1
1140, 657, 1
886, 1140, 1
178, 361, 1
1092, 360, 1
178, 553, 1
519, 1029, 1
487, 341, 1
487, 960, 1
1387, 1320, -1
1387, 1430, -1
1387, 498, -1
1387, 391, -1
1387, 671, -1
1387, 307, -1
1387, 156, -1
1387, 1347, -1
1387, 20, -1
1387, 1258, -1
1387, 660, -1
1387, 351, -1
1387, 310, -1
1387, 161, -1
1387, 1032, -1
1387, 1204, -1
1387, 983, -1
1387, 542, -1
1387, 0, -1
1387, 1, -1
1387, 4, -1
1387, 462, -1
1387, 749, -1
481, 657, -1
481, 553, -1
481, 487, -1
481, 341, -1
481, 361, -1
481, 230, -1
481, 1140, -1
481, 358, -1
481, 1092, -1
481, 886, -1
481, 807, -1
481, 1164, -1
481, 840, -1
481, 816, -1
481, 178, -1
481, 683, -1
481, 360, -1
481, 1100, -1
481, 260, -1
481, 519, -1
481, 1387, -1
481, 391, -1
481, 671, -1
481, 307, -1
481, 156, -1
481, 1347, -1
481, 20, -1
481, 1258, -1
481, 660, -1
481, 351, -1
481, 310, -1
481, 161, -1
481, 1032, -1
481, 1204, -1
481, 983, -1
481, 542, -1
481, 0, -1
481, 1, -1
481, 4, -1
481, 462, -1
481, 749, -1
1029, 1320, -1
1029, 1430, -1
1029, 498, -1
1029, 481, -1
1029, 391, -1
1029, 671, -1
1029, 307, -1
1029, 156, -1
1029, 1347, -1
1029, 20, -1
1029, 1258, -1
1029, 660, -1
1029, 351, -1
1029, 310, -1
1029, 161, -1
1029, 1032, -1
1029, 1204, -1
1029, 983, -1
1029, 542, -1
1029, 0, -1
1029, 1, -1
1029, 4, -1
1029, 462, -1
1029, 749, -1
960, 1320, -1
960, 1430, -1
960, 498, -1
960, 481, -1
960, 391, -1
960, 671, -1
960, 307, -1
960, 156, -1
960, 1347, -1
960, 20, -1
960, 1258, -1
960, 660, -1
960, 351, -1
960, 310, -1
960, 161, -1
960, 1032, -1
960, 1204, -1
960, 983, -1
960, 542, -1
960, 0, -1
960, 1, -1
960, 4, -1
960, 462, -1
960, 749, -1
1165, 1320, -1
1165, 1430, -1
1165, 498, -1
1165, 481, -1
1165, 391, -1
1165, 671, -1
1165, 307, -1
1165, 156, -1
1165, 1347, -1
1165, 20, -1
1165, 1258, -1
1165, 660, -1
1165, 351, -1
1165, 310, -1
1165, 161, -1
1165, 1032, -1
1165, 1204, -1
1165, 983, -1
1165, 542, -1
1165, 0, -1
1165, 1, -1
1165, 4, -1
1165, 462, -1
1165, 749, -1
657, 391, -1
840, 391, -1
358, 351, -1
361, 20, -1
1204, 807, -1
260, 462, -1
840, 0, -1
20, 886, -1
161, 358, -1
749, 519, -1
20, 230, -1
683, 156, -1
498, 519, -1
0, 1164, -1
178, 20, -1
816, 20, -1
1320, 1140, -1
260, 983, -1
1032, 1100, -1
1320, 1387, -1
4, 487, -1
1100, 462, -1
481, 960, -1
657, 1204, -1
1320, 749, -1
1204, 519, -1
0, 1029, -1
1258, 1164, -1
156, 1029, -1
1430, 462, -1
1, 1164, -1
1140, 391, -1
1100, 983, -1
1320, 358, -1
361, 671, -1
683, 542, -1
749, 487, -1
307, 807, -1
498, 487, -1
657, 660, -1
1258, 1029, -1
1430, 983, -1
657, 4, -1
1, 1029, -1
178, 671, -1
361, 1430, -1
816, 671, -1
360, 391, -1
840, 498, -1
749, 361, -1
498, 361, -1
230, 983, -1
156, 341, -1
1092, 462, -1
360, 0, -1
178, 1430, -1
4, 1165, -1
307, 519, -1
816, 307, -1
4, 1430, -1
1032, 960, -1
462, 807, -1
1258, 341, -1
1092, 983, -1
1, 341, -1
1140, 660, -1
657, 1320, -1
1140, 4, -1
360, 1204, -1
749, 1165, -1
487, 351, -1
1032, 807, -1
1032, 816, -1
498, 1165, -1
0, 260, -1
816, 1, -1
0, 498, -1
4, 886, -1
361, 351, -1
4, 230, -1
358, 462, -1
341, 391, -1
840, 749, -1
660, 1029, -1
1204, 1165, -1
553, 1204, -1
553, 310, -1
360, 660, -1
683, 20, -1
360, 4, -1
1347, 1092, -1
1258, 498, -1
20, 341, -1
1032, 519, -1
358, 983, -1
1347, 683, -1
1204, 1430, -1
749, 886, -1
519, 671, -1
749, 230, -1
498, 886, -1
498, 230, -1
307, 361, -1
260, 20, -1
20, 1100, -1
0, 1140, -1
0, 1387, -1
1204, 886, -1
1204, 230, -1
1140, 749, -1
361, 1258, -1
310, 807, -1
498, 351, -1
683, 671, -1
1258, 1140, -1
1320, 307, -1
360, 1320, -1
307, 1165, -1
0, 358, -1
1258, 1387, -1
341, 660, -1
156, 358, -1
341, 4, -1
1, 1387, -1
1347, 260, -1
307, 1430, -1
360, 749, -1
683, 1430, -1
260, 671, -1
178, 391, -1
816, 391, -1
1258, 358, -1
553, 1320, -1
310, 519, -1
660, 260, -1
1, 178, -1
360, 1032, -1
553, 1347, -1
816, 0, -1
307, 886, -1
307, 230, -1
1100, 671, -1
1430, 671, -1
1032, 1165, -1
1164, 1204, -1
1164, 310, -1
361, 462, -1
4, 341, -1
553, 156, -1
1032, 1430, -1
487, 983, -1
1204, 1029, -1
161, 553, -1
341, 749, -1
230, 671, -1
361, 498, -1
542, 519, -1
361, 983, -1
4, 1100, -1
886, 310, -1
816, 660, -1
816, 4, -1
749, 341, -1
1032, 886, -1
498, 341, -1
178, 498, -1
1032, 657, -1
1032, 230, -1
1092, 671, -1
161, 1092, -1
840, 307, -1
660, 358, -1
816, 498, -1
519, 391, -1
161, 683, -1
1430, 1, -1
553, 542, -1
1320, 553, -1
749, 1100, -1
498, 1100, -1
481, 1029, -1
1204, 341, -1
542, 487, -1
498, 462, -1
1032, 360, -1
1320, 1092, -1
361, 749, -1
1320, 683, -1
358, 671, -1
498, 983, -1
178, 749, -1
1320, 1204, -1
161, 260, -1
816, 749, -1
1032, 1164, -1
260, 391, -1
310, 230, -1
307, 341, -1
4, 807, -1
816, 1032, -1
1347, 519, -1
1032, 1029, -1
1164, 156, -1
1100, 391, -1
1320, 660, -1
1320, 4, -1
307, 1100, -1
1320, 260, -1
1, 657, -1
749, 807, -1
1430, 391, -1
683, 462, -1
749, 178, -1
657, 351, -1
230, 391, -1
542, 230, -1
1347, 487, -1
1164, 542, -1
683, 983, -1
1032, 341, -1
260, 4, -1
660, 487, -1
1092, 391, -1
886, 542, -1
657, 310, -1
0, 553, -1
840, 1204, -1
840, 310, -1
487, 671, -1
553, 1430, -1
1032, 498, -1
683, 749, -1
498, 20, -1
0, 1092, -1
156, 1092, -1
1, 553, -1
840, 660, -1
840, 4, -1
358, 391, -1
0, 683, -1
307, 178, -1
361, 307, -1
260, 749, -1
1140, 1204, -1
1140, 310, -1
1258, 683, -1
178, 307, -1
1032, 1140, -1
1347, 886, -1
1032, 1387, -1
553, 351, -1
1347, 230, -1
1100, 749, -1
20, 1029, -1
840, 161, -1
161, 519, -1
498, 671, -1
360, 310, -1
840, 1320, -1
657, 1347, -1
156, 260, -1
1032, 178, -1
749, 1430, -1
1430, 358, -1
1258, 260, -1
1320, 519, -1
1, 260, -1
161, 487, -1
840, 1032, -1
657, 156, -1
807, 351, -1
749, 657, -1
553, 1258, -1
660, 1092, -1
498, 1, -1
1092, 749, -1
1164, 1430, -1
0, 1320, -1
341, 1204, -1
341, 310, -1
161, 361, -1
487, 391, -1
360, 161, -1
886, 1430, -1
20, 260, -1
1320, 487, -1
657, 542, -1
361, 391, -1
1, 1140, -1
360, 1347, -1
1140, 156, -1
1320, 361, -1
683, 307, -1
4, 1029, -1
1164, 351, -1
749, 1164, -1
1, 358, -1
498, 1164, -1
553, 462, -1
1347, 341, -1
361, 1204, -1
307, 657, -1
360, 156, -1
542, 807, -1
886, 351, -1
749, 1029, -1
498, 1029, -1
1140, 542, -1
161, 886, -1
161, 230, -1
553, 983, -1
178, 1204, -1
1347, 1100, -1
498, 391, -1
816, 1204, -1
816, 310, -1
0, 807, -1
20, 358, -1
361, 660, -1
361, 4, -1
1430, 487, -1
360, 542, -1
178, 660, -1
178, 4, -1
657, 20, -1
1320, 886, -1
1320, 230, -1
0, 519, -1
341, 156, -1
156, 519, -1
4, 260, -1
307, 1164, -1
807, 983, -1
1258, 519, -1
361, 1320, -1
1320, 351, -1
307, 1029, -1
816, 161, -1
498, 260, -1
341, 542, -1
657, 671, -1
178, 1320, -1
0, 487, -1
683, 391, -1
156, 487, -1
816, 1320, -1
1347, 807, -1
816, 1347, -1
1204, 260, -1
1164, 462, -1
657, 1430, -1
1320, 310, -1
660, 807, -1
1258, 487, -1
0, 361, -1
1, 487, -1
360, 20, -1
1164, 983, -1
1320, 1258, -1
4, 358, -1
886, 462, -1
749, 1140, -1
683, 1204, -1
1032, 553, -1
1320, 840, -1
498, 1140, -1
816, 156, -1
749, 1387, -1
498, 1387, -1
1430, 553, -1
1, 361, -1
553, 20, -1
660, 519, -1
498, 749, -1
886, 983, -1
0, 1165, -1
260, 1204, -1
260, 310, -1
20, 487, -1
749, 358, -1
161, 1100, -1
498, 358, -1
683, 660, -1
683, 4, -1
307, 260, -1
1140, 1430, -1
0, 1430, -1
1032, 683, -1
360, 671, -1
840, 351, -1
816, 542, -1
1100, 310, -1
341, 20, -1
1320, 161, -1
1204, 358, -1
260, 660, -1
0, 886, -1
360, 1430, -1
1430, 310, -1
156, 886, -1
0, 230, -1
156, 230, -1
1320, 1100, -1
553, 671, -1
1320, 1347, -1
840, 481, -1
1320, 462, -1
307, 1140, -1
1258, 886, -1
1258, 230, -1
553, 307, -1
1140, 351, -1
1032, 260, -1
360, 1, -1
0, 360, -1
1320, 983, -1
657, 1258, -1
840, 1258, -1
1320, 156, -1
1347, 1165, -1
1092, 310, -1
307, 358, -1
1347, 1430, -1
161, 807, -1
360, 351, -1
341, 1430, -1
660, 1165, -1
807, 671, -1
1258, 1092, -1
161, 178, -1
1, 1092, -1
660, 1430, -1
1032, 1320, -1
1164, 20, -1
1, 683, -1
1320, 960, -1
1320, 542, -1
260, 156, -1
358, 310, -1
360, 481, -1
0, 840, -1
1320, 807, -1
1320, 816, -1
660, 886, -1
660, 230, -1
1032, 358, -1
1320, 178, -1
20, 1092, -1
657, 462, -1
840, 1347, -1
840, 462, -1
498, 307, -1
341, 351, -1
360, 1258, -1
657, 498, -1
1164, 671, -1
260, 542, -1
657, 983, -1
1204, 487, -1
840, 983, -1
0, 341, -1
840, 156, -1
816, 1430, -1
1100, 542, -1
886, 671, -1
1347, 1164, -1
553, 391, -1
0, 1100, -1
156, 1100, -1
1140, 462, -1
1430, 542, -1
1320, 20, -1
1347, 1029, -1
1430, 807, -1
1258, 1100, -1
1140, 983, -1
1, 1100, -1
840, 542, -1
657, 749, -1
307, 487, -1
462, 519, -1
360, 462, -1
161, 1165, -1
178, 351, -1
816, 351, -1
360, 498, -1
161, 1430, -1
1092, 542, -1
807, 391, -1
1430, 519, -1
360, 983, -1
361, 310, -1
553, 660, -1
553, 4, -1
1320, 671, -1
4, 1092, -1
749, 553, -1
498, 553, -1
0, 960, -1
553, 498, -1
1320, 1165, -1
462, 487, -1
660, 341, -1
816, 481, -1
161, 657, -1
481, 1165, -1
178, 310, -1
1032, 487, -1
156, 807, -1
0, 816, -1
341, 462, -1
749, 1092, -1
358, 542, -1
498, 1092, -1
660, 1100, -1
0, 178, -1
178, 1258, -1
749, 683, -1
498, 683, -1
816, 1258, -1
1258, 807, -1
341, 983, -1
1032, 361, -1
1, 807, -1
840, 20, -1
1164, 391, -1
1320, 657, -1
1204, 1092, -1
1320, 1, -1
1430, 361, -1
498, 1204, -1
498, 310, -1
519, 351, -1
260, 1430, -1
553, 749, -1
886, 391, -1
161, 1164, -1
1320, 360, -1
1, 519, -1
498, 660, -1
307, 553, -1
1347, 1140, -1
498, 4, -1
20, 807, -1
1100, 1430, -1
361, 1347, -1
749, 260, -1
310, 487, -1
1140, 20, -1
840, 671, -1
683, 351, -1
161, 1029, -1
178, 1347, -1
307, 1092, -1
178, 462, -1
1347, 358, -1
462, 230, -1
307, 683, -1
816, 462, -1
1164, 660, -1
1320, 1164, -1
1164, 4, -1
361, 156, -1
657, 307, -1
840, 1430, -1
20, 519, -1
260, 351, -1
498, 161, -1
1430, 886, -1
178, 983, -1
1430, 230, -1
816, 983, -1
178, 156, -1
1320, 1029, -1
683, 310, -1
1100, 351, -1
1092, 1430, -1
498, 1347, -1
161, 341, -1
1320, 391, -1
1140, 671, -1
840, 1, -1
1430, 351, -1
361, 542, -1
156, 1165, -1
1204, 1100, -1
1032, 1092, -1
156, 1430, -1
178, 542, -1
498, 156, -1
230, 351, -1
1258, 1165, -1
1320, 341, -1
1, 1165, -1
1164, 749, -1
358, 1430, -1
1258, 1430, -1
0, 657, -1
360, 307, -1
1092, 351, -1
1032, 840, -1
519, 983, -1
498, 542, -1
20, 1165, -1
1, 886, -1
1, 230, -1
498, 807, -1
683, 1347, -1
20, 1430, -1
4, 519, -1
161, 1140, -1
341, 671, -1
161, 1387, -1
391, 519, -1
310, 1165, -1
310, 683, -1
660, 360, -1
671, 1165, -1
1258, 360, -1
1, 360, -1
1164, 307, -1
391, 683, -1
1140, 307, -1
310, 1140, -1
542, 361, -1
1430, 341, -1
1204, 361, -1
462, 1100, -1
542, 553, -1
1164, 1347, -1
156, 1164, -1
983, 341, -1
1032, 481, -1
1204, 553, -1
4, 960, -1
807, 542, -1
391, 1140, -1
358, 307, -1
391, 1387, -1
671, 886, -1
983, 487, -1
671, 230, -1
671, 657, -1
1430, 1100, -1
1164, 1258, -1
310, 840, -1
1430, 1164, -1
1, 481, -1
886, 307, -1
671, 840, -1
671, 358, -1
310, 358, -1
358, 1347, -1
983, 807, -1
886, 1347, -1
542, 1092, -1
807, 462, -1
20, 360, -1
660, 657, -1
351, 487, -1
749, 960, -1
4, 361, -1
1204, 683, -1
498, 960, -1
1430, 1029, -1
391, 178, -1
351, 807, -1
4, 553, -1
230, 462, -1
310, 360, -1
671, 360, -1
391, 260, -1
487, 1204, -1
161, 481, -1
1204, 1140, -1
498, 816, -1
310, 886, -1
358, 156, -1
487, 20, -1
886, 156, -1
1204, 1387, -1
487, 749, -1
1347, 960, -1
519, 1430, -1
462, 960, -1
391, 1092, -1
156, 960, -1
983, 683, -1
310, 481, -1
487, 660, -1
351, 519, -1
310, 1320, -1
487, 4, -1
519, 310, -1
391, 1165, -1
161, 840, -1
671, 1100, -1
671, 1164, -1
519, 749, -1
1430, 960, -1
983, 1140, -1
1258, 960, -1
1347, 361, -1
983, 1387, -1
660, 1164, -1
156, 178, -1
462, 361, -1
1347, 553, -1
156, 361, -1
1100, 4, -1
310, 657, -1
671, 1029, -1
1140, 498, -1
462, 553, -1
156, 553, -1
161, 360, -1
1258, 816, -1
307, 1387, -1
307, 960, -1
983, 230, -1
230, 542, -1
1, 816, -1
391, 886, -1
983, 358, -1
391, 230, -1
391, 657, -1
391, 840, -1
1258, 361, -1
391, 358, -1
1430, 260, -1
1258, 553, -1
487, 1430, -1
983, 260, -1
462, 1092, -1
487, 310, -1
156, 683, -1
361, 481, -1
4, 360, -1
310, 341, -1
1430, 1092, -1
391, 360, -1
671, 341, -1
1430, 1165, -1
671, 960, -1
156, 1140, -1
983, 1092, -1
1430, 683, -1
671, 487, -1
156, 1387, -1
983, 1165, -1
807, 1430, -1
1100, 20, -1
671, 807, -1
20, 553, -1
310, 1100, -1
310, 1164, -1
310, 816, -1
1430, 1140, -1
671, 816, -1
498, 360, -1
660, 1387, -1
660, 960, -1
462, 886, -1
807, 310, -1
462, 358, -1
657, 481, -1
671, 361, -1
391, 1100, -1
358, 20, -1
886, 20, -1
391, 1164, -1
1, 960, -1
807, 749, -1
671, 553, -1
310, 553, -1
310, 1029, -1
1164, 498, -1
1204, 360, -1
660, 178, -1
660, 361, -1
983, 886, -1
553, 481, -1
1347, 360, -1
671, 519, -1
660, 553, -1
886, 660, -1
358, 4, -1
358, 660, -1
886, 4, -1
391, 1029, -1
358, 498, -1
886, 498, -1
487, 307, -1
161, 960, -1
671, 683, -1
1, 498, -1
20, 960, -1
542, 1100, -1
683, 1258, -1
1140, 161, -1
1092, 20, -1
487, 1347, -1
498, 657, -1
1204, 1164, -1
487, 462, -1
498, 840, -1
161, 816, -1
1140, 481, -1
0, 481, -1
660, 683, -1
671, 1140, -1
519, 542, -1
671, 1387, -1
310, 1387, -1
310, 960, -1
1140, 1347, -1
1092, 4, -1
307, 360, -1
20, 361, -1
391, 341, -1
660, 1140, -1
161, 498, -1
391, 960, -1
487, 156, -1
519, 462, -1
1, 1430, -1
1140, 1258, -1
391, 487, -1
358, 1204, -1
1140, 1, -1
156, 657, -1
886, 1204, -1
983, 1100, -1
310, 178, -1
671, 178, -1
983, 1164, -1
310, 361, -1
391, 807, -1
230, 1430, -1
391, 816, -1
358, 749, -1
310, 260, -1
886, 749, -1
310, 498, -1
671, 260, -1
310, 1092, -1
230, 310, -1
1258, 657, -1
391, 361, -1
1258, 840, -1
983, 1029, -1
391, 553, -1
1, 840, -1
156, 360, -1
542, 960, -1
487, 542, -1
1204, 960, -1
671, 1092, -1
983, 519, -1
1387, 481, -1
341, 481, -1
1092, 481, -1
178, 481, -1
260, 481, -1
1164, 481, -1
1100, 481, -1
683, 481, -1

