0, 1462, 1
805, 1271, 1
1449, 1462, 1
1449, 0, 1
0, 1449, 1
1271, 1462, -1
0, 1271, -1
762, 1462, -1
762, 0, -1
762, 1271, -1
805, 1462, -1
805, 0, -1
805, 762, -1
1449, 1271, -1
1449, 805, -1
1449, 762, -1
0, 805, -1
0, 762, -1
1462, 1271, -1
762, 805, -1

1409, 1271, 1
1409, 805, 1
1234, 762, 1
471, 1462, 1
471, 0, 1
471, 1449, 1
1284, 762, 1
1284, 1234, 1
1449, 1462, 1
0, 1449, 1
0, 1462, 1
762, 1284, 1
805, 1271, 1
1234, 1284, 1
1462, 471, 1
1449, 471, 1
0, 471, 1
1409, 1462, -1
1409, 0, -1
1409, 1449, -1
1409, 762, -1
1234, 1462, -1
1234, 0, -1
1234, 1449, -1
1234, 1271, -1
1234, 805, -1
1234, 1409, -1
471, 1271, -1
471, 805, -1
471, 1409, -1
471, 762, -1
471, 1234, -1
1284, 1462, -1
1284, 0, -1
1284, 1449, -1
1284, 471, -1
1284, 1271, -1
1284, 805, -1
1284, 1409, -1
1449, 1234, -1
0, 762, -1
1271, 1462, -1
1409, 1234, -1
1409, 471, -1
762, 471, -1
0, 1271, -1
0, 1234, -1
762, 1462, -1
762, 1271, -1
1449, 805, -1
1449, 1284, -1
805, 471, -1
1409, 1284, -1
1234, 471, -1
1449, 762, -1
762, 805, -1
805, 1462, -1
1462, 1271, -1
1449, 1271, -1
1271, 471, -1
0, 805, -1
0, 1284, -1
0, 1409, -1
1449, 1409, -1

150, 1271, 1
150, 805, 1
150, 1409, 1
1349, 762, 1
1349, 1234, 1
1349, 1284, 1
897, 762, 1
897, 1234, 1
897, 1284, 1
897, 1349, 1
240, 1462, 1
240, 0, 1
240, 1449, 1
240, 471, 1
1449, 1462, 1
1234, 762, 1
1449, 471, 1
0, 1449, 1
0, 1462, 1
1234, 1349, 1
762, 1349, 1
1462, 471, 1
1284, 1349, 1
0, 471, 1
762, 1284, 1
1409, 805, 1
805, 1271, 1
1234, 1284, 1
1409, 1271, 1
805, 150, 1
1449, 240, 1
1409, 150, 1
0, 240, 1
1449, 0, 1
1343, 1462, -1
1343, 0, -1
1343, 1449, -1
1343, 471, -1
1343, 1271, -1
1343, 805, -1
1343, 1409, -1
1343, 762, -1
1343, 1234, -1
1343, 1284, -1
150, 1462, -1
150, 0, -1
150, 1449, -1
150, 471, -1
150, 762, -1
150, 1234, -1
150, 1284, -1
150, 1343, -1
1349, 1462, -1
1349, 0, -1
1349, 1449, -1
1349, 471, -1
1349, 1271, -1
1349, 805, -1
1349, 1409, -1
1349, 150, -1
1349, 1343, -1
897, 1462, -1
897, 0, -1
897, 1449, -1
897, 471, -1
897, 1271, -1
897, 805, -1
897, 1409, -1
897, 150, -1
897, 1343, -1
240, 1271, -1
240, 805, -1
240, 1409, -1
240, 150, -1
240, 762, -1
240, 1234, -1
240, 1284, -1
240, 1349, -1
240, 897, -1
240, 1343, -1
1449, 1234, -1
0, 762, -1
1409, 1234, -1
1271, 1343, -1
1284, 1462, -1
1234, 1449, -1
1284, 150, -1
1409, 471, -1
805, 1284, -1
1284, 1343, -1
762, 471, -1
471, 1271, -1
1234, 805, -1
0, 1271, -1
1234, 1409, -1
1449, 1343, -1
471, 1343, -1
1462, 1343, -1
0, 1234, -1
1449, 1349, -1
1409, 1343, -1
1409, 1462, -1
1449, 150, -1
762, 1462, -1
1462, 150, -1
762, 150, -1
762, 1343, -1
0, 1409, -1
1409, 1349, -1
1449, 897, -1
1234, 1271, -1
1284, 805, -1
1409, 897, -1
1409, 1449, -1
0, 1343, -1
1449, 805, -1
1449, 1284, -1
897, 240, -1
805, 471, -1
1449, 1409, -1
1284, 471, -1
1462, 805, -1
0, 1349, -1
0, 150, -1
762, 1449, -1
1234, 471, -1
1409, 1284, -1
1449, 762, -1
762, 805, -1
1284, 1271, -1
1409, 762, -1
0, 897, -1
805, 1343, -1
1234, 1462, -1
805, 1462, -1
1234, 150, -1
805, 1349, -1
1234, 1343, -1
1462, 1271, -1
1449, 1271, -1
1271, 471, -1
0, 805, -1
0, 1284, -1
762, 1271, -1
1271, 1462, -1
471, 150, -1
1343, 150, -1
1409, 240, -1
471, 805, -1
1409, 0, -1

426, 762, 1
426, 1234, 1
426, 1284, 1
426, 1349, 1
426, 897, 1
897, 1234, 1
1234, 897, 1
1234, 762, 1
897, 1349, 1
1234, 1349, 1
762, 1349, 1
897, 1284, 1
1284, 1349, 1
762, 1284, 1
1234, 1284, 1
897, 762, 1
1234, 426, 1
897, 426, 1
426, 1462, -1
426, 0, -1
426, 1449, -1
426, 471, -1
426, 240, -1
426, 1271, -1
426, 805, -1
426, 1409, -1
426, 150, -1
426, 1343, -1
1403, 1462, -1
1403, 0, -1
1403, 1449, -1
1403, 471, -1
1403, 240, -1
1403, 1271, -1
1403, 805, -1
1403, 1409, -1
1403, 150, -1
1403, 762, -1
1403, 1234, -1
1403, 1284, -1
1403, 1349, -1
1403, 897, -1
1403, 426, -1
1403, 1343, -1
1449, 1234, -1
0, 762, -1
897, 1343, -1
897, 1462, -1
1409, 1234, -1
1284, 1462, -1
897, 150, -1
1349, 805, -1
1284, 150, -1
240, 1234, -1
1284, 1343, -1
1234, 1403, -1
762, 471, -1
1234, 805, -1
762, 1343, -1
762, 1462, -1
0, 1234, -1
1449, 1349, -1
1349, 1271, -1
762, 150, -1
426, 1403, -1
897, 805, -1
1409, 1349, -1
897, 1403, -1
1449, 897, -1
1234, 1271, -1
1284, 805, -1
240, 1349, -1
1409, 897, -1
1349, 471, -1
240, 897, -1
1449, 1284, -1
897, 1271, -1
1284, 471, -1
0, 1349, -1
762, 1403, -1
1234, 471, -1
1449, 762, -1
1409, 1284, -1
762, 805, -1
1284, 1271, -1
1349, 1462, -1
1409, 762, -1
0, 897, -1
1349, 150, -1
1349, 1343, -1
240, 1284, -1
1234, 1462, -1
240, 762, -1
897, 471, -1
1234, 150, -1
1234, 1343, -1
0, 1284, -1
762, 1271, -1
1449, 426, -1
1409, 426, -1
0, 426, -1
805, 1284, -1
240, 426, -1

945, 1271, 1
945, 805, 1
945, 1409, 1
945, 150, 1
195, 1462, 1
195, 0, 1
195, 1449, 1
195, 471, 1
195, 240, 1
570, 1271, 1
570, 805, 1
570, 1409, 1
570, 150, 1
570, 945, 1
150, 1271, 1
1449, 471, 1
1462, 471, 1
0, 240, 1
240, 471, 1
1449, 1462, 1
1409, 150, 1
0, 471, 1
240, 1462, 1
805, 1271, 1
945, 570, 1
0, 1462, 1
240, 0, 1
240, 1449, 1
1409, 805, 1
1409, 570, 1
1409, 945, 1
0, 1449, 1
805, 150, 1
1409, 1271, 1
1449, 240, 1
1449, 195, 1
0, 195, 1
1449, 0, 1
240, 195, 1
945, 1462, -1
945, 0, -1
945, 1449, -1
945, 471, -1
945, 240, -1
945, 762, -1
945, 1234, -1
945, 1284, -1
945, 1349, -1
945, 897, -1
945, 426, -1
945, 1343, -1
945, 1403, -1
195, 1271, -1
195, 805, -1
195, 1409, -1
195, 150, -1
195, 945, -1
195, 762, -1
195, 1234, -1
195, 1284, -1
195, 1349, -1
195, 897, -1
195, 426, -1
195, 1343, -1
195, 1403, -1
570, 1462, -1
570, 0, -1
570, 1449, -1
570, 471, -1
570, 240, -1
570, 195, -1
570, 762, -1
570, 1234, -1
570, 1284, -1
570, 1349, -1
570, 897, -1
570, 426, -1
570, 1343, -1
570, 1403, -1
315, 1462, -1
315, 0, -1
315, 1449, -1
315, 471, -1
315, 240, -1
315, 195, -1
315, 1271, -1
315, 805, -1
315, 1409, -1
315, 150, -1
315, 945, -1
315, 570, -1
315, 762, -1
315, 1234, -1
315, 1284, -1
315, 1349, -1
315, 897, -1
315, 426, -1
315, 1343, -1
315, 1403, -1
0, 570, -1
240, 1271, -1
1284, 1462, -1
1271, 1343, -1
1284, 150, -1
240, 1234, -1
1234, 805, -1
1462, 1343, -1
150, 1462, -1
1462, 150, -1
240, 315, -1
426, 570, -1
426, 1409, -1
1234, 1271, -1
426, 945, -1
570, 315, -1
1449, 805, -1
471, 1343, -1
1409, 195, -1
0, 1349, -1
1449, 570, -1
1234, 471, -1
762, 805, -1
240, 1284, -1
240, 1403, -1
762, 1271, -1
897, 1462, -1
1403, 1462, -1
897, 150, -1
1403, 150, -1
1409, 471, -1
762, 471, -1
0, 1271, -1
0, 1234, -1
1449, 1349, -1
1349, 1271, -1
1409, 1349, -1
897, 570, -1
897, 1409, -1
150, 1343, -1
426, 805, -1
240, 1343, -1
240, 150, -1
897, 945, -1
0, 315, -1
1409, 1449, -1
1349, 471, -1
240, 897, -1
805, 471, -1
426, 1271, -1
240, 570, -1
240, 1409, -1
1234, 1462, -1
240, 762, -1
1234, 150, -1
240, 945, -1
805, 1349, -1
1462, 1271, -1
426, 471, -1
1449, 1271, -1
1271, 471, -1
0, 1284, -1
0, 1403, -1
240, 426, -1
1449, 1234, -1
1409, 1234, -1
945, 315, -1
471, 1271, -1
1449, 315, -1
1409, 315, -1
762, 1462, -1
762, 150, -1
897, 805, -1
1403, 805, -1
1284, 805, -1
0, 1343, -1
1449, 1284, -1
897, 1271, -1
0, 150, -1
1409, 1284, -1
1409, 1403, -1
1284, 1271, -1
1349, 1462, -1
240, 805, -1
0, 897, -1
1349, 150, -1
897, 471, -1
1403, 471, -1
1284, 471, -1
0, 1409, -1
0, 762, -1
426, 1462, -1
0, 945, -1
426, 150, -1
0, 426, -1
1234, 570, -1
150, 471, -1
1234, 1409, -1
1449, 1343, -1
897, 1449, -1
1234, 945, -1
1449, 150, -1
1409, 1343, -1
1409, 1462, -1
1403, 1449, -1
945, 195, -1
240, 1349, -1
1409, 897, -1
1449, 1409, -1
1449, 762, -1
1403, 1271, -1
1449, 945, -1
762, 570, -1
1409, 762, -1
805, 1343, -1
805, 1462, -1
1449, 426, -1
1409, 426, -1
0, 805, -1
1271, 1462, -1
1234, 195, -1
897, 0, -1
1343, 1462, -1
426, 195, -1
1271, 195, -1
897, 195, -1
1343, 150, -1
1403, 195, -1
1409, 0, -1
897, 240, -1
471, 150, -1
1449, 1403, -1
762, 195, -1
1462, 805, -1
150, 195, -1
762, 1409, -1
762, 945, -1
1409, 240, -1
471, 805, -1
471, 570, -1

1002, 1271, 1
1002, 805, 1
1002, 1409, 1
1002, 150, 1
1002, 945, 1
1002, 570, 1
1130, 315, 1
150, 1271, 1
945, 570, 1
945, 1409, 1
1409, 945, 1
805, 150, 1
570, 150, 1
945, 150, 1
1409, 150, 1
1409, 805, 1
570, 805, 1
1409, 1271, 1
805, 1271, 1
1409, 570, 1
570, 1271, 1
945, 1271, 1
945, 805, 1
570, 945, 1
1409, 1002, 1
570, 1002, 1
945, 1002, 1
570, 1409, 1
1002, 1462, -1
1002, 0, -1
1002, 1449, -1
1002, 471, -1
1002, 240, -1
1002, 195, -1
1002, 762, -1
1002, 1234, -1
1002, 1284, -1
1002, 1349, -1
1002, 897, -1
1002, 426, -1
1002, 1343, -1
1002, 1403, -1
1002, 315, -1
1130, 1462, -1
1130, 0, -1
1130, 1449, -1
1130, 471, -1
1130, 240, -1
1130, 195, -1
1130, 1271, -1
1130, 805, -1
1130, 1409, -1
1130, 150, -1
1130, 945, -1
1130, 570, -1
1130, 1002, -1
1130, 762, -1
1130, 1234, -1
1130, 1284, -1
1130, 1349, -1
1130, 897, -1
1130, 426, -1
1130, 1343, -1
1130, 1403, -1
0, 570, -1
897, 315, -1
240, 1271, -1
1271, 1343, -1
1284, 150, -1
945, 1349, -1
1002, 1130, -1
1409, 1130, -1
1234, 805, -1
315, 471, -1
150, 1462, -1
240, 315, -1
426, 570, -1
1234, 1271, -1
426, 1409, -1
426, 945, -1
570, 315, -1
1449, 805, -1
1409, 195, -1
1449, 570, -1
762, 805, -1
570, 1284, -1
570, 1403, -1
195, 150, -1
762, 1271, -1
945, 471, -1
897, 150, -1
1403, 150, -1
1409, 471, -1
0, 1271, -1
1349, 1271, -1
1409, 1349, -1
897, 570, -1
150, 1343, -1
426, 805, -1
897, 1409, -1
945, 1403, -1
240, 150, -1
897, 945, -1
0, 315, -1
570, 1343, -1
570, 1462, -1
805, 471, -1
426, 1271, -1
315, 1284, -1
315, 1403, -1
240, 570, -1
240, 1409, -1
1234, 315, -1
1234, 150, -1
240, 945, -1
805, 1349, -1
1462, 1271, -1
1449, 1271, -1
1271, 471, -1
570, 762, -1
945, 1462, -1
945, 315, -1
1449, 315, -1
195, 805, -1
1409, 315, -1
762, 150, -1
897, 805, -1
315, 1343, -1
315, 1462, -1
1403, 805, -1
315, 150, -1
1284, 805, -1
945, 1284, -1
897, 1271, -1
0, 150, -1
1409, 1284, -1
1409, 1403, -1
1284, 1271, -1
315, 570, -1
240, 805, -1
1349, 150, -1
315, 762, -1
570, 195, -1
0, 1409, -1
426, 315, -1
0, 945, -1
426, 150, -1
945, 1343, -1
315, 1002, -1
1234, 570, -1
150, 471, -1
1234, 1409, -1
1234, 945, -1
1449, 150, -1
1409, 1343, -1
1409, 1462, -1
945, 195, -1
315, 1349, -1
570, 471, -1
195, 1271, -1
945, 762, -1
1449, 1409, -1
570, 1349, -1
315, 195, -1
1403, 1271, -1
1449, 945, -1
315, 805, -1
1409, 762, -1
805, 1343, -1
805, 1462, -1
0, 805, -1
945, 1130, -1
315, 1271, -1
1449, 1002, -1
1409, 1234, -1
1449, 1130, -1
762, 1002, -1
762, 1130, -1
150, 1130, -1
240, 1002, -1
240, 1130, -1
471, 1002, -1
0, 1002, -1
1343, 150, -1
570, 1130, -1
0, 1130, -1
471, 150, -1
805, 1130, -1
1234, 1002, -1
1462, 805, -1
1234, 1130, -1
945, 426, -1
762, 570, -1
762, 1409, -1
762, 945, -1
897, 1002, -1
426, 1002, -1
897, 1130, -1
945, 1234, -1
1403, 1130, -1
426, 1130, -1
1409, 426, -1
471, 805, -1
471, 570, -1
1284, 570, -1
762, 315, -1
195, 570, -1
1403, 570, -1

1131, 762, 1
1131, 1234, 1
1131, 1284, 1
1131, 1349, 1
1131, 897, 1
1131, 426, 1
290, 1403, 1
426, 762, 1
897, 1234, 1
1234, 762, 1
762, 1234, 1
426, 1234, 1
426, 1349, 1
897, 426, 1
897, 1349, 1
762, 1349, 1
1234, 1349, 1
897, 1284, 1
1284, 1349, 1
762, 1284, 1
1234, 426, 1
426, 1284, 1
762, 426, 1
1234, 1284, 1
897, 762, 1
426, 897, 1
1234, 897, 1
426, 1131, 1
762, 897, 1
897, 1131, 1
1234, 1131, 1
762, 1131, 1
1131, 1462, -1
1131, 0, -1
1131, 1449, -1
1131, 471, -1
1131, 240, -1
1131, 195, -1
1131, 1271, -1
1131, 805, -1
1131, 1409, -1
1131, 150, -1
1131, 945, -1
1131, 570, -1
1131, 1002, -1
1131, 1343, -1
1131, 1403, -1
1131, 315, -1
1131, 1130, -1
290, 1462, -1
290, 0, -1
290, 1449, -1
290, 471, -1
290, 240, -1
290, 195, -1
290, 1271, -1
290, 805, -1
290, 1409, -1
290, 150, -1
290, 945, -1
290, 570, -1
290, 1002, -1
290, 762, -1
290, 1234, -1
290, 1284, -1
290, 1349, -1
290, 897, -1
290, 426, -1
290, 1131, -1
290, 1343, -1
290, 315, -1
290, 1130, -1
1349, 195, -1
1403, 315, -1
426, 1343, -1
1284, 1462, -1
1284, 150, -1
240, 1234, -1
945, 1349, -1
1234, 805, -1
897, 290, -1
426, 195, -1
1002, 1349, -1
897, 1403, -1
1403, 1284, -1
426, 570, -1
1234, 1271, -1
1403, 1131, -1
0, 1349, -1
1234, 471, -1
762, 805, -1
240, 1284, -1
240, 1403, -1
426, 1002, -1
426, 1130, -1
570, 1284, -1
762, 1271, -1
1234, 290, -1
897, 1343, -1
897, 1462, -1
1403, 1343, -1
1403, 1462, -1
897, 150, -1
1349, 805, -1
315, 1234, -1
1403, 150, -1
1284, 1343, -1
1234, 1403, -1
1130, 1349, -1
762, 471, -1
1403, 897, -1
0, 1234, -1
1449, 1349, -1
1349, 1271, -1
1284, 195, -1
1409, 1349, -1
897, 570, -1
426, 805, -1
945, 1403, -1
762, 290, -1
1403, 762, -1
1349, 471, -1
240, 897, -1
1403, 426, -1
426, 1271, -1
315, 1284, -1
1234, 1462, -1
897, 1002, -1
240, 762, -1
1403, 1002, -1
1234, 150, -1
897, 1130, -1
945, 1234, -1
426, 471, -1
1403, 1130, -1
0, 1284, -1
0, 1403, -1
240, 426, -1
1449, 1234, -1
1409, 1234, -1
426, 290, -1
762, 1343, -1
762, 1462, -1
897, 195, -1
762, 150, -1
1403, 195, -1
897, 805, -1
426, 1403, -1
1403, 805, -1
1130, 1284, -1
1284, 805, -1
1403, 570, -1
945, 1284, -1
315, 897, -1
1449, 1284, -1
1449, 1403, -1
897, 1271, -1
1409, 1284, -1
1409, 1403, -1
1002, 1284, -1
1284, 1271, -1
1349, 1462, -1
0, 897, -1
1349, 150, -1
315, 762, -1
897, 471, -1
1234, 1343, -1
1403, 471, -1
1284, 471, -1
315, 426, -1
0, 762, -1
426, 1462, -1
426, 150, -1
762, 1002, -1
1234, 195, -1
762, 1130, -1
1403, 1349, -1
0, 426, -1
1234, 570, -1
945, 897, -1
315, 1349, -1
1449, 897, -1
240, 1349, -1
1409, 897, -1
945, 762, -1
762, 195, -1
1234, 1002, -1
570, 1349, -1
1449, 762, -1
1234, 1130, -1
945, 426, -1
1403, 1271, -1
762, 570, -1
1409, 762, -1
1349, 1343, -1
1403, 1234, -1
1449, 426, -1
1409, 426, -1
897, 315, -1
570, 762, -1
426, 315, -1
570, 1131, -1
0, 1131, -1
805, 1284, -1
195, 1284, -1
945, 290, -1
1130, 290, -1
762, 315, -1
426, 1449, -1
1449, 290, -1
426, 1409, -1
1002, 290, -1
1409, 290, -1
1130, 762, -1
1349, 1130, -1
426, 945, -1
315, 290, -1
240, 290, -1
945, 1131, -1
1130, 1131, -1
762, 1403, -1
570, 290, -1
0, 290, -1
1002, 762, -1
1449, 1131, -1
1131, 290, -1
1002, 1131, -1
1234, 315, -1
1409, 1131, -1
1284, 1130, -1
240, 1131, -1
195, 1349, -1
570, 1403, -1
1002, 1403, -1
1130, 1403, -1

312, 762, 1
312, 1234, 1
312, 1284, 1
312, 1349, 1
312, 897, 1
312, 426, 1
312, 1131, 1
639, 1271, 1
639, 805, 1
639, 1409, 1
639, 150, 1
639, 945, 1
639, 570, 1
639, 1002, 1
894, 762, 1
894, 1234, 1
894, 1284, 1
894, 1349, 1
894, 897, 1
894, 426, 1
894, 1131, 1
894, 312, 1
1, 1462, 1
1, 0, 1
1, 1449, 1
1, 471, 1
1, 240, 1
1, 195, 1
1234, 894, 1
312, 894, 1
1449, 471, 1
1271, 150, 1
426, 1349, 1
1409, 1002, 1
897, 1349, 1
1462, 471, 1
1284, 1349, 1
945, 150, 1
0, 240, 1
1234, 1284, 1
570, 1271, 1
426, 894, 1
240, 471, 1
897, 894, 1
1449, 1462, 1
1284, 894, 1
1234, 762, 1
1234, 1131, 1
1002, 150, 1
570, 1002, 1
762, 1349, 1
1409, 150, 1
897, 1284, 1
0, 471, 1
1234, 426, 1
426, 1284, 1
240, 1462, 1
1271, 805, 1
897, 762, 1
945, 805, 1
945, 570, 1
426, 762, 1
762, 894, 1
945, 1409, 1
426, 1131, 1
897, 1131, 1
1449, 195, 1
0, 1462, 1
570, 805, 1
897, 426, 1
240, 0, 1
570, 150, 1
762, 1284, 1
240, 1449, 1
1002, 805, 1
1131, 1349, 1
1409, 805, 1
1002, 570, 1
1409, 570, 1
1409, 1271, 1
240, 195, 1
945, 1271, 1
195, 471, 1
945, 1002, 1
897, 1234, 1
1409, 945, 1
426, 1234, 1
1131, 894, 1
0, 1449, 1
762, 1131, 1
805, 150, 1
1234, 1349, 1
0, 195, 1
195, 1462, 1
1349, 894, 1
1002, 1271, 1
1131, 1284, 1
150, 1271, 1
426, 312, 1
1234, 897, 1
1131, 762, 1
762, 1234, 1
570, 945, 1
1409, 639, 1
1002, 639, 1
150, 639, 1
1449, 1, 1
1462, 1, 1
426, 897, 1
240, 1, 1
570, 639, 1
805, 1271, 1
1449, 0, 1
0, 1, 1
805, 639, 1
1002, 1409, 1
1234, 312, 1
1002, 945, 1
195, 1, 1
1449, 240, 1
1271, 639, 1
945, 639, 1
762, 426, 1
570, 1409, 1
195, 1449, 1
762, 897, 1
762, 312, 1
312, 1462, -1
312, 0, -1
312, 1449, -1
312, 471, -1
312, 240, -1
312, 195, -1
312, 1271, -1
312, 805, -1
312, 1409, -1
312, 150, -1
312, 945, -1
312, 570, -1
312, 1002, -1
312, 1343, -1
312, 1403, -1
312, 290, -1
312, 315, -1
312, 1130, -1
639, 1462, -1
639, 0, -1
639, 1449, -1
639, 471, -1
639, 240, -1
639, 195, -1
639, 762, -1
639, 1234, -1
639, 1284, -1
639, 1349, -1
639, 897, -1
639, 426, -1
639, 1131, -1
639, 312, -1
639, 1343, -1
639, 1403, -1
639, 290, -1
639, 315, -1
639, 1130, -1
894, 1462, -1
894, 0, -1
894, 1449, -1
894, 471, -1
894, 240, -1
894, 195, -1
894, 1271, -1
894, 805, -1
894, 1409, -1
894, 150, -1
894, 945, -1
894, 570, -1
894, 1002, -1
894, 639, -1
894, 1343, -1
894, 1403, -1
894, 290, -1
894, 315, -1
894, 1130, -1
1, 1271, -1
1, 805, -1
1, 1409, -1
1, 150, -1
1, 945, -1
1, 570, -1
1, 1002, -1
1, 639, -1
1, 762, -1
1, 1234, -1
1, 1284, -1
1, 1349, -1
1, 897, -1
1, 426, -1
1, 1131, -1
1, 312, -1
1, 894, -1
1, 1343, -1
1, 1403, -1
1, 290, -1
1, 315, -1
1, 1130, -1
0, 570, -1
897, 315, -1
1449, 1002, -1
290, 570, -1
240, 1271, -1
1462, 639, -1
1449, 1130, -1
1284, 1462, -1
426, 1343, -1
1271, 1343, -1
290, 762, -1
1284, 150, -1
240, 1234, -1
945, 1349, -1
1409, 1130, -1
1234, 805, -1
315, 471, -1
897, 290, -1
195, 1284, -1
945, 894, -1
1462, 1343, -1
471, 1002, -1
426, 195, -1
1002, 1349, -1
471, 639, -1
150, 1462, -1
240, 315, -1
1271, 195, -1
1462, 150, -1
897, 1403, -1
1130, 195, -1
1403, 1284, -1
426, 570, -1
1234, 1271, -1
1130, 805, -1
290, 1002, -1
1002, 894, -1
570, 315, -1
312, 639, -1
1131, 315, -1
315, 894, -1
1449, 805, -1
240, 290, -1
471, 1343, -1
1409, 195, -1
0, 1349, -1
290, 1462, -1
1449, 570, -1
1234, 471, -1
1130, 1271, -1
290, 1349, -1
762, 805, -1
240, 1284, -1
240, 1403, -1
0, 894, -1
897, 639, -1
290, 894, -1
426, 1002, -1
1284, 639, -1
195, 1343, -1
426, 1130, -1
1130, 471, -1
570, 1284, -1
240, 1131, -1
195, 150, -1
762, 1271, -1
570, 1403, -1
471, 570, -1
1131, 1403, -1
1234, 290, -1
945, 471, -1
290, 195, -1
290, 805, -1
897, 1343, -1
897, 1462, -1
1403, 1462, -1
570, 1131, -1
897, 150, -1
1349, 805, -1
1271, 1349, -1
1403, 150, -1
1284, 1343, -1
1409, 471, -1
1002, 471, -1
1234, 1403, -1
1130, 1349, -1
240, 639, -1
762, 471, -1
0, 1271, -1
1271, 894, -1
894, 1, -1
945, 290, -1
762, 315, -1
290, 1271, -1
1130, 894, -1
0, 1234, -1
1449, 1349, -1
1462, 1349, -1
240, 312, -1
1349, 1271, -1
1131, 639, -1
1409, 1349, -1
897, 570, -1
897, 1409, -1
426, 805, -1
240, 1343, -1
945, 1403, -1
1449, 894, -1
240, 150, -1
897, 945, -1
290, 471, -1
1409, 894, -1
0, 315, -1
1349, 471, -1
240, 897, -1
570, 1343, -1
945, 1131, -1
570, 1462, -1
1131, 1343, -1
1131, 1462, -1
1002, 1403, -1
805, 471, -1
426, 1271, -1
762, 1403, -1
1131, 150, -1
195, 639, -1
312, 1, -1
315, 1284, -1
0, 290, -1
240, 570, -1
240, 1409, -1
1002, 1131, -1
1234, 1462, -1
897, 1002, -1
1234, 315, -1
240, 762, -1
1234, 150, -1
897, 1130, -1
945, 1234, -1
240, 945, -1
1449, 1271, -1
426, 471, -1
805, 1349, -1
1462, 1271, -1
0, 1284, -1
0, 1403, -1
471, 805, -1
240, 426, -1
1449, 1234, -1
570, 762, -1
805, 894, -1
1409, 1234, -1
945, 1462, -1
0, 1131, -1
945, 315, -1
290, 1131, -1
240, 1002, -1
426, 290, -1
471, 1271, -1
1449, 315, -1
195, 805, -1
240, 1130, -1
1409, 315, -1
1002, 1462, -1
1002, 315, -1
762, 1343, -1
762, 1462, -1
0, 639, -1
897, 195, -1
762, 150, -1
1403, 195, -1
897, 805, -1
426, 1403, -1
1271, 1403, -1
1403, 805, -1
150, 1349, -1
315, 1462, -1
1449, 290, -1
1130, 1284, -1
315, 150, -1
1284, 805, -1
945, 1284, -1
1409, 290, -1
0, 312, -1
1462, 894, -1
150, 894, -1
1271, 1131, -1
0, 1343, -1
1234, 639, -1
1449, 1284, -1
1449, 1403, -1
897, 1271, -1
1130, 1131, -1
0, 150, -1
1409, 1284, -1
1002, 1284, -1
1409, 1403, -1
1284, 1271, -1
1349, 1462, -1
240, 805, -1
0, 897, -1
1349, 150, -1
1449, 1131, -1
1409, 1131, -1
897, 471, -1
1234, 1343, -1
570, 195, -1
1403, 471, -1
1131, 195, -1
1284, 471, -1
0, 1409, -1
195, 1349, -1
1131, 805, -1
1449, 639, -1
0, 762, -1
290, 1284, -1
0, 945, -1
426, 1462, -1
426, 315, -1
1271, 1462, -1
1271, 315, -1
195, 894, -1
762, 1002, -1
426, 150, -1
1130, 1462, -1
1234, 195, -1
762, 639, -1
1403, 1349, -1
945, 1343, -1
0, 426, -1
1130, 150, -1
1131, 1271, -1
1234, 570, -1
150, 471, -1
1449, 1343, -1
1403, 894, -1
945, 897, -1
1449, 150, -1
1409, 1343, -1
1002, 1343, -1
1409, 1462, -1
0, 1002, -1
1343, 150, -1
945, 195, -1
315, 1349, -1
0, 1130, -1
570, 471, -1
1449, 897, -1
1131, 471, -1
1130, 570, -1
1271, 1284, -1
240, 1349, -1
1409, 897, -1
1349, 639, -1
1130, 762, -1
195, 1271, -1
945, 762, -1
1002, 195, -1
240, 894, -1
1449, 1409, -1
762, 195, -1
1234, 1002, -1
471, 150, -1
570, 1349, -1
1462, 1284, -1
1234, 1130, -1
1449, 762, -1
315, 195, -1
945, 426, -1
1449, 945, -1
762, 570, -1
315, 805, -1
150, 1284, -1
290, 150, -1
1409, 762, -1
1002, 762, -1
1349, 1343, -1
570, 894, -1
805, 1343, -1
805, 1462, -1
1449, 426, -1
426, 639, -1
1130, 1002, -1
1409, 426, -1
0, 805, -1
945, 1130, -1
945, 1, -1
1130, 1, -1
1349, 195, -1
290, 1409, -1
1131, 945, -1
1403, 1, -1
1343, 639, -1
315, 1234, -1
315, 639, -1
762, 1130, -1
805, 1284, -1
290, 945, -1
1449, 312, -1
1002, 1, -1
762, 1, -1
1234, 1409, -1
1409, 1, -1
1403, 897, -1
897, 0, -1
150, 1, -1
897, 1449, -1
315, 1, -1
195, 570, -1
1234, 945, -1
426, 1449, -1
1343, 1462, -1
945, 0, -1
945, 1449, -1
1284, 195, -1
1131, 1002, -1
150, 1343, -1
290, 639, -1
426, 1409, -1
1131, 1130, -1
1130, 1409, -1
570, 1, -1
762, 290, -1
1403, 762, -1
1284, 570, -1
1403, 570, -1
1131, 1, -1
426, 945, -1
1349, 1130, -1
1409, 0, -1
1130, 945, -1
315, 897, -1
1409, 1449, -1
290, 1, -1
897, 240, -1
1349, 1, -1
1403, 426, -1
945, 240, -1
1462, 805, -1
150, 195, -1
1131, 570, -1
1403, 1271, -1
1234, 1, -1
805, 1, -1
762, 1409, -1
315, 570, -1
762, 945, -1
1131, 290, -1
1403, 1234, -1
1403, 639, -1
315, 762, -1
1130, 639, -1
1409, 240, -1
1271, 471, -1
1284, 1130, -1
426, 1, -1
897, 1, -1
315, 426, -1
315, 1271, -1
1284, 1, -1
639, 894, -1
1403, 1449, -1
570, 1449, -1
1002, 1449, -1
1130, 1449, -1
1234, 1449, -1
1131, 1449, -1
762, 1449, -1
315, 1449, -1
290, 1449, -1
1343, 1271, -1

1229, 1271, 1
1229, 805, 1
1229, 1409, 1
1229, 150, 1
1229, 945, 1
1229, 570, 1
1229, 1002, 1
1229, 639, 1
125, 1462, 1
125, 0, 1
125, 1449, 1
125, 471, 1
125, 240, 1
125, 195, 1
125, 1, 1
1325, 1271, 1
1325, 805, 1
1325, 1409, 1
1325, 150, 1
1325, 945, 1
1325, 570, 1
1325, 1002, 1
1325, 639, 1
1325, 1229, 1
869, 1462, 1
869, 0, 1
869, 1449, 1
869, 471, 1
869, 240, 1
869, 195, 1
869, 1, 1
869, 125, 1
1365, 315, 1
1365, 1130, 1
150, 1271, 1
1229, 1325, 1
945, 1325, 1
1130, 315, 1
1449, 471, 1
1002, 639, 1
1409, 639, 1
1409, 1002, 1
1462, 471, 1
945, 150, 1
150, 639, 1
0, 240, 1
1449, 1, 1
1, 125, 1
125, 869, 1
1002, 1325, 1
570, 1271, 1
1, 1449, 1
240, 471, 1
195, 869, 1
1409, 1325, 1
1449, 1462, 1
1, 195, 1
240, 1, 1
570, 639, 1
1, 869, 1
1002, 150, 1
570, 1002, 1
1409, 150, 1
0, 471, 1
240, 1462, 1
805, 1271, 1
1449, 125, 1
0, 1, 1
945, 805, 1
945, 570, 1
570, 1325, 1
945, 1409, 1
1449, 195, 1
0, 1462, 1
805, 639, 1
570, 805, 1
240, 0, 1
1449, 869, 1
240, 125, 1
570, 150, 1
240, 1449, 1
1409, 805, 1
1002, 805, 1
1409, 570, 1
1002, 570, 1
945, 1271, 1
240, 195, 1
805, 1325, 1
195, 471, 1
945, 1002, 1
240, 869, 1
1409, 945, 1
1, 471, 1
0, 125, 1
0, 1449, 1
1271, 639, 1
805, 150, 1
639, 1271, 1
945, 639, 1
0, 195, 1
195, 1462, 1
1002, 1271, 1
0, 869, 1
1409, 1271, 1
1, 1462, 1
570, 945, 1
1271, 150, 1
195, 125, 1
805, 1229, 1
1, 0, 1
195, 1449, 1
315, 1365, 1
1462, 1, 1
639, 1325, 1
570, 1409, 1
639, 150, 1
1271, 805, 1
1271, 1229, 1
1449, 0, 1
945, 1229, 1
1, 240, 1
639, 805, 1
639, 1229, 1
1409, 1229, 1
1002, 1229, 1
1002, 1409, 1
195, 1, 1
1002, 945, 1
1449, 240, 1
1130, 1365, 1
570, 1229, 1
1271, 1325, 1
1229, 1462, -1
1229, 0, -1
1229, 1449, -1
1229, 471, -1
1229, 240, -1
1229, 195, -1
1229, 1, -1
1229, 762, -1
1229, 1234, -1
1229, 1284, -1
1229, 1349, -1
1229, 897, -1
1229, 426, -1
1229, 1131, -1
1229, 312, -1
1229, 894, -1
1229, 1343, -1
1229, 1403, -1
1229, 290, -1
1229, 315, -1
1229, 1130, -1
125, 1271, -1
125, 805, -1
125, 1409, -1
125, 150, -1
125, 945, -1
125, 570, -1
125, 1002, -1
125, 639, -1
125, 1229, -1
125, 762, -1
125, 1234, -1
125, 1284, -1
125, 1349, -1
125, 897, -1
125, 426, -1
125, 1131, -1
125, 312, -1
125, 894, -1
125, 1343, -1
125, 1403, -1
125, 290, -1
125, 315, -1
125, 1130, -1
1325, 1462, -1
1325, 0, -1
1325, 1449, -1
1325, 471, -1
1325, 240, -1
1325, 195, -1
1325, 1, -1
1325, 125, -1
1325, 762, -1
1325, 1234, -1
1325, 1284, -1
1325, 1349, -1
1325, 897, -1
1325, 426, -1
1325, 1131, -1
1325, 312, -1
1325, 894, -1
1325, 1343, -1
1325, 1403, -1
1325, 290, -1
1325, 315, -1
1325, 1130, -1
869, 1271, -1
869, 805, -1
869, 1409, -1
869, 150, -1
869, 945, -1
869, 570, -1
869, 1002, -1
869, 639, -1
869, 1229, -1
869, 1325, -1
869, 762, -1
869, 1234, -1
869, 1284, -1
869, 1349, -1
869, 897, -1
869, 426, -1
869, 1131, -1
869, 312, -1
869, 894, -1
869, 1343, -1
869, 1403, -1
869, 290, -1
869, 315, -1
869, 1130, -1
1365, 1462, -1
1365, 0, -1
1365, 1449, -1
1365, 471, -1
1365, 240, -1
1365, 195, -1
1365, 1, -1
1365, 125, -1
1365, 869, -1
1365, 1271, -1
1365, 805, -1
1365, 1409, -1
1365, 150, -1
1365, 945, -1
1365, 570, -1
1365, 1002, -1
1365, 639, -1
1365, 1229, -1
1365, 1325, -1
1365, 762, -1
1365, 1234, -1
1365, 1284, -1
1365, 1349, -1
1365, 897, -1
1365, 426, -1
1365, 1131, -1
1365, 312, -1
1365, 894, -1
1365, 1343, -1
1365, 1403, -1
1365, 290, -1
1284, 1325, -1
1449, 1002, -1
240, 1271, -1
1002, 1365, -1
897, 125, -1
1462, 150, -1
290, 1002, -1
312, 639, -1
1449, 570, -1
1130, 1271, -1
125, 1325, -1
1, 1002, -1
240, 1284, -1
0, 894, -1
570, 125, -1
1403, 639, -1
426, 1002, -1
1130, 471, -1
570, 1284, -1
240, 1131, -1
1449, 1365, -1
570, 1131, -1
1, 894, -1
1349, 869, -1
0, 1271, -1
945, 290, -1
290, 1271, -1
945, 1449, -1
897, 1409, -1
290, 471, -1
1131, 1325, -1
1, 1271, -1
1409, 1449, -1
240, 897, -1
312, 1002, -1
426, 1271, -1
315, 1403, -1
240, 1409, -1
1, 1365, -1
1234, 1462, -1
240, 762, -1
1234, 150, -1
1229, 1365, -1
897, 1130, -1
426, 471, -1
0, 1284, -1
1449, 1234, -1
805, 894, -1
945, 1462, -1
0, 1131, -1
639, 471, -1
315, 639, -1
240, 1130, -1
1002, 1462, -1
762, 1462, -1
897, 195, -1
762, 150, -1
570, 1130, -1
897, 869, -1
312, 1271, -1
1449, 290, -1
1, 1131, -1
1284, 869, -1
1462, 894, -1
1234, 639, -1
312, 471, -1
1409, 1403, -1
195, 1365, -1
1, 1234, -1
0, 897, -1
570, 195, -1
1403, 471, -1
570, 869, -1
0, 1409, -1
945, 1, -1
0, 762, -1
1130, 1462, -1
762, 639, -1
1130, 150, -1
805, 1284, -1
1449, 150, -1
805, 1131, -1
0, 1130, -1
240, 1349, -1
1234, 1002, -1
570, 1349, -1
290, 1462, -1
1449, 945, -1
290, 150, -1
315, 1271, -1
897, 315, -1
1, 150, -1
312, 1229, -1
315, 471, -1
945, 894, -1
426, 195, -1
240, 315, -1
1, 945, -1
1130, 805, -1
1234, 1271, -1
1002, 894, -1
570, 315, -1
1449, 805, -1
471, 1343, -1
0, 1349, -1
1234, 471, -1
312, 1462, -1
315, 1131, -1
312, 150, -1
195, 150, -1
762, 1271, -1
945, 471, -1
897, 1325, -1
1, 1349, -1
290, 805, -1
1403, 1462, -1
805, 195, -1
1403, 150, -1
1409, 1365, -1
1409, 471, -1
1002, 471, -1
805, 869, -1
762, 471, -1
312, 945, -1
1130, 894, -1
1, 805, -1
240, 1325, -1
1131, 639, -1
897, 570, -1
240, 1343, -1
426, 805, -1
1449, 894, -1
0, 315, -1
570, 1343, -1
945, 1131, -1
195, 639, -1
312, 1, -1
240, 570, -1
1002, 1131, -1
805, 1349, -1
945, 1234, -1
1449, 1271, -1
240, 426, -1
1409, 1234, -1
312, 805, -1
1130, 125, -1
315, 1462, -1
1130, 1284, -1
315, 150, -1
1409, 290, -1
0, 1325, -1
0, 1343, -1
869, 1365, -1
125, 1365, -1
1449, 1284, -1
1130, 1131, -1
1349, 1462, -1
805, 315, -1
1349, 150, -1
1449, 1131, -1
1, 1325, -1
290, 125, -1
426, 1325, -1
312, 0, -1
195, 894, -1
1234, 195, -1
762, 1130, -1
0, 426, -1
1131, 1271, -1
1325, 1365, -1
897, 1449, -1
426, 125, -1
1, 1284, -1
1409, 1462, -1
945, 195, -1
315, 1349, -1
1131, 471, -1
1349, 639, -1
195, 1271, -1
1002, 195, -1
762, 195, -1
1449, 1409, -1
1449, 762, -1
1403, 1271, -1
315, 805, -1
805, 1343, -1
312, 125, -1
1449, 1130, -1
1271, 1343, -1
894, 639, -1
805, 125, -1
1284, 1462, -1
1284, 150, -1
945, 1349, -1
1234, 805, -1
195, 1284, -1
1409, 1, -1
1462, 1343, -1
1, 1409, -1
1002, 1349, -1
471, 639, -1
1, 762, -1
1130, 195, -1
1130, 869, -1
290, 1130, -1
315, 894, -1
762, 805, -1
240, 1403, -1
897, 639, -1
1, 1130, -1
1284, 639, -1
426, 1130, -1
570, 1403, -1
290, 195, -1
290, 869, -1
240, 639, -1
1130, 1349, -1
312, 1409, -1
762, 315, -1
1449, 1349, -1
1349, 1271, -1
150, 1343, -1
426, 869, -1
1409, 894, -1
1349, 471, -1
1131, 1462, -1
312, 1130, -1
1131, 150, -1
1234, 1325, -1
315, 1284, -1
897, 1002, -1
894, 1271, -1
0, 1403, -1
1234, 125, -1
312, 195, -1
894, 471, -1
312, 869, -1
240, 1002, -1
471, 1271, -1
1449, 315, -1
762, 1325, -1
0, 639, -1
945, 125, -1
1403, 195, -1
1403, 869, -1
945, 1284, -1
1409, 125, -1
1002, 125, -1
762, 125, -1
897, 1271, -1
290, 315, -1
1409, 1284, -1
1002, 1284, -1
1284, 1271, -1
1409, 1131, -1
897, 471, -1
1, 315, -1
195, 1349, -1
1284, 471, -1
1130, 1325, -1
426, 315, -1
1130, 1343, -1
805, 1403, -1
1449, 1325, -1
240, 1365, -1
1449, 1343, -1
0, 1002, -1
570, 1365, -1
570, 471, -1
1130, 570, -1
945, 762, -1
290, 1325, -1
1234, 1130, -1
315, 195, -1
315, 869, -1
1409, 762, -1
312, 315, -1
1449, 426, -1
945, 1130, -1
1, 1343, -1
0, 570, -1
290, 570, -1
1462, 639, -1
240, 1234, -1
1409, 1130, -1
1002, 1130, -1
1234, 869, -1
639, 1343, -1
1, 570, -1
1229, 125, -1
150, 1462, -1
0, 1365, -1
426, 570, -1
945, 869, -1
1, 426, -1
240, 290, -1
1409, 195, -1
1409, 869, -1
1002, 869, -1
762, 869, -1
312, 1325, -1
240, 1229, -1
195, 1325, -1
195, 1343, -1
1403, 1325, -1
897, 1462, -1
897, 150, -1
312, 570, -1
0, 1234, -1
1409, 1349, -1
945, 1403, -1
240, 150, -1
897, 945, -1
570, 1462, -1
805, 1365, -1
805, 471, -1
1002, 1403, -1
0, 290, -1
1234, 315, -1
240, 945, -1
1462, 1271, -1
1271, 471, -1
897, 1, -1
0, 1229, -1
1, 290, -1
945, 315, -1
1409, 315, -1
1002, 315, -1
315, 1325, -1
897, 805, -1
315, 1343, -1
1130, 1403, -1
1229, 869, -1
150, 894, -1
1449, 1403, -1
1349, 1325, -1
0, 150, -1
1325, 869, -1
240, 805, -1
1130, 639, -1
1131, 195, -1
1131, 869, -1
1449, 639, -1
426, 1462, -1
0, 945, -1
312, 1449, -1
426, 150, -1
762, 1002, -1
945, 1343, -1
1234, 570, -1
150, 471, -1
1, 1403, -1
1409, 1343, -1
1002, 1343, -1
312, 240, -1
290, 639, -1
240, 894, -1
945, 426, -1
1, 639, -1
762, 570, -1
570, 894, -1
805, 1462, -1
426, 639, -1
1130, 1002, -1
1409, 426, -1
945, 1365, -1
0, 805, -1
1130, 1, -1
290, 1409, -1
1343, 639, -1
762, 1365, -1
290, 945, -1
1462, 1325, -1
195, 1229, -1
894, 1325, -1
1403, 125, -1
639, 1462, -1
471, 1002, -1
1271, 195, -1
1284, 125, -1
897, 1229, -1
1403, 1229, -1
426, 1409, -1
1284, 1229, -1
426, 945, -1
290, 1, -1
805, 1130, -1
315, 1449, -1
150, 125, -1
945, 240, -1
805, 1, -1
894, 570, -1
426, 1365, -1
1131, 125, -1
1271, 1365, -1
471, 570, -1
1131, 1229, -1
1284, 1, -1
1271, 1349, -1
1234, 1449, -1
1349, 805, -1
894, 1002, -1
150, 1130, -1
1271, 894, -1
150, 1, -1
894, 1, -1
639, 1349, -1
1130, 1449, -1
945, 0, -1
1271, 869, -1
1284, 570, -1
290, 1365, -1
1409, 0, -1
1002, 1449, -1
315, 125, -1
762, 1449, -1
1462, 805, -1
150, 195, -1
894, 195, -1
639, 869, -1
894, 805, -1
894, 869, -1
315, 1229, -1
1284, 1365, -1
1403, 1130, -1
1409, 240, -1
290, 1449, -1
471, 805, -1
1343, 1271, -1
1403, 1, -1
1131, 570, -1
639, 1365, -1
1234, 1229, -1
195, 805, -1
195, 570, -1
426, 1449, -1
1271, 1403, -1
1403, 805, -1
1131, 1130, -1
1130, 1229, -1
1284, 805, -1
570, 1, -1
1403, 570, -1
639, 894, -1
1131, 1, -1
1271, 1131, -1
1449, 1229, -1
312, 1365, -1
1234, 1, -1
762, 1229, -1
315, 570, -1
150, 869, -1
762, 945, -1
897, 1365, -1
1403, 1365, -1
1131, 805, -1
1349, 125, -1
1271, 315, -1
290, 1229, -1
1271, 1462, -1
1349, 1229, -1
315, 1002, -1
1002, 1, -1
762, 1, -1
1234, 1409, -1
897, 0, -1
315, 1, -1
1271, 125, -1
1403, 1449, -1
1343, 1462, -1
1, 1229, -1
1234, 945, -1
1343, 150, -1
1131, 1365, -1
1271, 1284, -1
426, 1229, -1
1130, 1409, -1
471, 1325, -1
639, 125, -1
1130, 945, -1
894, 125, -1
897, 240, -1
471, 150, -1
1234, 1365, -1
1349, 1, -1
1462, 1229, -1
894, 1229, -1
762, 1409, -1
570, 1449, -1
1131, 1449, -1
426, 1, -1
471, 1229, -1

286, 315, 1
286, 1130, 1
286, 1365, 1
1232, 762, 1
1232, 1234, 1
1232, 1284, 1
1232, 1349, 1
1232, 897, 1
1232, 426, 1
1232, 1131, 1
1232, 312, 1
1232, 894, 1
312, 897, 1
1234, 894, 1
426, 312, 1
312, 894, 1
1130, 315, 1
426, 1349, 1
897, 1349, 1
1284, 1349, 1
312, 1284, 1
315, 1365, 1
1234, 1284, 1
426, 894, 1
897, 894, 1
312, 762, 1
1284, 894, 1
1234, 762, 1
1234, 1131, 1
312, 1131, 1
762, 1349, 1
897, 1284, 1
312, 426, 1
1234, 426, 1
426, 1284, 1
897, 762, 1
426, 762, 1
762, 894, 1
426, 1131, 1
312, 1234, 1
897, 1131, 1
897, 426, 1
762, 1284, 1
1131, 1349, 1
897, 1234, 1
1234, 312, 1
426, 1234, 1
1131, 894, 1
762, 1131, 1
1234, 1349, 1
312, 1349, 1
1130, 1365, 1
1349, 894, 1
1131, 1284, 1
897, 312, 1
426, 1232, 1
894, 1232, 1
1234, 1232, 1
426, 897, 1
1131, 1232, 1
1234, 897, 1
1131, 762, 1
1130, 286, 1
762, 1234, 1
1365, 286, 1
315, 286, 1
1349, 1232, 1
1284, 1232, 1
762, 426, 1
897, 1232, 1
762, 1232, 1
312, 1232, 1
762, 897, 1
762, 312, 1
286, 1462, -1
286, 0, -1
286, 1449, -1
286, 471, -1
286, 240, -1
286, 195, -1
286, 1, -1
286, 125, -1
286, 869, -1
286, 1271, -1
286, 805, -1
286, 1409, -1
286, 150, -1
286, 945, -1
286, 570, -1
286, 1002, -1
286, 639, -1
286, 1229, -1
286, 1325, -1
286, 762, -1
286, 1234, -1
286, 1284, -1
286, 1349, -1
286, 897, -1
286, 426, -1
286, 1131, -1
286, 312, -1
286, 894, -1
286, 1343, -1
286, 1403, -1
286, 290, -1
1232, 1462, -1
1232, 0, -1
1232, 1449, -1
1232, 471, -1
1232, 240, -1
1232, 195, -1
1232, 1, -1
1232, 125, -1
1232, 869, -1
1232, 1271, -1
1232, 805, -1
1232, 1409, -1
1232, 150, -1
1232, 945, -1
1232, 570, -1
1232, 1002, -1
1232, 639, -1
1232, 1229, -1
1232, 1325, -1
1232, 1343, -1
1232, 1403, -1
1232, 290, -1
1232, 315, -1
1232, 1130, -1
1232, 1365, -1
1232, 286, -1
1284, 1325, -1
1002, 1365, -1
762, 1365, -1
312, 1403, -1
897, 125, -1
1234, 286, -1
1284, 125, -1
312, 639, -1
1131, 315, -1
1130, 1271, -1
240, 1284, -1
0, 894, -1
762, 286, -1
290, 894, -1
426, 1002, -1
1130, 471, -1
570, 1284, -1
240, 1131, -1
1234, 290, -1
1449, 1365, -1
570, 1131, -1
1, 894, -1
1349, 869, -1
290, 1365, -1
1131, 1325, -1
240, 897, -1
312, 1002, -1
1131, 1343, -1
426, 1271, -1
315, 1403, -1
1, 1365, -1
1234, 1462, -1
1130, 1234, -1
240, 762, -1
1234, 150, -1
897, 1130, -1
426, 471, -1
0, 1284, -1
1449, 1234, -1
286, 1232, -1
570, 762, -1
805, 894, -1
0, 1131, -1
315, 639, -1
290, 1131, -1
240, 1130, -1
1130, 290, -1
762, 1462, -1
897, 195, -1
762, 150, -1
897, 869, -1
312, 1271, -1
1, 1131, -1
1130, 1229, -1
1284, 869, -1
1234, 639, -1
312, 1365, -1
312, 471, -1
195, 1365, -1
1, 1234, -1
0, 897, -1
1403, 1365, -1
0, 762, -1
1131, 286, -1
1130, 1462, -1
762, 639, -1
1365, 471, -1
1130, 150, -1
894, 315, -1
0, 1130, -1
426, 1229, -1
240, 1349, -1
1234, 1002, -1
570, 1349, -1
1349, 1343, -1
315, 1271, -1
897, 315, -1
312, 290, -1
312, 1229, -1
315, 471, -1
945, 894, -1
426, 195, -1
894, 1343, -1
240, 315, -1
1130, 805, -1
1234, 1271, -1
1002, 894, -1
1349, 1365, -1
570, 315, -1
0, 1349, -1
1234, 471, -1
1365, 1229, -1
290, 1349, -1
312, 1462, -1
315, 1131, -1
312, 150, -1
762, 1271, -1
897, 1325, -1
1131, 1403, -1
1, 1349, -1
897, 1343, -1
1409, 1365, -1
1284, 1343, -1
762, 471, -1
1349, 286, -1
312, 945, -1
1130, 894, -1
1131, 639, -1
897, 570, -1
426, 805, -1
1449, 894, -1
0, 315, -1
945, 1131, -1
312, 1, -1
315, 1229, -1
1002, 1131, -1
894, 286, -1
945, 1234, -1
1284, 1365, -1
240, 426, -1
1409, 1234, -1
1365, 639, -1
312, 805, -1
1234, 1229, -1
1229, 894, -1
1130, 125, -1
315, 1462, -1
1130, 1284, -1
315, 150, -1
897, 286, -1
1284, 286, -1
1449, 1284, -1
1130, 1131, -1
1365, 805, -1
1349, 1462, -1
762, 1229, -1
1349, 150, -1
1449, 1131, -1
426, 1325, -1
312, 0, -1
290, 1284, -1
195, 894, -1
1234, 195, -1
0, 426, -1
1131, 1271, -1
1403, 894, -1
426, 125, -1
1, 1284, -1
315, 1349, -1
1131, 1365, -1
1449, 897, -1
1131, 471, -1
1349, 639, -1
1130, 762, -1
1365, 894, -1
762, 195, -1
1449, 762, -1
315, 805, -1
1365, 1271, -1
312, 125, -1
1449, 1130, -1
1284, 1462, -1
894, 639, -1
290, 762, -1
1284, 150, -1
1, 897, -1
945, 1349, -1
1234, 805, -1
195, 1284, -1
1002, 1349, -1
1, 762, -1
897, 1403, -1
1130, 195, -1
1403, 1284, -1
1130, 869, -1
315, 894, -1
762, 805, -1
897, 639, -1
1, 1130, -1
1284, 639, -1
426, 1130, -1
1131, 1229, -1
1130, 1349, -1
312, 1409, -1
762, 315, -1
1449, 1349, -1
1349, 1271, -1
426, 869, -1
1409, 894, -1
1349, 471, -1
315, 125, -1
1131, 1462, -1
312, 1130, -1
1131, 150, -1
1234, 1325, -1
315, 1284, -1
897, 1002, -1
894, 1271, -1
1234, 125, -1
312, 195, -1
150, 1365, -1
894, 1365, -1
894, 471, -1
312, 869, -1
1449, 315, -1
762, 1325, -1
762, 1343, -1
426, 1403, -1
945, 1284, -1
762, 125, -1
897, 1271, -1
290, 315, -1
1409, 1284, -1
1365, 869, -1
1002, 1284, -1
1284, 1271, -1
1409, 1131, -1
897, 1365, -1
897, 471, -1
1, 315, -1
195, 1349, -1
1131, 805, -1
1284, 471, -1
125, 894, -1
869, 894, -1
1130, 1325, -1
426, 315, -1
1130, 1343, -1
1349, 1229, -1
1403, 1349, -1
240, 1365, -1
945, 897, -1
1365, 1349, -1
570, 1365, -1
1130, 570, -1
1409, 897, -1
945, 762, -1
1325, 894, -1
1130, 426, -1
1234, 1130, -1
315, 195, -1
1409, 762, -1
1002, 762, -1
315, 869, -1
312, 315, -1
1449, 426, -1
945, 1130, -1
426, 1343, -1
240, 1234, -1
1409, 1130, -1
897, 290, -1
1234, 869, -1
894, 1462, -1
0, 1365, -1
897, 1229, -1
894, 150, -1
426, 570, -1
1284, 1229, -1
1, 426, -1
762, 869, -1
312, 1325, -1
312, 1343, -1
1131, 125, -1
426, 1365, -1
897, 1462, -1
897, 150, -1
1349, 805, -1
1234, 1403, -1
312, 570, -1
1365, 1325, -1
0, 1234, -1
1365, 1343, -1
1409, 1349, -1
426, 286, -1
1365, 125, -1
762, 1403, -1
1234, 315, -1
945, 315, -1
1462, 1365, -1
426, 290, -1
312, 286, -1
1409, 315, -1
1002, 315, -1
315, 1325, -1
897, 805, -1
315, 1343, -1
1130, 1403, -1
1284, 805, -1
1349, 1325, -1
1130, 639, -1
1234, 1343, -1
1131, 195, -1
1131, 869, -1
1349, 125, -1
426, 1462, -1
312, 1449, -1
426, 150, -1
1234, 570, -1
312, 240, -1
1234, 1365, -1
240, 894, -1
945, 426, -1
570, 894, -1
426, 639, -1
1130, 1002, -1
1409, 426, -1
945, 1365, -1
1349, 195, -1
0, 286, -1
1229, 315, -1
869, 1284, -1
1002, 1130, -1
125, 1232, -1
869, 1131, -1
125, 1131, -1
426, 1409, -1
1229, 1284, -1
290, 1130, -1
426, 945, -1
945, 286, -1
1449, 286, -1
1325, 1284, -1
1409, 286, -1
1002, 286, -1
125, 315, -1
1131, 290, -1
315, 1232, -1
1284, 1130, -1
0, 1232, -1
1229, 312, -1
315, 1234, -1
290, 286, -1
894, 1130, -1
125, 1284, -1
869, 762, -1
1403, 897, -1
1229, 897, -1
1462, 1349, -1
1365, 1462, -1
240, 312, -1
1365, 150, -1
1284, 195, -1
1, 286, -1
762, 290, -1
1130, 1232, -1
1403, 762, -1
945, 1232, -1
1229, 762, -1
315, 290, -1
869, 1130, -1
1403, 426, -1
1449, 1232, -1
894, 195, -1
1229, 426, -1
1409, 1232, -1
1002, 1232, -1
1462, 286, -1
1403, 1130, -1
1229, 1130, -1
1131, 570, -1
290, 1232, -1
805, 1232, -1
869, 286, -1
125, 762, -1
805, 286, -1
426, 1449, -1
1, 1232, -1
1131, 1002, -1
570, 1130, -1
150, 1349, -1
1131, 1130, -1
0, 312, -1
1403, 286, -1
1229, 286, -1
315, 897, -1
1365, 195, -1
125, 1130, -1
1462, 1232, -1
315, 570, -1
150, 1232, -1
315, 762, -1
150, 286, -1
240, 286, -1
315, 426, -1
1130, 312, -1
570, 286, -1
762, 1002, -1
762, 1130, -1
805, 1284, -1
315, 1002, -1
869, 1232, -1
1130, 897, -1
195, 1232, -1
125, 286, -1
195, 286, -1
1403, 1232, -1
1229, 1232, -1
1349, 1130, -1
1229, 1131, -1
1462, 1284, -1
150, 1284, -1
1365, 1232, -1
762, 570, -1
869, 315, -1
1325, 1232, -1
1403, 1234, -1
240, 1232, -1
1229, 1234, -1
1325, 286, -1
426, 1, -1
570, 1232, -1
570, 312, -1
1409, 312, -1
1002, 312, -1
945, 312, -1
290, 312, -1
1, 312, -1
1449, 312, -1

