1, 866, 1
5, 21, 1
4, 866, 1
4, 1, 1
866, 4, 1
1, 4, 1
866, 1464, -1
1, 1464, -1
21, 1464, -1
21, 866, -1
21, 1, -1
5, 1464, -1
5, 866, -1
5, 1, -1
4, 1464, -1
4, 21, -1
4, 5, -1
1464, 1, -1
1, 21, -1
1, 5, -1
866, 21, -1
866, 5, -1
1464, 21, -1
1464, 5, -1
1464, 866, -1
21, 4, -1
1464, 4, -1

1477, 21, 1
1477, 5, 1
379, 21, 1
379, 5, 1
379, 1477, 1
1451, 1464, 1
107, 21, 1
107, 5, 1
107, 1477, 1
107, 379, 1
5, 1477, 1
5, 21, 1
379, 107, 1
21, 379, 1
5, 107, 1
21, 5, 1
5, 379, 1
21, 1477, 1
21, 107, 1
1477, 379, 1
1477, 107, 1
1477, 1464, -1
1477, 866, -1
1477, 1, -1
1477, 4, -1
379, 1464, -1
379, 866, -1
379, 1, -1
379, 4, -1
1451, 866, -1
1451, 1, -1
1451, 4, -1
1451, 21, -1
1451, 5, -1
1451, 1477, -1
1451, 379, -1
107, 1464, -1
107, 1451, -1
107, 866, -1
107, 1, -1
107, 4, -1
1, 1477, -1
866, 379, -1
5, 4, -1
1477, 1451, -1
1, 107, -1
4, 21, -1
866, 1477, -1
1464, 4, -1
866, 107, -1
1464, 1, -1
4, 1477, -1
1, 379, -1
1, 21, -1
1464, 379, -1
4, 5, -1
866, 21, -1
1464, 1477, -1
1464, 107, -1
1, 5, -1
866, 5, -1
1464, 21, -1
1464, 866, -1
21, 4, -1
21, 1451, -1
5, 1451, -1
1464, 5, -1
379, 1451, -1
1, 1451, -1
866, 1451, -1

154, 1464, 1
154, 1451, 1
1144, 1464, 1
1144, 1451, 1
1144, 154, 1
1464, 154, 1
1464, 1144, 1
154, 1144, 1
1451, 1464, 1
1464, 1451, 1
1451, 1144, 1
316, 1464, -1
316, 1451, -1
316, 866, -1
316, 1, -1
316, 4, -1
316, 21, -1
316, 5, -1
316, 1477, -1
316, 379, -1
316, 107, -1
154, 866, -1
154, 1, -1
154, 4, -1
154, 21, -1
154, 5, -1
154, 1477, -1
154, 379, -1
154, 107, -1
154, 316, -1
1144, 866, -1
1144, 1, -1
1144, 4, -1
1144, 21, -1
1144, 5, -1
1144, 1477, -1
1144, 379, -1
1144, 107, -1
1144, 316, -1
1464, 316, -1
316, 1144, -1
1451, 4, -1
1464, 4, -1
1464, 1, -1
1464, 379, -1
379, 1451, -1
1451, 1477, -1
1464, 1477, -1
1464, 107, -1
107, 1451, -1
1, 1451, -1
1451, 21, -1
1451, 866, -1
1464, 21, -1
866, 1451, -1
1464, 866, -1
1, 154, -1
866, 154, -1
1451, 5, -1
1464, 5, -1
1451, 316, -1
107, 1464, -1
5, 1464, -1
4, 1144, -1
866, 1144, -1
1, 1464, -1
379, 1144, -1
1477, 1464, -1
107, 1144, -1
4, 1464, -1
21, 1464, -1
866, 1464, -1
1, 1144, -1
379, 1464, -1

214, 21, 1
214, 5, 1
214, 1477, 1
214, 379, 1
214, 107, 1
1214, 316, 1
398, 1464, 1
398, 1451, 1
398, 154, 1
398, 1144, 1
1464, 154, 1
1477, 5, 1
1144, 1464, 1
21, 1477, 1
154, 1451, 1
107, 21, 1
5, 1477, 1
379, 1477, 1
1144, 1451, 1
107, 5, 1
5, 21, 1
379, 107, 1
1144, 154, 1
1464, 1144, 1
21, 5, 1
379, 21, 1
1477, 21, 1
107, 379, 1
1464, 1451, 1
379, 5, 1
107, 1477, 1
1451, 398, 1
21, 379, 1
1464, 398, 1
21, 214, 1
5, 379, 1
21, 107, 1
5, 214, 1
5, 107, 1
154, 398, 1
379, 214, 1
1477, 379, 1
1451, 1144, 1
1144, 398, 1
1477, 214, 1
1451, 1464, 1
1477, 107, 1
154, 1144, 1
107, 214, 1
154, 1464, 1
214, 1464, -1
214, 1451, -1
214, 154, -1
214, 1144, -1
214, 866, -1
214, 1, -1
214, 4, -1
214, 316, -1
1214, 1464, -1
1214, 1451, -1
1214, 154, -1
1214, 1144, -1
1214, 866, -1
1214, 1, -1
1214, 4, -1
1214, 21, -1
1214, 5, -1
1214, 1477, -1
1214, 379, -1
1214, 107, -1
1214, 214, -1
398, 866, -1
398, 1, -1
398, 4, -1
398, 21, -1
398, 5, -1
398, 1477, -1
398, 379, -1
398, 107, -1
398, 214, -1
398, 316, -1
398, 1214, -1
1144, 1214, -1
866, 1477, -1
1464, 1, -1
21, 1214, -1
1464, 1477, -1
5, 1214, -1
107, 316, -1
1, 316, -1
1464, 1214, -1
1451, 1214, -1
379, 1214, -1
1464, 21, -1
866, 1451, -1
1144, 4, -1
1, 154, -1
1144, 379, -1
1477, 1214, -1
1464, 5, -1
1144, 107, -1
5, 398, -1
1464, 316, -1
316, 214, -1
1, 1477, -1
866, 379, -1
379, 398, -1
1451, 4, -1
107, 1214, -1
1144, 866, -1
866, 107, -1
154, 316, -1
1477, 398, -1
1, 21, -1
1, 5, -1
107, 398, -1
1464, 866, -1
154, 1477, -1
1144, 214, -1
154, 1214, -1
214, 398, -1
379, 1451, -1
154, 21, -1
316, 1477, -1
154, 5, -1
1464, 4, -1
316, 21, -1
379, 4, -1
1464, 379, -1
1451, 214, -1
316, 5, -1
1464, 107, -1
214, 1214, -1
107, 1451, -1
1, 1451, -1
1144, 1, -1
154, 107, -1
1214, 398, -1
107, 4, -1
866, 154, -1
1, 379, -1
1144, 21, -1
4, 21, -1
1, 107, -1
1451, 1477, -1
1144, 5, -1
4, 5, -1
866, 21, -1
1464, 214, -1
1144, 316, -1
4, 316, -1
154, 4, -1
154, 379, -1
1451, 21, -1
866, 5, -1
154, 214, -1
866, 316, -1
21, 398, -1
1451, 5, -1
1144, 1477, -1
4, 1477, -1
1451, 316, -1
379, 316, -1
4, 1144, -1
1, 214, -1
5, 4, -1
379, 154, -1
1477, 1451, -1
4, 1214, -1
316, 1144, -1
107, 1144, -1
866, 214, -1
4, 1464, -1
1477, 316, -1
1, 1144, -1
379, 1, -1
1, 1214, -1
107, 866, -1
1477, 154, -1
107, 1464, -1
316, 1464, -1
866, 1144, -1
1, 1464, -1
866, 1214, -1
1477, 4, -1
21, 1464, -1
1477, 1, -1
866, 1464, -1
5, 1464, -1
4, 398, -1
379, 1144, -1
107, 154, -1
316, 398, -1
379, 866, -1
21, 1451, -1
379, 1464, -1
1, 398, -1
21, 316, -1
107, 1, -1
5, 1451, -1
866, 398, -1
5, 316, -1
1477, 866, -1
1477, 1464, -1
4, 214, -1
21, 4, -1

806, 1464, 1
806, 1451, 1
806, 154, 1
806, 1144, 1
806, 398, 1
924, 1464, 1
924, 1451, 1
924, 154, 1
924, 1144, 1
924, 398, 1
924, 806, 1
633, 866, 1
633, 1, 1
633, 4, 1
738, 21, 1
738, 5, 1
738, 1477, 1
738, 379, 1
738, 107, 1
738, 214, 1
951, 1464, 1
951, 1451, 1
951, 154, 1
951, 1144, 1
951, 398, 1
951, 806, 1
951, 924, 1
1463, 1464, 1
1463, 1451, 1
1463, 154, 1
1463, 1144, 1
1463, 398, 1
1463, 806, 1
1463, 924, 1
1463, 951, 1
911, 1464, 1
911, 1451, 1
911, 154, 1
911, 1144, 1
911, 398, 1
911, 806, 1
911, 924, 1
911, 951, 1
911, 1463, 1
951, 911, 1
1464, 1463, 1
398, 924, 1
806, 1463, 1
1451, 398, 1
951, 1463, 1
1464, 154, 1
154, 951, 1
1464, 398, 1
1477, 5, 1
1464, 1451, 1
924, 951, 1
398, 951, 1
1144, 1464, 1
1144, 924, 1
21, 214, 1
21, 1477, 1
154, 1451, 1
154, 911, 1
107, 21, 1
924, 911, 1
5, 1477, 1
398, 911, 1
398, 1451, 1
5, 214, 1
154, 1463, 1
1, 866, 1
924, 1463, 1
1144, 951, 1
398, 1463, 1
1451, 806, 1
107, 1477, 1
1464, 806, 1
154, 398, 1
379, 214, 1
1463, 911, 1
379, 1477, 1
1144, 1451, 1
1144, 911, 1
1144, 1463, 1
107, 5, 1
5, 21, 1
379, 107, 1
1144, 154, 1
1144, 398, 1
1464, 1144, 1
154, 806, 1
1477, 214, 1
1451, 924, 1
398, 806, 1
21, 5, 1
379, 21, 1
1464, 924, 1
4, 1, 1
1464, 951, 1
1451, 951, 1
1144, 806, 1
1477, 21, 1
806, 951, 1
107, 214, 1
1, 4, 1
1451, 911, 1
107, 379, 1
1464, 911, 1
379, 5, 1
1451, 1463, 1
866, 4, 1
806, 911, 1
154, 924, 1
866, 1, 1
398, 1464, 1
21, 379, 1
5, 379, 1
107, 738, 1
21, 107, 1
5, 107, 1
21, 738, 1
5, 738, 1
1477, 379, 1
1451, 1144, 1
4, 633, 1
1451, 1464, 1
379, 738, 1
1477, 107, 1
806, 924, 1
1, 633, 1
1477, 738, 1
866, 633, 1
154, 1144, 1
154, 1464, 1
806, 866, -1
806, 1, -1
806, 4, -1
806, 21, -1
806, 5, -1
806, 1477, -1
806, 379, -1
806, 107, -1
806, 214, -1
806, 316, -1
806, 1214, -1
924, 866, -1
924, 1, -1
924, 4, -1
924, 21, -1
924, 5, -1
924, 1477, -1
924, 379, -1
924, 107, -1
924, 214, -1
924, 316, -1
924, 1214, -1
633, 1464, -1
633, 1451, -1
633, 154, -1
633, 1144, -1
633, 398, -1
633, 806, -1
633, 924, -1
633, 21, -1
633, 5, -1
633, 1477, -1
633, 379, -1
633, 107, -1
633, 214, -1
633, 316, -1
633, 1214, -1
738, 1464, -1
738, 1451, -1
738, 154, -1
738, 1144, -1
738, 398, -1
738, 806, -1
738, 924, -1
738, 866, -1
738, 1, -1
738, 4, -1
738, 633, -1
738, 316, -1
738, 1214, -1
951, 866, -1
951, 1, -1
951, 4, -1
951, 633, -1
951, 21, -1
951, 5, -1
951, 1477, -1
951, 379, -1
951, 107, -1
951, 214, -1
951, 738, -1
951, 316, -1
951, 1214, -1
1463, 866, -1
1463, 1, -1
1463, 4, -1
1463, 633, -1
1463, 21, -1
1463, 5, -1
1463, 1477, -1
1463, 379, -1
1463, 107, -1
1463, 214, -1
1463, 738, -1
1463, 316, -1
1463, 1214, -1
911, 866, -1
911, 1, -1
911, 4, -1
911, 633, -1
911, 21, -1
911, 5, -1
911, 1477, -1
911, 379, -1
911, 107, -1
911, 214, -1
911, 738, -1
911, 316, -1
911, 1214, -1
398, 21, -1
1, 806, -1
1, 214, -1
379, 154, -1
1144, 1214, -1
4, 1214, -1
866, 1477, -1
214, 806, -1
1464, 1, -1
398, 5, -1
1477, 154, -1
4, 951, -1
21, 1214, -1
866, 1214, -1
1464, 1477, -1
5, 1214, -1
633, 911, -1
316, 911, -1
4, 1463, -1
107, 316, -1
5, 154, -1
1144, 633, -1
1, 316, -1
21, 951, -1
866, 951, -1
1464, 1214, -1
1451, 1214, -1
1214, 911, -1
379, 1214, -1
107, 154, -1
5, 951, -1
866, 1451, -1
1464, 21, -1
1144, 4, -1
1, 154, -1
379, 924, -1
398, 107, -1
1144, 379, -1
1477, 1214, -1
214, 911, -1
379, 951, -1
5, 1463, -1
1464, 5, -1
214, 154, -1
1144, 107, -1
5, 398, -1
316, 806, -1
1464, 316, -1
316, 214, -1
379, 1463, -1
1, 1477, -1
866, 379, -1
806, 633, -1
379, 398, -1
1144, 738, -1
1451, 4, -1
1144, 866, -1
1477, 1463, -1
107, 1214, -1
154, 316, -1
866, 107, -1
1, 1214, -1
107, 924, -1
1477, 398, -1
1, 21, -1
1, 924, -1
924, 633, -1
107, 951, -1
1, 951, -1
21, 866, -1
5, 866, -1
1, 5, -1
398, 4, -1
107, 1463, -1
1, 1463, -1
1464, 738, -1
398, 379, -1
866, 911, -1
107, 398, -1
1464, 866, -1
154, 1477, -1
398, 214, -1
379, 866, -1
1, 398, -1
214, 1463, -1
4, 806, -1
1477, 866, -1
1144, 214, -1
154, 1214, -1
4, 214, -1
738, 911, -1
154, 21, -1
379, 1451, -1
214, 398, -1
316, 1477, -1
1477, 951, -1
1464, 633, -1
21, 806, -1
866, 806, -1
866, 214, -1
154, 5, -1
1464, 4, -1
316, 21, -1
379, 4, -1
107, 866, -1
1, 738, -1
1464, 379, -1
633, 951, -1
1451, 214, -1
316, 951, -1
4, 911, -1
1464, 107, -1
107, 1451, -1
214, 1214, -1
1214, 951, -1
316, 5, -1
1, 1451, -1
633, 1463, -1
316, 1463, -1
316, 398, -1
1214, 1463, -1
1144, 1, -1
21, 911, -1
154, 107, -1
214, 951, -1
5, 911, -1
107, 4, -1
21, 154, -1
866, 154, -1
107, 806, -1
379, 911, -1
154, 866, -1
1, 379, -1
1477, 911, -1
1144, 21, -1
1, 107, -1
4, 21, -1
633, 738, -1
5, 806, -1
398, 316, -1
1451, 1477, -1
1144, 5, -1
4, 5, -1
866, 21, -1
379, 806, -1
1464, 214, -1
866, 924, -1
1144, 316, -1
107, 911, -1
154, 4, -1
1, 911, -1
4, 398, -1
1477, 806, -1
214, 866, -1
154, 379, -1
1451, 21, -1
154, 214, -1
866, 5, -1
21, 1463, -1
398, 1477, -1
866, 1463, -1
866, 316, -1
738, 951, -1
316, 4, -1
21, 398, -1
866, 398, -1
1451, 5, -1
1144, 1477, -1
4, 1477, -1
398, 1214, -1
1451, 316, -1
379, 316, -1
738, 1463, -1
398, 866, -1
1451, 633, -1
4, 1144, -1
1214, 806, -1
5, 4, -1
1214, 1477, -1
1477, 1451, -1
379, 633, -1
316, 1144, -1
107, 1144, -1
4, 1464, -1
1477, 316, -1
1, 1144, -1
379, 1, -1
1477, 633, -1
107, 1464, -1
316, 1464, -1
154, 633, -1
866, 1144, -1
1, 1464, -1
1214, 21, -1
398, 633, -1
214, 633, -1
1477, 4, -1
21, 924, -1
1477, 1, -1
866, 738, -1
866, 1464, -1
21, 1464, -1
4, 154, -1
5, 924, -1
5, 1464, -1
107, 633, -1
379, 1144, -1
1214, 5, -1
1451, 866, -1
316, 633, -1
806, 738, -1
21, 1451, -1
379, 1464, -1
21, 316, -1
107, 1, -1
1214, 633, -1
5, 1451, -1
1214, 398, -1
21, 633, -1
5, 316, -1
1477, 924, -1
1477, 1464, -1
154, 738, -1
5, 633, -1
21, 4, -1
21, 1, -1
316, 1, -1
398, 1, -1
5, 1, -1
214, 1, -1
1214, 1, -1
1451, 1, -1
154, 1, -1

358, 1464, 1
358, 1451, 1
358, 154, 1
358, 1144, 1
358, 398, 1
358, 806, 1
358, 924, 1
358, 951, 1
358, 1463, 1
358, 911, 1
421, 1464, 1
421, 1451, 1
421, 154, 1
421, 1144, 1
421, 398, 1
421, 806, 1
421, 924, 1
421, 951, 1
421, 1463, 1
421, 911, 1
421, 358, 1
1468, 866, 1
1468, 1, 1
1468, 4, 1
1468, 633, 1
462, 866, 1
462, 1, 1
462, 4, 1
462, 633, 1
462, 1468, 1
1235, 21, 1
1235, 5, 1
1235, 1477, 1
1235, 379, 1
1235, 107, 1
1235, 214, 1
1235, 738, 1
398, 924, 1
1451, 398, 1
1464, 154, 1
806, 398, 1
398, 951, 1
21, 1477, 1
154, 911, 1
5, 1477, 1
1144, 951, 1
398, 1463, 1
1468, 462, 1
1463, 911, 1
379, 1477, 1
5, 21, 1
1464, 421, 1
806, 421, 1
379, 21, 1
1464, 924, 1
633, 1, 1
1464, 951, 1
1451, 951, 1
1477, 21, 1
806, 951, 1
924, 421, 1
379, 5, 1
866, 4, 1
107, 1477, 1
1, 1468, 1
1464, 1463, 1
806, 1463, 1
951, 1463, 1
1464, 398, 1
1477, 5, 1
924, 951, 1
107, 21, 1
398, 1451, 1
924, 1463, 1
738, 214, 1
911, 1463, 1
924, 398, 1
1144, 1451, 1
398, 358, 1
107, 5, 1
398, 806, 1
379, 738, 1
1144, 358, 1
1, 462, 1
154, 421, 1
1144, 806, 1
1451, 911, 1
633, 1468, 1
1464, 1451, 1
806, 1451, 1
154, 924, 1
154, 951, 1
1144, 1464, 1
21, 214, 1
1451, 358, 1
806, 358, 1
107, 738, 1
398, 911, 1
911, 951, 1
154, 1463, 1
1463, 951, 1
1, 866, 1
1451, 806, 1
154, 398, 1
379, 214, 1
1144, 911, 1
379, 107, 1
1144, 154, 1
806, 1144, 1
924, 806, 1
806, 1464, 1
633, 462, 1
1, 633, 1
1, 4, 1
107, 379, 1
1464, 911, 1
107, 214, 1
806, 911, 1
951, 911, 1
1144, 421, 1
806, 154, 1
866, 1468, 1
1144, 924, 1
154, 1451, 1
1464, 358, 1
633, 866, 1
924, 911, 1
5, 214, 1
1464, 806, 1
738, 1477, 1
154, 358, 1
1144, 1463, 1
1451, 421, 1
924, 358, 1
1144, 398, 1
1464, 1144, 1
4, 462, 1
154, 806, 1
1477, 214, 1
738, 21, 1
1451, 924, 1
21, 5, 1
806, 924, 1
633, 4, 1
866, 462, 1
398, 421, 1
738, 5, 1
1451, 1463, 1
951, 1451, 1
924, 1464, 1
1463, 421, 1
398, 1464, 1
21, 379, 1
358, 421, 1
911, 924, 1
911, 1464, 1
951, 154, 1
951, 398, 1
5, 379, 1
1463, 924, 1
21, 107, 1
951, 358, 1
107, 1235, 1
738, 379, 1
5, 107, 1
911, 1451, 1
951, 806, 1
398, 154, 1
1463, 1451, 1
738, 107, 1
21, 738, 1
5, 738, 1
911, 154, 1
21, 1235, 1
911, 398, 1
1477, 379, 1
1451, 1144, 1
4, 633, 1
1463, 154, 1
1463, 398, 1
911, 421, 1
951, 421, 1
5, 1235, 1
911, 358, 1
1451, 1464, 1
1477, 107, 1
866, 1, 1
738, 1235, 1
1463, 358, 1
4, 1, 1
379, 1235, 1
951, 924, 1
911, 806, 1
1477, 738, 1
866, 633, 1
154, 1144, 1
1463, 806, 1
924, 1144, 1
1477, 1235, 1
154, 1464, 1
911, 1144, 1
214, 1235, 1
358, 866, -1
358, 1, -1
358, 4, -1
358, 633, -1
358, 21, -1
358, 5, -1
358, 1477, -1
358, 379, -1
358, 107, -1
358, 214, -1
358, 738, -1
358, 316, -1
358, 1214, -1
421, 866, -1
421, 1, -1
421, 4, -1
421, 633, -1
421, 21, -1
421, 5, -1
421, 1477, -1
421, 379, -1
421, 107, -1
421, 214, -1
421, 738, -1
421, 316, -1
421, 1214, -1
1468, 1464, -1
1468, 1451, -1
1468, 154, -1
1468, 1144, -1
1468, 398, -1
1468, 806, -1
1468, 924, -1
1468, 951, -1
1468, 1463, -1
1468, 911, -1
1468, 358, -1
1468, 421, -1
1468, 21, -1
1468, 5, -1
1468, 1477, -1
1468, 379, -1
1468, 107, -1
1468, 214, -1
1468, 738, -1
1468, 316, -1
1468, 1214, -1
462, 1464, -1
462, 1451, -1
462, 154, -1
462, 1144, -1
462, 398, -1
462, 806, -1
462, 924, -1
462, 951, -1
462, 1463, -1
462, 911, -1
462, 358, -1
462, 421, -1
462, 21, -1
462, 5, -1
462, 1477, -1
462, 379, -1
462, 107, -1
462, 214, -1
462, 738, -1
462, 316, -1
462, 1214, -1
1235, 1464, -1
1235, 1451, -1
1235, 154, -1
1235, 1144, -1
1235, 398, -1
1235, 806, -1
1235, 924, -1
1235, 951, -1
1235, 1463, -1
1235, 911, -1
1235, 358, -1
1235, 421, -1
1235, 866, -1
1235, 1, -1
1235, 4, -1
1235, 633, -1
1235, 1468, -1
1235, 462, -1
1235, 316, -1
1235, 1214, -1
1468, 1235, -1
398, 21, -1
1, 806, -1
633, 107, -1
1, 214, -1
4, 421, -1
214, 358, -1
738, 398, -1
1451, 462, -1
379, 154, -1
806, 462, -1
421, 462, -1
1144, 1214, -1
4, 1214, -1
738, 462, -1
866, 1477, -1
214, 806, -1
1464, 1, -1
1477, 154, -1
924, 316, -1
4, 1477, -1
398, 5, -1
4, 951, -1
1, 1235, -1
1464, 1468, -1
5, 421, -1
379, 1468, -1
1464, 1477, -1
806, 1468, -1
21, 1214, -1
866, 1214, -1
806, 1477, -1
398, 462, -1
5, 1214, -1
633, 911, -1
316, 911, -1
4, 1463, -1
107, 316, -1
1144, 633, -1
5, 924, -1
379, 421, -1
1, 316, -1
21, 951, -1
866, 951, -1
1464, 1214, -1
1214, 911, -1
1451, 1214, -1
379, 1214, -1
806, 1214, -1
5, 951, -1
1464, 21, -1
866, 1451, -1
1144, 4, -1
924, 1468, -1
107, 154, -1
1, 154, -1
738, 866, -1
924, 1477, -1
1477, 421, -1
379, 924, -1
398, 107, -1
633, 358, -1
1144, 379, -1
316, 358, -1
1464, 1235, -1
1477, 1214, -1
214, 911, -1
379, 951, -1
5, 1463, -1
1477, 924, -1
738, 1451, -1
358, 1468, -1
924, 1214, -1
1464, 5, -1
633, 806, -1
1144, 107, -1
5, 398, -1
316, 806, -1
107, 1468, -1
924, 21, -1
5, 462, -1
154, 1235, -1
1464, 316, -1
316, 214, -1
379, 1463, -1
1, 1477, -1
866, 379, -1
806, 633, -1
107, 421, -1
379, 398, -1
1464, 462, -1
1144, 738, -1
738, 358, -1
379, 462, -1
1, 421, -1
1477, 1463, -1
1144, 866, -1
1451, 4, -1
738, 4, -1
107, 1214, -1
154, 316, -1
924, 5, -1
1, 1214, -1
866, 107, -1
107, 924, -1
633, 1235, -1
1477, 398, -1
1, 21, -1
1451, 379, -1
738, 806, -1
806, 379, -1
1, 924, -1
1477, 462, -1
924, 633, -1
107, 951, -1
214, 421, -1
924, 462, -1
1, 951, -1
1451, 107, -1
806, 107, -1
633, 316, -1
1, 5, -1
398, 4, -1
107, 1463, -1
107, 633, -1
1, 1463, -1
633, 154, -1
1464, 738, -1
154, 1468, -1
866, 911, -1
358, 462, -1
107, 398, -1
4, 358, -1
1464, 866, -1
806, 738, -1
398, 214, -1
379, 866, -1
806, 866, -1
1, 398, -1
154, 1477, -1
107, 462, -1
21, 1451, -1
5, 1451, -1
214, 1463, -1
4, 806, -1
1144, 214, -1
154, 1214, -1
4, 214, -1
738, 911, -1
21, 358, -1
866, 358, -1
633, 1477, -1
379, 1451, -1
214, 398, -1
214, 462, -1
316, 1477, -1
154, 21, -1
924, 866, -1
1477, 951, -1
1464, 633, -1
633, 421, -1
21, 806, -1
316, 421, -1
866, 806, -1
379, 633, -1
1477, 1451, -1
633, 1214, -1
866, 214, -1
154, 5, -1
633, 21, -1
1464, 4, -1
1214, 421, -1
316, 21, -1
633, 924, -1
379, 4, -1
806, 4, -1
1, 738, -1
107, 866, -1
1464, 379, -1
633, 951, -1
316, 951, -1
1451, 214, -1
154, 462, -1
806, 214, -1
4, 911, -1
633, 5, -1
1464, 107, -1
1214, 951, -1
214, 1214, -1
107, 1451, -1
316, 5, -1
924, 4, -1
633, 1463, -1
1, 1451, -1
316, 1463, -1
398, 379, -1
633, 398, -1
316, 398, -1
1214, 1463, -1
924, 214, -1
1144, 1, -1
214, 951, -1
154, 107, -1
21, 911, -1
5, 911, -1
107, 4, -1
21, 154, -1
866, 154, -1
1144, 1468, -1
107, 806, -1
738, 316, -1
379, 911, -1
1, 379, -1
154, 866, -1
398, 1235, -1
738, 154, -1
5, 358, -1
1477, 911, -1
1144, 21, -1
4, 21, -1
1, 107, -1
633, 738, -1
379, 1, -1
1144, 1235, -1
806, 1, -1
379, 358, -1
5, 806, -1
21, 421, -1
866, 421, -1
398, 316, -1
1451, 1468, -1
738, 1468, -1
1451, 1477, -1
1144, 5, -1
4, 5, -1
1477, 358, -1
379, 806, -1
866, 21, -1
21, 924, -1
866, 924, -1
1464, 214, -1
1144, 316, -1
4, 316, -1
633, 1451, -1
107, 911, -1
154, 4, -1
924, 1, -1
738, 421, -1
866, 1235, -1
1, 911, -1
4, 398, -1
1477, 806, -1
1144, 462, -1
738, 1214, -1
154, 379, -1
1451, 21, -1
806, 21, -1
154, 214, -1
866, 5, -1
738, 924, -1
398, 1468, -1
21, 1463, -1
866, 1463, -1
398, 1477, -1
866, 316, -1
806, 1235, -1
107, 1, -1
1477, 1144, -1
1451, 1235, -1
107, 358, -1
738, 951, -1
316, 4, -1
21, 398, -1
866, 398, -1
1, 358, -1
21, 462, -1
1451, 5, -1
633, 379, -1
1477, 1464, -1
806, 5, -1
1144, 1477, -1
5, 154, -1
633, 214, -1
398, 1214, -1
1214, 4, -1
1451, 316, -1
379, 316, -1
738, 1463, -1
806, 316, -1
738, 633, -1
951, 316, -1
924, 1235, -1
5, 1, -1
107, 1144, -1
1, 1144, -1
5, 1468, -1
358, 1235, -1
107, 1464, -1
1, 1464, -1
398, 633, -1
1477, 1, -1
951, 1468, -1
951, 1477, -1
154, 1, -1
1477, 1468, -1
1451, 866, -1
911, 1, -1
951, 1214, -1
951, 21, -1
316, 1, -1
911, 1468, -1
21, 633, -1
5, 316, -1
1463, 214, -1
1214, 358, -1
214, 154, -1
21, 4, -1
951, 5, -1
398, 866, -1
1451, 633, -1
1214, 806, -1
911, 21, -1
214, 1, -1
633, 1144, -1
316, 1144, -1
911, 1235, -1
1477, 316, -1
951, 462, -1
633, 1464, -1
316, 1464, -1
911, 5, -1
911, 316, -1
866, 738, -1
21, 866, -1
951, 107, -1
5, 866, -1
911, 462, -1
951, 738, -1
951, 866, -1
1463, 1468, -1
1477, 866, -1
911, 1477, -1
1463, 1477, -1
5, 633, -1
1214, 1, -1
4, 1144, -1
911, 1214, -1
5, 4, -1
1463, 1214, -1
1214, 1477, -1
1463, 21, -1
4, 1464, -1
738, 1, -1
1463, 1235, -1
1477, 633, -1
951, 4, -1
154, 633, -1
866, 1144, -1
1214, 21, -1
951, 379, -1
1463, 5, -1
1477, 4, -1
21, 1464, -1
866, 1464, -1
951, 214, -1
1463, 316, -1
911, 633, -1
398, 1, -1
4, 154, -1
738, 1144, -1
1463, 462, -1
1214, 5, -1
911, 4, -1
738, 1464, -1
316, 462, -1
421, 1235, -1
911, 379, -1
1214, 398, -1
911, 107, -1
154, 738, -1
214, 633, -1
21, 1, -1
911, 738, -1
21, 1468, -1
1463, 738, -1
911, 866, -1
1463, 866, -1
1451, 1, -1
5, 1464, -1
214, 866, -1
379, 1144, -1
316, 633, -1
1463, 4, -1
379, 1464, -1
21, 316, -1
1214, 633, -1
951, 1235, -1
1463, 379, -1
911, 214, -1
1463, 107, -1
1214, 154, -1

839, 1464, 1
839, 1451, 1
839, 154, 1
839, 1144, 1
839, 398, 1
839, 806, 1
839, 924, 1
839, 951, 1
839, 1463, 1
839, 911, 1
839, 358, 1
839, 421, 1
275, 1464, 1
275, 1451, 1
275, 154, 1
275, 1144, 1
275, 398, 1
275, 806, 1
275, 924, 1
275, 951, 1
275, 1463, 1
275, 911, 1
275, 358, 1
275, 421, 1
275, 839, 1
800, 1464, 1
800, 1451, 1
800, 154, 1
800, 1144, 1
800, 398, 1
800, 806, 1
800, 924, 1
800, 951, 1
800, 1463, 1
800, 911, 1
800, 358, 1
800, 421, 1
800, 839, 1
800, 275, 1
1100, 1464, 1
1100, 1451, 1
1100, 154, 1
1100, 1144, 1
1100, 398, 1
1100, 806, 1
1100, 924, 1
1100, 951, 1
1100, 1463, 1
1100, 911, 1
1100, 358, 1
1100, 421, 1
1100, 839, 1
1100, 275, 1
1100, 800, 1
944, 1464, 1
944, 1451, 1
944, 154, 1
944, 1144, 1
944, 398, 1
944, 806, 1
944, 924, 1
944, 951, 1
944, 1463, 1
944, 911, 1
944, 358, 1
944, 421, 1
944, 839, 1
944, 275, 1
944, 800, 1
944, 1100, 1
1370, 316, 1
1370, 1214, 1
421, 1463, 1
924, 1464, 1
1144, 839, 1
951, 1100, 1
1451, 398, 1
1464, 154, 1
806, 398, 1
421, 398, 1
911, 1464, 1
421, 944, 1
951, 154, 1
398, 951, 1
154, 911, 1
358, 1464, 1
924, 1100, 1
1144, 951, 1
398, 1463, 1
924, 154, 1
1463, 911, 1
1464, 275, 1
398, 944, 1
911, 154, 1
951, 275, 1
1451, 839, 1
1464, 421, 1
806, 839, 1
421, 839, 1
951, 839, 1
951, 421, 1
1144, 944, 1
1464, 924, 1
1463, 358, 1
924, 275, 1
951, 924, 1
1464, 951, 1
1451, 951, 1
911, 275, 1
806, 951, 1
1463, 806, 1
924, 421, 1
154, 1144, 1
800, 944, 1
911, 421, 1
154, 1464, 1
1464, 1463, 1
1464, 1100, 1
806, 1463, 1
951, 1463, 1
1464, 398, 1
1464, 944, 1
911, 924, 1
924, 951, 1
1451, 944, 1
806, 944, 1
951, 398, 1
154, 1100, 1
275, 1100, 1
924, 1463, 1
421, 806, 1
1464, 800, 1
358, 951, 1
911, 1463, 1
924, 398, 1
924, 944, 1
911, 1100, 1
1144, 1451, 1
1100, 944, 1
398, 358, 1
911, 398, 1
358, 1463, 1
1463, 154, 1
1464, 839, 1
358, 398, 1
358, 944, 1
398, 806, 1
1144, 358, 1
154, 275, 1
911, 800, 1
154, 839, 1
154, 421, 1
1144, 806, 1
924, 839, 1
1451, 911, 1
1463, 275, 1
421, 911, 1
1464, 1451, 1
911, 839, 1
154, 924, 1
951, 1451, 1
1463, 421, 1
154, 951, 1
358, 839, 1
1144, 1464, 1
1463, 924, 1
1451, 358, 1
316, 1214, 1
806, 358, 1
421, 358, 1
924, 1451, 1
398, 911, 1
911, 951, 1
154, 1463, 1
1463, 951, 1
1451, 806, 1
154, 398, 1
951, 806, 1
154, 944, 1
275, 944, 1
1144, 911, 1
1463, 1100, 1
1144, 154, 1
1451, 1144, 1
911, 944, 1
1463, 398, 1
924, 806, 1
1451, 1464, 1
806, 1464, 1
421, 1464, 1
1144, 275, 1
1464, 911, 1
806, 911, 1
951, 911, 1
1144, 421, 1
398, 1464, 1
1463, 839, 1
1144, 924, 1
154, 1451, 1
1464, 358, 1
924, 911, 1
951, 358, 1
1464, 806, 1
911, 1451, 1
1463, 1451, 1
154, 358, 1
1144, 1463, 1
358, 911, 1
1144, 1100, 1
1451, 421, 1
924, 358, 1
1144, 398, 1
1464, 1144, 1
154, 806, 1
911, 358, 1
1451, 924, 1
800, 1100, 1
1144, 800, 1
911, 806, 1
421, 951, 1
398, 839, 1
924, 1144, 1
358, 806, 1
1451, 1463, 1
1451, 1100, 1
911, 1144, 1
806, 1100, 1
839, 1100, 1
398, 924, 1
806, 154, 1
358, 421, 1
358, 924, 1
398, 1451, 1
398, 1100, 1
421, 1100, 1
806, 800, 1
1451, 275, 1
806, 275, 1
398, 154, 1
358, 1451, 1
358, 1100, 1
806, 1144, 1
806, 421, 1
154, 800, 1
358, 154, 1
806, 924, 1
398, 275, 1
398, 421, 1
358, 275, 1
806, 1451, 1
275, 800, 1
839, 866, -1
839, 1, -1
839, 4, -1
839, 633, -1
839, 1468, -1
839, 462, -1
839, 21, -1
839, 5, -1
839, 1477, -1
839, 379, -1
839, 107, -1
839, 214, -1
839, 738, -1
839, 1235, -1
839, 316, -1
839, 1214, -1
275, 866, -1
275, 1, -1
275, 4, -1
275, 633, -1
275, 1468, -1
275, 462, -1
275, 21, -1
275, 5, -1
275, 1477, -1
275, 379, -1
275, 107, -1
275, 214, -1
275, 738, -1
275, 1235, -1
275, 316, -1
275, 1214, -1
800, 866, -1
800, 1, -1
800, 4, -1
800, 633, -1
800, 1468, -1
800, 462, -1
800, 21, -1
800, 5, -1
800, 1477, -1
800, 379, -1
800, 107, -1
800, 214, -1
800, 738, -1
800, 1235, -1
800, 316, -1
800, 1214, -1
1100, 866, -1
1100, 1, -1
1100, 4, -1
1100, 633, -1
1100, 1468, -1
1100, 462, -1
1100, 21, -1
1100, 5, -1
1100, 1477, -1
1100, 379, -1
1100, 107, -1
1100, 214, -1
1100, 738, -1
1100, 1235, -1
1100, 316, -1
1100, 1214, -1
944, 866, -1
944, 1, -1
944, 4, -1
944, 633, -1
944, 1468, -1
944, 462, -1
944, 21, -1
944, 5, -1
944, 1477, -1
944, 379, -1
944, 107, -1
944, 214, -1
944, 738, -1
944, 1235, -1
944, 316, -1
944, 1214, -1
1370, 1464, -1
1370, 1451, -1
1370, 154, -1
1370, 1144, -1
1370, 398, -1
1370, 806, -1
1370, 924, -1
1370, 951, -1
1370, 1463, -1
1370, 911, -1
1370, 358, -1
1370, 421, -1
1370, 839, -1
1370, 275, -1
1370, 800, -1
1370, 1100, -1
1370, 944, -1
1370, 866, -1
1370, 1, -1
1370, 4, -1
1370, 633, -1
1370, 1468, -1
1370, 462, -1
1370, 21, -1
1370, 5, -1
1370, 1477, -1
1370, 379, -1
1370, 107, -1
1370, 214, -1
1370, 738, -1
1370, 1235, -1
379, 154, -1
1468, 1100, -1
21, 1214, -1
316, 911, -1
379, 1214, -1
911, 1, -1
1477, 421, -1
1144, 379, -1
316, 358, -1
1468, 839, -1
462, 839, -1
21, 944, -1
633, 806, -1
1235, 911, -1
1464, 316, -1
154, 1235, -1
316, 214, -1
1214, 806, -1
462, 951, -1
379, 944, -1
1144, 738, -1
1451, 4, -1
1477, 1463, -1
1235, 358, -1
1477, 398, -1
462, 1463, -1
911, 5, -1
379, 800, -1
633, 316, -1
1464, 738, -1
633, 154, -1
154, 1468, -1
358, 462, -1
154, 1477, -1
951, 738, -1
1214, 154, -1
154, 21, -1
924, 738, -1
379, 1451, -1
633, 275, -1
1463, 1370, -1
633, 1214, -1
1, 839, -1
1463, 1235, -1
1451, 214, -1
214, 839, -1
911, 633, -1
1463, 462, -1
1468, 806, -1
911, 4, -1
633, 944, -1
214, 951, -1
21, 911, -1
1214, 944, -1
911, 107, -1
358, 214, -1
738, 1100, -1
379, 911, -1
1144, 1370, -1
911, 866, -1
1463, 866, -1
1144, 1235, -1
379, 358, -1
21, 421, -1
1468, 154, -1
633, 1451, -1
738, 839, -1
4, 1100, -1
738, 421, -1
951, 1370, -1
1144, 462, -1
379, 1144, -1
154, 379, -1
1468, 275, -1
738, 924, -1
21, 1463, -1
866, 1100, -1
806, 1235, -1
924, 1370, -1
738, 951, -1
951, 1235, -1
21, 398, -1
1468, 1214, -1
911, 214, -1
1144, 1477, -1
1451, 316, -1
738, 1463, -1
1, 806, -1
4, 839, -1
924, 1235, -1
4, 421, -1
738, 398, -1
806, 462, -1
421, 462, -1
866, 839, -1
4, 951, -1
1468, 944, -1
1464, 1468, -1
379, 316, -1
5, 421, -1
1464, 1477, -1
951, 1468, -1
951, 1477, -1
633, 911, -1
358, 316, -1
4, 1463, -1
107, 316, -1
1, 316, -1
866, 951, -1
1451, 1214, -1
1214, 911, -1
107, 154, -1
5, 951, -1
1464, 21, -1
924, 1468, -1
1, 154, -1
924, 1477, -1
951, 21, -1
633, 358, -1
5, 1463, -1
1214, 358, -1
5, 398, -1
924, 21, -1
1, 275, -1
1214, 214, -1
358, 1214, -1
1468, 1451, -1
107, 1214, -1
1, 1214, -1
738, 806, -1
421, 214, -1
911, 316, -1
316, 1100, -1
107, 944, -1
1, 944, -1
1477, 839, -1
4, 806, -1
107, 800, -1
316, 1477, -1
1235, 1100, -1
1477, 951, -1
911, 1214, -1
1463, 1214, -1
866, 806, -1
316, 421, -1
1468, 911, -1
316, 21, -1
1464, 379, -1
316, 951, -1
951, 379, -1
1463, 5, -1
154, 462, -1
1468, 358, -1
107, 1451, -1
1235, 839, -1
1, 1451, -1
316, 1463, -1
1235, 421, -1
924, 379, -1
316, 398, -1
1144, 1, -1
154, 107, -1
1235, 924, -1
866, 154, -1
1235, 951, -1
421, 316, -1
1235, 1463, -1
398, 1235, -1
1235, 398, -1
866, 275, -1
1451, 1468, -1
1451, 1477, -1
1144, 5, -1
107, 911, -1
1, 911, -1
1477, 806, -1
421, 1214, -1
1451, 21, -1
154, 214, -1
1463, 4, -1
379, 1464, -1
107, 358, -1
1, 358, -1
421, 5, -1
1463, 107, -1
379, 1100, -1
107, 1144, -1
1468, 316, -1
21, 839, -1
1235, 806, -1
1464, 1370, -1
1144, 633, -1
379, 421, -1
21, 951, -1
866, 1451, -1
1144, 4, -1
379, 924, -1
1464, 1235, -1
275, 1370, -1
1477, 1214, -1
911, 1468, -1
379, 951, -1
1463, 214, -1
1144, 107, -1
379, 1463, -1
911, 21, -1
1464, 462, -1
379, 398, -1
738, 358, -1
1144, 866, -1
951, 462, -1
154, 316, -1
1477, 944, -1
5, 839, -1
462, 944, -1
924, 462, -1
951, 107, -1
633, 1100, -1
866, 911, -1
1464, 866, -1
4, 358, -1
951, 866, -1
1144, 214, -1
154, 1214, -1
866, 358, -1
924, 866, -1
633, 421, -1
21, 806, -1
154, 5, -1
633, 924, -1
633, 951, -1
806, 214, -1
951, 214, -1
1463, 316, -1
1214, 951, -1
633, 1463, -1
633, 398, -1
924, 214, -1
1214, 1463, -1
316, 462, -1
911, 379, -1
1214, 398, -1
738, 316, -1
214, 944, -1
738, 154, -1
911, 738, -1
1463, 738, -1
1477, 911, -1
316, 839, -1
5, 806, -1
462, 911, -1
316, 866, -1
738, 275, -1
1477, 358, -1
1144, 316, -1
4, 316, -1
154, 4, -1
738, 1214, -1
1451, 1235, -1
1468, 421, -1
806, 316, -1
951, 316, -1
1468, 951, -1
1451, 462, -1
738, 944, -1
1144, 1214, -1
4, 1214, -1
1468, 1463, -1
1464, 1, -1
924, 316, -1
107, 1464, -1
358, 1235, -1
1468, 398, -1
398, 462, -1
5, 1214, -1
107, 1100, -1
1, 1100, -1
1464, 1214, -1
4, 944, -1
806, 1214, -1
951, 1214, -1
214, 911, -1
866, 944, -1
738, 1451, -1
924, 1214, -1
1464, 5, -1
911, 1370, -1
316, 806, -1
5, 944, -1
951, 5, -1
107, 839, -1
107, 421, -1
1, 421, -1
911, 1235, -1
924, 5, -1
107, 924, -1
1, 924, -1
107, 951, -1
1, 951, -1
911, 462, -1
107, 1463, -1
379, 839, -1
1, 1463, -1
316, 154, -1
107, 398, -1
398, 214, -1
1, 398, -1
1463, 1468, -1
214, 1463, -1
911, 1477, -1
1463, 1477, -1
738, 911, -1
21, 358, -1
1235, 316, -1
1464, 633, -1
1463, 21, -1
1464, 4, -1
951, 4, -1
4, 911, -1
1464, 107, -1
316, 5, -1
924, 4, -1
1235, 1214, -1
316, 944, -1
421, 1235, -1
5, 911, -1
924, 107, -1
1214, 462, -1
1144, 1468, -1
107, 806, -1
944, 1370, -1
5, 358, -1
1144, 21, -1
633, 839, -1
1235, 944, -1
800, 1370, -1
1214, 839, -1
398, 316, -1
866, 421, -1
1214, 866, -1
421, 1477, -1
379, 806, -1
1464, 214, -1
866, 924, -1
4, 398, -1
421, 21, -1
866, 1463, -1
1463, 379, -1
866, 398, -1
1451, 5, -1
398, 1214, -1
1235, 1451, -1
398, 21, -1
358, 1370, -1
866, 800, -1
214, 358, -1
1, 1370, -1
1, 1144, -1
214, 806, -1
398, 5, -1
1477, 154, -1
5, 275, -1
738, 800, -1
1, 1464, -1
462, 398, -1
866, 1214, -1
806, 1468, -1
806, 1477, -1
5, 924, -1
1477, 275, -1
154, 1370, -1
398, 107, -1
462, 421, -1
5, 1100, -1
1477, 924, -1
358, 1468, -1
358, 1477, -1
633, 1370, -1
806, 633, -1
633, 1144, -1
316, 1144, -1
358, 21, -1
1477, 1100, -1
633, 1464, -1
316, 1464, -1
1451, 379, -1
806, 379, -1
214, 421, -1
1451, 107, -1
358, 5, -1
806, 107, -1
1477, 800, -1
398, 4, -1
1235, 1144, -1
398, 379, -1
806, 738, -1
21, 1451, -1
806, 866, -1
1235, 1464, -1
5, 1451, -1
214, 398, -1
1, 800, -1
4, 1144, -1
1477, 1451, -1
4, 1464, -1
1214, 421, -1
806, 4, -1
866, 1144, -1
21, 1464, -1
866, 1464, -1
738, 1370, -1
462, 358, -1
738, 1144, -1
462, 806, -1
738, 1464, -1
1214, 1100, -1
358, 4, -1
1468, 1144, -1
21, 154, -1
358, 379, -1
633, 800, -1
1468, 1464, -1
358, 107, -1
21, 275, -1
806, 1, -1
866, 1370, -1
21, 924, -1
806, 1370, -1
5, 1464, -1
806, 21, -1
398, 1468, -1
398, 1477, -1
866, 316, -1
21, 1100, -1
1477, 1144, -1
1477, 1464, -1
806, 5, -1
5, 154, -1
107, 275, -1
1100, 1370, -1
462, 154, -1
214, 154, -1
379, 275, -1
1451, 1370, -1

118, 866, 1
118, 1, 1
118, 4, 1
118, 633, 1
118, 1468, 1
118, 462, 1
553, 1464, 1
553, 1451, 1
553, 154, 1
553, 1144, 1
553, 398, 1
553, 806, 1
553, 924, 1
553, 951, 1
553, 1463, 1
553, 911, 1
553, 358, 1
553, 421, 1
553, 839, 1
553, 275, 1
553, 800, 1
553, 1100, 1
553, 944, 1
1032, 21, 1
1032, 5, 1
1032, 1477, 1
1032, 379, 1
1032, 107, 1
1032, 214, 1
1032, 738, 1
1032, 1235, 1
421, 1463, 1
1144, 839, 1
1451, 398, 1
1464, 154, 1
806, 398, 1
421, 398, 1
398, 951, 1
21, 1477, 1
154, 911, 1
275, 911, 1
5, 1477, 1
800, 839, 1
107, 1235, 1
924, 1100, 1
1100, 1463, 1
800, 421, 1
1144, 951, 1
398, 1463, 1
1468, 462, 1
944, 1451, 1
1463, 911, 1
738, 107, 1
1235, 214, 1
1464, 275, 1
379, 1477, 1
1100, 398, 1
5, 21, 1
1451, 839, 1
806, 839, 1
421, 839, 1
1464, 421, 1
951, 839, 1
800, 951, 1
1144, 944, 1
379, 21, 1
1464, 924, 1
633, 1, 1
800, 1463, 1
275, 421, 1
1464, 951, 1
1451, 951, 1
1477, 21, 1
806, 951, 1
924, 421, 1
1100, 839, 1
800, 944, 1
379, 5, 1
275, 924, 1
866, 4, 1
839, 911, 1
107, 1477, 1
1, 1468, 1
1464, 1463, 1
1464, 1100, 1
806, 1463, 1
951, 1463, 1
1464, 398, 1
1477, 5, 1
1464, 944, 1
924, 951, 1
1100, 951, 1
107, 21, 1
154, 1100, 1
275, 1463, 1
275, 1100, 1
1451, 1100, 1
738, 379, 1
924, 1463, 1
1464, 800, 1
421, 806, 1
944, 911, 1
358, 951, 1
738, 214, 1
275, 398, 1
911, 1463, 1
924, 398, 1
1144, 1451, 1
1468, 4, 1
107, 5, 1
398, 358, 1
358, 1463, 1
1464, 839, 1
944, 358, 1
358, 398, 1
398, 806, 1
1144, 358, 1
800, 1451, 1
154, 275, 1
1, 462, 1
154, 839, 1
944, 806, 1
275, 839, 1
154, 421, 1
1144, 806, 1
924, 839, 1
1451, 911, 1
633, 1468, 1
421, 911, 1
800, 358, 1
1464, 1451, 1
911, 839, 1
154, 924, 1
839, 1463, 1
944, 1144, 1
154, 951, 1
358, 839, 1
800, 806, 1
944, 1464, 1
275, 951, 1
1144, 1464, 1
21, 214, 1
1451, 358, 1
806, 358, 1
421, 358, 1
1100, 911, 1
398, 911, 1
911, 951, 1
154, 1463, 1
1463, 951, 1
800, 1144, 1
1, 866, 1
1451, 806, 1
154, 398, 1
379, 214, 1
800, 1464, 1
1144, 911, 1
1235, 1477, 1
944, 154, 1
379, 107, 1
1100, 358, 1
1144, 154, 1
924, 806, 1
633, 462, 1
1100, 806, 1
738, 1235, 1
1235, 21, 1
800, 911, 1
1, 633, 1
800, 154, 1
944, 275, 1
1, 4, 1
839, 951, 1
1144, 275, 1
107, 379, 1
1464, 911, 1
107, 214, 1
1235, 5, 1
806, 911, 1
944, 421, 1
951, 911, 1
1144, 421, 1
1463, 839, 1
866, 1468, 1
944, 924, 1
800, 275, 1
1144, 924, 1
154, 1451, 1
1464, 358, 1
944, 951, 1
633, 866, 1
275, 1451, 1
924, 911, 1
5, 214, 1
738, 1477, 1
1464, 806, 1
800, 924, 1
944, 1463, 1
944, 1100, 1
154, 358, 1
1144, 1463, 1
358, 911, 1
275, 358, 1
1144, 1100, 1
1451, 421, 1
944, 398, 1
924, 358, 1
1144, 398, 1
1464, 1144, 1
4, 462, 1
154, 806, 1
1477, 214, 1
738, 21, 1
21, 5, 1
275, 806, 1
1451, 924, 1
944, 800, 1
800, 1100, 1
379, 1235, 1
1144, 800, 1
633, 4, 1
421, 951, 1
800, 398, 1
398, 839, 1
1100, 421, 1
866, 462, 1
738, 5, 1
358, 806, 1
1451, 1463, 1
944, 839, 1
806, 1100, 1
924, 1464, 1
398, 924, 1
951, 1100, 1
421, 944, 1
911, 1464, 1
951, 154, 1
839, 358, 1
358, 1464, 1
275, 154, 1
1235, 379, 1
839, 806, 1
924, 154, 1
633, 118, 1
398, 944, 1
951, 275, 1
911, 154, 1
358, 1100, 1
1235, 107, 1
4, 633, 1
806, 421, 1
951, 421, 1
5, 1235, 1
358, 154, 1
1463, 358, 1
944, 553, 1
924, 275, 1
951, 924, 1
1144, 553, 1
866, 633, 1
911, 275, 1
154, 1144, 1
1463, 806, 1
1477, 1235, 1
911, 421, 1
358, 275, 1
154, 1464, 1
800, 553, 1
21, 379, 1
358, 421, 1
911, 924, 1
1451, 944, 1
806, 944, 1
951, 398, 1
21, 107, 1
1100, 1451, 1
358, 924, 1
398, 1451, 1
1464, 553, 1
1468, 633, 1
806, 553, 1
951, 553, 1
462, 633, 1
4, 118, 1
806, 800, 1
21, 738, 1
924, 944, 1
911, 1100, 1
1100, 944, 1
5, 738, 1
911, 398, 1
1463, 154, 1
866, 118, 1
214, 1235, 1
358, 944, 1
379, 738, 1
911, 800, 1
1477, 738, 1
1463, 275, 1
806, 1451, 1
951, 1451, 1
839, 1100, 1
1463, 421, 1
1468, 118, 1
839, 398, 1
5, 379, 1
1463, 924, 1
107, 738, 1
924, 1451, 1
5, 107, 1
154, 944, 1
951, 806, 1
275, 944, 1
358, 1451, 1
1463, 1100, 1
1477, 379, 1
1451, 1144, 1
806, 1144, 1
911, 944, 1
1463, 398, 1
275, 553, 1
154, 800, 1
1451, 1464, 1
1477, 107, 1
806, 1464, 1
421, 1464, 1
4, 1, 1
911, 553, 1
1100, 1144, 1
421, 1100, 1
866, 1, 1
1100, 1464, 1
398, 1464, 1
806, 154, 1
462, 118, 1
951, 358, 1
398, 1100, 1
379, 1032, 1
1451, 275, 1
911, 1451, 1
1463, 1451, 1
806, 275, 1
398, 154, 1
1477, 1032, 1
1468, 1, 1
1, 118, 1
21, 1235, 1
462, 1, 1
911, 358, 1
806, 924, 1
398, 275, 1
911, 806, 1
1463, 553, 1
275, 1144, 1
107, 1032, 1
398, 421, 1
924, 1144, 1
275, 1464, 1
911, 1144, 1
275, 800, 1
462, 866, 1
118, 1464, -1
118, 1451, -1
118, 154, -1
118, 1144, -1
118, 398, -1
118, 806, -1
118, 924, -1
118, 951, -1
118, 1463, -1
118, 911, -1
118, 358, -1
118, 421, -1
118, 839, -1
118, 275, -1
118, 800, -1
118, 1100, -1
118, 944, -1
118, 21, -1
118, 5, -1
118, 1477, -1
118, 379, -1
118, 107, -1
118, 214, -1
118, 738, -1
118, 1235, -1
118, 316, -1
118, 1214, -1
118, 1370, -1
553, 866, -1
553, 1, -1
553, 4, -1
553, 633, -1
553, 1468, -1
553, 462, -1
553, 118, -1
553, 21, -1
553, 5, -1
553, 1477, -1
553, 379, -1
553, 107, -1
553, 214, -1
553, 738, -1
553, 1235, -1
553, 316, -1
553, 1214, -1
553, 1370, -1
1334, 1464, -1
1334, 1451, -1
1334, 154, -1
1334, 1144, -1
1334, 398, -1
1334, 806, -1
1334, 924, -1
1334, 951, -1
1334, 1463, -1
1334, 911, -1
1334, 358, -1
1334, 421, -1
1334, 839, -1
1334, 275, -1
1334, 800, -1
1334, 1100, -1
1334, 944, -1
1334, 553, -1
1334, 866, -1
1334, 1, -1
1334, 4, -1
1334, 633, -1
1334, 1468, -1
1334, 462, -1
1334, 118, -1
1334, 21, -1
1334, 5, -1
1334, 1477, -1
1334, 379, -1
1334, 107, -1
1334, 214, -1
1334, 738, -1
1334, 1235, -1
1334, 316, -1
1334, 1214, -1
1334, 1370, -1
1032, 1464, -1
1032, 1451, -1
1032, 154, -1
1032, 1144, -1
1032, 398, -1
1032, 806, -1
1032, 924, -1
1032, 951, -1
1032, 1463, -1
1032, 911, -1
1032, 358, -1
1032, 421, -1
1032, 839, -1
1032, 275, -1
1032, 800, -1
1032, 1100, -1
1032, 944, -1
1032, 553, -1
1032, 866, -1
1032, 1, -1
1032, 4, -1
1032, 633, -1
1032, 1468, -1
1032, 462, -1
1032, 118, -1
1032, 316, -1
1032, 1214, -1
1032, 1370, -1
1032, 1334, -1
944, 866, -1
800, 1468, -1
800, 1477, -1
1468, 1100, -1
1235, 4, -1
1235, 1334, -1
21, 1214, -1
1100, 462, -1
379, 275, -1
1370, 1235, -1
316, 911, -1
379, 1214, -1
462, 1477, -1
1477, 421, -1
1370, 1100, -1
1468, 839, -1
316, 358, -1
1144, 379, -1
462, 839, -1
1370, 462, -1
462, 421, -1
21, 944, -1
1235, 911, -1
462, 21, -1
154, 1235, -1
1464, 316, -1
316, 214, -1
1451, 633, -1
866, 379, -1
462, 951, -1
379, 944, -1
1370, 1468, -1
1144, 738, -1
1451, 4, -1
1477, 1463, -1
1370, 1477, -1
1235, 358, -1
275, 316, -1
1370, 839, -1
1477, 398, -1
462, 1463, -1
1370, 421, -1
1144, 118, -1
866, 738, -1
633, 316, -1
398, 4, -1
1370, 951, -1
398, 1334, -1
1235, 1144, -1
1464, 738, -1
633, 154, -1
154, 1468, -1
358, 462, -1
154, 1477, -1
107, 462, -1
1370, 1463, -1
806, 118, -1
421, 118, -1
275, 1214, -1
154, 21, -1
379, 1451, -1
214, 462, -1
633, 275, -1
21, 1334, -1
553, 1334, -1
633, 1214, -1
421, 1, -1
1, 839, -1
358, 866, -1
379, 4, -1
1451, 214, -1
214, 839, -1
21, 1464, -1
633, 5, -1
1468, 806, -1
800, 118, -1
944, 1, -1
738, 1464, -1
21, 911, -1
214, 951, -1
358, 214, -1
738, 1100, -1
379, 911, -1
800, 1, -1
1144, 1370, -1
944, 1214, -1
1477, 118, -1
1370, 806, -1
5, 1334, -1
1144, 1235, -1
379, 358, -1
21, 421, -1
1464, 1334, -1
944, 5, -1
738, 1468, -1
738, 839, -1
633, 1451, -1
4, 1100, -1
866, 1235, -1
738, 421, -1
5, 1464, -1
1100, 1, -1
275, 1334, -1
1144, 462, -1
379, 1144, -1
154, 379, -1
924, 1334, -1
800, 5, -1
738, 924, -1
21, 1463, -1
866, 1100, -1
738, 951, -1
1370, 154, -1
21, 398, -1
1468, 1214, -1
1144, 1477, -1
4, 1477, -1
1214, 4, -1
1451, 316, -1
738, 1463, -1
421, 633, -1
4, 839, -1
633, 107, -1
4, 421, -1
738, 398, -1
806, 462, -1
421, 462, -1
1468, 5, -1
1370, 275, -1
154, 118, -1
462, 5, -1
866, 1477, -1
1100, 5, -1
214, 806, -1
866, 839, -1
4, 951, -1
1464, 1468, -1
379, 316, -1
5, 421, -1
806, 1468, -1
1464, 1477, -1
154, 1, -1
633, 911, -1
944, 633, -1
4, 1463, -1
107, 316, -1
1, 316, -1
866, 951, -1
1451, 1214, -1
275, 1468, -1
1214, 911, -1
1370, 5, -1
944, 4, -1
5, 951, -1
1464, 21, -1
924, 1468, -1
1, 154, -1
924, 1477, -1
633, 358, -1
800, 633, -1
5, 1463, -1
944, 107, -1
275, 21, -1
5, 398, -1
924, 21, -1
107, 275, -1
1, 275, -1
358, 1214, -1
107, 1214, -1
800, 107, -1
1, 1214, -1
738, 806, -1
1477, 462, -1
421, 214, -1
1100, 633, -1
800, 866, -1
1100, 4, -1
316, 1100, -1
1, 5, -1
21, 118, -1
107, 944, -1
1235, 1464, -1
1477, 839, -1
738, 118, -1
4, 806, -1
944, 214, -1
316, 1477, -1
1235, 1100, -1
1477, 951, -1
866, 806, -1
316, 421, -1
1468, 911, -1
800, 214, -1
1370, 107, -1
316, 21, -1
1451, 1334, -1
154, 633, -1
1464, 379, -1
316, 951, -1
1235, 1468, -1
154, 462, -1
1468, 358, -1
1370, 866, -1
107, 1451, -1
1235, 839, -1
1, 1451, -1
316, 1463, -1
1235, 421, -1
275, 379, -1
358, 633, -1
1468, 214, -1
316, 398, -1
462, 214, -1
1144, 1, -1
5, 118, -1
154, 107, -1
1235, 924, -1
1100, 214, -1
358, 4, -1
107, 4, -1
866, 154, -1
118, 1334, -1
107, 1334, -1
1235, 951, -1
1464, 118, -1
1370, 358, -1
154, 866, -1
1235, 1463, -1
1, 107, -1
275, 118, -1
1235, 398, -1
1370, 214, -1
866, 275, -1
924, 118, -1
633, 738, -1
806, 1, -1
1451, 1468, -1
379, 1334, -1
1451, 1477, -1
1144, 5, -1
4, 5, -1
944, 316, -1
107, 911, -1
924, 1, -1
1, 911, -1
1477, 806, -1
421, 1214, -1
1451, 21, -1
866, 5, -1
154, 214, -1
398, 1468, -1
800, 316, -1
379, 1464, -1
107, 358, -1
1, 358, -1
21, 462, -1
379, 1100, -1
944, 738, -1
1, 214, -1
214, 358, -1
738, 462, -1
107, 1144, -1
1468, 316, -1
21, 839, -1
1235, 806, -1
800, 1214, -1
379, 1468, -1
1464, 1370, -1
1144, 633, -1
379, 421, -1
21, 951, -1
738, 866, -1
866, 1451, -1
1144, 4, -1
379, 924, -1
1464, 1235, -1
1477, 1214, -1
379, 951, -1
633, 1334, -1
1235, 118, -1
1144, 107, -1
5, 462, -1
1100, 1214, -1
633, 1370, -1
275, 1235, -1
379, 1463, -1
806, 633, -1
1464, 462, -1
379, 398, -1
738, 358, -1
1144, 866, -1
866, 107, -1
154, 316, -1
633, 1235, -1
1477, 944, -1
924, 633, -1
275, 462, -1
5, 839, -1
924, 462, -1
633, 1100, -1
866, 911, -1
4, 358, -1
1464, 866, -1
806, 866, -1
275, 1477, -1
944, 1334, -1
1451, 118, -1
1144, 214, -1
4, 214, -1
154, 1214, -1
866, 358, -1
633, 1477, -1
800, 4, -1
800, 1334, -1
633, 421, -1
21, 806, -1
866, 214, -1
398, 118, -1
154, 5, -1
633, 21, -1
633, 924, -1
1, 738, -1
633, 951, -1
806, 214, -1
1214, 951, -1
214, 1214, -1
398, 1, -1
1468, 1334, -1
633, 1463, -1
462, 1334, -1
1100, 1334, -1
633, 398, -1
924, 214, -1
316, 462, -1
1370, 1451, -1
1214, 1463, -1
944, 1468, -1
944, 1477, -1
379, 118, -1
738, 316, -1
1370, 4, -1
214, 944, -1
738, 154, -1
944, 21, -1
1477, 911, -1
316, 839, -1
1235, 462, -1
5, 806, -1
462, 911, -1
800, 21, -1
1477, 358, -1
738, 275, -1
1144, 316, -1
154, 4, -1
154, 1334, -1
738, 1214, -1
1468, 1477, -1
1370, 911, -1
1100, 1477, -1
1451, 1235, -1
866, 316, -1
1468, 421, -1
358, 1334, -1
1468, 21, -1
633, 379, -1
1468, 924, -1
1, 1334, -1
1100, 21, -1
1468, 951, -1
1451, 462, -1
738, 944, -1
1, 1370, -1
1144, 1214, -1
214, 1334, -1
1468, 1463, -1
1464, 1, -1
924, 316, -1
107, 1464, -1
1468, 398, -1
1, 1235, -1
398, 633, -1
1370, 21, -1
866, 1214, -1
1370, 924, -1
5, 1214, -1
398, 462, -1
275, 1, -1
214, 1464, -1
107, 1100, -1
1, 1100, -1
1464, 1214, -1
806, 1214, -1
944, 379, -1
1370, 398, -1
214, 911, -1
738, 1451, -1
358, 1468, -1
924, 1214, -1
1464, 5, -1
107, 1468, -1
316, 806, -1
5, 944, -1
1, 1477, -1
800, 379, -1
107, 839, -1
107, 421, -1
379, 462, -1
1, 421, -1
275, 5, -1
738, 4, -1
738, 1334, -1
924, 5, -1
107, 924, -1
944, 118, -1
1, 21, -1
1, 924, -1
107, 951, -1
800, 738, -1
1, 951, -1
107, 1463, -1
379, 839, -1
1, 1463, -1
107, 398, -1
398, 214, -1
1, 398, -1
1144, 1334, -1
4, 1334, -1
214, 1463, -1
738, 911, -1
21, 358, -1
214, 398, -1
1235, 316, -1
1370, 379, -1
1464, 633, -1
1100, 118, -1
1464, 4, -1
806, 4, -1
806, 1334, -1
421, 1334, -1
275, 633, -1
1370, 738, -1
4, 911, -1
275, 4, -1
316, 5, -1
1464, 107, -1
924, 4, -1
738, 1144, -1
1235, 1214, -1
275, 107, -1
5, 911, -1
1214, 462, -1
1144, 1468, -1
107, 806, -1
154, 738, -1
944, 1370, -1
1, 379, -1
5, 358, -1
1144, 21, -1
4, 21, -1
633, 839, -1
1235, 944, -1
944, 1235, -1
1451, 1, -1
800, 1370, -1
1214, 839, -1
866, 421, -1
866, 21, -1
358, 118, -1
379, 806, -1
866, 924, -1
1464, 214, -1
107, 118, -1
800, 1235, -1
1477, 1334, -1
944, 462, -1
4, 398, -1
275, 214, -1
214, 118, -1
358, 1, -1
866, 1463, -1
316, 4, -1
866, 398, -1
800, 462, -1
1451, 5, -1
1477, 1464, -1
633, 214, -1
398, 1214, -1
1235, 1451, -1
398, 21, -1
1468, 1235, -1
1, 806, -1
738, 633, -1
951, 316, -1
924, 1235, -1
107, 1370, -1
1370, 1, -1
866, 800, -1
1100, 1235, -1
5, 1, -1
379, 154, -1
4, 1214, -1
1, 1144, -1
5, 1468, -1
398, 5, -1
358, 1235, -1
1477, 154, -1
462, 1100, -1
462, 316, -1
5, 275, -1
738, 800, -1
1100, 316, -1
839, 1334, -1
1, 1464, -1
1468, 944, -1
1463, 118, -1
462, 398, -1
839, 214, -1
1477, 1, -1
316, 118, -1
806, 1477, -1
951, 1468, -1
951, 1477, -1
358, 316, -1
5, 924, -1
1477, 1468, -1
1477, 275, -1
4, 944, -1
1451, 866, -1
107, 154, -1
911, 1, -1
421, 866, -1
951, 1214, -1
1477, 1370, -1
951, 21, -1
398, 107, -1
911, 1468, -1
316, 1, -1
1463, 1334, -1
275, 1370, -1
21, 633, -1
5, 316, -1
5, 1100, -1
1477, 924, -1
866, 944, -1
1463, 214, -1
462, 1214, -1
214, 154, -1
911, 1370, -1
633, 806, -1
358, 1477, -1
21, 4, -1
1214, 358, -1
1100, 866, -1
951, 5, -1
398, 866, -1
1214, 806, -1
911, 21, -1
214, 1, -1
633, 1144, -1
316, 1144, -1
1468, 1451, -1
1477, 316, -1
911, 1235, -1
951, 462, -1
1477, 1100, -1
358, 21, -1
1235, 1, -1
633, 1464, -1
316, 1464, -1
1451, 379, -1
379, 553, -1
806, 379, -1
911, 5, -1
379, 800, -1
214, 421, -1
911, 316, -1
462, 944, -1
1451, 107, -1
358, 5, -1
21, 866, -1
806, 107, -1
951, 107, -1
5, 866, -1
911, 462, -1
1468, 553, -1
1468, 379, -1
107, 633, -1
398, 379, -1
806, 738, -1
944, 1032, -1
951, 738, -1
379, 866, -1
21, 1451, -1
1468, 107, -1
1144, 1032, -1
1, 944, -1
951, 866, -1
5, 1451, -1
1370, 633, -1
107, 553, -1
1463, 1468, -1
1477, 866, -1
911, 1477, -1
1463, 1477, -1
1, 553, -1
1370, 944, -1
107, 800, -1
5, 633, -1
1214, 1, -1
924, 738, -1
1, 800, -1
924, 866, -1
1463, 1370, -1
4, 1144, -1
866, 1334, -1
911, 1214, -1
5, 4, -1
1463, 1214, -1
1370, 800, -1
1214, 1477, -1
1477, 1451, -1
839, 462, -1
379, 633, -1
1235, 154, -1
1463, 21, -1
4, 1464, -1
358, 738, -1
738, 1, -1
1214, 421, -1
107, 866, -1
1463, 1235, -1
1477, 633, -1
951, 4, -1
866, 1144, -1
951, 1334, -1
1214, 21, -1
951, 379, -1
1463, 5, -1
1477, 4, -1
866, 1464, -1
951, 214, -1
738, 1370, -1
1235, 275, -1
462, 358, -1
1463, 316, -1
911, 633, -1
1477, 553, -1
4, 154, -1
1370, 118, -1
1463, 462, -1
1214, 5, -1
462, 806, -1
924, 379, -1
911, 4, -1
839, 1214, -1
633, 944, -1
316, 944, -1
1214, 1100, -1
421, 1235, -1
911, 379, -1
1214, 398, -1
1468, 1144, -1
924, 107, -1
1214, 944, -1
633, 553, -1
21, 154, -1
358, 379, -1
633, 800, -1
911, 107, -1
1468, 1464, -1
214, 633, -1
421, 316, -1
275, 738, -1
951, 118, -1
21, 1, -1
275, 866, -1
358, 107, -1
398, 1235, -1
800, 1032, -1
1235, 633, -1
911, 738, -1
21, 1468, -1
1463, 738, -1
911, 866, -1
21, 275, -1
1463, 866, -1
379, 1, -1
398, 316, -1
1464, 1032, -1
911, 118, -1
1370, 1144, -1
1468, 154, -1
806, 1032, -1
462, 154, -1
1334, 1032, -1
421, 1477, -1
1370, 1464, -1
21, 924, -1
4, 316, -1
379, 1370, -1
806, 1370, -1
951, 1370, -1
275, 1032, -1
214, 866, -1
1468, 275, -1
806, 21, -1
421, 21, -1
316, 633, -1
1463, 4, -1
911, 1334, -1
21, 316, -1
398, 1477, -1
1235, 866, -1
21, 1100, -1
806, 1235, -1
107, 1, -1
1214, 633, -1
924, 1370, -1
951, 1235, -1
1463, 379, -1
911, 214, -1
839, 118, -1
806, 5, -1
421, 5, -1
5, 154, -1
1463, 107, -1
806, 316, -1
1477, 800, -1
1235, 1370, -1
21, 1370, -1
1214, 154, -1
4, 553, -1
1477, 1144, -1
1214, 118, -1
866, 553, -1
462, 553, -1
118, 553, -1
5, 1370, -1
1214, 866, -1

61, 1464, 1
61, 1451, 1
61, 154, 1
61, 1144, 1
61, 398, 1
61, 806, 1
61, 924, 1
61, 951, 1
61, 1463, 1
61, 911, 1
61, 358, 1
61, 421, 1
61, 839, 1
61, 275, 1
61, 800, 1
61, 1100, 1
61, 944, 1
61, 553, 1
1008, 21, 1
1008, 5, 1
1008, 1477, 1
1008, 379, 1
1008, 107, 1
1008, 214, 1
1008, 738, 1
1008, 1235, 1
1008, 1032, 1
1321, 1464, 1
1321, 1451, 1
1321, 154, 1
1321, 1144, 1
1321, 398, 1
1321, 806, 1
1321, 924, 1
1321, 951, 1
1321, 1463, 1
1321, 911, 1
1321, 358, 1
1321, 421, 1
1321, 839, 1
1321, 275, 1
1321, 800, 1
1321, 1100, 1
1321, 944, 1
1321, 553, 1
1321, 61, 1
1258, 21, 1
1258, 5, 1
1258, 1477, 1
1258, 379, 1
1258, 107, 1
1258, 214, 1
1258, 738, 1
1258, 1235, 1
1258, 1032, 1
1258, 1008, 1
1127, 1464, 1
1127, 1451, 1
1127, 154, 1
1127, 1144, 1
1127, 398, 1
1127, 806, 1
1127, 924, 1
1127, 951, 1
1127, 1463, 1
1127, 911, 1
1127, 358, 1
1127, 421, 1
1127, 839, 1
1127, 275, 1
1127, 800, 1
1127, 1100, 1
1127, 944, 1
1127, 553, 1
1127, 61, 1
1127, 1321, 1
1194, 21, 1
1194, 5, 1
1194, 1477, 1
1194, 379, 1
1194, 107, 1
1194, 214, 1
1194, 738, 1
1194, 1235, 1
1194, 1032, 1
1194, 1008, 1
1194, 1258, 1
421, 1463, 1
806, 398, 1
421, 398, 1
1032, 1235, 1
800, 839, 1
800, 421, 1
1100, 1127, 1
911, 154, 1
800, 951, 1
398, 553, 1
1032, 1194, 1
800, 1463, 1
107, 1258, 1
911, 275, 1
1032, 1477, 1
1477, 21, 1
1100, 839, 1
379, 5, 1
944, 61, 1
839, 911, 1
1032, 21, 1
1100, 951, 1
154, 1100, 1
421, 806, 1
1008, 1258, 1
839, 421, 1
358, 1127, 1
911, 800, 1
154, 839, 1
944, 806, 1
154, 421, 1
1100, 61, 1
1451, 911, 1
911, 1321, 1
154, 924, 1
839, 1463, 1
154, 951, 1
800, 806, 1
358, 839, 1
839, 398, 1
1451, 358, 1
398, 911, 1
154, 1463, 1
154, 398, 1
944, 154, 1
1463, 1100, 1
379, 107, 1
275, 553, 1
1463, 1127, 1
61, 1127, 1
1100, 806, 1
738, 1235, 1
1032, 379, 1
800, 154, 1
944, 275, 1
107, 214, 1
1463, 839, 1
800, 275, 1
275, 1451, 1
553, 421, 1
738, 1477, 1
1144, 1100, 1
553, 924, 1
1144, 1127, 1
154, 806, 1
911, 358, 1
738, 21, 1
553, 951, 1
944, 800, 1
553, 1463, 1
358, 806, 1
553, 398, 1
944, 1321, 1
911, 1144, 1
1144, 839, 1
1463, 61, 1
951, 1100, 1
806, 1127, 1
421, 1127, 1
1321, 1127, 1
275, 911, 1
5, 1477, 1
924, 1100, 1
1144, 951, 1
944, 1451, 1
5, 21, 1
806, 839, 1
1464, 421, 1
421, 839, 1
951, 839, 1
806, 421, 1
951, 421, 1
1032, 1258, 1
1464, 924, 1
951, 924, 1
275, 421, 1
1464, 951, 1
806, 951, 1
1463, 806, 1
924, 421, 1
800, 1127, 1
275, 924, 1
1464, 1463, 1
1144, 61, 1
806, 1463, 1
951, 1463, 1
1464, 398, 1
924, 951, 1
951, 398, 1
275, 1463, 1
1451, 553, 1
738, 379, 1
924, 1463, 1
944, 911, 1
275, 398, 1
924, 398, 1
107, 5, 1
421, 61, 1
1463, 154, 1
944, 358, 1
379, 738, 1
358, 553, 1
1144, 806, 1
1463, 275, 1
800, 358, 1
944, 1144, 1
839, 1127, 1
1100, 911, 1
800, 1144, 1
800, 61, 1
951, 806, 1
154, 1127, 1
1235, 1477, 1
1100, 358, 1
1144, 154, 1
911, 944, 1
924, 806, 1
1235, 21, 1
911, 553, 1
1032, 214, 1
839, 951, 1
1144, 275, 1
1463, 1321, 1
61, 1321, 1
738, 1258, 1
911, 1451, 1
1463, 1451, 1
154, 358, 1
358, 911, 1
1451, 421, 1
1451, 924, 1
379, 1235, 1
1144, 800, 1
154, 61, 1
398, 839, 1
553, 1100, 1
398, 421, 1
1451, 1463, 1
553, 1127, 1
1144, 1321, 1
1451, 398, 1
911, 1464, 1
398, 951, 1
21, 1477, 1
421, 553, 1
398, 1463, 1
839, 806, 1
553, 839, 1
1463, 911, 1
738, 107, 1
379, 1477, 1
379, 21, 1
1463, 358, 1
944, 553, 1
800, 944, 1
911, 421, 1
1464, 1100, 1
800, 553, 1
1477, 5, 1
911, 924, 1
1464, 1127, 1
951, 1127, 1
275, 1100, 1
800, 1321, 1
738, 214, 1
1032, 5, 1
553, 61, 1
275, 1127, 1
911, 1463, 1
924, 1127, 1
911, 398, 1
1464, 839, 1
1100, 553, 1
398, 806, 1
1144, 358, 1
800, 1451, 1
154, 275, 1
275, 839, 1
924, 839, 1
421, 911, 1
944, 1464, 1
275, 951, 1
806, 358, 1
421, 358, 1
553, 806, 1
107, 738, 1
1235, 1258, 1
800, 1464, 1
1464, 61, 1
154, 553, 1
951, 61, 1
800, 911, 1
275, 61, 1
924, 61, 1
553, 154, 1
1032, 107, 1
944, 421, 1
944, 924, 1
154, 1451, 1
944, 951, 1
553, 275, 1
1464, 806, 1
944, 1463, 1
800, 924, 1
944, 398, 1
1477, 214, 1
275, 806, 1
21, 5, 1
1463, 553, 1
800, 398, 1
1100, 421, 1
738, 5, 1
1451, 1100, 1
1464, 154, 1
1451, 1127, 1
951, 154, 1
154, 911, 1
839, 358, 1
379, 1258, 1
107, 1235, 1
1100, 1463, 1
553, 1321, 1
1100, 398, 1
1235, 214, 1
1464, 275, 1
398, 1127, 1
951, 275, 1
1451, 839, 1
1144, 944, 1
553, 1451, 1
1144, 553, 1
1451, 951, 1
107, 1477, 1
358, 421, 1
1464, 944, 1
107, 21, 1
1464, 553, 1
806, 553, 1
1464, 800, 1
951, 553, 1
358, 951, 1
1008, 1194, 1
911, 1100, 1
1144, 1451, 1
398, 358, 1
1451, 61, 1
358, 1463, 1
911, 1127, 1
1464, 1321, 1
1032, 1008, 1
924, 553, 1
951, 1321, 1
358, 398, 1
553, 911, 1
1464, 1451, 1
911, 839, 1
951, 1451, 1
1463, 421, 1
553, 358, 1
1032, 738, 1
1144, 1464, 1
21, 214, 1
1463, 924, 1
911, 951, 1
1463, 951, 1
1451, 806, 1
379, 214, 1
1144, 911, 1
1463, 398, 1
107, 379, 1
1464, 911, 1
911, 61, 1
1235, 5, 1
806, 911, 1
951, 911, 1
1144, 421, 1
1144, 924, 1
1464, 358, 1
924, 911, 1
5, 214, 1
951, 358, 1
839, 553, 1
1451, 275, 1
944, 1100, 1
1144, 1463, 1
275, 358, 1
924, 358, 1
944, 1127, 1
1144, 398, 1
1464, 1144, 1
800, 1100, 1
911, 806, 1
421, 951, 1
944, 839, 1
806, 1100, 1
924, 1464, 1
398, 924, 1
5, 1258, 1
421, 944, 1
553, 800, 1
379, 1194, 1
358, 1464, 1
275, 154, 1
1235, 379, 1
1477, 1194, 1
924, 154, 1
1477, 1258, 1
398, 944, 1
1451, 1321, 1
358, 1100, 1
1235, 107, 1
421, 1321, 1
5, 1235, 1
358, 154, 1
924, 275, 1
107, 1194, 1
1100, 1321, 1
154, 1144, 1
398, 1321, 1
1477, 1235, 1
358, 275, 1
154, 1464, 1
21, 379, 1
1451, 944, 1
806, 944, 1
379, 1008, 1
21, 107, 1
358, 924, 1
1100, 1451, 1
398, 1451, 1
1477, 1008, 1
806, 800, 1
21, 738, 1
924, 944, 1
1100, 944, 1
5, 738, 1
275, 800, 1
806, 1321, 1
214, 1235, 1
358, 944, 1
107, 1008, 1
275, 1321, 1
1477, 738, 1
924, 1321, 1
398, 61, 1
806, 1451, 1
839, 1100, 1
358, 1321, 1
5, 379, 1
924, 1451, 1
5, 107, 1
154, 944, 1
553, 1144, 1
275, 944, 1
358, 1451, 1
1477, 379, 1
1451, 1144, 1
839, 1321, 1
553, 1464, 1
806, 1144, 1
806, 61, 1
154, 800, 1
1451, 1464, 1
1477, 107, 1
806, 1464, 1
421, 1464, 1
154, 1321, 1
1100, 1144, 1
21, 1258, 1
421, 1100, 1
1100, 1464, 1
398, 1464, 1
806, 154, 1
358, 61, 1
738, 1194, 1
398, 1100, 1
379, 1032, 1
806, 275, 1
398, 154, 1
1477, 1032, 1
21, 1235, 1
806, 924, 1
398, 275, 1
275, 1144, 1
107, 1032, 1
924, 1144, 1
553, 944, 1
275, 1464, 1
61, 866, -1
61, 1, -1
61, 4, -1
61, 633, -1
61, 1468, -1
61, 462, -1
61, 118, -1
61, 21, -1
61, 5, -1
61, 1477, -1
61, 379, -1
61, 107, -1
61, 214, -1
61, 738, -1
61, 1235, -1
61, 1032, -1
61, 316, -1
61, 1214, -1
61, 1370, -1
61, 1334, -1
1008, 1464, -1
1008, 1451, -1
1008, 154, -1
1008, 1144, -1
1008, 398, -1
1008, 806, -1
1008, 924, -1
1008, 951, -1
1008, 1463, -1
1008, 911, -1
1008, 358, -1
1008, 421, -1
1008, 839, -1
1008, 275, -1
1008, 800, -1
1008, 1100, -1
1008, 944, -1
1008, 553, -1
1008, 61, -1
1008, 866, -1
1008, 1, -1
1008, 4, -1
1008, 633, -1
1008, 1468, -1
1008, 462, -1
1008, 118, -1
1008, 316, -1
1008, 1214, -1
1008, 1370, -1
1008, 1334, -1
1321, 866, -1
1321, 1, -1
1321, 4, -1
1321, 633, -1
1321, 1468, -1
1321, 462, -1
1321, 118, -1
1321, 21, -1
1321, 5, -1
1321, 1477, -1
1321, 379, -1
1321, 107, -1
1321, 214, -1
1321, 738, -1
1321, 1235, -1
1321, 1032, -1
1321, 1008, -1
1321, 316, -1
1321, 1214, -1
1321, 1370, -1
1321, 1334, -1
1258, 1464, -1
1258, 1451, -1
1258, 154, -1
1258, 1144, -1
1258, 398, -1
1258, 806, -1
1258, 924, -1
1258, 951, -1
1258, 1463, -1
1258, 911, -1
1258, 358, -1
1258, 421, -1
1258, 839, -1
1258, 275, -1
1258, 800, -1
1258, 1100, -1
1258, 944, -1
1258, 553, -1
1258, 61, -1
1258, 1321, -1
1258, 866, -1
1258, 1, -1
1258, 4, -1
1258, 633, -1
1258, 1468, -1
1258, 462, -1
1258, 118, -1
1258, 316, -1
1258, 1214, -1
1258, 1370, -1
1258, 1334, -1
1127, 866, -1
1127, 1, -1
1127, 4, -1
1127, 633, -1
1127, 1468, -1
1127, 462, -1
1127, 118, -1
1127, 21, -1
1127, 5, -1
1127, 1477, -1
1127, 379, -1
1127, 107, -1
1127, 214, -1
1127, 738, -1
1127, 1235, -1
1127, 1032, -1
1127, 1008, -1
1127, 1258, -1
1127, 316, -1
1127, 1214, -1
1127, 1370, -1
1127, 1334, -1
1194, 1464, -1
1194, 1451, -1
1194, 154, -1
1194, 1144, -1
1194, 398, -1
1194, 806, -1
1194, 924, -1
1194, 951, -1
1194, 1463, -1
1194, 911, -1
1194, 358, -1
1194, 421, -1
1194, 839, -1
1194, 275, -1
1194, 800, -1
1194, 1100, -1
1194, 944, -1
1194, 553, -1
1194, 61, -1
1194, 1321, -1
1194, 1127, -1
1194, 866, -1
1194, 1, -1
1194, 4, -1
1194, 633, -1
1194, 1468, -1
1194, 462, -1
1194, 118, -1
1194, 316, -1
1194, 1214, -1
1194, 1370, -1
1194, 1334, -1
944, 866, -1
633, 61, -1
379, 154, -1
1032, 1464, -1
800, 1468, -1
800, 1477, -1
1468, 1100, -1
1235, 4, -1
1235, 1334, -1
839, 1334, -1
1463, 118, -1
1468, 1127, -1
21, 1214, -1
1032, 1100, -1
1100, 462, -1
379, 275, -1
154, 1258, -1
553, 738, -1
1370, 1235, -1
316, 911, -1
379, 1214, -1
1144, 1008, -1
911, 1, -1
1477, 421, -1
1370, 1100, -1
1144, 379, -1
316, 358, -1
1468, 839, -1
1032, 1468, -1
462, 839, -1
1, 1258, -1
1370, 1127, -1
1477, 924, -1
21, 944, -1
633, 806, -1
1032, 839, -1
1235, 911, -1
1032, 421, -1
316, 214, -1
1464, 316, -1
154, 1235, -1
1451, 633, -1
866, 379, -1
462, 951, -1
1032, 924, -1
379, 944, -1
1144, 738, -1
1464, 1008, -1
1477, 1463, -1
1451, 4, -1
1370, 1477, -1
1334, 1127, -1
1032, 951, -1
1235, 358, -1
275, 316, -1
1477, 398, -1
1370, 839, -1
462, 1463, -1
1144, 118, -1
1370, 421, -1
911, 5, -1
866, 738, -1
1032, 1463, -1
1451, 107, -1
1032, 398, -1
1370, 951, -1
398, 1334, -1
1235, 1144, -1
1464, 738, -1
633, 154, -1
154, 1468, -1
358, 462, -1
154, 1477, -1
951, 738, -1
1258, 1127, -1
1463, 1258, -1
107, 1127, -1
118, 1127, -1
107, 462, -1
21, 1451, -1
1, 1127, -1
1370, 1463, -1
1468, 61, -1
806, 118, -1
421, 118, -1
275, 1214, -1
154, 21, -1
379, 1451, -1
214, 462, -1
633, 275, -1
214, 1127, -1
1463, 1370, -1
21, 1334, -1
553, 1334, -1
1, 839, -1
421, 1, -1
1463, 1235, -1
379, 4, -1
107, 866, -1
1451, 214, -1
214, 839, -1
21, 1464, -1
738, 1370, -1
633, 5, -1
911, 633, -1
1463, 462, -1
1468, 806, -1
911, 4, -1
800, 118, -1
944, 1, -1
1144, 1258, -1
738, 1464, -1
214, 951, -1
21, 911, -1
1032, 806, -1
633, 553, -1
911, 107, -1
358, 214, -1
738, 1100, -1
379, 911, -1
866, 1258, -1
800, 1, -1
1144, 1370, -1
944, 1214, -1
553, 1194, -1
1477, 118, -1
633, 1321, -1
1370, 806, -1
107, 61, -1
911, 866, -1
1463, 866, -1
5, 1334, -1
1, 61, -1
553, 1468, -1
1144, 1235, -1
553, 1477, -1
379, 358, -1
21, 421, -1
1032, 118, -1
1464, 1334, -1
944, 5, -1
738, 1468, -1
21, 924, -1
633, 1451, -1
738, 839, -1
553, 21, -1
866, 1235, -1
4, 1100, -1
738, 421, -1
951, 1370, -1
5, 1464, -1
1100, 1, -1
275, 1334, -1
1144, 462, -1
379, 1144, -1
154, 379, -1
4, 1127, -1
924, 1334, -1
1032, 1, -1
800, 5, -1
738, 924, -1
21, 1463, -1
866, 1100, -1
951, 1235, -1
738, 951, -1
1370, 154, -1
21, 398, -1
911, 214, -1
839, 118, -1
866, 1127, -1
1144, 1477, -1
4, 1477, -1
1451, 316, -1
738, 1463, -1
1, 806, -1
4, 839, -1
421, 633, -1
633, 107, -1
4, 421, -1
738, 398, -1
806, 462, -1
421, 462, -1
1468, 5, -1
154, 118, -1
1370, 275, -1
1464, 1194, -1
866, 1477, -1
214, 806, -1
1100, 5, -1
951, 1194, -1
866, 839, -1
4, 951, -1
1464, 1468, -1
5, 421, -1
1464, 1477, -1
951, 1468, -1
951, 1477, -1
154, 1, -1
633, 911, -1
944, 633, -1
4, 1463, -1
107, 316, -1
5, 924, -1
866, 951, -1
1214, 911, -1
1451, 1214, -1
275, 1468, -1
944, 4, -1
107, 154, -1
5, 951, -1
1464, 21, -1
1370, 5, -1
924, 1468, -1
1477, 1370, -1
1, 154, -1
924, 1477, -1
951, 21, -1
633, 358, -1
800, 633, -1
5, 1463, -1
944, 107, -1
214, 154, -1
275, 21, -1
5, 398, -1
924, 21, -1
107, 275, -1
4, 61, -1
1, 275, -1
358, 1214, -1
553, 379, -1
107, 1214, -1
1477, 1100, -1
800, 107, -1
866, 61, -1
738, 806, -1
1477, 462, -1
1477, 1127, -1
421, 214, -1
1100, 633, -1
911, 316, -1
462, 1127, -1
800, 866, -1
1032, 633, -1
1235, 1370, -1
316, 1100, -1
1, 5, -1
1032, 462, -1
1032, 1127, -1
21, 118, -1
107, 944, -1
944, 1032, -1
553, 118, -1
1235, 1464, -1
1477, 839, -1
944, 214, -1
4, 806, -1
1477, 866, -1
738, 118, -1
1, 553, -1
316, 1477, -1
1235, 1100, -1
1477, 951, -1
911, 1214, -1
1463, 1214, -1
1032, 866, -1
866, 806, -1
316, 421, -1
839, 462, -1
800, 214, -1
1468, 911, -1
1, 1321, -1
1370, 107, -1
316, 21, -1
1451, 1334, -1
154, 633, -1
1464, 379, -1
316, 951, -1
951, 379, -1
1463, 5, -1
1235, 1468, -1
154, 462, -1
1468, 358, -1
107, 1451, -1
1235, 839, -1
1, 1451, -1
316, 1463, -1
1235, 421, -1
275, 379, -1
358, 633, -1
1468, 214, -1
316, 398, -1
1144, 1, -1
5, 118, -1
154, 107, -1
1477, 61, -1
1100, 214, -1
1235, 924, -1
107, 4, -1
866, 154, -1
107, 1334, -1
1235, 951, -1
1464, 118, -1
951, 118, -1
1370, 358, -1
1032, 61, -1
1334, 911, -1
1235, 1463, -1
553, 1258, -1
1, 107, -1
275, 118, -1
1235, 398, -1
1370, 214, -1
866, 275, -1
924, 118, -1
633, 738, -1
806, 1, -1
21, 1370, -1
1451, 1468, -1
1370, 61, -1
379, 1334, -1
553, 1370, -1
1451, 1477, -1
1144, 5, -1
4, 5, -1
1008, 1127, -1
944, 316, -1
379, 1370, -1
107, 911, -1
118, 911, -1
924, 1, -1
944, 1008, -1
1, 911, -1
1477, 806, -1
214, 866, -1
421, 1214, -1
553, 1235, -1
1451, 21, -1
154, 214, -1
866, 5, -1
1463, 4, -1
800, 316, -1
379, 1464, -1
911, 1334, -1
21, 1100, -1
107, 358, -1
1, 358, -1
21, 462, -1
21, 1127, -1
421, 5, -1
553, 462, -1
1463, 107, -1
379, 1100, -1
944, 738, -1
1, 214, -1
214, 358, -1
738, 462, -1
738, 1127, -1
107, 1144, -1
1464, 1258, -1
1477, 154, -1
951, 1258, -1
21, 839, -1
1235, 806, -1
5, 1370, -1
1032, 316, -1
800, 1214, -1
379, 1468, -1
1032, 154, -1
553, 866, -1
1464, 1370, -1
1144, 633, -1
379, 421, -1
21, 951, -1
1477, 275, -1
911, 1194, -1
738, 866, -1
866, 1451, -1
1144, 4, -1
379, 924, -1
1464, 1235, -1
911, 1468, -1
1477, 1214, -1
379, 951, -1
1032, 275, -1
5, 1100, -1
1463, 214, -1
1235, 118, -1
1144, 107, -1
5, 462, -1
1100, 1214, -1
5, 1127, -1
379, 1463, -1
275, 1235, -1
1032, 1214, -1
806, 633, -1
911, 21, -1
379, 398, -1
1464, 462, -1
738, 358, -1
951, 462, -1
1144, 866, -1
154, 316, -1
866, 107, -1
633, 1235, -1
21, 61, -1
1477, 944, -1
1451, 379, -1
924, 633, -1
275, 462, -1
5, 839, -1
924, 462, -1
951, 107, -1
1477, 800, -1
5, 866, -1
738, 61, -1
633, 1100, -1
1032, 944, -1
866, 911, -1
4, 358, -1
1464, 866, -1
1032, 553, -1
275, 1477, -1
1144, 1032, -1
944, 1334, -1
951, 866, -1
1477, 1321, -1
1032, 800, -1
633, 1194, -1
1451, 118, -1
1144, 214, -1
4, 214, -1
154, 1214, -1
866, 358, -1
633, 1477, -1
1032, 1321, -1
800, 4, -1
800, 1334, -1
633, 421, -1
21, 806, -1
1477, 1451, -1
1321, 1194, -1
866, 214, -1
398, 118, -1
154, 5, -1
633, 21, -1
633, 924, -1
1, 738, -1
1032, 1451, -1
633, 951, -1
5, 61, -1
806, 214, -1
951, 214, -1
1463, 316, -1
1214, 951, -1
214, 1214, -1
398, 1, -1
633, 1463, -1
944, 1194, -1
1100, 1334, -1
633, 398, -1
1032, 4, -1
1214, 1463, -1
1032, 1334, -1
924, 214, -1
316, 1127, -1
1370, 1451, -1
911, 379, -1
944, 1468, -1
21, 154, -1
944, 1477, -1
379, 118, -1
800, 1194, -1
738, 316, -1
214, 944, -1
800, 1032, -1
738, 154, -1
944, 21, -1
553, 1, -1
911, 738, -1
1463, 738, -1
1477, 911, -1
316, 839, -1
21, 275, -1
1235, 462, -1
1235, 1127, -1
5, 806, -1
462, 911, -1
911, 118, -1
1032, 911, -1
800, 21, -1
1477, 358, -1
738, 275, -1
553, 1214, -1
1144, 316, -1
154, 4, -1
154, 1334, -1
738, 1214, -1
1468, 1477, -1
1032, 358, -1
1370, 911, -1
1100, 1477, -1
1235, 866, -1
1451, 1235, -1
553, 5, -1
1477, 1144, -1
1468, 421, -1
1008, 1321, -1
358, 1334, -1
633, 379, -1
1468, 21, -1
5, 154, -1
1100, 21, -1
951, 316, -1
1032, 1144, -1
1468, 951, -1
107, 1370, -1
1451, 462, -1
738, 944, -1
1144, 1214, -1
316, 61, -1
214, 1334, -1
1468, 1463, -1
1464, 1, -1
924, 316, -1
5, 275, -1
107, 1464, -1
1468, 398, -1
1, 1235, -1
398, 633, -1
1370, 21, -1
1370, 924, -1
839, 214, -1
5, 1214, -1
398, 462, -1
275, 1, -1
214, 1464, -1
107, 1100, -1
1334, 839, -1
1235, 61, -1
1, 1100, -1
1464, 1214, -1
911, 1258, -1
806, 1214, -1
951, 1214, -1
944, 379, -1
1463, 1334, -1
1, 1194, -1
214, 911, -1
1370, 398, -1
1334, 951, -1
738, 1451, -1
800, 1008, -1
553, 633, -1
1464, 5, -1
107, 1468, -1
911, 1370, -1
316, 806, -1
5, 944, -1
924, 1214, -1
951, 5, -1
1, 1477, -1
800, 379, -1
1334, 1463, -1
553, 4, -1
107, 839, -1
118, 839, -1
107, 421, -1
379, 462, -1
379, 1127, -1
1, 421, -1
275, 5, -1
911, 1235, -1
738, 4, -1
924, 5, -1
738, 1334, -1
107, 924, -1
944, 118, -1
1, 21, -1
1, 924, -1
553, 107, -1
1235, 1451, -1
107, 951, -1
118, 951, -1
800, 738, -1
1, 951, -1
21, 866, -1
911, 462, -1
107, 1463, -1
118, 1463, -1
379, 839, -1
1, 1463, -1
1463, 1194, -1
107, 398, -1
398, 214, -1
379, 866, -1
1, 398, -1
1144, 1334, -1
633, 1258, -1
5, 1451, -1
214, 1463, -1
1463, 1468, -1
911, 1477, -1
1463, 1477, -1
738, 911, -1
214, 398, -1
21, 358, -1
1235, 316, -1
1370, 379, -1
1464, 633, -1
1235, 154, -1
1463, 21, -1
1100, 118, -1
1321, 1258, -1
1464, 4, -1
553, 214, -1
951, 4, -1
806, 1334, -1
421, 1334, -1
951, 1334, -1
275, 633, -1
1370, 738, -1
4, 911, -1
275, 4, -1
316, 5, -1
1464, 107, -1
1477, 553, -1
924, 4, -1
738, 1144, -1
379, 61, -1
944, 1258, -1
1235, 1214, -1
1144, 1194, -1
839, 1214, -1
633, 1127, -1
275, 107, -1
5, 911, -1
1144, 1468, -1
1214, 1127, -1
107, 806, -1
154, 738, -1
944, 1370, -1
800, 1258, -1
1, 379, -1
5, 358, -1
1144, 21, -1
4, 21, -1
633, 839, -1
1235, 944, -1
944, 1235, -1
1451, 1, -1
398, 1214, -1
800, 1370, -1
1214, 839, -1
1464, 1032, -1
866, 421, -1
866, 21, -1
379, 806, -1
358, 118, -1
421, 1477, -1
1464, 214, -1
107, 118, -1
866, 924, -1
800, 1235, -1
1477, 1334, -1
944, 462, -1
4, 398, -1
421, 21, -1
275, 214, -1
214, 118, -1
866, 1463, -1
358, 1, -1
1463, 379, -1
553, 316, -1
800, 462, -1
866, 398, -1
1451, 5, -1
1477, 1464, -1
1032, 1370, -1
633, 214, -1
1370, 1258, -1
379, 316, -1
398, 21, -1
1334, 1100, -1
924, 1235, -1
866, 800, -1
1100, 1235, -1
1334, 398, -1
1, 1144, -1
5, 1468, -1
1214, 61, -1
738, 553, -1
398, 5, -1
358, 1235, -1
21, 1321, -1
866, 1321, -1
118, 1235, -1
738, 800, -1
1100, 316, -1
1, 1464, -1
1468, 944, -1
462, 398, -1
806, 1468, -1
1477, 1, -1
806, 1477, -1
275, 1194, -1
1334, 1477, -1
275, 1258, -1
358, 316, -1
924, 1194, -1
738, 1321, -1
924, 1258, -1
118, 1100, -1
1477, 1468, -1
1334, 421, -1
4, 944, -1
118, 154, -1
358, 1258, -1
398, 107, -1
1468, 1321, -1
275, 1370, -1
118, 1258, -1
4, 553, -1
633, 1032, -1
5, 316, -1
462, 421, -1
866, 944, -1
1214, 358, -1
358, 1468, -1
358, 1477, -1
21, 4, -1
118, 1477, -1
118, 275, -1
21, 553, -1
866, 553, -1
4, 1321, -1
1214, 806, -1
5, 553, -1
118, 421, -1
633, 1144, -1
1468, 1451, -1
316, 1144, -1
1334, 944, -1
1477, 316, -1
806, 1008, -1
1334, 1008, -1
358, 21, -1
118, 21, -1
633, 1464, -1
118, 924, -1
316, 1464, -1
379, 553, -1
806, 379, -1
1334, 553, -1
1334, 379, -1
379, 800, -1
1334, 800, -1
214, 421, -1
5, 1321, -1
462, 944, -1
358, 5, -1
806, 107, -1
118, 5, -1
1334, 107, -1
1100, 4, -1
1468, 553, -1
398, 4, -1
379, 1321, -1
462, 553, -1
107, 633, -1
1334, 1321, -1
398, 379, -1
118, 398, -1
118, 944, -1
806, 738, -1
1334, 738, -1
806, 866, -1
1, 944, -1
1, 1008, -1
316, 1258, -1
107, 553, -1
118, 553, -1
462, 1321, -1
1370, 944, -1
107, 800, -1
924, 738, -1
1, 800, -1
1334, 1451, -1
924, 866, -1
118, 107, -1
4, 1144, -1
1370, 553, -1
5, 4, -1
1370, 800, -1
1214, 1477, -1
379, 633, -1
107, 1321, -1
118, 1321, -1
553, 1032, -1
4, 1464, -1
358, 738, -1
118, 738, -1
1334, 358, -1
1214, 421, -1
806, 4, -1
1477, 633, -1
866, 1144, -1
1370, 1321, -1
1214, 21, -1
1334, 806, -1
214, 1321, -1
1477, 4, -1
866, 1464, -1
275, 1008, -1
1235, 275, -1
462, 358, -1
118, 1451, -1
1334, 1144, -1
1334, 61, -1
1214, 5, -1
462, 806, -1
924, 379, -1
633, 944, -1
316, 944, -1
4, 1258, -1
633, 1008, -1
1334, 1464, -1
1214, 1100, -1
421, 1235, -1
118, 358, -1
358, 4, -1
1214, 398, -1
1214, 944, -1
924, 107, -1
1468, 1144, -1
316, 553, -1
358, 379, -1
633, 800, -1
118, 806, -1
118, 379, -1
1468, 1464, -1
421, 316, -1
275, 738, -1
1214, 553, -1
275, 866, -1
358, 107, -1
398, 1235, -1
1334, 154, -1
21, 1468, -1
118, 61, -1
316, 1321, -1
214, 553, -1
1451, 1258, -1
806, 1194, -1
1334, 1194, -1
806, 1258, -1
379, 1, -1
1334, 1258, -1
1214, 1321, -1
398, 316, -1
1468, 154, -1
1370, 1144, -1
806, 1032, -1
1235, 553, -1
1334, 1032, -1
1370, 1464, -1
1334, 275, -1
1468, 1258, -1
806, 1370, -1
1100, 1258, -1
275, 1032, -1
1235, 1321, -1
1468, 275, -1
806, 21, -1
1334, 21, -1
398, 1468, -1
1334, 924, -1
21, 316, -1
398, 1477, -1
806, 1235, -1
107, 1, -1
924, 1370, -1
1334, 1235, -1
1, 1032, -1
806, 5, -1
1334, 5, -1
553, 1008, -1
806, 316, -1
1214, 154, -1
462, 154, -1

1146, 1464, 1
1146, 1451, 1
1146, 154, 1
1146, 1144, 1
1146, 398, 1
1146, 806, 1
1146, 924, 1
1146, 951, 1
1146, 1463, 1
1146, 911, 1
1146, 358, 1
1146, 421, 1
1146, 839, 1
1146, 275, 1
1146, 800, 1
1146, 1100, 1
1146, 944, 1
1146, 553, 1
1146, 61, 1
1146, 1321, 1
1146, 1127, 1
261, 21, 1
261, 5, 1
261, 1477, 1
261, 379, 1
261, 107, 1
261, 214, 1
261, 738, 1
261, 1235, 1
261, 1032, 1
261, 1008, 1
261, 1258, 1
261, 1194, 1
421, 1463, 1
1321, 1463, 1
1127, 951, 1
806, 398, 1
421, 398, 1
1032, 1235, 1
1194, 214, 1
1127, 1463, 1
800, 839, 1
800, 421, 1
1477, 1194, 1
1258, 5, 1
1100, 1127, 1
911, 154, 1
800, 951, 1
1032, 1194, 1
800, 1463, 1
1477, 21, 1
1032, 1477, 1
1100, 839, 1
944, 61, 1
839, 911, 1
1032, 21, 1
1100, 951, 1
154, 1100, 1
421, 806, 1
1321, 806, 1
1008, 1258, 1
5, 738, 1
358, 1127, 1
154, 839, 1
944, 806, 1
154, 421, 1
1100, 61, 1
1451, 911, 1
1008, 1235, 1
154, 924, 1
839, 1463, 1
1258, 107, 1
1321, 154, 1
154, 951, 1
358, 839, 1
800, 806, 1
1451, 358, 1
398, 911, 1
1127, 154, 1
154, 1463, 1
1194, 738, 1
1321, 275, 1
154, 398, 1
944, 154, 1
1477, 379, 1
379, 107, 1
1463, 1127, 1
1008, 1477, 1
61, 1127, 1
1100, 806, 1
738, 1235, 1
1032, 379, 1
800, 154, 1
944, 275, 1
1008, 21, 1
1258, 214, 1
107, 214, 1
1463, 839, 1
61, 839, 1
800, 275, 1
275, 1451, 1
553, 421, 1
1100, 154, 1
1144, 1100, 1
553, 924, 1
1144, 1127, 1
154, 806, 1
738, 21, 1
553, 951, 1
944, 800, 1
553, 1463, 1
358, 806, 1
553, 398, 1
944, 1321, 1
1144, 839, 1
806, 1127, 1
421, 1127, 1
1321, 1127, 1
275, 911, 1
924, 1100, 1
1144, 951, 1
944, 1451, 1
1477, 1258, 1
5, 21, 1
1464, 421, 1
421, 839, 1
806, 839, 1
951, 839, 1
1008, 379, 1
358, 154, 1
1032, 1258, 1
1464, 924, 1
275, 421, 1
1464, 951, 1
806, 951, 1
924, 421, 1
61, 806, 1
800, 1127, 1
1477, 1235, 1
275, 924, 1
1144, 61, 1
1464, 1463, 1
806, 1463, 1
21, 379, 1
951, 1463, 1
1464, 398, 1
924, 951, 1
1321, 358, 1
275, 1463, 1
738, 379, 1
924, 1463, 1
944, 911, 1
275, 398, 1
1194, 21, 1
924, 398, 1
21, 738, 1
1463, 154, 1
1321, 61, 1
61, 154, 1
944, 358, 1
1144, 806, 1
800, 358, 1
944, 1144, 1
1008, 5, 1
839, 1127, 1
5, 379, 1
1100, 911, 1
800, 1144, 1
800, 61, 1
154, 1127, 1
1100, 358, 1
1144, 154, 1
924, 806, 1
1032, 214, 1
839, 951, 1
1144, 275, 1
21, 1258, 1
1194, 379, 1
806, 154, 1
421, 154, 1
738, 1258, 1
154, 358, 1
358, 911, 1
1451, 421, 1
21, 1235, 1
1451, 924, 1
1008, 107, 1
379, 1235, 1
1144, 800, 1
154, 61, 1
398, 839, 1
553, 1100, 1
1451, 1463, 1
553, 1127, 1
1144, 1321, 1
1451, 398, 1
5, 1258, 1
398, 951, 1
1321, 553, 1
398, 1463, 1
553, 839, 1
1463, 911, 1
738, 107, 1
61, 911, 1
5, 1235, 1
1008, 214, 1
61, 358, 1
944, 553, 1
800, 944, 1
1321, 1451, 1
1194, 1258, 1
1464, 1100, 1
800, 553, 1
839, 154, 1
1477, 5, 1
1464, 1127, 1
951, 1127, 1
275, 1100, 1
800, 1321, 1
738, 214, 1
1032, 5, 1
553, 61, 1
275, 1127, 1
911, 1463, 1
924, 1127, 1
1194, 1235, 1
1464, 839, 1
398, 806, 1
1144, 358, 1
800, 1451, 1
154, 275, 1
275, 839, 1
924, 839, 1
421, 911, 1
1321, 911, 1
944, 1464, 1
275, 951, 1
1127, 911, 1
1258, 738, 1
806, 358, 1
421, 358, 1
553, 806, 1
800, 1464, 1
1464, 61, 1
1321, 924, 1
1477, 107, 1
800, 911, 1
275, 61, 1
924, 61, 1
553, 154, 1
1032, 107, 1
944, 421, 1
1321, 398, 1
944, 924, 1
154, 1451, 1
944, 951, 1
553, 275, 1
1464, 806, 1
800, 924, 1
944, 1463, 1
1477, 1032, 1
944, 398, 1
1477, 214, 1
275, 806, 1
21, 5, 1
800, 398, 1
1100, 421, 1
738, 5, 1
1451, 1100, 1
1464, 154, 1
1451, 1127, 1
951, 154, 1
154, 911, 1
1258, 1235, 1
107, 1235, 1
1100, 1463, 1
275, 154, 1
553, 1321, 1
924, 154, 1
1100, 398, 1
1235, 214, 1
1464, 275, 1
398, 1127, 1
1451, 839, 1
1144, 944, 1
553, 1451, 1
1144, 553, 1
1451, 951, 1
1464, 944, 1
21, 107, 1
1258, 21, 1
1464, 553, 1
1477, 1008, 1
1464, 800, 1
358, 951, 1
1008, 1194, 1
1144, 1451, 1
398, 358, 1
1451, 61, 1
1008, 1032, 1
358, 1463, 1
1464, 1321, 1
911, 1127, 1
1032, 1008, 1
358, 398, 1
1194, 5, 1
553, 911, 1
1477, 738, 1
1464, 1451, 1
911, 839, 1
553, 358, 1
61, 421, 1
1032, 738, 1
1144, 1464, 1
21, 214, 1
911, 951, 1
1463, 951, 1
61, 951, 1
5, 107, 1
1451, 806, 1
379, 214, 1
1144, 911, 1
61, 1463, 1
61, 398, 1
1258, 379, 1
107, 379, 1
1464, 911, 1
806, 911, 1
1321, 1100, 1
951, 911, 1
1144, 421, 1
1451, 154, 1
1144, 924, 1
1194, 107, 1
1464, 358, 1
924, 911, 1
5, 214, 1
398, 154, 1
944, 1100, 1
1144, 1463, 1
275, 358, 1
1321, 839, 1
924, 358, 1
1144, 398, 1
1321, 421, 1
944, 1127, 1
1464, 1144, 1
800, 1100, 1
1127, 839, 1
421, 951, 1
1321, 951, 1
1008, 738, 1
944, 839, 1
806, 1100, 1
924, 1464, 1
398, 924, 1
951, 1100, 1
1463, 61, 1
421, 944, 1
911, 1464, 1
1321, 944, 1
553, 800, 1
275, 1146, 1
21, 1477, 1
839, 358, 1
379, 1194, 1
924, 1146, 1
358, 1464, 1
379, 1258, 1
5, 1477, 1
421, 553, 1
911, 1146, 1
1321, 800, 1
1235, 379, 1
839, 806, 1
1032, 261, 1
379, 1477, 1
398, 944, 1
951, 275, 1
1451, 1321, 1
358, 1100, 1
1127, 553, 1
1258, 261, 1
107, 261, 1
421, 1321, 1
1235, 107, 1
806, 421, 1
398, 553, 1
951, 421, 1
379, 21, 1
1463, 358, 1
924, 275, 1
951, 924, 1
107, 1194, 1
107, 1258, 1
1127, 1321, 1
911, 275, 1
1100, 1321, 1
1463, 806, 1
5, 261, 1
154, 1144, 1
398, 1321, 1
379, 5, 1
911, 421, 1
358, 275, 1
1258, 1477, 1
107, 1477, 1
154, 1464, 1
379, 261, 1
358, 421, 1
911, 924, 1
1451, 944, 1
1194, 1477, 1
806, 944, 1
379, 1008, 1
951, 398, 1
154, 1146, 1
1477, 261, 1
61, 1464, 1
107, 21, 1
358, 924, 1
1100, 1451, 1
398, 1451, 1
1451, 553, 1
806, 553, 1
951, 553, 1
806, 800, 1
1463, 1146, 1
1127, 358, 1
924, 944, 1
911, 1100, 1
61, 1146, 1
1100, 944, 1
107, 5, 1
911, 398, 1
421, 61, 1
839, 421, 1
1321, 1144, 1
1127, 806, 1
924, 553, 1
806, 1321, 1
951, 1321, 1
214, 1235, 1
1100, 553, 1
358, 944, 1
1321, 1464, 1
379, 738, 1
107, 1008, 1
911, 800, 1
1194, 261, 1
1127, 61, 1
275, 1321, 1
358, 553, 1
924, 1321, 1
398, 61, 1
1463, 275, 1
61, 275, 1
911, 1321, 1
806, 1451, 1
951, 1451, 1
839, 1100, 1
1463, 421, 1
358, 1321, 1
839, 398, 1
1463, 924, 1
107, 738, 1
1008, 261, 1
61, 924, 1
924, 1451, 1
1235, 1258, 1
944, 1146, 1
1144, 1146, 1
951, 806, 1
154, 944, 1
553, 1144, 1
275, 944, 1
1235, 1477, 1
358, 1451, 1
1463, 1100, 1
1451, 1144, 1
839, 1321, 1
154, 553, 1
553, 1464, 1
806, 1144, 1
61, 1100, 1
1463, 398, 1
275, 553, 1
806, 61, 1
154, 800, 1
951, 61, 1
911, 944, 1
61, 944, 1
800, 1146, 1
1451, 1464, 1
806, 1464, 1
421, 1464, 1
1235, 21, 1
911, 553, 1
553, 1146, 1
61, 553, 1
154, 1321, 1
1451, 1146, 1
1100, 1144, 1
806, 1146, 1
421, 1146, 1
1321, 1146, 1
738, 261, 1
911, 61, 1
1235, 5, 1
421, 1100, 1
1100, 1464, 1
1463, 1321, 1
398, 1464, 1
1235, 261, 1
61, 1321, 1
358, 61, 1
738, 1194, 1
1127, 1100, 1
1100, 1146, 1
951, 358, 1
1127, 398, 1
398, 1100, 1
379, 1032, 1
839, 553, 1
1451, 275, 1
738, 1477, 1
911, 1451, 1
1463, 1451, 1
806, 275, 1
61, 1451, 1
911, 358, 1
806, 924, 1
21, 261, 1
398, 275, 1
911, 806, 1
1463, 553, 1
1127, 421, 1
275, 1144, 1
107, 1032, 1
398, 421, 1
924, 1144, 1
1464, 1146, 1
553, 944, 1
275, 1464, 1
951, 1146, 1
911, 1144, 1
398, 1146, 1
1194, 1032, 1
275, 800, 1
1194, 1008, 1
358, 1146, 1
1146, 866, -1
1146, 1, -1
1146, 4, -1
1146, 633, -1
1146, 1468, -1
1146, 462, -1
1146, 118, -1
1146, 21, -1
1146, 5, -1
1146, 1477, -1
1146, 379, -1
1146, 107, -1
1146, 214, -1
1146, 738, -1
1146, 1235, -1
1146, 1032, -1
1146, 1008, -1
1146, 1258, -1
1146, 1194, -1
1146, 316, -1
1146, 1214, -1
1146, 1370, -1
1146, 1334, -1
1071, 1464, -1
1071, 1451, -1
1071, 154, -1
1071, 1144, -1
1071, 398, -1
1071, 806, -1
1071, 924, -1
1071, 951, -1
1071, 1463, -1
1071, 911, -1
1071, 358, -1
1071, 421, -1
1071, 839, -1
1071, 275, -1
1071, 800, -1
1071, 1100, -1
1071, 944, -1
1071, 553, -1
1071, 61, -1
1071, 1321, -1
1071, 1127, -1
1071, 1146, -1
1071, 866, -1
1071, 1, -1
1071, 4, -1
1071, 633, -1
1071, 1468, -1
1071, 462, -1
1071, 118, -1
1071, 21, -1
1071, 5, -1
1071, 1477, -1
1071, 379, -1
1071, 107, -1
1071, 214, -1
1071, 738, -1
1071, 1235, -1
1071, 1032, -1
1071, 1008, -1
1071, 1258, -1
1071, 1194, -1
1071, 316, -1
1071, 1214, -1
1071, 1370, -1
1071, 1334, -1
261, 1464, -1
261, 1451, -1
261, 154, -1
261, 1144, -1
261, 398, -1
261, 806, -1
261, 924, -1
261, 951, -1
261, 1463, -1
261, 911, -1
261, 358, -1
261, 421, -1
261, 839, -1
261, 275, -1
261, 800, -1
261, 1100, -1
261, 944, -1
261, 553, -1
261, 61, -1
261, 1321, -1
261, 1127, -1
261, 1146, -1
261, 866, -1
261, 1, -1
261, 4, -1
261, 633, -1
261, 1468, -1
261, 462, -1
261, 118, -1
261, 316, -1
261, 1214, -1
261, 1370, -1
261, 1334, -1
261, 1071, -1
944, 866, -1
633, 61, -1
1032, 1464, -1
800, 1468, -1
800, 1477, -1
1468, 1100, -1
1235, 4, -1
1235, 1334, -1
1194, 1144, -1
1468, 1127, -1
61, 118, -1
21, 1214, -1
1032, 1100, -1
1100, 462, -1
154, 1258, -1
379, 275, -1
553, 738, -1
1370, 1235, -1
316, 911, -1
1477, 1468, -1
379, 1214, -1
1144, 1008, -1
1477, 421, -1
154, 1370, -1
1468, 839, -1
1144, 379, -1
316, 358, -1
1032, 1468, -1
462, 839, -1
5, 316, -1
1, 1258, -1
1370, 1127, -1
1477, 924, -1
633, 806, -1
1032, 839, -1
1235, 911, -1
1032, 421, -1
1100, 866, -1
1464, 316, -1
1146, 1071, -1
154, 1235, -1
316, 214, -1
866, 379, -1
462, 951, -1
1032, 924, -1
1144, 738, -1
1464, 1008, -1
1477, 1463, -1
1451, 4, -1
1334, 1127, -1
1032, 951, -1
1235, 358, -1
275, 316, -1
1477, 398, -1
1370, 839, -1
462, 1463, -1
1370, 421, -1
1144, 118, -1
866, 738, -1
1032, 1463, -1
1321, 1071, -1
1032, 398, -1
1370, 951, -1
398, 1334, -1
1464, 738, -1
633, 154, -1
154, 1468, -1
358, 462, -1
154, 1477, -1
107, 462, -1
1127, 1071, -1
107, 1127, -1
21, 1451, -1
118, 1127, -1
1258, 1127, -1
1008, 1370, -1
1194, 316, -1
1370, 1258, -1
1468, 61, -1
1370, 1463, -1
1, 1127, -1
806, 118, -1
421, 118, -1
1321, 118, -1
275, 1214, -1
944, 1071, -1
1008, 1464, -1
154, 21, -1
379, 1451, -1
214, 462, -1
633, 275, -1
214, 1127, -1
61, 1370, -1
21, 1334, -1
553, 1334, -1
1, 839, -1
1008, 1100, -1
358, 866, -1
800, 1071, -1
379, 4, -1
61, 1235, -1
1451, 214, -1
214, 839, -1
633, 5, -1
1146, 261, -1
1468, 806, -1
1008, 1468, -1
61, 462, -1
800, 118, -1
944, 1, -1
1144, 1258, -1
21, 911, -1
214, 951, -1
1258, 358, -1
1008, 839, -1
1032, 806, -1
1008, 421, -1
1100, 1071, -1
633, 553, -1
1321, 5, -1
358, 214, -1
738, 1100, -1
379, 911, -1
866, 1258, -1
800, 1, -1
1321, 261, -1
1144, 1370, -1
944, 1214, -1
553, 1194, -1
1477, 118, -1
1008, 951, -1
21, 1468, -1
633, 1321, -1
1258, 61, -1
107, 61, -1
1370, 806, -1
5, 1334, -1
1, 61, -1
61, 866, -1
553, 1468, -1
1144, 1235, -1
379, 358, -1
1008, 1463, -1
553, 1477, -1
21, 421, -1
1032, 118, -1
1464, 1334, -1
944, 5, -1
738, 1468, -1
1008, 398, -1
21, 924, -1
944, 261, -1
738, 839, -1
633, 1451, -1
553, 21, -1
866, 1235, -1
4, 1100, -1
738, 421, -1
275, 1334, -1
1144, 462, -1
4, 1127, -1
154, 379, -1
924, 1334, -1
1032, 1, -1
800, 5, -1
738, 924, -1
21, 1463, -1
800, 261, -1
154, 1071, -1
924, 1370, -1
738, 951, -1
21, 398, -1
866, 1127, -1
1144, 1477, -1
1451, 316, -1
738, 1463, -1
1, 806, -1
4, 839, -1
1194, 1334, -1
633, 107, -1
358, 1071, -1
4, 421, -1
738, 398, -1
107, 1071, -1
1477, 1146, -1
806, 462, -1
421, 462, -1
154, 118, -1
1464, 1194, -1
5, 1468, -1
1100, 5, -1
214, 806, -1
866, 839, -1
1100, 261, -1
4, 951, -1
1032, 1146, -1
214, 1071, -1
1464, 1468, -1
379, 316, -1
5, 421, -1
1464, 1477, -1
1194, 1464, -1
1321, 107, -1
633, 911, -1
944, 633, -1
1258, 316, -1
107, 316, -1
4, 1463, -1
5, 924, -1
1008, 806, -1
866, 951, -1
1214, 911, -1
1451, 1214, -1
275, 1468, -1
1370, 5, -1
944, 4, -1
5, 951, -1
1464, 21, -1
421, 866, -1
924, 1468, -1
1321, 866, -1
1477, 1370, -1
1, 154, -1
924, 1477, -1
1008, 1071, -1
633, 358, -1
800, 633, -1
5, 1463, -1
944, 107, -1
275, 21, -1
5, 398, -1
924, 21, -1
107, 275, -1
1463, 1071, -1
4, 61, -1
61, 1071, -1
1, 275, -1
1194, 1468, -1
1008, 118, -1
358, 1214, -1
553, 379, -1
1258, 1214, -1
107, 1214, -1
1477, 1100, -1
800, 107, -1
154, 261, -1
1194, 421, -1
1477, 462, -1
738, 806, -1
1477, 1127, -1
421, 214, -1
1321, 214, -1
1194, 924, -1
738, 1071, -1
462, 1127, -1
1008, 1, -1
800, 866, -1
1032, 633, -1
1194, 951, -1
1, 5, -1
316, 1100, -1
1032, 462, -1
1032, 1127, -1
21, 118, -1
944, 1032, -1
553, 118, -1
1194, 1463, -1
1477, 839, -1
1194, 398, -1
738, 118, -1
944, 214, -1
1477, 866, -1
4, 806, -1
1, 553, -1
1144, 1071, -1
1235, 1100, -1
1477, 951, -1
316, 421, -1
61, 1214, -1
1032, 866, -1
1468, 911, -1
800, 214, -1
1008, 1146, -1
1, 1321, -1
1370, 107, -1
1451, 1334, -1
1464, 379, -1
316, 951, -1
1235, 1468, -1
154, 462, -1
61, 5, -1
1468, 358, -1
1258, 1451, -1
107, 1451, -1
421, 1071, -1
806, 1071, -1
951, 1071, -1
61, 261, -1
1235, 839, -1
1, 1451, -1
316, 1463, -1
1235, 421, -1
275, 379, -1
1468, 214, -1
316, 398, -1
1144, 1, -1
5, 118, -1
154, 107, -1
1477, 61, -1
1235, 924, -1
1100, 214, -1
1258, 4, -1
107, 4, -1
1258, 1334, -1
107, 1334, -1
1235, 951, -1
1464, 118, -1
1370, 358, -1
275, 738, -1
1321, 316, -1
154, 866, -1
1032, 61, -1
1334, 911, -1
1235, 1463, -1
553, 1258, -1
1, 107, -1
275, 118, -1
1235, 398, -1
1370, 214, -1
924, 118, -1
633, 738, -1
1008, 633, -1
1451, 1468, -1
379, 1334, -1
1451, 1477, -1
553, 1370, -1
1144, 5, -1
1008, 462, -1
1008, 1127, -1
944, 316, -1
1144, 261, -1
1258, 911, -1
107, 911, -1
118, 911, -1
944, 1008, -1
1, 911, -1
1477, 806, -1
1194, 118, -1
421, 1214, -1
553, 1235, -1
1451, 21, -1
1321, 1214, -1
866, 5, -1
154, 214, -1
1477, 1071, -1
800, 316, -1
21, 1100, -1
107, 358, -1
1, 358, -1
21, 462, -1
21, 1127, -1
1008, 866, -1
1032, 1071, -1
553, 462, -1
379, 1100, -1
1258, 462, -1
944, 738, -1
1, 214, -1
214, 358, -1
738, 462, -1
738, 1127, -1
1258, 924, -1
1464, 1258, -1
1477, 154, -1
21, 839, -1
1235, 806, -1
800, 1214, -1
1032, 316, -1
379, 1468, -1
1008, 358, -1
1477, 1, -1
275, 1258, -1
839, 1071, -1
1032, 154, -1
1464, 1370, -1
924, 1258, -1
1144, 633, -1
553, 866, -1
379, 421, -1
21, 951, -1
1477, 275, -1
1194, 1146, -1
1144, 4, -1
379, 924, -1
1464, 1235, -1
275, 1370, -1
1477, 1214, -1
1008, 61, -1
379, 951, -1
1032, 275, -1
5, 1100, -1
1235, 118, -1
61, 214, -1
1144, 107, -1
5, 462, -1
1100, 1214, -1
5, 1127, -1
379, 1463, -1
275, 1235, -1
1032, 1214, -1
1464, 462, -1
379, 398, -1
738, 358, -1
1144, 866, -1
866, 107, -1
154, 316, -1
1321, 4, -1
1194, 1370, -1
1321, 1334, -1
21, 61, -1
633, 1235, -1
275, 462, -1
5, 839, -1
924, 462, -1
738, 61, -1
633, 1100, -1
1032, 944, -1
866, 911, -1
1464, 866, -1
4, 358, -1
1032, 553, -1
806, 866, -1
1477, 1321, -1
944, 1334, -1
1144, 1032, -1
1194, 1100, -1
633, 1194, -1
1032, 800, -1
275, 1477, -1
398, 1071, -1
1451, 118, -1
1194, 462, -1
1194, 1127, -1
1144, 214, -1
154, 1214, -1
4, 214, -1
1032, 1321, -1
924, 866, -1
800, 4, -1
800, 1334, -1
633, 421, -1
1477, 1451, -1
21, 806, -1
1321, 1194, -1
866, 214, -1
398, 118, -1
154, 5, -1
1008, 316, -1
633, 21, -1
21, 1071, -1
633, 924, -1
1, 738, -1
1477, 633, -1
1194, 839, -1
1008, 154, -1
553, 1071, -1
633, 951, -1
1032, 1451, -1
5, 61, -1
1477, 4, -1
1194, 866, -1
806, 214, -1
1214, 951, -1
214, 1214, -1
633, 1463, -1
944, 1194, -1
1100, 1334, -1
633, 398, -1
1032, 4, -1
1008, 275, -1
924, 214, -1
1214, 1463, -1
1032, 1334, -1
316, 1127, -1
944, 1468, -1
944, 1477, -1
1008, 1214, -1
379, 118, -1
800, 1194, -1
738, 316, -1
800, 1032, -1
944, 21, -1
1477, 911, -1
316, 839, -1
21, 275, -1
1235, 462, -1
1451, 1258, -1
1235, 1127, -1
633, 214, -1
5, 806, -1
462, 911, -1
1194, 61, -1
5, 1071, -1
1032, 911, -1
1008, 944, -1
800, 21, -1
1477, 358, -1
738, 275, -1
553, 1214, -1
1144, 316, -1
1451, 1370, -1
154, 4, -1
1464, 1071, -1
1008, 553, -1
154, 1334, -1
1008, 800, -1
738, 1214, -1
1032, 358, -1
1370, 911, -1
1100, 1477, -1
1451, 1235, -1
553, 5, -1
1468, 421, -1
275, 1071, -1
1008, 1321, -1
924, 1071, -1
358, 1334, -1
553, 261, -1
633, 379, -1
1100, 21, -1
1032, 1144, -1
1468, 951, -1
1451, 462, -1
1194, 806, -1
316, 61, -1
1144, 1214, -1
214, 1334, -1
1008, 1451, -1
1468, 1463, -1
1194, 1071, -1
1464, 1, -1
924, 316, -1
5, 275, -1
1321, 379, -1
1468, 398, -1
1, 1235, -1
1370, 21, -1
5, 1214, -1
398, 462, -1
1008, 4, -1
1008, 1334, -1
1258, 1100, -1
107, 1100, -1
1334, 839, -1
1235, 61, -1
1, 1100, -1
1464, 1214, -1
1451, 866, -1
1321, 738, -1
806, 1214, -1
944, 379, -1
1194, 154, -1
1370, 398, -1
61, 1334, -1
214, 911, -1
1, 1194, -1
1334, 951, -1
738, 1451, -1
800, 1008, -1
924, 1214, -1
1464, 5, -1
107, 1468, -1
1258, 1468, -1
21, 4, -1
316, 806, -1
398, 866, -1
1464, 261, -1
800, 379, -1
1334, 1463, -1
1258, 839, -1
118, 839, -1
107, 839, -1
553, 4, -1
1258, 421, -1
107, 421, -1
1194, 275, -1
379, 462, -1
379, 1127, -1
1, 421, -1
1477, 316, -1
1008, 911, -1
275, 5, -1
738, 4, -1
924, 5, -1
738, 1334, -1
107, 924, -1
275, 261, -1
944, 118, -1
1, 21, -1
1, 924, -1
553, 107, -1
924, 261, -1
1194, 1214, -1
1258, 951, -1
107, 951, -1
118, 951, -1
1235, 1451, -1
800, 738, -1
214, 421, -1
1, 951, -1
1235, 1071, -1
1258, 1463, -1
107, 1463, -1
118, 1463, -1
379, 839, -1
1, 1463, -1
1258, 398, -1
107, 398, -1
398, 214, -1
1, 398, -1
1144, 1334, -1
5, 1451, -1
633, 1258, -1
1008, 1144, -1
1194, 944, -1
214, 1463, -1
1008, 924, -1
738, 911, -1
61, 1477, -1
21, 358, -1
214, 398, -1
1235, 316, -1
1194, 553, -1
1194, 800, -1
1370, 379, -1
5, 4, -1
1464, 633, -1
1100, 118, -1
61, 21, -1
1321, 1258, -1
1464, 4, -1
553, 214, -1
1194, 1321, -1
806, 1334, -1
421, 1334, -1
1370, 738, -1
4, 911, -1
1451, 1071, -1
1321, 1370, -1
1464, 107, -1
1477, 553, -1
275, 4, -1
924, 4, -1
379, 61, -1
944, 1258, -1
1235, 1214, -1
1194, 1451, -1
1144, 1194, -1
633, 1127, -1
1321, 1235, -1
275, 107, -1
5, 911, -1
1144, 1468, -1
1214, 1127, -1
1258, 806, -1
107, 806, -1
154, 738, -1
944, 1370, -1
800, 1258, -1
1194, 4, -1
1, 379, -1
275, 866, -1
1258, 1071, -1
5, 358, -1
1321, 462, -1
633, 839, -1
1144, 21, -1
944, 1235, -1
800, 1370, -1
1214, 839, -1
1464, 1032, -1
1321, 1468, -1
866, 21, -1
358, 118, -1
379, 806, -1
1321, 1477, -1
1464, 214, -1
107, 118, -1
1258, 118, -1
1477, 1334, -1
800, 1235, -1
944, 462, -1
379, 1071, -1
4, 398, -1
1194, 911, -1
1321, 21, -1
275, 214, -1
214, 118, -1
21, 316, -1
866, 1463, -1
1100, 1370, -1
553, 316, -1
800, 462, -1
1451, 5, -1
1032, 1370, -1
911, 1071, -1
1258, 275, -1
398, 1214, -1
1194, 358, -1
1451, 261, -1
1334, 261, -1
1100, 1235, -1
379, 154, -1
1214, 61, -1
398, 5, -1
839, 1334, -1
1463, 118, -1
1258, 1146, -1
107, 1146, -1
118, 261, -1
1, 1146, -1
911, 1, -1
1370, 1100, -1
214, 1146, -1
358, 1258, -1
118, 1258, -1
462, 421, -1
21, 944, -1
21, 553, -1
1214, 806, -1
379, 944, -1
316, 1144, -1
806, 1008, -1
1370, 1477, -1
379, 553, -1
806, 379, -1
911, 5, -1
379, 800, -1
911, 261, -1
1451, 107, -1
1334, 107, -1
398, 4, -1
379, 1321, -1
107, 633, -1
1235, 1144, -1
806, 738, -1
951, 738, -1
1463, 1258, -1
924, 738, -1
1463, 1370, -1
118, 107, -1
379, 633, -1
1334, 358, -1
1258, 866, -1
1463, 1235, -1
107, 866, -1
4, 1146, -1
21, 1464, -1
738, 1370, -1
911, 633, -1
633, 261, -1
1334, 1144, -1
1463, 462, -1
1334, 61, -1
1214, 5, -1
462, 806, -1
911, 4, -1
866, 1146, -1
633, 944, -1
738, 1464, -1
4, 1258, -1
1214, 261, -1
118, 358, -1
1214, 944, -1
633, 800, -1
911, 107, -1
1214, 553, -1
1127, 5, -1
118, 61, -1
911, 866, -1
1463, 866, -1
1127, 261, -1
806, 1258, -1
1214, 1321, -1
1468, 154, -1
806, 1370, -1
951, 1370, -1
5, 1464, -1
379, 1144, -1
1468, 275, -1
866, 1100, -1
806, 1235, -1
951, 1235, -1
1370, 154, -1
911, 214, -1
839, 118, -1
4, 1477, -1
924, 1235, -1
1468, 5, -1
1370, 275, -1
866, 1477, -1
1468, 261, -1
951, 1194, -1
1468, 944, -1
806, 1468, -1
951, 1468, -1
806, 1477, -1
275, 1194, -1
951, 1477, -1
358, 316, -1
924, 1194, -1
1258, 154, -1
118, 154, -1
107, 154, -1
951, 21, -1
1370, 261, -1
1468, 1321, -1
633, 1032, -1
1214, 358, -1
214, 154, -1
118, 275, -1
633, 1144, -1
1468, 1451, -1
1334, 944, -1
316, 1464, -1
866, 61, -1
1334, 553, -1
1334, 800, -1
911, 316, -1
358, 5, -1
118, 5, -1
1235, 1370, -1
1100, 4, -1
358, 261, -1
1334, 1321, -1
1127, 214, -1
1, 261, -1
1258, 944, -1
107, 944, -1
118, 944, -1
1235, 1464, -1
1, 944, -1
1258, 553, -1
107, 553, -1
118, 553, -1
1258, 800, -1
107, 800, -1
1, 800, -1
316, 1477, -1
1334, 1451, -1
911, 1214, -1
1463, 1214, -1
1258, 1321, -1
866, 806, -1
107, 1321, -1
839, 462, -1
118, 1321, -1
316, 21, -1
951, 379, -1
1463, 5, -1
214, 1321, -1
275, 1008, -1
462, 358, -1
1463, 261, -1
118, 1451, -1
21, 1146, -1
924, 379, -1
633, 1008, -1
1334, 1464, -1
358, 4, -1
1468, 1144, -1
866, 154, -1
738, 1146, -1
951, 118, -1
421, 316, -1
358, 107, -1
398, 1235, -1
866, 275, -1
1334, 1194, -1
1258, 1464, -1
806, 1, -1
21, 1370, -1
1370, 1144, -1
1370, 61, -1
1334, 1032, -1
4, 5, -1
4, 261, -1
379, 1370, -1
214, 866, -1
1334, 21, -1
398, 1468, -1
1463, 4, -1
1334, 924, -1
911, 1334, -1
379, 1464, -1
398, 1477, -1
61, 4, -1
866, 261, -1
5, 1146, -1
1127, 1214, -1
1, 1032, -1
806, 5, -1
421, 5, -1
1463, 107, -1
398, 21, -1
806, 261, -1
421, 261, -1
61, 107, -1
951, 261, -1
866, 800, -1
1334, 398, -1
1258, 1144, -1
107, 1144, -1
1, 1144, -1
951, 1258, -1
866, 1321, -1
1100, 316, -1
5, 1370, -1
911, 1194, -1
738, 866, -1
866, 1451, -1
911, 1468, -1
1463, 214, -1
911, 21, -1
806, 633, -1
951, 462, -1
1334, 1008, -1
633, 1464, -1
1451, 379, -1
1477, 944, -1
1334, 379, -1
462, 944, -1
806, 107, -1
316, 1146, -1
951, 107, -1
1127, 1334, -1
1477, 800, -1
5, 866, -1
1468, 553, -1
462, 553, -1
398, 379, -1
1334, 738, -1
951, 866, -1
1, 1008, -1
316, 1258, -1
462, 1321, -1
1370, 944, -1
1235, 1146, -1
633, 1477, -1
866, 358, -1
4, 1144, -1
1370, 553, -1
1370, 800, -1
1214, 1477, -1
358, 738, -1
118, 738, -1
1214, 421, -1
1321, 1032, -1
866, 1144, -1
1370, 1321, -1
1214, 21, -1
951, 214, -1
1463, 316, -1
61, 316, -1
1370, 1451, -1
911, 379, -1
1214, 398, -1
21, 154, -1
1127, 21, -1
1468, 1464, -1
1334, 1146, -1
214, 944, -1
738, 154, -1
911, 738, -1
1463, 738, -1
214, 553, -1
379, 1, -1
1334, 1258, -1
911, 118, -1
398, 261, -1
1370, 1464, -1
1468, 1477, -1
1235, 866, -1
1477, 1144, -1
1334, 1235, -1
1468, 21, -1
5, 154, -1
379, 1146, -1
806, 316, -1
951, 316, -1
1334, 1100, -1
107, 1370, -1
1258, 1370, -1
738, 944, -1
1321, 1008, -1
738, 553, -1
358, 1235, -1
107, 1464, -1
21, 1321, -1
118, 1235, -1
738, 800, -1
1, 1464, -1
462, 398, -1
1370, 924, -1
839, 214, -1
1334, 1477, -1
275, 1, -1
738, 1321, -1
118, 1100, -1
214, 1464, -1
1334, 421, -1
911, 1258, -1
4, 944, -1
951, 1214, -1
398, 107, -1
4, 553, -1
1463, 1334, -1
866, 944, -1
358, 1468, -1
911, 1370, -1
358, 1477, -1
5, 944, -1
1194, 1, -1
951, 5, -1
118, 1477, -1
1, 1477, -1
1127, 118, -1
4, 1321, -1
866, 553, -1
5, 553, -1
118, 421, -1
911, 1235, -1
358, 21, -1
118, 21, -1
118, 924, -1
5, 1321, -1
21, 866, -1
633, 1146, -1
911, 462, -1
118, 398, -1
1463, 1194, -1
379, 866, -1
1463, 1468, -1
911, 1477, -1
1463, 1477, -1
61, 1468, -1
553, 1032, -1
1235, 154, -1
1463, 21, -1
4, 1464, -1
806, 4, -1
951, 4, -1
951, 1334, -1
275, 633, -1
1334, 806, -1
866, 1464, -1
1235, 275, -1
316, 5, -1
738, 1144, -1
316, 261, -1
839, 1214, -1
316, 944, -1
1214, 1100, -1
421, 1235, -1
924, 107, -1
1194, 633, -1
316, 553, -1
358, 379, -1
118, 806, -1
118, 379, -1
1334, 154, -1
316, 1321, -1
4, 21, -1
1468, 1146, -1
1235, 944, -1
806, 1194, -1
398, 316, -1
866, 421, -1
1235, 553, -1
1127, 462, -1
806, 1032, -1
421, 1477, -1
866, 924, -1
1334, 275, -1
1468, 1258, -1
1100, 1258, -1
275, 1032, -1
1235, 1321, -1
1370, 1146, -1
1127, 1477, -1
421, 21, -1
806, 21, -1
107, 1, -1
1463, 379, -1
866, 398, -1
61, 379, -1
1477, 1464, -1
1334, 5, -1
553, 1008, -1
1214, 154, -1
316, 154, -1
462, 154, -1
4, 154, -1

