413, 524, 1
1176, 524, 1
1176, 413, 1
763, 524, 1
763, 413, 1
763, 1176, 1
1290, 38, 1
461, 38, 1
461, 1290, 1
1290, 461, 1
524, 413, 1
1176, 763, 1
38, 524, -1
38, 413, -1
38, 1176, -1
763, 38, -1
1290, 524, -1
1290, 413, -1
1290, 1176, -1
1290, 763, -1
323, 524, -1
323, 413, -1
323, 1176, -1
323, 763, -1
323, 38, -1
323, 1290, -1
461, 524, -1
461, 413, -1
461, 1176, -1
461, 763, -1
461, 323, -1
1176, 1290, -1
524, 461, -1
323, 461, -1
1290, 323, -1
524, 38, -1
413, 38, -1
1176, 38, -1
1176, 323, -1
763, 461, -1
1176, 461, -1

188, 524, 1
188, 413, 1
188, 1176, 1
188, 763, 1
1, 38, 1
1, 1290, 1
1, 461, 1
4, 38, 1
4, 1290, 1
4, 461, 1
4, 1, 1
213, 524, 1
213, 413, 1
213, 1176, 1
213, 763, 1
213, 188, 1
7, 323, 1
524, 413, 1
524, 188, 1
1176, 763, 1
524, 213, 1
1290, 38, 1
188, 213, 1
763, 524, 1
1176, 213, 1
461, 38, 1
1, 4, 1
1176, 524, 1
1290, 461, 1
1176, 188, 1
1290, 4, 1
763, 413, 1
1176, 413, 1
763, 188, 1
763, 213, 1
188, 38, -1
188, 1290, -1
188, 461, -1
188, 323, -1
1, 524, -1
1, 413, -1
1, 1176, -1
1, 763, -1
1, 188, -1
1, 323, -1
4, 524, -1
4, 413, -1
4, 1176, -1
4, 763, -1
4, 188, -1
4, 323, -1
213, 38, -1
213, 1290, -1
213, 461, -1
213, 1, -1
213, 4, -1
213, 323, -1
7, 524, -1
7, 413, -1
7, 1176, -1
7, 763, -1
7, 188, -1
7, 213, -1
7, 38, -1
7, 1290, -1
7, 461, -1
7, 1, -1
7, 4, -1
1290, 524, -1
1176, 1, -1
1176, 4, -1
188, 4, -1
461, 7, -1
1176, 7, -1
188, 7, -1
1290, 188, -1
323, 213, -1
524, 38, -1
323, 524, -1
4, 213, -1
461, 763, -1
1176, 461, -1
38, 7, -1
323, 188, -1
524, 4, -1
524, 7, -1
1290, 413, -1
1, 213, -1
1290, 7, -1
323, 38, -1
1176, 323, -1
323, 413, -1
1176, 1290, -1
461, 213, -1
524, 461, -1
461, 524, -1
323, 4, -1
763, 38, -1
413, 38, -1
1290, 763, -1
461, 188, -1
4, 7, -1
763, 7, -1
213, 7, -1
763, 4, -1
323, 461, -1
413, 7, -1
323, 763, -1
1290, 323, -1
461, 1176, -1
1, 7, -1
1176, 38, -1
1290, 213, -1
461, 413, -1
763, 461, -1
38, 413, -1

1212, 524, 1
1212, 413, 1
1212, 1176, 1
1212, 763, 1
1212, 188, 1
1212, 213, 1
22, 524, 1
22, 413, 1
22, 1176, 1
22, 763, 1
22, 188, 1
22, 213, 1
22, 1212, 1
18, 323, 1
18, 7, 1
991, 524, 1
991, 413, 1
991, 1176, 1
991, 763, 1
991, 188, 1
991, 213, 1
991, 1212, 1
991, 22, 1
674, 524, 1
674, 413, 1
674, 1176, 1
674, 763, 1
674, 188, 1
674, 213, 1
674, 1212, 1
674, 22, 1
674, 991, 1
28, 38, 1
28, 1290, 1
28, 461, 1
28, 1, 1
28, 4, 1
461, 4, 1
1, 461, 1
1176, 1212, 1
188, 1212, 1
188, 22, 1
1176, 22, 1
1212, 991, 1
213, 991, 1
763, 213, 1
188, 763, 1
763, 991, 1
524, 413, 1
413, 991, 1
1176, 763, 1
213, 524, 1
1290, 38, 1
763, 524, 1
1, 1290, 1
524, 22, 1
1176, 674, 1
1290, 4, 1
763, 188, 1
1176, 991, 1
188, 991, 1
1176, 213, 1
188, 213, 1
4, 38, 1
188, 524, 1
323, 7, 1
1176, 524, 1
1290, 461, 1
213, 413, 1
763, 413, 1
1176, 188, 1
1, 38, 1
524, 213, 1
524, 991, 1
22, 991, 1
763, 1212, 1
213, 22, 1
461, 38, 1
763, 22, 1
413, 22, 1
1212, 22, 1
1, 4, 1
4, 461, 1
1176, 413, 1
188, 413, 1
1, 28, 1
524, 188, 1
213, 1212, 1
1290, 28, 1
524, 1212, 1
4, 28, 1
213, 674, 1
213, 188, 1
213, 763, 1
461, 28, 1
1212, 38, -1
1212, 1290, -1
1212, 461, -1
1212, 1, -1
1212, 4, -1
1212, 323, -1
1212, 7, -1
22, 38, -1
22, 1290, -1
22, 461, -1
22, 1, -1
22, 4, -1
22, 323, -1
22, 7, -1
18, 524, -1
18, 413, -1
18, 1176, -1
18, 763, -1
18, 188, -1
18, 213, -1
18, 1212, -1
18, 22, -1
18, 38, -1
18, 1290, -1
18, 461, -1
18, 1, -1
18, 4, -1
991, 38, -1
991, 1290, -1
991, 461, -1
991, 1, -1
991, 4, -1
991, 323, -1
991, 7, -1
991, 18, -1
674, 38, -1
674, 1290, -1
674, 461, -1
674, 1, -1
674, 4, -1
674, 323, -1
674, 7, -1
674, 18, -1
28, 524, -1
28, 413, -1
28, 1176, -1
28, 763, -1
28, 188, -1
28, 213, -1
28, 1212, -1
28, 22, -1
28, 991, -1
28, 674, -1
28, 323, -1
28, 7, -1
28, 18, -1
188, 4, -1
1176, 7, -1
461, 22, -1
188, 461, -1
38, 7, -1
1, 991, -1
18, 28, -1
1176, 18, -1
461, 991, -1
323, 413, -1
323, 4, -1
763, 38, -1
7, 213, -1
763, 4, -1
323, 461, -1
323, 763, -1
1290, 323, -1
7, 524, -1
1, 1212, -1
763, 461, -1
1176, 4, -1
323, 991, -1
1290, 188, -1
1176, 461, -1
524, 7, -1
1, 323, -1
1, 213, -1
1, 524, -1
323, 38, -1
1290, 1212, -1
188, 323, -1
38, 763, -1
188, 1290, -1
461, 524, -1
1, 188, -1
18, 674, -1
38, 674, -1
4, 413, -1
323, 22, -1
213, 7, -1
413, 7, -1
4, 22, -1
1212, 28, -1
1, 7, -1
1176, 38, -1
1290, 213, -1
1176, 1, -1
1290, 524, -1
323, 1290, -1
188, 28, -1
38, 413, -1
4, 991, -1
1, 674, -1
323, 188, -1
1, 18, -1
524, 4, -1
38, 22, -1
674, 28, -1
1290, 7, -1
1176, 323, -1
1176, 1290, -1
461, 213, -1
213, 38, -1
323, 1212, -1
323, 28, -1
38, 991, -1
213, 4, -1
763, 7, -1
763, 28, -1
213, 461, -1
461, 7, -1
188, 7, -1
323, 213, -1
1, 763, -1
38, 1176, -1
524, 38, -1
323, 524, -1
1176, 28, -1
4, 213, -1
7, 413, -1
38, 1212, -1
4, 524, -1
1290, 413, -1
7, 22, -1
1290, 22, -1
524, 461, -1
413, 38, -1
1290, 763, -1
4, 7, -1
38, 213, -1
18, 991, -1
7, 991, -1
38, 524, -1
1, 413, -1
188, 38, -1
1290, 991, -1
461, 413, -1
38, 188, -1
1, 22, -1
7, 763, -1
4, 1212, -1
461, 1212, -1
1290, 18, -1
461, 1176, -1
213, 28, -1
461, 674, -1
213, 18, -1
524, 28, -1
4, 188, -1
461, 188, -1
213, 323, -1
461, 763, -1
213, 1, -1
213, 1290, -1

847, 524, 1
847, 413, 1
847, 1176, 1
847, 763, 1
847, 188, 1
847, 213, 1
847, 1212, 1
847, 22, 1
847, 991, 1
847, 674, 1
612, 38, 1
612, 1290, 1
612, 461, 1
612, 1, 1
612, 4, 1
612, 28, 1
177, 323, 1
177, 7, 1
177, 18, 1
1249, 323, 1
1249, 7, 1
1249, 18, 1
1249, 177, 1
1238, 524, 1
1238, 413, 1
1238, 1176, 1
1238, 763, 1
1238, 188, 1
1238, 213, 1
1238, 1212, 1
1238, 22, 1
1238, 991, 1
1238, 674, 1
1238, 847, 1
461, 4, 1
524, 847, 1
188, 22, 1
674, 413, 1
1212, 991, 1
18, 1249, 1
1212, 1238, 1
991, 763, 1
1290, 38, 1
1, 1290, 1
1212, 847, 1
1176, 674, 1
674, 763, 1
188, 991, 1
188, 1238, 1
674, 991, 1
763, 413, 1
188, 847, 1
18, 323, 1
674, 1238, 1
524, 213, 1
763, 22, 1
1212, 22, 1
674, 847, 1
1176, 413, 1
1, 28, 1
991, 413, 1
991, 22, 1
763, 991, 1
1176, 763, 1
18, 7, 1
763, 1238, 1
674, 22, 1
1212, 188, 1
763, 847, 1
323, 1249, 1
1176, 991, 1
1290, 28, 1
4, 38, 1
188, 524, 1
1176, 1238, 1
991, 1238, 1
1176, 847, 1
28, 4, 1
991, 847, 1
323, 177, 1
674, 188, 1
28, 461, 1
4, 461, 1
188, 1212, 1
461, 28, 1
1176, 22, 1
763, 213, 1
1212, 213, 1
674, 1212, 1
763, 524, 1
1212, 524, 1
763, 188, 1
188, 213, 1
28, 38, 1
991, 524, 1
213, 413, 1
1176, 188, 1
674, 213, 1
991, 188, 1
524, 1238, 1
22, 991, 1
674, 524, 1
763, 1212, 1
213, 22, 1
4, 28, 1
1, 4, 1
413, 22, 1
22, 1238, 1
177, 1249, 1
22, 847, 1
1, 461, 1
1176, 1212, 1
991, 1212, 1
213, 991, 1
524, 413, 1
413, 991, 1
213, 1238, 1
413, 1238, 1
524, 22, 1
1290, 4, 1
213, 847, 1
413, 847, 1
1176, 213, 1
18, 177, 1
991, 213, 1
323, 7, 1
1176, 524, 1
1290, 461, 1
1212, 413, 1
1, 38, 1
524, 991, 1
461, 38, 1
188, 413, 1
524, 188, 1
213, 524, 1
213, 1212, 1
847, 1238, 1
22, 413, 1
524, 1212, 1
1, 612, 1
1290, 612, 1
213, 674, 1
1212, 763, 1
213, 188, 1
213, 763, 1
4, 612, 1
188, 763, 1
28, 612, 1
847, 38, -1
847, 1290, -1
847, 461, -1
847, 1, -1
847, 4, -1
847, 28, -1
847, 323, -1
847, 7, -1
847, 18, -1
612, 524, -1
612, 413, -1
612, 1176, -1
612, 763, -1
612, 188, -1
612, 213, -1
612, 1212, -1
612, 22, -1
612, 991, -1
612, 674, -1
612, 847, -1
612, 323, -1
612, 7, -1
612, 18, -1
177, 524, -1
177, 413, -1
177, 1176, -1
177, 763, -1
177, 188, -1
177, 213, -1
177, 1212, -1
177, 22, -1
177, 991, -1
177, 674, -1
177, 847, -1
177, 38, -1
177, 1290, -1
177, 461, -1
177, 1, -1
177, 4, -1
177, 28, -1
177, 612, -1
1249, 524, -1
1249, 413, -1
1249, 1176, -1
1249, 763, -1
1249, 188, -1
1249, 213, -1
1249, 1212, -1
1249, 22, -1
1249, 991, -1
1249, 674, -1
1249, 847, -1
1249, 38, -1
1249, 1290, -1
1249, 461, -1
1249, 1, -1
1249, 4, -1
1249, 28, -1
1249, 612, -1
1238, 38, -1
1238, 1290, -1
1238, 461, -1
1238, 1, -1
1238, 4, -1
1238, 28, -1
1238, 612, -1
1238, 323, -1
1238, 7, -1
1238, 18, -1
1238, 177, -1
1238, 1249, -1
188, 4, -1
1176, 7, -1
461, 22, -1
1290, 847, -1
991, 7, -1
674, 4, -1
524, 1249, -1
28, 213, -1
38, 7, -1
188, 461, -1
18, 1, -1
323, 612, -1
18, 1212, -1
1290, 1249, -1
28, 524, -1
1, 991, -1
18, 28, -1
674, 461, -1
1176, 18, -1
763, 612, -1
461, 991, -1
323, 413, -1
461, 1238, -1
323, 4, -1
763, 38, -1
1212, 38, -1
1212, 1249, -1
461, 847, -1
1176, 612, -1
18, 213, -1
28, 7, -1
7, 213, -1
991, 612, -1
763, 4, -1
323, 461, -1
612, 1238, -1
323, 763, -1
18, 524, -1
7, 524, -1
1290, 323, -1
1, 1212, -1
991, 38, -1
188, 1249, -1
763, 461, -1
18, 188, -1
1176, 4, -1
323, 991, -1
991, 4, -1
1290, 188, -1
674, 38, -1
323, 1238, -1
674, 1249, -1
1212, 1290, -1
1176, 461, -1
323, 847, -1
991, 461, -1
524, 7, -1
1, 323, -1
1, 213, -1
22, 7, -1
1, 524, -1
323, 38, -1
1290, 1212, -1
38, 763, -1
188, 1290, -1
461, 524, -1
323, 1, -1
1, 188, -1
612, 177, -1
674, 323, -1
38, 674, -1
4, 413, -1
763, 1249, -1
674, 1290, -1
323, 22, -1
38, 1238, -1
213, 7, -1
413, 7, -1
4, 22, -1
1212, 28, -1
1, 7, -1
38, 847, -1
1176, 38, -1
1290, 213, -1
1290, 524, -1
1176, 1, -1
188, 28, -1
38, 413, -1
4, 991, -1
1, 674, -1
612, 1249, -1
1, 18, -1
4, 1238, -1
18, 4, -1
323, 188, -1
28, 1238, -1
1176, 177, -1
38, 22, -1
674, 28, -1
28, 847, -1
4, 847, -1
1290, 7, -1
18, 461, -1
1176, 323, -1
18, 763, -1
991, 323, -1
1176, 1290, -1
461, 213, -1
177, 1238, -1
213, 38, -1
323, 1212, -1
4, 1249, -1
28, 413, -1
323, 28, -1
38, 991, -1
763, 7, -1
1212, 7, -1
18, 1238, -1
7, 1238, -1
1290, 18, -1
28, 22, -1
763, 28, -1
7, 847, -1
18, 847, -1
213, 461, -1
1176, 1249, -1
18, 612, -1
461, 7, -1
188, 7, -1
323, 213, -1
1, 763, -1
38, 1176, -1
18, 38, -1
524, 38, -1
323, 524, -1
1176, 28, -1
4, 213, -1
22, 38, -1
991, 28, -1
18, 413, -1
7, 413, -1
1290, 1238, -1
674, 7, -1
38, 1212, -1
4, 524, -1
28, 991, -1
1290, 413, -1
1, 1238, -1
18, 22, -1
7, 22, -1
1212, 612, -1
1249, 1238, -1
1290, 22, -1
524, 461, -1
1, 847, -1
674, 18, -1
413, 38, -1
1290, 763, -1
28, 1249, -1
4, 7, -1
38, 213, -1
1212, 4, -1
188, 612, -1
18, 1290, -1
7, 991, -1
18, 991, -1
38, 524, -1
1, 413, -1
188, 38, -1
1290, 991, -1
674, 612, -1
461, 413, -1
1212, 461, -1
38, 188, -1
1, 22, -1
524, 612, -1
213, 177, -1
323, 1290, -1
461, 1212, -1
1, 177, -1
1212, 323, -1
213, 323, -1
213, 18, -1
461, 763, -1
213, 1290, -1
524, 4, -1
461, 674, -1
4, 188, -1
524, 28, -1
213, 612, -1
28, 188, -1
188, 323, -1
991, 18, -1
7, 763, -1
674, 177, -1
18, 674, -1
213, 1249, -1
461, 188, -1
213, 1, -1
1290, 177, -1
213, 4, -1
28, 1212, -1
4, 1212, -1
1, 1249, -1
461, 1176, -1
213, 28, -1
18, 1176, -1
461, 1249, -1

619, 38, 1
619, 1290, 1
619, 461, 1
619, 1, 1
619, 4, 1
619, 28, 1
619, 612, 1
826, 524, 1
826, 413, 1
826, 1176, 1
826, 763, 1
826, 188, 1
826, 213, 1
826, 1212, 1
826, 22, 1
826, 991, 1
826, 674, 1
826, 847, 1
826, 1238, 1
382, 524, 1
382, 413, 1
382, 1176, 1
382, 763, 1
382, 188, 1
382, 213, 1
382, 1212, 1
382, 22, 1
382, 991, 1
382, 674, 1
382, 847, 1
382, 1238, 1
382, 826, 1
524, 847, 1
1238, 382, 1
188, 22, 1
674, 413, 1
1176, 382, 1
1212, 991, 1
1212, 1238, 1
1290, 38, 1
612, 4, 1
1, 1290, 1
1176, 674, 1
1212, 847, 1
674, 763, 1
612, 461, 1
188, 991, 1
188, 1238, 1
763, 413, 1
674, 991, 1
188, 847, 1
674, 1238, 1
524, 213, 1
213, 382, 1
763, 22, 1
413, 382, 1
1212, 22, 1
1238, 413, 1
674, 847, 1
1176, 413, 1
1, 28, 1
674, 1176, 1
991, 22, 1
612, 38, 1
763, 991, 1
1176, 763, 1
763, 1238, 1
826, 382, 1
674, 22, 1
1212, 188, 1
524, 382, 1
1238, 991, 1
763, 847, 1
1176, 991, 1
1176, 1238, 1
4, 38, 1
1290, 28, 1
188, 524, 1
1238, 847, 1
1176, 847, 1
28, 4, 1
991, 847, 1
674, 826, 1
674, 188, 1
28, 461, 1
4, 461, 1
188, 1212, 1
1238, 22, 1
188, 382, 1
1176, 22, 1
763, 213, 1
1212, 213, 1
674, 1212, 1
763, 524, 1
1212, 524, 1
612, 28, 1
763, 188, 1
188, 213, 1
1176, 826, 1
28, 38, 1
213, 413, 1
1176, 188, 1
674, 213, 1
847, 22, 1
524, 1238, 1
22, 991, 1
674, 524, 1
763, 1212, 1
4, 28, 1
213, 22, 1
1, 4, 1
413, 22, 1
1212, 382, 1
763, 382, 1
22, 847, 1
1, 461, 1
1176, 1212, 1
1290, 612, 1
847, 991, 1
213, 991, 1
413, 991, 1
524, 413, 1
213, 1238, 1
413, 1238, 1
674, 382, 1
524, 22, 1
1290, 4, 1
213, 847, 1
413, 847, 1
1238, 213, 1
1176, 213, 1
1, 612, 1
1176, 524, 1
1290, 461, 1
1212, 413, 1
1, 38, 1
524, 991, 1
461, 38, 1
188, 413, 1
524, 188, 1
461, 4, 1
991, 413, 1
991, 1212, 1
213, 674, 1
461, 28, 1
991, 382, 1
188, 763, 1
847, 1238, 1
612, 1, 1
991, 763, 1
213, 524, 1
1, 619, 1
1212, 826, 1
524, 1212, 1
213, 826, 1
763, 826, 1
213, 188, 1
4, 612, 1
22, 382, 1
28, 612, 1
991, 213, 1
991, 1238, 1
991, 524, 1
188, 826, 1
991, 826, 1
612, 619, 1
991, 188, 1
612, 1290, 1
847, 382, 1
213, 1212, 1
1290, 619, 1
22, 1238, 1
213, 763, 1
1212, 763, 1
22, 413, 1
524, 826, 1
619, 524, -1
619, 413, -1
619, 1176, -1
619, 763, -1
619, 188, -1
619, 213, -1
619, 1212, -1
619, 22, -1
619, 991, -1
619, 674, -1
619, 847, -1
619, 1238, -1
619, 323, -1
619, 7, -1
619, 18, -1
619, 177, -1
619, 1249, -1
813, 524, -1
813, 413, -1
813, 1176, -1
813, 763, -1
813, 188, -1
813, 213, -1
813, 1212, -1
813, 22, -1
813, 991, -1
813, 674, -1
813, 847, -1
813, 1238, -1
813, 38, -1
813, 1290, -1
813, 461, -1
813, 1, -1
813, 4, -1
813, 28, -1
813, 612, -1
813, 619, -1
813, 323, -1
813, 7, -1
813, 18, -1
813, 177, -1
813, 1249, -1
826, 38, -1
826, 1290, -1
826, 461, -1
826, 1, -1
826, 4, -1
826, 28, -1
826, 612, -1
826, 619, -1
826, 323, -1
826, 7, -1
826, 18, -1
826, 177, -1
826, 1249, -1
826, 813, -1
382, 38, -1
382, 1290, -1
382, 461, -1
382, 1, -1
382, 4, -1
382, 28, -1
382, 612, -1
382, 619, -1
382, 323, -1
382, 7, -1
382, 18, -1
382, 177, -1
382, 1249, -1
382, 813, -1
1238, 7, -1
188, 4, -1
1176, 7, -1
177, 1212, -1
461, 22, -1
1290, 847, -1
991, 7, -1
177, 382, -1
177, 28, -1
612, 413, -1
674, 4, -1
28, 213, -1
188, 461, -1
38, 7, -1
323, 612, -1
18, 1212, -1
28, 524, -1
38, 382, -1
1, 991, -1
18, 28, -1
524, 28, -1
1, 826, -1
674, 461, -1
1176, 18, -1
1249, 1290, -1
763, 612, -1
461, 991, -1
323, 413, -1
461, 1238, -1
177, 213, -1
1249, 826, -1
612, 763, -1
763, 813, -1
323, 4, -1
1212, 813, -1
763, 38, -1
1212, 38, -1
1249, 188, -1
461, 847, -1
847, 7, -1
1176, 612, -1
18, 213, -1
28, 7, -1
763, 4, -1
323, 461, -1
612, 991, -1
323, 763, -1
612, 1238, -1
18, 524, -1
1290, 323, -1
28, 382, -1
1, 1212, -1
4, 763, -1
763, 461, -1
1290, 826, -1
18, 188, -1
612, 847, -1
1249, 1212, -1
1176, 4, -1
323, 991, -1
1249, 382, -1
674, 813, -1
1290, 188, -1
323, 1238, -1
1249, 28, -1
674, 38, -1
813, 382, -1
674, 1249, -1
612, 813, -1
1238, 461, -1
674, 1, -1
177, 763, -1
1176, 461, -1
323, 847, -1
524, 7, -1
1, 323, -1
1, 213, -1
22, 7, -1
18, 382, -1
177, 674, -1
612, 22, -1
1, 524, -1
323, 38, -1
38, 763, -1
1290, 1212, -1
1249, 213, -1
1176, 619, -1
1290, 382, -1
674, 177, -1
4, 813, -1
1249, 524, -1
1, 188, -1
674, 323, -1
38, 674, -1
4, 413, -1
674, 1290, -1
323, 22, -1
177, 612, -1
38, 1238, -1
213, 7, -1
413, 7, -1
4, 22, -1
1238, 813, -1
1238, 38, -1
1212, 461, -1
177, 38, -1
1212, 28, -1
1, 7, -1
1176, 813, -1
38, 847, -1
1176, 38, -1
1290, 213, -1
619, 813, -1
177, 413, -1
612, 188, -1
28, 763, -1
1, 382, -1
1176, 1, -1
1290, 524, -1
177, 4, -1
461, 382, -1
177, 22, -1
188, 28, -1
38, 413, -1
4, 991, -1
1, 674, -1
177, 461, -1
18, 4, -1
1, 18, -1
4, 1238, -1
524, 4, -1
28, 1238, -1
323, 188, -1
1176, 177, -1
612, 1212, -1
1249, 674, -1
38, 22, -1
674, 28, -1
28, 847, -1
4, 847, -1
1290, 7, -1
1176, 323, -1
18, 461, -1
18, 763, -1
177, 991, -1
1176, 1290, -1
461, 213, -1
213, 813, -1
177, 1238, -1
213, 38, -1
28, 813, -1
323, 1212, -1
1249, 612, -1
28, 413, -1
323, 28, -1
177, 847, -1
38, 991, -1
763, 7, -1
1212, 7, -1
18, 1238, -1
38, 826, -1
1290, 674, -1
612, 213, -1
1290, 18, -1
28, 22, -1
612, 524, -1
1249, 413, -1
763, 28, -1
18, 847, -1
213, 461, -1
1249, 4, -1
1176, 1249, -1
177, 1, -1
18, 612, -1
461, 7, -1
1249, 22, -1
188, 7, -1
323, 213, -1
1, 763, -1
38, 1176, -1
18, 38, -1
524, 813, -1
524, 38, -1
619, 382, -1
323, 524, -1
1176, 28, -1
1249, 461, -1
4, 213, -1
461, 763, -1
1249, 763, -1
1290, 1238, -1
18, 413, -1
1290, 813, -1
674, 7, -1
28, 991, -1
4, 524, -1
38, 1212, -1
612, 7, -1
1290, 413, -1
1, 1238, -1
18, 22, -1
1212, 612, -1
1249, 991, -1
612, 382, -1
1290, 22, -1
1249, 1238, -1
177, 1290, -1
1, 847, -1
524, 461, -1
177, 524, -1
177, 826, -1
674, 619, -1
674, 18, -1
1249, 847, -1
1290, 763, -1
413, 38, -1
177, 188, -1
1, 813, -1
4, 7, -1
38, 213, -1
1212, 4, -1
323, 382, -1
188, 612, -1
18, 991, -1
38, 524, -1
461, 813, -1
4, 382, -1
1, 413, -1
18, 826, -1
188, 813, -1
1249, 38, -1
188, 38, -1
1290, 991, -1
674, 612, -1
461, 413, -1
1249, 1, -1
38, 188, -1
1, 22, -1
524, 612, -1
213, 177, -1
461, 1212, -1
991, 4, -1
1212, 619, -1
213, 619, -1
213, 18, -1
1212, 323, -1
213, 323, -1
612, 1176, -1
22, 38, -1
213, 1290, -1
1212, 1290, -1
991, 28, -1
7, 413, -1
612, 1249, -1
1290, 1176, -1
991, 461, -1
1249, 619, -1
7, 382, -1
7, 22, -1
461, 674, -1
4, 188, -1
177, 619, -1
188, 619, -1
213, 612, -1
188, 323, -1
28, 188, -1
991, 619, -1
991, 323, -1
188, 1290, -1
847, 38, -1
461, 524, -1
461, 826, -1
612, 177, -1
213, 1249, -1
619, 826, -1
612, 674, -1
461, 188, -1
18, 619, -1
612, 18, -1
612, 323, -1
18, 1290, -1
213, 1, -1
213, 4, -1
7, 213, -1
7, 1238, -1
28, 1212, -1
7, 991, -1
4, 1212, -1
991, 612, -1
7, 524, -1
461, 1176, -1
612, 826, -1
213, 28, -1
991, 813, -1
991, 38, -1
7, 847, -1
28, 826, -1
4, 826, -1

172, 524, 1
172, 413, 1
172, 1176, 1
172, 763, 1
172, 188, 1
172, 213, 1
172, 1212, 1
172, 22, 1
172, 991, 1
172, 674, 1
172, 847, 1
172, 1238, 1
172, 826, 1
172, 382, 1
1227, 524, 1
1227, 413, 1
1227, 1176, 1
1227, 763, 1
1227, 188, 1
1227, 213, 1
1227, 1212, 1
1227, 22, 1
1227, 991, 1
1227, 674, 1
1227, 847, 1
1227, 1238, 1
1227, 826, 1
1227, 382, 1
1227, 172, 1
1400, 813, 1
536, 323, 1
536, 7, 1
536, 18, 1
536, 177, 1
536, 1249, 1
524, 847, 1
382, 763, 1
1238, 382, 1
188, 22, 1
674, 413, 1
1176, 382, 1
1212, 991, 1
1212, 1238, 1
1249, 177, 1
991, 763, 1
382, 991, 1
213, 524, 1
382, 1238, 1
674, 1227, 1
1249, 323, 1
1212, 847, 1
1176, 674, 1
674, 763, 1
382, 847, 1
188, 991, 1
188, 1238, 1
826, 213, 1
763, 413, 1
674, 991, 1
188, 847, 1
18, 323, 1
674, 1238, 1
826, 524, 1
524, 213, 1
213, 382, 1
763, 22, 1
413, 382, 1
1212, 22, 1
826, 188, 1
674, 847, 1
1176, 413, 1
177, 7, 1
826, 172, 1
1176, 1227, 1
1238, 763, 1
763, 991, 1
826, 1212, 1
1176, 763, 1
18, 7, 1
763, 1238, 1
826, 382, 1
1212, 826, 1
674, 22, 1
1212, 188, 1
524, 382, 1
1238, 991, 1
177, 18, 1
763, 847, 1
1176, 991, 1
1176, 1238, 1
188, 524, 1
188, 826, 1
1238, 847, 1
1212, 172, 1
1176, 847, 1
991, 847, 1
674, 826, 1
674, 188, 1
847, 763, 1
213, 763, 1
188, 172, 1
413, 763, 1
1249, 7, 1
188, 1212, 1
1238, 22, 1
188, 382, 1
674, 172, 1
1176, 22, 1
763, 213, 1
1212, 213, 1
674, 1212, 1
763, 524, 1
1212, 524, 1
826, 1227, 1
1249, 18, 1
826, 763, 1
763, 188, 1
524, 763, 1
188, 213, 1
22, 763, 1
1176, 826, 1
213, 413, 1
1176, 188, 1
763, 172, 1
674, 213, 1
524, 1238, 1
22, 991, 1
674, 524, 1
213, 22, 1
763, 1212, 1
763, 382, 1
413, 22, 1
1212, 382, 1
177, 1249, 1
1176, 172, 1
22, 847, 1
1176, 1212, 1
188, 1227, 1
826, 413, 1
847, 991, 1
213, 991, 1
188, 763, 1
413, 991, 1
524, 413, 1
213, 1238, 1
826, 22, 1
413, 1238, 1
674, 382, 1
172, 1227, 1
524, 22, 1
213, 847, 1
177, 323, 1
413, 847, 1
1176, 213, 1
323, 7, 1
1176, 524, 1
1212, 413, 1
826, 991, 1
826, 1238, 1
524, 991, 1
763, 1227, 1
1212, 1227, 1
382, 22, 1
826, 847, 1
188, 413, 1
1212, 763, 1
524, 188, 1
991, 172, 1
991, 413, 1
1238, 1227, 1
991, 1212, 1
213, 674, 1
991, 22, 1
991, 382, 1
991, 1227, 1
18, 1249, 1
847, 1238, 1
524, 172, 1
213, 826, 1
382, 213, 1
524, 1212, 1
382, 524, 1
763, 826, 1
382, 826, 1
213, 188, 1
524, 1227, 1
1238, 213, 1
323, 1249, 1
382, 188, 1
22, 382, 1
18, 177, 1
991, 213, 1
991, 1238, 1
991, 524, 1
991, 826, 1
213, 172, 1
382, 413, 1
382, 172, 1
991, 188, 1
847, 22, 1
847, 382, 1
213, 1212, 1
213, 1227, 1
382, 1212, 1
22, 1238, 1
323, 177, 1
1238, 413, 1
413, 1227, 1
382, 1227, 1
22, 413, 1
524, 826, 1
172, 38, -1
172, 1290, -1
172, 461, -1
172, 1, -1
172, 4, -1
172, 28, -1
172, 612, -1
172, 619, -1
172, 323, -1
172, 7, -1
172, 18, -1
172, 177, -1
172, 1249, -1
172, 813, -1
1227, 38, -1
1227, 1290, -1
1227, 461, -1
1227, 1, -1
1227, 4, -1
1227, 28, -1
1227, 612, -1
1227, 619, -1
1227, 323, -1
1227, 7, -1
1227, 18, -1
1227, 177, -1
1227, 1249, -1
1227, 813, -1
1400, 524, -1
1400, 413, -1
1400, 1176, -1
1400, 763, -1
1400, 188, -1
1400, 213, -1
1400, 1212, -1
1400, 22, -1
1400, 991, -1
1400, 674, -1
1400, 847, -1
1400, 1238, -1
1400, 826, -1
1400, 382, -1
1400, 172, -1
1400, 1227, -1
1400, 38, -1
1400, 1290, -1
1400, 461, -1
1400, 1, -1
1400, 4, -1
1400, 28, -1
1400, 612, -1
1400, 619, -1
1400, 323, -1
1400, 7, -1
1400, 18, -1
1400, 177, -1
1400, 1249, -1
536, 524, -1
536, 413, -1
536, 1176, -1
536, 763, -1
536, 188, -1
536, 213, -1
536, 1212, -1
536, 22, -1
536, 991, -1
536, 674, -1
536, 847, -1
536, 1238, -1
536, 826, -1
536, 382, -1
536, 172, -1
536, 1227, -1
536, 38, -1
536, 1290, -1
536, 461, -1
536, 1, -1
536, 4, -1
536, 28, -1
536, 612, -1
536, 619, -1
536, 813, -1
536, 1400, -1
1238, 7, -1
188, 4, -1
1176, 7, -1
177, 1212, -1
461, 22, -1
1290, 847, -1
177, 382, -1
991, 7, -1
619, 7, -1
18, 1176, -1
1, 177, -1
177, 28, -1
18, 172, -1
612, 413, -1
674, 4, -1
28, 213, -1
188, 461, -1
38, 7, -1
323, 612, -1
18, 1212, -1
826, 28, -1
28, 524, -1
1, 991, -1
18, 28, -1
1249, 1400, -1
1, 826, -1
674, 461, -1
1176, 18, -1
1249, 1290, -1
524, 28, -1
619, 674, -1
763, 612, -1
461, 991, -1
612, 1227, -1
813, 213, -1
323, 413, -1
461, 1238, -1
177, 213, -1
612, 763, -1
1249, 826, -1
763, 813, -1
323, 4, -1
1212, 813, -1
763, 38, -1
1212, 38, -1
1249, 188, -1
826, 323, -1
382, 38, -1
847, 7, -1
461, 847, -1
323, 1227, -1
1176, 612, -1
18, 213, -1
612, 991, -1
763, 4, -1
323, 461, -1
28, 7, -1
1, 172, -1
1, 1249, -1
323, 763, -1
612, 1238, -1
18, 524, -1
1290, 323, -1
28, 382, -1
213, 28, -1
1, 1212, -1
1249, 172, -1
763, 461, -1
18, 188, -1
1290, 826, -1
619, 413, -1
612, 847, -1
1249, 1212, -1
813, 7, -1
1176, 4, -1
1249, 382, -1
323, 991, -1
674, 813, -1
1290, 188, -1
323, 1238, -1
674, 38, -1
1249, 28, -1
813, 382, -1
177, 1227, -1
612, 1176, -1
619, 22, -1
612, 813, -1
1212, 323, -1
826, 7, -1
177, 763, -1
619, 1227, -1
1176, 461, -1
323, 847, -1
524, 7, -1
619, 763, -1
1, 323, -1
1290, 172, -1
1, 213, -1
22, 7, -1
18, 382, -1
177, 674, -1
323, 1176, -1
612, 22, -1
323, 813, -1
177, 619, -1
323, 38, -1
1290, 1212, -1
1, 524, -1
1249, 213, -1
1176, 619, -1
1290, 382, -1
188, 323, -1
4, 813, -1
619, 991, -1
1249, 524, -1
1, 188, -1
619, 1238, -1
674, 323, -1
4, 413, -1
674, 1290, -1
323, 22, -1
177, 612, -1
619, 847, -1
213, 7, -1
413, 7, -1
4, 22, -1
177, 813, -1
1238, 38, -1
177, 38, -1
612, 826, -1
1212, 28, -1
1, 7, -1
1176, 813, -1
38, 847, -1
1176, 38, -1
619, 1176, -1
1290, 213, -1
619, 813, -1
177, 413, -1
612, 188, -1
1, 382, -1
1176, 1, -1
1290, 524, -1
323, 1400, -1
177, 4, -1
461, 382, -1
177, 22, -1
323, 826, -1
188, 28, -1
4, 991, -1
177, 461, -1
1, 674, -1
18, 4, -1
1, 18, -1
323, 188, -1
4, 1238, -1
28, 1238, -1
524, 4, -1
1176, 177, -1
612, 1212, -1
38, 22, -1
1249, 674, -1
674, 28, -1
1249, 619, -1
18, 1227, -1
28, 847, -1
177, 1400, -1
4, 847, -1
1290, 7, -1
1176, 323, -1
18, 461, -1
18, 763, -1
177, 991, -1
1176, 1290, -1
323, 172, -1
213, 813, -1
177, 1238, -1
213, 38, -1
28, 813, -1
323, 1212, -1
826, 18, -1
826, 619, -1
619, 826, -1
1249, 612, -1
18, 619, -1
177, 847, -1
28, 413, -1
323, 28, -1
38, 991, -1
763, 7, -1
619, 188, -1
1212, 7, -1
18, 1238, -1
213, 4, -1
612, 213, -1
1290, 18, -1
382, 7, -1
28, 22, -1
813, 38, -1
177, 1176, -1
1249, 413, -1
612, 524, -1
1400, 536, -1
763, 28, -1
826, 612, -1
18, 847, -1
7, 847, -1
213, 461, -1
813, 413, -1
1249, 4, -1
1176, 1249, -1
18, 612, -1
619, 172, -1
1, 1227, -1
826, 813, -1
461, 7, -1
1249, 22, -1
826, 38, -1
188, 7, -1
323, 213, -1
1, 763, -1
18, 813, -1
1249, 1227, -1
619, 1212, -1
813, 22, -1
524, 813, -1
18, 38, -1
619, 382, -1
323, 524, -1
1176, 28, -1
1212, 619, -1
524, 38, -1
4, 213, -1
1249, 461, -1
1249, 763, -1
1290, 813, -1
18, 413, -1
1290, 1238, -1
826, 4, -1
813, 461, -1
674, 7, -1
28, 991, -1
4, 524, -1
612, 7, -1
1290, 413, -1
1, 1238, -1
18, 22, -1
1212, 612, -1
612, 382, -1
1249, 991, -1
826, 461, -1
188, 619, -1
1290, 22, -1
1249, 1238, -1
177, 1290, -1
813, 991, -1
524, 461, -1
1, 847, -1
177, 524, -1
813, 1238, -1
1290, 1227, -1
619, 213, -1
177, 826, -1
674, 619, -1
674, 18, -1
1249, 847, -1
1290, 763, -1
413, 38, -1
619, 524, -1
612, 674, -1
18, 1400, -1
177, 188, -1
323, 382, -1
1, 813, -1
813, 847, -1
1212, 4, -1
188, 612, -1
4, 7, -1
18, 991, -1
7, 991, -1
1249, 1176, -1
4, 382, -1
1249, 813, -1
1, 413, -1
188, 813, -1
18, 826, -1
188, 38, -1
1249, 38, -1
813, 1176, -1
1290, 991, -1
674, 612, -1
461, 413, -1
1212, 461, -1
177, 172, -1
323, 619, -1
1, 22, -1
382, 461, -1
813, 1212, -1
213, 177, -1
826, 1249, -1
213, 323, -1
213, 1290, -1
524, 1249, -1
1290, 1249, -1
38, 382, -1
461, 1400, -1
991, 619, -1
619, 18, -1
991, 18, -1
826, 177, -1
813, 524, -1
1212, 1249, -1
826, 1290, -1
1290, 177, -1
813, 188, -1
7, 213, -1
991, 612, -1
7, 524, -1
4, 1227, -1
461, 1176, -1
991, 813, -1
991, 38, -1
4, 763, -1
188, 1249, -1
813, 172, -1
991, 4, -1
674, 1249, -1
1238, 461, -1
674, 1, -1
382, 323, -1
991, 461, -1
38, 1227, -1
7, 382, -1
38, 763, -1
674, 177, -1
461, 524, -1
461, 826, -1
18, 674, -1
38, 674, -1
763, 1249, -1
461, 188, -1
619, 536, -1
38, 1238, -1
1238, 813, -1
28, 1227, -1
461, 172, -1
382, 28, -1
619, 1249, -1
28, 763, -1
461, 1212, -1
813, 1227, -1
213, 619, -1
213, 18, -1
38, 413, -1
612, 172, -1
813, 763, -1
612, 1249, -1
619, 177, -1
213, 612, -1
1176, 1400, -1
7, 763, -1
991, 323, -1
847, 38, -1
4, 1249, -1
1176, 536, -1
7, 1238, -1
38, 826, -1
177, 1, -1
524, 612, -1
461, 1227, -1
38, 1176, -1
213, 1400, -1
38, 172, -1
461, 763, -1
22, 38, -1
382, 619, -1
991, 28, -1
7, 413, -1
38, 1212, -1
7, 22, -1
461, 674, -1
382, 612, -1
382, 813, -1
213, 1249, -1
28, 1249, -1
213, 1, -1
18, 1290, -1
38, 213, -1
38, 524, -1
382, 4, -1
38, 188, -1
18, 1, -1
323, 1, -1
323, 1290, -1
674, 536, -1
826, 1400, -1
1227, 1400, -1
763, 1400, -1
674, 1400, -1
172, 1400, -1
1249, 1, -1
188, 1400, -1
1212, 1400, -1

1421, 813, 1
1421, 1400, 1
992, 524, 1
992, 413, 1
992, 1176, 1
992, 763, 1
992, 188, 1
992, 213, 1
992, 1212, 1
992, 22, 1
992, 991, 1
992, 674, 1
992, 847, 1
992, 1238, 1
992, 826, 1
992, 382, 1
992, 172, 1
992, 1227, 1
1313, 524, 1
1313, 413, 1
1313, 1176, 1
1313, 763, 1
1313, 188, 1
1313, 213, 1
1313, 1212, 1
1313, 22, 1
1313, 991, 1
1313, 674, 1
1313, 847, 1
1313, 1238, 1
1313, 826, 1
1313, 382, 1
1313, 172, 1
1313, 1227, 1
1313, 992, 1
918, 38, 1
918, 1290, 1
918, 461, 1
918, 1, 1
918, 4, 1
918, 28, 1
918, 612, 1
918, 619, 1
223, 524, 1
223, 413, 1
223, 1176, 1
223, 763, 1
223, 188, 1
223, 213, 1
223, 1212, 1
223, 22, 1
223, 991, 1
223, 674, 1
223, 847, 1
223, 1238, 1
223, 826, 1
223, 382, 1
223, 172, 1
223, 1227, 1
223, 992, 1
223, 1313, 1
833, 323, 1
833, 7, 1
833, 18, 1
833, 177, 1
833, 1249, 1
833, 536, 1
524, 847, 1
826, 1176, 1
1227, 382, 1
1238, 382, 1
188, 22, 1
674, 413, 1
1176, 382, 1
991, 1227, 1
524, 1176, 1
1176, 992, 1
1212, 991, 1
172, 413, 1
536, 18, 1
188, 223, 1
18, 1249, 1
1212, 1238, 1
991, 763, 1
1249, 177, 1
382, 991, 1
612, 4, 1
1, 1290, 1
382, 1238, 1
172, 22, 1
674, 1227, 1
1249, 323, 1
1212, 847, 1
1176, 674, 1
674, 763, 1
172, 223, 1
382, 847, 1
612, 461, 1
188, 991, 1
188, 1238, 1
1212, 1176, 1
826, 213, 1
763, 413, 1
674, 991, 1
188, 847, 1
18, 323, 1
674, 1238, 1
172, 991, 1
826, 524, 1
619, 612, 1
524, 213, 1
847, 382, 1
172, 1238, 1
213, 382, 1
763, 22, 1
413, 382, 1
1212, 22, 1
188, 1176, 1
1227, 413, 1
826, 188, 1
674, 847, 1
1176, 413, 1
763, 223, 1
172, 847, 1
1212, 223, 1
1, 28, 1
991, 413, 1
382, 223, 1
674, 1176, 1
177, 7, 1
619, 4, 1
172, 1176, 1
826, 172, 1
991, 22, 1
1176, 1227, 1
1227, 763, 1
38, 4, 1
763, 991, 1
991, 223, 1
1176, 763, 1
826, 1212, 1
18, 7, 1
763, 1238, 1
826, 382, 1
619, 461, 1
674, 22, 1
1212, 188, 1
524, 382, 1
38, 461, 1
1238, 991, 1
1227, 991, 1
177, 18, 1
763, 847, 1
674, 223, 1
22, 382, 1
1227, 1238, 1
323, 1249, 1
1176, 991, 1
1176, 1238, 1
1290, 28, 1
188, 524, 1
991, 1238, 1
763, 1176, 1
1227, 847, 1
1238, 847, 1
1212, 172, 1
38, 619, 1
1176, 847, 1
28, 4, 1
991, 847, 1
674, 826, 1
1227, 1176, 1
172, 524, 1
323, 177, 1
674, 188, 1
28, 461, 1
4, 461, 1
172, 188, 1
38, 612, 1
188, 172, 1
1249, 7, 1
188, 1212, 1
1227, 22, 1
536, 177, 1
1400, 813, 1
188, 382, 1
1238, 22, 1
674, 172, 1
1176, 22, 1
1238, 223, 1
1227, 223, 1
763, 213, 1
1212, 213, 1
1176, 223, 1
674, 1212, 1
763, 524, 1
1212, 524, 1
826, 1227, 1
172, 1212, 1
172, 382, 1
1249, 18, 1
826, 763, 1
612, 28, 1
763, 188, 1
188, 213, 1
1176, 826, 1
991, 524, 1
1227, 188, 1
991, 826, 1
213, 413, 1
38, 1290, 1
763, 172, 1
1176, 188, 1
674, 213, 1
991, 188, 1
536, 1249, 1
847, 22, 1
172, 213, 1
22, 991, 1
674, 524, 1
763, 1212, 1
213, 22, 1
524, 1238, 1
4, 28, 1
763, 382, 1
413, 22, 1
1212, 382, 1
22, 1238, 1
1, 4, 1
1227, 172, 1
847, 223, 1
992, 223, 1
213, 223, 1
177, 1249, 1
1176, 172, 1
413, 223, 1
1313, 223, 1
991, 172, 1
1176, 1313, 1
1227, 1212, 1
22, 847, 1
1, 461, 1
1290, 619, 1
1176, 1212, 1
1290, 612, 1
991, 1212, 1
826, 413, 1
991, 382, 1
847, 991, 1
213, 991, 1
619, 28, 1
847, 1238, 1
38, 1, 1
524, 413, 1
413, 991, 1
213, 1238, 1
536, 323, 1
413, 1238, 1
826, 22, 1
1, 619, 1
674, 382, 1
38, 28, 1
524, 22, 1
826, 223, 1
213, 847, 1
1290, 4, 1
177, 323, 1
413, 847, 1
1227, 213, 1
524, 223, 1
1176, 213, 1
1227, 524, 1
18, 177, 1
22, 223, 1
213, 1176, 1
991, 213, 1
1, 612, 1
323, 7, 1
1176, 524, 1
1290, 461, 1
992, 1313, 1
1212, 413, 1
826, 991, 1
826, 1238, 1
524, 991, 1
536, 7, 1
763, 1227, 1
382, 22, 1
826, 847, 1
188, 413, 1
524, 188, 1
461, 4, 1
382, 763, 1
536, 833, 1
1238, 1227, 1
213, 674, 1
188, 1227, 1
28, 918, 1
4, 918, 1
461, 28, 1
674, 1313, 1
612, 38, 1
1238, 763, 1
188, 763, 1
213, 763, 1
1, 918, 1
612, 1, 1
524, 172, 1
213, 524, 1
1290, 38, 1
1212, 826, 1
177, 833, 1
382, 213, 1
524, 1212, 1
213, 826, 1
382, 524, 1
763, 826, 1
22, 413, 1
172, 1227, 1
382, 826, 1
461, 918, 1
524, 1227, 1
213, 188, 1
4, 612, 1
1238, 213, 1
172, 763, 1
619, 918, 1
382, 188, 1
28, 612, 1
524, 763, 1
1227, 826, 1
813, 1421, 1
4, 38, 1
22, 763, 1
28, 38, 1
188, 826, 1
38, 918, 1
213, 1313, 1
213, 172, 1
612, 918, 1
1, 38, 1
382, 413, 1
382, 172, 1
612, 619, 1
612, 1290, 1
213, 1212, 1
1400, 1421, 1
1290, 918, 1
461, 38, 1
213, 1227, 1
382, 1212, 1
172, 826, 1
1238, 413, 1
1212, 1227, 1
847, 763, 1
413, 1227, 1
619, 38, 1
382, 1227, 1
413, 763, 1
1212, 763, 1
177, 536, 1
524, 826, 1
1421, 524, -1
1421, 413, -1
1421, 1176, -1
1421, 763, -1
1421, 188, -1
1421, 213, -1
1421, 1212, -1
1421, 22, -1
1421, 991, -1
1421, 674, -1
1421, 847, -1
1421, 1238, -1
1421, 826, -1
1421, 382, -1
1421, 172, -1
1421, 1227, -1
1421, 38, -1
1421, 1290, -1
1421, 461, -1
1421, 1, -1
1421, 4, -1
1421, 28, -1
1421, 612, -1
1421, 619, -1
1421, 323, -1
1421, 7, -1
1421, 18, -1
1421, 177, -1
1421, 1249, -1
1421, 536, -1
992, 38, -1
992, 1290, -1
992, 461, -1
992, 1, -1
992, 4, -1
992, 28, -1
992, 612, -1
992, 619, -1
992, 323, -1
992, 7, -1
992, 18, -1
992, 177, -1
992, 1249, -1
992, 536, -1
992, 813, -1
992, 1400, -1
992, 1421, -1
1313, 38, -1
1313, 1290, -1
1313, 461, -1
1313, 1, -1
1313, 4, -1
1313, 28, -1
1313, 612, -1
1313, 619, -1
1313, 323, -1
1313, 7, -1
1313, 18, -1
1313, 177, -1
1313, 1249, -1
1313, 536, -1
1313, 813, -1
1313, 1400, -1
1313, 1421, -1
918, 524, -1
918, 413, -1
918, 1176, -1
918, 763, -1
918, 188, -1
918, 213, -1
918, 1212, -1
918, 22, -1
918, 991, -1
918, 674, -1
918, 847, -1
918, 1238, -1
918, 826, -1
918, 382, -1
918, 172, -1
918, 1227, -1
918, 992, -1
918, 1313, -1
918, 323, -1
918, 7, -1
918, 18, -1
918, 177, -1
918, 1249, -1
918, 536, -1
918, 813, -1
918, 1400, -1
918, 1421, -1
223, 38, -1
223, 1290, -1
223, 461, -1
223, 1, -1
223, 4, -1
223, 28, -1
223, 612, -1
223, 619, -1
223, 918, -1
223, 323, -1
223, 7, -1
223, 18, -1
223, 177, -1
223, 1249, -1
223, 536, -1
223, 813, -1
223, 1400, -1
223, 1421, -1
833, 524, -1
833, 413, -1
833, 1176, -1
833, 763, -1
833, 188, -1
833, 213, -1
833, 1212, -1
833, 22, -1
833, 991, -1
833, 674, -1
833, 847, -1
833, 1238, -1
833, 826, -1
833, 382, -1
833, 172, -1
833, 1227, -1
833, 992, -1
833, 1313, -1
833, 223, -1
833, 38, -1
833, 1290, -1
833, 461, -1
833, 1, -1
833, 4, -1
833, 28, -1
833, 612, -1
833, 619, -1
833, 918, -1
833, 813, -1
833, 1400, -1
833, 1421, -1
382, 461, -1
1290, 847, -1
991, 7, -1
813, 28, -1
1212, 918, -1
177, 28, -1
461, 223, -1
188, 461, -1
1212, 1421, -1
18, 1212, -1
524, 1, -1
38, 382, -1
461, 1400, -1
1400, 992, -1
524, 28, -1
674, 461, -1
188, 1400, -1
461, 991, -1
172, 461, -1
826, 177, -1
461, 1238, -1
763, 813, -1
38, 18, -1
172, 1400, -1
382, 38, -1
847, 7, -1
461, 847, -1
1212, 1, -1
763, 4, -1
18, 524, -1
7, 524, -1
612, 1421, -1
1249, 172, -1
991, 38, -1
1227, 4, -1
323, 918, -1
619, 413, -1
674, 38, -1
1249, 28, -1
813, 382, -1
177, 1227, -1
323, 1421, -1
619, 22, -1
1176, 461, -1
4, 1421, -1
619, 763, -1
1, 323, -1
1290, 172, -1
536, 1421, -1
177, 674, -1
1400, 461, -1
38, 763, -1
991, 918, -1
323, 1313, -1
674, 177, -1
536, 612, -1
323, 1, -1
1, 188, -1
991, 1421, -1
1400, 1238, -1
413, 7, -1
177, 813, -1
1176, 38, -1
1400, 847, -1
177, 413, -1
382, 28, -1
1421, 223, -1
177, 4, -1
177, 22, -1
1400, 38, -1
188, 28, -1
813, 763, -1
28, 1238, -1
524, 4, -1
536, 1290, -1
1176, 833, -1
619, 223, -1
1176, 177, -1
1249, 674, -1
674, 28, -1
1227, 1400, -1
28, 847, -1
172, 28, -1
813, 619, -1
38, 223, -1
1400, 833, -1
1400, 177, -1
826, 18, -1
18, 918, -1
1176, 536, -1
38, 991, -1
763, 7, -1
18, 1421, -1
1290, 18, -1
1249, 413, -1
1400, 536, -1
213, 461, -1
1249, 4, -1
18, 612, -1
826, 813, -1
1249, 22, -1
213, 1400, -1
1176, 28, -1
1400, 172, -1
413, 918, -1
1313, 918, -1
1249, 763, -1
1400, 1313, -1
813, 223, -1
826, 4, -1
1290, 813, -1
1400, 1, -1
1290, 413, -1
1, 1238, -1
1400, 28, -1
1290, 22, -1
813, 991, -1
536, 188, -1
524, 461, -1
1, 847, -1
177, 524, -1
813, 1238, -1
619, 213, -1
674, 18, -1
1290, 763, -1
38, 213, -1
813, 847, -1
18, 1290, -1
413, 1, -1
382, 4, -1
461, 813, -1
188, 813, -1
461, 413, -1
1212, 461, -1
536, 992, -1
323, 619, -1
188, 4, -1
461, 22, -1
172, 813, -1
1249, 223, -1
674, 4, -1
763, 1421, -1
172, 4, -1
1400, 382, -1
1176, 18, -1
763, 612, -1
991, 619, -1
177, 213, -1
1212, 38, -1
1290, 223, -1
1227, 612, -1
1400, 18, -1
612, 991, -1
1, 172, -1
323, 461, -1
612, 1238, -1
1, 1313, -1
28, 382, -1
612, 847, -1
18, 188, -1
813, 172, -1
536, 461, -1
1176, 4, -1
323, 991, -1
323, 1238, -1
826, 7, -1
619, 1227, -1
1400, 4, -1
323, 847, -1
991, 461, -1
536, 1238, -1
38, 1227, -1
323, 38, -1
1249, 213, -1
536, 847, -1
1400, 763, -1
1176, 619, -1
38, 674, -1
763, 1249, -1
674, 1400, -1
536, 38, -1
1400, 619, -1
177, 612, -1
1227, 813, -1
1212, 28, -1
1290, 213, -1
619, 813, -1
1, 382, -1
38, 813, -1
813, 1227, -1
38, 413, -1
612, 172, -1
1, 674, -1
1, 18, -1
536, 918, -1
38, 22, -1
18, 461, -1
1176, 1400, -1
1400, 223, -1
619, 323, -1
323, 172, -1
461, 213, -1
847, 38, -1
213, 813, -1
1249, 612, -1
323, 28, -1
536, 172, -1
826, 1421, -1
619, 188, -1
536, 1313, -1
1400, 991, -1
18, 1238, -1
38, 826, -1
7, 1238, -1
536, 1, -1
826, 612, -1
18, 847, -1
536, 28, -1
7, 847, -1
813, 413, -1
28, 223, -1
813, 4, -1
1, 763, -1
1249, 1227, -1
619, 1212, -1
524, 813, -1
813, 22, -1
992, 918, -1
18, 38, -1
847, 918, -1
991, 28, -1
28, 991, -1
38, 1212, -1
612, 382, -1
382, 612, -1
1290, 1227, -1
177, 826, -1
413, 38, -1
619, 524, -1
177, 188, -1
323, 382, -1
1212, 4, -1
188, 612, -1
1400, 213, -1
38, 524, -1
4, 382, -1
1249, 813, -1
674, 612, -1
536, 382, -1
172, 612, -1
1227, 7, -1
1238, 7, -1
813, 1212, -1
177, 1212, -1
1, 223, -1
619, 7, -1
826, 1249, -1
18, 172, -1
612, 413, -1
18, 1313, -1
7, 1313, -1
28, 213, -1
38, 7, -1
18, 1, -1
1, 991, -1
18, 28, -1
323, 413, -1
1249, 826, -1
323, 4, -1
813, 524, -1
763, 38, -1
1249, 188, -1
826, 323, -1
1176, 612, -1
536, 4, -1
323, 763, -1
1290, 323, -1
991, 813, -1
188, 1249, -1
1290, 826, -1
1249, 1212, -1
813, 7, -1
536, 763, -1
991, 4, -1
674, 813, -1
1290, 188, -1
674, 1249, -1
1421, 918, -1
763, 918, -1
172, 1249, -1
1212, 1400, -1
536, 619, -1
524, 7, -1
1, 213, -1
1227, 918, -1
1238, 918, -1
18, 382, -1
7, 382, -1
1400, 1227, -1
22, 7, -1
1290, 1212, -1
1227, 1421, -1
612, 223, -1
1249, 524, -1
619, 1421, -1
674, 323, -1
1400, 674, -1
763, 1, -1
38, 1421, -1
323, 223, -1
177, 38, -1
1176, 813, -1
4, 223, -1
1238, 1, -1
1227, 1, -1
1290, 524, -1
536, 223, -1
4, 991, -1
1400, 413, -1
536, 1400, -1
18, 4, -1
4, 1238, -1
536, 991, -1
1400, 22, -1
4, 847, -1
177, 918, -1
1290, 7, -1
1176, 323, -1
18, 763, -1
177, 1421, -1
28, 813, -1
18, 619, -1
28, 413, -1
22, 918, -1
813, 612, -1
612, 213, -1
1400, 826, -1
524, 1421, -1
382, 7, -1
28, 22, -1
1227, 1249, -1
177, 1313, -1
1, 1227, -1
177, 1, -1
461, 7, -1
826, 38, -1
188, 7, -1
323, 213, -1
1400, 1176, -1
619, 382, -1
38, 1249, -1
4, 213, -1
674, 7, -1
1400, 1212, -1
536, 213, -1
172, 7, -1
1249, 918, -1
1212, 612, -1
18, 223, -1
7, 223, -1
177, 1290, -1
1249, 1421, -1
826, 918, -1
213, 1249, -1
38, 323, -1
1, 813, -1
18, 991, -1
7, 991, -1
1, 413, -1
1400, 524, -1
188, 38, -1
1249, 1313, -1
1249, 1, -1
38, 188, -1
1290, 1421, -1
1, 22, -1
992, 833, -1
1176, 7, -1
172, 38, -1
177, 382, -1
826, 1, -1
382, 918, -1
524, 1249, -1
323, 612, -1
1400, 7, -1
826, 28, -1
28, 524, -1
1, 826, -1
188, 918, -1
1249, 1290, -1
813, 323, -1
461, 1421, -1
1212, 813, -1
188, 1421, -1
674, 918, -1
1212, 1249, -1
918, 223, -1
172, 918, -1
826, 1290, -1
813, 188, -1
323, 1227, -1
18, 213, -1
7, 213, -1
28, 7, -1
674, 1421, -1
991, 612, -1
382, 1, -1
172, 1421, -1
1, 1212, -1
536, 1227, -1
763, 461, -1
188, 1, -1
1249, 382, -1
612, 813, -1
1227, 461, -1
763, 1400, -1
674, 1, -1
177, 763, -1
536, 674, -1
172, 1, -1
382, 1290, -1
612, 22, -1
177, 619, -1
1, 524, -1
323, 813, -1
1176, 918, -1
1290, 382, -1
619, 991, -1
4, 813, -1
1176, 1421, -1
619, 1238, -1
1400, 918, -1
4, 413, -1
536, 813, -1
674, 1290, -1
323, 22, -1
38, 1238, -1
619, 847, -1
536, 413, -1
213, 7, -1
4, 22, -1
1227, 38, -1
1238, 38, -1
1, 7, -1
38, 847, -1
536, 22, -1
612, 188, -1
1400, 612, -1
1176, 1, -1
461, 382, -1
177, 223, -1
177, 461, -1
323, 188, -1
28, 1421, -1
612, 1212, -1
536, 826, -1
1249, 619, -1
18, 1227, -1
38, 833, -1
177, 991, -1
991, 323, -1
38, 177, -1
1176, 1290, -1
177, 1238, -1
213, 38, -1
323, 1212, -1
826, 619, -1
536, 1176, -1
177, 847, -1
1400, 1290, -1
1212, 7, -1
536, 1212, -1
813, 38, -1
612, 524, -1
763, 28, -1
1176, 1249, -1
619, 172, -1
1227, 28, -1
18, 813, -1
38, 172, -1
524, 38, -1
213, 918, -1
323, 524, -1
1249, 461, -1
38, 1313, -1
1400, 1249, -1
22, 38, -1
382, 619, -1
18, 413, -1
7, 413, -1
4, 524, -1
213, 1421, -1
612, 7, -1
18, 22, -1
7, 22, -1
536, 524, -1
1, 1421, -1
826, 461, -1
1249, 991, -1
813, 918, -1
1249, 1238, -1
826, 1400, -1
674, 619, -1
1249, 847, -1
213, 1, -1
4, 7, -1
1400, 323, -1
524, 918, -1
18, 826, -1
1249, 38, -1
1290, 991, -1
1290, 1238, -1
177, 172, -1
1400, 188, -1
213, 833, -1
213, 177, -1
18, 1176, -1
1, 177, -1
213, 323, -1
213, 1290, -1
1290, 1176, -1
1290, 1249, -1
1290, 1313, -1
1227, 619, -1
382, 1421, -1
38, 992, -1
1249, 1400, -1
612, 1227, -1
28, 188, -1
619, 18, -1
991, 18, -1
813, 213, -1
612, 763, -1
1290, 177, -1
1, 1249, -1
4, 1227, -1
461, 1176, -1
213, 28, -1
4, 763, -1
461, 1313, -1
612, 1176, -1
1212, 323, -1
1238, 461, -1
177, 992, -1
1212, 1290, -1
612, 1313, -1
382, 323, -1
323, 1176, -1
188, 323, -1
674, 833, -1
1238, 1421, -1
188, 1290, -1
461, 524, -1
612, 833, -1
461, 826, -1
612, 177, -1
18, 674, -1
461, 188, -1
619, 536, -1
172, 323, -1
612, 323, -1
172, 1290, -1
1238, 813, -1
612, 826, -1
28, 1227, -1
619, 1176, -1
461, 172, -1
619, 1249, -1
28, 763, -1
619, 1313, -1
1, 992, -1
323, 1400, -1
323, 1290, -1
461, 1212, -1
1249, 992, -1
213, 619, -1
323, 826, -1
213, 18, -1
612, 1249, -1
619, 833, -1
619, 177, -1
1227, 323, -1
177, 1400, -1
213, 612, -1
7, 763, -1
4, 1176, -1
4, 1249, -1
619, 826, -1
4, 1313, -1
213, 4, -1
1290, 674, -1
177, 1176, -1
524, 612, -1
461, 1227, -1
38, 1176, -1
1212, 619, -1
461, 992, -1
461, 763, -1
813, 461, -1
413, 1421, -1
461, 674, -1
4, 188, -1
188, 619, -1
612, 992, -1
382, 813, -1
28, 1176, -1
28, 172, -1
4, 172, -1
612, 674, -1
1, 1176, -1
18, 1400, -1
28, 1249, -1
612, 18, -1
172, 619, -1
28, 1313, -1
28, 1212, -1
4, 1212, -1
1249, 1176, -1
813, 1176, -1
619, 992, -1
28, 826, -1
4, 826, -1
674, 536, -1
461, 1249, -1
619, 674, -1

1296, 524, 1
1296, 413, 1
1296, 1176, 1
1296, 763, 1
1296, 188, 1
1296, 213, 1
1296, 1212, 1
1296, 22, 1
1296, 991, 1
1296, 674, 1
1296, 847, 1
1296, 1238, 1
1296, 826, 1
1296, 382, 1
1296, 172, 1
1296, 1227, 1
1296, 992, 1
1296, 1313, 1
1296, 223, 1
1163, 323, 1
1163, 7, 1
1163, 18, 1
1163, 177, 1
1163, 1249, 1
1163, 536, 1
1163, 833, 1
667, 323, 1
667, 7, 1
667, 18, 1
667, 177, 1
667, 1249, 1
667, 536, 1
667, 833, 1
667, 1163, 1
526, 38, 1
526, 1290, 1
526, 461, 1
526, 1, 1
526, 4, 1
526, 28, 1
526, 612, 1
526, 619, 1
526, 918, 1
259, 323, 1
259, 7, 1
259, 18, 1
259, 177, 1
259, 1249, 1
259, 536, 1
259, 833, 1
259, 1163, 1
259, 667, 1
524, 847, 1
826, 1176, 1
1238, 382, 1
1227, 382, 1
188, 22, 1
674, 413, 1
524, 1176, 1
918, 612, 1
1176, 382, 1
1176, 992, 1
1212, 991, 1
536, 18, 1
172, 413, 1
188, 223, 1
1290, 4, 1
833, 177, 1
1313, 213, 1
992, 524, 1
1212, 1238, 1
382, 991, 1
323, 667, 1
612, 4, 1
992, 826, 1
1, 918, 1
1, 1290, 1
1313, 524, 1
382, 1238, 1
1249, 259, 1
1313, 826, 1
172, 22, 1
1249, 323, 1
674, 1227, 1
992, 188, 1
1212, 847, 1
1176, 674, 1
674, 763, 1
1313, 188, 1
536, 667, 1
382, 847, 1
612, 461, 1
188, 991, 1
172, 223, 1
188, 1238, 1
1212, 1176, 1
992, 172, 1
826, 213, 1
674, 991, 1
323, 1163, 1
18, 259, 1
188, 847, 1
18, 323, 1
1313, 172, 1
763, 413, 1
674, 1238, 1
172, 991, 1
826, 524, 1
619, 612, 1
524, 213, 1
992, 1212, 1
172, 1238, 1
213, 382, 1
992, 382, 1
1313, 1212, 1
413, 382, 1
1212, 22, 1
188, 1176, 1
1313, 382, 1
1227, 413, 1
826, 188, 1
833, 1249, 1
674, 847, 1
536, 1163, 1
1176, 413, 1
763, 223, 1
172, 847, 1
1212, 223, 1
1, 28, 1
382, 223, 1
177, 7, 1
674, 1176, 1
619, 4, 1
177, 1163, 1
172, 1176, 1
826, 172, 1
1176, 1227, 1
1227, 763, 1
38, 4, 1
763, 991, 1
992, 213, 1
991, 223, 1
826, 1212, 1
18, 7, 1
1176, 763, 1
763, 1238, 1
826, 382, 1
619, 461, 1
763, 22, 1
674, 22, 1
4, 28, 1
524, 382, 1
833, 259, 1
38, 461, 1
1227, 991, 1
1238, 991, 1
177, 18, 1
833, 323, 1
763, 847, 1
1212, 188, 1
674, 223, 1
1227, 1238, 1
619, 918, 1
1176, 991, 1
1176, 1238, 1
918, 28, 1
188, 524, 1
1290, 28, 1
223, 991, 1
763, 1176, 1
38, 918, 1
1238, 847, 1
1227, 847, 1
1212, 172, 1
38, 619, 1
177, 667, 1
1176, 847, 1
28, 4, 1
991, 847, 1
223, 847, 1
674, 826, 1
1227, 1176, 1
172, 524, 1
674, 188, 1
1313, 1227, 1
18, 667, 1
28, 461, 1
4, 461, 1
172, 188, 1
38, 612, 1
188, 172, 1
833, 7, 1
1313, 763, 1
1249, 7, 1
323, 259, 1
536, 833, 1
188, 1212, 1
536, 177, 1
1238, 22, 1
1227, 22, 1
188, 382, 1
992, 674, 1
674, 172, 1
1176, 22, 1
1313, 674, 1
1238, 223, 1
1227, 223, 1
763, 213, 1
1212, 213, 1
1176, 223, 1
674, 1212, 1
763, 524, 1
1212, 524, 1
826, 1227, 1
172, 1212, 1
172, 382, 1
1249, 18, 1
18, 1163, 1
826, 763, 1
612, 28, 1
763, 188, 1
188, 213, 1
1176, 826, 1
1227, 188, 1
1249, 667, 1
992, 413, 1
213, 413, 1
38, 1290, 1
1176, 188, 1
763, 172, 1
1313, 413, 1
674, 213, 1
536, 1249, 1
172, 213, 1
22, 991, 1
524, 1238, 1
213, 22, 1
674, 524, 1
763, 1212, 1
992, 22, 1
1, 4, 1
413, 22, 1
1212, 382, 1
763, 382, 1
1313, 22, 1
1227, 172, 1
847, 223, 1
992, 1227, 1
992, 223, 1
213, 223, 1
177, 1249, 1
1176, 172, 1
413, 223, 1
992, 763, 1
1313, 223, 1
1176, 1313, 1
22, 847, 1
1227, 1212, 1
1, 461, 1
1290, 619, 1
833, 1163, 1
1176, 1212, 1
1249, 1163, 1
1290, 612, 1
826, 413, 1
847, 991, 1
992, 991, 1
213, 991, 1
619, 28, 1
38, 1, 1
413, 991, 1
992, 1238, 1
213, 1238, 1
1313, 991, 1
524, 413, 1
536, 259, 1
536, 323, 1
177, 833, 1
413, 1238, 1
826, 22, 1
1313, 1238, 1
1, 619, 1
38, 28, 1
674, 382, 1
524, 22, 1
833, 18, 1
213, 847, 1
826, 223, 1
992, 847, 1
177, 259, 1
177, 323, 1
413, 847, 1
1227, 213, 1
918, 4, 1
1313, 847, 1
524, 223, 1
1176, 213, 1
1227, 524, 1
992, 1176, 1
213, 1176, 1
22, 223, 1
1, 612, 1
323, 7, 1
1176, 524, 1
918, 461, 1
1290, 461, 1
1313, 1176, 1
992, 1313, 1
1163, 667, 1
1212, 413, 1
833, 667, 1
826, 991, 1
826, 1238, 1
524, 991, 1
1290, 918, 1
536, 7, 1
763, 1227, 1
918, 619, 1
382, 22, 1
826, 847, 1
188, 413, 1
323, 18, 1
619, 526, 1
461, 4, 1
382, 763, 1
38, 526, 1
991, 1227, 1
223, 1227, 1
18, 1249, 1
1249, 177, 1
223, 763, 1
213, 524, 1
1290, 38, 1
918, 38, 1
991, 763, 1
213, 826, 1
524, 1212, 1
461, 918, 1
213, 188, 1
1176, 1296, 1
833, 536, 1
28, 526, 1
213, 172, 1
612, 918, 1
612, 619, 1
847, 382, 1
213, 1212, 1
1238, 413, 1
524, 188, 1
223, 413, 1
991, 413, 1
1238, 1227, 1
674, 1313, 1
991, 22, 1
223, 22, 1
612, 38, 1
1238, 763, 1
992, 1296, 1
524, 172, 1
612, 1, 1
1313, 1296, 1
1212, 826, 1
382, 524, 1
382, 826, 1
4, 612, 1
22, 382, 1
323, 1249, 1
382, 188, 1
4, 38, 1
991, 1238, 1
188, 826, 1
223, 1238, 1
223, 826, 1
382, 172, 1
1, 526, 1
612, 1290, 1
213, 1227, 1
382, 1212, 1
172, 826, 1
323, 177, 1
461, 526, 1
847, 763, 1
213, 763, 1
619, 38, 1
413, 763, 1
1313, 992, 1
213, 674, 1
28, 918, 1
4, 918, 1
461, 28, 1
382, 213, 1
1290, 526, 1
918, 526, 1
763, 826, 1
524, 1227, 1
28, 612, 1
524, 763, 1
1227, 826, 1
223, 213, 1
22, 763, 1
28, 38, 1
991, 524, 1
223, 524, 1
177, 536, 1
991, 826, 1
991, 188, 1
223, 188, 1
847, 22, 1
22, 1238, 1
413, 1227, 1
991, 172, 1
223, 172, 1
991, 1212, 1
188, 1227, 1
223, 1212, 1
991, 382, 1
223, 382, 1
612, 526, 1
188, 763, 1
847, 1238, 1
172, 1227, 1
1238, 213, 1
172, 763, 1
18, 177, 1
991, 213, 1
4, 526, 1
213, 1313, 1
1, 38, 1
382, 413, 1
461, 38, 1
1212, 1227, 1
382, 1227, 1
1212, 763, 1
22, 413, 1
524, 826, 1
1296, 38, -1
1296, 1290, -1
1296, 461, -1
1296, 1, -1
1296, 4, -1
1296, 28, -1
1296, 612, -1
1296, 619, -1
1296, 918, -1
1296, 323, -1
1296, 7, -1
1296, 18, -1
1296, 177, -1
1296, 1249, -1
1296, 536, -1
1296, 833, -1
1296, 813, -1
1296, 1400, -1
1296, 1421, -1
1163, 524, -1
1163, 413, -1
1163, 1176, -1
1163, 763, -1
1163, 188, -1
1163, 213, -1
1163, 1212, -1
1163, 22, -1
1163, 991, -1
1163, 674, -1
1163, 847, -1
1163, 1238, -1
1163, 826, -1
1163, 382, -1
1163, 172, -1
1163, 1227, -1
1163, 992, -1
1163, 1313, -1
1163, 223, -1
1163, 1296, -1
1163, 38, -1
1163, 1290, -1
1163, 461, -1
1163, 1, -1
1163, 4, -1
1163, 28, -1
1163, 612, -1
1163, 619, -1
1163, 918, -1
1163, 813, -1
1163, 1400, -1
1163, 1421, -1
667, 524, -1
667, 413, -1
667, 1176, -1
667, 763, -1
667, 188, -1
667, 213, -1
667, 1212, -1
667, 22, -1
667, 991, -1
667, 674, -1
667, 847, -1
667, 1238, -1
667, 826, -1
667, 382, -1
667, 172, -1
667, 1227, -1
667, 992, -1
667, 1313, -1
667, 223, -1
667, 1296, -1
667, 38, -1
667, 1290, -1
667, 461, -1
667, 1, -1
667, 4, -1
667, 28, -1
667, 612, -1
667, 619, -1
667, 918, -1
667, 813, -1
667, 1400, -1
667, 1421, -1
526, 524, -1
526, 413, -1
526, 1176, -1
526, 763, -1
526, 188, -1
526, 213, -1
526, 1212, -1
526, 22, -1
526, 991, -1
526, 674, -1
526, 847, -1
526, 1238, -1
526, 826, -1
526, 382, -1
526, 172, -1
526, 1227, -1
526, 992, -1
526, 1313, -1
526, 223, -1
526, 1296, -1
526, 323, -1
526, 7, -1
526, 18, -1
526, 177, -1
526, 1249, -1
526, 536, -1
526, 833, -1
526, 1163, -1
526, 667, -1
526, 813, -1
526, 1400, -1
526, 1421, -1
259, 524, -1
259, 413, -1
259, 1176, -1
259, 763, -1
259, 188, -1
259, 213, -1
259, 1212, -1
259, 22, -1
259, 991, -1
259, 674, -1
259, 847, -1
259, 1238, -1
259, 826, -1
259, 382, -1
259, 172, -1
259, 1227, -1
259, 992, -1
259, 1313, -1
259, 223, -1
259, 1296, -1
259, 38, -1
259, 1290, -1
259, 461, -1
259, 1, -1
259, 4, -1
259, 28, -1
259, 612, -1
259, 619, -1
259, 918, -1
259, 526, -1
259, 813, -1
259, 1400, -1
259, 1421, -1
382, 461, -1
1290, 847, -1
991, 7, -1
992, 259, -1
1212, 918, -1
177, 28, -1
992, 1400, -1
461, 223, -1
1313, 323, -1
188, 461, -1
918, 813, -1
1212, 1421, -1
18, 1212, -1
38, 382, -1
918, 413, -1
1296, 526, -1
524, 28, -1
188, 1400, -1
674, 461, -1
461, 991, -1
619, 18, -1
172, 461, -1
461, 1238, -1
918, 22, -1
763, 813, -1
213, 526, -1
38, 18, -1
172, 1400, -1
847, 7, -1
461, 847, -1
382, 38, -1
763, 4, -1
1, 1249, -1
18, 524, -1
612, 1421, -1
1249, 172, -1
1227, 4, -1
323, 918, -1
619, 413, -1
674, 38, -1
1249, 28, -1
177, 1227, -1
323, 1421, -1
813, 382, -1
619, 22, -1
524, 526, -1
619, 1163, -1
1176, 461, -1
4, 1421, -1
619, 763, -1
1, 323, -1
38, 1163, -1
536, 1421, -1
1290, 172, -1
177, 674, -1
1400, 461, -1
38, 763, -1
918, 1212, -1
536, 612, -1
1, 188, -1
1296, 1163, -1
833, 188, -1
1400, 1238, -1
413, 7, -1
177, 813, -1
918, 259, -1
1249, 526, -1
1176, 38, -1
1400, 847, -1
177, 413, -1
382, 28, -1
1421, 223, -1
918, 524, -1
177, 4, -1
833, 1212, -1
323, 1290, -1
177, 22, -1
1400, 38, -1
188, 28, -1
1421, 991, -1
28, 1238, -1
536, 1290, -1
524, 4, -1
1176, 833, -1
619, 223, -1
1176, 177, -1
1249, 674, -1
674, 28, -1
1227, 1400, -1
28, 847, -1
992, 612, -1
172, 28, -1
918, 7, -1
38, 223, -1
619, 259, -1
1313, 667, -1
1400, 833, -1
1400, 177, -1
1313, 38, -1
18, 918, -1
1176, 536, -1
382, 526, -1
38, 991, -1
763, 7, -1
18, 1421, -1
1249, 413, -1
1400, 536, -1
213, 461, -1
1249, 4, -1
18, 612, -1
826, 813, -1
1249, 22, -1
223, 7, -1
918, 667, -1
674, 526, -1
1176, 28, -1
413, 918, -1
1249, 763, -1
1313, 918, -1
826, 4, -1
813, 223, -1
1290, 813, -1
1400, 1, -1
1290, 413, -1
1, 1238, -1
1400, 28, -1
1290, 22, -1
813, 991, -1
536, 188, -1
524, 461, -1
1, 847, -1
1290, 1163, -1
177, 524, -1
813, 1238, -1
619, 213, -1
992, 1249, -1
674, 18, -1
1290, 763, -1
813, 847, -1
18, 1290, -1
38, 213, -1
1313, 1, -1
382, 4, -1
461, 813, -1
833, 38, -1
188, 813, -1
461, 413, -1
1212, 461, -1
1176, 526, -1
918, 1421, -1
188, 4, -1
461, 22, -1
172, 813, -1
992, 323, -1
1249, 223, -1
674, 4, -1
763, 1421, -1
1313, 1290, -1
172, 4, -1
674, 1163, -1
1400, 382, -1
833, 918, -1
1176, 18, -1
763, 612, -1
177, 213, -1
1212, 38, -1
826, 259, -1
1227, 612, -1
1400, 18, -1
1313, 526, -1
1290, 223, -1
612, 991, -1
323, 461, -1
1, 172, -1
1290, 259, -1
612, 1238, -1
1, 1313, -1
28, 382, -1
833, 1313, -1
833, 1, -1
612, 847, -1
18, 188, -1
536, 461, -1
1176, 4, -1
323, 991, -1
833, 28, -1
323, 1238, -1
1176, 1163, -1
826, 7, -1
619, 1227, -1
1400, 4, -1
323, 847, -1
536, 1238, -1
38, 1227, -1
1400, 1163, -1
4, 667, -1
323, 38, -1
1249, 213, -1
833, 1290, -1
536, 847, -1
1176, 619, -1
674, 259, -1
38, 674, -1
536, 38, -1
674, 1400, -1
1400, 619, -1
1421, 413, -1
177, 612, -1
992, 7, -1
1227, 813, -1
1421, 22, -1
833, 526, -1
1313, 1163, -1
1212, 28, -1
918, 323, -1
1290, 213, -1
619, 813, -1
619, 1249, -1
1, 382, -1
38, 813, -1
833, 382, -1
918, 188, -1
38, 413, -1
1313, 619, -1
612, 172, -1
1, 674, -1
536, 918, -1
1, 18, -1
38, 22, -1
992, 667, -1
18, 461, -1
1176, 1400, -1
1400, 223, -1
619, 323, -1
323, 172, -1
461, 213, -1
213, 813, -1
1212, 526, -1
1249, 612, -1
323, 28, -1
536, 172, -1
826, 1421, -1
619, 188, -1
1400, 991, -1
18, 1238, -1
536, 1313, -1
38, 826, -1
536, 1, -1
1163, 526, -1
826, 612, -1
7, 847, -1
536, 28, -1
18, 847, -1
813, 413, -1
1, 1163, -1
28, 223, -1
1313, 461, -1
1, 763, -1
1249, 1227, -1
18, 38, -1
524, 813, -1
619, 1212, -1
813, 22, -1
992, 918, -1
833, 763, -1
1313, 1400, -1
28, 991, -1
38, 1212, -1
992, 1421, -1
992, 536, -1
833, 619, -1
612, 382, -1
323, 526, -1
382, 612, -1
1290, 1227, -1
177, 826, -1
413, 38, -1
619, 524, -1
38, 259, -1
177, 188, -1
323, 382, -1
536, 526, -1
992, 1, -1
188, 612, -1
1212, 4, -1
1400, 213, -1
1421, 7, -1
38, 524, -1
4, 382, -1
1249, 813, -1
674, 612, -1
536, 382, -1
1296, 259, -1
918, 1238, -1
323, 674, -1
172, 612, -1
1227, 7, -1
1238, 7, -1
177, 1212, -1
918, 847, -1
1, 223, -1
619, 7, -1
18, 172, -1
833, 223, -1
833, 461, -1
612, 413, -1
992, 1290, -1
28, 213, -1
38, 7, -1
1, 991, -1
18, 28, -1
833, 991, -1
323, 413, -1
833, 1238, -1
1249, 826, -1
323, 4, -1
763, 38, -1
1249, 188, -1
826, 323, -1
833, 847, -1
1176, 612, -1
619, 667, -1
536, 4, -1
323, 763, -1
1290, 323, -1
38, 667, -1
1313, 28, -1
1290, 826, -1
1249, 1212, -1
813, 7, -1
536, 763, -1
1290, 188, -1
674, 813, -1
18, 526, -1
1212, 1400, -1
763, 918, -1
536, 619, -1
524, 7, -1
918, 172, -1
1, 213, -1
22, 7, -1
1238, 918, -1
18, 382, -1
1227, 918, -1
833, 213, -1
1290, 1212, -1
1227, 1421, -1
612, 223, -1
1249, 524, -1
18, 674, -1
619, 1421, -1
674, 323, -1
619, 536, -1
413, 526, -1
38, 1421, -1
323, 223, -1
177, 38, -1
1176, 813, -1
4, 223, -1
833, 172, -1
1290, 524, -1
536, 223, -1
992, 619, -1
4, 991, -1
1313, 18, -1
1400, 413, -1
18, 4, -1
4, 1238, -1
536, 991, -1
667, 526, -1
1400, 22, -1
4, 847, -1
177, 918, -1
1290, 7, -1
1176, 323, -1
7, 763, -1
18, 763, -1
177, 1421, -1
28, 813, -1
1313, 813, -1
763, 526, -1
18, 619, -1
28, 413, -1
612, 213, -1
1313, 4, -1
524, 1421, -1
382, 7, -1
28, 22, -1
826, 667, -1
992, 461, -1
177, 1313, -1
177, 1, -1
1, 1227, -1
461, 7, -1
826, 38, -1
188, 7, -1
323, 213, -1
1290, 667, -1
833, 1227, -1
619, 382, -1
38, 1249, -1
4, 213, -1
674, 7, -1
536, 213, -1
172, 7, -1
1249, 918, -1
833, 674, -1
1212, 612, -1
1176, 259, -1
18, 223, -1
7, 223, -1
177, 1290, -1
1249, 1421, -1
918, 1163, -1
992, 38, -1
826, 918, -1
918, 763, -1
38, 323, -1
1400, 259, -1
1, 813, -1
188, 667, -1
18, 991, -1
7, 991, -1
833, 813, -1
1, 413, -1
1400, 524, -1
188, 38, -1
1249, 1313, -1
177, 526, -1
674, 667, -1
833, 413, -1
1249, 1, -1
38, 188, -1
172, 667, -1
1290, 1421, -1
1, 22, -1
833, 4, -1
992, 833, -1
992, 177, -1
1176, 7, -1
833, 22, -1
177, 382, -1
172, 38, -1
1313, 259, -1
382, 918, -1
323, 612, -1
1400, 7, -1
826, 28, -1
28, 524, -1
1, 826, -1
188, 918, -1
1249, 1290, -1
833, 826, -1
461, 1421, -1
188, 1421, -1
1212, 813, -1
674, 918, -1
918, 223, -1
172, 918, -1
826, 1290, -1
1176, 667, -1
323, 1227, -1
18, 213, -1
28, 7, -1
1313, 7, -1
674, 1421, -1
172, 1421, -1
992, 28, -1
1, 1212, -1
1400, 667, -1
918, 991, -1
536, 1227, -1
763, 461, -1
1249, 382, -1
826, 526, -1
612, 813, -1
1227, 461, -1
763, 1400, -1
177, 763, -1
536, 674, -1
1421, 1238, -1
382, 1290, -1
1, 259, -1
1421, 847, -1
28, 667, -1
612, 22, -1
1, 524, -1
323, 813, -1
1176, 918, -1
177, 619, -1
1290, 382, -1
833, 524, -1
619, 991, -1
4, 813, -1
1176, 1421, -1
619, 1238, -1
536, 813, -1
4, 413, -1
992, 526, -1
1400, 918, -1
674, 1290, -1
323, 22, -1
38, 1238, -1
619, 847, -1
213, 7, -1
536, 413, -1
4, 22, -1
1238, 38, -1
1227, 38, -1
1, 7, -1
38, 847, -1
188, 526, -1
918, 213, -1
536, 22, -1
612, 188, -1
1400, 612, -1
1176, 1, -1
461, 382, -1
992, 18, -1
323, 826, -1
172, 526, -1
1296, 667, -1
177, 223, -1
177, 461, -1
323, 188, -1
28, 1421, -1
826, 1163, -1
1313, 1421, -1
612, 1212, -1
619, 833, -1
536, 826, -1
619, 177, -1
1249, 619, -1
18, 1227, -1
38, 833, -1
177, 991, -1
1313, 612, -1
38, 177, -1
1176, 1290, -1
1, 667, -1
992, 813, -1
177, 1238, -1
213, 38, -1
826, 619, -1
323, 1212, -1
177, 847, -1
1400, 1290, -1
992, 4, -1
1212, 7, -1
536, 1212, -1
992, 1163, -1
612, 524, -1
763, 28, -1
1176, 1249, -1
619, 172, -1
524, 667, -1
1227, 28, -1
18, 813, -1
213, 918, -1
524, 38, -1
323, 524, -1
38, 172, -1
1249, 461, -1
38, 1313, -1
1400, 1249, -1
382, 619, -1
18, 413, -1
4, 524, -1
213, 1421, -1
612, 7, -1
536, 524, -1
18, 22, -1
1, 1421, -1
1212, 667, -1
826, 461, -1
1249, 991, -1
1249, 1238, -1
833, 1421, -1
918, 1227, -1
826, 1400, -1
674, 619, -1
1249, 847, -1
833, 612, -1
1313, 1249, -1
4, 7, -1
1400, 323, -1
524, 918, -1
18, 826, -1
1249, 38, -1
1421, 382, -1
1290, 991, -1
1238, 526, -1
1227, 526, -1
1290, 1238, -1
177, 172, -1
612, 667, -1
213, 833, -1
213, 177, -1
813, 1212, -1
1313, 177, -1
826, 1249, -1
813, 28, -1
18, 1176, -1
1, 177, -1
223, 1163, -1
213, 259, -1
1400, 526, -1
213, 323, -1
991, 1163, -1
826, 1, -1
213, 1290, -1
18, 1313, -1
7, 1313, -1
524, 1249, -1
1290, 1176, -1
18, 1, -1
524, 1, -1
1290, 1249, -1
1290, 1313, -1
536, 1296, -1
1227, 619, -1
382, 1421, -1
38, 992, -1
1400, 992, -1
1400, 188, -1
612, 1163, -1
612, 1227, -1
763, 667, -1
28, 188, -1
991, 619, -1
991, 18, -1
223, 18, -1
223, 619, -1
177, 1296, -1
826, 177, -1
612, 763, -1
847, 526, -1
813, 524, -1
223, 1421, -1
1212, 1249, -1
1227, 667, -1
1212, 1, -1
1290, 177, -1
813, 188, -1
38, 1296, -1
223, 667, -1
991, 667, -1
7, 213, -1
1400, 1296, -1
382, 1, -1
223, 612, -1
991, 612, -1
4, 1163, -1
674, 536, -1
4, 1227, -1
833, 1176, -1
7, 524, -1
461, 1176, -1
1421, 1227, -1
213, 28, -1
223, 813, -1
461, 1249, -1
813, 526, -1
223, 38, -1
4, 763, -1
188, 1249, -1
461, 1313, -1
991, 813, -1
991, 38, -1
813, 172, -1
1421, 763, -1
188, 1, -1
991, 4, -1
1227, 1163, -1
223, 4, -1
674, 1249, -1
612, 1176, -1
1421, 918, -1
1212, 259, -1
1212, 323, -1
1238, 461, -1
172, 1249, -1
674, 1, -1
177, 992, -1
382, 259, -1
612, 1313, -1
1212, 1290, -1
382, 323, -1
22, 526, -1
172, 1, -1
991, 461, -1
223, 461, -1
7, 382, -1
918, 1313, -1
1400, 1227, -1
323, 1176, -1
188, 259, -1
188, 323, -1
991, 918, -1
1400, 763, -1
323, 1313, -1
223, 918, -1
1238, 1421, -1
674, 177, -1
188, 1290, -1
461, 524, -1
323, 1, -1
674, 833, -1
612, 833, -1
461, 826, -1
612, 177, -1
1421, 38, -1
991, 1421, -1
763, 1249, -1
461, 188, -1
1400, 674, -1
172, 259, -1
612, 259, -1
172, 323, -1
612, 323, -1
763, 1, -1
172, 1290, -1
213, 1163, -1
1238, 813, -1
28, 1163, -1
612, 826, -1
28, 1227, -1
619, 1176, -1
1238, 1, -1
461, 172, -1
1227, 1, -1
28, 763, -1
619, 1313, -1
1, 992, -1
461, 1212, -1
833, 992, -1
1249, 992, -1
813, 1227, -1
213, 619, -1
213, 18, -1
223, 28, -1
813, 763, -1
612, 1249, -1
1227, 259, -1
1227, 323, -1
1, 1296, -1
524, 1163, -1
213, 667, -1
213, 612, -1
991, 259, -1
223, 259, -1
833, 1296, -1
461, 1296, -1
1249, 1296, -1
223, 323, -1
991, 323, -1
847, 38, -1
918, 382, -1
4, 1176, -1
826, 18, -1
4, 1249, -1
619, 826, -1
4, 1313, -1
536, 1176, -1
22, 918, -1
813, 612, -1
213, 4, -1
7, 1238, -1
1290, 674, -1
1400, 826, -1
1290, 18, -1
177, 1176, -1
813, 38, -1
1227, 1249, -1
991, 526, -1
223, 526, -1
524, 612, -1
813, 4, -1
461, 1227, -1
38, 1176, -1
188, 1163, -1
847, 918, -1
1212, 619, -1
1400, 1176, -1
461, 992, -1
1400, 172, -1
461, 763, -1
22, 38, -1
991, 28, -1
1400, 1313, -1
7, 413, -1
1400, 1212, -1
413, 1421, -1
172, 1163, -1
7, 22, -1
461, 674, -1
4, 188, -1
188, 619, -1
813, 918, -1
612, 992, -1
382, 667, -1
382, 813, -1
28, 1176, -1
213, 1249, -1
1421, 526, -1
28, 172, -1
4, 172, -1
612, 674, -1
1, 1176, -1
172, 619, -1
28, 1249, -1
213, 1, -1
28, 1313, -1
612, 18, -1
413, 1, -1
28, 1212, -1
4, 1212, -1
1249, 1176, -1
612, 1296, -1
763, 1163, -1
1212, 1163, -1
382, 1163, -1
536, 992, -1
323, 619, -1
619, 992, -1
28, 826, -1
4, 826, -1
619, 1296, -1
619, 674, -1

978, 524, 1
978, 413, 1
978, 1176, 1
978, 763, 1
978, 188, 1
978, 213, 1
978, 1212, 1
978, 22, 1
978, 991, 1
978, 674, 1
978, 847, 1
978, 1238, 1
978, 826, 1
978, 382, 1
978, 172, 1
978, 1227, 1
978, 992, 1
978, 1313, 1
978, 223, 1
978, 1296, 1
979, 524, 1
979, 413, 1
979, 1176, 1
979, 763, 1
979, 188, 1
979, 213, 1
979, 1212, 1
979, 22, 1
979, 991, 1
979, 674, 1
979, 847, 1
979, 1238, 1
979, 826, 1
979, 382, 1
979, 172, 1
979, 1227, 1
979, 992, 1
979, 1313, 1
979, 223, 1
979, 1296, 1
979, 978, 1
54, 524, 1
54, 413, 1
54, 1176, 1
54, 763, 1
54, 188, 1
54, 213, 1
54, 1212, 1
54, 22, 1
54, 991, 1
54, 674, 1
54, 847, 1
54, 1238, 1
54, 826, 1
54, 382, 1
54, 172, 1
54, 1227, 1
54, 992, 1
54, 1313, 1
54, 223, 1
54, 1296, 1
54, 978, 1
54, 979, 1
1171, 524, 1
1171, 413, 1
1171, 1176, 1
1171, 763, 1
1171, 188, 1
1171, 213, 1
1171, 1212, 1
1171, 22, 1
1171, 991, 1
1171, 674, 1
1171, 847, 1
1171, 1238, 1
1171, 826, 1
1171, 382, 1
1171, 172, 1
1171, 1227, 1
1171, 992, 1
1171, 1313, 1
1171, 223, 1
1171, 1296, 1
1171, 978, 1
1171, 979, 1
1171, 54, 1
1160, 323, 1
1160, 7, 1
1160, 18, 1
1160, 177, 1
1160, 1249, 1
1160, 536, 1
1160, 833, 1
1160, 1163, 1
1160, 667, 1
1160, 259, 1
639, 323, 1
639, 7, 1
639, 18, 1
639, 177, 1
639, 1249, 1
639, 536, 1
639, 833, 1
639, 1163, 1
639, 667, 1
639, 259, 1
639, 1160, 1
1227, 382, 1
1238, 382, 1
413, 979, 1
1176, 992, 1
1313, 979, 1
992, 1171, 1
188, 223, 1
323, 667, 1
992, 524, 1
1249, 177, 1
382, 991, 1
382, 1238, 1
1313, 826, 1
536, 667, 1
172, 223, 1
1313, 188, 1
382, 847, 1
188, 991, 1
188, 1238, 1
1296, 382, 1
978, 54, 1
826, 213, 1
674, 991, 1
18, 259, 1
763, 413, 1
188, 847, 1
674, 1238, 1
172, 991, 1
1176, 978, 1
172, 1238, 1
213, 382, 1
763, 22, 1
1313, 1212, 1
1163, 639, 1
259, 1163, 1
1227, 413, 1
1238, 413, 1
833, 1249, 1
674, 847, 1
172, 847, 1
826, 172, 1
223, 22, 1
1227, 763, 1
1238, 763, 1
992, 1296, 1
992, 213, 1
18, 7, 1
524, 382, 1
978, 979, 1
833, 323, 1
323, 639, 1
177, 18, 1
1176, 991, 1
1313, 978, 1
1176, 1238, 1
536, 639, 1
1296, 992, 1
1176, 847, 1
1296, 763, 1
382, 172, 1
536, 1160, 1
213, 763, 1
18, 667, 1
188, 172, 1
674, 172, 1
1227, 223, 1
1238, 223, 1
763, 1171, 1
1296, 978, 1
763, 524, 1
826, 1227, 1
1249, 18, 1
1227, 1171, 1
667, 7, 1
524, 763, 1
22, 763, 1
1296, 223, 1
536, 1249, 1
992, 1227, 1
213, 223, 1
1176, 172, 1
1176, 1313, 1
1296, 991, 1
1296, 1238, 1
1249, 1163, 1
18, 639, 1
7, 639, 1
188, 1227, 1
826, 413, 1
213, 991, 1
1296, 847, 1
213, 1238, 1
536, 323, 1
826, 22, 1
992, 54, 1
674, 382, 1
172, 1227, 1
213, 847, 1
177, 259, 1
1227, 213, 1
1238, 213, 1
524, 223, 1
22, 223, 1
833, 667, 1
382, 413, 1
524, 991, 1
382, 22, 1
188, 413, 1
524, 847, 1
979, 1171, 1
382, 763, 1
188, 22, 1
992, 979, 1
674, 413, 1
1176, 382, 1
1212, 991, 1
172, 413, 1
833, 177, 1
1212, 1238, 1
991, 763, 1
992, 826, 1
667, 639, 1
172, 22, 1
1249, 259, 1
992, 188, 1
1176, 674, 1
1212, 847, 1
1296, 172, 1
674, 763, 1
833, 536, 1
826, 1171, 1
18, 323, 1
826, 524, 1
524, 213, 1
992, 1212, 1
413, 382, 1
1313, 382, 1
1176, 413, 1
382, 223, 1
674, 1176, 1
1238, 1227, 1
991, 223, 1
1176, 763, 1
382, 1171, 1
382, 524, 1
763, 54, 1
674, 223, 1
54, 1171, 1
188, 1171, 1
188, 524, 1
1227, 54, 1
1238, 54, 1
1296, 1227, 1
1212, 172, 1
674, 1171, 1
991, 847, 1
172, 1171, 1
172, 524, 1
213, 1227, 1
1296, 674, 1
413, 763, 1
1313, 763, 1
536, 833, 1
536, 177, 1
1227, 22, 1
1238, 22, 1
763, 979, 1
1176, 223, 1
382, 213, 1
763, 826, 1
1238, 979, 1
524, 1227, 1
763, 188, 1
1296, 413, 1
1176, 1171, 1
1227, 826, 1
188, 213, 1
1296, 22, 1
1227, 188, 1
213, 413, 1
674, 213, 1
172, 213, 1
213, 22, 1
763, 1212, 1
1212, 382, 1
524, 54, 1
177, 1249, 1
413, 223, 1
1313, 223, 1
1227, 1212, 1
833, 1163, 1
979, 54, 1
524, 413, 1
413, 991, 1
1313, 991, 1
413, 1238, 1
1313, 1238, 1
1296, 1176, 1
524, 22, 1
177, 323, 1
413, 847, 1
1313, 847, 1
1176, 213, 1
1227, 524, 1
992, 1313, 1
1212, 413, 1
259, 7, 1
826, 54, 1
382, 1227, 1
1212, 763, 1
1296, 1171, 1
1296, 524, 1
536, 18, 1
1313, 213, 1
674, 1227, 1
1249, 323, 1
382, 54, 1
826, 979, 1
188, 54, 1
323, 1163, 1
1313, 172, 1
524, 1171, 1
992, 382, 1
674, 54, 1
826, 188, 1
172, 54, 1
536, 1163, 1
1212, 223, 1
1296, 213, 1
177, 7, 1
991, 22, 1
1176, 1227, 1
1212, 1171, 1
382, 979, 1
826, 1212, 1
674, 22, 1
382, 826, 1
188, 979, 1
382, 188, 1
259, 639, 1
188, 826, 1
674, 979, 1
1176, 54, 1
172, 979, 1
177, 667, 1
674, 826, 1
382, 1212, 1
172, 826, 1
1313, 1227, 1
674, 188, 1
847, 763, 1
172, 188, 1
323, 259, 1
1249, 7, 1
188, 1212, 1
1176, 22, 1
1313, 674, 1
1212, 213, 1
674, 1212, 1
172, 1212, 1
18, 1163, 1
992, 978, 1
1176, 826, 1
1249, 667, 1
1176, 188, 1
1313, 413, 1
674, 524, 1
763, 382, 1
413, 22, 1
1313, 22, 1
177, 639, 1
847, 223, 1
992, 223, 1
1176, 1212, 1
1296, 54, 1
847, 991, 1
992, 991, 1
259, 323, 1
992, 1238, 1
213, 54, 1
1227, 979, 1
992, 847, 1
833, 18, 1
667, 1163, 1
1176, 524, 1
674, 1296, 1
1249, 639, 1
1212, 1227, 1
1296, 979, 1
1296, 826, 1
213, 979, 1
1296, 188, 1
223, 763, 1
1313, 1171, 1
1313, 524, 1
1212, 54, 1
1176, 1296, 1
1296, 1212, 1
992, 172, 1
524, 979, 1
1212, 22, 1
763, 223, 1
177, 1163, 1
1212, 979, 1
674, 1313, 1
763, 991, 1
763, 1238, 1
826, 382, 1
1212, 826, 1
833, 259, 1
1212, 188, 1
1227, 991, 1
1238, 991, 1
763, 847, 1
259, 667, 1
1227, 1238, 1
978, 1171, 1
223, 991, 1
1227, 847, 1
1238, 847, 1
223, 847, 1
833, 7, 1
188, 382, 1
992, 674, 1
763, 213, 1
1212, 524, 1
172, 382, 1
826, 763, 1
992, 413, 1
763, 172, 1
847, 22, 1
524, 1238, 1
22, 991, 1
992, 22, 1
1227, 172, 1
413, 1227, 1
992, 763, 1
22, 847, 1
1163, 7, 1
188, 763, 1
536, 259, 1
1160, 639, 1
674, 992, 1
413, 54, 1
826, 223, 1
1313, 54, 1
1296, 1313, 1
172, 763, 1
1176, 979, 1
992, 1176, 1
323, 7, 1
1163, 667, 1
826, 991, 1
826, 1238, 1
833, 639, 1
536, 7, 1
763, 1227, 1
826, 847, 1
674, 978, 1
833, 1160, 1
826, 1176, 1
1249, 1160, 1
524, 1176, 1
991, 1227, 1
223, 1227, 1
18, 1249, 1
213, 1171, 1
213, 524, 1
213, 826, 1
524, 1212, 1
213, 188, 1
667, 1160, 1
1212, 1176, 1
223, 54, 1
213, 172, 1
22, 979, 1
847, 382, 1
213, 1212, 1
188, 1176, 1
524, 188, 1
223, 413, 1
991, 413, 1
1163, 1160, 1
172, 1176, 1
259, 18, 1
524, 172, 1
1313, 1296, 1
667, 1249, 1
22, 382, 1
323, 1249, 1
991, 1238, 1
763, 1176, 1
223, 1238, 1
223, 826, 1
323, 1160, 1
991, 54, 1
1227, 1176, 1
259, 1160, 1
323, 177, 1
1163, 1249, 1
1313, 992, 1
259, 177, 1
213, 674, 1
847, 54, 1
259, 536, 1
991, 979, 1
223, 979, 1
213, 978, 1
223, 213, 1
991, 1171, 1
223, 1171, 1
991, 524, 1
223, 524, 1
177, 536, 1
991, 826, 1
259, 1249, 1
991, 188, 1
223, 188, 1
22, 1238, 1
22, 54, 1
991, 172, 1
223, 172, 1
259, 833, 1
177, 1160, 1
223, 1212, 1
991, 1212, 1
991, 382, 1
223, 382, 1
847, 1238, 1
177, 833, 1
18, 1160, 1
18, 177, 1
1249, 536, 1
213, 1176, 1
991, 213, 1
1313, 1176, 1
213, 1313, 1
323, 18, 1
22, 413, 1
524, 826, 1
978, 38, -1
978, 1290, -1
978, 461, -1
978, 1, -1
978, 4, -1
978, 28, -1
978, 612, -1
978, 619, -1
978, 918, -1
978, 526, -1
978, 323, -1
978, 7, -1
978, 18, -1
978, 177, -1
978, 1249, -1
978, 536, -1
978, 833, -1
978, 1163, -1
978, 667, -1
978, 259, -1
978, 813, -1
978, 1400, -1
978, 1421, -1
979, 38, -1
979, 1290, -1
979, 461, -1
979, 1, -1
979, 4, -1
979, 28, -1
979, 612, -1
979, 619, -1
979, 918, -1
979, 526, -1
979, 323, -1
979, 7, -1
979, 18, -1
979, 177, -1
979, 1249, -1
979, 536, -1
979, 833, -1
979, 1163, -1
979, 667, -1
979, 259, -1
979, 813, -1
979, 1400, -1
979, 1421, -1
54, 38, -1
54, 1290, -1
54, 461, -1
54, 1, -1
54, 4, -1
54, 28, -1
54, 612, -1
54, 619, -1
54, 918, -1
54, 526, -1
54, 323, -1
54, 7, -1
54, 18, -1
54, 177, -1
54, 1249, -1
54, 536, -1
54, 833, -1
54, 1163, -1
54, 667, -1
54, 259, -1
54, 813, -1
54, 1400, -1
54, 1421, -1
1171, 38, -1
1171, 1290, -1
1171, 461, -1
1171, 1, -1
1171, 4, -1
1171, 28, -1
1171, 612, -1
1171, 619, -1
1171, 918, -1
1171, 526, -1
1171, 323, -1
1171, 7, -1
1171, 18, -1
1171, 177, -1
1171, 1249, -1
1171, 536, -1
1171, 833, -1
1171, 1163, -1
1171, 667, -1
1171, 259, -1
1171, 813, -1
1171, 1400, -1
1171, 1421, -1
1160, 524, -1
1160, 413, -1
1160, 1176, -1
1160, 763, -1
1160, 188, -1
1160, 213, -1
1160, 1212, -1
1160, 22, -1
1160, 991, -1
1160, 674, -1
1160, 847, -1
1160, 1238, -1
1160, 826, -1
1160, 382, -1
1160, 172, -1
1160, 1227, -1
1160, 992, -1
1160, 1313, -1
1160, 223, -1
1160, 1296, -1
1160, 978, -1
1160, 979, -1
1160, 54, -1
1160, 1171, -1
1160, 38, -1
1160, 1290, -1
1160, 461, -1
1160, 1, -1
1160, 4, -1
1160, 28, -1
1160, 612, -1
1160, 619, -1
1160, 918, -1
1160, 526, -1
1160, 813, -1
1160, 1400, -1
1160, 1421, -1
639, 524, -1
639, 413, -1
639, 1176, -1
639, 763, -1
639, 188, -1
639, 213, -1
639, 1212, -1
639, 22, -1
639, 991, -1
639, 674, -1
639, 847, -1
639, 1238, -1
639, 826, -1
639, 382, -1
639, 172, -1
639, 1227, -1
639, 992, -1
639, 1313, -1
639, 223, -1
639, 1296, -1
639, 978, -1
639, 979, -1
639, 54, -1
639, 1171, -1
639, 38, -1
639, 1290, -1
639, 461, -1
639, 1, -1
639, 4, -1
639, 28, -1
639, 612, -1
639, 619, -1
639, 918, -1
639, 526, -1
639, 813, -1
639, 1400, -1
639, 1421, -1
1296, 1290, -1
382, 461, -1
667, 54, -1
1290, 847, -1
991, 7, -1
992, 259, -1
1212, 918, -1
18, 1176, -1
1171, 639, -1
177, 28, -1
526, 847, -1
461, 223, -1
1313, 323, -1
188, 461, -1
1212, 1421, -1
18, 1212, -1
667, 813, -1
536, 1296, -1
38, 382, -1
1171, 1160, -1
1163, 918, -1
918, 413, -1
1296, 526, -1
1400, 992, -1
667, 413, -1
674, 461, -1
619, 674, -1
461, 991, -1
172, 461, -1
223, 18, -1
461, 1238, -1
1163, 1421, -1
918, 22, -1
667, 22, -1
763, 813, -1
1212, 639, -1
213, 526, -1
382, 38, -1
461, 847, -1
847, 7, -1
1163, 612, -1
991, 667, -1
763, 4, -1
18, 1171, -1
1, 1249, -1
18, 524, -1
1249, 172, -1
1227, 4, -1
259, 763, -1
323, 918, -1
619, 413, -1
1400, 978, -1
1227, 1163, -1
674, 38, -1
1249, 28, -1
177, 1227, -1
813, 382, -1
323, 1421, -1
619, 22, -1
612, 639, -1
524, 526, -1
259, 619, -1
619, 1163, -1
1176, 461, -1
22, 526, -1
1, 979, -1
619, 763, -1
1, 323, -1
1290, 172, -1
536, 1421, -1
833, 979, -1
177, 674, -1
918, 1212, -1
38, 763, -1
667, 1212, -1
674, 833, -1
674, 177, -1
536, 612, -1
4, 639, -1
1, 188, -1
1296, 1163, -1
833, 188, -1
1400, 1238, -1
413, 7, -1
177, 813, -1
1249, 526, -1
1176, 38, -1
619, 1176, -1
1400, 847, -1
1296, 619, -1
991, 639, -1
177, 413, -1
382, 28, -1
918, 1171, -1
1421, 223, -1
259, 223, -1
259, 461, -1
918, 524, -1
667, 524, -1
177, 4, -1
833, 1212, -1
177, 22, -1
833, 992, -1
188, 28, -1
259, 1400, -1
1421, 991, -1
259, 991, -1
536, 1290, -1
28, 1238, -1
1176, 833, -1
619, 223, -1
1176, 177, -1
259, 1238, -1
1249, 674, -1
1227, 259, -1
674, 28, -1
28, 847, -1
172, 28, -1
1163, 979, -1
918, 7, -1
992, 612, -1
38, 223, -1
259, 847, -1
1313, 667, -1
223, 259, -1
1400, 833, -1
847, 639, -1
1400, 177, -1
619, 1171, -1
1, 978, -1
1313, 38, -1
826, 18, -1
18, 918, -1
1176, 536, -1
833, 978, -1
1163, 188, -1
382, 526, -1
38, 991, -1
1296, 461, -1
763, 7, -1
7, 1421, -1
18, 1421, -1
1290, 18, -1
177, 1176, -1
1249, 413, -1
1400, 536, -1
991, 526, -1
213, 461, -1
1249, 4, -1
18, 612, -1
826, 813, -1
1249, 22, -1
223, 7, -1
674, 526, -1
1176, 28, -1
1400, 172, -1
413, 918, -1
1313, 918, -1
1249, 763, -1
826, 4, -1
813, 223, -1
1400, 1313, -1
536, 979, -1
259, 213, -1
1290, 413, -1
1, 1238, -1
1290, 22, -1
177, 1171, -1
813, 991, -1
536, 188, -1
524, 461, -1
1, 847, -1
1290, 1163, -1
177, 524, -1
813, 1238, -1
526, 22, -1
619, 213, -1
382, 813, -1
992, 1249, -1
674, 18, -1
413, 639, -1
1290, 763, -1
1313, 639, -1
259, 172, -1
813, 847, -1
38, 213, -1
1249, 1176, -1
1296, 833, -1
382, 4, -1
833, 38, -1
1296, 177, -1
188, 813, -1
667, 918, -1
461, 413, -1
1212, 461, -1
382, 1163, -1
1176, 526, -1
536, 992, -1
323, 619, -1
667, 1421, -1
188, 4, -1
461, 22, -1
172, 813, -1
1, 177, -1
992, 323, -1
991, 1163, -1
1163, 461, -1
1249, 223, -1
674, 4, -1
763, 1421, -1
1313, 1290, -1
918, 639, -1
172, 4, -1
674, 1163, -1
1400, 382, -1
1249, 1400, -1
833, 918, -1
1176, 18, -1
1249, 1171, -1
763, 612, -1
1163, 1238, -1
177, 213, -1
536, 978, -1
1212, 38, -1
826, 259, -1
1227, 612, -1
1290, 223, -1
1313, 526, -1
1163, 847, -1
1296, 28, -1
1400, 18, -1
18, 979, -1
612, 991, -1
1, 172, -1
323, 461, -1
1290, 259, -1
612, 1238, -1
1, 1313, -1
1163, 38, -1
28, 382, -1
1290, 1171, -1
259, 1227, -1
978, 639, -1
223, 639, -1
833, 1313, -1
18, 188, -1
833, 1, -1
612, 847, -1
536, 461, -1
1176, 4, -1
323, 991, -1
833, 28, -1
323, 1238, -1
978, 1160, -1
1176, 1163, -1
259, 674, -1
826, 7, -1
382, 259, -1
619, 1227, -1
323, 847, -1
536, 1238, -1
1421, 54, -1
259, 54, -1
38, 1227, -1
1400, 1163, -1
526, 991, -1
323, 38, -1
536, 847, -1
1249, 213, -1
833, 1290, -1
1176, 619, -1
526, 7, -1
1400, 763, -1
259, 813, -1
674, 259, -1
38, 674, -1
536, 38, -1
619, 54, -1
1421, 413, -1
259, 413, -1
177, 612, -1
992, 7, -1
259, 4, -1
1227, 813, -1
1238, 813, -1
1421, 22, -1
833, 526, -1
259, 22, -1
1313, 1163, -1
1212, 28, -1
667, 979, -1
1163, 172, -1
1290, 213, -1
918, 979, -1
1296, 18, -1
1, 382, -1
833, 382, -1
1163, 28, -1
918, 188, -1
667, 188, -1
38, 413, -1
1313, 619, -1
1, 674, -1
536, 918, -1
1, 18, -1
259, 826, -1
1296, 813, -1
38, 22, -1
1227, 323, -1
992, 667, -1
7, 461, -1
18, 461, -1
619, 979, -1
1400, 223, -1
323, 172, -1
223, 323, -1
1296, 4, -1
213, 813, -1
813, 54, -1
259, 1176, -1
619, 826, -1
177, 54, -1
1249, 612, -1
1212, 526, -1
323, 28, -1
536, 172, -1
826, 1421, -1
619, 188, -1
536, 1313, -1
1400, 991, -1
38, 826, -1
18, 1238, -1
7, 1238, -1
536, 1, -1
1163, 526, -1
826, 612, -1
18, 847, -1
536, 28, -1
7, 847, -1
813, 413, -1
28, 223, -1
1, 1163, -1
1313, 461, -1
1, 763, -1
38, 1176, -1
1249, 1227, -1
813, 22, -1
524, 813, -1
619, 1212, -1
1163, 382, -1
992, 918, -1
7, 38, -1
18, 38, -1
833, 763, -1
28, 991, -1
259, 1171, -1
38, 1212, -1
992, 1421, -1
259, 524, -1
992, 536, -1
833, 619, -1
177, 979, -1
612, 382, -1
323, 526, -1
382, 612, -1
1290, 1227, -1
1249, 54, -1
177, 826, -1
992, 639, -1
667, 461, -1
413, 38, -1
619, 524, -1
177, 188, -1
323, 382, -1
536, 526, -1
992, 1, -1
188, 612, -1
1212, 4, -1
7, 918, -1
1400, 213, -1
1421, 7, -1
38, 1171, -1
38, 524, -1
4, 382, -1
54, 639, -1
992, 1160, -1
1249, 813, -1
1212, 1163, -1
667, 991, -1
674, 612, -1
536, 382, -1
1296, 259, -1
918, 1238, -1
667, 1238, -1
172, 612, -1
1227, 7, -1
1238, 7, -1
1163, 4, -1
1290, 54, -1
177, 1212, -1
1, 223, -1
1313, 177, -1
918, 847, -1
619, 7, -1
667, 847, -1
18, 172, -1
833, 223, -1
833, 461, -1
992, 1290, -1
612, 413, -1
1163, 763, -1
28, 213, -1
38, 7, -1
259, 1296, -1
667, 38, -1
1249, 979, -1
1, 991, -1
18, 28, -1
833, 1400, -1
763, 667, -1
833, 991, -1
991, 18, -1
323, 413, -1
1296, 7, -1
833, 1238, -1
1249, 826, -1
323, 4, -1
847, 526, -1
763, 38, -1
619, 1296, -1
461, 54, -1
1249, 188, -1
826, 323, -1
1227, 667, -1
833, 847, -1
1176, 612, -1
38, 1296, -1
223, 667, -1
619, 667, -1
536, 4, -1
1290, 979, -1
323, 763, -1
1163, 1176, -1
1290, 323, -1
1313, 28, -1
1290, 826, -1
1249, 1212, -1
813, 7, -1
536, 763, -1
1290, 188, -1
674, 813, -1
674, 1249, -1
7, 526, -1
763, 918, -1
18, 526, -1
1163, 223, -1
382, 323, -1
536, 619, -1
259, 1421, -1
524, 7, -1
918, 172, -1
1, 213, -1
22, 7, -1
1227, 918, -1
1238, 918, -1
18, 382, -1
1400, 1227, -1
667, 172, -1
323, 1176, -1
7, 382, -1
1163, 1400, -1
833, 213, -1
1290, 1212, -1
259, 612, -1
1163, 991, -1
1227, 1421, -1
1238, 1421, -1
612, 223, -1
1249, 524, -1
667, 28, -1
1421, 639, -1
763, 639, -1
674, 323, -1
1400, 674, -1
413, 526, -1
612, 1171, -1
323, 223, -1
1227, 639, -1
1238, 639, -1
177, 38, -1
1400, 54, -1
1176, 813, -1
4, 223, -1
833, 172, -1
619, 639, -1
1290, 524, -1
619, 1313, -1
323, 1400, -1
536, 223, -1
323, 1171, -1
1296, 1421, -1
38, 639, -1
992, 619, -1
1313, 18, -1
4, 991, -1
1400, 413, -1
1296, 612, -1
536, 1400, -1
18, 4, -1
4, 1238, -1
536, 991, -1
28, 54, -1
667, 526, -1
1400, 22, -1
4, 847, -1
177, 918, -1
1290, 7, -1
1176, 323, -1
991, 259, -1
1163, 213, -1
18, 763, -1
667, 382, -1
177, 1421, -1
1313, 813, -1
763, 526, -1
18, 619, -1
28, 413, -1
1313, 4, -1
612, 213, -1
1400, 826, -1
524, 1421, -1
382, 7, -1
813, 639, -1
28, 22, -1
826, 667, -1
992, 461, -1
223, 526, -1
177, 1313, -1
1, 1227, -1
461, 7, -1
826, 38, -1
188, 7, -1
323, 213, -1
1290, 667, -1
833, 1227, -1
524, 639, -1
1400, 1176, -1
619, 382, -1
259, 979, -1
22, 639, -1
4, 213, -1
674, 7, -1
1400, 1212, -1
536, 213, -1
172, 7, -1
1249, 918, -1
833, 674, -1
979, 639, -1
1212, 612, -1
1296, 1249, -1
667, 4, -1
259, 188, -1
1, 54, -1
1176, 259, -1
18, 223, -1
7, 223, -1
177, 1290, -1
382, 667, -1
1249, 1421, -1
833, 54, -1
992, 38, -1
826, 918, -1
979, 1160, -1
918, 763, -1
38, 979, -1
667, 763, -1
18, 1400, -1
1400, 259, -1
188, 667, -1
18, 991, -1
7, 991, -1
1400, 1171, -1
833, 813, -1
1, 413, -1
1400, 524, -1
259, 1212, -1
763, 1163, -1
188, 38, -1
1249, 1313, -1
177, 526, -1
259, 992, -1
674, 667, -1
833, 413, -1
38, 188, -1
1296, 323, -1
172, 667, -1
1, 22, -1
992, 833, -1
833, 4, -1
992, 177, -1
1176, 7, -1
833, 22, -1
826, 639, -1
177, 382, -1
172, 38, -1
1163, 1227, -1
223, 1163, -1
1313, 259, -1
382, 918, -1
619, 992, -1
28, 1171, -1
323, 612, -1
1290, 639, -1
1400, 7, -1
667, 1176, -1
826, 28, -1
28, 524, -1
1227, 619, -1
382, 1421, -1
526, 639, -1
38, 992, -1
1, 826, -1
188, 918, -1
1249, 1290, -1
259, 978, -1
833, 826, -1
188, 1421, -1
1212, 813, -1
1163, 54, -1
674, 918, -1
918, 223, -1
382, 639, -1
667, 223, -1
172, 918, -1
826, 1290, -1
1176, 667, -1
323, 1227, -1
18, 213, -1
28, 7, -1
7, 213, -1
1313, 7, -1
1400, 1296, -1
674, 1421, -1
619, 978, -1
172, 1421, -1
1163, 813, -1
833, 1176, -1
461, 639, -1
992, 28, -1
667, 1400, -1
1, 1212, -1
188, 639, -1
612, 54, -1
667, 1171, -1
1400, 667, -1
918, 991, -1
536, 1227, -1
1163, 413, -1
763, 461, -1
38, 978, -1
1249, 382, -1
826, 526, -1
674, 639, -1
1163, 22, -1
172, 639, -1
1227, 461, -1
1238, 461, -1
323, 54, -1
674, 1, -1
177, 763, -1
536, 674, -1
1421, 1238, -1
1, 259, -1
4, 54, -1
1, 1171, -1
536, 54, -1
1421, 847, -1
612, 22, -1
1, 524, -1
1176, 918, -1
177, 619, -1
323, 813, -1
833, 1171, -1
1290, 382, -1
833, 524, -1
619, 991, -1
1176, 1421, -1
619, 1238, -1
259, 38, -1
536, 813, -1
992, 526, -1
4, 413, -1
674, 1290, -1
323, 22, -1
38, 1238, -1
619, 847, -1
536, 413, -1
213, 7, -1
177, 978, -1
4, 22, -1
1227, 38, -1
1238, 38, -1
1, 7, -1
1176, 639, -1
188, 526, -1
38, 847, -1
918, 213, -1
536, 22, -1
667, 213, -1
323, 979, -1
1176, 1, -1
1163, 1212, -1
461, 382, -1
1400, 639, -1
1176, 1160, -1
992, 18, -1
323, 826, -1
172, 526, -1
259, 918, -1
177, 223, -1
1296, 667, -1
177, 461, -1
323, 188, -1
826, 1163, -1
1313, 1421, -1
1400, 1160, -1
1296, 38, -1
536, 826, -1
1249, 619, -1
18, 1227, -1
177, 1400, -1
833, 1296, -1
1313, 612, -1
1176, 1290, -1
177, 991, -1
991, 323, -1
1163, 1171, -1
992, 813, -1
1, 667, -1
177, 1238, -1
213, 38, -1
1163, 524, -1
28, 639, -1
826, 619, -1
323, 1212, -1
536, 1176, -1
177, 847, -1
259, 1313, -1
1249, 978, -1
992, 4, -1
1212, 7, -1
536, 1212, -1
992, 1163, -1
18, 54, -1
7, 54, -1
612, 524, -1
259, 28, -1
763, 28, -1
1296, 918, -1
1176, 1249, -1
619, 172, -1
1227, 28, -1
188, 1163, -1
7, 813, -1
18, 813, -1
1296, 536, -1
524, 38, -1
38, 172, -1
323, 524, -1
1249, 461, -1
213, 918, -1
667, 612, -1
38, 1313, -1
1400, 1249, -1
4, 1171, -1
382, 619, -1
7, 413, -1
18, 413, -1
4, 524, -1
213, 1421, -1
536, 1171, -1
612, 7, -1
172, 1163, -1
536, 524, -1
18, 22, -1
7, 22, -1
1296, 639, -1
1212, 667, -1
826, 461, -1
1249, 991, -1
1249, 1238, -1
833, 1421, -1
1296, 1, -1
667, 1227, -1
213, 639, -1
674, 619, -1
1296, 1160, -1
1249, 847, -1
259, 526, -1
526, 223, -1
1313, 1249, -1
833, 612, -1
1, 639, -1
1400, 979, -1
524, 918, -1
4, 7, -1
1400, 323, -1
18, 826, -1
1249, 38, -1
1421, 382, -1
259, 382, -1
1227, 526, -1
1290, 991, -1
1238, 526, -1
1290, 1238, -1
177, 172, -1
1400, 188, -1
213, 833, -1
918, 54, -1
213, 177, -1
813, 1212, -1
612, 978, -1
826, 1249, -1
213, 259, -1
213, 323, -1
28, 979, -1
213, 1290, -1
524, 1249, -1
18, 1313, -1
7, 1313, -1
1290, 1176, -1
18, 1, -1
1290, 1249, -1
826, 1160, -1
323, 978, -1
667, 1, -1
524, 28, -1
612, 1163, -1
612, 1227, -1
813, 979, -1
991, 619, -1
619, 18, -1
223, 619, -1
1, 536, -1
177, 1296, -1
826, 177, -1
1290, 1160, -1
612, 763, -1
813, 1171, -1
813, 524, -1
223, 1421, -1
1212, 1249, -1
1290, 177, -1
813, 188, -1
991, 612, -1
223, 612, -1
4, 1163, -1
1212, 1160, -1
4, 1227, -1
7, 524, -1
461, 1176, -1
1421, 1227, -1
223, 813, -1
213, 28, -1
526, 979, -1
223, 38, -1
991, 813, -1
4, 763, -1
188, 1249, -1
461, 1313, -1
991, 38, -1
1421, 763, -1
813, 172, -1
667, 826, -1
991, 4, -1
223, 4, -1
612, 1176, -1
188, 1160, -1
1212, 259, -1
1212, 323, -1
172, 1249, -1
177, 992, -1
612, 1313, -1
991, 461, -1
223, 461, -1
674, 1160, -1
172, 1160, -1
612, 1160, -1
461, 979, -1
28, 667, -1
667, 1313, -1
4, 667, -1
188, 259, -1
188, 323, -1
461, 1171, -1
991, 918, -1
223, 918, -1
323, 1313, -1
461, 524, -1
323, 1, -1
1163, 826, -1
461, 826, -1
18, 674, -1
991, 1421, -1
763, 1249, -1
619, 536, -1
172, 259, -1
461, 188, -1
172, 323, -1
4, 1160, -1
213, 1163, -1
38, 54, -1
28, 1163, -1
612, 826, -1
763, 1160, -1
28, 1227, -1
461, 172, -1
1163, 1313, -1
612, 188, -1
28, 763, -1
619, 1249, -1
18, 978, -1
1, 992, -1
1163, 1, -1
323, 1290, -1
1227, 1160, -1
461, 1212, -1
1249, 992, -1
813, 1227, -1
213, 619, -1
213, 18, -1
619, 1160, -1
223, 28, -1
612, 172, -1
813, 763, -1
612, 1249, -1
524, 4, -1
612, 1212, -1
619, 833, -1
619, 177, -1
1, 1296, -1
524, 1163, -1
213, 667, -1
213, 612, -1
619, 259, -1
7, 763, -1
461, 1296, -1
1249, 1296, -1
619, 323, -1
847, 38, -1
918, 382, -1
4, 1176, -1
4, 1249, -1
526, 763, -1
22, 918, -1
612, 979, -1
213, 4, -1
259, 1, -1
28, 1160, -1
1227, 1249, -1
177, 1, -1
524, 667, -1
524, 612, -1
461, 1227, -1
847, 918, -1
1212, 619, -1
4, 979, -1
461, 992, -1
1421, 979, -1
461, 763, -1
22, 38, -1
991, 28, -1
259, 1290, -1
413, 1421, -1
524, 1160, -1
461, 674, -1
1313, 536, -1
188, 619, -1
612, 992, -1
28, 1176, -1
213, 1249, -1
612, 674, -1
28, 1249, -1
1, 1176, -1
172, 619, -1
213, 1, -1
18, 1290, -1
461, 978, -1
213, 1160, -1
612, 1296, -1
1313, 1160, -1
1249, 1, -1
1, 1160, -1
323, 674, -1
612, 667, -1
674, 536, -1

477, 524, -1
477, 413, -1
477, 1176, -1
477, 763, -1
477, 188, -1
477, 213, -1
477, 1212, -1
477, 22, -1
477, 991, -1
477, 674, -1
477, 847, -1
477, 1238, -1
477, 826, -1
477, 382, -1
477, 172, -1
477, 1227, -1
477, 992, -1
477, 1313, -1
477, 223, -1
477, 1296, -1
477, 978, -1
477, 979, -1
477, 54, -1
477, 1171, -1
477, 38, -1
477, 1290, -1
477, 461, -1
477, 1, -1
477, 4, -1
477, 28, -1
477, 612, -1
477, 619, -1
477, 918, -1
477, 526, -1
477, 323, -1
477, 7, -1
477, 18, -1
477, 177, -1
477, 1249, -1
477, 536, -1
477, 833, -1
477, 1163, -1
477, 667, -1
477, 259, -1
477, 1160, -1
477, 639, -1
477, 813, -1
477, 1400, -1
477, 1421, -1
1209, 524, -1
1209, 413, -1
1209, 1176, -1
1209, 763, -1
1209, 188, -1
1209, 213, -1
1209, 1212, -1
1209, 22, -1
1209, 991, -1
1209, 674, -1
1209, 847, -1
1209, 1238, -1
1209, 826, -1
1209, 382, -1
1209, 172, -1
1209, 1227, -1
1209, 992, -1
1209, 1313, -1
1209, 223, -1
1209, 1296, -1
1209, 978, -1
1209, 979, -1
1209, 54, -1
1209, 1171, -1
1209, 38, -1
1209, 1290, -1
1209, 461, -1
1209, 1, -1
1209, 4, -1
1209, 28, -1
1209, 612, -1
1209, 619, -1
1209, 918, -1
1209, 526, -1
1209, 323, -1
1209, 7, -1
1209, 18, -1
1209, 177, -1
1209, 1249, -1
1209, 536, -1
1209, 833, -1
1209, 1163, -1
1209, 667, -1
1209, 259, -1
1209, 1160, -1
1209, 639, -1
1209, 813, -1
1209, 1400, -1
1209, 1421, -1
1209, 477, -1

