48, 818, 1
1254, 818, -1
288, 818, -1
288, 1254, -1
48, 1254, -1
48, 288, -1
1, 818, -1
1, 48, -1
1, 1254, -1
1, 288, -1
818, 1254, -1
288, 48, -1
48, 1, -1

484, 288, 1
19, 818, -1
19, 48, -1
19, 1254, -1
19, 288, -1
19, 1, -1
276, 818, -1
276, 48, -1
276, 1254, -1
276, 288, -1
276, 1, -1
276, 19, -1
484, 818, -1
484, 48, -1
484, 1254, -1
484, 1, -1
484, 19, -1
484, 276, -1
288, 19, -1
288, 276, -1
288, 818, -1
288, 1, -1
276, 484, -1
48, 288, -1
19, 484, -1
288, 1254, -1
1, 484, -1
818, 484, -1
48, 484, -1

1483, 1254, 1
108, 1254, 1
108, 1483, 1
291, 1254, 1
291, 1483, 1
291, 108, 1
1254, 1483, 1
1483, 108, 1
1483, 291, 1
1483, 818, -1
1483, 48, -1
1483, 288, -1
1483, 484, -1
1483, 1, -1
1483, 19, -1
1483, 276, -1
108, 818, -1
108, 48, -1
108, 288, -1
108, 484, -1
108, 1, -1
108, 19, -1
108, 276, -1
291, 818, -1
291, 48, -1
291, 288, -1
291, 484, -1
291, 1, -1
291, 19, -1
291, 276, -1
19, 1483, -1
818, 1254, -1
19, 1254, -1
1, 1483, -1
1, 1254, -1
276, 1254, -1
48, 108, -1
48, 291, -1
288, 291, -1
288, 108, -1
818, 291, -1
19, 108, -1
818, 108, -1
19, 291, -1
1, 108, -1
1, 291, -1
484, 1254, -1
48, 1483, -1
48, 1254, -1
288, 1483, -1
818, 1483, -1
288, 1254, -1

662, 19, 1
366, 1254, 1
366, 1483, 1
366, 108, 1
366, 291, 1
1254, 291, 1
1254, 1483, 1
1483, 108, 1
1483, 291, 1
291, 108, 1
291, 1483, 1
1254, 108, 1
1483, 1254, 1
1483, 366, 1
108, 366, 1
291, 1254, 1
291, 366, 1
1254, 366, 1
108, 1483, 1
108, 1254, 1
662, 818, -1
662, 48, -1
662, 1254, -1
662, 1483, -1
662, 108, -1
662, 291, -1
662, 288, -1
662, 484, -1
662, 1, -1
662, 276, -1
366, 818, -1
366, 48, -1
366, 288, -1
366, 484, -1
366, 1, -1
366, 19, -1
366, 662, -1
366, 276, -1
19, 1483, -1
1483, 662, -1
1, 1483, -1
19, 366, -1
291, 276, -1
108, 484, -1
1254, 484, -1
108, 276, -1
291, 19, -1
1483, 484, -1
1254, 276, -1
48, 108, -1
19, 484, -1
48, 291, -1
1483, 276, -1
1254, 1, -1
291, 662, -1
288, 291, -1
19, 276, -1
1254, 19, -1
288, 108, -1
48, 19, -1
818, 291, -1
19, 108, -1
818, 108, -1
19, 291, -1
1254, 818, -1
1, 108, -1
288, 19, -1
1483, 19, -1
1, 291, -1
48, 1483, -1
48, 1254, -1
818, 19, -1
1254, 662, -1
288, 1483, -1
662, 366, -1
291, 484, -1
1, 19, -1
818, 1483, -1
288, 1254, -1
288, 662, -1
288, 366, -1
818, 1254, -1
19, 1254, -1
818, 662, -1
1, 1254, -1
818, 366, -1
1, 662, -1
1, 366, -1
276, 1254, -1
276, 662, -1
276, 366, -1
291, 818, -1
108, 662, -1
484, 1254, -1
484, 662, -1
484, 366, -1
48, 662, -1
48, 366, -1

1131, 1254, 1
1131, 1483, 1
1131, 108, 1
1131, 291, 1
1131, 366, 1
14, 1, 1
1270, 1254, 1
1270, 1483, 1
1270, 108, 1
1270, 291, 1
1270, 366, 1
1270, 1131, 1
1483, 1254, 1
1483, 366, 1
366, 291, 1
366, 1270, 1
1254, 1131, 1
291, 108, 1
1483, 1131, 1
291, 1270, 1
366, 1483, 1
366, 1254, 1
291, 1483, 1
1254, 108, 1
1254, 291, 1
108, 1270, 1
291, 1254, 1
1131, 1270, 1
1483, 108, 1
1254, 1270, 1
1483, 291, 1
291, 366, 1
366, 1131, 1
108, 1483, 1
108, 1254, 1
1483, 1270, 1
1254, 1483, 1
108, 366, 1
291, 1131, 1
1254, 366, 1
366, 108, 1
1131, 818, -1
1131, 48, -1
1131, 288, -1
1131, 484, -1
1131, 1, -1
1131, 19, -1
1131, 662, -1
1131, 276, -1
14, 818, -1
14, 48, -1
14, 1254, -1
14, 1483, -1
14, 108, -1
14, 291, -1
14, 366, -1
14, 1131, -1
14, 288, -1
14, 484, -1
14, 19, -1
14, 662, -1
14, 276, -1
1270, 818, -1
1270, 48, -1
1270, 288, -1
1270, 484, -1
1270, 1, -1
1270, 14, -1
1270, 19, -1
1270, 662, -1
1270, 276, -1
19, 1483, -1
1483, 662, -1
288, 366, -1
818, 1254, -1
276, 1270, -1
1, 818, -1
1, 1483, -1
19, 1254, -1
19, 366, -1
1, 1254, -1
818, 366, -1
291, 276, -1
48, 1131, -1
108, 484, -1
1, 662, -1
366, 19, -1
1, 366, -1
108, 14, -1
1254, 484, -1
1131, 14, -1
108, 276, -1
288, 1131, -1
1254, 14, -1
276, 1254, -1
291, 19, -1
1483, 484, -1
366, 662, -1
818, 1131, -1
276, 366, -1
1483, 14, -1
1254, 276, -1
1, 1131, -1
291, 818, -1
48, 108, -1
662, 108, -1
48, 291, -1
1483, 276, -1
48, 1, -1
1254, 1, -1
484, 1270, -1
1, 484, -1
291, 662, -1
288, 291, -1
1254, 19, -1
48, 1270, -1
288, 108, -1
818, 291, -1
19, 108, -1
1, 276, -1
288, 1, -1
818, 108, -1
19, 291, -1
366, 484, -1
288, 1270, -1
1254, 818, -1
1, 108, -1
108, 662, -1
1483, 19, -1
1, 291, -1
818, 1270, -1
48, 1483, -1
366, 14, -1
484, 1254, -1
48, 1254, -1
19, 1270, -1
484, 366, -1
1254, 662, -1
48, 366, -1
288, 1483, -1
366, 276, -1
1, 1270, -1
291, 484, -1
1, 19, -1
291, 14, -1
818, 1483, -1
288, 1254, -1
276, 14, -1
19, 14, -1
48, 14, -1
662, 14, -1
484, 14, -1
662, 1270, -1
662, 1254, -1
288, 14, -1
662, 366, -1
19, 1131, -1
818, 14, -1

737, 1254, 1
737, 1483, 1
737, 108, 1
737, 291, 1
737, 366, 1
737, 1131, 1
737, 1270, 1
312, 1254, 1
312, 1483, 1
312, 108, 1
312, 291, 1
312, 366, 1
312, 1131, 1
312, 1270, 1
312, 737, 1
1057, 1254, 1
1057, 1483, 1
1057, 108, 1
1057, 291, 1
1057, 366, 1
1057, 1131, 1
1057, 1270, 1
1057, 737, 1
1057, 312, 1
819, 818, 1
819, 48, 1
998, 1254, 1
998, 1483, 1
998, 108, 1
998, 291, 1
998, 366, 1
998, 1131, 1
998, 1270, 1
998, 737, 1
998, 312, 1
998, 1057, 1
331, 1254, 1
331, 1483, 1
331, 108, 1
331, 291, 1
331, 366, 1
331, 1131, 1
331, 1270, 1
331, 737, 1
331, 312, 1
331, 1057, 1
331, 998, 1
1483, 1254, 1
366, 291, 1
291, 331, 1
1270, 737, 1
1254, 737, 1
1131, 331, 1
1270, 108, 1
737, 1057, 1
1270, 291, 1
1254, 1057, 1
1483, 737, 1
291, 1483, 1
1483, 1057, 1
1483, 108, 1
1483, 291, 1
1254, 312, 1
108, 1483, 1
108, 1254, 1
1131, 1483, 1
1270, 366, 1
291, 1131, 1
312, 998, 1
1483, 366, 1
291, 1270, 1
291, 998, 1
1254, 108, 1
1254, 291, 1
108, 1270, 1
291, 1254, 1
1131, 1270, 1
312, 1057, 1
366, 1131, 1
108, 998, 1
1131, 998, 1
1131, 1254, 1
366, 331, 1
1254, 366, 1
291, 737, 1
1270, 1131, 1
1057, 331, 1
291, 1057, 1
108, 737, 1
366, 998, 1
1483, 1131, 1
1131, 737, 1
1270, 331, 1
366, 1483, 1
366, 1254, 1
108, 1057, 1
1131, 1057, 1
1057, 998, 1
1131, 108, 1
1131, 291, 1
1483, 331, 1
1270, 998, 1
1270, 1483, 1
1270, 1254, 1
48, 818, 1
1254, 1483, 1
108, 366, 1
366, 1057, 1
366, 1270, 1
1254, 1131, 1
291, 108, 1
1270, 1057, 1
737, 331, 1
1254, 331, 1
1270, 312, 1
312, 331, 1
1254, 1270, 1
291, 366, 1
737, 998, 1
1483, 1270, 1
1254, 998, 1
1131, 366, 1
1483, 998, 1
366, 108, 1
48, 819, 1
818, 819, 1
737, 818, -1
737, 48, -1
737, 288, -1
737, 484, -1
737, 1, -1
737, 14, -1
737, 19, -1
737, 662, -1
737, 276, -1
312, 818, -1
312, 48, -1
312, 288, -1
312, 484, -1
312, 1, -1
312, 14, -1
312, 19, -1
312, 662, -1
312, 276, -1
1057, 818, -1
1057, 48, -1
1057, 288, -1
1057, 484, -1
1057, 1, -1
1057, 14, -1
1057, 19, -1
1057, 662, -1
1057, 276, -1
819, 1254, -1
819, 1483, -1
819, 108, -1
819, 291, -1
819, 366, -1
819, 1131, -1
819, 1270, -1
819, 737, -1
819, 312, -1
819, 1057, -1
819, 288, -1
819, 484, -1
819, 1, -1
819, 14, -1
819, 19, -1
819, 662, -1
819, 276, -1
998, 818, -1
998, 48, -1
998, 819, -1
998, 288, -1
998, 484, -1
998, 1, -1
998, 14, -1
998, 19, -1
998, 662, -1
998, 276, -1
331, 818, -1
331, 48, -1
331, 819, -1
331, 288, -1
331, 484, -1
331, 1, -1
331, 14, -1
331, 19, -1
331, 662, -1
331, 276, -1
1483, 662, -1
1, 998, -1
1057, 819, -1
366, 19, -1
14, 998, -1
108, 276, -1
1270, 819, -1
818, 1131, -1
19, 48, -1
276, 366, -1
288, 737, -1
818, 484, -1
291, 818, -1
662, 108, -1
48, 1, -1
1483, 819, -1
484, 1270, -1
1270, 19, -1
1254, 1, -1
288, 1057, -1
288, 291, -1
48, 312, -1
1254, 19, -1
48, 1270, -1
1, 737, -1
818, 276, -1
1483, 1, -1
484, 998, -1
1131, 818, -1
1, 1057, -1
1, 108, -1
288, 312, -1
108, 662, -1
1483, 19, -1
1, 291, -1
818, 1270, -1
484, 1254, -1
366, 14, -1
14, 1057, -1
291, 484, -1
818, 998, -1
19, 818, -1
19, 1483, -1
818, 1254, -1
818, 662, -1
291, 276, -1
108, 484, -1
1270, 14, -1
1, 366, -1
1131, 484, -1
48, 737, -1
484, 1057, -1
1131, 276, -1
1483, 14, -1
737, 819, -1
108, 1, -1
19, 1131, -1
1254, 819, -1
48, 1057, -1
48, 108, -1
48, 291, -1
312, 819, -1
291, 662, -1
818, 1057, -1
1270, 818, -1
288, 108, -1
818, 291, -1
366, 484, -1
19, 312, -1
19, 1270, -1
1131, 662, -1
48, 366, -1
366, 276, -1
19, 998, -1
288, 366, -1
276, 1270, -1
19, 1254, -1
1270, 484, -1
291, 819, -1
276, 998, -1
291, 1, -1
819, 331, -1
288, 48, -1
1270, 276, -1
48, 14, -1
1254, 14, -1
276, 1254, -1
291, 19, -1
1131, 819, -1
366, 662, -1
1, 1131, -1
818, 14, -1
1483, 276, -1
1131, 1, -1
19, 737, -1
1131, 19, -1
819, 998, -1
19, 1057, -1
1, 331, -1
19, 108, -1
818, 108, -1
19, 291, -1
662, 998, -1
1254, 818, -1
1270, 662, -1
484, 366, -1
288, 818, -1
276, 1057, -1
288, 1483, -1
291, 14, -1
366, 1, -1
1, 818, -1
1, 1483, -1
19, 366, -1
1, 1254, -1
818, 366, -1
48, 1131, -1
108, 14, -1
48, 484, -1
1254, 484, -1
1131, 14, -1
288, 1131, -1
1483, 484, -1
48, 331, -1
48, 276, -1
1254, 276, -1
662, 1057, -1
1270, 1, -1
288, 331, -1
818, 331, -1
288, 1270, -1
48, 998, -1
48, 1483, -1
48, 1254, -1
48, 662, -1
1254, 662, -1
288, 998, -1
1, 1270, -1
366, 819, -1
818, 1483, -1
288, 1254, -1
484, 737, -1
818, 737, -1
276, 737, -1
288, 819, -1
662, 1270, -1
662, 1254, -1
19, 331, -1
818, 19, -1
662, 366, -1
48, 19, -1
1, 819, -1

997, 1254, 1
997, 1483, 1
997, 108, 1
997, 291, 1
997, 366, 1
997, 1131, 1
997, 1270, 1
997, 737, 1
997, 312, 1
997, 1057, 1
997, 998, 1
997, 331, 1
576, 19, 1
576, 662, 1
999, 1254, 1
999, 1483, 1
999, 108, 1
999, 291, 1
999, 366, 1
999, 1131, 1
999, 1270, 1
999, 737, 1
999, 312, 1
999, 1057, 1
999, 998, 1
999, 331, 1
999, 997, 1
830, 1254, 1
830, 1483, 1
830, 108, 1
830, 291, 1
830, 366, 1
830, 1131, 1
830, 1270, 1
830, 737, 1
830, 312, 1
830, 1057, 1
830, 998, 1
830, 331, 1
830, 997, 1
830, 999, 1
1483, 1254, 1
366, 291, 1
291, 331, 1
331, 1270, 1
1057, 108, 1
1057, 291, 1
1270, 737, 1
331, 998, 1
1254, 737, 1
366, 830, 1
1131, 331, 1
312, 1131, 1
1270, 108, 1
737, 1057, 1
1270, 291, 1
1254, 1057, 1
291, 1483, 1
1057, 830, 1
1057, 366, 1
1483, 108, 1
366, 997, 1
1483, 291, 1
1254, 312, 1
1270, 830, 1
108, 1254, 1
1131, 1483, 1
1057, 997, 1
312, 1270, 1
1270, 366, 1
291, 1131, 1
331, 108, 1
366, 999, 1
312, 998, 1
331, 291, 1
1270, 997, 1
1483, 366, 1
312, 1254, 1
1057, 999, 1
1483, 997, 1
998, 830, 1
331, 830, 1
291, 1270, 1
1270, 999, 1
998, 366, 1
331, 366, 1
1057, 1483, 1
737, 108, 1
291, 998, 1
312, 737, 1
737, 291, 1
1254, 108, 1
1254, 291, 1
108, 1270, 1
1483, 999, 1
331, 997, 1
291, 1254, 1
1131, 1270, 1
312, 1057, 1
312, 291, 1
366, 1131, 1
108, 998, 1
1131, 998, 1
737, 830, 1
1254, 830, 1
1057, 1131, 1
1131, 1254, 1
998, 999, 1
737, 366, 1
331, 999, 1
366, 331, 1
1254, 366, 1
1483, 830, 1
1270, 1131, 1
1057, 331, 1
737, 997, 1
1254, 997, 1
19, 662, 1
312, 997, 1
1057, 1270, 1
366, 998, 1
1483, 1131, 1
1270, 331, 1
366, 1483, 1
366, 1254, 1
1131, 108, 1
737, 999, 1
1057, 998, 1
1254, 999, 1
1131, 291, 1
1483, 331, 1
1057, 1254, 1
312, 999, 1
331, 1131, 1
1270, 998, 1
312, 108, 1
108, 830, 1
1270, 1483, 1
997, 830, 1
1270, 1254, 1
737, 1483, 1
291, 997, 1
1254, 1483, 1
108, 366, 1
1057, 737, 1
108, 997, 1
312, 830, 1
998, 1270, 1
1131, 997, 1
291, 999, 1
312, 366, 1
737, 1131, 1
366, 1270, 1
1254, 1131, 1
291, 108, 1
331, 1483, 1
998, 1254, 1
1270, 1057, 1
331, 1254, 1
108, 999, 1
997, 999, 1
737, 331, 1
1131, 999, 1
1254, 331, 1
1270, 312, 1
291, 830, 1
312, 331, 1
737, 1270, 1
1254, 1270, 1
291, 366, 1
737, 998, 1
1483, 1270, 1
1254, 998, 1
1131, 830, 1
737, 1254, 1
1131, 366, 1
1483, 998, 1
312, 1483, 1
366, 108, 1
291, 737, 1
1131, 737, 1
331, 737, 1
1483, 1057, 1
998, 1057, 1
108, 1057, 1
291, 1057, 1
1131, 1057, 1
331, 1057, 1
366, 1057, 1
1483, 737, 1
108, 1483, 1
108, 737, 1
997, 818, -1
997, 48, -1
997, 819, -1
997, 288, -1
997, 484, -1
997, 1, -1
997, 14, -1
997, 19, -1
997, 662, -1
997, 276, -1
576, 818, -1
576, 48, -1
576, 819, -1
576, 1254, -1
576, 1483, -1
576, 108, -1
576, 291, -1
576, 366, -1
576, 1131, -1
576, 1270, -1
576, 737, -1
576, 312, -1
576, 1057, -1
576, 998, -1
576, 331, -1
576, 997, -1
576, 288, -1
576, 484, -1
576, 1, -1
576, 14, -1
576, 276, -1
999, 818, -1
999, 48, -1
999, 819, -1
999, 288, -1
999, 484, -1
999, 1, -1
999, 14, -1
999, 19, -1
999, 662, -1
999, 576, -1
999, 276, -1
830, 818, -1
830, 48, -1
830, 819, -1
830, 288, -1
830, 484, -1
830, 1, -1
830, 14, -1
830, 19, -1
830, 662, -1
830, 576, -1
830, 276, -1
576, 830, -1
288, 662, -1
1483, 662, -1
19, 830, -1
1, 998, -1
1057, 819, -1
366, 19, -1
14, 998, -1
108, 276, -1
276, 830, -1
1270, 819, -1
819, 108, -1
818, 1131, -1
276, 366, -1
312, 484, -1
288, 737, -1
662, 108, -1
1483, 819, -1
288, 1057, -1
1270, 19, -1
484, 1270, -1
1254, 1, -1
737, 19, -1
288, 291, -1
312, 276, -1
1, 737, -1
48, 312, -1
48, 1270, -1
1254, 19, -1
19, 331, -1
19, 276, -1
819, 830, -1
484, 998, -1
1, 1057, -1
1, 108, -1
108, 662, -1
288, 312, -1
1483, 19, -1
1, 291, -1
818, 1270, -1
366, 14, -1
662, 830, -1
484, 1254, -1
819, 366, -1
288, 19, -1
484, 662, -1
331, 819, -1
662, 366, -1
291, 484, -1
1, 19, -1
818, 998, -1
1057, 14, -1
19, 1483, -1
818, 1254, -1
312, 662, -1
1, 830, -1
818, 662, -1
662, 997, -1
331, 19, -1
291, 276, -1
108, 484, -1
1270, 14, -1
288, 997, -1
1131, 484, -1
1, 366, -1
662, 14, -1
819, 999, -1
48, 737, -1
1, 997, -1
1131, 276, -1
1057, 818, -1
737, 819, -1
1483, 14, -1
19, 1131, -1
662, 999, -1
48, 1057, -1
1254, 819, -1
48, 108, -1
19, 484, -1
48, 291, -1
288, 999, -1
312, 819, -1
291, 662, -1
288, 108, -1
1270, 818, -1
819, 1483, -1
48, 19, -1
818, 291, -1
1, 999, -1
366, 484, -1
312, 1, -1
998, 14, -1
331, 14, -1
48, 830, -1
312, 19, -1
19, 1270, -1
366, 819, -1
818, 19, -1
1131, 662, -1
1057, 484, -1
14, 999, -1
366, 276, -1
48, 366, -1
288, 830, -1
19, 998, -1
484, 997, -1
288, 366, -1
1057, 276, -1
276, 1270, -1
48, 997, -1
291, 819, -1
1270, 484, -1
19, 1254, -1
276, 998, -1
818, 997, -1
737, 14, -1
1270, 276, -1
1254, 14, -1
291, 19, -1
276, 1254, -1
1131, 819, -1
276, 662, -1
366, 662, -1
48, 999, -1
1, 1131, -1
312, 14, -1
819, 1270, -1
1483, 276, -1
1057, 662, -1
662, 1270, -1
818, 999, -1
1131, 19, -1
819, 998, -1
19, 819, -1
1, 331, -1
19, 108, -1
818, 108, -1
819, 1254, -1
737, 818, -1
19, 291, -1
662, 998, -1
1254, 818, -1
819, 662, -1
1270, 662, -1
484, 830, -1
662, 1254, -1
331, 276, -1
484, 366, -1
288, 1483, -1
291, 14, -1
818, 830, -1
1, 1483, -1
19, 366, -1
1, 1254, -1
818, 366, -1
48, 1131, -1
1, 662, -1
108, 14, -1
737, 484, -1
1254, 484, -1
1131, 14, -1
1057, 19, -1
19, 997, -1
288, 1131, -1
998, 662, -1
331, 662, -1
1483, 484, -1
737, 276, -1
48, 331, -1
484, 999, -1
1254, 276, -1
1270, 1, -1
19, 14, -1
276, 997, -1
288, 331, -1
818, 331, -1
576, 999, -1
19, 999, -1
331, 484, -1
288, 1270, -1
48, 998, -1
48, 1483, -1
48, 1254, -1
737, 662, -1
276, 999, -1
48, 662, -1
288, 998, -1
1254, 662, -1
1, 1270, -1
819, 997, -1
312, 818, -1
818, 1483, -1
288, 1254, -1
1270, 576, -1
819, 1131, -1
1254, 576, -1
48, 576, -1
819, 737, -1
288, 576, -1
331, 818, -1
484, 737, -1
312, 576, -1
819, 331, -1
819, 1057, -1
484, 1057, -1
819, 291, -1
662, 1057, -1
291, 818, -1
818, 737, -1
19, 737, -1
818, 1057, -1
19, 1057, -1
1131, 818, -1
276, 737, -1
662, 1483, -1
19, 312, -1
276, 1057, -1
14, 1057, -1
291, 576, -1
737, 576, -1
1131, 576, -1
331, 576, -1
1057, 576, -1

287, 276, 1
293, 1254, 1
293, 1483, 1
293, 108, 1
293, 291, 1
293, 366, 1
293, 1131, 1
293, 1270, 1
293, 737, 1
293, 312, 1
293, 1057, 1
293, 998, 1
293, 331, 1
293, 997, 1
293, 999, 1
293, 830, 1
1473, 1254, 1
1473, 1483, 1
1473, 108, 1
1473, 291, 1
1473, 366, 1
1473, 1131, 1
1473, 1270, 1
1473, 737, 1
1473, 312, 1
1473, 1057, 1
1473, 998, 1
1473, 331, 1
1473, 997, 1
1473, 999, 1
1473, 830, 1
1473, 293, 1
1483, 1254, 1
291, 331, 1
997, 1131, 1
331, 1270, 1
1057, 108, 1
830, 1057, 1
1057, 291, 1
331, 998, 1
997, 331, 1
366, 830, 1
1131, 331, 1
999, 1057, 1
312, 1131, 1
737, 1057, 1
1254, 1057, 1
1483, 737, 1
291, 1483, 1
1057, 830, 1
997, 1270, 1
1057, 293, 1
1483, 1057, 1
1057, 366, 1
1483, 108, 1
997, 998, 1
1270, 830, 1
108, 1254, 1
997, 1483, 1
1131, 1483, 1
997, 1254, 1
1057, 997, 1
312, 1270, 1
331, 737, 1
1270, 366, 1
291, 1131, 1
331, 1057, 1
331, 108, 1
366, 999, 1
312, 998, 1
331, 291, 1
1483, 293, 1
1483, 366, 1
312, 1254, 1
737, 1473, 1
1057, 999, 1
830, 999, 1
997, 737, 1
1483, 997, 1
312, 1473, 1
331, 830, 1
331, 293, 1
291, 1270, 1
997, 1057, 1
1270, 999, 1
331, 366, 1
1057, 1483, 1
737, 108, 1
291, 998, 1
312, 737, 1
737, 291, 1
108, 1270, 1
1483, 999, 1
331, 997, 1
291, 1254, 1
1131, 1270, 1
312, 1057, 1
312, 291, 1
830, 366, 1
108, 998, 1
1131, 998, 1
737, 830, 1
1254, 830, 1
1057, 1131, 1
1131, 1254, 1
737, 293, 1
998, 999, 1
331, 999, 1
737, 366, 1
1254, 366, 1
1483, 830, 1
312, 293, 1
291, 737, 1
997, 1473, 1
1057, 331, 1
737, 997, 1
291, 1057, 1
108, 737, 1
1057, 1270, 1
312, 997, 1
366, 998, 1
1131, 737, 1
108, 1057, 1
366, 1254, 1
997, 108, 1
1131, 1057, 1
1057, 998, 1
737, 999, 1
1131, 108, 1
997, 291, 1
1254, 999, 1
1131, 291, 1
1057, 1254, 1
291, 293, 1
312, 999, 1
331, 1131, 1
1270, 998, 1
312, 108, 1
108, 830, 1
1270, 1254, 1
108, 293, 1
737, 1483, 1
997, 830, 1
997, 293, 1
291, 997, 1
1131, 293, 1
108, 366, 1
997, 366, 1
366, 1057, 1
1057, 737, 1
108, 997, 1
312, 830, 1
1131, 997, 1
291, 999, 1
312, 366, 1
737, 1131, 1
366, 1270, 1
291, 108, 1
331, 1483, 1
331, 1254, 1
1270, 1057, 1
108, 999, 1
830, 1270, 1
997, 999, 1
737, 331, 1
1131, 999, 1
830, 998, 1
291, 830, 1
312, 331, 1
737, 1270, 1
830, 1254, 1
1254, 1270, 1
291, 366, 1
737, 998, 1
1483, 1270, 1
1254, 998, 1
1057, 1473, 1
1131, 830, 1
737, 1254, 1
998, 1057, 1
1131, 366, 1
1483, 998, 1
312, 1483, 1
366, 291, 1
1131, 1473, 1
830, 737, 1
998, 1270, 1
1270, 1131, 1
830, 331, 1
1254, 1473, 1
1254, 997, 1
1254, 1131, 1
1483, 1473, 1
830, 291, 1
830, 108, 1
1270, 737, 1
998, 830, 1
1483, 1131, 1
998, 1254, 1
1270, 331, 1
1254, 737, 1
830, 312, 1
366, 1483, 1
998, 366, 1
366, 293, 1
1270, 108, 1
1254, 331, 1
1270, 291, 1
1254, 108, 1
1483, 331, 1
830, 1483, 1
1270, 312, 1
1254, 291, 1
331, 1473, 1
830, 293, 1
1270, 1473, 1
366, 997, 1
1483, 291, 1
1254, 312, 1
366, 1131, 1
999, 998, 1
1270, 1483, 1
108, 1483, 1
1270, 293, 1
291, 1473, 1
1254, 1483, 1
830, 1473, 1
830, 997, 1
1254, 293, 1
366, 331, 1
830, 1131, 1
108, 1473, 1
366, 108, 1
1270, 997, 1
287, 818, -1
287, 48, -1
287, 819, -1
287, 1254, -1
287, 1483, -1
287, 108, -1
287, 291, -1
287, 366, -1
287, 1131, -1
287, 1270, -1
287, 737, -1
287, 312, -1
287, 1057, -1
287, 998, -1
287, 331, -1
287, 997, -1
287, 999, -1
287, 830, -1
287, 288, -1
287, 484, -1
287, 1, -1
287, 14, -1
287, 19, -1
287, 662, -1
287, 576, -1
293, 818, -1
293, 48, -1
293, 819, -1
293, 288, -1
293, 484, -1
293, 1, -1
293, 14, -1
293, 19, -1
293, 662, -1
293, 576, -1
293, 276, -1
293, 287, -1
1473, 818, -1
1473, 48, -1
1473, 819, -1
1473, 288, -1
1473, 484, -1
1473, 1, -1
1473, 14, -1
1473, 19, -1
1473, 662, -1
1473, 576, -1
1473, 276, -1
1473, 287, -1
576, 830, -1
1483, 662, -1
19, 830, -1
1, 998, -1
1057, 819, -1
576, 366, -1
997, 484, -1
288, 1473, -1
14, 998, -1
331, 287, -1
108, 276, -1
830, 1, -1
276, 830, -1
997, 276, -1
819, 108, -1
1, 1473, -1
818, 1131, -1
484, 276, -1
276, 366, -1
312, 484, -1
288, 737, -1
737, 1, -1
1254, 1, -1
576, 331, -1
288, 1057, -1
484, 1270, -1
737, 19, -1
288, 291, -1
312, 276, -1
1, 737, -1
48, 312, -1
48, 1270, -1
19, 276, -1
818, 276, -1
819, 830, -1
1483, 1, -1
997, 287, -1
484, 998, -1
819, 293, -1
1, 1057, -1
1, 108, -1
108, 662, -1
288, 312, -1
819, 366, -1
1, 291, -1
818, 1270, -1
484, 1254, -1
366, 14, -1
997, 662, -1
331, 819, -1
291, 484, -1
818, 998, -1
1057, 14, -1
312, 287, -1
576, 1483, -1
830, 14, -1
19, 1483, -1
818, 1254, -1
48, 1473, -1
312, 662, -1
1, 830, -1
331, 19, -1
291, 276, -1
108, 484, -1
1270, 14, -1
1, 366, -1
288, 997, -1
1131, 484, -1
819, 999, -1
48, 737, -1
576, 1131, -1
1, 997, -1
1131, 276, -1
1057, 818, -1
737, 819, -1
108, 1, -1
1483, 14, -1
662, 999, -1
48, 1057, -1
997, 1, -1
48, 108, -1
291, 287, -1
48, 291, -1
288, 999, -1
312, 819, -1
291, 662, -1
576, 276, -1
288, 108, -1
819, 1483, -1
818, 291, -1
1, 999, -1
108, 287, -1
312, 1, -1
331, 14, -1
1131, 287, -1
576, 312, -1
576, 1270, -1
48, 830, -1
312, 19, -1
19, 1270, -1
48, 293, -1
1131, 662, -1
1057, 484, -1
14, 999, -1
48, 366, -1
576, 998, -1
288, 830, -1
288, 293, -1
19, 998, -1
484, 997, -1
576, 1254, -1
288, 366, -1
1057, 276, -1
276, 1270, -1
291, 819, -1
19, 1254, -1
48, 997, -1
276, 998, -1
576, 1473, -1
291, 1, -1
818, 997, -1
737, 14, -1
819, 276, -1
1254, 14, -1
291, 19, -1
276, 1254, -1
997, 819, -1
1131, 819, -1
276, 662, -1
366, 662, -1
48, 999, -1
1, 1131, -1
1057, 287, -1
312, 14, -1
819, 1270, -1
576, 737, -1
1483, 276, -1
1131, 1, -1
1057, 662, -1
997, 19, -1
818, 999, -1
576, 1057, -1
819, 998, -1
1131, 19, -1
576, 291, -1
1, 331, -1
19, 108, -1
1, 276, -1
818, 108, -1
819, 1254, -1
737, 818, -1
662, 998, -1
1270, 662, -1
484, 830, -1
484, 293, -1
331, 276, -1
484, 366, -1
288, 1483, -1
291, 14, -1
576, 293, -1
818, 830, -1
366, 1, -1
19, 293, -1
818, 293, -1
1, 1483, -1
19, 366, -1
1, 1254, -1
818, 366, -1
48, 1131, -1
108, 14, -1
737, 484, -1
1057, 1, -1
998, 287, -1
997, 14, -1
1131, 14, -1
576, 997, -1
1057, 19, -1
276, 293, -1
19, 997, -1
288, 1131, -1
331, 662, -1
366, 287, -1
999, 276, -1
1483, 484, -1
48, 331, -1
737, 276, -1
48, 276, -1
484, 999, -1
1270, 1, -1
830, 287, -1
288, 331, -1
276, 997, -1
818, 331, -1
288, 276, -1
288, 1254, -1
576, 999, -1
830, 662, -1
19, 999, -1
997, 818, -1
576, 108, -1
331, 484, -1
999, 287, -1
288, 1270, -1
1270, 287, -1
48, 998, -1
737, 287, -1
276, 14, -1
1254, 287, -1
48, 1483, -1
48, 1254, -1
1483, 287, -1
737, 662, -1
276, 999, -1
1254, 662, -1
288, 998, -1
1, 1270, -1
819, 997, -1
312, 818, -1
818, 1483, -1
331, 1, -1
484, 1473, -1
818, 287, -1
576, 287, -1
819, 1131, -1
19, 287, -1
662, 997, -1
1270, 484, -1
1, 287, -1
1, 293, -1
830, 819, -1
830, 276, -1
819, 737, -1
366, 19, -1
1254, 484, -1
331, 818, -1
484, 737, -1
999, 14, -1
819, 331, -1
819, 1057, -1
19, 1473, -1
818, 1473, -1
14, 287, -1
287, 293, -1
998, 662, -1
1270, 276, -1
1270, 819, -1
830, 19, -1
484, 1057, -1
819, 291, -1
662, 1057, -1
1254, 276, -1
19, 1131, -1
1254, 819, -1
291, 818, -1
662, 108, -1
830, 818, -1
818, 737, -1
276, 1473, -1
1483, 819, -1
19, 737, -1
1270, 19, -1
662, 1270, -1
19, 331, -1
1254, 19, -1
1270, 818, -1
818, 1057, -1
19, 1057, -1
819, 287, -1
19, 291, -1
366, 484, -1
1131, 818, -1
998, 14, -1
1254, 818, -1
484, 287, -1
1483, 19, -1
276, 737, -1
662, 287, -1
662, 830, -1
19, 312, -1
48, 287, -1
662, 1254, -1
662, 293, -1
276, 1057, -1
662, 366, -1
366, 276, -1
14, 1057, -1
288, 287, -1
366, 819, -1
819, 1473, -1
830, 484, -1

557, 1254, 1
557, 1483, 1
557, 108, 1
557, 291, 1
557, 366, 1
557, 1131, 1
557, 1270, 1
557, 737, 1
557, 312, 1
557, 1057, 1
557, 998, 1
557, 331, 1
557, 997, 1
557, 999, 1
557, 830, 1
557, 293, 1
557, 1473, 1
1246, 19, 1
1246, 662, 1
1246, 576, 1
1483, 1254, 1
291, 331, 1
997, 1131, 1
331, 1270, 1
1057, 108, 1
1057, 291, 1
331, 998, 1
1473, 1270, 1
997, 331, 1
366, 830, 1
1131, 331, 1
293, 1270, 1
312, 1131, 1
737, 1057, 1
1473, 998, 1
291, 1483, 1
1057, 830, 1
997, 1270, 1
293, 998, 1
1057, 293, 1
1473, 1254, 1
1057, 366, 1
1483, 108, 1
293, 1254, 1
997, 998, 1
662, 19, 1
1270, 830, 1
108, 1254, 1
997, 1483, 1
1131, 1483, 1
997, 1254, 1
1057, 997, 1
312, 1270, 1
1270, 366, 1
291, 1131, 1
331, 108, 1
366, 999, 1
312, 998, 1
331, 291, 1
1473, 737, 1
1483, 366, 1
312, 1254, 1
737, 1473, 1
1473, 1057, 1
1473, 108, 1
1057, 999, 1
830, 999, 1
1473, 291, 1
293, 108, 1
997, 737, 1
293, 291, 1
312, 1473, 1
331, 830, 1
331, 293, 1
291, 1270, 1
997, 1057, 1
1270, 999, 1
331, 366, 1
1057, 1483, 1
737, 108, 1
291, 998, 1
1473, 293, 1
312, 737, 1
737, 291, 1
108, 1270, 1
1473, 366, 1
1483, 999, 1
291, 1254, 1
1131, 1270, 1
312, 1057, 1
312, 291, 1
830, 366, 1
108, 998, 1
1473, 997, 1
1131, 998, 1
737, 830, 1
1254, 830, 1
737, 293, 1
1057, 1131, 1
1131, 1254, 1
998, 999, 1
737, 366, 1
331, 999, 1
1254, 366, 1
1483, 830, 1
312, 293, 1
997, 1473, 1
1057, 331, 1
1473, 999, 1
737, 997, 1
576, 662, 1
293, 999, 1
19, 662, 1
1057, 1270, 1
312, 997, 1
366, 998, 1
366, 1254, 1
997, 108, 1
1057, 998, 1
737, 999, 1
1131, 108, 1
997, 291, 1
1254, 999, 1
1131, 291, 1
1473, 830, 1
1057, 1254, 1
291, 293, 1
293, 830, 1
312, 999, 1
331, 1131, 1
1270, 998, 1
293, 366, 1
312, 108, 1
108, 830, 1
1270, 1254, 1
997, 830, 1
737, 1483, 1
997, 293, 1
1473, 1131, 1
1131, 293, 1
108, 366, 1
997, 366, 1
576, 19, 1
1057, 737, 1
1473, 331, 1
312, 830, 1
293, 331, 1
291, 999, 1
312, 366, 1
737, 1131, 1
366, 1270, 1
291, 108, 1
331, 1483, 1
331, 1254, 1
108, 999, 1
830, 1270, 1
997, 999, 1
737, 331, 1
1131, 999, 1
1473, 1483, 1
830, 998, 1
293, 1483, 1
291, 830, 1
312, 331, 1
737, 1270, 1
830, 1254, 1
1254, 1270, 1
291, 366, 1
737, 998, 1
1483, 1270, 1
1254, 998, 1
1057, 1473, 1
1131, 830, 1
737, 1254, 1
1131, 366, 1
1483, 998, 1
293, 1131, 1
312, 1483, 1
366, 291, 1
830, 737, 1
293, 557, 1
830, 1057, 1
1483, 1473, 1
997, 557, 1
830, 291, 1
1270, 737, 1
1254, 737, 1
366, 293, 1
999, 1057, 1
1270, 108, 1
1270, 291, 1
1254, 1057, 1
1483, 737, 1
312, 557, 1
331, 1473, 1
830, 293, 1
1483, 1057, 1
366, 997, 1
1483, 291, 1
1254, 312, 1
108, 1483, 1
1270, 293, 1
331, 737, 1
830, 997, 1
331, 1057, 1
1483, 293, 1
1270, 997, 1
291, 557, 1
293, 737, 1
1254, 1473, 1
293, 1057, 1
1483, 997, 1
108, 557, 1
830, 108, 1
998, 830, 1
1131, 557, 1
998, 366, 1
1254, 108, 1
662, 1246, 1
1254, 291, 1
331, 997, 1
366, 1131, 1
291, 1473, 1
293, 997, 1
1254, 293, 1
366, 331, 1
1057, 557, 1
108, 1473, 1
291, 737, 1
1131, 1473, 1
1270, 1131, 1
830, 331, 1
1254, 997, 1
291, 1057, 1
108, 737, 1
1483, 1131, 1
1131, 737, 1
1270, 331, 1
366, 1483, 1
108, 1057, 1
1131, 1057, 1
1483, 331, 1
830, 1483, 1
1270, 1483, 1
108, 293, 1
291, 997, 1
1254, 1483, 1
366, 557, 1
830, 1131, 1
366, 1057, 1
108, 997, 1
998, 1270, 1
830, 557, 1
1131, 997, 1
1254, 1131, 1
1270, 557, 1
737, 557, 1
998, 1254, 1
1270, 1057, 1
1254, 557, 1
830, 312, 1
1254, 331, 1
1483, 557, 1
1270, 312, 1
576, 1246, 1
999, 998, 1
19, 1246, 1
830, 1473, 1
331, 557, 1
998, 1057, 1
1473, 557, 1
1270, 1473, 1
366, 108, 1
557, 818, -1
557, 48, -1
557, 819, -1
557, 288, -1
557, 484, -1
557, 1, -1
557, 14, -1
557, 19, -1
557, 662, -1
557, 576, -1
557, 276, -1
557, 287, -1
1246, 818, -1
1246, 48, -1
1246, 819, -1
1246, 1254, -1
1246, 1483, -1
1246, 108, -1
1246, 291, -1
1246, 366, -1
1246, 1131, -1
1246, 1270, -1
1246, 737, -1
1246, 312, -1
1246, 1057, -1
1246, 998, -1
1246, 331, -1
1246, 997, -1
1246, 999, -1
1246, 830, -1
1246, 293, -1
1246, 1473, -1
1246, 557, -1
1246, 288, -1
1246, 484, -1
1246, 1, -1
1246, 14, -1
1246, 276, -1
1246, 287, -1
576, 830, -1
288, 662, -1
1483, 662, -1
19, 830, -1
1, 998, -1
1057, 819, -1
1057, 1246, -1
576, 366, -1
997, 484, -1
293, 276, -1
366, 19, -1
288, 1473, -1
14, 998, -1
331, 287, -1
108, 276, -1
276, 830, -1
997, 276, -1
819, 108, -1
830, 19, -1
1, 1473, -1
818, 1131, -1
276, 366, -1
312, 484, -1
288, 737, -1
662, 819, -1
1473, 287, -1
662, 108, -1
662, 291, -1
293, 287, -1
576, 331, -1
288, 1057, -1
484, 1270, -1
1270, 19, -1
737, 19, -1
288, 291, -1
312, 276, -1
1, 737, -1
48, 312, -1
48, 1270, -1
19, 331, -1
19, 276, -1
1254, 19, -1
293, 662, -1
819, 830, -1
997, 287, -1
484, 998, -1
1, 1057, -1
1, 108, -1
108, 662, -1
288, 312, -1
288, 19, -1
1, 291, -1
818, 1270, -1
484, 1254, -1
366, 14, -1
819, 366, -1
997, 662, -1
662, 293, -1
331, 819, -1
291, 484, -1
1, 19, -1
818, 998, -1
1057, 14, -1
312, 287, -1
576, 1483, -1
830, 14, -1
366, 1246, -1
576, 818, -1
19, 1483, -1
818, 1254, -1
1473, 819, -1
48, 1473, -1
312, 662, -1
1, 830, -1
818, 662, -1
662, 997, -1
331, 19, -1
291, 276, -1
293, 819, -1
1, 293, -1
108, 484, -1
830, 1246, -1
1270, 14, -1
1, 366, -1
288, 997, -1
1131, 484, -1
1473, 19, -1
662, 14, -1
819, 999, -1
48, 737, -1
293, 19, -1
1270, 1246, -1
576, 1131, -1
1, 997, -1
1131, 276, -1
1057, 818, -1
737, 819, -1
737, 1246, -1
19, 1131, -1
662, 999, -1
48, 1057, -1
1483, 14, -1
1254, 1246, -1
48, 108, -1
19, 484, -1
576, 484, -1
291, 287, -1
48, 291, -1
576, 557, -1
288, 999, -1
19, 557, -1
312, 819, -1
291, 662, -1
1483, 1246, -1
576, 276, -1
288, 108, -1
819, 1483, -1
48, 19, -1
818, 291, -1
1, 999, -1
108, 287, -1
312, 1, -1
331, 14, -1
1131, 287, -1
576, 312, -1
576, 1270, -1
830, 576, -1
48, 830, -1
312, 19, -1
19, 1270, -1
818, 19, -1
48, 293, -1
1131, 662, -1
1057, 484, -1
14, 999, -1
48, 366, -1
1473, 14, -1
331, 1246, -1
576, 998, -1
288, 830, -1
288, 293, -1
19, 998, -1
293, 14, -1
1270, 576, -1
576, 287, -1
19, 287, -1
576, 1254, -1
288, 366, -1
1254, 576, -1
1057, 276, -1
276, 1270, -1
291, 819, -1
19, 1254, -1
1473, 1246, -1
48, 997, -1
662, 1131, -1
293, 1246, -1
288, 576, -1
662, 484, -1
276, 998, -1
576, 1473, -1
737, 14, -1
662, 557, -1
1254, 14, -1
291, 19, -1
276, 1254, -1
997, 819, -1
1131, 819, -1
366, 662, -1
662, 331, -1
662, 276, -1
48, 999, -1
1, 1131, -1
1057, 287, -1
312, 14, -1
819, 1270, -1
576, 737, -1
1483, 276, -1
1057, 662, -1
997, 19, -1
576, 819, -1
818, 999, -1
576, 1057, -1
819, 998, -1
1131, 19, -1
312, 1246, -1
19, 819, -1
576, 291, -1
1, 331, -1
19, 108, -1
818, 108, -1
19, 291, -1
737, 818, -1
819, 1254, -1
662, 998, -1
576, 1, -1
1270, 662, -1
484, 830, -1
662, 287, -1
662, 1483, -1
331, 276, -1
484, 366, -1
288, 1483, -1
291, 14, -1
576, 293, -1
1473, 276, -1
818, 830, -1
19, 293, -1
818, 293, -1
1, 1483, -1
48, 576, -1
19, 366, -1
1, 1254, -1
818, 366, -1
291, 1246, -1
48, 1131, -1
1, 662, -1
108, 14, -1
737, 484, -1
557, 1246, -1
998, 287, -1
997, 14, -1
1131, 14, -1
312, 576, -1
576, 997, -1
1057, 19, -1
19, 997, -1
288, 1131, -1
331, 662, -1
366, 287, -1
108, 1246, -1
737, 276, -1
48, 331, -1
1483, 484, -1
484, 999, -1
1473, 818, -1
997, 1246, -1
1131, 1246, -1
576, 14, -1
1473, 662, -1
19, 14, -1
830, 287, -1
288, 331, -1
818, 331, -1
576, 999, -1
830, 662, -1
19, 999, -1
997, 818, -1
576, 108, -1
331, 484, -1
999, 287, -1
288, 1270, -1
1270, 287, -1
48, 998, -1
737, 287, -1
1254, 287, -1
48, 1483, -1
48, 1254, -1
1483, 287, -1
737, 662, -1
276, 999, -1
1254, 662, -1
288, 998, -1
48, 662, -1
1473, 484, -1
1, 1270, -1
312, 818, -1
293, 484, -1
818, 1483, -1
288, 1254, -1
1131, 576, -1
830, 819, -1
484, 557, -1
830, 1, -1
287, 830, -1
819, 1246, -1
1270, 819, -1
48, 557, -1
819, 291, -1
287, 366, -1
291, 818, -1
818, 557, -1
1483, 819, -1
1254, 1, -1
819, 293, -1
1131, 818, -1
1057, 576, -1
1483, 19, -1
662, 830, -1
484, 662, -1
662, 366, -1
14, 1057, -1
484, 1473, -1
818, 1473, -1
484, 737, -1
484, 1057, -1
1254, 819, -1
818, 737, -1
288, 1246, -1
818, 1057, -1
1270, 818, -1
366, 484, -1
998, 14, -1
276, 557, -1
1, 1246, -1
287, 557, -1
19, 312, -1
366, 276, -1
998, 1246, -1
484, 997, -1
819, 1131, -1
737, 576, -1
287, 1270, -1
1270, 484, -1
819, 557, -1
287, 998, -1
999, 14, -1
819, 331, -1
818, 997, -1
19, 1473, -1
1270, 276, -1
287, 1254, -1
276, 662, -1
484, 1246, -1
830, 818, -1
48, 1246, -1
276, 1473, -1
19, 737, -1
331, 576, -1
662, 1270, -1
19, 1057, -1
818, 1246, -1
1473, 576, -1
1254, 818, -1
819, 662, -1
276, 737, -1
484, 293, -1
662, 1254, -1
276, 1057, -1
830, 484, -1
830, 276, -1
819, 737, -1
1254, 484, -1
331, 818, -1
819, 1057, -1
276, 293, -1
287, 293, -1
998, 662, -1
662, 1057, -1
1254, 276, -1
1270, 1, -1
288, 557, -1
276, 997, -1
287, 997, -1
1, 557, -1
291, 576, -1
819, 997, -1
276, 1246, -1
366, 819, -1
819, 1473, -1

707, 19, 1
707, 662, 1
707, 576, 1
707, 1246, 1
0, 1, 1
0, 14, 1
662, 1246, 1
19, 576, 1
576, 19, 1
1, 14, 1
576, 662, 1
1246, 662, 1
19, 662, 1
576, 1246, 1
19, 1246, 1
1246, 707, 1
576, 707, 1
662, 707, 1
19, 707, 1
662, 19, 1
707, 818, -1
707, 48, -1
707, 819, -1
707, 1254, -1
707, 1483, -1
707, 108, -1
707, 291, -1
707, 366, -1
707, 1131, -1
707, 1270, -1
707, 737, -1
707, 312, -1
707, 1057, -1
707, 998, -1
707, 331, -1
707, 997, -1
707, 999, -1
707, 830, -1
707, 293, -1
707, 1473, -1
707, 557, -1
707, 288, -1
707, 484, -1
707, 1, -1
707, 14, -1
707, 276, -1
707, 287, -1
0, 818, -1
0, 48, -1
0, 819, -1
0, 1254, -1
0, 1483, -1
0, 108, -1
0, 291, -1
0, 366, -1
0, 1131, -1
0, 1270, -1
0, 737, -1
0, 312, -1
0, 1057, -1
0, 998, -1
0, 331, -1
0, 997, -1
0, 999, -1
0, 830, -1
0, 293, -1
0, 1473, -1
0, 557, -1
0, 288, -1
0, 484, -1
0, 19, -1
0, 662, -1
0, 576, -1
0, 1246, -1
0, 707, -1
0, 276, -1
0, 287, -1
576, 830, -1
288, 662, -1
19, 830, -1
1, 998, -1
1057, 1246, -1
1, 287, -1
576, 366, -1
819, 14, -1
1246, 1270, -1
14, 287, -1
819, 1246, -1
1, 707, -1
1246, 998, -1
1246, 287, -1
1246, 1483, -1
737, 1, -1
1246, 1254, -1
576, 331, -1
19, 331, -1
19, 276, -1
293, 662, -1
1, 819, -1
1, 108, -1
288, 19, -1
108, 662, -1
1, 291, -1
997, 662, -1
366, 14, -1
662, 830, -1
484, 662, -1
662, 366, -1
576, 818, -1
1, 19, -1
576, 1483, -1
1057, 14, -1
830, 14, -1
19, 818, -1
19, 1483, -1
312, 662, -1
1, 830, -1
818, 662, -1
1, 293, -1
1, 366, -1
1270, 14, -1
1473, 1, -1
662, 14, -1
576, 1131, -1
1, 997, -1
288, 14, -1
1483, 14, -1
19, 1131, -1
737, 1246, -1
576, 484, -1
662, 999, -1
19, 484, -1
576, 557, -1
19, 557, -1
288, 1246, -1
291, 662, -1
576, 276, -1
557, 662, -1
48, 19, -1
1, 999, -1
998, 14, -1
331, 14, -1
1, 288, -1
1, 1246, -1
576, 1270, -1
312, 19, -1
19, 1270, -1
1131, 662, -1
14, 999, -1
1473, 14, -1
331, 1246, -1
576, 998, -1
576, 287, -1
19, 998, -1
293, 14, -1
19, 287, -1
576, 1254, -1
19, 1254, -1
1473, 1246, -1
293, 1246, -1
288, 576, -1
484, 14, -1
576, 1473, -1
19, 1473, -1
737, 14, -1
48, 14, -1
1254, 14, -1
276, 662, -1
1, 576, -1
484, 1246, -1
1, 1131, -1
312, 14, -1
1, 48, -1
818, 14, -1
48, 1246, -1
576, 737, -1
1246, 830, -1
19, 737, -1
1057, 662, -1
662, 1270, -1
576, 819, -1
1246, 366, -1
576, 1057, -1
312, 1246, -1
19, 819, -1
19, 1057, -1
576, 291, -1
1, 331, -1
19, 108, -1
1, 276, -1
818, 1246, -1
19, 291, -1
662, 998, -1
576, 1, -1
819, 662, -1
662, 287, -1
19, 1, -1
662, 1483, -1
662, 1254, -1
291, 14, -1
576, 293, -1
1246, 14, -1
557, 14, -1
19, 293, -1
1, 818, -1
1, 1483, -1
48, 576, -1
19, 366, -1
1, 1254, -1
1246, 999, -1
291, 1246, -1
1, 662, -1
108, 14, -1
1057, 1, -1
997, 14, -1
557, 1246, -1
1131, 14, -1
312, 576, -1
576, 997, -1
19, 997, -1
331, 662, -1
108, 1246, -1
997, 1246, -1
1131, 1246, -1
576, 14, -1
1473, 662, -1
19, 14, -1
1, 484, -1
576, 999, -1
1, 557, -1
19, 999, -1
576, 108, -1
276, 14, -1
737, 662, -1
48, 662, -1
1, 312, -1
1, 1270, -1
276, 1246, -1
288, 0, -1
366, 1246, -1
819, 707, -1
1270, 576, -1
1270, 707, -1
312, 0, -1
1483, 662, -1
576, 0, -1
1254, 576, -1
662, 997, -1
737, 707, -1
1131, 707, -1
48, 707, -1
1254, 707, -1
662, 1131, -1
366, 19, -1
830, 1246, -1
662, 484, -1
1057, 19, -1
1473, 19, -1
1483, 707, -1
288, 707, -1
662, 557, -1
312, 707, -1
818, 707, -1
830, 19, -1
1270, 1246, -1
366, 662, -1
662, 331, -1
662, 276, -1
1254, 1246, -1
662, 819, -1
662, 108, -1
662, 291, -1
48, 1, -1
1246, 293, -1
1270, 19, -1
331, 707, -1
1483, 1246, -1
737, 19, -1
1254, 19, -1
830, 662, -1
366, 707, -1
288, 1, -1
312, 1, -1
1473, 707, -1
1270, 662, -1
1246, 997, -1
1057, 707, -1
830, 576, -1
818, 19, -1
291, 707, -1
662, 293, -1
830, 707, -1
1254, 662, -1
48, 0, -1
1246, 557, -1

