935, 1025, 1
961, 1025, 1
961, 935, 1
861, 875, 1
152, 875, 1
152, 861, 1
1025, 961, 1
1025, 935, 1
875, 861, 1
875, 1025, -1
935, 875, -1
961, 875, -1
861, 1025, -1
861, 935, -1
861, 961, -1
152, 1025, -1
152, 935, -1
152, 961, -1
565, 1025, -1
565, 935, -1
565, 961, -1
565, 875, -1
565, 861, -1
565, 152, -1
961, 861, -1
961, 565, -1
1025, 861, -1
1025, 565, -1
875, 961, -1
875, 935, -1
875, 565, -1
152, 565, -1
861, 565, -1
1025, 875, -1

1418, 875, 1
1418, 861, 1
1418, 152, 1
380, 1025, 1
380, 935, 1
380, 961, 1
1095, 875, 1
1095, 861, 1
1095, 152, 1
1095, 1418, 1
4, 565, 1
329, 1025, 1
329, 935, 1
329, 961, 1
329, 380, 1
961, 1025, 1
961, 935, 1
861, 1095, 1
1025, 961, 1
152, 875, 1
1025, 935, 1
152, 1418, 1
1418, 1095, 1
875, 861, 1
961, 380, 1
152, 861, 1
152, 1095, 1
875, 1095, 1
1025, 380, 1
1418, 1025, -1
1418, 935, -1
1418, 961, -1
1418, 565, -1
380, 875, -1
380, 861, -1
380, 152, -1
380, 1418, -1
380, 565, -1
1095, 1025, -1
1095, 935, -1
1095, 961, -1
1095, 380, -1
1095, 565, -1
4, 1025, -1
4, 935, -1
4, 961, -1
4, 380, -1
4, 875, -1
4, 861, -1
4, 152, -1
4, 1418, -1
4, 1095, -1
329, 875, -1
329, 861, -1
329, 152, -1
329, 1418, -1
329, 1095, -1
329, 565, -1
329, 4, -1
961, 861, -1
961, 565, -1
152, 380, -1
935, 1095, -1
1025, 1095, -1
380, 1095, -1
565, 1095, -1
152, 935, -1
861, 565, -1
935, 1418, -1
1418, 4, -1
1025, 875, -1
935, 875, -1
1025, 1418, -1
152, 4, -1
961, 1095, -1
961, 875, -1
961, 1418, -1
152, 565, -1
875, 380, -1
565, 935, -1
875, 935, -1
152, 961, -1
152, 1025, -1
1025, 4, -1
935, 861, -1
380, 4, -1
875, 4, -1
152, 329, -1
1025, 861, -1
1025, 565, -1
565, 861, -1
875, 565, -1
961, 4, -1
861, 935, -1
1418, 380, -1
861, 1025, -1
565, 1025, -1
875, 1025, -1
875, 961, -1

752, 565, 1
752, 4, 1
672, 565, 1
672, 4, 1
672, 752, 1
4, 565, 1
752, 672, 1
565, 672, 1
4, 672, 1
752, 1025, -1
752, 935, -1
752, 961, -1
752, 380, -1
752, 329, -1
752, 875, -1
752, 861, -1
752, 152, -1
752, 1418, -1
752, 1095, -1
672, 1025, -1
672, 935, -1
672, 961, -1
672, 380, -1
672, 329, -1
672, 875, -1
672, 861, -1
672, 152, -1
672, 1418, -1
672, 1095, -1
1453, 1025, -1
1453, 935, -1
1453, 961, -1
1453, 380, -1
1453, 329, -1
1453, 875, -1
1453, 861, -1
1453, 152, -1
1453, 1418, -1
1453, 1095, -1
1453, 565, -1
1453, 4, -1
1453, 752, -1
1453, 672, -1
961, 565, -1
329, 672, -1
329, 565, -1
4, 1095, -1
861, 672, -1
565, 1095, -1
4, 152, -1
1418, 672, -1
1418, 4, -1
672, 1453, -1
565, 152, -1
1418, 565, -1
152, 672, -1
4, 935, -1
565, 935, -1
1025, 4, -1
380, 4, -1
4, 1453, -1
1025, 672, -1
875, 4, -1
752, 1453, -1
380, 672, -1
4, 861, -1
875, 672, -1
565, 1453, -1
1025, 565, -1
565, 861, -1
380, 565, -1
875, 565, -1
961, 4, -1
961, 672, -1
329, 4, -1
1025, 752, -1
152, 4, -1
329, 752, -1
152, 752, -1
152, 565, -1
961, 752, -1
4, 380, -1
380, 752, -1

129, 1025, 1
129, 935, 1
129, 961, 1
129, 380, 1
129, 329, 1
602, 565, 1
602, 4, 1
602, 752, 1
602, 672, 1
976, 1025, 1
976, 935, 1
976, 961, 1
976, 380, 1
976, 329, 1
976, 129, 1
672, 752, 1
329, 129, 1
1025, 961, 1
380, 961, 1
380, 1025, 1
672, 4, 1
129, 976, 1
961, 1025, 1
672, 565, 1
329, 961, 1
329, 1025, 1
329, 976, 1
1025, 380, 1
1025, 935, 1
380, 935, 1
961, 380, 1
961, 935, 1
1025, 129, 1
329, 380, 1
752, 4, 1
752, 672, 1
329, 935, 1
4, 565, 1
752, 565, 1
961, 129, 1
565, 672, 1
672, 602, 1
4, 672, 1
752, 602, 1
129, 875, -1
129, 861, -1
129, 152, -1
129, 1418, -1
129, 1095, -1
129, 565, -1
129, 4, -1
129, 752, -1
129, 672, -1
129, 1453, -1
812, 1025, -1
812, 935, -1
812, 961, -1
812, 380, -1
812, 329, -1
812, 129, -1
812, 875, -1
812, 861, -1
812, 152, -1
812, 1418, -1
812, 1095, -1
812, 565, -1
812, 4, -1
812, 752, -1
812, 672, -1
812, 1453, -1
602, 1025, -1
602, 935, -1
602, 961, -1
602, 380, -1
602, 329, -1
602, 129, -1
602, 875, -1
602, 861, -1
602, 152, -1
602, 1418, -1
602, 1095, -1
602, 1453, -1
602, 812, -1
976, 875, -1
976, 861, -1
976, 152, -1
976, 1418, -1
976, 1095, -1
976, 565, -1
976, 4, -1
976, 752, -1
976, 672, -1
976, 602, -1
976, 1453, -1
976, 812, -1
672, 935, -1
329, 861, -1
4, 1095, -1
1025, 875, -1
565, 1418, -1
752, 329, -1
752, 875, -1
961, 1095, -1
961, 875, -1
329, 875, -1
875, 380, -1
672, 976, -1
672, 1095, -1
152, 961, -1
672, 329, -1
672, 875, -1
152, 1025, -1
1025, 4, -1
380, 4, -1
1025, 1453, -1
380, 1453, -1
752, 1453, -1
1025, 861, -1
380, 861, -1
752, 861, -1
875, 565, -1
961, 4, -1
961, 1453, -1
961, 861, -1
329, 1453, -1
152, 380, -1
1453, 935, -1
1025, 152, -1
672, 1453, -1
672, 861, -1
152, 565, -1
329, 152, -1
329, 1418, -1
565, 935, -1
875, 935, -1
152, 976, -1
1025, 602, -1
129, 602, -1
4, 1453, -1
752, 129, -1
4, 861, -1
1418, 380, -1
329, 602, -1
1418, 935, -1
329, 565, -1
752, 961, -1
752, 1025, -1
329, 812, -1
152, 752, -1
565, 1095, -1
152, 935, -1
672, 129, -1
1025, 1418, -1
380, 152, -1
752, 1418, -1
152, 672, -1
961, 152, -1
961, 1418, -1
672, 961, -1
752, 380, -1
672, 1025, -1
672, 1418, -1
875, 4, -1
152, 329, -1
1025, 565, -1
380, 565, -1
812, 976, -1
1025, 812, -1
961, 602, -1
861, 935, -1
752, 812, -1
672, 380, -1
380, 812, -1
129, 812, -1
961, 565, -1
329, 672, -1
961, 812, -1
935, 1095, -1
1025, 1095, -1
752, 976, -1
380, 1095, -1
752, 1095, -1
4, 1418, -1
152, 4, -1
672, 812, -1
329, 1095, -1
4, 935, -1
752, 935, -1
1025, 672, -1
565, 1453, -1
380, 672, -1
329, 752, -1
565, 861, -1
961, 672, -1
329, 4, -1
4, 1025, -1
565, 1025, -1
4, 961, -1
4, 976, -1
875, 961, -1
861, 672, -1
875, 1025, -1
565, 976, -1
1418, 602, -1
1418, 672, -1
1418, 4, -1
1418, 129, -1
1453, 672, -1
152, 602, -1
1418, 565, -1
152, 129, -1
602, 976, -1
861, 1025, -1
4, 380, -1
1418, 961, -1
1418, 1025, -1
1025, 752, -1
1453, 1025, -1
961, 752, -1
875, 672, -1
4, 812, -1
565, 812, -1
380, 752, -1
380, 602, -1

1026, 1025, 1
1026, 935, 1
1026, 961, 1
1026, 380, 1
1026, 329, 1
1026, 129, 1
1026, 976, 1
1327, 1025, 1
1327, 935, 1
1327, 961, 1
1327, 380, 1
1327, 329, 1
1327, 129, 1
1327, 976, 1
1327, 1026, 1
200, 565, 1
200, 4, 1
200, 752, 1
200, 672, 1
200, 602, 1
255, 875, 1
255, 861, 1
255, 152, 1
255, 1418, 1
255, 1095, 1
8, 565, 1
8, 4, 1
8, 752, 1
8, 672, 1
8, 602, 1
8, 200, 1
602, 672, 1
976, 129, 1
329, 1026, 1
672, 752, 1
976, 1026, 1
935, 961, 1
329, 129, 1
935, 1025, 1
935, 1327, 1
1025, 1327, 1
1025, 961, 1
380, 1327, 1
602, 565, 1
129, 961, 1
129, 1327, 1
129, 1025, 1
672, 4, 1
672, 602, 1
875, 1095, 1
200, 8, 1
961, 1025, 1
961, 1327, 1
329, 961, 1
672, 565, 1
1418, 861, 1
329, 1025, 1
976, 1327, 1
976, 961, 1
976, 1025, 1
329, 1327, 1
152, 861, 1
752, 8, 1
976, 329, 1
1025, 380, 1
935, 380, 1
4, 200, 1
861, 1095, 1
752, 200, 1
565, 200, 1
129, 380, 1
1025, 935, 1
1026, 1327, 1
1418, 1095, 1
380, 935, 1
961, 380, 1
129, 935, 1
935, 129, 1
152, 1095, 1
1418, 875, 1
935, 1026, 1
976, 380, 1
752, 602, 1
961, 935, 1
1025, 129, 1
1025, 1026, 1
329, 380, 1
752, 4, 1
129, 1026, 1
4, 672, 1
565, 672, 1
602, 200, 1
329, 935, 1
152, 875, 1
976, 935, 1
752, 672, 1
152, 1418, 1
4, 565, 1
875, 861, 1
752, 565, 1
961, 129, 1
672, 200, 1
961, 1026, 1
602, 4, 1
875, 255, 1
1095, 255, 1
152, 255, 1
861, 255, 1
380, 961, 1
380, 1025, 1
672, 8, 1
1418, 255, 1
1026, 875, -1
1026, 861, -1
1026, 152, -1
1026, 1418, -1
1026, 1095, -1
1026, 565, -1
1026, 4, -1
1026, 752, -1
1026, 672, -1
1026, 602, -1
1026, 1453, -1
1026, 812, -1
1327, 875, -1
1327, 861, -1
1327, 152, -1
1327, 1418, -1
1327, 1095, -1
1327, 565, -1
1327, 4, -1
1327, 752, -1
1327, 672, -1
1327, 602, -1
1327, 1453, -1
1327, 812, -1
200, 1025, -1
200, 935, -1
200, 961, -1
200, 380, -1
200, 329, -1
200, 129, -1
200, 976, -1
200, 1026, -1
200, 1327, -1
200, 875, -1
200, 861, -1
200, 152, -1
200, 1418, -1
200, 1095, -1
200, 1453, -1
200, 812, -1
255, 1025, -1
255, 935, -1
255, 961, -1
255, 380, -1
255, 329, -1
255, 129, -1
255, 976, -1
255, 1026, -1
255, 1327, -1
255, 565, -1
255, 4, -1
255, 752, -1
255, 672, -1
255, 602, -1
255, 200, -1
255, 1453, -1
255, 812, -1
8, 1025, -1
8, 935, -1
8, 961, -1
8, 380, -1
8, 329, -1
8, 129, -1
8, 976, -1
8, 1026, -1
8, 1327, -1
8, 875, -1
8, 861, -1
8, 152, -1
8, 1418, -1
8, 1095, -1
8, 255, -1
8, 1453, -1
8, 812, -1
1026, 255, -1
1026, 200, -1
672, 935, -1
329, 861, -1
565, 1327, -1
4, 976, -1
4, 1095, -1
602, 812, -1
861, 1453, -1
875, 1327, -1
935, 875, -1
1025, 875, -1
1418, 4, -1
565, 152, -1
752, 329, -1
752, 875, -1
1418, 1453, -1
152, 602, -1
129, 875, -1
961, 1095, -1
152, 129, -1
961, 875, -1
935, 255, -1
976, 875, -1
329, 875, -1
875, 380, -1
812, 4, -1
1418, 1327, -1
672, 976, -1
672, 1095, -1
812, 861, -1
152, 961, -1
672, 329, -1
152, 1025, -1
672, 875, -1
329, 255, -1
1025, 4, -1
602, 380, -1
380, 4, -1
1025, 1453, -1
602, 935, -1
129, 4, -1
380, 1453, -1
752, 1453, -1
1025, 861, -1
129, 1453, -1
812, 1327, -1
380, 861, -1
752, 861, -1
129, 861, -1
875, 565, -1
961, 4, -1
961, 1453, -1
875, 812, -1
961, 861, -1
976, 4, -1
976, 1453, -1
329, 1453, -1
152, 380, -1
1453, 935, -1
976, 861, -1
752, 1327, -1
1418, 602, -1
935, 1418, -1
672, 1026, -1
752, 152, -1
672, 1453, -1
672, 861, -1
1418, 812, -1
602, 976, -1
602, 1095, -1
1025, 8, -1
152, 565, -1
861, 1327, -1
129, 8, -1
1025, 255, -1
152, 812, -1
329, 1418, -1
380, 255, -1
752, 255, -1
129, 255, -1
565, 935, -1
875, 935, -1
961, 255, -1
1453, 1095, -1
935, 602, -1
1025, 602, -1
329, 8, -1
976, 255, -1
152, 976, -1
129, 602, -1
4, 1453, -1
752, 129, -1
935, 565, -1
4, 861, -1
935, 812, -1
672, 255, -1
1418, 380, -1
329, 602, -1
602, 1026, -1
4, 1327, -1
329, 565, -1
752, 961, -1
752, 1025, -1
329, 812, -1
565, 1095, -1
565, 976, -1
152, 935, -1
861, 565, -1
672, 129, -1
4, 152, -1
1327, 255, -1
1025, 1418, -1
380, 1418, -1
752, 1418, -1
812, 935, -1
152, 1026, -1
129, 1418, -1
1418, 565, -1
961, 1418, -1
4, 255, -1
602, 875, -1
976, 152, -1
752, 380, -1
976, 1418, -1
672, 961, -1
672, 1025, -1
672, 1327, -1
961, 8, -1
812, 565, -1
602, 255, -1
672, 152, -1
672, 1418, -1
380, 602, -1
875, 4, -1
152, 329, -1
875, 1453, -1
1025, 565, -1
380, 565, -1
812, 1095, -1
1025, 812, -1
129, 565, -1
961, 602, -1
861, 935, -1
672, 380, -1
380, 812, -1
752, 812, -1
129, 812, -1
976, 602, -1
961, 565, -1
602, 1453, -1
961, 812, -1
602, 861, -1
976, 565, -1
935, 1095, -1
1025, 1095, -1
752, 976, -1
380, 1095, -1
752, 1095, -1
976, 812, -1
129, 1095, -1
1418, 1026, -1
200, 255, -1
152, 4, -1
602, 1327, -1
672, 812, -1
976, 1095, -1
152, 1453, -1
329, 1095, -1
565, 255, -1
602, 152, -1
602, 1418, -1
4, 935, -1
1453, 1327, -1
752, 935, -1
152, 1327, -1
935, 4, -1
935, 1453, -1
752, 1026, -1
935, 861, -1
565, 1453, -1
565, 861, -1
329, 4, -1
152, 8, -1
1418, 935, -1
329, 672, -1
1453, 200, -1
976, 672, -1
4, 1025, -1
602, 129, -1
565, 1025, -1
152, 200, -1
4, 961, -1
861, 602, -1
875, 961, -1
861, 672, -1
152, 752, -1
875, 1025, -1
1095, 1327, -1
1025, 152, -1
1095, 976, -1
1418, 672, -1
875, 976, -1
565, 1418, -1
812, 255, -1
1418, 129, -1
812, 200, -1
1453, 672, -1
602, 961, -1
4, 1418, -1
961, 672, -1
602, 1025, -1
129, 152, -1
380, 152, -1
152, 672, -1
961, 152, -1
861, 1025, -1
1025, 200, -1
329, 152, -1
1418, 961, -1
861, 976, -1
380, 200, -1
1418, 1025, -1
875, 200, -1
4, 380, -1
129, 200, -1
1025, 752, -1
812, 672, -1
1453, 1025, -1
1418, 976, -1
129, 752, -1
1095, 935, -1
961, 200, -1
976, 8, -1
961, 752, -1
976, 200, -1
329, 200, -1
1025, 672, -1
976, 752, -1
812, 1025, -1
380, 672, -1
861, 200, -1
875, 672, -1
329, 752, -1
129, 672, -1
812, 961, -1
875, 602, -1
875, 1026, -1
1095, 1453, -1
4, 812, -1
1453, 255, -1
1418, 200, -1
1327, 200, -1
1095, 200, -1
380, 752, -1
565, 812, -1
380, 8, -1
935, 200, -1

597, 875, 1
597, 861, 1
597, 152, 1
597, 1418, 1
597, 1095, 1
597, 255, 1
60, 565, 1
60, 4, 1
60, 752, 1
60, 672, 1
60, 602, 1
60, 200, 1
60, 8, 1
1094, 875, 1
1094, 861, 1
1094, 152, 1
1094, 1418, 1
1094, 1095, 1
1094, 255, 1
1094, 597, 1
57, 1025, 1
57, 935, 1
57, 961, 1
57, 380, 1
57, 329, 1
57, 129, 1
57, 976, 1
57, 1026, 1
57, 1327, 1
416, 875, 1
416, 861, 1
416, 152, 1
416, 1418, 1
416, 1095, 1
416, 255, 1
416, 597, 1
416, 1094, 1
672, 752, 1
329, 1026, 1
152, 255, 1
152, 1094, 1
255, 1095, 1
875, 152, 1
1418, 861, 1
1327, 935, 1
976, 329, 1
1095, 255, 1
1026, 961, 1
1026, 1025, 1
8, 752, 1
200, 565, 1
1418, 152, 1
8, 4, 1
752, 4, 1
861, 255, 1
861, 1094, 1
152, 1418, 1
152, 597, 1
597, 1094, 1
1418, 255, 1
961, 1026, 1
1026, 380, 1
976, 1026, 1
935, 1327, 1
1025, 1327, 1
380, 1327, 1
602, 565, 1
129, 1327, 1
672, 4, 1
329, 961, 1
329, 1025, 1
976, 1327, 1
329, 1327, 1
200, 752, 1
875, 597, 1
752, 8, 1
752, 200, 1
861, 152, 1
200, 672, 1
152, 1095, 1
752, 602, 1
1025, 129, 1
1418, 597, 1
961, 129, 1
672, 200, 1
602, 4, 1
976, 129, 1
329, 129, 1
1025, 961, 1
380, 961, 1
1026, 935, 1
380, 1025, 1
129, 961, 1
129, 1025, 1
875, 1095, 1
961, 1025, 1
152, 416, 1
961, 1327, 1
976, 961, 1
976, 1025, 1
1094, 416, 1
1025, 380, 1
129, 380, 1
200, 4, 1
8, 200, 1
1418, 1095, 1
961, 380, 1
565, 4, 1
976, 380, 1
861, 597, 1
329, 380, 1
8, 602, 1
152, 875, 1
329, 935, 1
875, 861, 1
752, 565, 1
672, 8, 1
597, 416, 1
672, 602, 1
200, 8, 1
672, 565, 1
329, 976, 1
152, 861, 1
875, 255, 1
875, 1094, 1
200, 602, 1
861, 1095, 1
1025, 935, 1
1026, 1327, 1
380, 935, 1
129, 935, 1
1418, 875, 1
1025, 1026, 1
961, 935, 1
129, 1026, 1
8, 672, 1
752, 672, 1
976, 935, 1
4, 565, 1
1418, 1094, 1
8, 565, 1
602, 672, 1
935, 961, 1
935, 1025, 1
861, 416, 1
1418, 416, 1
200, 60, 1
255, 875, 1
1026, 129, 1
255, 597, 1
935, 57, 1
1025, 57, 1
4, 60, 1
752, 60, 1
565, 60, 1
380, 57, 1
255, 1094, 1
8, 60, 1
129, 57, 1
935, 380, 1
4, 200, 1
565, 200, 1
1095, 1094, 1
961, 57, 1
329, 57, 1
602, 60, 1
976, 57, 1
935, 129, 1
935, 1026, 1
875, 416, 1
602, 200, 1
565, 672, 1
4, 672, 1
255, 861, 1
1026, 57, 1
672, 60, 1
1327, 57, 1
597, 1025, -1
597, 935, -1
597, 961, -1
597, 380, -1
597, 329, -1
597, 129, -1
597, 976, -1
597, 1026, -1
597, 1327, -1
597, 565, -1
597, 4, -1
597, 752, -1
597, 672, -1
597, 602, -1
597, 200, -1
597, 8, -1
597, 1453, -1
597, 812, -1
60, 1025, -1
60, 935, -1
60, 961, -1
60, 380, -1
60, 329, -1
60, 129, -1
60, 976, -1
60, 1026, -1
60, 1327, -1
60, 875, -1
60, 861, -1
60, 152, -1
60, 1418, -1
60, 1095, -1
60, 255, -1
60, 597, -1
60, 1453, -1
60, 812, -1
1094, 1025, -1
1094, 935, -1
1094, 961, -1
1094, 380, -1
1094, 329, -1
1094, 129, -1
1094, 976, -1
1094, 1026, -1
1094, 1327, -1
1094, 565, -1
1094, 4, -1
1094, 752, -1
1094, 672, -1
1094, 602, -1
1094, 200, -1
1094, 8, -1
1094, 60, -1
1094, 1453, -1
1094, 812, -1
57, 875, -1
57, 861, -1
57, 152, -1
57, 1418, -1
57, 1095, -1
57, 255, -1
57, 597, -1
57, 1094, -1
57, 565, -1
57, 4, -1
57, 752, -1
57, 672, -1
57, 602, -1
57, 200, -1
57, 8, -1
57, 60, -1
57, 1453, -1
57, 812, -1
416, 1025, -1
416, 935, -1
416, 961, -1
416, 380, -1
416, 329, -1
416, 129, -1
416, 976, -1
416, 1026, -1
416, 1327, -1
416, 57, -1
416, 565, -1
416, 4, -1
416, 752, -1
416, 672, -1
416, 602, -1
416, 200, -1
416, 8, -1
416, 60, -1
416, 1453, -1
416, 812, -1
1026, 255, -1
152, 8, -1
1026, 1094, -1
672, 935, -1
976, 672, -1
329, 861, -1
152, 200, -1
255, 976, -1
861, 4, -1
200, 1418, -1
565, 1327, -1
812, 1327, -1
4, 1095, -1
602, 812, -1
861, 1453, -1
672, 416, -1
200, 597, -1
875, 1327, -1
8, 976, -1
812, 1094, -1
8, 1095, -1
1418, 4, -1
1026, 602, -1
1025, 875, -1
8, 329, -1
1418, 1453, -1
752, 329, -1
752, 875, -1
152, 602, -1
129, 875, -1
200, 380, -1
961, 1095, -1
152, 129, -1
961, 875, -1
935, 255, -1
8, 57, -1
976, 875, -1
329, 875, -1
875, 380, -1
1418, 1327, -1
255, 935, -1
602, 597, -1
812, 861, -1
672, 1095, -1
672, 976, -1
152, 961, -1
152, 1025, -1
672, 329, -1
672, 875, -1
329, 255, -1
329, 1094, -1
200, 812, -1
1025, 4, -1
602, 380, -1
380, 4, -1
1025, 1453, -1
1026, 1418, -1
602, 935, -1
129, 4, -1
380, 1453, -1
8, 1026, -1
1025, 861, -1
672, 57, -1
129, 1453, -1
861, 200, -1
1026, 597, -1
380, 861, -1
752, 861, -1
565, 812, -1
129, 861, -1
875, 565, -1
961, 4, -1
1026, 60, -1
1095, 1453, -1
200, 976, -1
200, 1095, -1
961, 1453, -1
152, 60, -1
875, 812, -1
1418, 200, -1
200, 329, -1
976, 4, -1
961, 861, -1
976, 1453, -1
60, 416, -1
152, 380, -1
329, 1453, -1
976, 861, -1
1453, 935, -1
752, 1327, -1
200, 57, -1
1095, 1327, -1
1418, 602, -1
672, 1026, -1
672, 1453, -1
752, 152, -1
812, 255, -1
672, 861, -1
380, 200, -1
8, 875, -1
1418, 812, -1
565, 597, -1
1026, 565, -1
602, 1095, -1
200, 935, -1
4, 1094, -1
1026, 812, -1
152, 565, -1
380, 8, -1
1025, 255, -1
1025, 1094, -1
861, 1327, -1
152, 812, -1
329, 1418, -1
752, 1094, -1
8, 1094, -1
380, 1094, -1
200, 416, -1
129, 1094, -1
8, 255, -1
129, 255, -1
380, 255, -1
752, 255, -1
565, 935, -1
200, 1026, -1
1095, 200, -1
961, 255, -1
961, 1094, -1
875, 935, -1
1026, 1095, -1
976, 8, -1
1453, 1095, -1
152, 976, -1
1025, 602, -1
976, 255, -1
976, 1094, -1
60, 57, -1
976, 200, -1
255, 1453, -1
129, 602, -1
4, 1453, -1
752, 129, -1
4, 861, -1
861, 380, -1
875, 672, -1
1418, 60, -1
8, 1453, -1
672, 255, -1
152, 57, -1
672, 1094, -1
8, 861, -1
1418, 380, -1
329, 602, -1
602, 1026, -1
1418, 935, -1
255, 1327, -1
1094, 57, -1
200, 875, -1
4, 1327, -1
329, 565, -1
8, 961, -1
752, 961, -1
812, 597, -1
8, 1025, -1
752, 1025, -1
152, 752, -1
329, 812, -1
565, 1095, -1
8, 1327, -1
152, 935, -1
861, 565, -1
672, 129, -1
875, 976, -1
1418, 672, -1
1327, 255, -1
200, 1094, -1
861, 812, -1
1025, 1418, -1
8, 152, -1
8, 1418, -1
752, 1418, -1
152, 1026, -1
812, 935, -1
129, 1418, -1
1418, 565, -1
1025, 597, -1
752, 597, -1
152, 672, -1
1025, 60, -1
752, 1453, -1
380, 60, -1
875, 60, -1
961, 1418, -1
129, 60, -1
255, 200, -1
4, 255, -1
602, 875, -1
672, 961, -1
752, 380, -1
976, 152, -1
672, 1025, -1
976, 1418, -1
672, 1327, -1
1418, 976, -1
200, 1453, -1
976, 60, -1
329, 597, -1
1095, 935, -1
200, 861, -1
329, 60, -1
602, 255, -1
602, 1094, -1
672, 152, -1
672, 1418, -1
1026, 875, -1
861, 60, -1
875, 4, -1
380, 602, -1
152, 329, -1
60, 1094, -1
875, 1453, -1
8, 129, -1
4, 812, -1
1025, 565, -1
380, 565, -1
597, 60, -1
812, 1095, -1
200, 1327, -1
129, 565, -1
961, 602, -1
672, 380, -1
380, 812, -1
861, 935, -1
1453, 255, -1
1453, 1094, -1
129, 812, -1
8, 812, -1
752, 812, -1
976, 602, -1
961, 565, -1
200, 152, -1
602, 1453, -1
961, 812, -1
602, 861, -1
976, 565, -1
935, 1095, -1
1025, 1095, -1
861, 672, -1
752, 976, -1
380, 1095, -1
752, 1095, -1
976, 812, -1
129, 1095, -1
1418, 1026, -1
1095, 976, -1
1026, 4, -1
1025, 812, -1
200, 255, -1
1026, 1453, -1
152, 4, -1
4, 597, -1
602, 1327, -1
672, 812, -1
1026, 861, -1
152, 1453, -1
976, 1095, -1
752, 57, -1
329, 1095, -1
8, 597, -1
380, 597, -1
565, 255, -1
129, 597, -1
565, 1094, -1
57, 416, -1
602, 1418, -1
861, 976, -1
4, 935, -1
875, 200, -1
961, 597, -1
8, 380, -1
200, 129, -1
961, 60, -1
380, 752, -1
1453, 1327, -1
8, 935, -1
752, 935, -1
976, 597, -1
152, 1327, -1
752, 416, -1
8, 416, -1
752, 1026, -1
976, 752, -1
565, 1453, -1
380, 672, -1
672, 597, -1
565, 861, -1
597, 57, -1
200, 961, -1
1327, 1095, -1
200, 1025, -1
976, 416, -1
329, 4, -1
1026, 200, -1
1453, 200, -1
602, 129, -1
565, 1025, -1
4, 976, -1
875, 961, -1
875, 1025, -1
935, 875, -1
565, 152, -1
565, 1418, -1
4, 57, -1
935, 1094, -1
1418, 961, -1
1418, 1025, -1
812, 4, -1
4, 416, -1
875, 602, -1
812, 1025, -1
602, 416, -1
1453, 60, -1
812, 152, -1
1453, 416, -1
935, 1418, -1
1025, 152, -1
1418, 129, -1
812, 200, -1
1453, 672, -1
129, 152, -1
602, 976, -1
1025, 8, -1
861, 1025, -1
129, 8, -1
1025, 200, -1
329, 152, -1
935, 200, -1
1327, 1453, -1
129, 200, -1
1327, 861, -1
602, 57, -1
961, 200, -1
935, 602, -1
329, 8, -1
255, 4, -1
329, 200, -1
935, 565, -1
935, 812, -1
812, 961, -1
1453, 57, -1
4, 1025, -1
861, 602, -1
565, 976, -1
812, 60, -1
4, 152, -1
1026, 416, -1
1327, 1094, -1
1327, 200, -1
380, 152, -1
380, 1418, -1
1026, 672, -1
935, 597, -1
935, 60, -1
565, 57, -1
961, 152, -1
875, 57, -1
961, 8, -1
812, 565, -1
565, 416, -1
1418, 57, -1
875, 1026, -1
329, 416, -1
329, 672, -1
1327, 1418, -1
4, 961, -1
1327, 597, -1
812, 57, -1
4, 1418, -1
602, 961, -1
602, 1025, -1
255, 60, -1
255, 380, -1
602, 152, -1
812, 416, -1
4, 380, -1
1025, 752, -1
812, 672, -1
1453, 1025, -1
1327, 565, -1
129, 752, -1
935, 4, -1
1025, 416, -1
961, 752, -1
935, 1453, -1
380, 416, -1
1026, 152, -1
861, 57, -1
129, 416, -1
935, 861, -1
1025, 672, -1
255, 565, -1
329, 752, -1
129, 672, -1
961, 416, -1
255, 812, -1
961, 672, -1

1001, 565, 1
1001, 4, 1
1001, 752, 1
1001, 672, 1
1001, 602, 1
1001, 200, 1
1001, 8, 1
1001, 60, 1
39, 565, 1
39, 4, 1
39, 752, 1
39, 672, 1
39, 602, 1
39, 200, 1
39, 8, 1
39, 60, 1
39, 1001, 1
915, 1025, 1
915, 935, 1
915, 961, 1
915, 380, 1
915, 329, 1
915, 129, 1
915, 976, 1
915, 1026, 1
915, 1327, 1
915, 57, 1
1024, 1025, 1
1024, 935, 1
1024, 961, 1
1024, 380, 1
1024, 329, 1
1024, 129, 1
1024, 976, 1
1024, 1026, 1
1024, 1327, 1
1024, 57, 1
1024, 915, 1
1478, 1025, 1
1478, 935, 1
1478, 961, 1
1478, 380, 1
1478, 329, 1
1478, 129, 1
1478, 976, 1
1478, 1026, 1
1478, 1327, 1
1478, 57, 1
1478, 915, 1
1478, 1024, 1
672, 752, 1
329, 1026, 1
200, 60, 1
60, 565, 1
380, 976, 1
129, 976, 1
1025, 329, 1
4, 39, 1
752, 1001, 1
961, 976, 1
8, 39, 1
1327, 935, 1
672, 1001, 1
129, 57, 1
976, 329, 1
961, 57, 1
57, 1026, 1
60, 39, 1
602, 60, 1
1026, 915, 1
976, 57, 1
8, 752, 1
200, 565, 1
8, 4, 1
752, 4, 1
329, 1478, 1
961, 1026, 1
1026, 380, 1
976, 1026, 1
935, 1327, 1
1025, 1327, 1
200, 39, 1
380, 1327, 1
602, 565, 1
129, 1327, 1
672, 4, 1
329, 961, 1
329, 1025, 1
976, 1327, 1
329, 1327, 1
200, 752, 1
57, 1478, 1
752, 8, 1
752, 200, 1
602, 39, 1
57, 129, 1
200, 672, 1
1025, 1478, 1
1026, 976, 1
380, 1478, 1
129, 1478, 1
752, 602, 1
1025, 129, 1
200, 1001, 1
961, 1478, 1
57, 961, 1
57, 1025, 1
976, 1478, 1
57, 1327, 1
961, 129, 1
672, 200, 1
602, 4, 1
976, 129, 1
329, 129, 1
1025, 961, 1
60, 4, 1
1026, 935, 1
1025, 915, 1
129, 961, 1
129, 1025, 1
129, 915, 1
1001, 39, 1
961, 1025, 1
57, 380, 1
961, 1327, 1
565, 39, 1
976, 961, 1
976, 1025, 1
976, 915, 1
752, 60, 1
329, 915, 1
1025, 380, 1
129, 380, 1
200, 4, 1
8, 200, 1
961, 380, 1
976, 380, 1
329, 380, 1
8, 602, 1
329, 935, 1
752, 565, 1
1024, 1478, 1
672, 8, 1
57, 915, 1
1026, 1478, 1
935, 976, 1
1025, 976, 1
672, 602, 1
200, 8, 1
752, 39, 1
672, 565, 1
961, 915, 1
1025, 57, 1
4, 60, 1
57, 935, 1
329, 976, 1
8, 60, 1
200, 602, 1
1025, 935, 1
915, 1478, 1
1026, 1327, 1
380, 935, 1
329, 57, 1
976, 1024, 1
129, 935, 1
672, 39, 1
1025, 1026, 1
961, 935, 1
129, 1026, 1
8, 672, 1
752, 672, 1
976, 935, 1
4, 565, 1
672, 60, 1
1327, 976, 1
8, 565, 1
57, 976, 1
8, 1001, 1
602, 672, 1
935, 961, 1
935, 1025, 1
380, 961, 1
1327, 57, 1
935, 915, 1
380, 1025, 1
60, 672, 1
57, 1024, 1
1026, 129, 1
1327, 1478, 1
935, 57, 1
1025, 1024, 1
565, 60, 1
380, 57, 1
129, 1024, 1
935, 380, 1
4, 200, 1
565, 200, 1
935, 1478, 1
1026, 961, 1
1026, 1025, 1
961, 1024, 1
329, 1024, 1
935, 129, 1
935, 1026, 1
565, 4, 1
602, 200, 1
565, 672, 1
4, 672, 1
60, 200, 1
1026, 57, 1
1001, 1025, -1
1001, 935, -1
1001, 961, -1
1001, 380, -1
1001, 329, -1
1001, 129, -1
1001, 976, -1
1001, 1026, -1
1001, 1327, -1
1001, 57, -1
1001, 875, -1
1001, 861, -1
1001, 152, -1
1001, 1418, -1
1001, 1095, -1
1001, 255, -1
1001, 597, -1
1001, 1094, -1
1001, 416, -1
1001, 1453, -1
1001, 812, -1
39, 1025, -1
39, 935, -1
39, 961, -1
39, 380, -1
39, 329, -1
39, 129, -1
39, 976, -1
39, 1026, -1
39, 1327, -1
39, 57, -1
39, 875, -1
39, 861, -1
39, 152, -1
39, 1418, -1
39, 1095, -1
39, 255, -1
39, 597, -1
39, 1094, -1
39, 416, -1
39, 1453, -1
39, 812, -1
915, 875, -1
915, 861, -1
915, 152, -1
915, 1418, -1
915, 1095, -1
915, 255, -1
915, 597, -1
915, 1094, -1
915, 416, -1
915, 565, -1
915, 4, -1
915, 752, -1
915, 672, -1
915, 602, -1
915, 200, -1
915, 8, -1
915, 60, -1
915, 1001, -1
915, 39, -1
915, 1453, -1
915, 812, -1
1024, 875, -1
1024, 861, -1
1024, 152, -1
1024, 1418, -1
1024, 1095, -1
1024, 255, -1
1024, 597, -1
1024, 1094, -1
1024, 416, -1
1024, 565, -1
1024, 4, -1
1024, 752, -1
1024, 672, -1
1024, 602, -1
1024, 200, -1
1024, 8, -1
1024, 60, -1
1024, 1001, -1
1024, 39, -1
1024, 1453, -1
1024, 812, -1
1478, 875, -1
1478, 861, -1
1478, 152, -1
1478, 1418, -1
1478, 1095, -1
1478, 255, -1
1478, 597, -1
1478, 1094, -1
1478, 416, -1
1478, 565, -1
1478, 4, -1
1478, 752, -1
1478, 672, -1
1478, 602, -1
1478, 200, -1
1478, 8, -1
1478, 60, -1
1478, 1001, -1
1478, 39, -1
1478, 1453, -1
1478, 812, -1
152, 8, -1
565, 1327, -1
200, 597, -1
152, 129, -1
812, 1478, -1
416, 1478, -1
935, 255, -1
8, 1024, -1
57, 4, -1
875, 380, -1
812, 4, -1
752, 1478, -1
152, 915, -1
200, 812, -1
1025, 4, -1
416, 961, -1
380, 1453, -1
129, 1453, -1
60, 935, -1
200, 1095, -1
961, 1453, -1
861, 1478, -1
976, 4, -1
152, 380, -1
200, 57, -1
1025, 152, -1
672, 1026, -1
672, 1453, -1
57, 255, -1
8, 875, -1
1025, 255, -1
875, 60, -1
935, 200, -1
329, 152, -1
8, 255, -1
752, 255, -1
565, 935, -1
416, 565, -1
976, 8, -1
329, 8, -1
976, 255, -1
752, 129, -1
1418, 60, -1
8, 861, -1
416, 39, -1
4, 1025, -1
57, 1418, -1
329, 565, -1
329, 812, -1
752, 915, -1
152, 752, -1
875, 976, -1
200, 1094, -1
1025, 1418, -1
875, 329, -1
8, 1418, -1
752, 1418, -1
152, 1026, -1
935, 60, -1
976, 1418, -1
752, 380, -1
672, 1025, -1
416, 672, -1
200, 1453, -1
861, 39, -1
1026, 875, -1
152, 329, -1
60, 255, -1
602, 1478, -1
200, 1327, -1
961, 602, -1
329, 416, -1
329, 672, -1
1453, 1478, -1
57, 60, -1
602, 961, -1
4, 597, -1
1026, 861, -1
380, 597, -1
565, 255, -1
129, 597, -1
416, 1026, -1
961, 597, -1
875, 1478, -1
752, 1026, -1
416, 1327, -1
976, 752, -1
255, 565, -1
672, 597, -1
329, 752, -1
565, 861, -1
1327, 1095, -1
200, 1025, -1
1026, 1094, -1
1026, 200, -1
129, 1001, -1
1327, 39, -1
1418, 1478, -1
875, 961, -1
4, 1095, -1
602, 812, -1
961, 1001, -1
8, 976, -1
1418, 4, -1
8, 329, -1
752, 329, -1
152, 602, -1
129, 875, -1
961, 1095, -1
4, 57, -1
602, 915, -1
961, 875, -1
672, 1095, -1
152, 961, -1
672, 875, -1
602, 380, -1
416, 1025, -1
672, 57, -1
380, 861, -1
129, 861, -1
1026, 60, -1
875, 565, -1
961, 861, -1
1001, 915, -1
597, 1478, -1
200, 1024, -1
875, 915, -1
672, 861, -1
875, 39, -1
4, 1094, -1
152, 565, -1
416, 602, -1
380, 1094, -1
380, 200, -1
129, 1094, -1
129, 200, -1
1418, 915, -1
961, 1094, -1
8, 1478, -1
961, 200, -1
1025, 602, -1
4, 1453, -1
935, 565, -1
152, 39, -1
152, 57, -1
672, 1094, -1
1418, 380, -1
602, 1026, -1
329, 602, -1
57, 152, -1
200, 875, -1
4, 1327, -1
8, 961, -1
752, 961, -1
416, 1024, -1
935, 39, -1
1094, 935, -1
1025, 597, -1
752, 597, -1
152, 672, -1
380, 60, -1
129, 60, -1
976, 152, -1
672, 1327, -1
329, 597, -1
57, 565, -1
812, 565, -1
200, 861, -1
416, 1001, -1
57, 812, -1
875, 1026, -1
8, 129, -1
1025, 565, -1
1025, 812, -1
8, 812, -1
752, 812, -1
60, 1478, -1
57, 39, -1
812, 39, -1
976, 565, -1
1025, 1095, -1
416, 57, -1
752, 1095, -1
976, 812, -1
329, 1001, -1
8, 915, -1
1418, 1026, -1
1025, 39, -1
1026, 4, -1
602, 1025, -1
976, 1095, -1
752, 57, -1
329, 1095, -1
57, 416, -1
976, 39, -1
4, 935, -1
329, 39, -1
8, 380, -1
57, 672, -1
565, 1478, -1
152, 1327, -1
1025, 416, -1
1026, 152, -1
1025, 672, -1
976, 416, -1
1026, 255, -1
672, 935, -1
976, 672, -1
329, 861, -1
875, 1025, -1
416, 200, -1
60, 1095, -1
1094, 129, -1
57, 1453, -1
1001, 1478, -1
602, 597, -1
152, 1025, -1
329, 1094, -1
380, 4, -1
1025, 1453, -1
1026, 1418, -1
129, 4, -1
8, 1026, -1
752, 1453, -1
1094, 915, -1
812, 1327, -1
672, 1024, -1
961, 4, -1
200, 976, -1
200, 329, -1
976, 1453, -1
329, 1453, -1
752, 1327, -1
416, 60, -1
1418, 602, -1
1094, 380, -1
129, 152, -1
602, 1095, -1
200, 935, -1
861, 1327, -1
380, 255, -1
129, 255, -1
602, 57, -1
961, 255, -1
935, 602, -1
1453, 39, -1
4, 861, -1
672, 255, -1
152, 1024, -1
8, 1025, -1
752, 1025, -1
60, 1453, -1
672, 129, -1
1327, 200, -1
812, 935, -1
416, 935, -1
129, 1418, -1
1418, 565, -1
200, 1478, -1
60, 1327, -1
961, 1418, -1
875, 57, -1
1094, 1026, -1
152, 1001, -1
57, 602, -1
602, 1094, -1
672, 1418, -1
1418, 39, -1
935, 1001, -1
672, 380, -1
861, 935, -1
976, 602, -1
602, 1453, -1
935, 1095, -1
57, 597, -1
200, 255, -1
602, 1327, -1
255, 60, -1
8, 597, -1
60, 1025, -1
752, 1024, -1
416, 4, -1
200, 129, -1
961, 60, -1
1453, 1327, -1
976, 597, -1
57, 1001, -1
597, 39, -1
200, 915, -1
1025, 1001, -1
57, 1095, -1
329, 4, -1
57, 875, -1
565, 1025, -1
152, 200, -1
200, 1418, -1
416, 8, -1
875, 1327, -1
976, 1001, -1
8, 1095, -1
1026, 602, -1
1025, 875, -1
752, 875, -1
200, 380, -1
8, 57, -1
976, 875, -1
416, 129, -1
329, 875, -1
1418, 1327, -1
672, 976, -1
57, 861, -1
672, 329, -1
329, 255, -1
60, 597, -1
1094, 961, -1
602, 935, -1
1025, 861, -1
416, 915, -1
1026, 597, -1
752, 861, -1
152, 60, -1
1453, 935, -1
976, 861, -1
416, 380, -1
57, 1094, -1
57, 200, -1
565, 597, -1
1026, 565, -1
1026, 812, -1
1025, 1094, -1
1025, 200, -1
329, 1418, -1
8, 1094, -1
752, 1094, -1
200, 1026, -1
4, 1478, -1
597, 1327, -1
875, 935, -1
1026, 1095, -1
152, 976, -1
255, 4, -1
976, 1094, -1
60, 57, -1
976, 200, -1
129, 602, -1
329, 200, -1
1026, 39, -1
8, 1453, -1
1094, 39, -1
1418, 935, -1
1094, 57, -1
672, 1478, -1
812, 60, -1
8, 1327, -1
565, 1095, -1
60, 861, -1
152, 935, -1
1026, 416, -1
1327, 255, -1
416, 752, -1
380, 152, -1
1026, 672, -1
1001, 1024, -1
1025, 60, -1
565, 57, -1
961, 152, -1
4, 255, -1
875, 1024, -1
602, 875, -1
672, 961, -1
976, 60, -1
329, 60, -1
602, 255, -1
875, 4, -1
60, 1094, -1
380, 565, -1
416, 976, -1
129, 565, -1
380, 812, -1
416, 329, -1
129, 812, -1
961, 565, -1
597, 935, -1
961, 812, -1
602, 861, -1
752, 976, -1
152, 1478, -1
380, 1095, -1
129, 1095, -1
380, 39, -1
1026, 1453, -1
129, 39, -1
152, 4, -1
672, 812, -1
961, 39, -1
565, 1094, -1
8, 935, -1
672, 915, -1
752, 935, -1
935, 4, -1
380, 416, -1
129, 416, -1
1094, 1327, -1
875, 129, -1
565, 1453, -1
380, 672, -1
129, 672, -1
961, 416, -1
200, 961, -1
961, 672, -1
602, 129, -1
1453, 200, -1
4, 976, -1
1094, 200, -1
935, 875, -1
935, 1094, -1
1418, 961, -1
1418, 1025, -1
255, 935, -1
812, 1025, -1
861, 200, -1
1453, 60, -1
1418, 200, -1
1094, 60, -1
1095, 1327, -1
935, 1418, -1
1418, 129, -1
812, 200, -1
1453, 672, -1
602, 976, -1
1025, 8, -1
861, 1025, -1
129, 8, -1
60, 976, -1
255, 1478, -1
1327, 1453, -1
597, 1025, -1
1327, 861, -1
1453, 976, -1
1094, 976, -1
875, 672, -1
935, 812, -1
812, 961, -1
1453, 57, -1
597, 200, -1
255, 1327, -1
565, 976, -1
1418, 672, -1
1327, 1094, -1
57, 8, -1
380, 1418, -1
935, 597, -1
1026, 1001, -1
1094, 672, -1
1418, 976, -1
961, 8, -1
1095, 935, -1
861, 60, -1
380, 602, -1
1418, 57, -1
4, 812, -1
597, 60, -1
812, 976, -1
1327, 1418, -1
4, 961, -1
255, 915, -1
1327, 597, -1
812, 57, -1
861, 672, -1
597, 672, -1
57, 752, -1
60, 961, -1
255, 380, -1
39, 1478, -1
4, 380, -1
861, 976, -1
875, 200, -1
1025, 752, -1
812, 672, -1
1453, 1025, -1
1327, 565, -1
129, 752, -1
597, 976, -1
935, 1453, -1
961, 752, -1
861, 57, -1
935, 861, -1
597, 57, -1
380, 1001, -1
60, 812, -1
380, 8, -1
380, 752, -1
565, 812, -1

964, 1025, 1
964, 935, 1
964, 961, 1
964, 380, 1
964, 329, 1
964, 129, 1
964, 976, 1
964, 1026, 1
964, 1327, 1
964, 57, 1
964, 915, 1
964, 1024, 1
964, 1478, 1
814, 565, 1
814, 4, 1
814, 752, 1
814, 672, 1
814, 602, 1
814, 200, 1
814, 8, 1
814, 60, 1
814, 1001, 1
814, 39, 1
13, 565, 1
13, 4, 1
13, 752, 1
13, 672, 1
13, 602, 1
13, 200, 1
13, 8, 1
13, 60, 1
13, 1001, 1
13, 39, 1
13, 814, 1
1245, 1025, 1
1245, 935, 1
1245, 961, 1
1245, 380, 1
1245, 329, 1
1245, 129, 1
1245, 976, 1
1245, 1026, 1
1245, 1327, 1
1245, 57, 1
1245, 915, 1
1245, 1024, 1
1245, 1478, 1
1245, 964, 1
932, 1025, 1
932, 935, 1
932, 961, 1
932, 380, 1
932, 329, 1
932, 129, 1
932, 976, 1
932, 1026, 1
932, 1327, 1
932, 57, 1
932, 915, 1
932, 1024, 1
932, 1478, 1
932, 964, 1
932, 1245, 1
441, 1025, 1
441, 935, 1
441, 961, 1
441, 380, 1
441, 329, 1
441, 129, 1
441, 976, 1
441, 1026, 1
441, 1327, 1
441, 57, 1
441, 915, 1
441, 1024, 1
441, 1478, 1
441, 964, 1
441, 1245, 1
441, 932, 1
672, 752, 1
329, 1026, 1
915, 961, 1
915, 1025, 1
1024, 129, 1
915, 1327, 1
1327, 57, 1
200, 60, 1
380, 976, 1
329, 1245, 1
60, 565, 1
4, 814, 1
380, 329, 1
4, 39, 1
752, 1001, 1
57, 441, 1
329, 964, 1
57, 932, 1
8, 39, 1
1327, 935, 1
672, 1001, 1
1024, 961, 1
380, 57, 1
1024, 1025, 1
129, 57, 1
1024, 915, 1
602, 814, 1
976, 329, 1
1025, 932, 1
380, 441, 1
961, 57, 1
57, 1026, 1
380, 932, 1
60, 814, 1
60, 39, 1
1026, 961, 1
129, 932, 1
1026, 1025, 1
602, 60, 1
1026, 915, 1
976, 57, 1
8, 752, 1
200, 565, 1
961, 441, 1
961, 932, 1
57, 1245, 1
8, 4, 1
752, 4, 1
976, 932, 1
380, 1026, 1
752, 13, 1
1024, 380, 1
329, 932, 1
329, 1478, 1
57, 964, 1
961, 1026, 1
1025, 1245, 1
380, 1245, 1
1026, 380, 1
129, 1245, 1
976, 1026, 1
200, 814, 1
1025, 1327, 1
200, 39, 1
935, 1327, 1
1025, 964, 1
380, 1327, 1
602, 565, 1
380, 964, 1
129, 1327, 1
961, 1245, 1
129, 964, 1
672, 4, 1
565, 814, 1
672, 13, 1
976, 1245, 1
961, 964, 1
329, 961, 1
329, 1025, 1
976, 1327, 1
1001, 60, 1
976, 964, 1
329, 1327, 1
200, 752, 1
565, 60, 1
57, 1478, 1
752, 8, 1
1024, 976, 1
752, 200, 1
915, 380, 1
1024, 329, 1
602, 39, 1
57, 129, 1
915, 935, 1
200, 672, 1
1025, 1478, 1
380, 1478, 1
129, 1478, 1
1024, 57, 1
1001, 602, 1
752, 602, 1
1025, 129, 1
200, 1001, 1
961, 1478, 1
380, 129, 1
4, 13, 1
1001, 565, 1
1024, 441, 1
57, 961, 1
1026, 57, 1
57, 1025, 1
8, 13, 1
976, 1478, 1
57, 1327, 1
961, 129, 1
672, 200, 1
1024, 935, 1
602, 4, 1
976, 129, 1
329, 129, 1
1025, 961, 1
1024, 1026, 1
60, 4, 1
380, 961, 1
1026, 935, 1
380, 1025, 1
129, 961, 1
1025, 915, 1
60, 13, 1
129, 1025, 1
380, 915, 1
129, 915, 1
1001, 814, 1
1001, 39, 1
961, 1025, 1
57, 380, 1
1478, 1025, 1
964, 932, 1
961, 1327, 1
565, 39, 1
976, 961, 1
1478, 1327, 1
976, 1025, 1
976, 915, 1
915, 57, 1
1024, 964, 1
752, 60, 1
329, 915, 1
1025, 380, 1
915, 932, 1
129, 380, 1
200, 4, 1
8, 200, 1
1026, 964, 1
200, 13, 1
961, 380, 1
964, 1245, 1
565, 4, 1
976, 380, 1
329, 380, 1
8, 602, 1
329, 935, 1
752, 565, 1
1024, 932, 1
1024, 1478, 1
672, 8, 1
915, 1245, 1
57, 915, 1
602, 13, 1
915, 964, 1
1026, 932, 1
1026, 1478, 1
672, 602, 1
200, 8, 1
8, 814, 1
752, 814, 1
752, 39, 1
672, 565, 1
1024, 1245, 1
935, 57, 1
961, 915, 1
1025, 57, 1
57, 935, 1
4, 60, 1
329, 976, 1
1024, 1327, 1
380, 1024, 1
8, 60, 1
1025, 441, 1
1026, 1245, 1
200, 602, 1
129, 441, 1
1025, 935, 1
1026, 1327, 1
915, 1478, 1
380, 935, 1
329, 57, 1
976, 1024, 1
129, 935, 1
329, 1024, 1
672, 814, 1
1001, 4, 1
672, 39, 1
1025, 1026, 1
1001, 13, 1
976, 441, 1
961, 935, 1
329, 441, 1
1478, 935, 1
129, 1026, 1
565, 13, 1
8, 672, 1
752, 672, 1
976, 935, 1
1478, 57, 1
4, 565, 1
672, 60, 1
8, 565, 1
8, 1001, 1
602, 672, 1
1026, 441, 1
935, 961, 1
935, 1025, 1
935, 964, 1
935, 976, 1
935, 915, 1
1025, 976, 1
60, 672, 1
915, 976, 1
129, 976, 1
57, 1024, 1
1025, 329, 1
1026, 129, 1
961, 976, 1
1327, 1478, 1
39, 200, 1
1478, 976, 1
1001, 8, 1
1025, 1024, 1
1001, 200, 1
129, 1024, 1
935, 441, 1
935, 380, 1
4, 200, 1
935, 932, 1
1001, 752, 1
565, 200, 1
935, 1478, 1
961, 1024, 1
1026, 976, 1
935, 129, 1
935, 1026, 1
1327, 1245, 1
1001, 672, 1
602, 200, 1
565, 672, 1
4, 672, 1
60, 200, 1
1327, 976, 1
935, 1245, 1
57, 976, 1
964, 875, -1
964, 861, -1
964, 152, -1
964, 1418, -1
964, 1095, -1
964, 255, -1
964, 597, -1
964, 1094, -1
964, 416, -1
964, 565, -1
964, 4, -1
964, 752, -1
964, 672, -1
964, 602, -1
964, 200, -1
964, 8, -1
964, 60, -1
964, 1001, -1
964, 39, -1
964, 1453, -1
964, 812, -1
814, 1025, -1
814, 935, -1
814, 961, -1
814, 380, -1
814, 329, -1
814, 129, -1
814, 976, -1
814, 1026, -1
814, 1327, -1
814, 57, -1
814, 915, -1
814, 1024, -1
814, 1478, -1
814, 964, -1
814, 875, -1
814, 861, -1
814, 152, -1
814, 1418, -1
814, 1095, -1
814, 255, -1
814, 597, -1
814, 1094, -1
814, 416, -1
814, 1453, -1
814, 812, -1
13, 1025, -1
13, 935, -1
13, 961, -1
13, 380, -1
13, 329, -1
13, 129, -1
13, 976, -1
13, 1026, -1
13, 1327, -1
13, 57, -1
13, 915, -1
13, 1024, -1
13, 1478, -1
13, 964, -1
13, 875, -1
13, 861, -1
13, 152, -1
13, 1418, -1
13, 1095, -1
13, 255, -1
13, 597, -1
13, 1094, -1
13, 416, -1
13, 1453, -1
13, 812, -1
1245, 875, -1
1245, 861, -1
1245, 152, -1
1245, 1418, -1
1245, 1095, -1
1245, 255, -1
1245, 597, -1
1245, 1094, -1
1245, 416, -1
1245, 565, -1
1245, 4, -1
1245, 752, -1
1245, 672, -1
1245, 602, -1
1245, 200, -1
1245, 8, -1
1245, 60, -1
1245, 1001, -1
1245, 39, -1
1245, 814, -1
1245, 13, -1
1245, 1453, -1
1245, 812, -1
932, 875, -1
932, 861, -1
932, 152, -1
932, 1418, -1
932, 1095, -1
932, 255, -1
932, 597, -1
932, 1094, -1
932, 416, -1
932, 565, -1
932, 4, -1
932, 752, -1
932, 672, -1
932, 602, -1
932, 200, -1
932, 8, -1
932, 60, -1
932, 1001, -1
932, 39, -1
932, 814, -1
932, 13, -1
932, 1453, -1
932, 812, -1
441, 875, -1
441, 861, -1
441, 152, -1
441, 1418, -1
441, 1095, -1
441, 255, -1
441, 597, -1
441, 1094, -1
441, 416, -1
441, 565, -1
441, 4, -1
441, 752, -1
441, 672, -1
441, 602, -1
441, 200, -1
441, 8, -1
441, 60, -1
441, 1001, -1
441, 39, -1
441, 814, -1
441, 13, -1
441, 1453, -1
441, 812, -1
152, 8, -1
1024, 602, -1
1001, 964, -1
565, 1327, -1
200, 597, -1
152, 129, -1
416, 1478, -1
812, 1478, -1
935, 255, -1
1001, 1094, -1
8, 1024, -1
812, 4, -1
57, 4, -1
875, 380, -1
812, 13, -1
57, 13, -1
752, 1478, -1
1024, 597, -1
152, 915, -1
200, 812, -1
1025, 4, -1
1025, 13, -1
416, 961, -1
380, 1453, -1
915, 565, -1
129, 1453, -1
915, 812, -1
60, 935, -1
200, 1095, -1
961, 1453, -1
861, 1478, -1
976, 4, -1
672, 932, -1
976, 13, -1
152, 380, -1
329, 13, -1
200, 57, -1
1024, 565, -1
672, 1026, -1
915, 39, -1
672, 1453, -1
1024, 812, -1
57, 255, -1
8, 875, -1
1024, 1095, -1
1025, 255, -1
875, 60, -1
8, 255, -1
752, 255, -1
565, 935, -1
416, 565, -1
1024, 39, -1
1478, 255, -1
976, 8, -1
976, 255, -1
752, 129, -1
1418, 60, -1
200, 964, -1
8, 861, -1
4, 1245, -1
416, 39, -1
57, 1418, -1
329, 565, -1
1024, 672, -1
329, 812, -1
752, 915, -1
152, 752, -1
602, 1245, -1
200, 1094, -1
1025, 1418, -1
8, 1418, -1
752, 1418, -1
152, 1026, -1
200, 932, -1
1026, 1001, -1
752, 380, -1
976, 1418, -1
672, 1025, -1
1001, 935, -1
416, 672, -1
200, 1453, -1
861, 39, -1
1094, 1001, -1
1418, 814, -1
13, 1245, -1
915, 1453, -1
1024, 1094, -1
1026, 875, -1
380, 602, -1
60, 255, -1
152, 329, -1
602, 1478, -1
200, 1327, -1
597, 60, -1
961, 602, -1
875, 1245, -1
1453, 1478, -1
1024, 1453, -1
57, 60, -1
565, 875, -1
416, 932, -1
4, 597, -1
1026, 861, -1
380, 597, -1
565, 255, -1
129, 597, -1
416, 1026, -1
961, 597, -1
152, 1245, -1
1478, 60, -1
875, 1478, -1
752, 1026, -1
416, 1327, -1
976, 752, -1
672, 597, -1
565, 861, -1
1327, 1095, -1
200, 1025, -1
380, 1001, -1
39, 1327, -1
1026, 1094, -1
129, 1001, -1
1327, 39, -1
1418, 1478, -1
961, 1001, -1
602, 812, -1
4, 1095, -1
8, 976, -1
1418, 4, -1
8, 329, -1
380, 875, -1
1418, 13, -1
752, 329, -1
152, 602, -1
129, 875, -1
961, 1095, -1
602, 915, -1
961, 875, -1
1001, 255, -1
8, 441, -1
672, 1095, -1
152, 961, -1
672, 875, -1
1001, 129, -1
602, 380, -1
812, 1245, -1
416, 1025, -1
672, 57, -1
380, 861, -1
129, 861, -1
1026, 60, -1
875, 565, -1
961, 861, -1
8, 1245, -1
752, 1245, -1
4, 964, -1
1001, 915, -1
1094, 60, -1
597, 1478, -1
200, 1024, -1
875, 915, -1
1001, 1418, -1
672, 861, -1
875, 39, -1
915, 597, -1
4, 1094, -1
152, 565, -1
1001, 380, -1
39, 935, -1
416, 602, -1
380, 1094, -1
129, 1094, -1
1327, 1453, -1
672, 964, -1
4, 932, -1
1418, 915, -1
961, 1094, -1
8, 1478, -1
1025, 602, -1
1026, 814, -1
4, 1453, -1
152, 39, -1
915, 1001, -1
152, 57, -1
672, 1094, -1
1418, 380, -1
329, 602, -1
602, 1026, -1
200, 875, -1
4, 1327, -1
8, 961, -1
752, 961, -1
416, 1024, -1
915, 1095, -1
935, 39, -1
1024, 1001, -1
1094, 935, -1
60, 1245, -1
1025, 597, -1
752, 597, -1
152, 672, -1
380, 60, -1
129, 60, -1
672, 1327, -1
1024, 875, -1
875, 932, -1
329, 597, -1
57, 565, -1
152, 964, -1
200, 861, -1
812, 565, -1
416, 1001, -1
57, 812, -1
915, 861, -1
8, 129, -1
1025, 565, -1
1025, 812, -1
8, 812, -1
752, 812, -1
60, 1478, -1
57, 39, -1
812, 39, -1
1478, 812, -1
976, 565, -1
1025, 1095, -1
416, 57, -1
152, 932, -1
752, 1095, -1
976, 812, -1
1024, 861, -1
329, 1001, -1
8, 915, -1
1418, 1026, -1
1025, 39, -1
1026, 4, -1
380, 814, -1
129, 814, -1
1026, 13, -1
39, 255, -1
976, 1095, -1
752, 57, -1
961, 814, -1
329, 1095, -1
915, 1094, -1
1094, 4, -1
1001, 441, -1
1094, 13, -1
976, 39, -1
4, 935, -1
329, 39, -1
8, 380, -1
565, 1478, -1
152, 1327, -1
935, 1453, -1
1024, 200, -1
416, 964, -1
1001, 1245, -1
1026, 255, -1
672, 935, -1
976, 672, -1
329, 861, -1
752, 964, -1
416, 200, -1
1418, 1245, -1
60, 1095, -1
57, 1453, -1
1001, 1478, -1
752, 932, -1
602, 597, -1
152, 1025, -1
1024, 60, -1
329, 1094, -1
380, 4, -1
1025, 1453, -1
129, 4, -1
380, 13, -1
8, 1026, -1
752, 1453, -1
129, 13, -1
812, 1327, -1
565, 812, -1
672, 1024, -1
961, 4, -1
200, 976, -1
961, 13, -1
964, 814, -1
200, 329, -1
1001, 961, -1
976, 1453, -1
329, 1453, -1
752, 1327, -1
416, 60, -1
565, 915, -1
1418, 602, -1
915, 814, -1
200, 441, -1
602, 1095, -1
200, 935, -1
861, 1327, -1
380, 255, -1
565, 380, -1
129, 255, -1
1024, 814, -1
961, 255, -1
1453, 39, -1
4, 861, -1
1001, 812, -1
672, 255, -1
152, 1024, -1
416, 814, -1
1001, 1095, -1
8, 1025, -1
752, 1025, -1
60, 1453, -1
672, 129, -1
380, 1418, -1
602, 964, -1
812, 935, -1
416, 935, -1
129, 1418, -1
1418, 565, -1
200, 1478, -1
60, 1327, -1
961, 1418, -1
329, 814, -1
964, 13, -1
152, 1001, -1
57, 602, -1
861, 814, -1
602, 1094, -1
672, 1418, -1
915, 4, -1
1418, 39, -1
915, 13, -1
602, 932, -1
672, 380, -1
861, 935, -1
976, 602, -1
602, 1453, -1
1024, 4, -1
935, 1095, -1
1024, 13, -1
875, 964, -1
57, 597, -1
200, 255, -1
602, 1327, -1
13, 932, -1
8, 597, -1
752, 1024, -1
915, 255, -1
416, 4, -1
1001, 932, -1
416, 13, -1
1418, 964, -1
200, 129, -1
961, 60, -1
1453, 1327, -1
976, 597, -1
57, 1001, -1
1001, 1026, -1
1001, 1453, -1
1024, 8, -1
597, 39, -1
1024, 255, -1
200, 915, -1
1025, 1001, -1
57, 1095, -1
329, 4, -1
565, 1245, -1
57, 875, -1
1001, 1327, -1
1418, 932, -1
152, 200, -1
200, 1418, -1
416, 8, -1
875, 1327, -1
976, 1001, -1
8, 1095, -1
1026, 602, -1
1025, 875, -1
752, 875, -1
200, 380, -1
1478, 1095, -1
8, 57, -1
1094, 602, -1
976, 875, -1
416, 129, -1
1478, 39, -1
329, 875, -1
1418, 1327, -1
1024, 1418, -1
672, 976, -1
57, 861, -1
672, 329, -1
329, 255, -1
60, 597, -1
602, 935, -1
1025, 861, -1
416, 915, -1
1026, 597, -1
752, 861, -1
152, 60, -1
672, 441, -1
39, 1095, -1
1001, 1025, -1
1453, 935, -1
976, 861, -1
8, 964, -1
416, 380, -1
57, 1094, -1
875, 814, -1
565, 597, -1
1026, 565, -1
915, 60, -1
672, 1245, -1
1026, 812, -1
1025, 1094, -1
329, 1418, -1
8, 1094, -1
752, 1094, -1
200, 1026, -1
4, 1478, -1
1094, 565, -1
597, 1327, -1
875, 935, -1
8, 932, -1
1026, 1095, -1
1478, 1094, -1
152, 976, -1
976, 1094, -1
976, 200, -1
129, 602, -1
1026, 39, -1
152, 814, -1
8, 1453, -1
1024, 752, -1
1094, 39, -1
1418, 935, -1
1478, 1453, -1
672, 1478, -1
152, 441, -1
812, 60, -1
8, 1327, -1
565, 1095, -1
152, 935, -1
60, 861, -1
1327, 255, -1
416, 752, -1
1001, 597, -1
1025, 60, -1
4, 255, -1
602, 875, -1
672, 961, -1
976, 60, -1
39, 1453, -1
329, 60, -1
602, 255, -1
597, 814, -1
861, 60, -1
200, 1245, -1
875, 4, -1
60, 1094, -1
875, 13, -1
4, 812, -1
380, 565, -1
416, 976, -1
129, 565, -1
380, 812, -1
416, 329, -1
129, 812, -1
961, 565, -1
812, 814, -1
57, 814, -1
597, 935, -1
961, 812, -1
565, 964, -1
602, 861, -1
752, 976, -1
380, 1095, -1
152, 1478, -1
129, 1095, -1
1001, 875, -1
1025, 814, -1
416, 441, -1
380, 39, -1
1026, 1453, -1
129, 39, -1
152, 4, -1
1001, 57, -1
672, 812, -1
152, 13, -1
961, 39, -1
1478, 814, -1
565, 1094, -1
4, 380, -1
976, 814, -1
752, 441, -1
565, 932, -1
8, 935, -1
672, 915, -1
752, 935, -1
416, 1245, -1
1001, 861, -1
1094, 1327, -1
565, 1453, -1
200, 961, -1
1026, 200, -1
1327, 814, -1
602, 129, -1
1453, 200, -1
565, 1025, -1
4, 976, -1
875, 961, -1
861, 13, -1
875, 1025, -1
1094, 200, -1
255, 814, -1
935, 875, -1
60, 812, -1
4, 57, -1
935, 1094, -1
1094, 129, -1
1418, 961, -1
915, 200, -1
1418, 1025, -1
814, 932, -1
255, 935, -1
1453, 814, -1
915, 602, -1
1094, 961, -1
1026, 1418, -1
812, 1025, -1
861, 200, -1
1094, 915, -1
1453, 60, -1
814, 1245, -1
1418, 200, -1
255, 964, -1
1095, 1327, -1
935, 1418, -1
1094, 380, -1
1418, 129, -1
57, 200, -1
1453, 672, -1
812, 200, -1
597, 13, -1
602, 976, -1
1025, 8, -1
861, 1025, -1
380, 8, -1
129, 8, -1
1025, 200, -1
935, 200, -1
60, 976, -1
380, 200, -1
255, 932, -1
255, 1478, -1
129, 200, -1
1327, 13, -1
597, 1025, -1
1327, 861, -1
602, 57, -1
961, 200, -1
1453, 976, -1
935, 602, -1
329, 8, -1
255, 4, -1
60, 57, -1
602, 441, -1
255, 13, -1
915, 672, -1
329, 200, -1
935, 565, -1
1094, 976, -1
875, 672, -1
935, 812, -1
812, 961, -1
1453, 57, -1
255, 1245, -1
597, 200, -1
39, 976, -1
4, 1025, -1
255, 1327, -1
1094, 57, -1
565, 976, -1
935, 814, -1
1094, 441, -1
861, 565, -1
875, 976, -1
1418, 672, -1
1327, 1094, -1
57, 8, -1
1327, 200, -1
39, 57, -1
1026, 672, -1
935, 597, -1
1001, 1024, -1
935, 60, -1
565, 57, -1
875, 57, -1
1094, 1026, -1
1094, 672, -1
1418, 976, -1
961, 8, -1
1095, 935, -1
1478, 200, -1
1094, 964, -1
1418, 57, -1
935, 1001, -1
812, 976, -1
1418, 441, -1
329, 672, -1
4, 961, -1
255, 915, -1
1327, 597, -1
812, 57, -1
1001, 976, -1
861, 672, -1
4, 915, -1
597, 672, -1
602, 961, -1
1094, 932, -1
602, 1025, -1
255, 60, -1
57, 752, -1
597, 565, -1
60, 961, -1
60, 1025, -1
814, 441, -1
255, 380, -1
39, 1478, -1
861, 976, -1
875, 200, -1
1025, 752, -1
812, 672, -1
57, 672, -1
380, 752, -1
1453, 1025, -1
1327, 565, -1
129, 752, -1
597, 976, -1
935, 4, -1
1094, 1245, -1
935, 13, -1
961, 752, -1
861, 57, -1
935, 861, -1
1025, 672, -1
380, 672, -1
255, 565, -1
329, 752, -1
129, 672, -1
597, 57, -1
961, 672, -1
1478, 672, -1
915, 1418, -1
1478, 1418, -1
1327, 1418, -1

829, 1025, 1
829, 935, 1
829, 961, 1
829, 380, 1
829, 329, 1
829, 129, 1
829, 976, 1
829, 1026, 1
829, 1327, 1
829, 57, 1
829, 915, 1
829, 1024, 1
829, 1478, 1
829, 964, 1
829, 1245, 1
829, 932, 1
829, 441, 1
425, 875, 1
425, 861, 1
425, 152, 1
425, 1418, 1
425, 1095, 1
425, 255, 1
425, 597, 1
425, 1094, 1
425, 416, 1
951, 875, 1
951, 861, 1
951, 152, 1
951, 1418, 1
951, 1095, 1
951, 255, 1
951, 597, 1
951, 1094, 1
951, 416, 1
951, 425, 1
1451, 875, 1
1451, 861, 1
1451, 152, 1
1451, 1418, 1
1451, 1095, 1
1451, 255, 1
1451, 597, 1
1451, 1094, 1
1451, 416, 1
1451, 425, 1
1451, 951, 1
625, 565, 1
625, 4, 1
625, 752, 1
625, 672, 1
625, 602, 1
625, 200, 1
625, 8, 1
625, 60, 1
625, 1001, 1
625, 39, 1
625, 814, 1
625, 13, 1
672, 752, 1
329, 1026, 1
152, 255, 1
152, 1094, 1
441, 129, 1
255, 1095, 1
915, 1327, 1
1024, 129, 1
1094, 255, 1
200, 60, 1
1245, 961, 1
416, 255, 1
416, 1094, 1
1245, 1025, 1
964, 380, 1
60, 565, 1
4, 814, 1
4, 39, 1
1245, 1327, 1
752, 1001, 1
255, 951, 1
875, 152, 1
1418, 861, 1
57, 441, 1
329, 964, 1
57, 932, 1
8, 39, 1
1327, 935, 1
875, 1418, 1
441, 961, 1
441, 1025, 1
672, 1001, 1
1024, 961, 1
441, 915, 1
1024, 1025, 1
129, 57, 1
1024, 915, 1
602, 814, 1
976, 329, 1
1095, 255, 1
1095, 1094, 1
1025, 932, 1
961, 57, 1
57, 1026, 1
60, 814, 1
380, 932, 1
60, 39, 1
129, 932, 1
602, 60, 1
976, 57, 1
1026, 915, 1
8, 752, 1
200, 565, 1
932, 935, 1
961, 441, 1
961, 932, 1
8, 4, 1
752, 4, 1
441, 380, 1
976, 932, 1
861, 255, 1
861, 1094, 1
752, 13, 1
1024, 380, 1
329, 932, 1
329, 1478, 1
152, 1418, 1
57, 964, 1
152, 597, 1
597, 255, 1
961, 1026, 1
597, 1094, 1
1418, 255, 1
4, 1001, 1
416, 152, 1
416, 1418, 1
425, 1451, 1
13, 814, 1
1026, 380, 1
976, 1026, 1
200, 814, 1
1025, 1327, 1
200, 39, 1
935, 1327, 1
1025, 964, 1
380, 1327, 1
602, 565, 1
380, 964, 1
129, 1327, 1
129, 964, 1
602, 1001, 1
672, 4, 1
255, 875, 1
976, 1245, 1
672, 13, 1
565, 814, 1
961, 964, 1
60, 1001, 1
329, 961, 1
1245, 915, 1
329, 1025, 1
964, 935, 1
976, 1327, 1
976, 964, 1
1001, 60, 1
329, 1327, 1
597, 861, 1
875, 951, 1
200, 752, 1
57, 1478, 1
255, 1451, 1
875, 597, 1
752, 8, 1
1024, 976, 1
915, 380, 1
602, 39, 1
1024, 329, 1
752, 200, 1
57, 129, 1
915, 935, 1
200, 672, 1
1025, 1478, 1
441, 57, 1
380, 1478, 1
1245, 380, 1
1024, 57, 1
13, 565, 1
129, 1478, 1
152, 1095, 1
13, 1001, 1
1245, 935, 1
752, 602, 1
875, 416, 1
1001, 602, 1
1025, 129, 1
200, 1001, 1
961, 1478, 1
875, 425, 1
255, 861, 1
4, 13, 1
1001, 565, 1
1024, 441, 1
1418, 597, 1
1094, 1095, 1
57, 961, 1
416, 1095, 1
57, 1025, 1
976, 1478, 1
8, 13, 1
441, 935, 1
57, 1327, 1
152, 951, 1
961, 129, 1
672, 200, 1
1024, 935, 1
602, 4, 1
976, 129, 1
441, 1026, 1
1094, 951, 1
329, 129, 1
1025, 961, 1
416, 951, 1
1024, 1026, 1
13, 39, 1
60, 4, 1
1026, 935, 1
1025, 915, 1
129, 961, 1
416, 597, 1
60, 13, 1
129, 1025, 1
932, 1327, 1
129, 915, 1
932, 964, 1
1001, 814, 1
1001, 39, 1
875, 1095, 1
961, 1025, 1
57, 380, 1
964, 932, 1
565, 39, 1
961, 1327, 1
152, 416, 1
976, 961, 1
1478, 1327, 1
1245, 976, 1
976, 1025, 1
152, 425, 1
1245, 329, 1
976, 915, 1
1024, 964, 1
752, 60, 1
329, 915, 1
255, 1094, 1
416, 425, 1
1025, 380, 1
875, 1451, 1
1245, 57, 1
915, 932, 1
129, 380, 1
1026, 964, 1
8, 200, 1
200, 4, 1
1245, 1024, 1
200, 13, 1
1418, 1095, 1
961, 380, 1
1245, 441, 1
861, 951, 1
1245, 932, 1
932, 1478, 1
976, 380, 1
861, 597, 1
329, 380, 1
8, 602, 1
1418, 951, 1
329, 935, 1
152, 875, 1
441, 932, 1
441, 1478, 1
875, 861, 1
752, 565, 1
1024, 932, 1
1024, 1478, 1
672, 8, 1
1245, 1026, 1
57, 915, 1
416, 875, 1
565, 1001, 1
152, 1451, 1
602, 13, 1
915, 964, 1
1026, 932, 1
1026, 1478, 1
416, 1451, 1
672, 602, 1
814, 39, 1
1245, 964, 1
200, 8, 1
8, 814, 1
752, 814, 1
752, 39, 1
672, 565, 1
255, 597, 1
1024, 1245, 1
961, 915, 1
964, 1478, 1
1025, 57, 1
4, 60, 1
441, 1327, 1
57, 935, 1
441, 964, 1
1024, 1327, 1
152, 861, 1
1095, 951, 1
8, 60, 1
1025, 441, 1
875, 255, 1
875, 1094, 1
200, 602, 1
861, 1095, 1
129, 441, 1
416, 861, 1
1025, 935, 1
1026, 1327, 1
915, 1478, 1
932, 380, 1
380, 935, 1
329, 57, 1
976, 1024, 1
129, 935, 1
597, 1095, 1
672, 814, 1
1001, 4, 1
672, 39, 1
1418, 875, 1
1025, 1026, 1
976, 441, 1
1001, 13, 1
961, 935, 1
1245, 1478, 1
329, 441, 1
1478, 935, 1
129, 1026, 1
565, 13, 1
8, 672, 1
752, 672, 1
976, 935, 1
964, 1327, 1
597, 951, 1
672, 60, 1
4, 565, 1
425, 951, 1
1245, 129, 1
1418, 1094, 1
1418, 1451, 1
8, 565, 1
8, 1001, 1
935, 964, 1
915, 961, 1
915, 1025, 1
1327, 57, 1
565, 625, 1
380, 976, 1
329, 1245, 1
1025, 329, 1
57, 1024, 1
129, 976, 1
380, 329, 1
1026, 129, 1
935, 829, 1
13, 200, 1
961, 976, 1
1478, 976, 1
1001, 8, 1
380, 57, 1
1001, 200, 1
565, 200, 1
13, 602, 1
935, 1478, 1
380, 441, 1
329, 829, 1
1478, 57, 1
1026, 961, 1
1026, 1025, 1
961, 1024, 1
1418, 152, 1
935, 129, 1
57, 1245, 1
4, 672, 1
380, 1026, 1
932, 1026, 1
1025, 1245, 1
380, 1245, 1
602, 672, 1
935, 961, 1
935, 1025, 1
129, 1245, 1
1327, 829, 1
57, 829, 1
961, 1245, 1
60, 672, 1
1001, 625, 1
13, 60, 1
932, 976, 1
1327, 1478, 1
1025, 829, 1
380, 829, 1
565, 60, 1
129, 829, 1
441, 976, 1
814, 200, 1
932, 57, 1
961, 829, 1
13, 672, 1
976, 829, 1
861, 152, 1
1026, 976, 1
441, 1024, 1
597, 152, 1
1327, 1245, 1
565, 672, 1
380, 129, 1
1026, 57, 1
964, 976, 1
951, 1451, 1
1026, 441, 1
932, 1245, 1
380, 961, 1
935, 915, 1
380, 1025, 1
964, 57, 1
915, 976, 1
380, 915, 1
4, 625, 1
814, 625, 1
8, 625, 1
752, 625, 1
1478, 1025, 1
814, 60, 1
915, 57, 1
1094, 416, 1
932, 829, 1
935, 380, 1
4, 200, 1
1001, 752, 1
13, 4, 1
441, 329, 1
1024, 829, 1
672, 625, 1
964, 1245, 1
565, 4, 1
1001, 672, 1
1026, 829, 1
60, 200, 1
915, 1245, 1
200, 625, 1
861, 416, 1
964, 829, 1
935, 976, 1
1025, 976, 1
932, 961, 1
597, 416, 1
1418, 416, 1
932, 1025, 1
932, 915, 1
441, 1245, 1
915, 829, 1
935, 57, 1
39, 200, 1
1025, 1024, 1
329, 976, 1
602, 625, 1
380, 1024, 1
129, 1024, 1
935, 441, 1
1245, 829, 1
1026, 1245, 1
935, 932, 1
60, 625, 1
441, 829, 1
329, 1024, 1
935, 1026, 1
602, 200, 1
814, 672, 1
964, 961, 1
861, 1451, 1
964, 1025, 1
964, 915, 1
1327, 976, 1
935, 1245, 1
597, 1451, 1
57, 976, 1
13, 625, 1
829, 875, -1
829, 861, -1
829, 152, -1
829, 1418, -1
829, 1095, -1
829, 255, -1
829, 597, -1
829, 1094, -1
829, 416, -1
829, 565, -1
829, 4, -1
829, 752, -1
829, 672, -1
829, 602, -1
829, 200, -1
829, 8, -1
829, 60, -1
829, 1001, -1
829, 39, -1
829, 814, -1
829, 13, -1
829, 1453, -1
829, 812, -1
425, 1025, -1
425, 935, -1
425, 961, -1
425, 380, -1
425, 329, -1
425, 129, -1
425, 976, -1
425, 1026, -1
425, 1327, -1
425, 57, -1
425, 915, -1
425, 1024, -1
425, 1478, -1
425, 964, -1
425, 1245, -1
425, 932, -1
425, 441, -1
425, 829, -1
425, 565, -1
425, 4, -1
425, 752, -1
425, 672, -1
425, 602, -1
425, 200, -1
425, 8, -1
425, 60, -1
425, 1001, -1
425, 39, -1
425, 814, -1
425, 13, -1
425, 1453, -1
425, 812, -1
951, 1025, -1
951, 935, -1
951, 961, -1
951, 380, -1
951, 329, -1
951, 129, -1
951, 976, -1
951, 1026, -1
951, 1327, -1
951, 57, -1
951, 915, -1
951, 1024, -1
951, 1478, -1
951, 964, -1
951, 1245, -1
951, 932, -1
951, 441, -1
951, 829, -1
951, 565, -1
951, 4, -1
951, 752, -1
951, 672, -1
951, 602, -1
951, 200, -1
951, 8, -1
951, 60, -1
951, 1001, -1
951, 39, -1
951, 814, -1
951, 13, -1
951, 1453, -1
951, 812, -1
1451, 1025, -1
1451, 935, -1
1451, 961, -1
1451, 380, -1
1451, 329, -1
1451, 129, -1
1451, 976, -1
1451, 1026, -1
1451, 1327, -1
1451, 57, -1
1451, 915, -1
1451, 1024, -1
1451, 1478, -1
1451, 964, -1
1451, 1245, -1
1451, 932, -1
1451, 441, -1
1451, 829, -1
1451, 565, -1
1451, 4, -1
1451, 752, -1
1451, 672, -1
1451, 602, -1
1451, 200, -1
1451, 8, -1
1451, 60, -1
1451, 1001, -1
1451, 39, -1
1451, 814, -1
1451, 13, -1
1451, 1453, -1
1451, 812, -1
625, 1025, -1
625, 935, -1
625, 961, -1
625, 380, -1
625, 329, -1
625, 129, -1
625, 976, -1
625, 1026, -1
625, 1327, -1
625, 57, -1
625, 915, -1
625, 1024, -1
625, 1478, -1
625, 964, -1
625, 1245, -1
625, 932, -1
625, 441, -1
625, 829, -1
625, 875, -1
625, 861, -1
625, 152, -1
625, 1418, -1
625, 1095, -1
625, 255, -1
625, 597, -1
625, 1094, -1
625, 416, -1
625, 425, -1
625, 951, -1
625, 1451, -1
625, 1453, -1
625, 812, -1
152, 8, -1
1001, 964, -1
1024, 602, -1
565, 1327, -1
672, 416, -1
200, 597, -1
672, 425, -1
57, 1451, -1
935, 875, -1
1001, 829, -1
861, 1245, -1
812, 1478, -1
416, 1478, -1
152, 129, -1
935, 255, -1
1001, 1094, -1
1025, 1451, -1
8, 1451, -1
752, 1451, -1
8, 1024, -1
57, 4, -1
812, 4, -1
875, 380, -1
57, 13, -1
812, 13, -1
441, 1418, -1
964, 565, -1
752, 1478, -1
964, 812, -1
1024, 597, -1
976, 1451, -1
152, 915, -1
200, 812, -1
1025, 4, -1
1025, 13, -1
416, 961, -1
1094, 1025, -1
380, 1453, -1
915, 565, -1
964, 1095, -1
129, 1453, -1
915, 812, -1
60, 935, -1
200, 1095, -1
961, 1453, -1
861, 1478, -1
964, 39, -1
1245, 565, -1
976, 4, -1
672, 932, -1
976, 13, -1
1245, 812, -1
964, 951, -1
329, 13, -1
152, 380, -1
200, 951, -1
200, 57, -1
1024, 565, -1
935, 1418, -1
672, 1026, -1
915, 39, -1
672, 1453, -1
57, 255, -1
812, 255, -1
1024, 812, -1
752, 152, -1
915, 951, -1
8, 875, -1
1245, 39, -1
1024, 1095, -1
1245, 951, -1
1025, 255, -1
875, 60, -1
329, 152, -1
752, 255, -1
8, 255, -1
200, 416, -1
200, 425, -1
565, 935, -1
416, 565, -1
1024, 39, -1
416, 812, -1
1478, 255, -1
976, 8, -1
1024, 951, -1
329, 8, -1
976, 255, -1
602, 441, -1
752, 129, -1
1418, 60, -1
200, 964, -1
8, 861, -1
255, 1245, -1
4, 1245, -1
416, 39, -1
4, 1025, -1
1024, 416, -1
57, 1418, -1
1024, 425, -1
329, 565, -1
200, 829, -1
1024, 672, -1
329, 812, -1
752, 915, -1
152, 752, -1
602, 1245, -1
861, 565, -1
200, 1094, -1
39, 57, -1
1025, 1418, -1
875, 329, -1
8, 1418, -1
752, 1418, -1
152, 1026, -1
200, 932, -1
964, 1453, -1
976, 1418, -1
752, 380, -1
672, 1025, -1
416, 672, -1
1001, 935, -1
329, 951, -1
875, 441, -1
861, 39, -1
200, 1453, -1
1418, 814, -1
13, 1245, -1
915, 1453, -1
1024, 1094, -1
1026, 875, -1
60, 255, -1
152, 329, -1
602, 1478, -1
200, 1327, -1
1245, 1453, -1
961, 602, -1
329, 416, -1
1418, 441, -1
875, 1245, -1
329, 672, -1
814, 1095, -1
1024, 1453, -1
57, 60, -1
602, 961, -1
416, 932, -1
814, 951, -1
814, 57, -1
39, 1094, -1
4, 597, -1
1026, 861, -1
1095, 39, -1
13, 1478, -1
1001, 1451, -1
380, 597, -1
1095, 57, -1
565, 255, -1
129, 597, -1
416, 1026, -1
416, 1453, -1
152, 1245, -1
961, 597, -1
875, 1478, -1
752, 1026, -1
416, 1327, -1
976, 752, -1
255, 565, -1
672, 597, -1
329, 752, -1
565, 861, -1
255, 812, -1
1327, 1095, -1
200, 1025, -1
932, 565, -1
39, 1327, -1
1026, 1094, -1
441, 602, -1
932, 812, -1
1327, 39, -1
1418, 1478, -1
1327, 951, -1
875, 961, -1
4, 1095, -1
861, 1453, -1
602, 812, -1
8, 976, -1
932, 1095, -1
255, 39, -1
1418, 4, -1
8, 329, -1
752, 329, -1
1418, 13, -1
152, 602, -1
129, 875, -1
255, 57, -1
4, 951, -1
961, 1095, -1
1245, 625, -1
4, 57, -1
932, 39, -1
602, 915, -1
961, 875, -1
1001, 255, -1
932, 951, -1
597, 1245, -1
1418, 961, -1
8, 441, -1
672, 1095, -1
441, 597, -1
152, 961, -1
672, 875, -1
1001, 129, -1
602, 380, -1
1453, 951, -1
416, 1025, -1
672, 57, -1
380, 861, -1
1026, 60, -1
1245, 602, -1
129, 861, -1
875, 565, -1
416, 625, -1
13, 915, -1
875, 812, -1
961, 861, -1
8, 1245, -1
752, 1245, -1
255, 964, -1
814, 1327, -1
1001, 915, -1
597, 1478, -1
964, 597, -1
441, 565, -1
1095, 1327, -1
200, 1024, -1
875, 915, -1
441, 812, -1
1001, 1418, -1
255, 829, -1
672, 861, -1
4, 829, -1
875, 39, -1
13, 380, -1
597, 13, -1
1418, 812, -1
915, 597, -1
4, 1094, -1
861, 1025, -1
329, 625, -1
39, 935, -1
441, 1095, -1
1001, 380, -1
152, 565, -1
416, 602, -1
152, 812, -1
380, 1094, -1
255, 932, -1
1245, 597, -1
129, 1094, -1
672, 964, -1
1327, 1453, -1
441, 39, -1
1418, 915, -1
441, 951, -1
961, 1094, -1
8, 1478, -1
1025, 602, -1
255, 1453, -1
1026, 814, -1
4, 1453, -1
672, 829, -1
152, 39, -1
932, 1453, -1
672, 1094, -1
152, 57, -1
1094, 814, -1
1418, 380, -1
329, 602, -1
602, 1026, -1
255, 1327, -1
441, 425, -1
200, 875, -1
814, 1025, -1
4, 1327, -1
1245, 1001, -1
8, 961, -1
752, 961, -1
812, 597, -1
416, 1024, -1
915, 1095, -1
935, 39, -1
935, 951, -1
1024, 1001, -1
1095, 814, -1
1094, 935, -1
1245, 1095, -1
60, 1245, -1
8, 152, -1
1025, 597, -1
752, 597, -1
152, 672, -1
380, 60, -1
129, 60, -1
976, 152, -1
964, 861, -1
13, 1026, -1
672, 1327, -1
1024, 875, -1
875, 932, -1
152, 964, -1
329, 597, -1
57, 565, -1
200, 861, -1
812, 565, -1
1095, 935, -1
416, 1001, -1
57, 812, -1
915, 861, -1
875, 1026, -1
875, 1453, -1
8, 129, -1
1025, 565, -1
152, 829, -1
812, 1095, -1
1025, 812, -1
1245, 425, -1
8, 812, -1
752, 812, -1
60, 1478, -1
1245, 861, -1
1026, 1451, -1
812, 39, -1
57, 39, -1
441, 1453, -1
976, 565, -1
812, 951, -1
1025, 1095, -1
416, 57, -1
57, 951, -1
152, 932, -1
752, 1095, -1
976, 812, -1
1024, 861, -1
329, 1001, -1
964, 1094, -1
8, 915, -1
1418, 1026, -1
1025, 39, -1
1026, 4, -1
380, 814, -1
1094, 1478, -1
861, 1001, -1
602, 1025, -1
1026, 13, -1
129, 814, -1
39, 255, -1
1025, 951, -1
752, 951, -1
976, 1095, -1
752, 57, -1
152, 1453, -1
961, 814, -1
329, 1095, -1
915, 1094, -1
1001, 441, -1
976, 39, -1
57, 425, -1
1478, 951, -1
4, 935, -1
329, 39, -1
8, 380, -1
976, 951, -1
565, 1478, -1
1245, 1094, -1
152, 1327, -1
935, 1453, -1
752, 416, -1
8, 416, -1
1025, 425, -1
861, 57, -1
752, 425, -1
416, 964, -1
1024, 200, -1
13, 1025, -1
1001, 1245, -1
976, 416, -1
976, 425, -1
1026, 255, -1
329, 425, -1
672, 935, -1
976, 672, -1
329, 861, -1
752, 964, -1
416, 829, -1
964, 60, -1
875, 1025, -1
812, 1094, -1
416, 200, -1
875, 625, -1
752, 829, -1
1418, 1245, -1
60, 1095, -1
932, 597, -1
129, 1451, -1
1418, 1025, -1
57, 1453, -1
1001, 1478, -1
752, 932, -1
602, 597, -1
961, 1451, -1
152, 1025, -1
60, 951, -1
861, 829, -1
329, 1094, -1
1024, 60, -1
380, 4, -1
1025, 1453, -1
152, 625, -1
1026, 1418, -1
129, 4, -1
8, 1026, -1
752, 1453, -1
380, 13, -1
875, 602, -1
129, 13, -1
812, 1327, -1
672, 1451, -1
672, 1024, -1
961, 4, -1
200, 976, -1
961, 13, -1
964, 814, -1
200, 329, -1
1001, 961, -1
976, 1453, -1
329, 1453, -1
752, 1327, -1
416, 60, -1
565, 915, -1
13, 597, -1
1418, 602, -1
829, 625, -1
915, 814, -1
200, 441, -1
1245, 814, -1
602, 1095, -1
200, 935, -1
814, 1094, -1
861, 1327, -1
380, 255, -1
565, 380, -1
129, 255, -1
597, 1025, -1
1024, 814, -1
602, 951, -1
602, 57, -1
961, 255, -1
1453, 1095, -1
1453, 39, -1
4, 861, -1
1001, 812, -1
672, 255, -1
932, 861, -1
13, 1095, -1
416, 814, -1
152, 1024, -1
875, 1001, -1
602, 425, -1
1001, 1095, -1
8, 1025, -1
752, 1025, -1
60, 1453, -1
13, 951, -1
13, 57, -1
672, 129, -1
1327, 1094, -1
200, 1451, -1
1001, 951, -1
602, 964, -1
812, 935, -1
416, 935, -1
129, 1418, -1
1418, 565, -1
935, 597, -1
200, 1478, -1
60, 1327, -1
915, 1451, -1
961, 1418, -1
875, 57, -1
976, 625, -1
964, 4, -1
329, 814, -1
964, 13, -1
152, 1001, -1
57, 602, -1
441, 875, -1
602, 829, -1
932, 1094, -1
1245, 1451, -1
861, 814, -1
1451, 625, -1
602, 1094, -1
1001, 425, -1
672, 1418, -1
915, 4, -1
1418, 39, -1
915, 13, -1
425, 625, -1
1024, 1451, -1
602, 932, -1
1418, 57, -1
13, 964, -1
1245, 4, -1
1245, 13, -1
861, 935, -1
672, 380, -1
1453, 1094, -1
976, 602, -1
200, 152, -1
602, 1453, -1
1024, 4, -1
935, 1095, -1
13, 829, -1
1024, 13, -1
441, 861, -1
875, 964, -1
57, 597, -1
964, 255, -1
13, 1094, -1
200, 255, -1
255, 60, -1
602, 1327, -1
829, 951, -1
13, 932, -1
875, 829, -1
597, 565, -1
597, 1001, -1
8, 597, -1
1245, 875, -1
60, 1025, -1
915, 255, -1
752, 1024, -1
932, 60, -1
416, 4, -1
1001, 932, -1
416, 13, -1
1418, 964, -1
814, 935, -1
1024, 152, -1
200, 129, -1
961, 60, -1
1245, 255, -1
13, 1453, -1
976, 597, -1
329, 1451, -1
935, 425, -1
1001, 1026, -1
1001, 1453, -1
1024, 8, -1
935, 861, -1
1418, 829, -1
597, 39, -1
441, 1094, -1
1024, 255, -1
597, 57, -1
13, 1327, -1
200, 915, -1
57, 1095, -1
329, 4, -1
565, 1245, -1
57, 875, -1
1001, 1327, -1
1418, 932, -1
565, 1025, -1
152, 200, -1
200, 1418, -1
861, 13, -1
416, 8, -1
875, 1327, -1
976, 1001, -1
8, 1095, -1
255, 814, -1
1026, 602, -1
1025, 875, -1
752, 875, -1
1418, 1453, -1
200, 380, -1
932, 814, -1
1478, 1095, -1
1245, 1418, -1
935, 1094, -1
8, 57, -1
8, 951, -1
976, 875, -1
416, 129, -1
1478, 39, -1
329, 875, -1
814, 1478, -1
255, 935, -1
1418, 1327, -1
672, 976, -1
57, 861, -1
812, 861, -1
1024, 1418, -1
1095, 1478, -1
441, 60, -1
672, 329, -1
329, 255, -1
1453, 814, -1
60, 597, -1
602, 935, -1
597, 829, -1
8, 425, -1
1025, 861, -1
416, 915, -1
752, 861, -1
1026, 597, -1
152, 60, -1
39, 1095, -1
672, 441, -1
1001, 1025, -1
976, 861, -1
8, 964, -1
39, 951, -1
416, 380, -1
57, 1094, -1
875, 814, -1
597, 1453, -1
13, 935, -1
565, 597, -1
8, 829, -1
1026, 565, -1
915, 60, -1
672, 1245, -1
814, 255, -1
1026, 812, -1
1025, 1094, -1
329, 1418, -1
752, 1094, -1
8, 1094, -1
255, 1478, -1
200, 1026, -1
441, 814, -1
1245, 60, -1
4, 1478, -1
597, 1327, -1
875, 935, -1
8, 932, -1
1026, 1095, -1
602, 1451, -1
1478, 1094, -1
152, 976, -1
255, 4, -1
976, 1094, -1
60, 57, -1
976, 200, -1
255, 13, -1
129, 602, -1
329, 200, -1
1026, 39, -1
152, 814, -1
932, 4, -1
1026, 951, -1
8, 1453, -1
932, 13, -1
1024, 752, -1
1094, 39, -1
1418, 935, -1
1478, 1453, -1
1094, 57, -1
152, 441, -1
672, 1478, -1
812, 60, -1
8, 1327, -1
565, 1095, -1
60, 861, -1
152, 935, -1
1327, 255, -1
416, 752, -1
1001, 597, -1
565, 951, -1
1025, 60, -1
565, 57, -1
4, 255, -1
602, 875, -1
672, 961, -1
932, 255, -1
976, 60, -1
329, 60, -1
602, 255, -1
60, 829, -1
672, 152, -1
597, 814, -1
441, 1451, -1
200, 1245, -1
875, 4, -1
60, 1094, -1
875, 13, -1
380, 565, -1
416, 976, -1
129, 565, -1
380, 812, -1
1453, 255, -1
416, 329, -1
129, 812, -1
961, 565, -1
57, 814, -1
812, 814, -1
441, 4, -1
597, 935, -1
961, 812, -1
565, 964, -1
255, 915, -1
602, 861, -1
441, 13, -1
752, 976, -1
380, 1095, -1
152, 1478, -1
129, 1095, -1
1001, 875, -1
13, 255, -1
1025, 814, -1
416, 441, -1
380, 39, -1
1026, 1453, -1
129, 39, -1
152, 4, -1
565, 829, -1
1001, 57, -1
672, 812, -1
380, 951, -1
152, 13, -1
935, 1451, -1
129, 951, -1
961, 39, -1
1478, 814, -1
1418, 1001, -1
255, 380, -1
565, 1094, -1
602, 1418, -1
961, 951, -1
976, 814, -1
752, 441, -1
1024, 625, -1
565, 932, -1
672, 915, -1
8, 935, -1
752, 935, -1
13, 861, -1
416, 1245, -1
441, 255, -1
672, 951, -1
1094, 1327, -1
129, 425, -1
1001, 861, -1
565, 1453, -1
875, 129, -1
200, 961, -1
961, 425, -1
964, 1418, -1
814, 964, -1
129, 1001, -1
1026, 200, -1
1453, 200, -1
13, 152, -1
13, 1418, -1
602, 129, -1
1327, 814, -1
812, 829, -1
255, 976, -1
861, 4, -1
4, 976, -1
961, 1001, -1
39, 1418, -1
875, 976, -1
915, 625, -1
814, 875, -1
1094, 200, -1
597, 4, -1
565, 152, -1
915, 152, -1
814, 829, -1
915, 1418, -1
565, 1418, -1
380, 875, -1
1245, 152, -1
814, 1451, -1
1094, 602, -1
861, 964, -1
380, 1451, -1
1094, 129, -1
829, 1451, -1
964, 602, -1
441, 625, -1
915, 200, -1
814, 932, -1
597, 964, -1
1245, 8, -1
1418, 625, -1
1245, 200, -1
13, 812, -1
4, 416, -1
1026, 625, -1
915, 602, -1
814, 1453, -1
812, 1245, -1
1094, 961, -1
814, 861, -1
932, 416, -1
812, 1025, -1
861, 200, -1
1094, 915, -1
1095, 1453, -1
932, 672, -1
565, 812, -1
602, 416, -1
1453, 60, -1
1094, 625, -1
812, 625, -1
814, 1245, -1
1418, 200, -1
812, 152, -1
60, 416, -1
4, 964, -1
932, 1001, -1
1453, 935, -1
597, 932, -1
1094, 60, -1
814, 1418, -1
935, 625, -1
814, 152, -1
1453, 416, -1
1025, 152, -1
1001, 152, -1
1094, 380, -1
1418, 129, -1
57, 200, -1
812, 200, -1
129, 152, -1
1453, 672, -1
932, 875, -1
1094, 1245, -1
602, 976, -1
1025, 8, -1
964, 416, -1
13, 416, -1
129, 8, -1
1025, 200, -1
597, 602, -1
935, 200, -1
60, 976, -1
380, 200, -1
964, 672, -1
932, 1451, -1
129, 200, -1
4, 932, -1
1094, 565, -1
1327, 13, -1
1095, 200, -1
1327, 861, -1
861, 625, -1
961, 200, -1
1453, 976, -1
915, 416, -1
597, 625, -1
964, 1001, -1
1245, 752, -1
935, 602, -1
814, 129, -1
915, 672, -1
935, 565, -1
861, 380, -1
1245, 416, -1
812, 961, -1
875, 672, -1
441, 752, -1
1094, 976, -1
1453, 57, -1
935, 812, -1
915, 1001, -1
1245, 672, -1
13, 976, -1
964, 875, -1
57, 625, -1
441, 416, -1
597, 200, -1
39, 976, -1
814, 961, -1
57, 152, -1
814, 915, -1
441, 672, -1
861, 602, -1
565, 976, -1
1478, 672, -1
964, 1451, -1
935, 814, -1
1094, 441, -1
4, 152, -1
1025, 625, -1
1418, 672, -1
1026, 416, -1
13, 1451, -1
380, 625, -1
441, 1001, -1
1026, 425, -1
861, 812, -1
129, 625, -1
57, 8, -1
380, 152, -1
1327, 200, -1
932, 152, -1
1026, 672, -1
380, 1418, -1
814, 597, -1
1001, 1024, -1
935, 60, -1
961, 625, -1
597, 812, -1
1478, 625, -1
961, 152, -1
1094, 1026, -1
255, 200, -1
1478, 1418, -1
1026, 1001, -1
814, 380, -1
1094, 672, -1
932, 200, -1
1418, 976, -1
961, 8, -1
39, 1453, -1
1001, 416, -1
1094, 1001, -1
565, 416, -1
1478, 200, -1
1094, 964, -1
861, 60, -1
380, 602, -1
932, 602, -1
4, 812, -1
935, 1001, -1
597, 60, -1
812, 976, -1
1094, 829, -1
597, 380, -1
1327, 1418, -1
4, 961, -1
814, 976, -1
13, 875, -1
1478, 812, -1
1453, 1478, -1
1327, 597, -1
812, 57, -1
1001, 976, -1
814, 329, -1
861, 672, -1
964, 200, -1
1095, 976, -1
597, 672, -1
565, 875, -1
1094, 932, -1
4, 1418, -1
932, 625, -1
57, 752, -1
814, 1024, -1
932, 1418, -1
60, 961, -1
814, 441, -1
1094, 4, -1
602, 152, -1
812, 416, -1
57, 416, -1
4, 380, -1
1094, 1453, -1
861, 976, -1
441, 152, -1
565, 1451, -1
875, 200, -1
1094, 13, -1
39, 1478, -1
1025, 752, -1
57, 672, -1
1453, 1025, -1
812, 672, -1
60, 152, -1
60, 1418, -1
1453, 1327, -1
129, 752, -1
1478, 60, -1
597, 976, -1
1327, 565, -1
814, 416, -1
935, 4, -1
814, 1026, -1
1025, 416, -1
814, 425, -1
1453, 625, -1
961, 752, -1
380, 416, -1
57, 1001, -1
441, 8, -1
1026, 152, -1
129, 416, -1
935, 13, -1
951, 625, -1
380, 425, -1
441, 200, -1
1025, 672, -1
380, 672, -1
129, 672, -1
961, 416, -1
1478, 416, -1
861, 932, -1
964, 625, -1
1025, 1001, -1
961, 672, -1
380, 1001, -1
964, 152, -1
60, 812, -1
380, 752, -1
4, 915, -1
814, 812, -1
380, 8, -1
812, 1001, -1

156, 1025, 1
156, 935, 1
156, 961, 1
156, 380, 1
156, 329, 1
156, 129, 1
156, 976, 1
156, 1026, 1
156, 1327, 1
156, 57, 1
156, 915, 1
156, 1024, 1
156, 1478, 1
156, 964, 1
156, 1245, 1
156, 932, 1
156, 441, 1
156, 829, 1
1148, 875, 1
1148, 861, 1
1148, 152, 1
1148, 1418, 1
1148, 1095, 1
1148, 255, 1
1148, 597, 1
1148, 1094, 1
1148, 416, 1
1148, 425, 1
1148, 951, 1
1148, 1451, 1
1080, 875, 1
1080, 861, 1
1080, 152, 1
1080, 1418, 1
1080, 1095, 1
1080, 255, 1
1080, 597, 1
1080, 1094, 1
1080, 416, 1
1080, 425, 1
1080, 951, 1
1080, 1451, 1
1080, 1148, 1
724, 1025, 1
724, 935, 1
724, 961, 1
724, 380, 1
724, 329, 1
724, 129, 1
724, 976, 1
724, 1026, 1
724, 1327, 1
724, 57, 1
724, 915, 1
724, 1024, 1
724, 1478, 1
724, 964, 1
724, 1245, 1
724, 932, 1
724, 441, 1
724, 829, 1
724, 156, 1
1161, 875, 1
1161, 861, 1
1161, 152, 1
1161, 1418, 1
1161, 1095, 1
1161, 255, 1
1161, 597, 1
1161, 1094, 1
1161, 416, 1
1161, 425, 1
1161, 951, 1
1161, 1451, 1
1161, 1148, 1
1161, 1080, 1
1121, 1025, 1
1121, 935, 1
1121, 961, 1
1121, 380, 1
1121, 329, 1
1121, 129, 1
1121, 976, 1
1121, 1026, 1
1121, 1327, 1
1121, 57, 1
1121, 915, 1
1121, 1024, 1
1121, 1478, 1
1121, 964, 1
1121, 1245, 1
1121, 932, 1
1121, 441, 1
1121, 829, 1
1121, 156, 1
1121, 724, 1
342, 1025, 1
342, 935, 1
342, 961, 1
342, 380, 1
342, 329, 1
342, 129, 1
342, 976, 1
342, 1026, 1
342, 1327, 1
342, 57, 1
342, 915, 1
342, 1024, 1
342, 1478, 1
342, 964, 1
342, 1245, 1
342, 932, 1
342, 441, 1
342, 829, 1
342, 156, 1
342, 724, 1
342, 1121, 1
915, 961, 1
152, 255, 1
441, 129, 1
329, 1245, 1
1418, 861, 1
1024, 961, 1
441, 915, 1
380, 932, 1
1026, 1025, 1
129, 932, 1
964, 156, 1
961, 932, 1
441, 380, 1
380, 1026, 1
875, 1148, 1
932, 1026, 1
329, 1478, 1
152, 1418, 1
915, 156, 1
597, 255, 1
961, 1026, 1
416, 152, 1
425, 1451, 1
380, 1327, 1
129, 1327, 1
329, 961, 1
152, 1148, 1
597, 861, 1
915, 380, 1
57, 129, 1
861, 152, 1
1024, 57, 1
1025, 129, 1
425, 152, 1
932, 724, 1
416, 1095, 1
1451, 255, 1
976, 129, 1
441, 1026, 1
425, 255, 1
329, 129, 1
932, 342, 1
416, 951, 1
932, 1245, 1
152, 1161, 1
380, 1025, 1
1025, 915, 1
129, 1025, 1
961, 342, 1
329, 156, 1
961, 1025, 1
57, 380, 1
964, 932, 1
1451, 861, 1
976, 915, 1
1024, 964, 1
329, 915, 1
57, 1121, 1
416, 425, 1
1025, 380, 1
915, 932, 1
1024, 829, 1
861, 951, 1
932, 1478, 1
976, 380, 1
329, 380, 1
425, 1418, 1
1024, 932, 1
861, 416, 1
441, 724, 1
932, 961, 1
1451, 1148, 1
441, 342, 1
416, 1161, 1
441, 1245, 1
425, 1148, 1
156, 1121, 1
1024, 1327, 1
380, 1024, 1
1095, 951, 1
1025, 1026, 1
964, 1025, 1
1418, 1451, 1
915, 342, 1
329, 1026, 1
932, 156, 1
425, 1161, 1
915, 1025, 1
255, 1095, 1
1327, 57, 1
1245, 342, 1
1245, 1025, 1
1025, 329, 1
255, 951, 1
875, 152, 1
57, 441, 1
441, 961, 1
380, 57, 1
1024, 1025, 1
129, 57, 1
976, 329, 1
57, 724, 1
961, 57, 1
829, 1478, 1
951, 1095, 1
1418, 152, 1
1025, 724, 1
57, 1245, 1
152, 597, 1
1025, 342, 1
1418, 255, 1
1025, 1245, 1
976, 724, 1
380, 964, 1
129, 964, 1
1478, 1245, 1
976, 342, 1
976, 1245, 1
329, 342, 1
441, 156, 1
961, 964, 1
329, 1025, 1
380, 829, 1
875, 951, 1
57, 1478, 1
129, 829, 1
961, 829, 1
1025, 1478, 1
380, 1121, 1
441, 57, 1
129, 1121, 1
152, 1095, 1
597, 152, 1
875, 416, 1
875, 425, 1
57, 961, 1
976, 1478, 1
152, 951, 1
1026, 441, 1
1025, 961, 1
1026, 935, 1
964, 57, 1
416, 597, 1
932, 1327, 1
1418, 1148, 1
152, 416, 1
961, 1327, 1
976, 961, 1
152, 425, 1
915, 57, 1
1245, 57, 1
1451, 152, 1
57, 156, 1
861, 597, 1
441, 932, 1
425, 597, 1
1025, 156, 1
57, 915, 1
416, 875, 1
964, 829, 1
915, 964, 1
1026, 1478, 1
597, 416, 1
976, 156, 1
932, 1025, 1
915, 829, 1
1025, 57, 1
724, 1121, 1
441, 1327, 1
1245, 829, 1
1080, 1161, 1
861, 1095, 1
129, 441, 1
416, 861, 1
152, 1080, 1
380, 935, 1
329, 57, 1
129, 935, 1
425, 1095, 1
961, 935, 1
964, 1327, 1
425, 951, 1
1024, 1121, 1
915, 1327, 1
1451, 416, 1
1094, 255, 1
416, 1094, 1
425, 416, 1
1245, 1327, 1
329, 964, 1
57, 932, 1
441, 1025, 1
1095, 255, 1
1025, 932, 1
57, 1026, 1
329, 829, 1
1026, 915, 1
976, 932, 1
416, 1080, 1
861, 1094, 1
329, 932, 1
829, 342, 1
1026, 380, 1
829, 1245, 1
976, 1026, 1
1025, 1327, 1
829, 1025, 1
964, 935, 1
976, 1327, 1
329, 1327, 1
875, 597, 1
1024, 976, 1
932, 57, 1
1024, 329, 1
915, 935, 1
1245, 935, 1
57, 342, 1
380, 129, 1
1024, 441, 1
1418, 597, 1
57, 1025, 1
961, 129, 1
1024, 935, 1
380, 915, 1
1478, 342, 1
129, 915, 1
932, 964, 1
875, 1095, 1
1121, 342, 1
1478, 1025, 1
976, 1025, 1
932, 829, 1
156, 724, 1
129, 380, 1
1418, 1095, 1
961, 380, 1
156, 342, 1
1418, 951, 1
152, 875, 1
329, 935, 1
961, 1121, 1
875, 861, 1
1024, 1478, 1
416, 1451, 1
1418, 416, 1
1418, 425, 1
1026, 724, 1
935, 57, 1
829, 57, 1
441, 964, 1
152, 861, 1
1026, 342, 1
1026, 1245, 1
875, 1094, 1
597, 1095, 1
976, 1024, 1
441, 829, 1
329, 1024, 1
129, 1026, 1
1451, 597, 1
964, 915, 1
597, 951, 1
441, 1121, 1
1418, 1094, 1
152, 1094, 1
1024, 129, 1
380, 976, 1
416, 255, 1
964, 380, 1
1024, 156, 1
380, 329, 1
1327, 935, 1
1024, 915, 1
380, 441, 1
1478, 57, 1
1026, 961, 1
1451, 1095, 1
976, 57, 1
932, 935, 1
961, 441, 1
380, 724, 1
425, 875, 1
129, 724, 1
861, 255, 1
1451, 951, 1
1024, 380, 1
57, 964, 1
961, 724, 1
597, 1094, 1
380, 342, 1
380, 1245, 1
129, 342, 1
416, 1418, 1
129, 1245, 1
935, 1327, 1
1025, 964, 1
829, 1327, 1
57, 829, 1
961, 1245, 1
976, 964, 1
1025, 829, 1
425, 861, 1
1026, 156, 1
416, 1148, 1
1478, 829, 1
976, 829, 1
1025, 1121, 1
380, 1478, 1
129, 1478, 1
961, 1478, 1
1094, 1095, 1
976, 1121, 1
1026, 57, 1
329, 1121, 1
441, 935, 1
57, 1327, 1
1451, 1094, 1
425, 1094, 1
1094, 951, 1
1024, 1026, 1
380, 961, 1
129, 961, 1
1478, 1327, 1
1094, 416, 1
964, 724, 1
875, 1451, 1
1026, 964, 1
829, 935, 1
964, 342, 1
724, 342, 1
964, 1245, 1
915, 724, 1
1026, 829, 1
441, 1478, 1
915, 1245, 1
380, 156, 1
129, 156, 1
951, 255, 1
152, 1451, 1
1026, 932, 1
1024, 724, 1
961, 156, 1
932, 915, 1
1024, 342, 1
1024, 1245, 1
961, 915, 1
964, 1478, 1
57, 935, 1
329, 976, 1
1025, 441, 1
875, 255, 1
932, 380, 1
1026, 1327, 1
1025, 935, 1
915, 1478, 1
1418, 875, 1
976, 441, 1
1245, 1478, 1
329, 441, 1
1478, 935, 1
964, 961, 1
976, 935, 1
329, 724, 1
935, 964, 1
829, 964, 1
1026, 1121, 1
1245, 961, 1
57, 1024, 1
129, 976, 1
1026, 129, 1
935, 829, 1
951, 1148, 1
875, 1418, 1
961, 976, 1
1478, 976, 1
1418, 1080, 1
1095, 1094, 1
935, 1478, 1
829, 932, 1
961, 1024, 1
915, 1121, 1
935, 129, 1
1245, 1121, 1
935, 342, 1
951, 597, 1
935, 961, 1
951, 1161, 1
935, 1025, 1
1327, 829, 1
1245, 156, 1
255, 875, 1
932, 976, 1
951, 425, 1
1245, 915, 1
1327, 1478, 1
255, 1451, 1
441, 976, 1
935, 1121, 1
1026, 976, 1
829, 1121, 1
1245, 380, 1
441, 1024, 1
1327, 342, 1
1451, 875, 1
1327, 1245, 1
951, 875, 1
255, 861, 1
935, 156, 1
964, 976, 1
829, 156, 1
951, 1451, 1
861, 1148, 1
935, 915, 1
915, 976, 1
829, 915, 1
597, 1148, 1
1245, 976, 1
1327, 1121, 1
1245, 329, 1
951, 861, 1
255, 1094, 1
935, 380, 1
441, 329, 1
829, 380, 1
875, 1161, 1
1245, 1024, 1
425, 1080, 1
1245, 441, 1
932, 1121, 1
1245, 932, 1
1478, 1121, 1
1245, 724, 1
1245, 1026, 1
1418, 1161, 1
951, 1094, 1
935, 976, 1
1025, 976, 1
829, 976, 1
1245, 964, 1
255, 597, 1
964, 1121, 1
1025, 1024, 1
129, 1024, 1
935, 441, 1
935, 932, 1
935, 724, 1
935, 1026, 1
829, 724, 1
255, 1148, 1
861, 1451, 1
951, 1418, 1
1327, 976, 1
1245, 129, 1
935, 1245, 1
597, 1451, 1
57, 976, 1
875, 1080, 1
156, 875, -1
156, 861, -1
156, 152, -1
156, 1418, -1
156, 1095, -1
156, 255, -1
156, 597, -1
156, 1094, -1
156, 416, -1
156, 425, -1
156, 951, -1
156, 1451, -1
156, 565, -1
156, 4, -1
156, 752, -1
156, 672, -1
156, 602, -1
156, 200, -1
156, 8, -1
156, 60, -1
156, 1001, -1
156, 39, -1
156, 814, -1
156, 13, -1
156, 625, -1
156, 1453, -1
156, 812, -1
1148, 1025, -1
1148, 935, -1
1148, 961, -1
1148, 380, -1
1148, 329, -1
1148, 129, -1
1148, 976, -1
1148, 1026, -1
1148, 1327, -1
1148, 57, -1
1148, 915, -1
1148, 1024, -1
1148, 1478, -1
1148, 964, -1
1148, 1245, -1
1148, 932, -1
1148, 441, -1
1148, 829, -1
1148, 156, -1
1148, 565, -1
1148, 4, -1
1148, 752, -1
1148, 672, -1
1148, 602, -1
1148, 200, -1
1148, 8, -1
1148, 60, -1
1148, 1001, -1
1148, 39, -1
1148, 814, -1
1148, 13, -1
1148, 625, -1
1148, 1453, -1
1148, 812, -1
1080, 1025, -1
1080, 935, -1
1080, 961, -1
1080, 380, -1
1080, 329, -1
1080, 129, -1
1080, 976, -1
1080, 1026, -1
1080, 1327, -1
1080, 57, -1
1080, 915, -1
1080, 1024, -1
1080, 1478, -1
1080, 964, -1
1080, 1245, -1
1080, 932, -1
1080, 441, -1
1080, 829, -1
1080, 156, -1
1080, 565, -1
1080, 4, -1
1080, 752, -1
1080, 672, -1
1080, 602, -1
1080, 200, -1
1080, 8, -1
1080, 60, -1
1080, 1001, -1
1080, 39, -1
1080, 814, -1
1080, 13, -1
1080, 625, -1
1080, 1453, -1
1080, 812, -1
724, 875, -1
724, 861, -1
724, 152, -1
724, 1418, -1
724, 1095, -1
724, 255, -1
724, 597, -1
724, 1094, -1
724, 416, -1
724, 425, -1
724, 951, -1
724, 1451, -1
724, 1148, -1
724, 1080, -1
724, 565, -1
724, 4, -1
724, 752, -1
724, 672, -1
724, 602, -1
724, 200, -1
724, 8, -1
724, 60, -1
724, 1001, -1
724, 39, -1
724, 814, -1
724, 13, -1
724, 625, -1
724, 1453, -1
724, 812, -1
1161, 1025, -1
1161, 935, -1
1161, 961, -1
1161, 380, -1
1161, 329, -1
1161, 129, -1
1161, 976, -1
1161, 1026, -1
1161, 1327, -1
1161, 57, -1
1161, 915, -1
1161, 1024, -1
1161, 1478, -1
1161, 964, -1
1161, 1245, -1
1161, 932, -1
1161, 441, -1
1161, 829, -1
1161, 156, -1
1161, 724, -1
1161, 565, -1
1161, 4, -1
1161, 752, -1
1161, 672, -1
1161, 602, -1
1161, 200, -1
1161, 8, -1
1161, 60, -1
1161, 1001, -1
1161, 39, -1
1161, 814, -1
1161, 13, -1
1161, 625, -1
1161, 1453, -1
1161, 812, -1
1121, 875, -1
1121, 861, -1
1121, 152, -1
1121, 1418, -1
1121, 1095, -1
1121, 255, -1
1121, 597, -1
1121, 1094, -1
1121, 416, -1
1121, 425, -1
1121, 951, -1
1121, 1451, -1
1121, 1148, -1
1121, 1080, -1
1121, 1161, -1
1121, 565, -1
1121, 4, -1
1121, 752, -1
1121, 672, -1
1121, 602, -1
1121, 200, -1
1121, 8, -1
1121, 60, -1
1121, 1001, -1
1121, 39, -1
1121, 814, -1
1121, 13, -1
1121, 625, -1
1121, 1453, -1
1121, 812, -1
342, 875, -1
342, 861, -1
342, 152, -1
342, 1418, -1
342, 1095, -1
342, 255, -1
342, 597, -1
342, 1094, -1
342, 416, -1
342, 425, -1
342, 951, -1
342, 1451, -1
342, 1148, -1
342, 1080, -1
342, 1161, -1
342, 565, -1
342, 4, -1
342, 752, -1
342, 672, -1
342, 602, -1
342, 200, -1
342, 8, -1
342, 60, -1
342, 1001, -1
342, 39, -1
342, 814, -1
342, 13, -1
342, 625, -1
342, 1453, -1
342, 812, -1
829, 1001, -1
152, 8, -1
1451, 935, -1
425, 441, -1
1024, 602, -1
1001, 964, -1
565, 1327, -1
625, 57, -1
672, 416, -1
425, 935, -1
200, 597, -1
672, 425, -1
597, 4, -1
57, 1451, -1
861, 342, -1
1001, 829, -1
861, 1245, -1
152, 129, -1
812, 1478, -1
416, 1478, -1
935, 255, -1
1001, 1094, -1
1025, 1451, -1
8, 1451, -1
752, 1451, -1
8, 1024, -1
57, 4, -1
875, 380, -1
625, 425, -1
1001, 1121, -1
380, 1161, -1
57, 13, -1
441, 1418, -1
625, 861, -1
964, 565, -1
752, 1478, -1
964, 812, -1
1024, 597, -1
976, 1451, -1
814, 724, -1
152, 915, -1
961, 1161, -1
1026, 625, -1
1025, 4, -1
200, 156, -1
1025, 13, -1
416, 961, -1
1094, 1025, -1
380, 1453, -1
625, 964, -1
915, 565, -1
964, 1095, -1
129, 1453, -1
829, 861, -1
915, 812, -1
1094, 625, -1
814, 1245, -1
200, 1095, -1
60, 935, -1
961, 1453, -1
861, 1478, -1
1418, 200, -1
672, 1161, -1
964, 39, -1
976, 4, -1
672, 932, -1
1245, 565, -1
976, 13, -1
1245, 812, -1
964, 951, -1
152, 380, -1
329, 13, -1
441, 1148, -1
625, 829, -1
200, 951, -1
200, 57, -1
1451, 4, -1
1024, 565, -1
625, 1094, -1
672, 1026, -1
752, 152, -1
915, 39, -1
57, 255, -1
1024, 812, -1
812, 255, -1
915, 951, -1
425, 4, -1
8, 875, -1
425, 13, -1
1245, 39, -1
1024, 1095, -1
875, 60, -1
1245, 951, -1
1025, 255, -1
329, 152, -1
8, 255, -1
752, 255, -1
200, 416, -1
200, 425, -1
565, 935, -1
416, 565, -1
1024, 39, -1
1080, 1121, -1
416, 812, -1
1478, 255, -1
416, 156, -1
1024, 951, -1
951, 976, -1
976, 255, -1
441, 1161, -1
752, 129, -1
1148, 1121, -1
1418, 60, -1
200, 964, -1
625, 1327, -1
8, 861, -1
4, 342, -1
602, 724, -1
4, 1245, -1
416, 39, -1
597, 200, -1
814, 961, -1
1024, 416, -1
57, 1418, -1
1024, 425, -1
329, 565, -1
200, 829, -1
329, 812, -1
152, 752, -1
752, 915, -1
602, 1245, -1
861, 565, -1
875, 976, -1
380, 625, -1
200, 1094, -1
861, 812, -1
1025, 1418, -1
129, 625, -1
8, 1418, -1
752, 1418, -1
152, 1026, -1
425, 129, -1
961, 625, -1
200, 932, -1
829, 60, -1
1026, 1001, -1
964, 1453, -1
752, 380, -1
976, 1418, -1
672, 1025, -1
1001, 935, -1
57, 1148, -1
416, 672, -1
329, 951, -1
875, 441, -1
1418, 976, -1
861, 39, -1
425, 915, -1
8, 1121, -1
1418, 814, -1
1026, 875, -1
1024, 1094, -1
1025, 1148, -1
915, 1453, -1
380, 602, -1
875, 724, -1
8, 1148, -1
152, 329, -1
60, 255, -1
602, 1478, -1
200, 1080, -1
752, 1148, -1
200, 1327, -1
597, 60, -1
814, 156, -1
1245, 1453, -1
961, 602, -1
329, 416, -1
1418, 441, -1
1451, 200, -1
875, 1245, -1
976, 1148, -1
425, 380, -1
814, 1095, -1
1453, 1478, -1
1024, 1453, -1
861, 672, -1
57, 60, -1
814, 951, -1
814, 57, -1
416, 932, -1
625, 935, -1
152, 724, -1
4, 597, -1
1026, 861, -1
1095, 39, -1
1024, 1080, -1
13, 1478, -1
1001, 1451, -1
380, 597, -1
1095, 57, -1
565, 255, -1
129, 597, -1
1025, 1161, -1
752, 1161, -1
416, 1026, -1
152, 342, -1
416, 1453, -1
152, 1245, -1
961, 597, -1
1478, 60, -1
597, 976, -1
875, 1478, -1
752, 1026, -1
329, 1161, -1
416, 1327, -1
672, 597, -1
1451, 60, -1
1327, 1095, -1
200, 1025, -1
964, 625, -1
932, 565, -1
380, 1001, -1
1026, 1094, -1
441, 602, -1
932, 812, -1
814, 964, -1
1327, 39, -1
129, 1001, -1
1418, 1478, -1
1327, 951, -1
875, 961, -1
4, 1095, -1
861, 1453, -1
961, 1001, -1
602, 156, -1
625, 1451, -1
915, 625, -1
8, 976, -1
1094, 200, -1
932, 1095, -1
255, 39, -1
1418, 4, -1
814, 829, -1
752, 329, -1
380, 875, -1
8, 329, -1
1418, 13, -1
425, 1026, -1
129, 875, -1
152, 602, -1
255, 57, -1
1094, 1121, -1
4, 951, -1
961, 1095, -1
1245, 625, -1
932, 39, -1
602, 915, -1
961, 875, -1
1001, 255, -1
932, 951, -1
597, 1245, -1
1418, 961, -1
814, 932, -1
8, 441, -1
1451, 976, -1
672, 1095, -1
441, 597, -1
152, 961, -1
672, 875, -1
1001, 129, -1
812, 342, -1
812, 1245, -1
602, 380, -1
752, 724, -1
8, 724, -1
951, 39, -1
1453, 951, -1
416, 1025, -1
829, 13, -1
672, 57, -1
380, 861, -1
129, 861, -1
875, 565, -1
1026, 60, -1
416, 625, -1
875, 812, -1
752, 342, -1
875, 156, -1
961, 861, -1
752, 1245, -1
8, 1245, -1
625, 875, -1
814, 1327, -1
1001, 915, -1
1094, 60, -1
597, 1478, -1
964, 597, -1
441, 565, -1
1095, 1327, -1
1451, 724, -1
625, 255, -1
200, 1024, -1
875, 915, -1
441, 812, -1
1001, 1418, -1
672, 861, -1
4, 829, -1
875, 39, -1
425, 724, -1
597, 13, -1
1418, 812, -1
1418, 156, -1
915, 597, -1
1451, 1245, -1
441, 1095, -1
4, 1094, -1
329, 625, -1
152, 565, -1
861, 1025, -1
1001, 380, -1
152, 812, -1
425, 342, -1
380, 1094, -1
152, 156, -1
829, 255, -1
425, 1245, -1
129, 1094, -1
1245, 597, -1
672, 964, -1
441, 39, -1
861, 625, -1
1418, 915, -1
441, 951, -1
961, 1094, -1
8, 1478, -1
964, 1001, -1
1025, 602, -1
1001, 1148, -1
1026, 814, -1
672, 829, -1
1094, 976, -1
875, 672, -1
152, 39, -1
932, 1453, -1
829, 812, -1
672, 1094, -1
152, 57, -1
915, 1001, -1
1094, 814, -1
1418, 380, -1
964, 875, -1
329, 602, -1
602, 1026, -1
625, 1418, -1
1478, 13, -1
441, 425, -1
255, 1327, -1
200, 875, -1
1451, 1478, -1
814, 1025, -1
4, 1327, -1
1245, 1001, -1
752, 961, -1
8, 961, -1
380, 1080, -1
812, 597, -1
416, 1024, -1
915, 1095, -1
625, 129, -1
425, 1478, -1
1161, 342, -1
1094, 441, -1
935, 39, -1
1418, 672, -1
425, 602, -1
1451, 13, -1
935, 951, -1
1024, 1001, -1
8, 152, -1
1094, 935, -1
1245, 1095, -1
60, 1245, -1
60, 342, -1
1025, 597, -1
752, 597, -1
152, 672, -1
625, 1121, -1
597, 812, -1
380, 60, -1
129, 60, -1
1451, 961, -1
976, 152, -1
672, 1080, -1
625, 1148, -1
964, 861, -1
672, 1327, -1
1024, 875, -1
875, 932, -1
951, 1327, -1
329, 597, -1
1095, 935, -1
57, 565, -1
425, 961, -1
200, 861, -1
152, 964, -1
416, 1001, -1
57, 812, -1
915, 861, -1
875, 1453, -1
8, 129, -1
1025, 565, -1
152, 829, -1
812, 1095, -1
1025, 812, -1
752, 156, -1
1026, 1451, -1
8, 156, -1
1245, 861, -1
60, 1478, -1
57, 39, -1
1478, 565, -1
441, 1453, -1
1478, 812, -1
976, 565, -1
812, 951, -1
1025, 1095, -1
416, 57, -1
57, 951, -1
152, 932, -1
752, 1095, -1
976, 812, -1
1024, 861, -1
329, 1001, -1
964, 1094, -1
602, 342, -1
1418, 1026, -1
8, 915, -1
597, 672, -1
1026, 4, -1
380, 814, -1
1094, 1478, -1
861, 1001, -1
1025, 39, -1
1026, 13, -1
932, 625, -1
129, 814, -1
1025, 951, -1
1451, 812, -1
814, 1024, -1
752, 951, -1
752, 57, -1
976, 1095, -1
1451, 156, -1
152, 1453, -1
329, 1095, -1
425, 565, -1
200, 1121, -1
961, 814, -1
915, 1094, -1
425, 812, -1
1453, 342, -1
1001, 441, -1
425, 156, -1
976, 39, -1
1478, 951, -1
57, 425, -1
4, 935, -1
329, 39, -1
8, 380, -1
976, 951, -1
565, 1478, -1
1451, 915, -1
1245, 1094, -1
152, 1327, -1
1001, 724, -1
752, 416, -1
861, 57, -1
1025, 425, -1
8, 416, -1
752, 425, -1
13, 342, -1
425, 39, -1
416, 964, -1
1001, 342, -1
425, 57, -1
1001, 1245, -1
976, 416, -1
1451, 380, -1
976, 425, -1
1026, 255, -1
329, 425, -1
672, 935, -1
875, 342, -1
329, 861, -1
752, 964, -1
812, 829, -1
416, 829, -1
964, 60, -1
875, 1025, -1
812, 1094, -1
416, 200, -1
1451, 672, -1
1418, 724, -1
875, 625, -1
625, 441, -1
57, 1161, -1
752, 829, -1
416, 1121, -1
425, 672, -1
1418, 342, -1
1418, 1245, -1
60, 1095, -1
380, 1451, -1
625, 724, -1
932, 597, -1
1094, 129, -1
129, 1451, -1
441, 625, -1
1418, 1025, -1
57, 1453, -1
156, 1148, -1
1001, 1478, -1
752, 932, -1
8, 1161, -1
602, 597, -1
961, 1451, -1
1418, 625, -1
60, 951, -1
152, 1025, -1
861, 829, -1
625, 1245, -1
329, 1094, -1
1024, 60, -1
1080, 724, -1
380, 4, -1
976, 1161, -1
152, 625, -1
1026, 1418, -1
129, 4, -1
380, 13, -1
8, 1026, -1
861, 200, -1
1025, 1453, -1
129, 13, -1
812, 1327, -1
1094, 915, -1
672, 1451, -1
672, 1024, -1
961, 4, -1
200, 976, -1
961, 13, -1
1080, 342, -1
1148, 724, -1
964, 814, -1
200, 329, -1
1001, 961, -1
976, 1453, -1
932, 1001, -1
752, 1080, -1
329, 1453, -1
752, 1327, -1
416, 60, -1
425, 932, -1
1148, 342, -1
829, 625, -1
1094, 380, -1
915, 814, -1
156, 1161, -1
1026, 1148, -1
200, 441, -1
329, 1080, -1
932, 875, -1
425, 1453, -1
625, 1478, -1
602, 1095, -1
1245, 814, -1
200, 935, -1
597, 342, -1
861, 1327, -1
380, 255, -1
129, 255, -1
814, 1121, -1
597, 1025, -1
1024, 814, -1
602, 951, -1
1095, 200, -1
425, 1327, -1
961, 255, -1
1453, 1095, -1
597, 625, -1
416, 602, -1
625, 961, -1
4, 861, -1
1001, 156, -1
672, 255, -1
932, 861, -1
951, 57, -1
13, 1095, -1
152, 1024, -1
57, 625, -1
875, 1001, -1
416, 814, -1
8, 342, -1
1001, 1095, -1
752, 1025, -1
8, 1025, -1
13, 951, -1
964, 1451, -1
672, 129, -1
1025, 625, -1
441, 1001, -1
200, 1451, -1
1001, 951, -1
380, 1418, -1
602, 964, -1
812, 935, -1
416, 935, -1
129, 1418, -1
1418, 565, -1
829, 597, -1
1478, 625, -1
200, 1478, -1
60, 1327, -1
915, 1451, -1
1451, 342, -1
875, 57, -1
1094, 1026, -1
976, 625, -1
255, 200, -1
964, 4, -1
329, 814, -1
961, 1418, -1
964, 13, -1
1451, 1025, -1
152, 1001, -1
441, 875, -1
57, 602, -1
602, 829, -1
932, 1094, -1
861, 814, -1
1451, 625, -1
425, 1025, -1
625, 156, -1
602, 1094, -1
1001, 425, -1
672, 1418, -1
915, 4, -1
1418, 39, -1
915, 13, -1
425, 625, -1
1024, 1451, -1
380, 1148, -1
602, 932, -1
129, 1148, -1
1418, 57, -1
1245, 4, -1
829, 565, -1
625, 915, -1
1245, 13, -1
672, 380, -1
861, 935, -1
961, 1148, -1
1453, 1094, -1
976, 602, -1
200, 152, -1
951, 200, -1
625, 951, -1
814, 976, -1
1024, 4, -1
672, 1121, -1
935, 1095, -1
1024, 13, -1
814, 329, -1
875, 964, -1
441, 861, -1
829, 1095, -1
57, 597, -1
964, 255, -1
672, 1148, -1
1095, 976, -1
13, 1094, -1
625, 380, -1
200, 255, -1
829, 39, -1
602, 1327, -1
829, 951, -1
597, 565, -1
875, 829, -1
597, 1001, -1
752, 1024, -1
8, 597, -1
814, 441, -1
915, 255, -1
1094, 724, -1
932, 60, -1
416, 4, -1
1001, 1161, -1
1001, 932, -1
416, 13, -1
1418, 964, -1
875, 200, -1
129, 1161, -1
814, 935, -1
1024, 152, -1
1478, 597, -1
200, 129, -1
961, 60, -1
1245, 255, -1
1453, 1327, -1
976, 597, -1
1094, 342, -1
329, 1451, -1
1094, 1245, -1
57, 1001, -1
1001, 1026, -1
1418, 829, -1
441, 1094, -1
597, 39, -1
1024, 255, -1
597, 57, -1
13, 1327, -1
200, 915, -1
1025, 1001, -1
57, 1095, -1
565, 342, -1
329, 4, -1
57, 875, -1
1001, 1327, -1
1418, 932, -1
152, 200, -1
255, 976, -1
861, 4, -1
200, 1418, -1
861, 13, -1
416, 8, -1
875, 1327, -1
152, 1121, -1
976, 1001, -1
8, 1095, -1
1025, 875, -1
752, 875, -1
625, 1161, -1
1418, 1453, -1
625, 932, -1
200, 380, -1
1451, 565, -1
932, 814, -1
1478, 1095, -1
1451, 1001, -1
8, 951, -1
8, 57, -1
829, 1094, -1
976, 875, -1
964, 1148, -1
1478, 39, -1
425, 1001, -1
625, 1026, -1
329, 875, -1
814, 1478, -1
416, 129, -1
255, 935, -1
1418, 1327, -1
200, 1148, -1
672, 976, -1
57, 861, -1
1024, 1418, -1
812, 861, -1
672, 329, -1
441, 60, -1
329, 255, -1
60, 597, -1
915, 1148, -1
1451, 39, -1
1094, 961, -1
602, 935, -1
597, 829, -1
8, 425, -1
1451, 57, -1
1025, 861, -1
829, 1453, -1
416, 915, -1
752, 861, -1
1026, 597, -1
152, 60, -1
672, 441, -1
1478, 861, -1
1001, 1025, -1
1453, 935, -1
976, 861, -1
1024, 1148, -1
8, 964, -1
951, 935, -1
672, 724, -1
416, 380, -1
57, 1094, -1
875, 814, -1
200, 1161, -1
597, 1453, -1
13, 935, -1
1026, 565, -1
672, 342, -1
8, 829, -1
915, 60, -1
672, 1245, -1
1026, 812, -1
814, 255, -1
1025, 1094, -1
329, 1418, -1
8, 1094, -1
752, 1094, -1
1451, 964, -1
932, 1451, -1
441, 814, -1
200, 1026, -1
4, 1478, -1
1245, 60, -1
597, 1327, -1
1094, 812, -1
875, 935, -1
1026, 1095, -1
8, 932, -1
602, 1451, -1
425, 964, -1
752, 1121, -1
1478, 1094, -1
1094, 156, -1
152, 976, -1
814, 129, -1
976, 1094, -1
625, 342, -1
129, 602, -1
1451, 829, -1
1026, 39, -1
1024, 1161, -1
152, 814, -1
625, 1025, -1
932, 4, -1
1026, 951, -1
932, 13, -1
425, 829, -1
1094, 39, -1
329, 1148, -1
1418, 935, -1
1478, 1453, -1
1451, 932, -1
1094, 57, -1
152, 441, -1
672, 1478, -1
814, 915, -1
425, 200, -1
8, 1080, -1
565, 1095, -1
425, 1121, -1
8, 1327, -1
60, 861, -1
152, 935, -1
829, 814, -1
1327, 255, -1
1026, 425, -1
1451, 1453, -1
380, 152, -1
416, 752, -1
976, 1080, -1
1001, 597, -1
565, 951, -1
1025, 60, -1
814, 380, -1
4, 255, -1
602, 875, -1
1094, 672, -1
672, 961, -1
1451, 1327, -1
200, 724, -1
932, 255, -1
976, 60, -1
329, 60, -1
602, 255, -1
60, 829, -1
672, 152, -1
597, 814, -1
441, 1451, -1
200, 342, -1
861, 60, -1
1094, 964, -1
875, 4, -1
200, 1245, -1
60, 1094, -1
875, 13, -1
1161, 1121, -1
380, 565, -1
416, 976, -1
129, 565, -1
425, 60, -1
380, 812, -1
1453, 255, -1
416, 329, -1
129, 812, -1
1094, 829, -1
961, 565, -1
57, 814, -1
441, 4, -1
597, 935, -1
961, 812, -1
441, 13, -1
602, 861, -1
625, 597, -1
752, 976, -1
380, 1095, -1
152, 1478, -1
129, 1095, -1
1001, 875, -1
13, 255, -1
1025, 814, -1
416, 441, -1
1094, 932, -1
380, 39, -1
1026, 1453, -1
129, 39, -1
152, 4, -1
1001, 57, -1
380, 951, -1
152, 13, -1
672, 156, -1
932, 1418, -1
129, 951, -1
961, 39, -1
1478, 814, -1
1418, 1001, -1
565, 1094, -1
416, 724, -1
602, 1418, -1
976, 814, -1
961, 951, -1
1024, 625, -1
752, 441, -1
861, 976, -1
752, 935, -1
8, 935, -1
672, 915, -1
416, 342, -1
1451, 814, -1
814, 1026, -1
425, 976, -1
416, 1245, -1
380, 416, -1
829, 4, -1
380, 425, -1
672, 951, -1
441, 255, -1
1094, 1327, -1
1001, 861, -1
425, 814, -1
129, 425, -1
932, 1148, -1
200, 961, -1
961, 425, -1
625, 1095, -1
602, 1148, -1
964, 1418, -1
565, 1245, -1
1327, 814, -1
602, 129, -1
951, 380, -1
13, 1418, -1
565, 1025, -1
39, 1327, -1
861, 724, -1
4, 976, -1
1453, 1121, -1
625, 1024, -1
814, 875, -1
1245, 1080, -1
597, 724, -1
935, 875, -1
915, 152, -1
255, 814, -1
1026, 602, -1
915, 1418, -1
829, 875, -1
951, 602, -1
4, 57, -1
441, 1080, -1
1245, 152, -1
1245, 1418, -1
951, 565, -1
13, 1121, -1
935, 1094, -1
861, 964, -1
814, 1451, -1
951, 812, -1
951, 156, -1
829, 1451, -1
13, 1148, -1
597, 964, -1
1026, 1080, -1
565, 1121, -1
1095, 1478, -1
4, 416, -1
13, 156, -1
875, 1121, -1
565, 1148, -1
425, 329, -1
932, 416, -1
951, 814, -1
812, 1025, -1
814, 861, -1
875, 602, -1
1095, 1453, -1
1245, 602, -1
602, 416, -1
1245, 1148, -1
565, 156, -1
814, 342, -1
13, 915, -1
39, 1095, -1
812, 152, -1
814, 1080, -1
255, 964, -1
1001, 1080, -1
951, 441, -1
60, 416, -1
1095, 342, -1
1418, 1121, -1
597, 932, -1
565, 915, -1
13, 597, -1
814, 152, -1
1453, 416, -1
39, 951, -1
1025, 152, -1
935, 1418, -1
1001, 152, -1
1418, 129, -1
829, 152, -1
255, 829, -1
129, 152, -1
951, 1026, -1
829, 1418, -1
13, 380, -1
565, 597, -1
812, 1121, -1
602, 976, -1
964, 416, -1
39, 935, -1
13, 416, -1
60, 976, -1
565, 380, -1
255, 932, -1
255, 1478, -1
1327, 1453, -1
1327, 13, -1
1327, 861, -1
602, 57, -1
1453, 976, -1
915, 416, -1
1095, 1121, -1
935, 1148, -1
255, 724, -1
255, 4, -1
935, 602, -1
60, 57, -1
602, 441, -1
255, 1453, -1
829, 1148, -1
255, 13, -1
602, 1161, -1
935, 565, -1
625, 1080, -1
861, 380, -1
1245, 416, -1
812, 961, -1
57, 1080, -1
935, 812, -1
1453, 57, -1
255, 342, -1
255, 1245, -1
13, 976, -1
861, 1121, -1
441, 416, -1
602, 425, -1
625, 152, -1
1026, 1161, -1
4, 1025, -1
57, 152, -1
1025, 1080, -1
951, 932, -1
597, 1121, -1
129, 1080, -1
565, 976, -1
13, 57, -1
935, 814, -1
4, 152, -1
1026, 416, -1
13, 1451, -1
961, 1080, -1
1327, 1094, -1
814, 1418, -1
861, 156, -1
875, 329, -1
951, 724, -1
951, 4, -1
932, 152, -1
1095, 814, -1
814, 597, -1
935, 597, -1
951, 1453, -1
951, 13, -1
1001, 1024, -1
935, 60, -1
565, 57, -1
597, 156, -1
961, 152, -1
1478, 1418, -1
951, 342, -1
951, 1245, -1
13, 724, -1
13, 1026, -1
255, 1121, -1
1245, 1451, -1
4, 1121, -1
951, 964, -1
1001, 416, -1
1245, 1161, -1
565, 724, -1
565, 416, -1
814, 1148, -1
13, 1245, -1
39, 342, -1
875, 1026, -1
13, 964, -1
951, 829, -1
812, 976, -1
1245, 425, -1
60, 1121, -1
597, 380, -1
1327, 1418, -1
4, 961, -1
565, 964, -1
13, 875, -1
1451, 1121, -1
255, 915, -1
1327, 597, -1
812, 57, -1
13, 829, -1
1001, 976, -1
951, 1121, -1
951, 1478, -1
602, 961, -1
602, 1080, -1
602, 1025, -1
951, 129, -1
565, 829, -1
39, 255, -1
39, 1094, -1
255, 60, -1
935, 1451, -1
13, 932, -1
60, 961, -1
625, 416, -1
60, 1025, -1
1245, 875, -1
255, 380, -1
814, 1161, -1
602, 152, -1
812, 416, -1
57, 416, -1
935, 1161, -1
1094, 1453, -1
441, 152, -1
39, 1478, -1
1453, 1025, -1
565, 932, -1
60, 152, -1
951, 961, -1
1327, 565, -1
951, 1025, -1
814, 416, -1
13, 861, -1
951, 915, -1
935, 4, -1
1025, 416, -1
814, 425, -1
935, 1453, -1
935, 425, -1
1026, 152, -1
829, 416, -1
935, 13, -1
129, 416, -1
935, 861, -1
875, 129, -1
255, 565, -1
961, 416, -1
565, 861, -1
13, 1025, -1
1478, 416, -1
602, 1121, -1
861, 932, -1
255, 156, -1
951, 60, -1
255, 812, -1
625, 976, -1
425, 1024, -1
964, 152, -1
932, 602, -1
829, 602, -1
964, 602, -1
915, 602, -1

