3, 1003, 1
4, 1, 1
1316, 1003, -1
1, 1003, -1
1, 1316, -1
3, 1316, -1
3, 1, -1
4, 1003, -1
4, 3, -1
4, 1316, -1
3, 4, -1
1003, 1316, -1
1003, 4, -1
1316, 4, -1
1, 3, -1

7, 1003, 1
7, 3, 1
8, 1, 1
8, 4, 1
18, 1003, 1
18, 3, 1
18, 7, 1
22, 1316, 1
979, 1316, 1
979, 22, 1
3, 7, 1
1003, 7, 1
1, 4, 1
3, 1003, 1
1316, 22, 1
3, 18, 1
7, 1316, -1
7, 1, -1
7, 4, -1
8, 1003, -1
8, 3, -1
8, 7, -1
8, 1316, -1
18, 1316, -1
18, 1, -1
18, 4, -1
18, 8, -1
22, 1003, -1
22, 3, -1
22, 7, -1
22, 18, -1
22, 1, -1
22, 4, -1
22, 8, -1
979, 1003, -1
979, 3, -1
979, 7, -1
979, 18, -1
979, 1, -1
979, 4, -1
979, 8, -1
1003, 979, -1
3, 4, -1
3, 22, -1
1316, 1003, -1
8, 18, -1
1, 3, -1
8, 979, -1
1, 18, -1
1, 979, -1
18, 22, -1
1, 1003, -1
3, 979, -1
3, 1316, -1
1003, 1316, -1
1003, 4, -1
1316, 4, -1
1316, 7, -1
1003, 22, -1
4, 1316, -1
18, 979, -1
4, 7, -1
1, 1316, -1
4, 22, -1
1, 7, -1
8, 22, -1
1, 22, -1
3, 1, -1

94, 1316, 1
94, 22, 1
94, 979, 1
257, 1003, 1
257, 3, 1
257, 7, 1
257, 18, 1
71, 1316, 1
71, 22, 1
71, 979, 1
71, 94, 1
1278, 1316, 1
1278, 22, 1
1278, 979, 1
1278, 94, 1
1278, 71, 1
1282, 1316, 1
1282, 22, 1
1282, 979, 1
1282, 94, 1
1282, 71, 1
1282, 1278, 1
1278, 1282, 1
1316, 1278, 1
979, 94, 1
3, 7, 1
1316, 94, 1
94, 1278, 1
18, 7, 1
22, 71, 1
979, 1316, 1
1003, 7, 1
979, 71, 1
18, 3, 1
3, 1003, 1
979, 22, 1
1316, 71, 1
1316, 22, 1
22, 1278, 1
94, 71, 1
22, 94, 1
18, 1003, 1
94, 1282, 1
979, 1278, 1
3, 18, 1
3, 257, 1
7, 1003, 1
94, 1003, -1
94, 3, -1
94, 7, -1
94, 18, -1
94, 1, -1
94, 4, -1
94, 8, -1
257, 1316, -1
257, 22, -1
257, 979, -1
257, 94, -1
257, 1, -1
257, 4, -1
257, 8, -1
71, 1003, -1
71, 3, -1
71, 7, -1
71, 18, -1
71, 257, -1
71, 1, -1
71, 4, -1
71, 8, -1
1278, 1003, -1
1278, 3, -1
1278, 7, -1
1278, 18, -1
1278, 257, -1
1278, 1, -1
1278, 4, -1
1278, 8, -1
1282, 1003, -1
1282, 3, -1
1282, 7, -1
1282, 18, -1
1282, 257, -1
1282, 1, -1
1282, 4, -1
1282, 8, -1
1003, 979, -1
1003, 1278, -1
3, 4, -1
3, 1, -1
3, 71, -1
979, 1003, -1
1003, 94, -1
8, 3, -1
4, 1278, -1
3, 22, -1
8, 1278, -1
8, 18, -1
7, 1316, -1
18, 1316, -1
8, 979, -1
4, 94, -1
18, 4, -1
1, 1278, -1
8, 94, -1
18, 1, -1
18, 71, -1
1, 979, -1
7, 71, -1
1, 94, -1
22, 7, -1
8, 1003, -1
18, 22, -1
18, 1282, -1
7, 22, -1
3, 1278, -1
3, 979, -1
3, 94, -1
3, 1316, -1
979, 4, -1
1003, 1316, -1
1003, 1, -1
979, 7, -1
1003, 71, -1
1003, 4, -1
257, 71, -1
1316, 4, -1
18, 1278, -1
1316, 7, -1
1003, 22, -1
257, 1282, -1
18, 979, -1
4, 1316, -1
4, 7, -1
8, 1316, -1
7, 1278, -1
4, 71, -1
18, 94, -1
7, 94, -1
1, 1316, -1
8, 7, -1
4, 22, -1
8, 71, -1
1, 22, -1
1, 7, -1
8, 22, -1
1, 71, -1
8, 1282, -1
257, 1278, -1
1, 1282, -1
1, 18, -1
22, 1003, -1
8, 257, -1
1, 1003, -1
1, 257, -1
3, 1282, -1
1316, 1003, -1
1, 3, -1

242, 1, 1
242, 4, 1
242, 8, 1
361, 1003, 1
361, 3, 1
361, 7, 1
361, 18, 1
361, 257, 1
21, 1316, 1
21, 22, 1
21, 979, 1
21, 94, 1
21, 71, 1
21, 1278, 1
21, 1282, 1
713, 1, 1
713, 4, 1
713, 8, 1
713, 242, 1
1278, 22, 1
1282, 71, 1
1316, 1278, 1
1282, 22, 1
3, 7, 1
979, 94, 1
242, 713, 1
1316, 94, 1
3, 257, 1
257, 1003, 1
94, 1278, 1
18, 7, 1
18, 257, 1
1282, 979, 1
1282, 1278, 1
22, 71, 1
8, 713, 1
1278, 94, 1
1282, 94, 1
1, 713, 1
979, 1316, 1
1003, 7, 1
257, 7, 1
979, 71, 1
18, 3, 1
3, 1003, 1
979, 22, 1
1003, 257, 1
1316, 71, 1
4, 1, 1
1316, 22, 1
8, 4, 1
8, 242, 1
8, 1, 1
94, 71, 1
18, 1003, 1
1, 4, 1
1, 242, 1
94, 22, 1
257, 3, 1
1282, 1316, 1
1278, 71, 1
979, 1278, 1
257, 18, 1
979, 21, 1
1278, 1282, 1
3, 361, 1
1316, 21, 1
94, 979, 1
94, 21, 1
18, 361, 1
1278, 979, 1
4, 713, 1
1278, 21, 1
71, 22, 1
1282, 21, 1
3, 18, 1
1003, 361, 1
257, 361, 1
94, 1316, 1
22, 1278, 1
22, 94, 1
1278, 1316, 1
7, 1003, 1
94, 1282, 1
242, 1003, -1
242, 3, -1
242, 7, -1
242, 18, -1
242, 257, -1
242, 1316, -1
242, 22, -1
242, 979, -1
242, 94, -1
242, 71, -1
242, 1278, -1
242, 1282, -1
361, 1316, -1
361, 22, -1
361, 979, -1
361, 94, -1
361, 71, -1
361, 1278, -1
361, 1282, -1
361, 1, -1
361, 4, -1
361, 8, -1
361, 242, -1
21, 1003, -1
21, 3, -1
21, 7, -1
21, 18, -1
21, 257, -1
21, 361, -1
21, 1, -1
21, 4, -1
21, 8, -1
21, 242, -1
713, 1003, -1
713, 3, -1
713, 7, -1
713, 18, -1
713, 257, -1
713, 361, -1
713, 1316, -1
713, 22, -1
713, 979, -1
713, 94, -1
713, 71, -1
713, 1278, -1
713, 1282, -1
713, 21, -1
1282, 7, -1
4, 1278, -1
3, 22, -1
8, 18, -1
257, 713, -1
4, 94, -1
18, 1, -1
1282, 18, -1
242, 361, -1
1282, 1003, -1
257, 1316, -1
257, 4, -1
1003, 1, -1
257, 242, -1
1316, 4, -1
18, 1278, -1
18, 21, -1
257, 1282, -1
18, 979, -1
4, 361, -1
8, 1316, -1
18, 94, -1
94, 7, -1
8, 361, -1
8, 1282, -1
1282, 4, -1
1003, 21, -1
1003, 979, -1
3, 1, -1
1, 3, -1
1, 1278, -1
1, 21, -1
18, 71, -1
7, 71, -1
1, 979, -1
1, 94, -1
22, 7, -1
8, 1003, -1
3, 1278, -1
3, 21, -1
3, 979, -1
3, 94, -1
979, 7, -1
1003, 71, -1
257, 22, -1
4, 1316, -1
4, 22, -1
1, 361, -1
1, 7, -1
1, 71, -1
8, 22, -1
1003, 1278, -1
3, 71, -1
979, 1003, -1
1003, 94, -1
18, 1316, -1
18, 4, -1
71, 7, -1
18, 242, -1
1, 18, -1
1282, 3, -1
18, 1282, -1
1, 1003, -1
979, 4, -1
257, 1, -1
361, 21, -1
1, 1316, -1
4, 257, -1
8, 257, -1
242, 21, -1
257, 1278, -1
1, 1282, -1
3, 1316, -1
257, 21, -1
257, 979, -1
3, 4, -1
257, 94, -1
4, 21, -1
8, 3, -1
8, 1278, -1
8, 21, -1
8, 979, -1
8, 94, -1
18, 22, -1
1003, 1316, -1
1003, 4, -1
257, 71, -1
1316, 7, -1
1003, 22, -1
4, 7, -1
4, 71, -1
8, 7, -1
8, 71, -1
1, 257, -1
1278, 7, -1
1282, 242, -1
361, 713, -1
1, 22, -1
3, 242, -1
94, 3, -1
94, 18, -1
3, 1282, -1
1003, 713, -1
979, 713, -1
1316, 1003, -1
1282, 1, -1
7, 1316, -1
1278, 3, -1
1316, 713, -1
94, 1003, -1
1278, 18, -1
22, 361, -1
22, 1, -1
7, 22, -1
1278, 1003, -1
1278, 713, -1
979, 361, -1
979, 1, -1
1282, 713, -1
1316, 361, -1
1316, 1, -1
3, 713, -1
7, 21, -1
7, 1278, -1
94, 361, -1
94, 1, -1
94, 4, -1
7, 94, -1
94, 242, -1
71, 1003, -1
1278, 361, -1
1278, 1, -1
18, 713, -1
22, 1003, -1
1278, 4, -1
1278, 242, -1
1282, 361, -1
1278, 257, -1
1282, 257, -1
94, 257, -1
979, 257, -1
22, 257, -1
1316, 257, -1

137, 1003, 1
137, 3, 1
137, 7, 1
137, 18, 1
137, 257, 1
137, 361, 1
1013, 1316, 1
1013, 22, 1
1013, 979, 1
1013, 94, 1
1013, 71, 1
1013, 1278, 1
1013, 1282, 1
1013, 21, 1
1474, 1316, 1
1474, 22, 1
1474, 979, 1
1474, 94, 1
1474, 71, 1
1474, 1278, 1
1474, 1282, 1
1474, 21, 1
1474, 1013, 1
235, 1316, 1
235, 22, 1
235, 979, 1
235, 94, 1
235, 71, 1
235, 1278, 1
235, 1282, 1
235, 21, 1
235, 1013, 1
235, 1474, 1
979, 21, 1
21, 71, 1
1474, 235, 1
1278, 22, 1
1282, 71, 1
1316, 1278, 1
979, 94, 1
3, 7, 1
1282, 22, 1
1316, 21, 1
21, 22, 1
21, 1282, 1
3, 361, 1
1316, 979, 1
1282, 1474, 1
1316, 94, 1
94, 979, 1
94, 1278, 1
257, 1003, 1
3, 257, 1
21, 1013, 1
1282, 235, 1
1282, 1013, 1
21, 235, 1
18, 361, 1
18, 7, 1
1278, 979, 1
361, 7, 1
18, 257, 1
1282, 979, 1
1282, 1278, 1
1278, 94, 1
21, 1316, 1
21, 979, 1
21, 1278, 1
1282, 21, 1
361, 257, 1
22, 71, 1
21, 94, 1
1013, 235, 1
1282, 94, 1
979, 1316, 1
1003, 361, 1
1003, 7, 1
257, 361, 1
257, 7, 1
979, 71, 1
18, 3, 1
3, 1003, 1
979, 22, 1
361, 3, 1
1003, 257, 1
1316, 71, 1
1316, 22, 1
361, 18, 1
94, 71, 1
979, 235, 1
979, 1013, 1
18, 1003, 1
361, 1003, 1
94, 22, 1
1316, 1013, 1
257, 3, 1
1282, 1316, 1
1278, 71, 1
979, 1278, 1
257, 18, 1
1278, 1282, 1
94, 1013, 1
94, 235, 1
1278, 1474, 1
1278, 1013, 1
94, 21, 1
1278, 235, 1
1278, 21, 1
71, 22, 1
1013, 1474, 1
3, 18, 1
3, 137, 1
71, 235, 1
22, 235, 1
18, 137, 1
94, 1316, 1
361, 137, 1
22, 1278, 1
22, 979, 1
22, 94, 1
1278, 1316, 1
7, 1003, 1
94, 1282, 1
94, 1474, 1
1316, 235, 1
257, 137, 1
137, 1316, -1
137, 22, -1
137, 979, -1
137, 94, -1
137, 71, -1
137, 1278, -1
137, 1282, -1
137, 21, -1
137, 1, -1
137, 4, -1
137, 8, -1
137, 242, -1
137, 713, -1
1013, 1003, -1
1013, 3, -1
1013, 7, -1
1013, 18, -1
1013, 257, -1
1013, 361, -1
1013, 137, -1
1013, 1, -1
1013, 4, -1
1013, 8, -1
1013, 242, -1
1013, 713, -1
1474, 1003, -1
1474, 3, -1
1474, 7, -1
1474, 18, -1
1474, 257, -1
1474, 361, -1
1474, 137, -1
1474, 1, -1
1474, 4, -1
1474, 8, -1
1474, 242, -1
1474, 713, -1
728, 1003, -1
728, 3, -1
728, 7, -1
728, 18, -1
728, 257, -1
728, 361, -1
728, 137, -1
728, 1316, -1
728, 22, -1
728, 979, -1
728, 94, -1
728, 71, -1
728, 1278, -1
728, 1282, -1
728, 21, -1
728, 1013, -1
728, 1474, -1
728, 1, -1
728, 4, -1
728, 8, -1
728, 242, -1
728, 713, -1
235, 1003, -1
235, 3, -1
235, 7, -1
235, 18, -1
235, 257, -1
235, 361, -1
235, 137, -1
235, 1, -1
235, 4, -1
235, 8, -1
235, 242, -1
235, 713, -1
235, 728, -1
1282, 7, -1
4, 1013, -1
242, 94, -1
4, 1278, -1
3, 22, -1
1316, 1003, -1
257, 713, -1
8, 18, -1
4, 94, -1
18, 1, -1
361, 1316, -1
361, 4, -1
361, 242, -1
1282, 18, -1
361, 22, -1
1278, 1003, -1
257, 1316, -1
1282, 1003, -1
18, 1013, -1
257, 4, -1
1003, 1, -1
257, 242, -1
242, 1282, -1
18, 1278, -1
18, 21, -1
257, 1282, -1
18, 979, -1
8, 1316, -1
18, 94, -1
257, 1474, -1
713, 1013, -1
94, 7, -1
242, 235, -1
8, 361, -1
257, 235, -1
713, 1278, -1
8, 1282, -1
713, 21, -1
242, 18, -1
21, 4, -1
1282, 4, -1
1003, 21, -1
8, 1474, -1
713, 94, -1
1003, 979, -1
3, 1, -1
242, 1003, -1
8, 235, -1
1, 1013, -1
1, 1278, -1
1, 21, -1
94, 1003, -1
1, 979, -1
361, 1, -1
7, 71, -1
18, 71, -1
3, 1013, -1
1, 94, -1
22, 7, -1
8, 1003, -1
3, 1278, -1
3, 21, -1
3, 979, -1
242, 1316, -1
137, 1013, -1
3, 94, -1
713, 7, -1
21, 1003, -1
713, 71, -1
713, 1282, -1
979, 7, -1
1003, 71, -1
242, 22, -1
713, 1474, -1
4, 1316, -1
257, 22, -1
361, 979, -1
713, 235, -1
4, 22, -1
1, 22, -1
728, 235, -1
18, 713, -1
1, 7, -1
22, 1003, -1
1003, 1013, -1
1, 71, -1
8, 22, -1
1003, 1278, -1
3, 71, -1
979, 1003, -1
1003, 94, -1
1003, 713, -1
18, 1316, -1
18, 4, -1
71, 7, -1
1282, 3, -1
18, 1282, -1
137, 1474, -1
713, 1316, -1
137, 235, -1
979, 4, -1
18, 235, -1
713, 22, -1
257, 1, -1
361, 1013, -1
3, 713, -1
361, 1278, -1
361, 21, -1
71, 1003, -1
1, 1316, -1
361, 94, -1
257, 1013, -1
242, 3, -1
1003, 235, -1
8, 257, -1
242, 21, -1
242, 979, -1
257, 1278, -1
3, 1316, -1
1, 1282, -1
257, 21, -1
257, 979, -1
3, 4, -1
8, 1013, -1
1, 1474, -1
257, 94, -1
4, 21, -1
8, 3, -1
3, 1282, -1
1, 235, -1
8, 1278, -1
8, 21, -1
8, 979, -1
3, 1474, -1
8, 94, -1
21, 3, -1
3, 235, -1
361, 71, -1
18, 22, -1
361, 1282, -1
361, 1474, -1
242, 7, -1
242, 71, -1
1003, 1316, -1
361, 235, -1
1003, 4, -1
257, 71, -1
1316, 7, -1
1003, 22, -1
4, 7, -1
1282, 242, -1
4, 71, -1
8, 7, -1
242, 1013, -1
8, 71, -1
713, 979, -1
1278, 7, -1
242, 1278, -1
361, 713, -1
21, 7, -1
4, 235, -1
1282, 257, -1
713, 1003, -1
3, 242, -1
21, 257, -1
94, 3, -1
4, 979, -1
94, 18, -1
8, 137, -1
7, 1316, -1
1, 3, -1
1278, 3, -1
1, 18, -1
1, 137, -1
18, 242, -1
1278, 18, -1
1278, 137, -1
22, 361, -1
7, 22, -1
1282, 137, -1
22, 257, -1
1, 1003, -1
18, 1474, -1
713, 361, -1
242, 361, -1
1278, 713, -1
7, 1013, -1
979, 361, -1
713, 257, -1
7, 235, -1
242, 257, -1
1316, 361, -1
979, 257, -1
1316, 4, -1
7, 21, -1
1316, 257, -1
4, 361, -1
94, 361, -1
7, 1278, -1
7, 94, -1
94, 4, -1
94, 242, -1
4, 257, -1
94, 257, -1
713, 3, -1
1, 361, -1
1278, 1, -1
1278, 361, -1
1278, 4, -1
242, 137, -1
1278, 242, -1
1, 257, -1
713, 137, -1
713, 18, -1
1282, 361, -1
1278, 257, -1
21, 361, -1

1310, 1316, 1
1310, 22, 1
1310, 979, 1
1310, 94, 1
1310, 71, 1
1310, 1278, 1
1310, 1282, 1
1310, 21, 1
1310, 1013, 1
1310, 1474, 1
1310, 235, 1
668, 1003, 1
668, 3, 1
668, 7, 1
668, 18, 1
668, 257, 1
668, 361, 1
668, 137, 1
1069, 1316, 1
1069, 22, 1
1069, 979, 1
1069, 94, 1
1069, 71, 1
1069, 1278, 1
1069, 1282, 1
1069, 21, 1
1069, 1013, 1
1069, 1474, 1
1069, 235, 1
1069, 1310, 1
351, 1316, 1
351, 22, 1
351, 979, 1
351, 94, 1
351, 71, 1
351, 1278, 1
351, 1282, 1
351, 21, 1
351, 1013, 1
351, 1474, 1
351, 235, 1
351, 1310, 1
351, 1069, 1
1313, 1316, 1
1313, 22, 1
1313, 979, 1
1313, 94, 1
1313, 71, 1
1313, 1278, 1
1313, 1282, 1
1313, 21, 1
1313, 1013, 1
1313, 1474, 1
1313, 235, 1
1313, 1310, 1
1313, 1069, 1
1313, 351, 1
21, 71, 1
94, 1013, 1
1282, 71, 1
1474, 1278, 1
1474, 21, 1
94, 1278, 1
1474, 979, 1
94, 21, 1
1474, 94, 1
1282, 235, 1
137, 257, 1
71, 22, 1
21, 1278, 1
979, 1310, 1
71, 351, 1
1316, 1069, 1
137, 3, 1
257, 361, 1
18, 3, 1
1013, 1278, 1
1013, 21, 1
1474, 1310, 1
94, 1310, 1
1013, 94, 1
1316, 22, 1
22, 1278, 1
1474, 71, 1
1278, 1069, 1
94, 71, 1
235, 1013, 1
979, 1013, 1
22, 94, 1
1278, 1316, 1
1282, 1069, 1
94, 1474, 1
1282, 1316, 1
979, 1278, 1
1069, 351, 1
235, 21, 1
235, 979, 1
979, 21, 1
1278, 1282, 1
235, 94, 1
1282, 22, 1
979, 94, 1
21, 1282, 1
1278, 1474, 1
257, 1003, 1
1013, 1310, 1
1278, 235, 1
1282, 351, 1
21, 235, 1
1013, 71, 1
18, 7, 1
22, 1310, 1
1013, 1282, 1
1013, 1474, 1
361, 257, 1
22, 71, 1
1013, 235, 1
1310, 351, 1
235, 1310, 1
1003, 7, 1
235, 71, 1
979, 71, 1
71, 1278, 1
361, 3, 1
94, 1069, 1
1474, 1316, 1
1069, 1313, 1
94, 1316, 1
71, 94, 1
979, 235, 1
1278, 1313, 1
1474, 1282, 1
94, 1282, 1
21, 1069, 1
1316, 351, 1
21, 1316, 1
235, 1278, 1
1474, 235, 1
1278, 22, 1
3, 7, 1
94, 235, 1
21, 22, 1
1013, 1069, 1
1310, 1313, 1
1013, 1316, 1
71, 1310, 1
1278, 351, 1
137, 361, 1
21, 351, 1
137, 7, 1
1278, 979, 1
1013, 22, 1
1282, 979, 1
1013, 351, 1
979, 1069, 1
979, 1316, 1
979, 22, 1
137, 18, 1
1474, 1069, 1
94, 1313, 1
137, 1003, 1
979, 351, 1
1474, 22, 1
18, 1003, 1
94, 22, 1
1316, 1013, 1
257, 3, 1
1474, 351, 1
94, 351, 1
1316, 1278, 1
1316, 21, 1
1316, 94, 1
94, 979, 1
1013, 1313, 1
1278, 1013, 1
21, 1013, 1
1282, 1013, 1
1278, 21, 1
361, 7, 1
1282, 1278, 1
1278, 94, 1
21, 979, 1
1282, 21, 1
21, 94, 1
1282, 94, 1
235, 1069, 1
235, 1316, 1
1316, 1310, 1
257, 7, 1
1013, 979, 1
22, 351, 1
3, 1003, 1
235, 22, 1
1316, 71, 1
361, 18, 1
361, 137, 1
1278, 1310, 1
235, 351, 1
361, 1003, 1
21, 1310, 1
1282, 1310, 1
1278, 71, 1
257, 18, 1
257, 137, 1
1474, 1013, 1
1316, 979, 1
3, 361, 1
1282, 1474, 1
3, 257, 1
18, 361, 1
22, 1313, 1
18, 257, 1
3, 668, 1
3, 18, 1
3, 137, 1
71, 235, 1
1003, 361, 1
137, 668, 1
18, 668, 1
22, 235, 1
18, 137, 1
1003, 257, 1
361, 668, 1
22, 979, 1
7, 1003, 1
1316, 235, 1
1003, 668, 1
21, 1313, 1
257, 668, 1
1474, 1313, 1
1282, 1313, 1
1310, 1003, -1
1310, 3, -1
1310, 7, -1
1310, 18, -1
1310, 257, -1
1310, 361, -1
1310, 137, -1
1310, 1, -1
1310, 4, -1
1310, 8, -1
1310, 242, -1
1310, 713, -1
1310, 728, -1
668, 1316, -1
668, 22, -1
668, 979, -1
668, 94, -1
668, 71, -1
668, 1278, -1
668, 1282, -1
668, 21, -1
668, 1013, -1
668, 1474, -1
668, 235, -1
668, 1310, -1
668, 1, -1
668, 4, -1
668, 8, -1
668, 242, -1
668, 713, -1
668, 728, -1
1069, 1003, -1
1069, 3, -1
1069, 7, -1
1069, 18, -1
1069, 257, -1
1069, 361, -1
1069, 137, -1
1069, 668, -1
1069, 1, -1
1069, 4, -1
1069, 8, -1
1069, 242, -1
1069, 713, -1
1069, 728, -1
351, 1003, -1
351, 3, -1
351, 7, -1
351, 18, -1
351, 257, -1
351, 361, -1
351, 137, -1
351, 668, -1
351, 1, -1
351, 4, -1
351, 8, -1
351, 242, -1
351, 713, -1
351, 728, -1
1313, 1003, -1
1313, 3, -1
1313, 7, -1
1313, 18, -1
1313, 257, -1
1313, 361, -1
1313, 137, -1
1313, 668, -1
1313, 1, -1
1313, 4, -1
1313, 8, -1
1313, 242, -1
1313, 713, -1
1313, 728, -1
1282, 7, -1
4, 1013, -1
242, 94, -1
1474, 3, -1
1474, 668, -1
94, 3, -1
94, 668, -1
1, 351, -1
4, 1278, -1
137, 1313, -1
3, 22, -1
8, 18, -1
8, 137, -1
361, 1069, -1
4, 94, -1
361, 1316, -1
1278, 18, -1
1278, 137, -1
3, 351, -1
361, 4, -1
361, 242, -1
1282, 18, -1
361, 22, -1
1278, 1003, -1
728, 1310, -1
257, 1316, -1
18, 1013, -1
137, 351, -1
1282, 1003, -1
7, 1013, -1
1278, 713, -1
728, 7, -1
257, 4, -1
257, 242, -1
728, 71, -1
1013, 668, -1
235, 1, -1
242, 1282, -1
1282, 713, -1
137, 979, -1
1316, 4, -1
18, 1278, -1
235, 257, -1
18, 21, -1
257, 1282, -1
18, 979, -1
7, 21, -1
94, 361, -1
8, 1316, -1
1316, 257, -1
1474, 7, -1
18, 94, -1
7, 94, -1
257, 1474, -1
713, 1013, -1
94, 7, -1
242, 235, -1
8, 361, -1
1, 1313, -1
728, 1013, -1
257, 235, -1
1278, 4, -1
8, 1282, -1
713, 1278, -1
1278, 242, -1
235, 668, -1
979, 668, -1
713, 21, -1
21, 4, -1
242, 18, -1
1282, 4, -1
8, 1474, -1
728, 1278, -1
1003, 979, -1
1003, 21, -1
21, 361, -1
728, 21, -1
713, 94, -1
242, 1003, -1
8, 235, -1
728, 94, -1
1474, 18, -1
1, 1013, -1
1474, 137, -1
94, 18, -1
1013, 242, -1
1013, 361, -1
18, 1310, -1
3, 1069, -1
1, 3, -1
7, 1310, -1
1013, 7, -1
361, 1313, -1
1, 1278, -1
1474, 1003, -1
1, 21, -1
94, 1003, -1
7, 71, -1
18, 71, -1
3, 1013, -1
1, 979, -1
1474, 713, -1
1, 94, -1
22, 7, -1
8, 1003, -1
242, 1069, -1
3, 1278, -1
713, 1310, -1
3, 21, -1
713, 361, -1
3, 979, -1
242, 1316, -1
1003, 1310, -1
257, 1069, -1
137, 1013, -1
713, 7, -1
979, 361, -1
21, 1003, -1
713, 71, -1
3, 94, -1
728, 361, -1
713, 1282, -1
235, 7, -1
979, 7, -1
1003, 71, -1
242, 22, -1
361, 351, -1
1013, 18, -1
1316, 1, -1
4, 1069, -1
137, 1278, -1
713, 1474, -1
728, 1282, -1
137, 21, -1
257, 22, -1
4, 1316, -1
1474, 4, -1
7, 1278, -1
361, 979, -1
1474, 242, -1
728, 1474, -1
137, 94, -1
713, 235, -1
1013, 1003, -1
242, 351, -1
8, 1069, -1
94, 242, -1
1, 1310, -1
94, 4, -1
1474, 361, -1
4, 22, -1
1, 22, -1
1, 361, -1
728, 235, -1
257, 351, -1
1278, 1, -1
1003, 1013, -1
1, 7, -1
1, 71, -1
8, 22, -1
713, 18, -1
713, 137, -1
1282, 1, -1
1278, 257, -1
4, 351, -1
3, 1310, -1
728, 18, -1
728, 137, -1
1003, 1278, -1
713, 1003, -1
1282, 257, -1
8, 351, -1
3, 71, -1
979, 1003, -1
1003, 94, -1
728, 1003, -1
235, 713, -1
979, 713, -1
137, 1310, -1
7, 1316, -1
18, 1316, -1
1013, 4, -1
18, 4, -1
71, 7, -1
1, 18, -1
1, 137, -1
1282, 3, -1
137, 71, -1
137, 1282, -1
18, 1282, -1
137, 1474, -1
1, 1003, -1
713, 1069, -1
713, 1316, -1
728, 1069, -1
137, 235, -1
257, 1313, -1
728, 1316, -1
235, 4, -1
18, 235, -1
979, 4, -1
235, 361, -1
713, 22, -1
361, 1013, -1
728, 22, -1
94, 1, -1
713, 351, -1
361, 1278, -1
8, 1313, -1
361, 21, -1
1474, 257, -1
1, 1316, -1
94, 257, -1
728, 351, -1
361, 94, -1
257, 1013, -1
242, 3, -1
1003, 235, -1
8, 257, -1
242, 21, -1
668, 1069, -1
242, 979, -1
257, 1278, -1
21, 1, -1
1, 1282, -1
3, 1316, -1
257, 21, -1
257, 979, -1
1316, 668, -1
3, 4, -1
8, 1013, -1
1, 1474, -1
257, 94, -1
21, 257, -1
4, 21, -1
8, 3, -1
137, 1069, -1
235, 1003, -1
1, 235, -1
8, 1278, -1
1013, 1, -1
137, 1316, -1
728, 979, -1
8, 21, -1
18, 1069, -1
8, 979, -1
7, 1069, -1
137, 4, -1
1278, 3, -1
668, 351, -1
137, 242, -1
8, 94, -1
1013, 257, -1
1278, 668, -1
361, 1310, -1
21, 3, -1
137, 22, -1
21, 668, -1
3, 235, -1
1282, 668, -1
361, 71, -1
7, 22, -1
18, 22, -1
361, 1282, -1
713, 1313, -1
242, 1310, -1
361, 1474, -1
1003, 1069, -1
242, 7, -1
257, 1310, -1
1013, 3, -1
242, 71, -1
7, 351, -1
18, 351, -1
728, 1313, -1
713, 257, -1
1003, 1316, -1
979, 1, -1
361, 235, -1
1003, 4, -1
1316, 361, -1
257, 71, -1
979, 257, -1
4, 1310, -1
728, 257, -1
1316, 7, -1
1003, 22, -1
4, 7, -1
8, 1310, -1
1474, 1, -1
4, 71, -1
8, 7, -1
242, 1013, -1
713, 3, -1
8, 71, -1
1003, 351, -1
1, 1069, -1
1278, 361, -1
728, 3, -1
713, 979, -1
1, 257, -1
1278, 7, -1
242, 1278, -1
1282, 361, -1
21, 7, -1
4, 235, -1
3, 1313, -1
3, 242, -1
3, 1, -1
4, 979, -1
8, 668, -1
3, 1282, -1
1316, 1003, -1
1, 668, -1
7, 1313, -1
18, 1313, -1
3, 1474, -1
18, 242, -1
22, 361, -1
1282, 137, -1
22, 257, -1
18, 1474, -1
242, 361, -1
1003, 1313, -1
7, 235, -1
242, 257, -1
3, 713, -1
4, 361, -1
71, 1003, -1
4, 257, -1
242, 668, -1
713, 668, -1
22, 1003, -1
242, 137, -1
668, 1313, -1
728, 668, -1
1282, 242, -1

92, 1316, 1
92, 22, 1
92, 979, 1
92, 94, 1
92, 71, 1
92, 1278, 1
92, 1282, 1
92, 21, 1
92, 1013, 1
92, 1474, 1
92, 235, 1
92, 1310, 1
92, 1069, 1
92, 351, 1
92, 1313, 1
192, 1316, 1
192, 22, 1
192, 979, 1
192, 94, 1
192, 71, 1
192, 1278, 1
192, 1282, 1
192, 21, 1
192, 1013, 1
192, 1474, 1
192, 235, 1
192, 1310, 1
192, 1069, 1
192, 351, 1
192, 1313, 1
192, 92, 1
11, 1003, 1
11, 3, 1
11, 7, 1
11, 18, 1
11, 257, 1
11, 361, 1
11, 137, 1
11, 668, 1
1043, 1003, 1
1043, 3, 1
1043, 7, 1
1043, 18, 1
1043, 257, 1
1043, 361, 1
1043, 137, 1
1043, 668, 1
1043, 11, 1
767, 1316, 1
767, 22, 1
767, 979, 1
767, 94, 1
767, 71, 1
767, 1278, 1
767, 1282, 1
767, 21, 1
767, 1013, 1
767, 1474, 1
767, 235, 1
767, 1310, 1
767, 1069, 1
767, 351, 1
767, 1313, 1
767, 92, 1
767, 192, 1
858, 1316, 1
858, 22, 1
858, 979, 1
858, 94, 1
858, 71, 1
858, 1278, 1
858, 1282, 1
858, 21, 1
858, 1013, 1
858, 1474, 1
858, 235, 1
858, 1310, 1
858, 1069, 1
858, 351, 1
858, 1313, 1
858, 92, 1
858, 192, 1
858, 767, 1
21, 71, 1
1282, 71, 1
1474, 1278, 1
71, 767, 1
1474, 21, 1
94, 1278, 1
1474, 979, 1
192, 767, 1
1313, 21, 1
1313, 979, 1
1474, 94, 1
1282, 235, 1
1310, 71, 1
137, 257, 1
192, 858, 1
71, 22, 1
351, 1278, 1
21, 1278, 1
979, 1310, 1
351, 94, 1
71, 351, 1
1316, 1069, 1
257, 361, 1
1013, 1278, 1
18, 668, 1
1013, 21, 1
137, 1043, 1
1474, 1310, 1
1313, 1310, 1
94, 1310, 1
1069, 1316, 1
1316, 22, 1
979, 92, 1
235, 92, 1
22, 1278, 1
1013, 94, 1
18, 1043, 1
1474, 71, 1
1313, 71, 1
94, 71, 1
92, 858, 1
979, 1013, 1
22, 94, 1
1069, 22, 1
235, 1013, 1
1278, 1316, 1
1282, 1069, 1
1003, 668, 1
351, 1310, 1
1282, 1316, 1
979, 1278, 1
1313, 92, 1
1069, 351, 1
668, 7, 1
979, 21, 1
235, 979, 1
235, 21, 1
351, 71, 1
1282, 22, 1
979, 94, 1
235, 94, 1
1313, 1013, 1
3, 257, 1
257, 1003, 1
1013, 1310, 1
1282, 351, 1
1313, 1278, 1
1013, 71, 1
22, 1310, 1
18, 7, 1
1313, 94, 1
1310, 22, 1
22, 71, 1
361, 257, 1
3, 668, 1
1310, 351, 1
235, 1310, 1
668, 1003, 1
3, 1043, 1
1316, 767, 1
1003, 7, 1
979, 71, 1
137, 668, 1
235, 71, 1
71, 1278, 1
1474, 1316, 1
1069, 767, 1
94, 1316, 1
71, 94, 1
361, 1043, 1
1278, 767, 1
979, 235, 1
1474, 1282, 1
21, 767, 1
1313, 1282, 1
1282, 767, 1
21, 1069, 1
1316, 351, 1
1313, 1474, 1
21, 1316, 1
235, 1278, 1
1278, 22, 1
1282, 858, 1
1474, 235, 1
1313, 235, 1
3, 7, 1
21, 22, 1
1013, 1069, 1
1310, 767, 1
1013, 1316, 1
1278, 351, 1
71, 1310, 1
137, 361, 1
21, 351, 1
137, 7, 1
1013, 22, 1
1282, 979, 1
3, 18, 1
3, 137, 1
1013, 351, 1
979, 1069, 1
979, 1316, 1
1474, 767, 1
979, 22, 1
137, 18, 1
1069, 1310, 1
94, 767, 1
1474, 1069, 1
1313, 1069, 1
361, 668, 1
3, 11, 1
1313, 1316, 1
1069, 71, 1
137, 1003, 1
979, 351, 1
1316, 92, 1
1474, 22, 1
7, 1003, 1
18, 1003, 1
1313, 22, 1
94, 22, 1
351, 767, 1
1316, 1013, 1
257, 668, 1
1474, 351, 1
1278, 71, 1
1069, 1013, 1
1313, 351, 1
94, 351, 1
3, 361, 1
1316, 1278, 1
257, 1043, 1
1316, 21, 1
351, 22, 1
1013, 767, 1
1282, 92, 1
1316, 94, 1
1069, 1278, 1
1069, 21, 1
21, 1013, 1
1282, 1013, 1
1069, 94, 1
22, 767, 1
361, 7, 1
1282, 1278, 1
1278, 94, 1
1282, 21, 1
21, 94, 1
979, 767, 1
1282, 94, 1
235, 767, 1
235, 1069, 1
235, 1316, 1
1316, 1310, 1
257, 7, 1
92, 767, 1
22, 351, 1
3, 1003, 1
1310, 1278, 1
235, 22, 1
1474, 1313, 1
1316, 71, 1
1313, 767, 1
361, 18, 1
361, 137, 1
1310, 94, 1
1474, 858, 1
1278, 1310, 1
235, 351, 1
1313, 858, 1
361, 1003, 1
1474, 92, 1
21, 1310, 1
1282, 1310, 1
11, 1043, 1
257, 18, 1
257, 137, 1
1474, 1013, 1
1278, 858, 1
1069, 235, 1
1278, 1282, 1
361, 11, 1
668, 257, 1
94, 1013, 1
1278, 92, 1
21, 858, 1
94, 235, 1
1316, 979, 1
21, 1282, 1
1278, 1474, 1
21, 92, 1
1282, 1474, 1
1013, 1313, 1
94, 979, 1
1069, 979, 1
1278, 1013, 1
1310, 1313, 1
94, 192, 1
94, 21, 1
351, 92, 1
1278, 235, 1
257, 11, 1
21, 235, 1
1013, 858, 1
1278, 979, 1
1013, 1282, 1
1278, 192, 1
22, 1313, 1
18, 361, 1
1278, 21, 1
351, 235, 1
1013, 1474, 1
18, 257, 1
1013, 92, 1
71, 92, 1
21, 979, 1
1310, 92, 1
1013, 235, 1
1310, 235, 1
22, 92, 1
71, 235, 1
137, 3, 1
1003, 361, 1
1310, 192, 1
979, 858, 1
18, 3, 1
1013, 979, 1
361, 3, 1
1310, 979, 1
94, 1069, 1
22, 235, 1
235, 858, 1
18, 137, 1
1003, 257, 1
94, 1313, 1
1316, 858, 1
1069, 1313, 1
22, 192, 1
1278, 1069, 1
22, 979, 1
1278, 1313, 1
1069, 858, 1
1069, 92, 1
94, 858, 1
94, 1282, 1
94, 1474, 1
1316, 235, 1
94, 92, 1
257, 3, 1
21, 1313, 1
668, 361, 1
137, 11, 1
18, 11, 1
1282, 1313, 1
92, 1003, -1
92, 3, -1
92, 7, -1
92, 18, -1
92, 257, -1
92, 361, -1
92, 137, -1
92, 668, -1
92, 1, -1
92, 4, -1
92, 8, -1
92, 242, -1
92, 713, -1
92, 728, -1
192, 1003, -1
192, 3, -1
192, 7, -1
192, 18, -1
192, 257, -1
192, 361, -1
192, 137, -1
192, 668, -1
192, 1, -1
192, 4, -1
192, 8, -1
192, 242, -1
192, 713, -1
192, 728, -1
11, 1316, -1
11, 22, -1
11, 979, -1
11, 94, -1
11, 71, -1
11, 1278, -1
11, 1282, -1
11, 21, -1
11, 1013, -1
11, 1474, -1
11, 235, -1
11, 1310, -1
11, 1069, -1
11, 351, -1
11, 1313, -1
11, 92, -1
11, 192, -1
11, 1, -1
11, 4, -1
11, 8, -1
11, 242, -1
11, 713, -1
11, 728, -1
1043, 1316, -1
1043, 22, -1
1043, 979, -1
1043, 94, -1
1043, 71, -1
1043, 1278, -1
1043, 1282, -1
1043, 21, -1
1043, 1013, -1
1043, 1474, -1
1043, 235, -1
1043, 1310, -1
1043, 1069, -1
1043, 351, -1
1043, 1313, -1
1043, 92, -1
1043, 192, -1
1043, 1, -1
1043, 4, -1
1043, 8, -1
1043, 242, -1
1043, 713, -1
1043, 728, -1
767, 1003, -1
767, 3, -1
767, 7, -1
767, 18, -1
767, 257, -1
767, 361, -1
767, 137, -1
767, 668, -1
767, 11, -1
767, 1043, -1
767, 1, -1
767, 4, -1
767, 8, -1
767, 242, -1
767, 713, -1
767, 728, -1
858, 1003, -1
858, 3, -1
858, 7, -1
858, 18, -1
858, 257, -1
858, 361, -1
858, 137, -1
858, 668, -1
858, 11, -1
858, 1043, -1
858, 1, -1
858, 4, -1
858, 8, -1
858, 242, -1
858, 713, -1
858, 728, -1
4, 1013, -1
1474, 3, -1
1474, 668, -1
1, 351, -1
4, 1278, -1
137, 1313, -1
8, 18, -1
1310, 7, -1
1003, 767, -1
137, 351, -1
1043, 858, -1
18, 21, -1
7, 21, -1
8, 1316, -1
1474, 7, -1
94, 7, -1
713, 668, -1
713, 21, -1
1, 858, -1
1003, 21, -1
3, 1313, -1
3, 1, -1
18, 1310, -1
7, 1310, -1
361, 1313, -1
1013, 7, -1
1, 979, -1
1316, 728, -1
1, 94, -1
1474, 11, -1
242, 1069, -1
713, 1310, -1
242, 1316, -1
1003, 1310, -1
713, 7, -1
1278, 728, -1
242, 22, -1
361, 351, -1
8, 767, -1
7, 1278, -1
728, 1474, -1
137, 94, -1
1003, 92, -1
1003, 1013, -1
1, 71, -1
713, 137, -1
668, 1316, -1
668, 4, -1
4, 351, -1
728, 18, -1
1003, 1278, -1
1313, 137, -1
137, 71, -1
11, 767, -1
18, 1282, -1
728, 1069, -1
1313, 11, -1
257, 1313, -1
728, 1316, -1
979, 4, -1
7, 235, -1
18, 235, -1
235, 4, -1
728, 22, -1
361, 94, -1
242, 668, -1
1003, 235, -1
668, 767, -1
242, 21, -1
8, 92, -1
192, 11, -1
3, 1316, -1
3, 4, -1
8, 1013, -1
3, 242, -1
8, 1278, -1
361, 71, -1
713, 1313, -1
242, 1310, -1
1474, 728, -1
728, 767, -1
242, 7, -1
18, 351, -1
7, 351, -1
713, 257, -1
1316, 7, -1
4, 71, -1
242, 1013, -1
1003, 351, -1
1313, 257, -1
728, 3, -1
728, 668, -1
1278, 7, -1
713, 1043, -1
242, 1278, -1
3, 767, -1
21, 7, -1
668, 92, -1
1313, 1043, -1
668, 1013, -1
18, 858, -1
668, 1278, -1
1282, 18, -1
728, 1310, -1
257, 1316, -1
728, 7, -1
257, 4, -1
257, 242, -1
242, 1282, -1
192, 1043, -1
18, 979, -1
728, 92, -1
18, 94, -1
7, 94, -1
1069, 4, -1
242, 235, -1
1, 1313, -1
728, 1013, -1
1282, 4, -1
8, 1474, -1
728, 1278, -1
1003, 979, -1
713, 94, -1
351, 7, -1
242, 1003, -1
3, 92, -1
7, 71, -1
3, 1013, -1
18, 71, -1
1, 1043, -1
3, 1278, -1
257, 767, -1
728, 361, -1
713, 71, -1
1003, 71, -1
728, 1282, -1
8, 1069, -1
242, 351, -1
1313, 242, -1
728, 235, -1
8, 22, -1
728, 1003, -1
668, 1474, -1
1, 18, -1
1282, 3, -1
137, 1474, -1
242, 858, -1
21, 728, -1
257, 92, -1
1069, 7, -1
1, 1316, -1
728, 351, -1
257, 1013, -1
668, 1069, -1
242, 979, -1
257, 1278, -1
668, 22, -1
8, 3, -1
137, 1069, -1
8, 668, -1
137, 1316, -1
8, 21, -1
979, 728, -1
3, 1474, -1
137, 4, -1
137, 242, -1
137, 22, -1
361, 1474, -1
242, 71, -1
728, 858, -1
351, 728, -1
8, 1310, -1
1, 767, -1
8, 7, -1
3, 1069, -1
728, 979, -1
137, 767, -1
3, 22, -1
8, 137, -1
1474, 1043, -1
361, 1069, -1
4, 94, -1
361, 1316, -1
361, 4, -1
361, 242, -1
361, 22, -1
668, 21, -1
8, 11, -1
1282, 1003, -1
728, 71, -1
257, 1474, -1
8, 361, -1
8, 1282, -1
668, 1310, -1
979, 668, -1
728, 192, -1
235, 668, -1
1, 92, -1
728, 21, -1
8, 235, -1
1474, 18, -1
1, 1013, -1
361, 767, -1
1, 1278, -1
22, 7, -1
8, 1003, -1
137, 92, -1
1069, 728, -1
3, 21, -1
257, 1069, -1
137, 1013, -1
979, 7, -1
235, 7, -1
4, 767, -1
137, 1278, -1
1282, 728, -1
713, 1474, -1
257, 22, -1
1474, 4, -1
1474, 242, -1
1, 361, -1
713, 18, -1
3, 1310, -1
728, 137, -1
8, 351, -1
1003, 94, -1
668, 1282, -1
18, 1316, -1
1313, 18, -1
1013, 4, -1
7, 1316, -1
18, 4, -1
71, 7, -1
18, 242, -1
668, 235, -1
728, 11, -1
137, 1282, -1
1, 1003, -1
713, 1069, -1
713, 1316, -1
361, 92, -1
137, 235, -1
713, 22, -1
361, 1013, -1
361, 1278, -1
1313, 4, -1
4, 92, -1
8, 858, -1
668, 1313, -1
242, 1043, -1
257, 21, -1
1, 1474, -1
7, 767, -1
3, 1282, -1
18, 767, -1
8, 979, -1
668, 351, -1
8, 94, -1
3, 235, -1
1282, 668, -1
361, 1282, -1
713, 767, -1
728, 1313, -1
257, 1310, -1
11, 858, -1
361, 235, -1
728, 257, -1
1, 1069, -1
8, 71, -1
1, 22, -1
1282, 7, -1
728, 1043, -1
242, 94, -1
22, 728, -1
668, 858, -1
1313, 3, -1
1313, 668, -1
8, 192, -1
235, 728, -1
137, 858, -1
3, 351, -1
18, 92, -1
668, 979, -1
7, 92, -1
1043, 767, -1
668, 94, -1
18, 1013, -1
7, 1013, -1
137, 979, -1
1316, 4, -1
18, 1278, -1
713, 92, -1
1282, 11, -1
257, 1282, -1
713, 1013, -1
1313, 7, -1
257, 235, -1
713, 1278, -1
21, 4, -1
71, 728, -1
668, 71, -1
728, 94, -1
3, 858, -1
1, 668, -1
1474, 1003, -1
1, 21, -1
361, 858, -1
242, 767, -1
713, 361, -1
3, 979, -1
3, 94, -1
713, 1282, -1
4, 1069, -1
137, 21, -1
4, 1316, -1
361, 979, -1
713, 235, -1
1313, 361, -1
1, 1310, -1
4, 22, -1
257, 351, -1
1, 7, -1
1310, 728, -1
713, 1003, -1
3, 71, -1
137, 1310, -1
1, 137, -1
1313, 1003, -1
1282, 1043, -1
94, 728, -1
18, 1474, -1
242, 92, -1
3, 713, -1
257, 858, -1
713, 351, -1
8, 1313, -1
361, 21, -1
8, 257, -1
1013, 728, -1
1, 1282, -1
257, 979, -1
257, 94, -1
4, 21, -1
1, 235, -1
18, 1069, -1
7, 1069, -1
8, 1043, -1
361, 1310, -1
7, 22, -1
18, 22, -1
1313, 728, -1
1003, 1069, -1
713, 858, -1
1003, 1316, -1
1003, 4, -1
257, 71, -1
4, 1310, -1
1003, 22, -1
4, 7, -1
713, 979, -1
1, 257, -1
1282, 242, -1
94, 3, -1
94, 668, -1
1310, 361, -1
18, 1313, -1
7, 1313, -1
1278, 18, -1
1278, 137, -1
1069, 1003, -1
1282, 137, -1
1278, 1003, -1
1069, 11, -1
242, 361, -1
1278, 713, -1
1003, 1313, -1
1278, 11, -1
1013, 668, -1
1003, 858, -1
235, 257, -1
4, 361, -1
94, 361, -1
1278, 4, -1
1278, 242, -1
242, 18, -1
21, 361, -1
4, 235, -1
1474, 137, -1
94, 18, -1
1013, 242, -1
1013, 361, -1
1, 3, -1
242, 11, -1
94, 1003, -1
22, 361, -1
94, 11, -1
979, 361, -1
21, 1003, -1
1013, 18, -1
1316, 257, -1
21, 11, -1
1474, 361, -1
94, 4, -1
1013, 1003, -1
94, 242, -1
1069, 257, -1
1278, 1, -1
1013, 11, -1
1278, 257, -1
1282, 257, -1
1069, 3, -1
1069, 668, -1
979, 1003, -1
1069, 1043, -1
713, 11, -1
1310, 257, -1
1278, 1043, -1
1, 11, -1
235, 361, -1
242, 257, -1
1474, 257, -1
4, 858, -1
4, 257, -1
94, 257, -1
242, 3, -1
1316, 668, -1
21, 257, -1
4, 979, -1
235, 1003, -1
94, 1043, -1
1278, 3, -1
1278, 668, -1
1013, 257, -1
21, 3, -1
21, 668, -1
22, 257, -1
21, 1043, -1
1013, 3, -1
1316, 361, -1
979, 257, -1
1013, 1043, -1
1069, 361, -1
713, 3, -1
1278, 361, -1
242, 137, -1
1282, 361, -1
71, 1003, -1
351, 1003, -1
1310, 1003, -1
22, 1003, -1
1316, 1003, -1

1215, 1316, 1
1215, 22, 1
1215, 979, 1
1215, 94, 1
1215, 71, 1
1215, 1278, 1
1215, 1282, 1
1215, 21, 1
1215, 1013, 1
1215, 1474, 1
1215, 235, 1
1215, 1310, 1
1215, 1069, 1
1215, 351, 1
1215, 1313, 1
1215, 92, 1
1215, 192, 1
1215, 767, 1
1215, 858, 1
729, 1316, 1
729, 22, 1
729, 979, 1
729, 94, 1
729, 71, 1
729, 1278, 1
729, 1282, 1
729, 21, 1
729, 1013, 1
729, 1474, 1
729, 235, 1
729, 1310, 1
729, 1069, 1
729, 351, 1
729, 1313, 1
729, 92, 1
729, 192, 1
729, 767, 1
729, 858, 1
729, 1215, 1
1457, 1316, 1
1457, 22, 1
1457, 979, 1
1457, 94, 1
1457, 71, 1
1457, 1278, 1
1457, 1282, 1
1457, 21, 1
1457, 1013, 1
1457, 1474, 1
1457, 235, 1
1457, 1310, 1
1457, 1069, 1
1457, 351, 1
1457, 1313, 1
1457, 92, 1
1457, 192, 1
1457, 767, 1
1457, 858, 1
1457, 1215, 1
1457, 729, 1
92, 351, 1
21, 71, 1
767, 1215, 1
1282, 71, 1
767, 22, 1
1474, 1278, 1
71, 767, 1
1474, 21, 1
94, 1278, 1
1474, 979, 1
192, 767, 1
192, 1313, 1
1313, 21, 1
1313, 979, 1
1474, 94, 1
767, 351, 1
1282, 235, 1
858, 1457, 1
1310, 71, 1
71, 1215, 1
192, 858, 1
22, 1313, 1
235, 1457, 1
192, 1215, 1
1282, 729, 1
71, 22, 1
351, 1278, 1
21, 1278, 1
979, 1310, 1
351, 94, 1
858, 1313, 1
71, 351, 1
235, 1313, 1
1316, 1069, 1
1013, 1278, 1
1474, 1310, 1
1013, 21, 1
192, 979, 1
858, 92, 1
94, 1310, 1
1313, 1310, 1
92, 1313, 1
1316, 22, 1
235, 92, 1
979, 92, 1
1013, 94, 1
22, 1278, 1
1474, 71, 1
1069, 1215, 1
858, 1013, 1
1313, 71, 1
94, 71, 1
235, 1013, 1
1069, 22, 1
979, 1013, 1
22, 94, 1
1282, 1069, 1
767, 1313, 1
1282, 1316, 1
858, 1278, 1
351, 1310, 1
729, 1457, 1
858, 21, 1
1313, 92, 1
858, 979, 1
92, 1013, 1
1069, 351, 1
235, 21, 1
235, 979, 1
979, 1278, 1
858, 94, 1
979, 21, 1
351, 71, 1
1282, 22, 1
235, 94, 1
979, 94, 1
1313, 1013, 1
1474, 729, 1
92, 1278, 1
192, 1310, 1
92, 21, 1
1013, 1310, 1
71, 1313, 1
1313, 1278, 1
1282, 351, 1
92, 94, 1
1013, 71, 1
22, 1310, 1
1313, 94, 1
1310, 22, 1
22, 71, 1
767, 979, 1
192, 92, 1
858, 1310, 1
1310, 351, 1
235, 1310, 1
192, 1013, 1
1316, 767, 1
1316, 1313, 1
858, 71, 1
235, 71, 1
979, 71, 1
71, 1278, 1
92, 1310, 1
1474, 1316, 1
1069, 767, 1
1069, 1313, 1
192, 1278, 1
192, 21, 1
1282, 1457, 1
1316, 1215, 1
71, 94, 1
192, 94, 1
92, 71, 1
1278, 767, 1
979, 235, 1
1278, 1313, 1
1474, 1282, 1
21, 767, 1
1313, 1282, 1
1282, 767, 1
1282, 1313, 1
767, 1310, 1
858, 729, 1
21, 1069, 1
1316, 351, 1
235, 729, 1
979, 729, 1
1313, 1474, 1
1278, 1215, 1
767, 71, 1
235, 1278, 1
1278, 22, 1
1282, 858, 1
21, 1215, 1
1474, 235, 1
1282, 1215, 1
1313, 235, 1
21, 22, 1
1013, 1069, 1
1310, 767, 1
1310, 1313, 1
1313, 729, 1
767, 92, 1
1278, 351, 1
71, 1310, 1
21, 351, 1
767, 1013, 1
1013, 22, 1
192, 71, 1
1310, 1215, 1
192, 1282, 1
1282, 979, 1
767, 1278, 1
192, 1474, 1
767, 21, 1
979, 1069, 1
1013, 351, 1
858, 1316, 1
767, 94, 1
979, 1316, 1
192, 235, 1
1474, 767, 1
979, 22, 1
192, 729, 1
1069, 1310, 1
858, 1282, 1
1474, 1069, 1
94, 767, 1
92, 1316, 1
94, 1313, 1
1313, 1069, 1
1069, 71, 1
1313, 1316, 1
1474, 1215, 1
979, 351, 1
1316, 92, 1
1313, 1215, 1
858, 235, 1
1474, 22, 1
94, 1215, 1
1313, 22, 1
94, 22, 1
351, 767, 1
1316, 1013, 1
21, 1313, 1
1474, 351, 1
767, 1316, 1
1069, 1013, 1
1313, 351, 1
1316, 1278, 1
94, 351, 1
351, 1215, 1
1316, 21, 1
351, 22, 1
1013, 767, 1
1316, 94, 1
1282, 92, 1
192, 1069, 1
1069, 1278, 1
1013, 1313, 1
1069, 21, 1
192, 1316, 1
21, 1013, 1
22, 767, 1
1069, 94, 1
1282, 1013, 1
767, 235, 1
979, 1457, 1
1013, 1215, 1
192, 22, 1
1282, 1278, 1
1278, 94, 1
22, 1215, 1
1282, 21, 1
858, 767, 1
21, 94, 1
235, 767, 1
858, 1069, 1
979, 767, 1
1282, 94, 1
192, 351, 1
235, 1069, 1
1313, 1457, 1
979, 1313, 1
1474, 1457, 1
235, 1316, 1
1316, 1310, 1
858, 1215, 1
92, 767, 1
22, 351, 1
235, 1215, 1
979, 1215, 1
858, 22, 1
92, 1069, 1
1310, 1278, 1
235, 22, 1
1316, 71, 1
1474, 1313, 1
1313, 767, 1
1310, 94, 1
92, 1215, 1
858, 351, 1
1474, 858, 1
1278, 1310, 1
92, 22, 1
235, 351, 1
1313, 858, 1
1474, 92, 1
767, 1069, 1
21, 1310, 1
1282, 1310, 1
1278, 71, 1
351, 1313, 1
192, 1457, 1
1474, 1013, 1
1278, 858, 1
1316, 729, 1
1069, 235, 1
94, 1013, 1
1278, 1282, 1
92, 235, 1
1316, 979, 1
1278, 92, 1
21, 858, 1
94, 235, 1
92, 729, 1
21, 1282, 1
1278, 1474, 1
21, 92, 1
1282, 1474, 1
94, 729, 1
94, 979, 1
1069, 979, 1
1278, 1013, 1
1013, 1316, 1
92, 979, 1
94, 21, 1
351, 92, 1
1215, 1457, 1
1278, 235, 1
94, 192, 1
1278, 729, 1
21, 235, 1
1013, 858, 1
1278, 979, 1
1013, 1282, 1
1278, 192, 1
351, 235, 1
1278, 21, 1
1013, 1474, 1
1013, 92, 1
71, 92, 1
21, 979, 1
1310, 92, 1
1013, 235, 1
1310, 235, 1
22, 92, 1
94, 1457, 1
71, 235, 1
1013, 729, 1
1310, 192, 1
979, 858, 1
1013, 979, 1
1310, 979, 1
94, 1069, 1
1278, 1457, 1
235, 858, 1
22, 235, 1
1316, 858, 1
94, 1316, 1
1069, 1316, 1
22, 192, 1
1278, 1069, 1
22, 979, 1
1215, 729, 1
1069, 858, 1
92, 858, 1
1278, 1316, 1
94, 858, 1
94, 1282, 1
94, 1474, 1
1316, 235, 1
94, 92, 1
1069, 92, 1
1013, 1457, 1
21, 1316, 1
1215, 1003, -1
1215, 3, -1
1215, 7, -1
1215, 18, -1
1215, 257, -1
1215, 361, -1
1215, 137, -1
1215, 668, -1
1215, 11, -1
1215, 1043, -1
1215, 1, -1
1215, 4, -1
1215, 8, -1
1215, 242, -1
1215, 713, -1
1215, 728, -1
729, 1003, -1
729, 3, -1
729, 7, -1
729, 18, -1
729, 257, -1
729, 361, -1
729, 137, -1
729, 668, -1
729, 11, -1
729, 1043, -1
729, 1, -1
729, 4, -1
729, 8, -1
729, 242, -1
729, 713, -1
729, 728, -1
1457, 1003, -1
1457, 3, -1
1457, 7, -1
1457, 18, -1
1457, 257, -1
1457, 361, -1
1457, 137, -1
1457, 668, -1
1457, 11, -1
1457, 1043, -1
1457, 1, -1
1457, 4, -1
1457, 8, -1
1457, 242, -1
1457, 713, -1
1457, 728, -1
1351, 1003, -1
1351, 3, -1
1351, 7, -1
1351, 18, -1
1351, 257, -1
1351, 361, -1
1351, 137, -1
1351, 668, -1
1351, 11, -1
1351, 1043, -1
1351, 1316, -1
1351, 22, -1
1351, 979, -1
1351, 94, -1
1351, 71, -1
1351, 1278, -1
1351, 1282, -1
1351, 21, -1
1351, 1013, -1
1351, 1474, -1
1351, 235, -1
1351, 1310, -1
1351, 1069, -1
1351, 351, -1
1351, 1313, -1
1351, 92, -1
1351, 192, -1
1351, 767, -1
1351, 858, -1
1351, 1215, -1
1351, 729, -1
1351, 1457, -1
1351, 1, -1
1351, 4, -1
1351, 8, -1
1351, 242, -1
1351, 713, -1
1351, 728, -1
4, 1013, -1
1474, 3, -1
1474, 668, -1
3, 1215, -1
1, 351, -1
4, 1278, -1
137, 1313, -1
94, 1351, -1
1310, 7, -1
1003, 767, -1
137, 351, -1
235, 1, -1
1282, 713, -1
235, 257, -1
1013, 1351, -1
18, 21, -1
7, 21, -1
8, 1316, -1
1474, 7, -1
94, 7, -1
3, 1457, -1
858, 3, -1
858, 668, -1
1043, 979, -1
713, 21, -1
1, 858, -1
1457, 1351, -1
1003, 21, -1
1474, 137, -1
18, 1310, -1
7, 1310, -1
361, 1313, -1
1013, 7, -1
1313, 1351, -1
1, 979, -1
1, 94, -1
1313, 713, -1
767, 1043, -1
1474, 11, -1
242, 1069, -1
713, 1310, -1
242, 1316, -1
1003, 1310, -1
1043, 71, -1
858, 7, -1
242, 22, -1
361, 351, -1
257, 1215, -1
8, 767, -1
7, 1278, -1
192, 1351, -1
728, 1474, -1
1474, 361, -1
137, 94, -1
1003, 92, -1
192, 713, -1
1003, 1013, -1
1, 71, -1
668, 1316, -1
1043, 21, -1
4, 351, -1
1003, 1278, -1
1313, 137, -1
858, 11, -1
192, 7, -1
137, 71, -1
257, 1457, -1
11, 767, -1
18, 1282, -1
728, 1069, -1
1313, 11, -1
728, 1316, -1
858, 361, -1
257, 1313, -1
235, 4, -1
18, 235, -1
979, 4, -1
728, 22, -1
192, 137, -1
94, 1, -1
1474, 257, -1
94, 257, -1
361, 94, -1
1003, 235, -1
668, 767, -1
242, 21, -1
8, 92, -1
192, 11, -1
3, 1316, -1
8, 1013, -1
1316, 1351, -1
858, 1003, -1
8, 1278, -1
1013, 1, -1
713, 1457, -1
1013, 257, -1
1278, 1351, -1
361, 71, -1
242, 1310, -1
713, 1313, -1
728, 767, -1
18, 351, -1
7, 351, -1
1043, 1215, -1
858, 257, -1
11, 92, -1
1316, 7, -1
4, 71, -1
11, 1013, -1
1313, 1, -1
242, 1013, -1
1003, 351, -1
1313, 257, -1
1278, 7, -1
1, 1215, -1
242, 1278, -1
3, 767, -1
21, 7, -1
668, 92, -1
8, 729, -1
1313, 1043, -1
192, 1, -1
668, 1013, -1
1043, 1457, -1
137, 1215, -1
192, 257, -1
18, 858, -1
668, 1278, -1
728, 1310, -1
257, 1316, -1
242, 1282, -1
1, 1457, -1
192, 1043, -1
18, 979, -1
728, 92, -1
18, 94, -1
7, 94, -1
242, 235, -1
1, 1313, -1
728, 1013, -1
1282, 4, -1
8, 1474, -1
728, 1278, -1
1003, 979, -1
137, 1457, -1
351, 7, -1
21, 361, -1
713, 94, -1
3, 92, -1
1474, 1351, -1
18, 71, -1
7, 71, -1
3, 1013, -1
1474, 713, -1
361, 1215, -1
3, 1278, -1
257, 767, -1
979, 361, -1
713, 71, -1
1003, 71, -1
1316, 1, -1
728, 1282, -1
1316, 257, -1
8, 1069, -1
92, 7, -1
1313, 242, -1
4, 1215, -1
242, 351, -1
728, 235, -1
1278, 1, -1
8, 22, -1
728, 729, -1
1215, 1351, -1
1278, 257, -1
1043, 94, -1
858, 1351, -1
361, 1457, -1
858, 713, -1
192, 242, -1
1282, 3, -1
137, 1474, -1
11, 1069, -1
11, 1316, -1
242, 858, -1
11, 22, -1
257, 92, -1
1069, 7, -1
92, 361, -1
1, 1316, -1
728, 351, -1
257, 1013, -1
668, 1069, -1
242, 979, -1
257, 1278, -1
668, 22, -1
137, 1069, -1
137, 1316, -1
8, 21, -1
137, 22, -1
18, 1215, -1
361, 1474, -1
242, 71, -1
713, 1215, -1
1003, 1215, -1
728, 858, -1
92, 1, -1
8, 1310, -1
1069, 361, -1
1474, 1, -1
1, 767, -1
92, 257, -1
11, 21, -1
257, 729, -1
1282, 361, -1
3, 1069, -1
767, 4, -1
728, 979, -1
18, 1457, -1
137, 767, -1
3, 22, -1
1474, 1043, -1
361, 1069, -1
4, 94, -1
361, 1316, -1
1003, 1457, -1
361, 22, -1
11, 1310, -1
668, 21, -1
21, 1351, -1
1282, 1003, -1
858, 1, -1
728, 71, -1
257, 1474, -1
22, 1351, -1
8, 1282, -1
668, 1310, -1
235, 668, -1
979, 668, -1
11, 1278, -1
728, 192, -1
858, 1043, -1
1, 92, -1
979, 1351, -1
728, 21, -1
8, 235, -1
1474, 18, -1
1, 1013, -1
361, 767, -1
1, 1278, -1
767, 3, -1
767, 668, -1
22, 7, -1
137, 92, -1
3, 21, -1
351, 1351, -1
257, 1069, -1
137, 1013, -1
242, 1215, -1
235, 7, -1
979, 7, -1
4, 767, -1
713, 1474, -1
137, 1278, -1
257, 22, -1
1474, 4, -1
1474, 242, -1
11, 235, -1
3, 1310, -1
8, 351, -1
1003, 94, -1
18, 1316, -1
1313, 18, -1
1, 729, -1
7, 1316, -1
92, 1351, -1
242, 1457, -1
71, 7, -1
137, 1282, -1
713, 1069, -1
713, 1316, -1
361, 92, -1
137, 235, -1
858, 4, -1
713, 22, -1
235, 361, -1
361, 1013, -1
728, 1215, -1
137, 729, -1
192, 18, -1
361, 1278, -1
11, 351, -1
1313, 4, -1
4, 92, -1
8, 858, -1
21, 1, -1
257, 21, -1
1, 1474, -1
21, 257, -1
18, 767, -1
1069, 1351, -1
8, 979, -1
668, 351, -1
192, 4, -1
8, 94, -1
728, 1457, -1
3, 235, -1
1282, 668, -1
361, 1282, -1
713, 767, -1
1043, 1069, -1
1282, 1351, -1
1043, 1316, -1
257, 1310, -1
728, 1313, -1
979, 1, -1
767, 1003, -1
361, 235, -1
1043, 22, -1
979, 257, -1
361, 729, -1
1, 1069, -1
8, 71, -1
11, 979, -1
11, 94, -1
1, 22, -1
1282, 7, -1
242, 94, -1
1313, 3, -1
1313, 668, -1
8, 192, -1
137, 858, -1
3, 351, -1
18, 92, -1
7, 92, -1
1043, 767, -1
668, 94, -1
11, 71, -1
18, 1013, -1
7, 1013, -1
192, 3, -1
192, 668, -1
137, 979, -1
18, 1278, -1
713, 92, -1
1282, 11, -1
257, 1282, -1
94, 361, -1
713, 1013, -1
1313, 7, -1
257, 235, -1
713, 1278, -1
668, 71, -1
728, 94, -1
1013, 361, -1
1474, 1003, -1
1, 21, -1
361, 858, -1
242, 767, -1
1043, 1310, -1
3, 979, -1
3, 94, -1
713, 1282, -1
4, 1069, -1
137, 21, -1
1043, 92, -1
4, 1316, -1
1069, 1, -1
361, 979, -1
713, 235, -1
1313, 361, -1
1, 1310, -1
1043, 1013, -1
1069, 257, -1
4, 22, -1
8, 1215, -1
257, 351, -1
713, 729, -1
1043, 1278, -1
1282, 1, -1
1282, 257, -1
235, 1351, -1
3, 71, -1
235, 713, -1
137, 1310, -1
979, 713, -1
192, 361, -1
1313, 1003, -1
1282, 1043, -1
767, 1351, -1
8, 1457, -1
11, 1215, -1
242, 92, -1
257, 858, -1
729, 1351, -1
713, 351, -1
8, 1313, -1
71, 1351, -1
361, 21, -1
1043, 235, -1
192, 1003, -1
1, 1282, -1
257, 979, -1
767, 7, -1
668, 1215, -1
257, 94, -1
4, 21, -1
1, 235, -1
18, 1069, -1
7, 1069, -1
11, 1457, -1
361, 1310, -1
18, 22, -1
7, 22, -1
1003, 1069, -1
1003, 1316, -1
713, 858, -1
1316, 361, -1
257, 71, -1
4, 1310, -1
1003, 22, -1
767, 11, -1
1310, 1351, -1
1043, 351, -1
1278, 361, -1
713, 979, -1
4, 235, -1
3, 1313, -1
1316, 668, -1
4, 729, -1
1069, 3, -1
1069, 668, -1
668, 858, -1
94, 3, -1
94, 668, -1
3, 858, -1
4, 979, -1
94, 18, -1
7, 767, -1
94, 1043, -1
1069, 1043, -1
1013, 242, -1
1013, 11, -1
1013, 4, -1
18, 1313, -1
1278, 3, -1
1278, 668, -1
668, 235, -1
94, 1003, -1
1069, 1003, -1
1278, 137, -1
21, 3, -1
1278, 1043, -1
21, 668, -1
668, 729, -1
1278, 18, -1
7, 1215, -1
1282, 18, -1
3, 729, -1
668, 979, -1
21, 1043, -1
1278, 1003, -1
11, 1313, -1
94, 11, -1
1069, 11, -1
1043, 1313, -1
242, 1313, -1
1278, 713, -1
1003, 1313, -1
1013, 3, -1
858, 242, -1
21, 1003, -1
11, 858, -1
1043, 858, -1
1278, 11, -1
1013, 668, -1
18, 729, -1
1013, 18, -1
1316, 4, -1
1013, 1043, -1
1003, 858, -1
4, 1313, -1
21, 11, -1
94, 4, -1
1069, 4, -1
94, 242, -1
1013, 1003, -1
4, 858, -1
11, 729, -1
1278, 4, -1
1043, 729, -1
242, 729, -1
1278, 242, -1
668, 1313, -1
858, 18, -1
1282, 242, -1
21, 4, -1
1003, 729, -1
668, 1474, -1
92, 4, -1
668, 1282, -1
668, 1457, -1

1092, 1003, 1
1092, 3, 1
1092, 7, 1
1092, 18, 1
1092, 257, 1
1092, 361, 1
1092, 137, 1
1092, 668, 1
1092, 11, 1
1092, 1043, 1
1016, 1316, 1
1016, 22, 1
1016, 979, 1
1016, 94, 1
1016, 71, 1
1016, 1278, 1
1016, 1282, 1
1016, 21, 1
1016, 1013, 1
1016, 1474, 1
1016, 235, 1
1016, 1310, 1
1016, 1069, 1
1016, 351, 1
1016, 1313, 1
1016, 92, 1
1016, 192, 1
1016, 767, 1
1016, 858, 1
1016, 1215, 1
1016, 729, 1
1016, 1457, 1
10, 1003, 1
10, 3, 1
10, 7, 1
10, 18, 1
10, 257, 1
10, 361, 1
10, 137, 1
10, 668, 1
10, 11, 1
10, 1043, 1
10, 1092, 1
1030, 1003, 1
1030, 3, 1
1030, 7, 1
1030, 18, 1
1030, 257, 1
1030, 361, 1
1030, 137, 1
1030, 668, 1
1030, 11, 1
1030, 1043, 1
1030, 1092, 1
1030, 10, 1
767, 1215, 1
361, 11, 1
668, 10, 1
1282, 71, 1
1474, 21, 1
1313, 979, 1
137, 10, 1
137, 257, 1
192, 858, 1
71, 1215, 1
1282, 192, 1
1457, 71, 1
18, 3, 1
18, 668, 1
1013, 21, 1
192, 979, 1
137, 1043, 1
1474, 1310, 1
94, 1310, 1
1313, 71, 1
1457, 192, 1
1003, 668, 1
729, 1457, 1
858, 21, 1
92, 1013, 1
361, 1030, 1
92, 1278, 1
1313, 192, 1
1013, 1310, 1
729, 1313, 1
18, 7, 1
361, 10, 1
668, 18, 1
361, 257, 1
858, 1310, 1
3, 1043, 1
1003, 7, 1
192, 21, 1
361, 1043, 1
1474, 1282, 1
21, 1069, 1
18, 11, 1
1474, 235, 1
1278, 22, 1
1282, 1215, 1
21, 22, 1
3, 18, 1
979, 1069, 1
979, 1316, 1
1457, 1215, 1
257, 10, 1
979, 22, 1
858, 1282, 1
729, 94, 1
1313, 1215, 1
858, 235, 1
18, 1003, 1
18, 1030, 1
1474, 351, 1
94, 351, 1
257, 1043, 1
1316, 21, 1
1043, 11, 1
22, 767, 1
1003, 1030, 1
729, 71, 1
1457, 1313, 1
235, 767, 1
979, 767, 1
1313, 1457, 1
1316, 1310, 1
729, 192, 1
92, 1069, 1
1215, 351, 1
858, 351, 1
1474, 858, 1
1278, 1310, 1
92, 22, 1
21, 1310, 1
257, 18, 1
192, 1457, 1
71, 767, 1
1474, 979, 1
192, 1313, 1
1474, 94, 1
1043, 1030, 1
1310, 71, 1
21, 1278, 1
979, 1310, 1
10, 1030, 1
235, 92, 1
1013, 94, 1
979, 92, 1
1474, 71, 1
94, 71, 1
235, 1013, 1
979, 1013, 1
1069, 22, 1
1282, 1069, 1
1282, 1316, 1
668, 361, 1
979, 1278, 1
858, 979, 1
858, 94, 1
1282, 22, 1
1474, 192, 1
92, 21, 1
94, 192, 1
1013, 71, 1
1313, 94, 1
729, 1215, 1
1457, 1316, 1
1215, 71, 1
668, 1003, 1
858, 71, 1
1013, 192, 1
92, 1310, 1
1069, 767, 1
192, 94, 1
979, 235, 1
1215, 192, 1
11, 1092, 1
1282, 767, 1
858, 192, 1
1316, 351, 1
11, 18, 1
1278, 351, 1
21, 351, 1
192, 71, 1
1310, 1215, 1
1457, 767, 1
668, 1092, 1
137, 18, 1
1069, 1310, 1
11, 1043, 1
979, 351, 1
1474, 1215, 1
94, 1215, 1
1069, 1013, 1
1316, 94, 1
1282, 92, 1
1069, 1278, 1
1282, 1013, 1
1013, 1215, 1
1282, 1278, 1
729, 1474, 1
1278, 94, 1
3, 1092, 1
21, 94, 1
235, 1069, 1
235, 1316, 1
858, 1215, 1
1457, 92, 1
235, 22, 1
1316, 71, 1
1457, 1013, 1
361, 18, 1
11, 3, 1
11, 668, 1
1457, 1278, 1
1278, 71, 1
92, 351, 1
21, 71, 1
1316, 192, 1
729, 1069, 1
729, 1316, 1
1282, 235, 1
1278, 192, 1
18, 10, 1
729, 22, 1
668, 3, 1
192, 1215, 1
21, 192, 1
11, 7, 1
137, 3, 1
18, 1043, 1
1457, 729, 1
979, 192, 1
257, 1092, 1
1069, 351, 1
235, 21, 1
979, 21, 1
668, 7, 1
351, 71, 1
729, 767, 1
1282, 351, 1
92, 94, 1
22, 1310, 1
1310, 22, 1
351, 192, 1
668, 137, 1
3, 668, 1
235, 1310, 1
361, 3, 1
1457, 1474, 1
1474, 1316, 1
668, 11, 1
1316, 1215, 1
92, 71, 1
1313, 1474, 1
1278, 1215, 1
235, 1278, 1
21, 1215, 1
1282, 858, 1
11, 1003, 1
3, 7, 1
92, 192, 1
1013, 1069, 1
729, 1310, 1
1310, 767, 1
11, 1030, 1
137, 361, 1
1013, 22, 1
1282, 979, 1
1457, 1069, 1
192, 1474, 1
729, 92, 1
858, 1316, 1
729, 1013, 1
1457, 22, 1
1474, 767, 1
729, 1278, 1
94, 767, 1
668, 1030, 1
1313, 1069, 1
3, 11, 1
1069, 71, 1
1313, 1316, 1
137, 1003, 1
1043, 1092, 1
1313, 22, 1
257, 3, 1
257, 668, 1
1043, 18, 1
668, 257, 1
351, 1215, 1
1069, 192, 1
1013, 767, 1
192, 1069, 1
1069, 21, 1
192, 1316, 1
729, 1282, 1
192, 22, 1
1215, 767, 1
668, 1043, 1
1282, 21, 1
858, 767, 1
729, 235, 1
257, 7, 1
22, 351, 1
3, 1003, 1
137, 1092, 1
1313, 767, 1
3, 1030, 1
92, 1215, 1
235, 351, 1
361, 1003, 1
1474, 92, 1
1457, 21, 1
1282, 1310, 1
257, 137, 1
1474, 1013, 1
1474, 1278, 1
94, 1278, 1
192, 767, 1
1313, 21, 1
767, 351, 1
257, 11, 1
1457, 1310, 1
729, 351, 1
71, 351, 1
1316, 1069, 1
257, 361, 1
1013, 1278, 1
858, 92, 1
1313, 1310, 1
1316, 22, 1
361, 1092, 1
1069, 1215, 1
858, 1013, 1
1043, 3, 1
1043, 668, 1
858, 1278, 1
1313, 92, 1
235, 979, 1
235, 94, 1
979, 94, 1
1313, 1013, 1
192, 1310, 1
257, 1003, 1
1313, 1278, 1
257, 1030, 1
729, 858, 1
22, 71, 1
192, 92, 1
1310, 351, 1
1043, 7, 1
192, 1013, 1
1316, 767, 1
1457, 1282, 1
235, 71, 1
979, 71, 1
137, 668, 1
729, 979, 1
192, 1278, 1
22, 192, 1
1457, 235, 1
1278, 767, 1
21, 767, 1
1313, 1282, 1
235, 192, 1
767, 71, 1
1313, 235, 1
1313, 729, 1
137, 7, 1
192, 1282, 1
767, 192, 1
1013, 351, 1
192, 235, 1
192, 729, 1
71, 192, 1
18, 1092, 1
1474, 1069, 1
92, 1316, 1
729, 21, 1
361, 668, 1
1457, 351, 1
1316, 92, 1
1474, 22, 1
94, 22, 1
351, 767, 1
1316, 1013, 1
1092, 1030, 1
1003, 1092, 1
137, 11, 1
1313, 351, 1
1316, 1278, 1
1043, 1003, 1
21, 1013, 1
1069, 94, 1
361, 7, 1
22, 1215, 1
1282, 94, 1
858, 1069, 1
192, 351, 1
1457, 858, 1
1310, 192, 1
92, 767, 1
235, 1215, 1
979, 1215, 1
858, 22, 1
361, 137, 1
1313, 858, 1
1457, 979, 1
1457, 94, 1
137, 1030, 1
1316, 729, 1
1069, 235, 1
94, 1013, 1
767, 22, 1
1282, 1474, 1
351, 92, 1
94, 21, 1
1215, 1457, 1
1278, 729, 1
858, 1457, 1
22, 1313, 1
235, 1457, 1
1282, 729, 1
71, 22, 1
18, 257, 1
1013, 92, 1
351, 1278, 1
1215, 1313, 1
351, 94, 1
858, 1313, 1
1310, 235, 1
22, 92, 1
235, 1313, 1
1043, 10, 1
1215, 858, 1
192, 1016, 1
1043, 257, 1
1215, 92, 1
235, 858, 1
1003, 257, 1
92, 1313, 1
1215, 1013, 1
1069, 1316, 1
22, 1278, 1
1278, 1069, 1
22, 979, 1
92, 858, 1
22, 94, 1
1215, 1278, 1
1278, 1316, 1
1215, 21, 1
11, 137, 1
1215, 979, 1
94, 1474, 1
767, 1313, 1
351, 1310, 1
1215, 94, 1
1278, 1282, 1
1474, 729, 1
21, 1282, 1
3, 10, 1
1278, 1474, 1
94, 729, 1
3, 257, 1
92, 979, 1
71, 1313, 1
1278, 235, 1
21, 235, 1
1013, 1282, 1
1013, 1474, 1
1215, 1310, 1
767, 979, 1
71, 92, 1
1013, 235, 1
11, 361, 1
729, 1016, 1
1316, 1313, 1
1013, 729, 1
71, 1278, 1
94, 1069, 1
18, 137, 1
1069, 1313, 1
1282, 1457, 1
1316, 858, 1
94, 1316, 1
71, 94, 1
1215, 729, 1
1278, 1313, 1
1069, 858, 1
94, 1282, 1
858, 729, 1
767, 1310, 1
1282, 1313, 1
235, 729, 1
979, 729, 1
21, 1316, 1
1316, 979, 1
94, 235, 1
92, 729, 1
1069, 979, 1
1310, 1313, 1
1013, 1316, 1
767, 92, 1
71, 1310, 1
1278, 1016, 1
767, 1013, 1
18, 361, 1
1278, 979, 1
351, 235, 1
1215, 1316, 1
767, 1278, 1
767, 21, 1
3, 137, 1
767, 94, 1
1043, 361, 1
1215, 1282, 1
1003, 361, 1
1215, 1474, 1
22, 235, 1
1278, 1457, 1
1310, 979, 1
94, 1313, 1
7, 1092, 1
1215, 235, 1
1457, 1016, 1
7, 1003, 1
1069, 92, 1
21, 1313, 1
1013, 1457, 1
1043, 137, 1
1278, 858, 1
92, 235, 1
3, 361, 1
21, 858, 1
1278, 92, 1
1313, 1016, 1
21, 92, 1
351, 22, 1
1013, 1313, 1
94, 979, 1
1278, 1013, 1
767, 235, 1
979, 1457, 1
1013, 858, 1
1278, 21, 1
1215, 1069, 1
21, 979, 1
1310, 92, 1
1474, 1457, 1
979, 1313, 1
94, 1457, 1
11, 10, 1
71, 235, 1
1215, 22, 1
11, 257, 1
979, 858, 1
1013, 979, 1
1310, 1278, 1
1474, 1313, 1
1310, 94, 1
94, 858, 1
767, 1069, 1
1316, 235, 1
94, 92, 1
767, 1316, 1
351, 1313, 1
715, 1003, -1
715, 3, -1
715, 7, -1
715, 18, -1
715, 257, -1
715, 361, -1
715, 137, -1
715, 668, -1
715, 11, -1
715, 1043, -1
715, 1316, -1
715, 22, -1
715, 979, -1
715, 94, -1
715, 71, -1
715, 1278, -1
715, 1282, -1
715, 21, -1
715, 1013, -1
715, 1474, -1
715, 235, -1
715, 1310, -1
715, 1069, -1
715, 351, -1
715, 1313, -1
715, 92, -1
715, 192, -1
715, 767, -1
715, 858, -1
715, 1215, -1
715, 729, -1
715, 1457, -1
715, 1, -1
715, 4, -1
715, 8, -1
715, 242, -1
715, 713, -1
715, 728, -1
715, 1351, -1
1092, 1316, -1
1092, 22, -1
1092, 979, -1
1092, 94, -1
1092, 71, -1
1092, 1278, -1
1092, 1282, -1
1092, 21, -1
1092, 1013, -1
1092, 1474, -1
1092, 235, -1
1092, 1310, -1
1092, 1069, -1
1092, 351, -1
1092, 1313, -1
1092, 92, -1
1092, 192, -1
1092, 767, -1
1092, 858, -1
1092, 1215, -1
1092, 729, -1
1092, 1457, -1
1092, 1, -1
1092, 4, -1
1092, 8, -1
1092, 242, -1
1092, 713, -1
1092, 728, -1
1092, 1351, -1
1092, 715, -1
1016, 1003, -1
1016, 3, -1
1016, 7, -1
1016, 18, -1
1016, 257, -1
1016, 361, -1
1016, 137, -1
1016, 668, -1
1016, 11, -1
1016, 1043, -1
1016, 1092, -1
1016, 1, -1
1016, 4, -1
1016, 8, -1
1016, 242, -1
1016, 713, -1
1016, 728, -1
1016, 1351, -1
1016, 715, -1
10, 1316, -1
10, 22, -1
10, 979, -1
10, 94, -1
10, 71, -1
10, 1278, -1
10, 1282, -1
10, 21, -1
10, 1013, -1
10, 1474, -1
10, 235, -1
10, 1310, -1
10, 1069, -1
10, 351, -1
10, 1313, -1
10, 92, -1
10, 192, -1
10, 767, -1
10, 858, -1
10, 1215, -1
10, 729, -1
10, 1457, -1
10, 1016, -1
10, 1, -1
10, 4, -1
10, 8, -1
10, 242, -1
10, 713, -1
10, 728, -1
10, 1351, -1
10, 715, -1
1030, 1316, -1
1030, 22, -1
1030, 979, -1
1030, 94, -1
1030, 71, -1
1030, 1278, -1
1030, 1282, -1
1030, 21, -1
1030, 1013, -1
1030, 1474, -1
1030, 235, -1
1030, 1310, -1
1030, 1069, -1
1030, 351, -1
1030, 1313, -1
1030, 92, -1
1030, 192, -1
1030, 767, -1
1030, 858, -1
1030, 1215, -1
1030, 729, -1
1030, 1457, -1
1030, 1016, -1
1030, 1, -1
1030, 4, -1
1030, 8, -1
1030, 242, -1
1030, 713, -1
1030, 728, -1
1030, 1351, -1
1030, 715, -1
4, 1013, -1
1474, 3, -1
1474, 668, -1
257, 1351, -1
3, 1215, -1
94, 3, -1
94, 668, -1
1, 351, -1
4, 1278, -1
137, 1313, -1
8, 18, -1
94, 1351, -1
1310, 7, -1
1278, 1003, -1
1003, 767, -1
137, 351, -1
1043, 858, -1
1013, 1351, -1
18, 21, -1
8, 1316, -1
1474, 7, -1
94, 7, -1
713, 668, -1
242, 1092, -1
858, 3, -1
858, 668, -1
1043, 979, -1
713, 21, -1
242, 18, -1
729, 1030, -1
1, 858, -1
1457, 1351, -1
1003, 21, -1
1316, 1092, -1
1474, 137, -1
94, 137, -1
18, 1310, -1
7, 1310, -1
1013, 7, -1
729, 10, -1
361, 1313, -1
1313, 1351, -1
1278, 1092, -1
1, 979, -1
729, 257, -1
1316, 728, -1
1, 94, -1
4, 1030, -1
1474, 11, -1
242, 1069, -1
713, 1310, -1
94, 11, -1
11, 4, -1
1215, 7, -1
11, 242, -1
1003, 1310, -1
242, 1316, -1
713, 7, -1
1043, 71, -1
858, 7, -1
1278, 728, -1
242, 22, -1
361, 351, -1
257, 1215, -1
729, 1043, -1
8, 767, -1
192, 1351, -1
1474, 361, -1
137, 94, -1
1003, 92, -1
192, 713, -1
1003, 1013, -1
979, 1092, -1
1, 71, -1
713, 137, -1
668, 1316, -1
728, 1092, -1
1310, 1030, -1
668, 4, -1
4, 351, -1
1043, 21, -1
728, 18, -1
1043, 1351, -1
1003, 1278, -1
668, 242, -1
713, 11, -1
1313, 137, -1
858, 11, -1
192, 7, -1
137, 71, -1
257, 1457, -1
11, 767, -1
18, 1282, -1
1474, 1030, -1
94, 1030, -1
1313, 11, -1
257, 1313, -1
235, 4, -1
18, 235, -1
979, 4, -1
192, 137, -1
1474, 257, -1
94, 257, -1
361, 94, -1
242, 3, -1
242, 668, -1
1003, 235, -1
668, 767, -1
242, 21, -1
1013, 1030, -1
8, 92, -1
192, 11, -1
3, 1316, -1
3, 4, -1
8, 1013, -1
3, 242, -1
92, 1092, -1
858, 1003, -1
1316, 1351, -1
94, 1043, -1
8, 1278, -1
729, 242, -1
713, 1457, -1
713, 1030, -1
858, 1030, -1
1278, 3, -1
1278, 668, -1
1278, 1351, -1
361, 71, -1
242, 1310, -1
713, 1313, -1
1474, 728, -1
1457, 10, -1
713, 10, -1
242, 7, -1
18, 351, -1
7, 351, -1
1043, 1215, -1
1457, 257, -1
713, 257, -1
11, 92, -1
1316, 7, -1
11, 1013, -1
4, 71, -1
242, 1013, -1
1313, 10, -1
1003, 351, -1
1313, 257, -1
728, 3, -1
728, 668, -1
1278, 7, -1
1457, 1043, -1
242, 1278, -1
3, 767, -1
713, 1043, -1
1, 1215, -1
192, 1030, -1
21, 7, -1
668, 92, -1
8, 729, -1
1215, 728, -1
192, 1, -1
1313, 1043, -1
668, 1013, -1
858, 728, -1
192, 10, -1
1278, 137, -1
192, 257, -1
137, 1215, -1
18, 858, -1
668, 1278, -1
1282, 18, -1
1016, 1030, -1
257, 1316, -1
728, 7, -1
257, 4, -1
257, 242, -1
1278, 11, -1
242, 1282, -1
1, 1457, -1
1003, 858, -1
192, 1043, -1
18, 979, -1
18, 94, -1
1016, 10, -1
242, 235, -1
1, 1313, -1
1457, 18, -1
715, 1092, -1
1, 10, -1
1282, 4, -1
8, 1474, -1
1003, 979, -1
713, 94, -1
351, 7, -1
137, 1457, -1
242, 1003, -1
8, 1092, -1
242, 1030, -1
3, 92, -1
1474, 1351, -1
3, 1013, -1
18, 71, -1
7, 71, -1
1, 1043, -1
1316, 1030, -1
361, 1215, -1
11, 715, -1
3, 1278, -1
1457, 4, -1
1457, 242, -1
257, 767, -1
728, 361, -1
713, 71, -1
1003, 71, -1
1278, 1030, -1
21, 1030, -1
8, 1069, -1
92, 7, -1
242, 351, -1
18, 1351, -1
7, 1351, -1
1313, 242, -1
4, 1215, -1
8, 22, -1
668, 715, -1
1278, 257, -1
1215, 1351, -1
1043, 94, -1
858, 1351, -1
1003, 1351, -1
979, 1003, -1
361, 1457, -1
728, 1003, -1
668, 1474, -1
192, 242, -1
1, 18, -1
1282, 3, -1
1278, 1043, -1
137, 1474, -1
11, 1069, -1
11, 1316, -1
1043, 242, -1
242, 858, -1
11, 22, -1
21, 728, -1
257, 92, -1
1069, 7, -1
1, 1316, -1
257, 1013, -1
668, 1069, -1
242, 979, -1
235, 1092, -1
257, 1278, -1
3, 715, -1
668, 22, -1
8, 3, -1
137, 1069, -1
8, 668, -1
137, 1316, -1
8, 21, -1
979, 728, -1
137, 4, -1
137, 242, -1
137, 22, -1
18, 1215, -1
7, 1215, -1
92, 1030, -1
361, 1474, -1
242, 71, -1
713, 1215, -1
1003, 1215, -1
729, 18, -1
351, 728, -1
8, 1310, -1
1, 767, -1
1474, 10, -1
8, 7, -1
94, 10, -1
11, 21, -1
257, 729, -1
3, 1069, -1
137, 767, -1
3, 22, -1
8, 137, -1
1474, 1043, -1
361, 1069, -1
729, 4, -1
4, 94, -1
361, 1316, -1
361, 4, -1
361, 242, -1
668, 21, -1
11, 1310, -1
361, 22, -1
1069, 1030, -1
668, 1351, -1
92, 728, -1
8, 11, -1
21, 1351, -1
1282, 1003, -1
257, 715, -1
858, 10, -1
257, 1474, -1
8, 361, -1
22, 1351, -1
8, 1282, -1
668, 1310, -1
235, 668, -1
979, 668, -1
11, 1278, -1
1282, 715, -1
858, 1043, -1
1, 92, -1
979, 1351, -1
8, 235, -1
1474, 18, -1
1, 1013, -1
94, 18, -1
242, 11, -1
361, 767, -1
1, 1278, -1
8, 1003, -1
1282, 1092, -1
22, 7, -1
137, 92, -1
1457, 715, -1
1069, 728, -1
3, 21, -1
8, 1030, -1
351, 1351, -1
137, 1013, -1
257, 1069, -1
729, 3, -1
242, 1215, -1
235, 7, -1
979, 7, -1
11, 1282, -1
4, 767, -1
137, 1278, -1
1282, 728, -1
713, 1474, -1
257, 22, -1
1313, 715, -1
1474, 4, -1
1474, 242, -1
11, 235, -1
1, 361, -1
1457, 1092, -1
713, 18, -1
858, 18, -1
3, 1310, -1
728, 137, -1
8, 351, -1
1003, 94, -1
668, 1282, -1
1313, 1092, -1
18, 1316, -1
1313, 18, -1
1, 729, -1
92, 1351, -1
18, 4, -1
71, 7, -1
18, 242, -1
668, 235, -1
728, 11, -1
137, 1282, -1
1, 1003, -1
713, 1069, -1
713, 1316, -1
361, 92, -1
137, 235, -1
858, 4, -1
242, 10, -1
713, 22, -1
361, 1013, -1
192, 1092, -1
137, 729, -1
192, 18, -1
361, 1278, -1
11, 351, -1
1313, 4, -1
4, 92, -1
8, 858, -1
1278, 10, -1
242, 1043, -1
257, 21, -1
22, 1030, -1
1, 1474, -1
235, 1003, -1
3, 1282, -1
18, 767, -1
7, 767, -1
137, 715, -1
729, 361, -1
8, 979, -1
1069, 1351, -1
1, 1092, -1
668, 351, -1
235, 1030, -1
192, 4, -1
979, 1030, -1
8, 94, -1
728, 1030, -1
3, 235, -1
1282, 668, -1
361, 1282, -1
713, 767, -1
1043, 1069, -1
1282, 1351, -1
1043, 1316, -1
257, 1310, -1
1043, 4, -1
11, 858, -1
361, 235, -1
728, 10, -1
1043, 22, -1
728, 257, -1
361, 729, -1
729, 1003, -1
1457, 3, -1
713, 3, -1
1457, 668, -1
1, 1069, -1
8, 71, -1
11, 979, -1
192, 8, -1
11, 94, -1
1, 22, -1
1282, 7, -1
728, 1043, -1
242, 94, -1
22, 728, -1
668, 858, -1
1313, 3, -1
1313, 668, -1
729, 715, -1
235, 728, -1
361, 715, -1
137, 858, -1
1278, 18, -1
3, 351, -1
18, 92, -1
7, 92, -1
668, 979, -1
1043, 767, -1
668, 94, -1
1457, 7, -1
18, 1013, -1
11, 71, -1
192, 3, -1
192, 668, -1
729, 1092, -1
137, 979, -1
18, 1278, -1
767, 728, -1
713, 92, -1
1282, 11, -1
257, 1282, -1
94, 361, -1
713, 1013, -1
1313, 7, -1
1457, 137, -1
257, 235, -1
713, 1278, -1
729, 728, -1
71, 728, -1
11, 1351, -1
668, 71, -1
4, 1092, -1
3, 858, -1
1457, 11, -1
1, 3, -1
1, 668, -1
1474, 1003, -1
94, 1003, -1
1, 21, -1
361, 858, -1
242, 767, -1
1043, 1310, -1
1457, 361, -1
713, 361, -1
3, 979, -1
3, 94, -1
713, 1282, -1
4, 1069, -1
1474, 715, -1
137, 21, -1
1282, 1030, -1
1043, 92, -1
4, 1316, -1
137, 1351, -1
361, 979, -1
713, 235, -1
1313, 361, -1
1, 1310, -1
1043, 1013, -1
4, 22, -1
257, 351, -1
8, 1215, -1
713, 729, -1
1, 7, -1
1310, 728, -1
1043, 1278, -1
1282, 10, -1
713, 1003, -1
1457, 1003, -1
235, 1351, -1
3, 71, -1
1474, 1092, -1
94, 1092, -1
1457, 1030, -1
137, 1310, -1
18, 715, -1
192, 361, -1
715, 1030, -1
1, 137, -1
1313, 1003, -1
1282, 1043, -1
94, 728, -1
1313, 1030, -1
767, 1351, -1
858, 715, -1
8, 1457, -1
11, 1215, -1
3, 1351, -1
1, 11, -1
1043, 1282, -1
729, 668, -1
242, 92, -1
257, 858, -1
729, 1351, -1
713, 351, -1
8, 1313, -1
71, 1351, -1
361, 21, -1
1043, 235, -1
192, 1003, -1
361, 1351, -1
8, 10, -1
1013, 728, -1
713, 1092, -1
8, 257, -1
858, 1092, -1
1, 1282, -1
257, 979, -1
767, 7, -1
668, 1215, -1
257, 94, -1
4, 21, -1
1, 235, -1
1457, 728, -1
18, 1069, -1
192, 715, -1
8, 1043, -1
729, 7, -1
361, 1310, -1
18, 22, -1
7, 22, -1
1313, 728, -1
1043, 715, -1
1003, 1069, -1
1003, 1316, -1
1, 1030, -1
713, 858, -1
1003, 4, -1
257, 71, -1
4, 1310, -1
729, 137, -1
1003, 22, -1
1310, 1351, -1
4, 7, -1
1043, 351, -1
1278, 361, -1
713, 979, -1
1, 257, -1
192, 728, -1
729, 11, -1
767, 4, -1
18, 1457, -1
4, 729, -1
1069, 1092, -1
1, 1016, -1
8, 192, -1
1316, 1003, -1
1310, 361, -1
18, 1313, -1
7, 1313, -1
1043, 1457, -1
1069, 1003, -1
1003, 1457, -1
1282, 137, -1
1043, 1313, -1
1069, 11, -1
728, 1310, -1
1215, 10, -1
242, 361, -1
1043, 1, -1
1278, 713, -1
1003, 1313, -1
7, 1013, -1
137, 1016, -1
1351, 71, -1
728, 71, -1
1310, 1092, -1
1013, 668, -1
1316, 4, -1
235, 257, -1
7, 21, -1
767, 1030, -1
4, 361, -1
728, 92, -1
1069, 4, -1
7, 94, -1
1310, 1003, -1
1215, 3, -1
3, 1457, -1
1215, 668, -1
11, 729, -1
1278, 715, -1
728, 1013, -1
1278, 4, -1
242, 729, -1
1278, 242, -1
1215, 1043, -1
21, 715, -1
728, 192, -1
21, 4, -1
21, 361, -1
728, 1278, -1
4, 235, -1
3, 1313, -1
728, 21, -1
3, 1, -1
728, 94, -1
11, 713, -1
1013, 242, -1
1013, 361, -1
767, 3, -1
22, 361, -1
767, 668, -1
668, 729, -1
21, 1092, -1
767, 1043, -1
979, 361, -1
351, 1003, -1
21, 1003, -1
18, 729, -1
1013, 18, -1
361, 1016, -1
728, 1282, -1
11, 1474, -1
1316, 257, -1
21, 11, -1
94, 715, -1
7, 1278, -1
728, 1474, -1
94, 4, -1
1013, 1003, -1
94, 242, -1
1069, 257, -1
1215, 18, -1
728, 235, -1
1278, 1, -1
257, 1016, -1
22, 1003, -1
1215, 137, -1
1013, 11, -1
858, 137, -1
728, 729, -1
1215, 1003, -1
1282, 257, -1
1069, 3, -1
8, 1016, -1
1069, 668, -1
1043, 713, -1
1215, 11, -1
1069, 1043, -1
1013, 715, -1
7, 1316, -1
1013, 4, -1
242, 1457, -1
92, 1003, -1
1310, 257, -1
351, 1092, -1
1215, 715, -1
3, 729, -1
1351, 767, -1
1215, 4, -1
1215, 242, -1
18, 1474, -1
242, 1313, -1
1215, 361, -1
728, 1069, -1
1003, 715, -1
728, 1316, -1
858, 361, -1
858, 242, -1
7, 235, -1
235, 361, -1
1351, 1215, -1
242, 257, -1
728, 1215, -1
1013, 1092, -1
3, 713, -1
728, 22, -1
4, 1313, -1
1043, 1474, -1
351, 1030, -1
92, 361, -1
22, 1092, -1
71, 1003, -1
1351, 351, -1
4, 858, -1
4, 257, -1
728, 351, -1
728, 1016, -1
1215, 1092, -1
668, 1313, -1
1043, 729, -1
1003, 729, -1
1316, 668, -1
21, 257, -1
71, 1030, -1
4, 979, -1
1215, 1030, -1
7, 1069, -1
1013, 10, -1
11, 1457, -1
3, 1474, -1
1013, 257, -1
728, 1457, -1
21, 3, -1
21, 668, -1
767, 1092, -1
22, 257, -1
21, 1043, -1
11, 1313, -1
11, 1, -1
728, 767, -1
728, 1313, -1
1215, 257, -1
1013, 3, -1
767, 1003, -1
858, 257, -1
1316, 361, -1
979, 257, -1
71, 1092, -1
728, 858, -1
1013, 1043, -1
1069, 715, -1
767, 11, -1
1069, 361, -1
92, 257, -1
713, 1016, -1
242, 137, -1
1282, 242, -1
1282, 361, -1
767, 715, -1
728, 979, -1
1, 192, -1
92, 4, -1
4, 192, -1
11, 192, -1
1043, 192, -1
242, 192, -1
137, 192, -1
713, 192, -1
18, 192, -1
668, 192, -1
3, 192, -1
1003, 192, -1
257, 192, -1
361, 192, -1
668, 1457, -1

1189, 1003, 1
1189, 3, 1
1189, 7, 1
1189, 18, 1
1189, 257, 1
1189, 361, 1
1189, 137, 1
1189, 668, 1
1189, 11, 1
1189, 1043, 1
1189, 1092, 1
1189, 10, 1
1189, 1030, 1
277, 1316, 1
277, 22, 1
277, 979, 1
277, 94, 1
277, 71, 1
277, 1278, 1
277, 1282, 1
277, 21, 1
277, 1013, 1
277, 1474, 1
277, 235, 1
277, 1310, 1
277, 1069, 1
277, 351, 1
277, 1313, 1
277, 92, 1
277, 192, 1
277, 767, 1
277, 858, 1
277, 1215, 1
277, 729, 1
277, 1457, 1
277, 1016, 1
413, 1316, 1
413, 22, 1
413, 979, 1
413, 94, 1
413, 71, 1
413, 1278, 1
413, 1282, 1
413, 21, 1
413, 1013, 1
413, 1474, 1
413, 235, 1
413, 1310, 1
413, 1069, 1
413, 351, 1
413, 1313, 1
413, 92, 1
413, 192, 1
413, 767, 1
413, 858, 1
413, 1215, 1
413, 729, 1
413, 1457, 1
413, 1016, 1
413, 277, 1
382, 1316, 1
382, 22, 1
382, 979, 1
382, 94, 1
382, 71, 1
382, 1278, 1
382, 1282, 1
382, 21, 1
382, 1013, 1
382, 1474, 1
382, 235, 1
382, 1310, 1
382, 1069, 1
382, 351, 1
382, 1313, 1
382, 92, 1
382, 192, 1
382, 767, 1
382, 858, 1
382, 1215, 1
382, 729, 1
382, 1457, 1
382, 1016, 1
382, 277, 1
382, 413, 1
1016, 351, 1
767, 1215, 1
1282, 71, 1
361, 11, 1
1474, 21, 1
94, 21, 1
1313, 979, 1
10, 1092, 1
1474, 277, 1
137, 10, 1
1278, 729, 1
94, 277, 1
71, 1215, 1
192, 858, 1
137, 257, 1
1457, 71, 1
18, 3, 1
18, 668, 1
192, 979, 1
1474, 1310, 1
137, 1043, 1
1013, 21, 1
94, 1310, 1
1013, 277, 1
1313, 71, 1
1016, 858, 1
1003, 668, 1
729, 1457, 1
858, 21, 1
92, 1013, 1
361, 1030, 1
858, 277, 1
1278, 1474, 1
92, 1278, 1
1013, 1310, 1
729, 1313, 1
1016, 979, 1
18, 7, 1
361, 10, 1
1215, 1310, 1
361, 257, 1
858, 1310, 1
3, 1043, 1
1003, 7, 1
235, 382, 1
192, 21, 1
361, 1043, 1
1016, 71, 1
192, 277, 1
1474, 1282, 1
94, 1282, 1
21, 1069, 1
21, 413, 1
18, 11, 1
21, 1316, 1
1278, 22, 1
1474, 235, 1
1282, 1215, 1
94, 235, 1
21, 22, 1
1016, 192, 1
10, 3, 1
10, 668, 1
1016, 21, 1
1278, 979, 1
1016, 277, 1
729, 382, 1
979, 1069, 1
979, 413, 1
979, 1316, 1
1457, 1215, 1
257, 10, 1
979, 22, 1
858, 1282, 1
94, 1313, 1
729, 94, 1
1313, 1215, 1
858, 235, 1
10, 7, 1
18, 1003, 1
1013, 1457, 1
18, 1030, 1
1474, 351, 1
94, 351, 1
257, 1043, 1
1316, 21, 1
351, 22, 1
1013, 1313, 1
1316, 277, 1
1043, 11, 1
22, 767, 1
1003, 1030, 1
729, 71, 1
1278, 21, 1
1457, 1313, 1
1278, 277, 1
979, 767, 1
235, 767, 1
21, 277, 1
10, 11, 1
1313, 1457, 1
1316, 1310, 1
92, 1069, 1
92, 413, 1
1215, 351, 1
1016, 1215, 1
858, 351, 1
1474, 858, 1
1278, 1310, 1
92, 22, 1
94, 858, 1
21, 1310, 1
192, 1457, 1
257, 18, 1
71, 767, 1
1474, 979, 1
192, 1313, 1
1474, 94, 1
1043, 1030, 1
1310, 71, 1
1013, 382, 1
21, 1278, 1
979, 1310, 1
1016, 1457, 1
10, 1030, 1
192, 1016, 1
1457, 382, 1
1069, 413, 1
1016, 1313, 1
1069, 1316, 1
1013, 94, 1
979, 92, 1
235, 92, 1
1474, 71, 1
94, 71, 1
979, 1013, 1
235, 1013, 1
1069, 22, 1
413, 382, 1
1282, 1069, 1
1313, 382, 1
1282, 413, 1
351, 1310, 1
1282, 1316, 1
979, 1278, 1
858, 979, 1
858, 94, 1
1278, 1282, 1
1282, 22, 1
21, 1282, 1
92, 21, 1
1278, 235, 1
92, 277, 1
21, 235, 1
1013, 71, 1
1313, 94, 1
729, 1215, 1
192, 382, 1
1457, 1316, 1
1215, 71, 1
1030, 7, 1
858, 71, 1
92, 1310, 1
1069, 767, 1
192, 94, 1
1278, 1313, 1
979, 235, 1
1016, 382, 1
11, 1092, 1
1282, 767, 1
1316, 351, 1
1278, 351, 1
1278, 1016, 1
1069, 277, 1
21, 351, 1
1016, 94, 1
192, 71, 1
1310, 1215, 1
1457, 767, 1
668, 1092, 1
1069, 1310, 1
137, 18, 1
1316, 382, 1
979, 351, 1
1474, 1215, 1
94, 1215, 1
1069, 92, 1
1278, 858, 1
1069, 1013, 1
21, 858, 1
1316, 94, 1
1282, 92, 1
1069, 1278, 1
1282, 1013, 1
1013, 1215, 1
1282, 1278, 1
729, 1474, 1
1278, 94, 1
21, 979, 1
3, 1092, 1
21, 94, 1
235, 1069, 1
94, 1457, 1
235, 413, 1
235, 1316, 1
858, 1215, 1
1457, 92, 1
235, 22, 1
1316, 71, 1
1457, 1013, 1
361, 18, 1
11, 3, 1
11, 668, 1
1457, 1278, 1
1278, 71, 1
92, 351, 1
21, 71, 1
1069, 235, 1
767, 22, 1
729, 1069, 1
729, 413, 1
729, 1316, 1
1282, 235, 1
1278, 192, 1
18, 10, 1
729, 22, 1
192, 1215, 1
71, 22, 1
11, 7, 1
137, 3, 1
277, 382, 1
18, 1043, 1
1457, 729, 1
1474, 382, 1
94, 382, 1
94, 1474, 1
257, 1092, 1
1069, 351, 1
668, 7, 1
979, 21, 1
235, 21, 1
351, 71, 1
979, 277, 1
235, 277, 1
729, 767, 1
92, 94, 1
1282, 351, 1
22, 1310, 1
1310, 22, 1
1013, 1474, 1
3, 668, 1
235, 1310, 1
361, 3, 1
1457, 1474, 1
94, 1069, 1
1474, 1316, 1
94, 413, 1
858, 382, 1
94, 1316, 1
1316, 1215, 1
92, 71, 1
767, 1310, 1
1313, 1474, 1
1278, 1215, 1
235, 1278, 1
1282, 858, 1
21, 1215, 1
3, 7, 1
11, 1003, 1
1013, 1069, 1
729, 1310, 1
1013, 413, 1
1069, 979, 1
1310, 767, 1
1013, 1316, 1
11, 1030, 1
71, 1310, 1
137, 361, 1
10, 1043, 1
1013, 22, 1
1282, 979, 1
1457, 1069, 1
729, 92, 1
192, 1474, 1
1457, 413, 1
858, 1316, 1
729, 1013, 1
1457, 22, 1
1474, 767, 1
729, 1278, 1
1278, 1457, 1
94, 767, 1
668, 1030, 1
1313, 1069, 1
1313, 413, 1
3, 11, 1
1069, 71, 1
1313, 1316, 1
137, 1003, 1
1043, 1092, 1
1313, 22, 1
257, 3, 1
1016, 1474, 1
257, 668, 1
351, 1215, 1
1013, 767, 1
192, 1069, 1
192, 413, 1
1069, 21, 1
192, 1316, 1
10, 18, 1
729, 1282, 1
192, 22, 1
1215, 767, 1
1282, 21, 1
858, 767, 1
729, 235, 1
1282, 277, 1
257, 7, 1
3, 1003, 1
22, 351, 1
137, 1092, 1
1016, 1069, 1
1016, 413, 1
1313, 767, 1
1016, 1316, 1
3, 1030, 1
92, 1215, 1
235, 351, 1
1016, 22, 1
361, 1003, 1
1474, 92, 1
1457, 21, 1
94, 92, 1
1282, 1310, 1
257, 137, 1
1457, 277, 1
1474, 1013, 1
1278, 382, 1
94, 1013, 1
21, 382, 1
1474, 1278, 1
94, 1278, 1
192, 767, 1
1313, 21, 1
767, 351, 1
257, 11, 1
1313, 277, 1
1013, 92, 1
1457, 1310, 1
729, 351, 1
71, 351, 1
1316, 1069, 1
1316, 413, 1
257, 361, 1
1013, 1278, 1
979, 382, 1
858, 92, 1
1016, 767, 1
1313, 1310, 1
1316, 22, 1
361, 1092, 1
1069, 1215, 1
1278, 1069, 1
858, 1013, 1
1278, 413, 1
1043, 3, 1
1278, 1316, 1
1043, 668, 1
858, 1278, 1
1313, 92, 1
235, 979, 1
235, 94, 1
979, 94, 1
1313, 1013, 1
94, 729, 1
192, 1310, 1
257, 1003, 1
1313, 1278, 1
1092, 7, 1
257, 1030, 1
729, 858, 1
1013, 1282, 1
22, 71, 1
192, 92, 1
1310, 351, 1
1013, 235, 1
1043, 7, 1
192, 1013, 1
1316, 767, 1
1457, 1282, 1
1013, 729, 1
979, 71, 1
235, 71, 1
137, 668, 1
729, 979, 1
192, 1278, 1
1016, 1310, 1
1457, 94, 1
1457, 235, 1
1278, 767, 1
92, 382, 1
21, 767, 1
1313, 1282, 1
1016, 92, 1
767, 71, 1
1016, 1013, 1
1313, 235, 1
1313, 729, 1
1016, 1278, 1
137, 7, 1
192, 1282, 1
1013, 351, 1
277, 413, 1
192, 235, 1
192, 729, 1
18, 1092, 1
92, 1316, 1
1474, 1069, 1
729, 21, 1
1474, 413, 1
361, 668, 1
1457, 351, 1
729, 277, 1
1316, 92, 1
1069, 382, 1
1474, 22, 1
1016, 1282, 1
94, 22, 1
351, 767, 1
1316, 1013, 1
1092, 1030, 1
137, 11, 1
1003, 1092, 1
1313, 351, 1
1016, 235, 1
1316, 1278, 1
1282, 382, 1
1043, 1003, 1
1278, 92, 1
21, 92, 1
1016, 729, 1
94, 979, 1
1278, 1013, 1
21, 1013, 1
1069, 94, 1
1013, 858, 1
10, 1003, 1
361, 7, 1
22, 1215, 1
1282, 94, 1
858, 1069, 1
192, 351, 1
858, 413, 1
1457, 858, 1
1215, 22, 1
1013, 979, 1
92, 767, 1
979, 1215, 1
235, 1215, 1
858, 22, 1
361, 137, 1
1313, 858, 1
1457, 979, 1
11, 1043, 1
137, 1030, 1
1316, 729, 1
668, 10, 1
1316, 192, 1
11, 1189, 1
1282, 1474, 1
351, 92, 1
1215, 1457, 1
858, 1457, 1
22, 1313, 1
235, 1457, 1
668, 3, 1
1282, 729, 1
21, 192, 1
1092, 257, 1
18, 257, 1
1282, 192, 1
351, 1278, 1
1215, 1313, 1
351, 94, 1
858, 1313, 1
1310, 235, 1
22, 92, 1
235, 1313, 1
1043, 10, 1
1215, 858, 1
668, 1189, 1
1043, 257, 1
1215, 92, 1
235, 858, 1
1003, 257, 1
92, 1313, 1
1215, 1013, 1
22, 1278, 1
22, 979, 1
92, 858, 1
1092, 1189, 1
22, 94, 1
1215, 1278, 1
18, 1189, 1
1457, 192, 1
1215, 21, 1
10, 257, 1
1215, 979, 1
11, 137, 1
979, 192, 1
767, 1313, 1
668, 361, 1
1215, 94, 1
1215, 277, 1
1043, 1189, 1
1474, 729, 1
3, 10, 1
1474, 192, 1
351, 382, 1
1003, 1189, 1
3, 257, 1
1313, 192, 1
94, 192, 1
92, 979, 1
71, 1313, 1
668, 18, 1
351, 192, 1
767, 979, 1
71, 92, 1
1030, 361, 1
22, 382, 1
11, 361, 1
668, 1003, 1
729, 1016, 1
1316, 1313, 1
1215, 382, 1
1013, 192, 1
3, 1189, 1
71, 1278, 1
18, 137, 1
668, 11, 1
1069, 1313, 1
1282, 1457, 1
1316, 858, 1
71, 94, 1
22, 192, 1
1215, 729, 1
1069, 858, 1
1030, 1092, 1
1215, 192, 1
137, 1189, 1
858, 729, 1
1282, 1313, 1
858, 192, 1
235, 729, 1
11, 18, 1
979, 729, 1
235, 192, 1
1030, 1003, 1
1316, 979, 1
767, 382, 1
92, 729, 1
92, 192, 1
767, 92, 1
1310, 1313, 1
1092, 361, 1
767, 1013, 1
18, 361, 1
351, 235, 1
767, 192, 1
71, 382, 1
1215, 1316, 1
767, 1278, 1
10, 1189, 1
767, 21, 1
3, 18, 1
3, 137, 1
767, 94, 1
1043, 361, 1
767, 277, 1
1215, 1282, 1
1003, 361, 1
71, 192, 1
1215, 1474, 1
22, 235, 1
1310, 979, 1
7, 1092, 1
1215, 235, 1
1457, 1016, 1
1092, 1003, 1
7, 1003, 1
361, 1189, 1
1043, 18, 1
1043, 137, 1
21, 1313, 1
92, 235, 1
668, 257, 1
3, 361, 1
1313, 1016, 1
1069, 192, 1
257, 1189, 1
10, 137, 1
767, 235, 1
979, 1457, 1
1310, 382, 1
1215, 1069, 1
668, 1043, 1
1310, 92, 1
1215, 413, 1
1474, 1457, 1
979, 1313, 1
11, 10, 1
71, 235, 1
1030, 257, 1
11, 257, 1
1310, 192, 1
979, 858, 1
729, 192, 1
1310, 1278, 1
1474, 1313, 1
1310, 94, 1
10, 361, 1
767, 1069, 1
1316, 235, 1
767, 413, 1
767, 1316, 1
351, 1313, 1
1189, 1316, -1
1189, 22, -1
1189, 979, -1
1189, 94, -1
1189, 71, -1
1189, 1278, -1
1189, 1282, -1
1189, 21, -1
1189, 1013, -1
1189, 1474, -1
1189, 235, -1
1189, 1310, -1
1189, 1069, -1
1189, 351, -1
1189, 1313, -1
1189, 92, -1
1189, 192, -1
1189, 767, -1
1189, 858, -1
1189, 1215, -1
1189, 729, -1
1189, 1457, -1
1189, 1016, -1
1189, 1, -1
1189, 4, -1
1189, 8, -1
1189, 242, -1
1189, 713, -1
1189, 728, -1
1189, 1351, -1
1189, 715, -1
277, 1003, -1
277, 3, -1
277, 7, -1
277, 18, -1
277, 257, -1
277, 361, -1
277, 137, -1
277, 668, -1
277, 11, -1
277, 1043, -1
277, 1092, -1
277, 10, -1
277, 1030, -1
277, 1189, -1
277, 1, -1
277, 4, -1
277, 8, -1
277, 242, -1
277, 713, -1
277, 728, -1
277, 1351, -1
277, 715, -1
413, 1003, -1
413, 3, -1
413, 7, -1
413, 18, -1
413, 257, -1
413, 361, -1
413, 137, -1
413, 668, -1
413, 11, -1
413, 1043, -1
413, 1092, -1
413, 10, -1
413, 1030, -1
413, 1189, -1
413, 1, -1
413, 4, -1
413, 8, -1
413, 242, -1
413, 713, -1
413, 728, -1
413, 1351, -1
413, 715, -1
382, 1003, -1
382, 3, -1
382, 7, -1
382, 18, -1
382, 257, -1
382, 361, -1
382, 137, -1
382, 668, -1
382, 11, -1
382, 1043, -1
382, 1092, -1
382, 10, -1
382, 1030, -1
382, 1189, -1
382, 1, -1
382, 4, -1
382, 8, -1
382, 242, -1
382, 713, -1
382, 728, -1
382, 1351, -1
382, 715, -1
4, 1013, -1
715, 94, -1
1474, 3, -1
1474, 668, -1
257, 1351, -1
3, 1215, -1
94, 3, -1
94, 668, -1
1, 351, -1
4, 1278, -1
137, 1313, -1
8, 18, -1
94, 1351, -1
1310, 7, -1
1474, 1189, -1
1189, 382, -1
94, 1189, -1
1030, 1310, -1
1278, 1003, -1
1003, 767, -1
137, 351, -1
715, 71, -1
11, 382, -1
1013, 668, -1
1013, 1351, -1
18, 21, -1
767, 1030, -1
8, 1316, -1
1474, 7, -1
10, 1069, -1
94, 7, -1
18, 277, -1
10, 413, -1
1013, 1189, -1
1278, 715, -1
242, 1092, -1
858, 3, -1
713, 668, -1
858, 668, -1
21, 715, -1
1043, 979, -1
242, 18, -1
713, 21, -1
729, 1030, -1
1, 858, -1
1457, 1351, -1
10, 22, -1
1003, 21, -1
713, 277, -1
1316, 1092, -1
1215, 1189, -1
1003, 277, -1
668, 382, -1
858, 1189, -1
18, 1310, -1
1013, 7, -1
361, 1313, -1
729, 10, -1
1313, 1351, -1
1092, 71, -1
1278, 1092, -1
1, 979, -1
729, 257, -1
137, 382, -1
1, 94, -1
21, 1092, -1
4, 1030, -1
21, 18, -1
1474, 11, -1
242, 1069, -1
713, 1310, -1
242, 413, -1
94, 11, -1
1215, 7, -1
11, 4, -1
242, 1316, -1
1003, 1310, -1
713, 7, -1
1043, 71, -1
858, 7, -1
242, 22, -1
361, 351, -1
1013, 137, -1
257, 1215, -1
729, 1043, -1
8, 767, -1
192, 1351, -1
728, 1474, -1
137, 94, -1
1092, 1351, -1
1003, 92, -1
192, 713, -1
192, 1189, -1
1003, 1013, -1
668, 413, -1
979, 1092, -1
1, 71, -1
713, 137, -1
1013, 11, -1
668, 1316, -1
728, 1092, -1
1310, 1030, -1
1043, 21, -1
4, 351, -1
668, 4, -1
728, 18, -1
1043, 1351, -1
1003, 1278, -1
3, 382, -1
713, 11, -1
1313, 137, -1
858, 11, -1
1016, 1351, -1
10, 21, -1
192, 7, -1
137, 71, -1
257, 1457, -1
10, 277, -1
1016, 713, -1
11, 767, -1
18, 1282, -1
361, 382, -1
1474, 1030, -1
94, 1030, -1
728, 1069, -1
1313, 11, -1
728, 413, -1
257, 1313, -1
728, 1316, -1
979, 4, -1
18, 235, -1
235, 4, -1
715, 1215, -1
728, 22, -1
192, 137, -1
1030, 351, -1
10, 1310, -1
1016, 7, -1
361, 94, -1
242, 3, -1
242, 668, -1
1003, 235, -1
668, 767, -1
242, 21, -1
1013, 1030, -1
8, 92, -1
192, 11, -1
3, 1316, -1
242, 277, -1
1316, 668, -1
3, 4, -1
8, 1013, -1
1316, 1351, -1
858, 1003, -1
92, 1092, -1
1215, 1030, -1
94, 1043, -1
8, 1278, -1
1016, 137, -1
729, 242, -1
713, 1457, -1
713, 1030, -1
1013, 10, -1
858, 1030, -1
1316, 1189, -1
1278, 3, -1
1278, 668, -1
1013, 257, -1
1092, 1215, -1
21, 3, -1
21, 668, -1
1278, 1351, -1
361, 71, -1
242, 1310, -1
713, 1313, -1
1016, 11, -1
1278, 1189, -1
728, 767, -1
242, 7, -1
1457, 10, -1
713, 10, -1
18, 351, -1
7, 351, -1
1043, 1215, -1
21, 1189, -1
713, 257, -1
1457, 257, -1
11, 92, -1
1013, 1043, -1
1069, 715, -1
1316, 7, -1
257, 382, -1
4, 71, -1
11, 1013, -1
242, 1013, -1
1313, 10, -1
1003, 351, -1
1313, 257, -1
728, 3, -1
728, 668, -1
1278, 7, -1
1, 1215, -1
242, 1278, -1
3, 767, -1
1457, 1043, -1
10, 1282, -1
192, 1030, -1
713, 1043, -1
21, 7, -1
728, 277, -1
1069, 1092, -1
10, 235, -1
668, 92, -1
8, 729, -1
1313, 1043, -1
192, 1, -1
668, 1013, -1
192, 10, -1
1278, 137, -1
137, 1215, -1
192, 257, -1
18, 858, -1
668, 1278, -1
1282, 18, -1
728, 1310, -1
1016, 1030, -1
257, 1316, -1
728, 7, -1
257, 4, -1
257, 242, -1
713, 382, -1
1278, 11, -1
351, 1189, -1
242, 1282, -1
1, 1457, -1
192, 1043, -1
18, 979, -1
1016, 1, -1
18, 94, -1
728, 92, -1
1069, 4, -1
1016, 10, -1
242, 235, -1
1, 1313, -1
1016, 257, -1
1457, 18, -1
728, 1013, -1
715, 1092, -1
1, 10, -1
1030, 1351, -1
1282, 4, -1
8, 1474, -1
728, 1278, -1
713, 94, -1
1003, 979, -1
351, 7, -1
137, 1457, -1
242, 1003, -1
10, 351, -1
8, 1092, -1
1013, 242, -1
242, 1030, -1
3, 92, -1
1016, 1043, -1
1474, 1351, -1
7, 71, -1
18, 71, -1
92, 1189, -1
3, 1013, -1
1, 1043, -1
1316, 1030, -1
1092, 382, -1
361, 1215, -1
11, 715, -1
3, 1278, -1
1457, 4, -1
715, 1069, -1
715, 413, -1
1457, 242, -1
257, 767, -1
715, 1316, -1
21, 1003, -1
713, 71, -1
728, 361, -1
1003, 71, -1
1278, 1030, -1
1043, 382, -1
715, 22, -1
21, 1030, -1
728, 1282, -1
8, 1069, -1
92, 7, -1
8, 413, -1
242, 351, -1
7, 1351, -1
1092, 94, -1
18, 1351, -1
1313, 242, -1
4, 1215, -1
728, 235, -1
1278, 1, -1
8, 22, -1
10, 858, -1
728, 729, -1
1215, 1351, -1
1278, 257, -1
1, 382, -1
1043, 94, -1
858, 1351, -1
1069, 3, -1
1003, 1351, -1
1069, 668, -1
979, 1003, -1
361, 1457, -1
728, 1003, -1
1189, 413, -1
192, 242, -1
1, 18, -1
10, 979, -1
1282, 3, -1
1069, 1189, -1
10, 94, -1
1278, 1043, -1
137, 1474, -1
11, 1069, -1
11, 413, -1
715, 767, -1
11, 1316, -1
242, 858, -1
11, 22, -1
351, 1030, -1
257, 92, -1
1069, 7, -1
1016, 242, -1
1, 1316, -1
728, 351, -1
728, 1016, -1
257, 1013, -1
715, 668, -1
10, 71, -1
668, 1069, -1
242, 979, -1
235, 1092, -1
257, 1278, -1
3, 715, -1
668, 22, -1
8, 3, -1
137, 1069, -1
1092, 767, -1
8, 668, -1
137, 413, -1
137, 1316, -1
8, 21, -1
137, 4, -1
137, 242, -1
8, 277, -1
137, 22, -1
7, 1215, -1
18, 1215, -1
10, 1351, -1
92, 1030, -1
715, 1310, -1
361, 1474, -1
242, 71, -1
713, 1215, -1
1003, 1215, -1
728, 858, -1
729, 18, -1
715, 92, -1
8, 1310, -1
1189, 277, -1
1, 767, -1
1474, 10, -1
8, 7, -1
715, 1013, -1
94, 10, -1
4, 382, -1
11, 21, -1
257, 729, -1
715, 1278, -1
728, 979, -1
3, 1069, -1
11, 277, -1
3, 413, -1
137, 767, -1
3, 22, -1
8, 137, -1
1474, 1043, -1
361, 1069, -1
4, 94, -1
729, 4, -1
361, 413, -1
361, 1316, -1
1069, 1003, -1
361, 4, -1
361, 242, -1
1092, 92, -1
361, 22, -1
11, 1310, -1
1069, 1030, -1
668, 21, -1
668, 1351, -1
8, 11, -1
21, 1351, -1
668, 277, -1
1282, 1003, -1
1278, 713, -1
257, 715, -1
728, 71, -1
858, 10, -1
257, 1474, -1
8, 361, -1
715, 235, -1
22, 1351, -1
10, 1215, -1
8, 1282, -1
668, 1310, -1
979, 668, -1
11, 1278, -1
728, 192, -1
1282, 715, -1
235, 668, -1
22, 1189, -1
858, 1043, -1
1, 92, -1
979, 1351, -1
728, 21, -1
715, 1003, -1
8, 235, -1
1474, 18, -1
1, 1013, -1
979, 1189, -1
235, 1189, -1
94, 18, -1
242, 11, -1
361, 767, -1
1, 1278, -1
22, 7, -1
8, 1003, -1
18, 382, -1
1282, 1092, -1
137, 92, -1
1457, 715, -1
3, 21, -1
8, 1030, -1
351, 1351, -1
137, 1013, -1
257, 1069, -1
1030, 71, -1
729, 3, -1
242, 1215, -1
257, 413, -1
3, 277, -1
767, 1189, -1
979, 7, -1
235, 7, -1
4, 767, -1
1013, 18, -1
137, 1278, -1
713, 1474, -1
1003, 382, -1
257, 22, -1
1313, 715, -1
21, 11, -1
1474, 4, -1
1474, 242, -1
94, 4, -1
94, 242, -1
715, 351, -1
11, 235, -1
1, 361, -1
71, 1189, -1
1457, 1092, -1
713, 18, -1
858, 18, -1
3, 1310, -1
728, 137, -1
8, 351, -1
8, 1016, -1
1003, 94, -1
1313, 1092, -1
18, 1316, -1
1313, 18, -1
1, 729, -1
1013, 4, -1
92, 1351, -1
18, 4, -1
71, 7, -1
728, 11, -1
137, 1282, -1
1, 1003, -1
713, 1069, -1
713, 413, -1
713, 1316, -1
361, 92, -1
137, 235, -1
858, 4, -1
242, 10, -1
713, 22, -1
192, 1092, -1
137, 729, -1
728, 1215, -1
361, 1013, -1
192, 18, -1
361, 1278, -1
11, 351, -1
1313, 4, -1
4, 92, -1
8, 858, -1
715, 979, -1
10, 382, -1
1278, 10, -1
242, 1043, -1
257, 21, -1
21, 10, -1
22, 1030, -1
1, 1474, -1
257, 277, -1
1016, 1092, -1
235, 1003, -1
7, 767, -1
18, 767, -1
1092, 1069, -1
1016, 18, -1
137, 715, -1
729, 361, -1
1092, 413, -1
8, 979, -1
1092, 1316, -1
1069, 1351, -1
1, 1092, -1
668, 351, -1
979, 1030, -1
8, 94, -1
192, 4, -1
235, 1030, -1
728, 1457, -1
728, 1030, -1
3, 235, -1
1282, 668, -1
1092, 22, -1
361, 1282, -1
713, 767, -1
21, 1043, -1
1043, 1069, -1
1282, 1351, -1
1043, 413, -1
1043, 1316, -1
257, 1310, -1
728, 1313, -1
1013, 3, -1
1043, 4, -1
1030, 1215, -1
1282, 1189, -1
361, 235, -1
728, 10, -1
242, 382, -1
1043, 22, -1
728, 257, -1
361, 729, -1
10, 1316, -1
1016, 4, -1
729, 1003, -1
1457, 3, -1
1, 1069, -1
1457, 668, -1
8, 71, -1
1, 413, -1
10, 4, -1
713, 3, -1
11, 979, -1
71, 1030, -1
11, 94, -1
715, 21, -1
1, 22, -1
1282, 7, -1
728, 1043, -1
242, 94, -1
1457, 1189, -1
715, 277, -1
1313, 3, -1
1313, 668, -1
8, 192, -1
729, 715, -1
361, 715, -1
137, 858, -1
1278, 18, -1
3, 351, -1
1313, 1189, -1
18, 92, -1
1043, 767, -1
1069, 11, -1
668, 94, -1
1457, 7, -1
11, 71, -1
18, 1013, -1
192, 3, -1
715, 7, -1
192, 668, -1
137, 979, -1
729, 1092, -1
18, 1278, -1
713, 92, -1
1092, 21, -1
1282, 11, -1
728, 382, -1
257, 1282, -1
1316, 4, -1
10, 767, -1
1092, 277, -1
713, 1013, -1
1313, 7, -1
1457, 137, -1
257, 235, -1
1278, 4, -1
713, 1278, -1
1278, 242, -1
21, 4, -1
11, 1351, -1
1043, 277, -1
668, 71, -1
728, 94, -1
1016, 3, -1
1016, 668, -1
4, 1092, -1
1457, 11, -1
1092, 1310, -1
1013, 361, -1
1, 3, -1
1, 668, -1
1474, 1003, -1
1, 21, -1
94, 1003, -1
1016, 1189, -1
361, 858, -1
242, 767, -1
1, 277, -1
1043, 1310, -1
713, 361, -1
1457, 361, -1
3, 979, -1
3, 94, -1
1092, 1013, -1
713, 1282, -1
4, 1069, -1
4, 413, -1
1474, 715, -1
137, 21, -1
1092, 1278, -1
1043, 92, -1
4, 1316, -1
137, 1351, -1
1282, 1030, -1
361, 979, -1
94, 715, -1
1013, 1003, -1
713, 235, -1
137, 277, -1
1313, 361, -1
1, 1310, -1
1043, 1013, -1
4, 22, -1
257, 351, -1
8, 1215, -1
713, 729, -1
1, 7, -1
1043, 1278, -1
10, 92, -1
1282, 10, -1
713, 1003, -1
1457, 1003, -1
235, 1351, -1
3, 71, -1
10, 1013, -1
1474, 1092, -1
94, 1092, -1
1457, 1030, -1
1013, 715, -1
137, 1310, -1
1069, 1043, -1
18, 715, -1
10, 1278, -1
192, 361, -1
715, 1030, -1
1, 137, -1
1313, 1003, -1
1282, 1043, -1
767, 1351, -1
1313, 1030, -1
858, 715, -1
8, 1457, -1
11, 1215, -1
1, 11, -1
1030, 22, -1
3, 1351, -1
729, 668, -1
1013, 1092, -1
242, 92, -1
257, 858, -1
729, 1351, -1
713, 351, -1
1016, 361, -1
71, 1351, -1
8, 1313, -1
361, 21, -1
1043, 235, -1
192, 1003, -1
361, 1351, -1
8, 10, -1
729, 1189, -1
361, 277, -1
8, 257, -1
713, 1092, -1
858, 1092, -1
1, 1282, -1
257, 979, -1
767, 7, -1
668, 1215, -1
257, 94, -1
4, 21, -1
1, 235, -1
18, 1069, -1
192, 715, -1
18, 413, -1
4, 277, -1
8, 1043, -1
729, 7, -1
361, 1310, -1
1016, 1003, -1
18, 22, -1
1030, 767, -1
1043, 715, -1
1003, 1069, -1
1092, 351, -1
1003, 413, -1
1003, 1316, -1
713, 858, -1
1, 1030, -1
1003, 4, -1
257, 71, -1
715, 382, -1
4, 1310, -1
729, 137, -1
1003, 22, -1
1310, 1351, -1
4, 7, -1
1016, 715, -1
1043, 351, -1
10, 715, -1
1310, 1189, -1
1278, 361, -1
713, 979, -1
8, 382, -1
1, 257, -1
729, 11, -1
767, 4, -1
10, 1474, -1
18, 1457, -1
4, 729, -1
668, 858, -1
4, 192, -1
728, 1189, -1
715, 1189, -1
1, 1016, -1
1316, 1003, -1
1092, 1313, -1
1310, 361, -1
18, 1313, -1
7, 1313, -1
1043, 1457, -1
1003, 1457, -1
1092, 858, -1
1282, 137, -1
7, 92, -1
668, 979, -1
1043, 1313, -1
1215, 10, -1
242, 361, -1
715, 361, -1
1043, 1, -1
1003, 1313, -1
7, 1013, -1
137, 1016, -1
1351, 71, -1
1030, 382, -1
1043, 858, -1
1310, 1092, -1
1030, 92, -1
1003, 858, -1
235, 257, -1
1092, 979, -1
7, 21, -1
4, 361, -1
94, 361, -1
7, 94, -1
7, 277, -1
1310, 1003, -1
1215, 3, -1
3, 1457, -1
1215, 668, -1
1030, 192, -1
11, 729, -1
11, 192, -1
1030, 1278, -1
242, 729, -1
715, 729, -1
1215, 1043, -1
21, 361, -1
1030, 94, -1
4, 235, -1
3, 1313, -1
3, 1, -1
11, 713, -1
713, 1189, -1
1474, 137, -1
3, 858, -1
7, 1310, -1
767, 3, -1
22, 361, -1
767, 668, -1
668, 729, -1
668, 192, -1
7, 382, -1
767, 1043, -1
1, 1189, -1
11, 242, -1
979, 361, -1
351, 1003, -1
10, 1457, -1
1092, 729, -1
11, 1282, -1
18, 729, -1
1092, 192, -1
361, 1016, -1
18, 192, -1
11, 1474, -1
1316, 257, -1
7, 1278, -1
1474, 361, -1
1030, 235, -1
10, 1313, -1
1069, 257, -1
1215, 18, -1
1215, 137, -1
257, 1016, -1
22, 1003, -1
1043, 192, -1
713, 192, -1
668, 715, -1
858, 137, -1
1003, 192, -1
1215, 1003, -1
668, 242, -1
1282, 257, -1
1043, 713, -1
668, 1282, -1
1215, 11, -1
668, 1474, -1
1092, 715, -1
7, 1316, -1
242, 1457, -1
715, 1457, -1
1, 192, -1
18, 242, -1
92, 1003, -1
668, 235, -1
1310, 257, -1
351, 1092, -1
1215, 715, -1
3, 729, -1
1351, 767, -1
3, 192, -1
1215, 4, -1
1215, 242, -1
18, 1474, -1
242, 1313, -1
715, 1313, -1
1215, 361, -1
1043, 242, -1
1003, 715, -1
858, 242, -1
858, 361, -1
1092, 235, -1
7, 235, -1
235, 361, -1
1351, 1215, -1
715, 858, -1
242, 257, -1
1043, 1282, -1
715, 257, -1
137, 192, -1
3, 713, -1
4, 1313, -1
1043, 1474, -1
92, 4, -1
92, 361, -1
22, 1092, -1
71, 1003, -1
1474, 257, -1
1351, 351, -1
4, 858, -1
4, 257, -1
94, 257, -1
1215, 1092, -1
668, 1313, -1
1043, 729, -1
1003, 729, -1
3, 242, -1
21, 257, -1
242, 1189, -1
4, 979, -1
3, 1282, -1
10, 729, -1
7, 1069, -1
10, 192, -1
7, 413, -1
11, 1457, -1
3, 1474, -1
1092, 4, -1
4, 1189, -1
767, 1092, -1
8, 1189, -1
7, 22, -1
22, 257, -1
1030, 1313, -1
11, 1313, -1
11, 1, -1
1215, 257, -1
767, 1003, -1
11, 858, -1
858, 257, -1
1316, 361, -1
979, 257, -1
71, 1092, -1
767, 11, -1
1069, 361, -1
361, 192, -1
668, 1457, -1
92, 257, -1
713, 1016, -1
10, 242, -1
242, 192, -1
715, 192, -1
242, 137, -1
1030, 979, -1
1282, 242, -1
1282, 361, -1
767, 715, -1
257, 192, -1
94, 137, -1

