837, 499, 1
999, 262, 1
941, 499, 1
941, 837, 1
837, 941, 1
499, 837, 1
499, 941, 1
594, 499, -1
594, 837, -1
262, 499, -1
262, 837, -1
262, 594, -1
999, 499, -1
999, 837, -1
999, 594, -1
941, 594, -1
941, 262, -1
941, 999, -1
1, 499, -1
1, 837, -1
1, 941, -1
1, 594, -1
1, 262, -1
1, 999, -1
499, 999, -1
594, 999, -1
837, 999, -1
594, 941, -1
594, 262, -1
499, 262, -1
837, 262, -1

4, 1, 1
9, 262, 1
9, 999, 1
403, 262, 1
403, 999, 1
403, 9, 1
880, 499, 1
880, 837, 1
880, 941, 1
262, 999, 1
499, 941, 1
9, 403, 1
837, 941, 1
499, 837, 1
4, 499, -1
4, 837, -1
4, 941, -1
4, 594, -1
4, 262, -1
4, 999, -1
9, 499, -1
9, 837, -1
9, 941, -1
9, 594, -1
9, 1, -1
9, 4, -1
403, 499, -1
403, 837, -1
403, 941, -1
403, 594, -1
403, 1, -1
403, 4, -1
880, 594, -1
880, 262, -1
880, 999, -1
880, 9, -1
880, 403, -1
880, 1, -1
880, 4, -1
1, 403, -1
499, 262, -1
1, 9, -1
941, 262, -1
262, 499, -1
594, 499, -1
999, 499, -1
1, 262, -1
594, 999, -1
594, 941, -1
837, 262, -1
1, 594, -1
594, 837, -1
1, 499, -1
499, 999, -1
941, 999, -1
1, 999, -1
594, 403, -1
499, 4, -1
1, 941, -1
1, 837, -1
837, 999, -1
594, 262, -1
499, 403, -1
4, 9, -1
594, 4, -1
837, 4, -1

156, 262, 1
156, 999, 1
156, 9, 1
156, 403, 1
864, 262, 1
864, 999, 1
864, 9, 1
864, 403, 1
864, 156, 1
838, 499, 1
838, 837, 1
838, 941, 1
838, 880, 1
880, 499, 1
9, 403, 1
9, 999, 1
880, 837, 1
262, 999, 1
499, 941, 1
9, 156, 1
403, 999, 1
9, 262, 1
880, 941, 1
837, 941, 1
499, 837, 1
403, 262, 1
403, 156, 1
837, 838, 1
941, 838, 1
499, 838, 1
880, 838, 1
156, 499, -1
156, 837, -1
156, 941, -1
156, 880, -1
156, 594, -1
156, 1, -1
156, 4, -1
864, 499, -1
864, 837, -1
864, 941, -1
864, 880, -1
864, 594, -1
864, 1, -1
864, 4, -1
1342, 499, -1
1342, 837, -1
1342, 941, -1
1342, 880, -1
1342, 594, -1
1342, 262, -1
1342, 999, -1
1342, 9, -1
1342, 403, -1
1342, 156, -1
1342, 864, -1
1342, 1, -1
1342, 4, -1
838, 594, -1
838, 262, -1
838, 999, -1
838, 9, -1
838, 403, -1
838, 156, -1
838, 864, -1
838, 1, -1
838, 4, -1
838, 1342, -1
1, 156, -1
403, 499, -1
9, 594, -1
9, 838, -1
1, 403, -1
403, 941, -1
880, 594, -1
403, 880, -1
4, 262, -1
156, 838, -1
499, 262, -1
1, 9, -1
9, 499, -1
941, 262, -1
403, 837, -1
594, 499, -1
1, 262, -1
403, 4, -1
9, 941, -1
9, 880, -1
594, 999, -1
880, 999, -1
864, 1342, -1
594, 941, -1
499, 403, -1
9, 837, -1
837, 262, -1
9, 4, -1
880, 1, -1
594, 837, -1
880, 4, -1
4, 999, -1
864, 838, -1
4, 941, -1
1, 499, -1
403, 838, -1
499, 999, -1
880, 864, -1
941, 999, -1
4, 837, -1
594, 156, -1
1, 999, -1
880, 156, -1
403, 1342, -1
594, 403, -1
499, 4, -1
1, 941, -1
880, 403, -1
1, 837, -1
880, 9, -1
837, 999, -1
9, 1342, -1
594, 262, -1
499, 156, -1
880, 262, -1
156, 1342, -1
1, 838, -1
262, 499, -1
999, 499, -1
837, 4, -1
4, 838, -1
499, 864, -1
262, 838, -1
594, 838, -1
262, 1342, -1
499, 1342, -1
880, 1342, -1
837, 1342, -1
837, 156, -1
941, 1342, -1

660, 262, 1
660, 999, 1
660, 9, 1
660, 403, 1
660, 156, 1
660, 864, 1
119, 1, 1
119, 4, 1
20, 262, 1
20, 999, 1
20, 9, 1
20, 403, 1
20, 156, 1
20, 864, 1
20, 660, 1
403, 20, 1
864, 156, 1
403, 999, 1
864, 403, 1
9, 20, 1
156, 20, 1
9, 999, 1
864, 9, 1
262, 999, 1
864, 262, 1
156, 999, 1
660, 20, 1
9, 660, 1
156, 660, 1
9, 156, 1
9, 403, 1
864, 20, 1
403, 262, 1
156, 403, 1
864, 999, 1
1, 4, 1
9, 262, 1
156, 9, 1
864, 660, 1
156, 262, 1
1, 119, 1
403, 660, 1
4, 119, 1
403, 156, 1
660, 499, -1
660, 837, -1
660, 941, -1
660, 880, -1
660, 838, -1
660, 594, -1
660, 1, -1
660, 4, -1
660, 1342, -1
119, 499, -1
119, 837, -1
119, 941, -1
119, 880, -1
119, 838, -1
119, 594, -1
119, 262, -1
119, 999, -1
119, 9, -1
119, 403, -1
119, 156, -1
119, 864, -1
119, 660, -1
119, 1342, -1
20, 499, -1
20, 837, -1
20, 941, -1
20, 880, -1
20, 838, -1
20, 594, -1
20, 1, -1
20, 4, -1
20, 119, -1
20, 1342, -1
4, 1342, -1
499, 262, -1
880, 20, -1
156, 499, -1
594, 999, -1
9, 1, -1
156, 837, -1
880, 660, -1
880, 4, -1
1, 499, -1
864, 499, -1
262, 119, -1
156, 119, -1
864, 837, -1
499, 403, -1
880, 262, -1
156, 1342, -1
1, 156, -1
1, 403, -1
1342, 262, -1
9, 499, -1
403, 837, -1
864, 119, -1
1, 1342, -1
4, 838, -1
864, 1342, -1
9, 837, -1
880, 1, -1
594, 4, -1
864, 594, -1
403, 119, -1
4, 941, -1
941, 999, -1
1, 999, -1
403, 1342, -1
9, 119, -1
999, 119, -1
1, 837, -1
837, 999, -1
9, 1342, -1
594, 262, -1
660, 119, -1
9, 594, -1
156, 594, -1
4, 262, -1
838, 262, -1
1, 9, -1
594, 20, -1
156, 941, -1
1, 594, -1
156, 4, -1
864, 838, -1
1, 20, -1
499, 999, -1
880, 156, -1
880, 403, -1
1, 660, -1
864, 941, -1
864, 4, -1
9, 838, -1
403, 941, -1
156, 838, -1
941, 262, -1
1, 262, -1
403, 4, -1
9, 941, -1
880, 999, -1
837, 262, -1
9, 4, -1
1, 838, -1
499, 20, -1
999, 4, -1
4, 999, -1
838, 999, -1
1342, 999, -1
880, 864, -1
4, 837, -1
594, 403, -1
1, 941, -1
499, 4, -1
880, 9, -1
403, 838, -1
864, 1, -1
1342, 119, -1
156, 1, -1
403, 1, -1
838, 119, -1
499, 119, -1
4, 9, -1
119, 20, -1
499, 660, -1
941, 119, -1
594, 119, -1
880, 119, -1
594, 156, -1
4, 20, -1
837, 119, -1
262, 838, -1
262, 1342, -1
499, 156, -1
594, 660, -1
838, 20, -1
838, 9, -1
1342, 864, -1
1342, 9, -1
838, 156, -1
1342, 403, -1
1342, 156, -1
838, 403, -1
1342, 660, -1
1342, 20, -1
838, 660, -1

327, 262, 1
327, 999, 1
327, 9, 1
327, 403, 1
327, 156, 1
327, 864, 1
327, 660, 1
327, 20, 1
382, 262, 1
382, 999, 1
382, 9, 1
382, 403, 1
382, 156, 1
382, 864, 1
382, 660, 1
382, 20, 1
382, 327, 1
736, 262, 1
736, 999, 1
736, 9, 1
736, 403, 1
736, 156, 1
736, 864, 1
736, 660, 1
736, 20, 1
736, 327, 1
736, 382, 1
1300, 262, 1
1300, 999, 1
1300, 9, 1
1300, 403, 1
1300, 156, 1
1300, 864, 1
1300, 660, 1
1300, 20, 1
1300, 327, 1
1300, 382, 1
1300, 736, 1
864, 736, 1
382, 1300, 1
660, 9, 1
403, 20, 1
864, 382, 1
864, 327, 1
660, 262, 1
864, 156, 1
864, 1300, 1
864, 403, 1
403, 999, 1
20, 999, 1
9, 20, 1
736, 1300, 1
999, 20, 1
403, 660, 1
156, 20, 1
9, 999, 1
864, 9, 1
262, 999, 1
403, 382, 1
864, 262, 1
156, 999, 1
403, 864, 1
20, 382, 1
403, 327, 1
20, 327, 1
660, 20, 1
9, 660, 1
403, 156, 1
999, 660, 1
403, 1300, 1
20, 1300, 1
156, 660, 1
660, 999, 1
9, 864, 1
9, 382, 1
262, 382, 1
9, 327, 1
262, 327, 1
999, 382, 1
999, 327, 1
9, 156, 1
156, 382, 1
156, 327, 1
9, 1300, 1
156, 864, 1
9, 403, 1
999, 403, 1
999, 156, 1
864, 20, 1
403, 262, 1
20, 262, 1
156, 403, 1
999, 1300, 1
156, 1300, 1
660, 864, 1
864, 999, 1
660, 382, 1
660, 327, 1
660, 156, 1
660, 1300, 1
660, 403, 1
9, 262, 1
156, 9, 1
999, 262, 1
864, 660, 1
156, 262, 1
20, 660, 1
9, 736, 1
20, 864, 1
327, 382, 1
20, 156, 1
20, 9, 1
327, 499, -1
327, 837, -1
327, 941, -1
327, 880, -1
327, 838, -1
327, 594, -1
327, 1, -1
327, 4, -1
327, 119, -1
327, 1342, -1
382, 499, -1
382, 837, -1
382, 941, -1
382, 880, -1
382, 838, -1
382, 594, -1
382, 1, -1
382, 4, -1
382, 119, -1
382, 1342, -1
736, 499, -1
736, 837, -1
736, 941, -1
736, 880, -1
736, 838, -1
736, 594, -1
736, 1, -1
736, 4, -1
736, 119, -1
736, 1342, -1
1300, 499, -1
1300, 837, -1
1300, 941, -1
1300, 880, -1
1300, 838, -1
1300, 594, -1
1300, 1, -1
1300, 4, -1
1300, 119, -1
1300, 1342, -1
838, 9, -1
1342, 9, -1
999, 838, -1
499, 262, -1
20, 941, -1
880, 20, -1
156, 499, -1
594, 999, -1
660, 499, -1
1342, 20, -1
156, 837, -1
880, 660, -1
594, 382, -1
594, 327, -1
1342, 660, -1
864, 499, -1
880, 1300, -1
262, 119, -1
156, 119, -1
20, 838, -1
941, 382, -1
4, 1300, -1
838, 1300, -1
864, 837, -1
262, 1342, -1
1342, 1300, -1
499, 403, -1
880, 262, -1
156, 1342, -1
1, 156, -1
119, 20, -1
660, 1342, -1
1, 403, -1
1342, 262, -1
9, 499, -1
403, 837, -1
864, 119, -1
999, 499, -1
864, 1342, -1
156, 880, -1
9, 837, -1
999, 837, -1
594, 660, -1
4, 20, -1
838, 20, -1
660, 880, -1
119, 1300, -1
864, 594, -1
403, 119, -1
660, 837, -1
941, 999, -1
1, 999, -1
403, 1342, -1
20, 1342, -1
838, 660, -1
119, 262, -1
594, 1300, -1
9, 119, -1
999, 119, -1
499, 382, -1
864, 880, -1
499, 327, -1
837, 999, -1
1342, 403, -1
9, 1342, -1
594, 262, -1
499, 156, -1
941, 327, -1
999, 1342, -1
1, 382, -1
660, 119, -1
1, 327, -1
9, 594, -1
403, 880, -1
156, 594, -1
837, 382, -1
838, 262, -1
837, 327, -1
4, 262, -1
1, 9, -1
660, 594, -1
20, 837, -1
594, 20, -1
9, 880, -1
156, 941, -1
156, 4, -1
864, 838, -1
1, 20, -1
499, 999, -1
20, 119, -1
660, 4, -1
880, 156, -1
880, 403, -1
1342, 327, -1
864, 941, -1
1, 660, -1
838, 156, -1
1342, 156, -1
838, 403, -1
864, 4, -1
1, 1300, -1
9, 838, -1
262, 838, -1
403, 941, -1
156, 838, -1
941, 262, -1
1, 262, -1
403, 4, -1
660, 838, -1
20, 4, -1
9, 941, -1
999, 941, -1
880, 999, -1
119, 382, -1
837, 262, -1
9, 4, -1
499, 20, -1
999, 4, -1
4, 999, -1
838, 999, -1
660, 941, -1
1342, 999, -1
880, 736, -1
880, 864, -1
880, 382, -1
880, 327, -1
594, 156, -1
499, 660, -1
594, 403, -1
1342, 736, -1
4, 382, -1
4, 327, -1
838, 327, -1
1342, 864, -1
880, 9, -1
403, 838, -1
864, 1, -1
499, 1300, -1
1342, 382, -1
4, 864, -1
838, 382, -1
594, 864, -1
499, 864, -1
119, 327, -1
1, 736, -1
119, 999, -1
1, 864, -1

453, 262, 1
453, 999, 1
453, 9, 1
453, 403, 1
453, 156, 1
453, 864, 1
453, 660, 1
453, 20, 1
453, 327, 1
453, 382, 1
453, 736, 1
453, 1300, 1
53, 262, 1
53, 999, 1
53, 9, 1
53, 403, 1
53, 156, 1
53, 864, 1
53, 660, 1
53, 20, 1
53, 327, 1
53, 382, 1
53, 736, 1
53, 1300, 1
53, 453, 1
864, 156, 1
736, 864, 1
864, 403, 1
382, 262, 1
736, 9, 1
156, 53, 1
262, 327, 1
9, 156, 1
1300, 999, 1
156, 382, 1
156, 327, 1
9, 403, 1
736, 20, 1
864, 453, 1
864, 999, 1
660, 156, 1
864, 53, 1
864, 736, 1
736, 660, 1
864, 382, 1
864, 327, 1
403, 53, 1
736, 1300, 1
864, 9, 1
9, 999, 1
262, 999, 1
403, 382, 1
9, 53, 1
156, 999, 1
736, 262, 1
20, 156, 1
403, 156, 1
1300, 20, 1
660, 999, 1
9, 382, 1
9, 327, 1
999, 327, 1
660, 53, 1
1300, 660, 1
660, 382, 1
660, 327, 1
864, 1300, 1
20, 999, 1
403, 999, 1
1300, 262, 1
736, 403, 1
20, 53, 1
156, 20, 1
20, 382, 1
20, 327, 1
403, 327, 1
156, 660, 1
9, 1300, 1
327, 999, 1
382, 999, 1
864, 20, 1
156, 1300, 1
736, 453, 1
660, 1300, 1
736, 53, 1
864, 660, 1
382, 327, 1
156, 262, 1
403, 20, 1
660, 262, 1
736, 382, 1
736, 327, 1
736, 156, 1
9, 20, 1
20, 660, 1
403, 660, 1
864, 262, 1
660, 20, 1
9, 660, 1
453, 53, 1
20, 1300, 1
403, 1300, 1
1300, 53, 1
403, 262, 1
20, 262, 1
1300, 382, 1
1300, 327, 1
736, 999, 1
9, 262, 1
1300, 156, 1
382, 156, 1
382, 1300, 1
660, 9, 1
382, 403, 1
403, 453, 1
1300, 9, 1
20, 453, 1
327, 262, 1
999, 20, 1
9, 453, 1
999, 453, 1
156, 453, 1
20, 864, 1
403, 864, 1
999, 53, 1
999, 660, 1
660, 453, 1
9, 864, 1
9, 736, 1
382, 20, 1
1300, 453, 1
262, 382, 1
999, 382, 1
382, 453, 1
20, 9, 1
156, 864, 1
999, 156, 1
999, 403, 1
999, 1300, 1
382, 53, 1
156, 403, 1
660, 864, 1
382, 660, 1
1300, 864, 1
660, 403, 1
156, 9, 1
327, 382, 1
999, 262, 1
453, 499, -1
453, 837, -1
453, 941, -1
453, 880, -1
453, 838, -1
453, 594, -1
453, 1, -1
453, 4, -1
453, 119, -1
453, 1342, -1
725, 499, -1
725, 837, -1
725, 941, -1
725, 880, -1
725, 838, -1
725, 594, -1
725, 262, -1
725, 999, -1
725, 9, -1
725, 403, -1
725, 156, -1
725, 864, -1
725, 660, -1
725, 20, -1
725, 327, -1
725, 382, -1
725, 736, -1
725, 1300, -1
725, 453, -1
725, 1, -1
725, 4, -1
725, 119, -1
725, 1342, -1
53, 499, -1
53, 837, -1
53, 941, -1
53, 880, -1
53, 838, -1
53, 594, -1
53, 1, -1
53, 4, -1
53, 119, -1
53, 1342, -1
53, 725, -1
1300, 119, -1
499, 262, -1
1300, 1342, -1
20, 941, -1
156, 725, -1
880, 20, -1
594, 999, -1
382, 838, -1
594, 53, -1
156, 837, -1
880, 660, -1
403, 838, -1
864, 725, -1
736, 594, -1
594, 382, -1
594, 327, -1
327, 941, -1
864, 499, -1
880, 1300, -1
262, 119, -1
156, 119, -1
736, 941, -1
864, 837, -1
499, 403, -1
880, 262, -1
156, 1342, -1
736, 4, -1
1, 156, -1
660, 1342, -1
1, 403, -1
9, 725, -1
1342, 262, -1
9, 499, -1
403, 837, -1
864, 119, -1
660, 725, -1
864, 1342, -1
9, 837, -1
594, 660, -1
864, 594, -1
403, 119, -1
1300, 941, -1
660, 837, -1
736, 838, -1
499, 53, -1
1, 999, -1
20, 1342, -1
594, 1300, -1
403, 1342, -1
1300, 4, -1
9, 119, -1
999, 119, -1
1, 53, -1
499, 382, -1
499, 327, -1
837, 999, -1
9, 1342, -1
594, 262, -1
499, 156, -1
1, 382, -1
20, 725, -1
660, 119, -1
736, 1, -1
837, 53, -1
1, 327, -1
403, 725, -1
9, 594, -1
382, 119, -1
4, 262, -1
838, 262, -1
837, 382, -1
837, 327, -1
1, 9, -1
382, 1342, -1
20, 837, -1
594, 20, -1
262, 941, -1
156, 941, -1
1300, 838, -1
156, 4, -1
864, 838, -1
1, 20, -1
499, 999, -1
20, 119, -1
660, 4, -1
736, 725, -1
880, 156, -1
736, 499, -1
880, 403, -1
1342, 327, -1
1, 660, -1
864, 941, -1
736, 837, -1
864, 4, -1
1, 1300, -1
9, 838, -1
327, 119, -1
403, 941, -1
156, 838, -1
453, 725, -1
1, 262, -1
20, 4, -1
660, 838, -1
736, 119, -1
403, 4, -1
9, 941, -1
999, 941, -1
880, 453, -1
880, 999, -1
1300, 725, -1
736, 1342, -1
837, 262, -1
9, 4, -1
499, 20, -1
880, 53, -1
4, 999, -1
838, 999, -1
660, 941, -1
1342, 999, -1
880, 736, -1
880, 864, -1
4, 53, -1
880, 382, -1
382, 941, -1
880, 327, -1
594, 156, -1
1300, 837, -1
499, 660, -1
594, 403, -1
4, 382, -1
4, 327, -1
838, 327, -1
880, 9, -1
20, 838, -1
864, 1, -1
499, 1300, -1
838, 9, -1
119, 20, -1
1342, 9, -1
119, 453, -1
262, 838, -1
999, 725, -1
156, 594, -1
999, 838, -1
119, 999, -1
327, 1342, -1
941, 262, -1
119, 53, -1
999, 499, -1
660, 594, -1
156, 499, -1
594, 453, -1
119, 382, -1
660, 499, -1
327, 838, -1
999, 837, -1
119, 327, -1
1342, 20, -1
4, 20, -1
838, 20, -1
382, 725, -1
999, 4, -1
119, 1300, -1
1342, 453, -1
4, 453, -1
838, 453, -1
382, 499, -1
499, 453, -1
594, 864, -1
1342, 1300, -1
1342, 53, -1
838, 53, -1
941, 999, -1
999, 1342, -1
1, 736, -1
1, 453, -1
1342, 660, -1
838, 660, -1
119, 262, -1
382, 837, -1
1342, 736, -1
4, 864, -1
382, 4, -1
1342, 864, -1
499, 864, -1
838, 156, -1
941, 382, -1
4, 1300, -1
837, 453, -1
1342, 156, -1
262, 1342, -1
1342, 403, -1
838, 403, -1
725, 53, -1
941, 327, -1
838, 1300, -1
1, 864, -1
1342, 382, -1
838, 382, -1

768, 262, 1
768, 999, 1
768, 9, 1
768, 403, 1
768, 156, 1
768, 864, 1
768, 660, 1
768, 20, 1
768, 327, 1
768, 382, 1
768, 736, 1
768, 1300, 1
768, 453, 1
768, 53, 1
529, 499, 1
529, 837, 1
529, 941, 1
529, 880, 1
529, 838, 1
700, 499, 1
700, 837, 1
700, 941, 1
700, 880, 1
700, 838, 1
700, 529, 1
1065, 262, 1
1065, 999, 1
1065, 9, 1
1065, 403, 1
1065, 156, 1
1065, 864, 1
1065, 660, 1
1065, 20, 1
1065, 327, 1
1065, 382, 1
1065, 736, 1
1065, 1300, 1
1065, 453, 1
1065, 53, 1
1065, 768, 1
1162, 499, 1
1162, 837, 1
1162, 941, 1
1162, 880, 1
1162, 838, 1
1162, 529, 1
1162, 700, 1
70, 262, 1
70, 999, 1
70, 9, 1
70, 403, 1
70, 156, 1
70, 864, 1
70, 660, 1
70, 20, 1
70, 327, 1
70, 382, 1
70, 736, 1
70, 1300, 1
70, 453, 1
70, 53, 1
70, 768, 1
70, 1065, 1
382, 1300, 1
864, 156, 1
736, 864, 1
864, 403, 1
53, 999, 1
53, 453, 1
382, 70, 1
327, 262, 1
382, 262, 1
736, 1065, 1
156, 453, 1
736, 9, 1
499, 838, 1
453, 999, 1
53, 382, 1
53, 327, 1
156, 53, 1
262, 327, 1
9, 156, 1
1300, 999, 1
156, 382, 1
156, 327, 1
9, 403, 1
53, 9, 1
736, 20, 1
864, 453, 1
864, 999, 1
660, 156, 1
864, 53, 1
453, 9, 1
864, 736, 1
736, 660, 1
1065, 70, 1
864, 382, 1
864, 327, 1
403, 453, 1
1300, 9, 1
880, 838, 1
403, 53, 1
736, 1300, 1
9, 453, 1
9, 999, 1
864, 9, 1
262, 999, 1
403, 382, 1
736, 70, 1
9, 53, 1
156, 999, 1
880, 941, 1
736, 262, 1
403, 156, 1
1300, 20, 1
660, 453, 1
864, 768, 1
660, 999, 1
9, 864, 1
9, 382, 1
9, 327, 1
999, 327, 1
499, 700, 1
382, 453, 1
660, 53, 1
53, 70, 1
156, 864, 1
499, 837, 1
53, 262, 1
768, 1065, 1
382, 53, 1
660, 864, 1
660, 382, 1
660, 327, 1
156, 9, 1
453, 70, 1
880, 1162, 1
453, 262, 1
382, 156, 1
660, 9, 1
382, 403, 1
1300, 70, 1
864, 1300, 1
20, 453, 1
20, 999, 1
403, 999, 1
1300, 262, 1
864, 1065, 1
736, 403, 1
20, 53, 1
880, 499, 1
156, 20, 1
880, 700, 1
403, 864, 1
20, 382, 1
20, 327, 1
403, 327, 1
880, 529, 1
529, 1162, 1
156, 660, 1
9, 1300, 1
20, 9, 1
327, 999, 1
382, 999, 1
403, 9, 1
9, 1065, 1
864, 20, 1
156, 1300, 1
736, 453, 1
768, 70, 1
660, 1300, 1
156, 70, 1
529, 700, 1
736, 53, 1
864, 660, 1
382, 327, 1
156, 262, 1
660, 70, 1
403, 20, 1
660, 262, 1
736, 382, 1
736, 327, 1
382, 9, 1
736, 156, 1
9, 20, 1
403, 660, 1
864, 70, 1
864, 262, 1
941, 838, 1
9, 660, 1
660, 20, 1
453, 53, 1
403, 1300, 1
20, 1300, 1
880, 837, 1
382, 20, 1
1300, 453, 1
736, 768, 1
499, 941, 1
453, 382, 1
20, 70, 1
403, 70, 1
453, 327, 1
837, 838, 1
1300, 53, 1
20, 262, 1
403, 262, 1
999, 262, 1
382, 660, 1
1300, 382, 1
9, 70, 1
1300, 327, 1
736, 999, 1
9, 262, 1
837, 941, 1
327, 1065, 1
382, 1065, 1
53, 20, 1
9, 768, 1
453, 768, 1
327, 70, 1
999, 20, 1
20, 660, 1
53, 660, 1
453, 20, 1
999, 453, 1
20, 864, 1
999, 53, 1
20, 156, 1
53, 156, 1
999, 660, 1
53, 1300, 1
403, 1065, 1
53, 1065, 1
20, 1065, 1
453, 660, 1
9, 736, 1
53, 403, 1
262, 382, 1
999, 382, 1
838, 941, 1
453, 736, 1
453, 864, 1
999, 156, 1
999, 403, 1
262, 1065, 1
999, 1300, 1
156, 403, 1
999, 1065, 1
1300, 660, 1
453, 156, 1
453, 403, 1
156, 1065, 1
453, 1300, 1
453, 1065, 1
262, 70, 1
262, 9, 1
1300, 864, 1
999, 70, 1
660, 1065, 1
837, 700, 1
660, 403, 1
327, 382, 1
1300, 156, 1
1300, 1065, 1
768, 499, -1
768, 837, -1
768, 941, -1
768, 880, -1
768, 838, -1
768, 594, -1
768, 1, -1
768, 4, -1
768, 119, -1
768, 1342, -1
768, 725, -1
529, 594, -1
529, 262, -1
529, 999, -1
529, 9, -1
529, 403, -1
529, 156, -1
529, 864, -1
529, 660, -1
529, 20, -1
529, 327, -1
529, 382, -1
529, 736, -1
529, 1300, -1
529, 453, -1
529, 53, -1
529, 768, -1
529, 1, -1
529, 4, -1
529, 119, -1
529, 1342, -1
529, 725, -1
700, 594, -1
700, 262, -1
700, 999, -1
700, 9, -1
700, 403, -1
700, 156, -1
700, 864, -1
700, 660, -1
700, 20, -1
700, 327, -1
700, 382, -1
700, 736, -1
700, 1300, -1
700, 453, -1
700, 53, -1
700, 768, -1
700, 1, -1
700, 4, -1
700, 119, -1
700, 1342, -1
700, 725, -1
1065, 499, -1
1065, 837, -1
1065, 941, -1
1065, 880, -1
1065, 838, -1
1065, 529, -1
1065, 700, -1
1065, 594, -1
1065, 1, -1
1065, 4, -1
1065, 119, -1
1065, 1342, -1
1065, 725, -1
1162, 594, -1
1162, 262, -1
1162, 999, -1
1162, 9, -1
1162, 403, -1
1162, 156, -1
1162, 864, -1
1162, 660, -1
1162, 20, -1
1162, 327, -1
1162, 382, -1
1162, 736, -1
1162, 1300, -1
1162, 453, -1
1162, 53, -1
1162, 768, -1
1162, 1065, -1
1162, 1, -1
1162, 4, -1
1162, 119, -1
1162, 1342, -1
1162, 725, -1
70, 499, -1
70, 837, -1
70, 941, -1
70, 880, -1
70, 838, -1
70, 529, -1
70, 700, -1
70, 1162, -1
70, 594, -1
70, 1, -1
70, 4, -1
70, 119, -1
70, 1342, -1
70, 725, -1
453, 1342, -1
53, 725, -1
838, 119, -1
1300, 119, -1
838, 9, -1
1342, 9, -1
660, 1162, -1
499, 70, -1
880, 768, -1
880, 594, -1
838, 1342, -1
499, 262, -1
156, 725, -1
20, 941, -1
1300, 1342, -1
403, 529, -1
403, 1, -1
880, 20, -1
1, 1162, -1
529, 1065, -1
156, 499, -1
594, 453, -1
768, 700, -1
9, 529, -1
594, 999, -1
864, 1162, -1
660, 499, -1
156, 700, -1
9, 1, -1
382, 838, -1
1342, 20, -1
594, 53, -1
156, 837, -1
594, 837, -1
880, 660, -1
660, 700, -1
880, 4, -1
403, 838, -1
1, 499, -1
660, 529, -1
864, 725, -1
864, 1, -1
53, 119, -1
736, 594, -1
594, 382, -1
594, 327, -1
660, 1, -1
1342, 660, -1
1, 700, -1
382, 529, -1
864, 499, -1
499, 1, -1
880, 1300, -1
262, 119, -1
382, 1, -1
1, 529, -1
156, 119, -1
864, 700, -1
736, 941, -1
941, 382, -1
880, 70, -1
725, 941, -1
4, 1300, -1
9, 1162, -1
864, 837, -1
838, 1300, -1
1342, 1300, -1
499, 403, -1
880, 262, -1
838, 1065, -1
156, 1342, -1
736, 4, -1
1, 156, -1
403, 499, -1
837, 1, -1
941, 119, -1
1, 403, -1
660, 1342, -1
9, 725, -1
1342, 262, -1
403, 700, -1
9, 499, -1
403, 837, -1
941, 1342, -1
20, 529, -1
864, 119, -1
20, 1, -1
4, 838, -1
9, 700, -1
660, 725, -1
725, 70, -1
499, 725, -1
864, 1342, -1
156, 880, -1
453, 941, -1
529, 70, -1
9, 837, -1
725, 262, -1
837, 1342, -1
4, 20, -1
594, 660, -1
880, 1, -1
838, 20, -1
660, 880, -1
864, 594, -1
700, 1065, -1
499, 453, -1
382, 499, -1
403, 119, -1
4, 941, -1
1300, 941, -1
660, 837, -1
725, 838, -1
499, 53, -1
736, 838, -1
941, 999, -1
382, 700, -1
1, 453, -1
1, 999, -1
20, 1342, -1
837, 725, -1
838, 660, -1
403, 1342, -1
594, 1300, -1
9, 119, -1
382, 837, -1
999, 119, -1
1162, 70, -1
1, 53, -1
499, 382, -1
864, 880, -1
499, 327, -1
1, 837, -1
594, 70, -1
837, 453, -1
837, 999, -1
9, 1342, -1
736, 529, -1
1342, 403, -1
594, 262, -1
53, 838, -1
941, 327, -1
499, 156, -1
1, 382, -1
20, 725, -1
403, 725, -1
660, 119, -1
837, 53, -1
736, 1, -1
1, 327, -1
499, 119, -1
9, 594, -1
1, 1065, -1
382, 119, -1
4, 70, -1
1065, 1162, -1
838, 70, -1
594, 838, -1
403, 880, -1
837, 382, -1
4, 262, -1
837, 327, -1
499, 1342, -1
838, 262, -1
453, 838, -1
1, 9, -1
53, 941, -1
941, 9, -1
382, 1342, -1
53, 1, -1
20, 837, -1
594, 20, -1
9, 880, -1
837, 119, -1
1300, 838, -1
837, 9, -1
156, 941, -1
594, 941, -1
736, 1162, -1
453, 529, -1
382, 725, -1
1342, 453, -1
453, 1, -1
156, 4, -1
864, 838, -1
1, 20, -1
499, 999, -1
20, 119, -1
1342, 53, -1
837, 594, -1
660, 4, -1
736, 725, -1
700, 70, -1
1300, 529, -1
880, 156, -1
838, 1, -1
1300, 1, -1
736, 499, -1
880, 403, -1
1342, 382, -1
1342, 327, -1
864, 941, -1
1, 660, -1
736, 700, -1
838, 156, -1
1342, 156, -1
594, 1162, -1
838, 403, -1
880, 1342, -1
736, 837, -1
864, 4, -1
837, 4, -1
1, 1300, -1
9, 838, -1
725, 382, -1
725, 327, -1
499, 9, -1
327, 119, -1
403, 941, -1
941, 70, -1
156, 838, -1
1, 70, -1
453, 725, -1
880, 725, -1
941, 262, -1
837, 1300, -1
594, 499, -1
53, 837, -1
53, 529, -1
1, 262, -1
1342, 768, -1
403, 4, -1
660, 838, -1
736, 119, -1
9, 941, -1
594, 700, -1
499, 594, -1
880, 453, -1
837, 70, -1
880, 999, -1
768, 529, -1
1300, 725, -1
156, 529, -1
736, 1342, -1
837, 262, -1
9, 4, -1
1, 838, -1
499, 20, -1
880, 53, -1
453, 837, -1
156, 1, -1
4, 453, -1
4, 999, -1
838, 999, -1
660, 941, -1
838, 453, -1
1342, 999, -1
880, 736, -1
880, 864, -1
880, 382, -1
4, 53, -1
880, 327, -1
4, 837, -1
838, 53, -1
1300, 837, -1
594, 156, -1
382, 941, -1
499, 660, -1
53, 1342, -1
594, 403, -1
880, 1065, -1
499, 4, -1
1, 941, -1
941, 1, -1
1342, 736, -1
382, 4, -1
4, 382, -1
838, 382, -1
837, 20, -1
838, 327, -1
453, 119, -1
4, 327, -1
880, 119, -1
864, 529, -1
736, 880, -1
725, 999, -1
880, 9, -1
1342, 864, -1
20, 838, -1
768, 1162, -1
1342, 1065, -1
499, 1300, -1
156, 1162, -1
4, 9, -1
725, 736, -1
725, 864, -1
999, 838, -1
119, 999, -1
262, 499, -1
725, 1065, -1
725, 9, -1
453, 880, -1
327, 838, -1
119, 327, -1
1342, 941, -1
594, 864, -1
327, 941, -1
594, 1065, -1
725, 20, -1
594, 9, -1
262, 1342, -1
4, 1065, -1
725, 660, -1
20, 499, -1
119, 20, -1
1342, 70, -1
20, 700, -1
999, 725, -1
453, 594, -1
837, 156, -1
725, 1300, -1
382, 1162, -1
999, 499, -1
53, 4, -1
999, 700, -1
999, 837, -1
119, 1300, -1
327, 499, -1
453, 4, -1
1342, 529, -1
119, 70, -1
119, 262, -1
1300, 4, -1
1, 736, -1
725, 529, -1
999, 1342, -1
1, 864, -1
941, 1065, -1
1342, 1162, -1
156, 594, -1
725, 403, -1
327, 1342, -1
837, 1065, -1
660, 594, -1
262, 941, -1
725, 1162, -1
1, 768, -1
1342, 499, -1
1342, 700, -1
1342, 837, -1
725, 499, -1
725, 453, -1
499, 864, -1
725, 700, -1
725, 53, -1
499, 1065, -1
453, 1162, -1
837, 660, -1
53, 499, -1
119, 453, -1
262, 838, -1
53, 700, -1
725, 156, -1
119, 53, -1
20, 4, -1
453, 499, -1
999, 941, -1
119, 382, -1
453, 700, -1
1300, 499, -1
999, 4, -1
725, 768, -1
1342, 880, -1
1300, 700, -1
4, 864, -1
725, 880, -1
1300, 1162, -1
262, 529, -1
20, 1162, -1

50, 262, 1
50, 999, 1
50, 9, 1
50, 403, 1
50, 156, 1
50, 864, 1
50, 660, 1
50, 20, 1
50, 327, 1
50, 382, 1
50, 736, 1
50, 1300, 1
50, 453, 1
50, 53, 1
50, 768, 1
50, 1065, 1
50, 70, 1
1172, 262, 1
1172, 999, 1
1172, 9, 1
1172, 403, 1
1172, 156, 1
1172, 864, 1
1172, 660, 1
1172, 20, 1
1172, 327, 1
1172, 382, 1
1172, 736, 1
1172, 1300, 1
1172, 453, 1
1172, 53, 1
1172, 768, 1
1172, 1065, 1
1172, 70, 1
1172, 50, 1
562, 262, 1
562, 999, 1
562, 9, 1
562, 403, 1
562, 156, 1
562, 864, 1
562, 660, 1
562, 20, 1
562, 327, 1
562, 382, 1
562, 736, 1
562, 1300, 1
562, 453, 1
562, 53, 1
562, 768, 1
562, 1065, 1
562, 70, 1
562, 50, 1
562, 1172, 1
1065, 9, 1
736, 562, 1
864, 156, 1
736, 864, 1
53, 453, 1
53, 999, 1
864, 403, 1
382, 70, 1
382, 262, 1
736, 1065, 1
768, 453, 1
156, 453, 1
736, 9, 1
1065, 20, 1
53, 382, 1
768, 53, 1
53, 327, 1
453, 999, 1
156, 53, 1
262, 327, 1
768, 382, 1
768, 327, 1
9, 156, 1
156, 382, 1
1300, 999, 1
156, 327, 1
1065, 660, 1
9, 403, 1
768, 156, 1
736, 20, 1
864, 453, 1
864, 999, 1
1065, 1172, 1
1300, 562, 1
660, 156, 1
1065, 1300, 1
864, 53, 1
660, 403, 1
864, 736, 1
736, 660, 1
1065, 70, 1
53, 20, 1
864, 382, 1
864, 327, 1
1172, 562, 1
1065, 262, 1
403, 453, 1
70, 262, 1
736, 1172, 1
403, 53, 1
736, 1300, 1
864, 9, 1
9, 453, 1
9, 999, 1
453, 20, 1
262, 999, 1
403, 382, 1
736, 70, 1
768, 999, 1
9, 53, 1
156, 999, 1
768, 50, 1
156, 50, 1
736, 262, 1
403, 156, 1
1300, 20, 1
53, 1300, 1
660, 453, 1
660, 999, 1
864, 768, 1
9, 382, 1
9, 327, 1
768, 736, 1
768, 562, 1
999, 327, 1
156, 562, 1
768, 864, 1
660, 53, 1
53, 70, 1
53, 262, 1
768, 1065, 1
156, 1065, 1
453, 1300, 1
660, 382, 1
660, 327, 1
1065, 403, 1
864, 50, 1
768, 9, 1
660, 1065, 1
156, 9, 1
453, 70, 1
453, 262, 1
660, 9, 1
864, 562, 1
864, 1172, 1
1300, 70, 1
864, 1300, 1
20, 453, 1
403, 999, 1
20, 999, 1
1300, 262, 1
864, 1065, 1
736, 403, 1
768, 20, 1
20, 53, 1
156, 20, 1
9, 50, 1
403, 562, 1
20, 382, 1
403, 327, 1
20, 327, 1
1065, 453, 1
768, 660, 1
156, 660, 1
9, 562, 1
1065, 53, 1
9, 1172, 1
660, 50, 1
9, 1300, 1
327, 999, 1
382, 999, 1
768, 1172, 1
9, 1065, 1
864, 20, 1
768, 1300, 1
156, 1172, 1
1065, 382, 1
156, 1300, 1
1065, 327, 1
660, 562, 1
660, 1172, 1
736, 453, 1
1065, 156, 1
660, 1300, 1
768, 70, 1
156, 70, 1
736, 53, 1
864, 660, 1
382, 327, 1
768, 262, 1
156, 262, 1
660, 70, 1
403, 20, 1
660, 262, 1
736, 382, 1
736, 327, 1
736, 156, 1
9, 20, 1
403, 50, 1
403, 660, 1
864, 70, 1
864, 262, 1
20, 562, 1
660, 20, 1
9, 660, 1
403, 1172, 1
453, 53, 1
403, 1300, 1
20, 1300, 1
1065, 999, 1
1300, 453, 1
70, 999, 1
1065, 50, 1
736, 768, 1
453, 382, 1
20, 70, 1
453, 327, 1
403, 70, 1
1300, 53, 1
768, 403, 1
20, 262, 1
156, 403, 1
403, 262, 1
1065, 562, 1
1300, 382, 1
9, 70, 1
1300, 327, 1
70, 327, 1
70, 382, 1
50, 562, 1
736, 999, 1
50, 1172, 1
736, 50, 1
9, 262, 1
382, 1300, 1
70, 9, 1
453, 768, 1
327, 70, 1
327, 262, 1
453, 50, 1
53, 1065, 1
262, 382, 1
453, 736, 1
453, 562, 1
70, 50, 1
1300, 50, 1
53, 9, 1
70, 660, 1
453, 864, 1
999, 403, 1
453, 1065, 1
70, 562, 1
70, 1172, 1
1300, 864, 1
70, 1300, 1
453, 9, 1
1300, 1065, 1
1300, 9, 1
53, 660, 1
999, 453, 1
999, 53, 1
53, 1172, 1
20, 156, 1
70, 20, 1
453, 660, 1
9, 864, 1
999, 382, 1
382, 453, 1
156, 864, 1
999, 156, 1
262, 1065, 1
1300, 660, 1
453, 1172, 1
382, 53, 1
660, 864, 1
262, 9, 1
1300, 1172, 1
382, 156, 1
9, 768, 1
382, 403, 1
20, 864, 1
403, 864, 1
403, 1065, 1
20, 1065, 1
9, 736, 1
20, 9, 1
403, 9, 1
999, 1065, 1
453, 403, 1
262, 70, 1
70, 156, 1
382, 562, 1
327, 382, 1
70, 403, 1
327, 1065, 1
382, 1065, 1
382, 9, 1
1065, 768, 1
20, 50, 1
999, 20, 1
20, 660, 1
20, 1172, 1
53, 156, 1
999, 660, 1
53, 403, 1
382, 20, 1
70, 453, 1
999, 1172, 1
70, 53, 1
999, 1300, 1
1065, 736, 1
382, 50, 1
453, 156, 1
999, 262, 1
382, 660, 1
1065, 864, 1
999, 70, 1
70, 1065, 1
1300, 156, 1
382, 1172, 1
50, 499, -1
50, 837, -1
50, 941, -1
50, 880, -1
50, 838, -1
50, 529, -1
50, 700, -1
50, 1162, -1
50, 594, -1
50, 1, -1
50, 4, -1
50, 119, -1
50, 1342, -1
50, 725, -1
1172, 499, -1
1172, 837, -1
1172, 941, -1
1172, 880, -1
1172, 838, -1
1172, 529, -1
1172, 700, -1
1172, 1162, -1
1172, 594, -1
1172, 1, -1
1172, 4, -1
1172, 119, -1
1172, 1342, -1
1172, 725, -1
562, 499, -1
562, 837, -1
562, 941, -1
562, 880, -1
562, 838, -1
562, 529, -1
562, 700, -1
562, 1162, -1
562, 594, -1
562, 1, -1
562, 4, -1
562, 119, -1
562, 1342, -1
562, 725, -1
53, 725, -1
453, 1342, -1
70, 119, -1
1300, 119, -1
660, 1162, -1
499, 70, -1
700, 453, -1
880, 768, -1
529, 562, -1
768, 725, -1
529, 1172, -1
156, 725, -1
1300, 1342, -1
499, 262, -1
20, 941, -1
529, 1300, -1
700, 53, -1
768, 499, -1
880, 20, -1
1065, 594, -1
156, 499, -1
529, 1065, -1
1162, 453, -1
1162, 999, -1
594, 453, -1
768, 700, -1
594, 999, -1
700, 382, -1
864, 1162, -1
700, 327, -1
156, 700, -1
660, 499, -1
1162, 53, -1
382, 838, -1
768, 837, -1
880, 50, -1
594, 53, -1
156, 837, -1
880, 660, -1
660, 700, -1
1065, 941, -1
1162, 382, -1
1162, 327, -1
864, 725, -1
594, 382, -1
53, 119, -1
594, 327, -1
736, 594, -1
1065, 4, -1
880, 562, -1
880, 1172, -1
864, 499, -1
403, 1162, -1
880, 1300, -1
20, 1162, -1
262, 119, -1
768, 119, -1
529, 20, -1
4, 562, -1
156, 119, -1
864, 700, -1
20, 838, -1
736, 941, -1
941, 382, -1
880, 70, -1
4, 1300, -1
9, 1162, -1
864, 837, -1
53, 594, -1
499, 403, -1
768, 1342, -1
880, 262, -1
999, 1162, -1
156, 1342, -1
736, 4, -1
1, 156, -1
529, 660, -1
660, 1342, -1
1, 403, -1
9, 725, -1
1342, 262, -1
403, 700, -1
453, 594, -1
700, 999, -1
700, 50, -1
327, 1162, -1
9, 499, -1
382, 1162, -1
403, 837, -1
864, 119, -1
499, 1172, -1
768, 1162, -1
53, 4, -1
1065, 838, -1
70, 838, -1
9, 700, -1
660, 725, -1
1300, 594, -1
725, 70, -1
700, 562, -1
864, 1342, -1
1162, 50, -1
453, 941, -1
529, 70, -1
9, 837, -1
725, 262, -1
594, 50, -1
4, 20, -1
529, 262, -1
864, 594, -1
499, 453, -1
453, 4, -1
403, 119, -1
1162, 562, -1
1300, 941, -1
594, 562, -1
660, 837, -1
736, 838, -1
499, 53, -1
1162, 1300, -1
941, 999, -1
1, 453, -1
594, 1300, -1
403, 1342, -1
20, 1342, -1
1, 999, -1
1300, 4, -1
9, 119, -1
999, 119, -1
1162, 70, -1
1, 53, -1
499, 382, -1
499, 327, -1
594, 70, -1
1162, 262, -1
837, 999, -1
9, 1342, -1
736, 529, -1
594, 262, -1
53, 838, -1
941, 327, -1
499, 156, -1
1, 382, -1
736, 1, -1
660, 119, -1
1, 327, -1
403, 725, -1
20, 725, -1
9, 594, -1
700, 20, -1
1, 1065, -1
382, 119, -1
4, 70, -1
1065, 1162, -1
70, 1162, -1
768, 594, -1
156, 594, -1
837, 382, -1
838, 262, -1
837, 327, -1
4, 262, -1
529, 156, -1
53, 941, -1
1, 9, -1
453, 838, -1
382, 1342, -1
529, 403, -1
1162, 20, -1
660, 594, -1
20, 837, -1
594, 20, -1
1065, 725, -1
768, 941, -1
156, 941, -1
1300, 838, -1
1065, 499, -1
736, 1162, -1
768, 4, -1
700, 1300, -1
1065, 700, -1
156, 4, -1
864, 838, -1
1, 20, -1
1065, 837, -1
499, 999, -1
20, 119, -1
660, 4, -1
736, 725, -1
700, 70, -1
880, 156, -1
53, 1162, -1
700, 262, -1
736, 499, -1
880, 403, -1
1, 50, -1
1342, 327, -1
1, 660, -1
864, 941, -1
499, 562, -1
529, 453, -1
736, 700, -1
529, 999, -1
403, 594, -1
20, 594, -1
1065, 119, -1
736, 837, -1
864, 4, -1
1, 562, -1
529, 53, -1
453, 1162, -1
1, 1172, -1
1, 1300, -1
9, 838, -1
725, 382, -1
1065, 1342, -1
725, 327, -1
327, 119, -1
70, 1342, -1
529, 382, -1
403, 941, -1
529, 327, -1
941, 70, -1
768, 838, -1
156, 838, -1
1300, 1162, -1
1, 70, -1
453, 725, -1
941, 262, -1
53, 837, -1
1, 262, -1
403, 4, -1
660, 838, -1
736, 119, -1
20, 4, -1
9, 941, -1
529, 9, -1
880, 453, -1
837, 70, -1
1300, 725, -1
768, 529, -1
880, 999, -1
736, 1342, -1
837, 262, -1
9, 4, -1
768, 1, -1
499, 20, -1
880, 53, -1
700, 403, -1
453, 837, -1
4, 453, -1
4, 999, -1
838, 999, -1
660, 941, -1
1342, 999, -1
880, 736, -1
880, 864, -1
4, 53, -1
880, 382, -1
880, 327, -1
1300, 837, -1
1162, 403, -1
499, 660, -1
53, 1342, -1
594, 403, -1
880, 1065, -1
4, 382, -1
4, 327, -1
838, 327, -1
453, 119, -1
864, 529, -1
725, 999, -1
880, 9, -1
262, 1162, -1
403, 838, -1
864, 1, -1
529, 50, -1
499, 1300, -1
156, 1162, -1
4, 9, -1
838, 9, -1
1342, 9, -1
725, 562, -1
725, 736, -1
725, 864, -1
999, 838, -1
119, 999, -1
725, 1065, -1
70, 594, -1
725, 9, -1
327, 838, -1
119, 327, -1
1342, 20, -1
700, 156, -1
1162, 864, -1
594, 864, -1
4, 50, -1
838, 50, -1
1162, 1065, -1
70, 4, -1
327, 941, -1
1342, 660, -1
594, 1065, -1
725, 20, -1
838, 562, -1
1162, 9, -1
838, 1172, -1
594, 9, -1
1342, 1172, -1
838, 1300, -1
262, 1342, -1
1342, 1300, -1
4, 1065, -1
838, 1065, -1
725, 660, -1
119, 20, -1
1342, 70, -1
20, 700, -1
999, 725, -1
725, 1172, -1
725, 1300, -1
999, 499, -1
999, 700, -1
1162, 660, -1
700, 864, -1
999, 837, -1
594, 660, -1
838, 20, -1
119, 1300, -1
700, 1065, -1
382, 499, -1
70, 941, -1
1162, 1172, -1
594, 1172, -1
382, 700, -1
700, 9, -1
119, 70, -1
838, 660, -1
119, 262, -1
382, 837, -1
837, 453, -1
1342, 403, -1
1, 736, -1
999, 1342, -1
1, 864, -1
837, 53, -1
941, 1065, -1
838, 70, -1
941, 9, -1
725, 403, -1
327, 1342, -1
837, 1065, -1
700, 660, -1
262, 941, -1
837, 9, -1
70, 499, -1
1, 768, -1
453, 529, -1
700, 1172, -1
382, 725, -1
1342, 453, -1
453, 1, -1
70, 700, -1
1342, 53, -1
499, 50, -1
1342, 382, -1
725, 453, -1
499, 864, -1
838, 156, -1
1342, 156, -1
838, 403, -1
725, 53, -1
499, 1065, -1
53, 499, -1
529, 736, -1
119, 453, -1
262, 838, -1
529, 864, -1
499, 9, -1
53, 700, -1
725, 156, -1
119, 53, -1
1342, 768, -1
453, 499, -1
999, 941, -1
70, 725, -1
119, 382, -1
453, 700, -1
999, 4, -1
838, 453, -1
725, 768, -1
1342, 50, -1
1300, 700, -1
529, 768, -1
1162, 156, -1
382, 941, -1
838, 53, -1
594, 156, -1
70, 837, -1
1342, 736, -1
4, 864, -1
382, 4, -1
1342, 562, -1
838, 382, -1
1342, 864, -1
725, 50, -1
1342, 1065, -1

1336, 1342, 1
1117, 262, 1
1117, 999, 1
1117, 9, 1
1117, 403, 1
1117, 156, 1
1117, 864, 1
1117, 660, 1
1117, 20, 1
1117, 327, 1
1117, 382, 1
1117, 736, 1
1117, 1300, 1
1117, 453, 1
1117, 53, 1
1117, 768, 1
1117, 1065, 1
1117, 70, 1
1117, 50, 1
1117, 1172, 1
1117, 562, 1
153, 262, 1
153, 999, 1
153, 9, 1
153, 403, 1
153, 156, 1
153, 864, 1
153, 660, 1
153, 20, 1
153, 327, 1
153, 382, 1
153, 736, 1
153, 1300, 1
153, 453, 1
153, 53, 1
153, 768, 1
153, 1065, 1
153, 70, 1
153, 50, 1
153, 1172, 1
153, 562, 1
153, 1117, 1
1065, 9, 1
70, 9, 1
1172, 382, 1
1172, 327, 1
736, 562, 1
864, 156, 1
50, 70, 1
453, 768, 1
736, 864, 1
864, 403, 1
382, 70, 1
736, 153, 1
1172, 1065, 1
50, 262, 1
53, 999, 1
562, 156, 1
53, 453, 1
382, 262, 1
736, 1065, 1
562, 403, 1
1172, 9, 1
768, 453, 1
156, 453, 1
736, 9, 1
1065, 20, 1
53, 382, 1
768, 53, 1
53, 327, 1
453, 999, 1
156, 53, 1
453, 50, 1
53, 1065, 1
50, 20, 1
262, 327, 1
768, 382, 1
768, 327, 1
9, 156, 1
156, 382, 1
1300, 999, 1
453, 736, 1
453, 562, 1
156, 327, 1
1065, 660, 1
9, 403, 1
53, 9, 1
453, 864, 1
768, 156, 1
453, 153, 1
736, 20, 1
864, 453, 1
864, 999, 1
453, 1065, 1
1065, 1172, 1
660, 156, 1
1065, 1117, 1
562, 453, 1
562, 999, 1
864, 53, 1
1065, 1300, 1
1172, 660, 1
453, 9, 1
1300, 1065, 1
864, 736, 1
736, 660, 1
562, 53, 1
1065, 70, 1
53, 20, 1
864, 382, 1
70, 1065, 1
864, 327, 1
1065, 262, 1
403, 453, 1
1172, 1117, 1
1300, 9, 1
70, 262, 1
562, 382, 1
1172, 1300, 1
562, 327, 1
736, 1172, 1
736, 1117, 1
403, 53, 1
736, 1300, 1
562, 1065, 1
50, 1117, 1
53, 660, 1
864, 9, 1
9, 999, 1
1172, 70, 1
9, 453, 1
453, 20, 1
262, 999, 1
403, 382, 1
736, 70, 1
1172, 262, 1
562, 9, 1
9, 53, 1
156, 999, 1
768, 999, 1
768, 50, 1
736, 262, 1
53, 1172, 1
403, 156, 1
20, 156, 1
1300, 20, 1
53, 1117, 1
53, 1300, 1
660, 453, 1
660, 999, 1
864, 768, 1
453, 660, 1
9, 382, 1
9, 327, 1
768, 736, 1
768, 562, 1
999, 327, 1
768, 864, 1
660, 53, 1
53, 70, 1
768, 153, 1
262, 1065, 1
453, 1172, 1
1172, 20, 1
1300, 660, 1
768, 1065, 1
53, 262, 1
156, 1065, 1
453, 1300, 1
453, 1117, 1
660, 382, 1
660, 327, 1
1065, 403, 1
864, 50, 1
768, 9, 1
660, 1065, 1
156, 9, 1
1300, 1172, 1
50, 156, 1
1300, 1117, 1
453, 70, 1
562, 50, 1
50, 403, 1
562, 660, 1
453, 262, 1
660, 9, 1
864, 562, 1
864, 1172, 1
1300, 70, 1
864, 1300, 1
864, 153, 1
20, 453, 1
403, 999, 1
20, 999, 1
562, 1172, 1
1300, 262, 1
864, 1065, 1
736, 403, 1
562, 1117, 1
562, 1300, 1
768, 20, 1
20, 53, 1
156, 20, 1
9, 50, 1
20, 382, 1
403, 327, 1
562, 262, 1
20, 327, 1
1065, 453, 1
768, 660, 1
156, 660, 1
403, 1065, 1
20, 1065, 1
9, 562, 1
9, 1172, 1
1065, 53, 1
50, 999, 1
50, 453, 1
9, 1300, 1
9, 153, 1
327, 999, 1
403, 9, 1
382, 999, 1
768, 1172, 1
768, 1117, 1
20, 9, 1
156, 1172, 1
864, 20, 1
768, 1300, 1
156, 1117, 1
9, 1065, 1
1065, 382, 1
156, 1300, 1
1065, 327, 1
453, 403, 1
999, 1065, 1
50, 53, 1
562, 20, 1
660, 1172, 1
736, 453, 1
660, 1117, 1
1065, 156, 1
660, 1300, 1
50, 382, 1
50, 327, 1
768, 70, 1
156, 70, 1
736, 53, 1
864, 660, 1
382, 327, 1
768, 262, 1
156, 262, 1
50, 1065, 1
660, 70, 1
327, 1065, 1
382, 1065, 1
403, 20, 1
660, 262, 1
736, 382, 1
50, 9, 1
736, 327, 1
1172, 156, 1
864, 1117, 1
382, 9, 1
736, 156, 1
9, 20, 1
403, 660, 1
20, 660, 1
864, 70, 1
864, 262, 1
562, 70, 1
660, 20, 1
403, 1172, 1
403, 1117, 1
20, 1117, 1
53, 156, 1
9, 660, 1
403, 1300, 1
20, 1300, 1
20, 1172, 1
453, 53, 1
1065, 999, 1
53, 403, 1
1300, 453, 1
1065, 50, 1
70, 999, 1
736, 768, 1
453, 382, 1
403, 70, 1
453, 327, 1
20, 70, 1
1300, 53, 1
9, 1117, 1
768, 403, 1
50, 660, 1
403, 262, 1
20, 262, 1
1065, 562, 1
453, 156, 1
1172, 453, 1
1172, 999, 1
1065, 153, 1
1300, 382, 1
9, 70, 1
1300, 327, 1
70, 327, 1
70, 382, 1
50, 562, 1
736, 999, 1
50, 1172, 1
736, 50, 1
1172, 53, 1
9, 262, 1
1300, 156, 1
50, 1300, 1
382, 1117, 1
382, 156, 1
382, 1300, 1
9, 768, 1
382, 403, 1
1172, 864, 1
1172, 562, 1
1172, 153, 1
562, 864, 1
327, 382, 1
327, 70, 1
562, 153, 1
1172, 403, 1
70, 153, 1
1065, 768, 1
327, 262, 1
403, 50, 1
20, 50, 1
999, 20, 1
999, 453, 1
403, 562, 1
403, 864, 1
20, 864, 1
20, 562, 1
999, 53, 1
156, 50, 1
999, 660, 1
70, 20, 1
262, 9, 1
9, 864, 1
382, 20, 1
70, 453, 1
9, 736, 1
262, 382, 1
999, 382, 1
660, 50, 1
382, 453, 1
156, 562, 1
70, 50, 1
1300, 50, 1
156, 864, 1
70, 53, 1
70, 660, 1
999, 1117, 1
999, 1172, 1
999, 403, 1
999, 156, 1
999, 1300, 1
156, 403, 1
1065, 736, 1
156, 153, 1
999, 262, 1
382, 50, 1
382, 53, 1
660, 864, 1
1065, 864, 1
660, 562, 1
382, 660, 1
660, 153, 1
70, 562, 1
1300, 562, 1
262, 70, 1
50, 864, 1
70, 1172, 1
999, 70, 1
70, 1117, 1
70, 156, 1
1172, 50, 1
382, 562, 1
70, 1300, 1
50, 153, 1
660, 403, 1
1300, 864, 1
70, 403, 1
382, 1172, 1
1336, 499, -1
1336, 837, -1
1336, 941, -1
1336, 880, -1
1336, 838, -1
1336, 529, -1
1336, 700, -1
1336, 1162, -1
1336, 594, -1
1336, 262, -1
1336, 999, -1
1336, 9, -1
1336, 403, -1
1336, 156, -1
1336, 864, -1
1336, 660, -1
1336, 20, -1
1336, 327, -1
1336, 382, -1
1336, 736, -1
1336, 1300, -1
1336, 453, -1
1336, 53, -1
1336, 768, -1
1336, 1065, -1
1336, 70, -1
1336, 50, -1
1336, 1172, -1
1336, 562, -1
1336, 1, -1
1336, 4, -1
1336, 119, -1
1336, 725, -1
1117, 499, -1
1117, 837, -1
1117, 941, -1
1117, 880, -1
1117, 838, -1
1117, 529, -1
1117, 700, -1
1117, 1162, -1
1117, 594, -1
1117, 1, -1
1117, 4, -1
1117, 119, -1
1117, 1342, -1
1117, 1336, -1
1117, 725, -1
153, 499, -1
153, 837, -1
153, 941, -1
153, 880, -1
153, 838, -1
153, 529, -1
153, 700, -1
153, 1162, -1
153, 594, -1
153, 1, -1
153, 4, -1
153, 119, -1
153, 1342, -1
153, 1336, -1
153, 725, -1
1300, 119, -1
562, 1, -1
725, 562, -1
499, 70, -1
529, 1172, -1
725, 153, -1
403, 529, -1
725, 1065, -1
1065, 594, -1
594, 999, -1
725, 9, -1
382, 838, -1
880, 50, -1
1162, 382, -1
864, 725, -1
53, 119, -1
880, 562, -1
660, 1, -1
768, 119, -1
4, 1300, -1
864, 837, -1
725, 660, -1
736, 4, -1
1342, 70, -1
725, 1172, -1
700, 999, -1
9, 700, -1
1342, 838, -1
529, 70, -1
1162, 660, -1
594, 50, -1
50, 499, -1
864, 594, -1
403, 119, -1
1336, 153, -1
1162, 1172, -1
594, 562, -1
1, 53, -1
837, 999, -1
9, 1342, -1
736, 529, -1
403, 725, -1
1, 327, -1
562, 4, -1
768, 594, -1
838, 262, -1
725, 403, -1
453, 838, -1
53, 1, -1
736, 1162, -1
1065, 700, -1
70, 529, -1
660, 4, -1
880, 156, -1
880, 403, -1
529, 999, -1
1172, 529, -1
880, 1342, -1
864, 4, -1
53, 499, -1
9, 838, -1
1065, 1342, -1
70, 1342, -1
156, 838, -1
1, 70, -1
453, 725, -1
736, 119, -1
9, 941, -1
1172, 1342, -1
453, 837, -1
4, 453, -1
1300, 700, -1
4, 53, -1
594, 156, -1
499, 660, -1
594, 403, -1
4, 327, -1
864, 529, -1
725, 999, -1
499, 1172, -1
20, 838, -1
594, 1342, -1
529, 50, -1
70, 119, -1
700, 453, -1
725, 864, -1
529, 562, -1
4, 1342, -1
1300, 1342, -1
156, 725, -1
20, 941, -1
529, 153, -1
700, 53, -1
880, 20, -1
1172, 119, -1
529, 1065, -1
1162, 999, -1
768, 700, -1
50, 838, -1
864, 1162, -1
700, 327, -1
9, 1, -1
156, 837, -1
1065, 941, -1
736, 594, -1
50, 941, -1
382, 529, -1
562, 725, -1
880, 1300, -1
700, 1342, -1
499, 403, -1
768, 1342, -1
880, 262, -1
562, 837, -1
529, 660, -1
403, 700, -1
9, 499, -1
864, 119, -1
20, 1, -1
660, 725, -1
1162, 50, -1
837, 1342, -1
4, 20, -1
453, 4, -1
1162, 562, -1
1300, 941, -1
1065, 1, -1
660, 837, -1
941, 999, -1
594, 1300, -1
403, 1342, -1
50, 1, -1
594, 262, -1
53, 838, -1
1, 382, -1
1, 153, -1
700, 20, -1
1, 1065, -1
382, 119, -1
4, 262, -1
529, 156, -1
53, 941, -1
1, 9, -1
529, 403, -1
768, 941, -1
1065, 499, -1
453, 529, -1
700, 1300, -1
156, 4, -1
499, 999, -1
1300, 1, -1
700, 262, -1
725, 453, -1
1, 660, -1
736, 700, -1
725, 53, -1
453, 1162, -1
1342, 119, -1
1, 1172, -1
725, 327, -1
327, 119, -1
403, 941, -1
725, 156, -1
53, 837, -1
1172, 837, -1
20, 4, -1
880, 453, -1
156, 529, -1
736, 1342, -1
725, 1342, -1
837, 262, -1
768, 1, -1
880, 53, -1
838, 999, -1
1342, 999, -1
880, 736, -1
1162, 156, -1
880, 327, -1
1162, 403, -1
50, 4, -1
4, 382, -1
453, 119, -1
1172, 700, -1
1162, 1342, -1
562, 529, -1
529, 1300, -1
403, 1, -1
768, 499, -1
594, 453, -1
700, 382, -1
562, 1342, -1
594, 53, -1
660, 700, -1
660, 529, -1
594, 327, -1
880, 1117, -1
725, 20, -1
262, 119, -1
156, 119, -1
864, 700, -1
736, 941, -1
880, 70, -1
660, 1342, -1
9, 725, -1
453, 594, -1
725, 1300, -1
941, 1342, -1
53, 4, -1
1065, 838, -1
70, 838, -1
562, 119, -1
864, 1342, -1
9, 837, -1
725, 262, -1
499, 453, -1
1172, 838, -1
70, 941, -1
1162, 1300, -1
499, 53, -1
594, 1117, -1
1, 999, -1
999, 119, -1
499, 327, -1
1172, 941, -1
594, 70, -1
1162, 262, -1
4, 1117, -1
499, 156, -1
736, 1, -1
660, 119, -1
20, 725, -1
9, 594, -1
4, 70, -1
837, 327, -1
499, 1342, -1
382, 1342, -1
20, 837, -1
594, 20, -1
1065, 725, -1
1300, 838, -1
50, 725, -1
700, 1117, -1
864, 838, -1
1065, 837, -1
700, 70, -1
70, 1, -1
50, 837, -1
736, 499, -1
1, 50, -1
1342, 327, -1
864, 941, -1
1172, 1, -1
1, 562, -1
529, 53, -1
725, 382, -1
768, 838, -1
529, 327, -1
941, 262, -1
1300, 725, -1
837, 70, -1
453, 700, -1
9, 4, -1
499, 20, -1
529, 1342, -1
4, 999, -1
725, 768, -1
382, 941, -1
880, 382, -1
880, 153, -1
1300, 837, -1
880, 1065, -1
562, 499, -1
880, 9, -1
403, 838, -1
864, 1, -1
499, 1300, -1
453, 1342, -1
53, 725, -1
725, 736, -1
880, 768, -1
768, 725, -1
499, 262, -1
1162, 453, -1
9, 529, -1
156, 700, -1
1162, 53, -1
768, 837, -1
880, 660, -1
1162, 327, -1
594, 382, -1
1065, 4, -1
880, 1172, -1
327, 941, -1
864, 499, -1
382, 1, -1
529, 20, -1
941, 382, -1
9, 1162, -1
562, 700, -1
1172, 4, -1
156, 1342, -1
1, 156, -1
1, 403, -1
1342, 262, -1
20, 700, -1
403, 837, -1
20, 529, -1
1, 1342, -1
725, 70, -1
453, 941, -1
594, 660, -1
529, 262, -1
1065, 529, -1
50, 700, -1
1162, 1117, -1
736, 838, -1
594, 1172, -1
50, 529, -1
20, 1342, -1
1300, 4, -1
9, 119, -1
1162, 70, -1
499, 382, -1
941, 327, -1
1065, 1162, -1
837, 382, -1
50, 1342, -1
1162, 20, -1
262, 941, -1
156, 941, -1
768, 4, -1
453, 1, -1
1, 20, -1
20, 119, -1
1336, 1117, -1
1300, 529, -1
562, 838, -1
736, 725, -1
1342, 382, -1
562, 941, -1
1065, 119, -1
736, 837, -1
1, 1300, -1
50, 119, -1
529, 382, -1
941, 70, -1
53, 700, -1
53, 529, -1
1, 262, -1
403, 4, -1
660, 838, -1
453, 499, -1
999, 941, -1
529, 9, -1
880, 999, -1
768, 529, -1
156, 1, -1
660, 941, -1
1172, 725, -1
880, 864, -1
53, 1342, -1
838, 327, -1
725, 50, -1
499, 1117, -1
768, 1162, -1
4, 9, -1
838, 9, -1
1342, 9, -1
660, 1162, -1
999, 838, -1
119, 999, -1
156, 499, -1
70, 594, -1
660, 499, -1
327, 838, -1
119, 327, -1
1342, 20, -1
700, 156, -1
1172, 594, -1
1162, 864, -1
1162, 153, -1
594, 864, -1
4, 50, -1
838, 50, -1
594, 153, -1
1162, 1065, -1
70, 4, -1
1342, 660, -1
594, 1065, -1
4, 562, -1
838, 562, -1
1162, 9, -1
838, 1172, -1
594, 9, -1
1342, 1172, -1
838, 153, -1
838, 1300, -1
1342, 1117, -1
262, 1342, -1
1342, 1300, -1
4, 1065, -1
838, 1065, -1
119, 20, -1
999, 725, -1
725, 1117, -1
700, 50, -1
529, 1117, -1
999, 499, -1
999, 700, -1
736, 1336, -1
700, 562, -1
700, 864, -1
999, 837, -1
838, 20, -1
119, 1117, -1
119, 1300, -1
700, 1065, -1
382, 499, -1
382, 700, -1
119, 70, -1
700, 9, -1
1, 453, -1
838, 660, -1
119, 262, -1
382, 837, -1
837, 453, -1
1342, 403, -1
1, 736, -1
838, 1117, -1
999, 1342, -1
880, 1336, -1
1, 864, -1
837, 53, -1
941, 1065, -1
838, 70, -1
70, 1162, -1
156, 594, -1
941, 9, -1
327, 1342, -1
837, 1065, -1
660, 594, -1
700, 660, -1
1172, 1162, -1
837, 9, -1
70, 499, -1
1, 768, -1
700, 1172, -1
382, 725, -1
1342, 453, -1
70, 700, -1
1342, 53, -1
499, 50, -1
1172, 499, -1
499, 562, -1
529, 453, -1
838, 156, -1
768, 1336, -1
499, 864, -1
1342, 156, -1
838, 403, -1
499, 1065, -1
1, 1117, -1
529, 736, -1
119, 453, -1
529, 864, -1
262, 838, -1
499, 9, -1
837, 1117, -1
119, 53, -1
1342, 768, -1
864, 1336, -1
70, 725, -1
119, 382, -1
700, 403, -1
999, 4, -1
838, 453, -1
1342, 50, -1
529, 768, -1
838, 53, -1
70, 837, -1
1342, 736, -1
1342, 562, -1
4, 864, -1
382, 4, -1
838, 382, -1
1342, 864, -1
1342, 153, -1
1342, 1065, -1
156, 1162, -1
1065, 1336, -1
9, 1336, -1

371, 262, 1
371, 999, 1
371, 9, 1
371, 403, 1
371, 156, 1
371, 864, 1
371, 660, 1
371, 20, 1
371, 327, 1
371, 382, 1
371, 736, 1
371, 1300, 1
371, 453, 1
371, 53, 1
371, 768, 1
371, 1065, 1
371, 70, 1
371, 50, 1
371, 1172, 1
371, 562, 1
371, 1117, 1
371, 153, 1
1231, 262, 1
1231, 999, 1
1231, 9, 1
1231, 403, 1
1231, 156, 1
1231, 864, 1
1231, 660, 1
1231, 20, 1
1231, 327, 1
1231, 382, 1
1231, 736, 1
1231, 1300, 1
1231, 453, 1
1231, 53, 1
1231, 768, 1
1231, 1065, 1
1231, 70, 1
1231, 50, 1
1231, 1172, 1
1231, 562, 1
1231, 1117, 1
1231, 153, 1
1231, 371, 1
1289, 499, 1
1289, 837, 1
1289, 941, 1
1289, 880, 1
1289, 838, 1
1289, 529, 1
1289, 700, 1
1289, 1162, 1
689, 262, 1
689, 999, 1
689, 9, 1
689, 403, 1
689, 156, 1
689, 864, 1
689, 660, 1
689, 20, 1
689, 327, 1
689, 382, 1
689, 736, 1
689, 1300, 1
689, 453, 1
689, 53, 1
689, 768, 1
689, 1065, 1
689, 70, 1
689, 50, 1
689, 1172, 1
689, 562, 1
689, 1117, 1
689, 153, 1
689, 371, 1
689, 1231, 1
1073, 262, 1
1073, 999, 1
1073, 9, 1
1073, 403, 1
1073, 156, 1
1073, 864, 1
1073, 660, 1
1073, 20, 1
1073, 327, 1
1073, 382, 1
1073, 736, 1
1073, 1300, 1
1073, 453, 1
1073, 53, 1
1073, 768, 1
1073, 1065, 1
1073, 70, 1
1073, 50, 1
1073, 1172, 1
1073, 562, 1
1073, 1117, 1
1073, 153, 1
1073, 371, 1
1073, 1231, 1
1073, 689, 1
736, 562, 1
153, 327, 1
50, 262, 1
736, 153, 1
382, 70, 1
768, 371, 1
736, 1065, 1
9, 1231, 1
736, 9, 1
499, 838, 1
371, 689, 1
262, 382, 1
1300, 999, 1
156, 382, 1
864, 999, 1
736, 660, 1
562, 382, 1
153, 1117, 1
736, 1172, 1
562, 1065, 1
9, 453, 1
153, 70, 1
768, 999, 1
562, 9, 1
9, 53, 1
1065, 1231, 1
70, 1231, 1
9, 327, 1
736, 1073, 1
999, 382, 1
768, 864, 1
499, 837, 1
53, 262, 1
453, 1117, 1
1172, 1231, 1
660, 382, 1
864, 50, 1
660, 1065, 1
453, 70, 1
562, 660, 1
660, 9, 1
864, 562, 1
864, 153, 1
20, 453, 1
403, 999, 1
562, 1172, 1
864, 1065, 1
736, 403, 1
20, 53, 1
1065, 1073, 1
70, 1073, 1
880, 700, 1
20, 327, 1
153, 689, 1
1065, 453, 1
880, 529, 1
1172, 1073, 1
1300, 1231, 1
1065, 53, 1
50, 453, 1
327, 999, 1
50, 53, 1
156, 1117, 1
736, 371, 1
864, 1231, 1
1065, 327, 1
1117, 1231, 1
660, 1172, 1
262, 70, 1
1065, 156, 1
50, 327, 1
156, 70, 1
864, 660, 1
529, 837, 1
382, 1065, 1
689, 1073, 1
1172, 156, 1
382, 9, 1
1172, 403, 1
9, 20, 1
768, 1231, 1
562, 70, 1
20, 1117, 1
864, 1073, 1
1300, 453, 1
20, 70, 1
1300, 53, 1
999, 1117, 1
941, 529, 1
562, 371, 1
1117, 453, 1
1300, 327, 1
999, 70, 1
736, 999, 1
1117, 53, 1
9, 262, 1
50, 1117, 1
9, 689, 1
153, 562, 1
1117, 327, 1
50, 70, 1
864, 156, 1
403, 1231, 1
736, 864, 1
864, 403, 1
53, 453, 1
153, 1065, 1
768, 453, 1
153, 9, 1
1065, 20, 1
768, 53, 1
53, 327, 1
1162, 837, 1
50, 20, 1
768, 327, 1
327, 1231, 1
499, 529, 1
864, 371, 1
768, 156, 1
453, 1065, 1
1065, 1300, 1
562, 999, 1
403, 1073, 1
453, 9, 1
153, 660, 1
837, 529, 1
403, 453, 1
1065, 262, 1
70, 262, 1
153, 1172, 1
1172, 1300, 1
403, 53, 1
50, 689, 1
1172, 262, 1
403, 156, 1
53, 1117, 1
1300, 20, 1
660, 999, 1
9, 382, 1
53, 70, 1
262, 1065, 1
156, 1065, 1
736, 1231, 1
156, 9, 1
562, 50, 1
864, 1300, 1
453, 1073, 1
700, 941, 1
1300, 262, 1
768, 20, 1
880, 499, 1
1117, 262, 1
20, 382, 1
529, 1162, 1
156, 660, 1
20, 1065, 1
9, 1172, 1
20, 9, 1
382, 999, 1
153, 371, 1
156, 1172, 1
768, 1300, 1
999, 1065, 1
1065, 382, 1
736, 453, 1
562, 1231, 1
50, 382, 1
768, 262, 1
736, 53, 1
50, 1065, 1
403, 20, 1
262, 1073, 1
50, 9, 1
736, 327, 1
156, 1073, 1
736, 156, 1
1162, 700, 1
1162, 529, 1
660, 1231, 1
999, 660, 1
403, 1300, 1
562, 1073, 1
9, 1117, 1
999, 1172, 1
50, 660, 1
403, 262, 1
156, 403, 1
371, 1231, 1
1172, 453, 1
1300, 382, 1
9, 70, 1
153, 999, 1
70, 327, 1
50, 1172, 1
1172, 53, 1
1117, 382, 1
1172, 327, 1
562, 156, 1
327, 262, 1
562, 403, 1
660, 1073, 1
1117, 9, 1
453, 999, 1
53, 382, 1
53, 1065, 1
371, 1073, 1
768, 382, 1
382, 1231, 1
53, 9, 1
999, 403, 1
736, 20, 1
864, 453, 1
660, 156, 1
1065, 1117, 1
864, 53, 1
660, 403, 1
153, 50, 1
864, 736, 1
1065, 70, 1
864, 327, 1
1172, 1117, 1
880, 838, 1
999, 371, 1
736, 1300, 1
9, 999, 1
1172, 70, 1
262, 999, 1
403, 382, 1
156, 999, 1
880, 941, 1
50, 371, 1
736, 262, 1
382, 1073, 1
768, 736, 1
499, 700, 1
1172, 20, 1
153, 1231, 1
1300, 1117, 1
1300, 70, 1
1065, 689, 1
20, 999, 1
562, 1300, 1
1117, 70, 1
9, 50, 1
453, 1231, 1
403, 327, 1
562, 262, 1
9, 562, 1
50, 999, 1
153, 1073, 1
9, 153, 1
838, 529, 1
768, 1117, 1
9, 1065, 1
864, 20, 1
153, 453, 1
660, 1300, 1
768, 70, 1
153, 53, 1
529, 700, 1
700, 838, 1
660, 262, 1
736, 382, 1
153, 156, 1
1162, 499, 1
153, 403, 1
262, 1231, 1
156, 1231, 1
864, 262, 1
864, 689, 1
9, 660, 1
403, 1117, 1
453, 53, 1
1065, 50, 1
736, 768, 1
499, 941, 1
403, 70, 1
453, 327, 1
837, 838, 1
1065, 562, 1
1117, 999, 1
1065, 153, 1
70, 382, 1
50, 562, 1
70, 1065, 1
837, 941, 1
768, 689, 1
1065, 9, 1
9, 1073, 1
70, 9, 1
1172, 382, 1
20, 1231, 1
327, 70, 1
1172, 1065, 1
53, 999, 1
382, 262, 1
700, 837, 1
1172, 9, 1
999, 1231, 1
156, 453, 1
156, 53, 1
50, 1231, 1
262, 327, 1
9, 156, 1
156, 327, 1
1065, 660, 1
529, 838, 1
9, 403, 1
153, 20, 1
1065, 1172, 1
562, 453, 1
1172, 660, 1
20, 1073, 1
529, 941, 1
1300, 1065, 1
562, 53, 1
864, 382, 1
1300, 9, 1
562, 327, 1
9, 371, 1
153, 1300, 1
736, 1117, 1
1117, 1065, 1
864, 9, 1
999, 453, 1
50, 1073, 1
736, 70, 1
768, 50, 1
153, 262, 1
999, 53, 1
660, 453, 1
864, 768, 1
768, 562, 1
999, 327, 1
660, 53, 1
768, 153, 1
999, 156, 1
768, 1065, 1
660, 327, 1
1065, 403, 1
768, 9, 1
50, 156, 1
880, 1162, 1
50, 403, 1
453, 262, 1
864, 1172, 1
1162, 838, 1
53, 1231, 1
562, 1117, 1
156, 20, 1
1300, 1073, 1
1162, 941, 1
1065, 371, 1
768, 660, 1
736, 689, 1
403, 1065, 1
1117, 1073, 1
9, 1300, 1
403, 9, 1
768, 1172, 1
156, 1300, 1
562, 20, 1
529, 499, 1
660, 1117, 1
53, 1073, 1
327, 382, 1
382, 327, 1
156, 262, 1
660, 70, 1
327, 1065, 1
153, 382, 1
768, 1073, 1
864, 1117, 1
700, 529, 1
999, 20, 1
403, 660, 1
864, 70, 1
941, 838, 1
403, 1172, 1
660, 20, 1
20, 1300, 1
562, 689, 1
880, 837, 1
1065, 999, 1
70, 999, 1
453, 382, 1
768, 403, 1
999, 1300, 1
20, 262, 1
1172, 999, 1
736, 50, 1
999, 262, 1
50, 1300, 1
382, 1117, 1
382, 1300, 1
156, 689, 1
153, 736, 1
1172, 864, 1
153, 864, 1
1172, 153, 1
453, 768, 1
660, 689, 1
156, 371, 1
880, 1289, 1
660, 371, 1
453, 50, 1
453, 736, 1
70, 50, 1
453, 562, 1
1300, 50, 1
70, 660, 1
453, 864, 1
453, 153, 1
70, 562, 1
1300, 562, 1
70, 1172, 1
1300, 864, 1
70, 1117, 1
1172, 50, 1
837, 700, 1
70, 1300, 1
53, 20, 1
1172, 562, 1
700, 1289, 1
562, 864, 1
999, 1073, 1
1117, 1300, 1
562, 153, 1
53, 660, 1
1162, 1289, 1
453, 20, 1
327, 1073, 1
156, 50, 1
53, 1172, 1
20, 156, 1
70, 20, 1
382, 371, 1
53, 1300, 1
9, 864, 1
453, 660, 1
941, 1289, 1
838, 941, 1
382, 453, 1
156, 562, 1
156, 864, 1
156, 153, 1
1117, 20, 1
382, 53, 1
1300, 660, 1
453, 1172, 1
660, 864, 1
453, 1300, 1
1231, 1073, 1
660, 153, 1
262, 9, 1
1300, 1172, 1
382, 156, 1
9, 768, 1
382, 403, 1
70, 689, 1
403, 562, 1
70, 371, 1
403, 864, 1
20, 864, 1
1172, 689, 1
499, 1289, 1
9, 736, 1
660, 50, 1
1172, 371, 1
453, 403, 1
660, 562, 1
50, 864, 1
837, 1289, 1
70, 156, 1
50, 153, 1
382, 562, 1
70, 403, 1
53, 371, 1
453, 689, 1
1065, 768, 1
403, 50, 1
20, 50, 1
20, 660, 1
453, 371, 1
20, 562, 1
20, 1172, 1
53, 156, 1
153, 768, 1
53, 403, 1
382, 20, 1
70, 453, 1
70, 53, 1
1065, 736, 1
382, 50, 1
453, 156, 1
1065, 864, 1
382, 660, 1
529, 1289, 1
70, 153, 1
1300, 156, 1
382, 1172, 1
838, 1289, 1
371, 499, -1
371, 837, -1
371, 941, -1
371, 880, -1
371, 838, -1
371, 529, -1
371, 700, -1
371, 1162, -1
371, 594, -1
371, 1, -1
371, 4, -1
371, 119, -1
371, 1342, -1
371, 1336, -1
371, 725, -1
1231, 499, -1
1231, 837, -1
1231, 941, -1
1231, 880, -1
1231, 838, -1
1231, 529, -1
1231, 700, -1
1231, 1162, -1
1231, 594, -1
1231, 1, -1
1231, 4, -1
1231, 119, -1
1231, 1342, -1
1231, 1336, -1
1231, 725, -1
1289, 594, -1
1289, 262, -1
1289, 999, -1
1289, 9, -1
1289, 403, -1
1289, 156, -1
1289, 864, -1
1289, 660, -1
1289, 20, -1
1289, 327, -1
1289, 382, -1
1289, 736, -1
1289, 1300, -1
1289, 453, -1
1289, 53, -1
1289, 768, -1
1289, 1065, -1
1289, 70, -1
1289, 50, -1
1289, 1172, -1
1289, 562, -1
1289, 1117, -1
1289, 153, -1
1289, 371, -1
1289, 1231, -1
1289, 1, -1
1289, 4, -1
1289, 119, -1
1289, 1342, -1
1289, 1336, -1
1289, 725, -1
689, 499, -1
689, 837, -1
689, 941, -1
689, 880, -1
689, 838, -1
689, 529, -1
689, 700, -1
689, 1162, -1
689, 1289, -1
689, 594, -1
689, 1, -1
689, 4, -1
689, 119, -1
689, 1342, -1
689, 1336, -1
689, 725, -1
1073, 499, -1
1073, 837, -1
1073, 941, -1
1073, 880, -1
1073, 838, -1
1073, 529, -1
1073, 700, -1
1073, 1162, -1
1073, 1289, -1
1073, 594, -1
1073, 1, -1
1073, 4, -1
1073, 119, -1
1073, 1342, -1
1073, 1336, -1
1073, 725, -1
529, 4, -1
1300, 119, -1
562, 1, -1
499, 70, -1
880, 594, -1
529, 1172, -1
838, 1342, -1
403, 529, -1
262, 499, -1
1117, 119, -1
1065, 594, -1
156, 499, -1
453, 1289, -1
594, 999, -1
1336, 837, -1
382, 838, -1
880, 50, -1
594, 837, -1
1162, 382, -1
700, 119, -1
864, 725, -1
53, 119, -1
880, 562, -1
660, 1, -1
1162, 1065, -1
768, 119, -1
1162, 9, -1
4, 1300, -1
864, 837, -1
736, 4, -1
20, 499, -1
700, 999, -1
529, 1117, -1
768, 1162, -1
999, 499, -1
156, 1289, -1
9, 700, -1
880, 1231, -1
1336, 50, -1
499, 725, -1
529, 70, -1
1162, 660, -1
594, 50, -1
1162, 4, -1
50, 499, -1
864, 594, -1
1336, 562, -1
403, 119, -1
1162, 1172, -1
153, 838, -1
594, 562, -1
1336, 153, -1
1336, 1065, -1
1, 453, -1
837, 725, -1
1, 53, -1
1336, 9, -1
562, 1289, -1
837, 999, -1
9, 1342, -1
736, 529, -1
403, 725, -1
1, 327, -1
562, 4, -1
941, 1065, -1
768, 594, -1
880, 1073, -1
941, 9, -1
838, 262, -1
453, 838, -1
53, 1, -1
594, 1231, -1
1336, 660, -1
736, 1162, -1
660, 1289, -1
1065, 700, -1
4, 1231, -1
1336, 1172, -1
70, 529, -1
660, 4, -1
529, 725, -1
880, 156, -1
838, 1, -1
880, 403, -1
371, 1289, -1
529, 999, -1
1172, 529, -1
153, 837, -1
880, 1342, -1
864, 4, -1
499, 1065, -1
1, 1117, -1
1336, 1073, -1
53, 499, -1
9, 838, -1
1065, 1342, -1
119, 453, -1
70, 1342, -1
262, 838, -1
700, 1231, -1
594, 1073, -1
1162, 371, -1
499, 9, -1
156, 838, -1
453, 725, -1
1, 70, -1
119, 53, -1
736, 119, -1
9, 941, -1
1336, 529, -1
1172, 1342, -1
1289, 1073, -1
594, 700, -1
562, 1162, -1
453, 837, -1
4, 453, -1
529, 594, -1
1336, 403, -1
4, 53, -1
594, 156, -1
499, 660, -1
594, 403, -1
499, 4, -1
838, 382, -1
4, 327, -1
837, 1231, -1
880, 119, -1
864, 529, -1
725, 999, -1
1336, 1162, -1
499, 1172, -1
20, 838, -1
529, 50, -1
70, 119, -1
838, 9, -1
700, 453, -1
529, 562, -1
999, 838, -1
1162, 725, -1
1336, 371, -1
1300, 1342, -1
156, 725, -1
20, 941, -1
529, 153, -1
700, 53, -1
880, 20, -1
1172, 119, -1
529, 1065, -1
1162, 999, -1
499, 1073, -1
1, 689, -1
768, 700, -1
50, 838, -1
864, 1162, -1
1117, 1342, -1
700, 327, -1
9, 1, -1
156, 837, -1
700, 156, -1
1065, 941, -1
736, 594, -1
50, 941, -1
837, 1073, -1
382, 529, -1
562, 725, -1
880, 1300, -1
700, 1342, -1
529, 1231, -1
768, 1342, -1
499, 403, -1
880, 262, -1
153, 4, -1
562, 837, -1
529, 660, -1
119, 20, -1
941, 119, -1
403, 700, -1
999, 725, -1
9, 499, -1
864, 119, -1
1342, 1073, -1
20, 1, -1
4, 838, -1
1336, 999, -1
660, 725, -1
1162, 50, -1
999, 837, -1
837, 1342, -1
4, 20, -1
880, 1, -1
119, 1300, -1
1117, 838, -1
1336, 864, -1
1162, 562, -1
4, 941, -1
1300, 941, -1
1065, 1, -1
529, 1073, -1
660, 837, -1
941, 999, -1
594, 1300, -1
403, 1342, -1
119, 262, -1
50, 1, -1
1117, 941, -1
725, 1231, -1
153, 529, -1
594, 262, -1
53, 838, -1
1, 382, -1
1, 153, -1
499, 119, -1
700, 20, -1
1, 1065, -1
382, 119, -1
838, 70, -1
4, 262, -1
529, 156, -1
53, 941, -1
1, 9, -1
327, 1342, -1
529, 403, -1
9, 1289, -1
1162, 1231, -1
768, 941, -1
837, 119, -1
153, 1162, -1
1065, 499, -1
70, 499, -1
453, 529, -1
700, 1300, -1
156, 4, -1
499, 999, -1
725, 1073, -1
1172, 499, -1
1300, 1, -1
700, 262, -1
529, 371, -1
1, 660, -1
736, 700, -1
1117, 1, -1
1, 1172, -1
1162, 1073, -1
725, 327, -1
327, 119, -1
20, 1289, -1
403, 941, -1
53, 837, -1
594, 499, -1
153, 119, -1
1336, 1231, -1
700, 1, -1
529, 119, -1
880, 453, -1
119, 382, -1
156, 529, -1
736, 1342, -1
1065, 1289, -1
837, 262, -1
768, 1, -1
880, 53, -1
999, 4, -1
1300, 499, -1
838, 999, -1
50, 1289, -1
1342, 999, -1
880, 736, -1
941, 1231, -1
1162, 156, -1
880, 327, -1
153, 725, -1
1162, 403, -1
1117, 499, -1
50, 4, -1
4, 382, -1
453, 119, -1
1172, 700, -1
1162, 1342, -1
562, 529, -1
529, 1300, -1
768, 499, -1
1336, 453, -1
403, 1, -1
1336, 700, -1
594, 453, -1
1336, 53, -1
700, 382, -1
941, 1073, -1
562, 1342, -1
119, 327, -1
594, 53, -1
660, 700, -1
1300, 1289, -1
1, 371, -1
1336, 327, -1
499, 1231, -1
153, 594, -1
660, 529, -1
594, 327, -1
1336, 156, -1
880, 1117, -1
1117, 1289, -1
262, 119, -1
1162, 119, -1
156, 119, -1
864, 700, -1
736, 941, -1
725, 941, -1
880, 70, -1
838, 1065, -1
403, 499, -1
660, 1342, -1
9, 725, -1
53, 1289, -1
50, 1162, -1
941, 1342, -1
768, 1289, -1
1065, 838, -1
70, 838, -1
562, 119, -1
768, 880, -1
864, 1342, -1
9, 837, -1
725, 262, -1
119, 1117, -1
838, 1231, -1
1342, 1231, -1
327, 499, -1
499, 453, -1
1172, 838, -1
1162, 1300, -1
119, 70, -1
594, 1117, -1
499, 53, -1
1, 999, -1
999, 119, -1
1172, 941, -1
499, 327, -1
594, 70, -1
1162, 262, -1
837, 453, -1
4, 1117, -1
499, 156, -1
736, 1, -1
660, 119, -1
20, 725, -1
880, 689, -1
837, 53, -1
9, 594, -1
403, 1289, -1
4, 70, -1
594, 838, -1
837, 327, -1
499, 1342, -1
1336, 20, -1
382, 1342, -1
20, 837, -1
594, 20, -1
1065, 725, -1
838, 1073, -1
1336, 941, -1
1300, 838, -1
594, 941, -1
50, 725, -1
700, 1117, -1
864, 838, -1
1065, 837, -1
1336, 1300, -1
700, 70, -1
70, 1, -1
50, 837, -1
736, 499, -1
1, 50, -1
1342, 327, -1
864, 941, -1
153, 700, -1
529, 453, -1
1336, 262, -1
1172, 1, -1
1, 562, -1
529, 53, -1
725, 382, -1
768, 838, -1
529, 327, -1
837, 1117, -1
941, 262, -1
1289, 689, -1
1300, 725, -1
837, 70, -1
153, 1342, -1
9, 4, -1
499, 20, -1
529, 1342, -1
4, 999, -1
1117, 725, -1
880, 382, -1
1, 1231, -1
880, 153, -1
4, 837, -1
1300, 837, -1
880, 1065, -1
562, 499, -1
941, 1, -1
736, 1289, -1
736, 880, -1
880, 9, -1
1117, 837, -1
403, 838, -1
864, 1, -1
700, 725, -1
499, 1300, -1
453, 1342, -1
53, 725, -1
838, 119, -1
880, 768, -1
768, 725, -1
499, 262, -1
1336, 499, -1
1162, 453, -1
9, 529, -1
156, 700, -1
660, 499, -1
1162, 53, -1
327, 838, -1
768, 837, -1
1, 1073, -1
880, 660, -1
880, 4, -1
70, 1289, -1
1336, 382, -1
1162, 327, -1
594, 382, -1
1065, 4, -1
880, 1172, -1
864, 499, -1
499, 1, -1
1172, 1289, -1
382, 1, -1
529, 20, -1
153, 941, -1
941, 382, -1
9, 1162, -1
262, 1342, -1
562, 700, -1
1172, 4, -1
156, 1342, -1
1336, 768, -1
1, 156, -1
837, 1, -1
1, 403, -1
1342, 262, -1
403, 837, -1
20, 529, -1
1336, 880, -1
999, 700, -1
725, 70, -1
453, 941, -1
594, 660, -1
529, 262, -1
529, 689, -1
1336, 736, -1
700, 1065, -1
382, 499, -1
1065, 529, -1
50, 700, -1
1162, 1117, -1
736, 838, -1
594, 1172, -1
725, 838, -1
700, 9, -1
50, 529, -1
20, 1342, -1
864, 1289, -1
9, 119, -1
1162, 70, -1
499, 382, -1
864, 880, -1
999, 1342, -1
941, 327, -1
153, 1, -1
529, 1, -1
1065, 1162, -1
50, 1342, -1
837, 382, -1
880, 371, -1
1162, 20, -1
837, 1065, -1
700, 660, -1
4, 1073, -1
700, 4, -1
156, 941, -1
837, 9, -1
700, 1172, -1
768, 4, -1
453, 1, -1
382, 1289, -1
1, 20, -1
20, 119, -1
1336, 1117, -1
1300, 529, -1
562, 838, -1
736, 725, -1
153, 499, -1
1336, 70, -1
1117, 529, -1
700, 1073, -1
562, 941, -1
594, 1162, -1
1065, 119, -1
736, 837, -1
1, 1300, -1
50, 119, -1
1336, 838, -1
529, 382, -1
941, 70, -1
594, 371, -1
880, 725, -1
53, 529, -1
1, 262, -1
403, 4, -1
660, 838, -1
453, 499, -1
999, 941, -1
529, 9, -1
880, 999, -1
768, 529, -1
1162, 1, -1
156, 1, -1
660, 941, -1
1172, 725, -1
880, 864, -1
53, 1342, -1
153, 1289, -1
838, 327, -1
499, 1117, -1
1172, 837, -1
1336, 689, -1
700, 371, -1
4, 9, -1
660, 1162, -1
1342, 9, -1
725, 736, -1
725, 562, -1
725, 864, -1
725, 153, -1
119, 999, -1
725, 1065, -1
1, 1162, -1
70, 594, -1
725, 9, -1
453, 880, -1
1342, 20, -1
4, 1289, -1
1172, 594, -1
1162, 864, -1
1342, 941, -1
1, 499, -1
1162, 153, -1
594, 864, -1
4, 50, -1
838, 50, -1
594, 153, -1
70, 4, -1
1342, 660, -1
1, 700, -1
327, 941, -1
594, 1065, -1
20, 1162, -1
403, 1162, -1
725, 20, -1
1, 529, -1
4, 562, -1
838, 562, -1
1172, 880, -1
838, 1172, -1
594, 9, -1
1342, 1172, -1
838, 153, -1
838, 1300, -1
1342, 1117, -1
1342, 1300, -1
999, 1162, -1
4, 1065, -1
725, 660, -1
1342, 70, -1
20, 700, -1
453, 594, -1
725, 1172, -1
725, 1117, -1
700, 50, -1
327, 1162, -1
725, 1300, -1
382, 1162, -1
1336, 1289, -1
837, 156, -1
53, 4, -1
594, 1289, -1
700, 562, -1
156, 880, -1
700, 864, -1
838, 20, -1
660, 880, -1
453, 4, -1
70, 941, -1
1342, 529, -1
382, 700, -1
838, 660, -1
382, 837, -1
1300, 4, -1
1, 837, -1
1342, 403, -1
725, 529, -1
1, 736, -1
562, 880, -1
838, 1117, -1
1, 864, -1
1117, 4, -1
70, 1162, -1
119, 1231, -1
403, 880, -1
156, 594, -1
1342, 1162, -1
838, 689, -1
725, 403, -1
1342, 689, -1
660, 594, -1
9, 880, -1
262, 941, -1
1172, 1162, -1
1342, 371, -1
725, 1162, -1
1, 768, -1
1342, 499, -1
382, 725, -1
725, 689, -1
1342, 453, -1
70, 700, -1
1342, 700, -1
50, 880, -1
1342, 53, -1
499, 50, -1
1342, 837, -1
1, 1289, -1
725, 371, -1
53, 1162, -1
725, 499, -1
1342, 382, -1
725, 453, -1
499, 562, -1
499, 864, -1
838, 156, -1
725, 700, -1
1342, 156, -1
838, 403, -1
1162, 689, -1
725, 53, -1
594, 689, -1
453, 1162, -1
837, 660, -1
837, 4, -1
529, 736, -1
529, 864, -1
53, 700, -1
1300, 1162, -1
837, 1172, -1
725, 156, -1
837, 1300, -1
1342, 768, -1
20, 4, -1
262, 529, -1
70, 725, -1
1117, 1162, -1
453, 700, -1
838, 371, -1
1, 838, -1
700, 403, -1
1342, 1289, -1
1065, 880, -1
838, 453, -1
725, 768, -1
1342, 880, -1
1342, 50, -1
529, 768, -1
1300, 700, -1
382, 941, -1
838, 53, -1
70, 837, -1
1, 941, -1
1342, 736, -1
1342, 562, -1
382, 4, -1
4, 864, -1
725, 1289, -1
837, 20, -1
153, 880, -1
1342, 864, -1
1342, 153, -1
725, 880, -1
725, 50, -1
262, 1162, -1
1342, 1065, -1
156, 1162, -1
4, 529, -1
594, 529, -1

