1, 0, 1
4, 0, 1
4, 1, 1
0, 1, 1
0, 4, 1
1, 4, 1
499, 580, -1
0, 580, -1
0, 499, -1
1, 580, -1
1, 499, -1
4, 580, -1
4, 499, -1
580, 4, -1
499, 4, -1

30, 499, 1
377, 9, 1
9, 580, -1
9, 499, -1
9, 0, -1
9, 1, -1
9, 4, -1
30, 580, -1
30, 0, -1
30, 1, -1
30, 4, -1
30, 9, -1
377, 580, -1
377, 499, -1
377, 30, -1
377, 0, -1
377, 1, -1
377, 4, -1
499, 4, -1
0, 499, -1
30, 377, -1
0, 9, -1
1, 499, -1
1, 377, -1
499, 580, -1
9, 30, -1
4, 377, -1
580, 377, -1
499, 377, -1
0, 377, -1
0, 30, -1
1, 9, -1
1, 30, -1
4, 30, -1
580, 30, -1

28, 0, 1
28, 1, 1
28, 4, 1
703, 499, 1
703, 30, 1
0, 1, 1
0, 4, 1
1, 4, 1
499, 30, 1
1, 28, 1
4, 28, 1
0, 28, 1
499, 703, 1
30, 703, 1
28, 580, -1
28, 499, -1
28, 30, -1
28, 9, -1
28, 377, -1
703, 580, -1
703, 0, -1
703, 1, -1
703, 4, -1
703, 28, -1
703, 9, -1
703, 377, -1
1442, 580, -1
1442, 499, -1
1442, 30, -1
1442, 703, -1
1442, 0, -1
1442, 1, -1
1442, 4, -1
1442, 28, -1
1442, 9, -1
1442, 377, -1
0, 30, -1
377, 1, -1
1, 580, -1
377, 4, -1
0, 1442, -1
4, 30, -1
9, 499, -1
0, 377, -1
0, 499, -1
1, 30, -1
0, 703, -1
9, 1, -1
580, 30, -1
9, 4, -1
1, 1442, -1
377, 30, -1
4, 703, -1
1, 499, -1
28, 703, -1
0, 580, -1
1, 703, -1
499, 4, -1
377, 499, -1
0, 9, -1
499, 28, -1
4, 580, -1
9, 30, -1
499, 580, -1
9, 703, -1
9, 28, -1
580, 28, -1
580, 703, -1
580, 4, -1
377, 703, -1
377, 28, -1

56, 9, 1
56, 377, 1
1345, 9, 1
1345, 377, 1
1345, 56, 1
212, 0, 1
212, 1, 1
212, 4, 1
212, 28, 1
36, 0, 1
36, 1, 1
36, 4, 1
36, 28, 1
36, 212, 1
0, 1, 1
1, 28, 1
0, 36, 1
0, 4, 1
212, 36, 1
4, 28, 1
0, 212, 1
1, 4, 1
0, 28, 1
1, 36, 1
1, 212, 1
377, 9, 1
9, 377, 1
56, 1345, 1
28, 4, 1
4, 212, 1
28, 212, 1
28, 36, 1
4, 36, 1
56, 580, -1
56, 499, -1
56, 30, -1
56, 703, -1
56, 0, -1
56, 1, -1
56, 4, -1
56, 28, -1
56, 1442, -1
1345, 580, -1
1345, 499, -1
1345, 30, -1
1345, 703, -1
1345, 0, -1
1345, 1, -1
1345, 4, -1
1345, 28, -1
1345, 1442, -1
212, 580, -1
212, 499, -1
212, 30, -1
212, 703, -1
212, 9, -1
212, 377, -1
212, 56, -1
212, 1345, -1
212, 1442, -1
36, 580, -1
36, 499, -1
36, 30, -1
36, 703, -1
36, 9, -1
36, 377, -1
36, 56, -1
36, 1345, -1
36, 1442, -1
0, 30, -1
377, 1, -1
1, 580, -1
377, 4, -1
1442, 212, -1
9, 1442, -1
0, 1442, -1
377, 28, -1
1442, 4, -1
4, 30, -1
0, 377, -1
9, 499, -1
1345, 212, -1
499, 36, -1
1, 9, -1
0, 499, -1
377, 580, -1
9, 212, -1
9, 703, -1
1, 30, -1
0, 703, -1
1442, 28, -1
9, 30, -1
9, 1, -1
0, 56, -1
9, 4, -1
1, 1442, -1
56, 36, -1
377, 30, -1
377, 36, -1
9, 28, -1
4, 703, -1
1, 499, -1
1, 377, -1
28, 703, -1
9, 580, -1
0, 580, -1
377, 1442, -1
1, 703, -1
499, 4, -1
1442, 36, -1
56, 212, -1
377, 499, -1
0, 9, -1
377, 212, -1
4, 580, -1
28, 30, -1
1345, 36, -1
499, 28, -1
0, 1345, -1
28, 580, -1
377, 703, -1
9, 36, -1
28, 377, -1
30, 377, -1
4, 9, -1
30, 36, -1
499, 212, -1
580, 9, -1
580, 28, -1
1442, 9, -1
28, 9, -1
1442, 377, -1
1, 56, -1
499, 9, -1
30, 9, -1
580, 4, -1
4, 377, -1
580, 377, -1
499, 377, -1
580, 36, -1

979, 9, 1
979, 377, 1
979, 56, 1
979, 1345, 1
701, 499, 1
701, 30, 1
701, 703, 1
336, 9, 1
336, 377, 1
336, 56, 1
336, 1345, 1
336, 979, 1
56, 377, 1
377, 56, 1
499, 30, 1
1345, 9, 1
1345, 979, 1
56, 9, 1
9, 979, 1
1345, 377, 1
499, 703, 1
377, 9, 1
30, 703, 1
1345, 56, 1
56, 336, 1
9, 377, 1
56, 979, 1
56, 1345, 1
377, 979, 1
9, 56, 1
499, 701, 1
377, 336, 1
1345, 336, 1
9, 336, 1
979, 580, -1
979, 499, -1
979, 30, -1
979, 703, -1
979, 0, -1
979, 1, -1
979, 4, -1
979, 28, -1
979, 212, -1
979, 36, -1
979, 1442, -1
701, 580, -1
701, 0, -1
701, 1, -1
701, 4, -1
701, 28, -1
701, 212, -1
701, 36, -1
701, 9, -1
701, 377, -1
701, 56, -1
701, 1345, -1
701, 979, -1
701, 1442, -1
336, 580, -1
336, 499, -1
336, 30, -1
336, 703, -1
336, 701, -1
336, 0, -1
336, 1, -1
336, 4, -1
336, 28, -1
336, 212, -1
336, 36, -1
336, 1442, -1
56, 1, -1
56, 28, -1
377, 28, -1
28, 30, -1
4, 30, -1
0, 499, -1
1345, 703, -1
1345, 1, -1
56, 30, -1
377, 30, -1
9, 28, -1
1, 499, -1
0, 336, -1
580, 703, -1
0, 9, -1
212, 703, -1
0, 30, -1
1442, 703, -1
499, 979, -1
1345, 499, -1
0, 377, -1
9, 499, -1
1, 979, -1
1, 30, -1
56, 0, -1
377, 36, -1
1345, 28, -1
4, 703, -1
56, 1442, -1
377, 1442, -1
56, 212, -1
377, 212, -1
499, 28, -1
1345, 30, -1
36, 703, -1
9, 30, -1
1442, 499, -1
56, 4, -1
377, 4, -1
9, 1442, -1
56, 580, -1
1, 9, -1
377, 580, -1
0, 703, -1
56, 36, -1
56, 701, -1
1, 377, -1
377, 701, -1
28, 703, -1
9, 580, -1
1442, 979, -1
1442, 30, -1
1345, 0, -1
56, 703, -1
1345, 36, -1
0, 1345, -1
377, 703, -1
9, 36, -1
9, 701, -1
1345, 1442, -1
979, 701, -1
1345, 212, -1
499, 36, -1
9, 212, -1
9, 703, -1
1345, 4, -1
0, 56, -1
9, 4, -1
580, 30, -1
36, 30, -1
212, 30, -1
499, 212, -1
1345, 580, -1
1, 703, -1
56, 499, -1
499, 4, -1
377, 499, -1
0, 979, -1
499, 580, -1
1345, 701, -1
0, 701, -1
377, 1, -1
1, 336, -1
4, 9, -1
28, 9, -1
499, 9, -1
30, 9, -1
1442, 56, -1
4, 701, -1
28, 701, -1
580, 9, -1
212, 9, -1
36, 9, -1
1, 701, -1
1442, 336, -1
4, 377, -1
9, 1, -1
499, 377, -1
28, 377, -1
580, 701, -1
30, 377, -1
1442, 9, -1
36, 701, -1
212, 701, -1
580, 377, -1
1442, 701, -1
212, 377, -1
1, 56, -1
36, 377, -1
1442, 377, -1

698, 0, 1
698, 1, 1
698, 4, 1
698, 28, 1
698, 212, 1
698, 36, 1
428, 0, 1
428, 1, 1
428, 4, 1
428, 28, 1
428, 212, 1
428, 36, 1
428, 698, 1
1, 28, 1
0, 36, 1
36, 4, 1
0, 698, 1
212, 4, 1
212, 428, 1
212, 28, 1
36, 28, 1
4, 36, 1
28, 36, 1
0, 212, 1
1, 698, 1
1, 36, 1
698, 428, 1
0, 428, 1
0, 1, 1
0, 4, 1
212, 36, 1
0, 28, 1
1, 212, 1
28, 4, 1
4, 28, 1
1, 4, 1
1, 428, 1
4, 212, 1
28, 428, 1
4, 428, 1
28, 212, 1
698, 580, -1
698, 499, -1
698, 30, -1
698, 703, -1
698, 701, -1
698, 9, -1
698, 377, -1
698, 56, -1
698, 1345, -1
698, 979, -1
698, 336, -1
698, 1442, -1
428, 580, -1
428, 499, -1
428, 30, -1
428, 703, -1
428, 701, -1
428, 9, -1
428, 377, -1
428, 56, -1
428, 1345, -1
428, 979, -1
428, 336, -1
428, 1442, -1
1432, 580, -1
1432, 499, -1
1432, 30, -1
1432, 703, -1
1432, 701, -1
1432, 0, -1
1432, 1, -1
1432, 4, -1
1432, 28, -1
1432, 212, -1
1432, 36, -1
1432, 698, -1
1432, 428, -1
1432, 9, -1
1432, 377, -1
1432, 56, -1
1432, 1345, -1
1432, 979, -1
1432, 336, -1
1432, 1442, -1
56, 428, -1
56, 1, -1
336, 0, -1
377, 428, -1
56, 28, -1
377, 28, -1
4, 30, -1
1442, 4, -1
28, 30, -1
212, 580, -1
0, 499, -1
1345, 1, -1
9, 1, -1
580, 36, -1
9, 28, -1
979, 428, -1
336, 212, -1
212, 701, -1
1, 499, -1
979, 28, -1
336, 4, -1
1442, 36, -1
0, 9, -1
4, 580, -1
212, 703, -1
1345, 698, -1
0, 30, -1
9, 698, -1
1442, 212, -1
0, 1442, -1
0, 377, -1
4, 701, -1
36, 580, -1
336, 36, -1
1, 979, -1
56, 0, -1
1, 30, -1
1345, 428, -1
9, 428, -1
377, 36, -1
1345, 28, -1
4, 703, -1
36, 701, -1
0, 580, -1
336, 1, -1
499, 428, -1
56, 212, -1
377, 212, -1
499, 28, -1
36, 703, -1
28, 580, -1
56, 4, -1
0, 701, -1
979, 36, -1
377, 4, -1
580, 28, -1
1442, 428, -1
1442, 1, -1
336, 698, -1
28, 701, -1
0, 703, -1
1442, 28, -1
979, 212, -1
212, 979, -1
1, 1442, -1
56, 36, -1
979, 4, -1
28, 703, -1
336, 428, -1
212, 499, -1
336, 28, -1
1345, 36, -1
0, 1345, -1
9, 36, -1
377, 1, -1
1, 580, -1
1345, 212, -1
499, 36, -1
9, 212, -1
1, 701, -1
1345, 4, -1
9, 4, -1
36, 30, -1
56, 698, -1
1442, 0, -1
212, 30, -1
499, 212, -1
377, 698, -1
1, 703, -1
499, 4, -1
0, 979, -1
580, 4, -1
30, 36, -1
701, 36, -1

772, 580, 1
157, 499, 1
157, 30, 1
157, 703, 1
157, 701, 1
499, 701, 1
703, 701, 1
30, 701, 1
701, 703, 1
499, 703, 1
30, 703, 1
701, 30, 1
499, 30, 1
701, 157, 1
499, 157, 1
30, 157, 1
772, 499, -1
772, 30, -1
772, 703, -1
772, 701, -1
772, 0, -1
772, 1, -1
772, 4, -1
772, 28, -1
772, 212, -1
772, 36, -1
772, 698, -1
772, 428, -1
772, 9, -1
772, 377, -1
772, 56, -1
772, 1345, -1
772, 979, -1
772, 336, -1
772, 1442, -1
772, 1432, -1
538, 580, -1
538, 772, -1
538, 499, -1
538, 30, -1
538, 703, -1
538, 701, -1
538, 0, -1
538, 1, -1
538, 4, -1
538, 28, -1
538, 212, -1
538, 36, -1
538, 698, -1
538, 428, -1
538, 9, -1
538, 377, -1
538, 56, -1
538, 1345, -1
538, 979, -1
538, 336, -1
538, 1442, -1
538, 1432, -1
157, 580, -1
157, 772, -1
157, 0, -1
157, 1, -1
157, 4, -1
157, 28, -1
157, 212, -1
157, 36, -1
157, 698, -1
157, 428, -1
157, 9, -1
157, 377, -1
157, 56, -1
157, 1345, -1
157, 979, -1
157, 336, -1
157, 1442, -1
157, 1432, -1
157, 538, -1
698, 499, -1
28, 30, -1
4, 30, -1
212, 580, -1
0, 499, -1
979, 499, -1
1345, 703, -1
1442, 580, -1
56, 30, -1
428, 30, -1
580, 36, -1
580, 701, -1
377, 30, -1
212, 701, -1
1, 499, -1
1432, 499, -1
1442, 701, -1
580, 157, -1
580, 703, -1
698, 30, -1
212, 703, -1
336, 580, -1
0, 30, -1
979, 30, -1
1442, 703, -1
1345, 499, -1
9, 499, -1
4, 701, -1
336, 701, -1
1, 30, -1
1432, 30, -1
772, 157, -1
4, 703, -1
36, 701, -1
336, 703, -1
0, 580, -1
499, 428, -1
538, 157, -1
499, 28, -1
1345, 30, -1
36, 703, -1
9, 30, -1
1442, 499, -1
0, 701, -1
1432, 580, -1
580, 28, -1
56, 580, -1
428, 580, -1
377, 580, -1
28, 701, -1
0, 703, -1
1432, 701, -1
336, 499, -1
56, 701, -1
428, 701, -1
377, 701, -1
698, 580, -1
9, 580, -1
28, 703, -1
1442, 30, -1
979, 580, -1
1432, 703, -1
56, 703, -1
428, 703, -1
377, 703, -1
698, 701, -1
9, 701, -1
499, 772, -1
1, 580, -1
979, 701, -1
336, 30, -1
499, 36, -1
698, 703, -1
9, 703, -1
1, 701, -1
979, 703, -1
580, 30, -1
36, 30, -1
212, 30, -1
499, 212, -1
1345, 580, -1
1, 703, -1
56, 499, -1
499, 4, -1
377, 499, -1
580, 4, -1
499, 580, -1
1345, 701, -1
336, 772, -1
1442, 157, -1
1, 772, -1
1432, 772, -1
1345, 157, -1
56, 772, -1
428, 772, -1
698, 157, -1
9, 157, -1
212, 772, -1
0, 157, -1
377, 772, -1
979, 157, -1
1442, 772, -1
4, 157, -1
28, 157, -1
336, 157, -1
698, 772, -1
9, 772, -1
1345, 772, -1
1, 157, -1
0, 772, -1
1432, 157, -1
428, 157, -1
979, 772, -1
56, 157, -1
377, 157, -1
212, 157, -1
36, 157, -1

1084, 580, -1
1084, 772, -1
1084, 499, -1
1084, 30, -1
1084, 703, -1
1084, 701, -1
1084, 157, -1
1084, 0, -1
1084, 1, -1
1084, 4, -1
1084, 28, -1
1084, 212, -1
1084, 36, -1
1084, 698, -1
1084, 428, -1
1084, 9, -1
1084, 377, -1
1084, 56, -1
1084, 1345, -1
1084, 979, -1
1084, 336, -1
1084, 1442, -1
1084, 1432, -1
1084, 538, -1

551, 0, 1
551, 1, 1
551, 4, 1
551, 28, 1
551, 212, 1
551, 36, 1
551, 698, 1
551, 428, 1
191, 0, 1
191, 1, 1
191, 4, 1
191, 28, 1
191, 212, 1
191, 36, 1
191, 698, 1
191, 428, 1
191, 551, 1
1, 28, 1
428, 4, 1
0, 36, 1
36, 4, 1
0, 698, 1
212, 4, 1
212, 428, 1
698, 551, 1
698, 191, 1
428, 28, 1
212, 28, 1
36, 28, 1
698, 212, 1
0, 551, 1
0, 191, 1
4, 36, 1
28, 36, 1
0, 212, 1
1, 698, 1
1, 36, 1
698, 4, 1
698, 428, 1
28, 191, 1
4, 551, 1
28, 551, 1
4, 191, 1
428, 36, 1
0, 428, 1
0, 1, 1
0, 4, 1
698, 28, 1
1, 191, 1
212, 36, 1
1, 551, 1
0, 28, 1
1, 212, 1
428, 551, 1
428, 191, 1
28, 4, 1
36, 191, 1
36, 551, 1
212, 191, 1
212, 551, 1
428, 212, 1
4, 28, 1
1, 4, 1
1, 428, 1
551, 191, 1
698, 36, 1
4, 212, 1
28, 428, 1
4, 428, 1
28, 212, 1
551, 580, -1
551, 772, -1
551, 499, -1
551, 30, -1
551, 703, -1
551, 701, -1
551, 157, -1
551, 9, -1
551, 377, -1
551, 56, -1
551, 1345, -1
551, 979, -1
551, 336, -1
551, 1442, -1
551, 1432, -1
551, 538, -1
551, 1084, -1
191, 580, -1
191, 772, -1
191, 499, -1
191, 30, -1
191, 703, -1
191, 701, -1
191, 157, -1
191, 9, -1
191, 377, -1
191, 56, -1
191, 1345, -1
191, 979, -1
191, 336, -1
191, 1442, -1
191, 1432, -1
191, 538, -1
191, 1084, -1
428, 1084, -1
1432, 28, -1
56, 428, -1
56, 1, -1
538, 428, -1
336, 0, -1
377, 428, -1
1345, 191, -1
56, 28, -1
698, 499, -1
9, 191, -1
28, 30, -1
377, 28, -1
4, 30, -1
1442, 4, -1
212, 580, -1
0, 499, -1
212, 772, -1
1345, 1, -1
698, 538, -1
698, 1084, -1
772, 551, -1
1432, 698, -1
9, 1, -1
499, 191, -1
428, 30, -1
580, 36, -1
0, 1084, -1
703, 698, -1
336, 212, -1
979, 428, -1
212, 701, -1
9, 28, -1
1, 499, -1
1084, 191, -1
701, 191, -1
979, 28, -1
56, 551, -1
538, 551, -1
336, 4, -1
1442, 36, -1
377, 551, -1
0, 9, -1
1, 538, -1
1, 1084, -1
698, 979, -1
698, 30, -1
212, 157, -1
1442, 191, -1
1432, 428, -1
1345, 698, -1
0, 30, -1
9, 698, -1
703, 428, -1
1442, 212, -1
0, 1442, -1
703, 28, -1
1432, 0, -1
772, 36, -1
0, 377, -1
4, 701, -1
979, 551, -1
336, 36, -1
1, 979, -1
56, 0, -1
1, 30, -1
1345, 428, -1
336, 191, -1
30, 191, -1
9, 428, -1
538, 36, -1
377, 36, -1
1345, 28, -1
4, 157, -1
36, 701, -1
1432, 551, -1
0, 580, -1
580, 191, -1
703, 551, -1
336, 1, -1
772, 4, -1
0, 772, -1
157, 191, -1
499, 428, -1
56, 212, -1
428, 157, -1
538, 212, -1
377, 212, -1
499, 28, -1
36, 157, -1
56, 4, -1
0, 701, -1
538, 4, -1
979, 36, -1
377, 4, -1
698, 1442, -1
580, 28, -1
1084, 28, -1
1345, 551, -1
9, 551, -1
428, 580, -1
1442, 428, -1
336, 698, -1
428, 772, -1
28, 701, -1
0, 157, -1
0, 703, -1
979, 212, -1
1442, 28, -1
1432, 36, -1
772, 191, -1
499, 551, -1
703, 36, -1
1, 1442, -1
56, 36, -1
428, 701, -1
979, 4, -1
28, 157, -1
698, 580, -1
1084, 551, -1
698, 772, -1
56, 191, -1
538, 191, -1
1432, 212, -1
377, 191, -1
336, 428, -1
703, 212, -1
336, 28, -1
1345, 36, -1
1442, 551, -1
0, 1345, -1
1432, 4, -1
698, 701, -1
9, 36, -1
703, 4, -1
377, 1, -1
1, 580, -1
212, 1084, -1
538, 28, -1
1, 772, -1
1345, 212, -1
499, 36, -1
979, 191, -1
698, 157, -1
9, 212, -1
1, 701, -1
1345, 4, -1
0, 538, -1
336, 551, -1
1084, 36, -1
9, 4, -1
36, 30, -1
56, 698, -1
212, 30, -1
499, 212, -1
377, 698, -1
1432, 191, -1
580, 551, -1
703, 191, -1
1, 157, -1
499, 4, -1
772, 28, -1
1432, 1, -1
0, 979, -1
580, 4, -1
1084, 4, -1
703, 1, -1
28, 772, -1
36, 1084, -1
1442, 1, -1
36, 580, -1
698, 703, -1
30, 36, -1
36, 772, -1
428, 979, -1
30, 551, -1
212, 979, -1
701, 36, -1
1442, 0, -1
157, 36, -1
4, 703, -1
28, 703, -1
701, 551, -1
28, 1084, -1
1, 703, -1
4, 1084, -1
428, 499, -1
157, 551, -1
212, 499, -1
428, 703, -1
4, 580, -1
212, 703, -1
36, 703, -1
28, 580, -1
4, 772, -1

1075, 0, 1
1075, 1, 1
1075, 4, 1
1075, 28, 1
1075, 212, 1
1075, 36, 1
1075, 698, 1
1075, 428, 1
1075, 551, 1
1075, 191, 1
1240, 499, 1
1240, 30, 1
1240, 703, 1
1240, 701, 1
1240, 157, 1
278, 9, 1
278, 377, 1
278, 56, 1
278, 1345, 1
278, 979, 1
278, 336, 1
1142, 580, 1
1142, 772, 1
0, 698, 1
336, 9, 1
428, 28, 1
580, 772, 1
1, 698, 1
698, 428, 1
4, 551, 1
56, 979, 1
28, 551, 1
336, 377, 1
698, 28, 1
212, 36, 1
499, 703, 1
428, 551, 1
1345, 979, 1
701, 703, 1
1, 428, 1
9, 979, 1
1, 28, 1
36, 4, 1
212, 4, 1
698, 551, 1
56, 336, 1
0, 551, 1
4, 36, 1
56, 9, 1
377, 9, 1
428, 36, 1
1, 551, 1
157, 701, 1
30, 703, 1
336, 56, 1
28, 4, 1
36, 191, 1
56, 377, 1
212, 191, 1
428, 212, 1
772, 580, 1
157, 703, 1
428, 4, 1
0, 36, 1
1345, 377, 1
212, 28, 1
9, 377, 1
336, 1345, 1
698, 212, 1
499, 30, 1
28, 36, 1
0, 212, 1
698, 4, 1
28, 191, 1
4, 191, 1
701, 30, 1
0, 4, 1
1, 212, 1
428, 191, 1
1345, 9, 1
4, 28, 1
1, 4, 1
551, 191, 1
698, 36, 1
212, 428, 1
698, 191, 1
36, 28, 1
336, 979, 1
0, 191, 1
499, 701, 1
1, 36, 1
191, 551, 1
56, 1345, 1
377, 979, 1
0, 428, 1
0, 1, 1
157, 30, 1
1, 191, 1
499, 157, 1
0, 28, 1
36, 551, 1
212, 551, 1
701, 157, 1
212, 1075, 1
377, 56, 1
191, 36, 1
56, 278, 1
377, 278, 1
191, 698, 1
979, 377, 1
377, 336, 1
30, 701, 1
428, 1075, 1
698, 1075, 1
1345, 56, 1
0, 1075, 1
9, 56, 1
191, 212, 1
4, 212, 1
703, 701, 1
1345, 278, 1
28, 212, 1
9, 336, 1
1345, 336, 1
9, 278, 1
30, 157, 1
772, 1142, 1
191, 1, 1
191, 1075, 1
979, 278, 1
191, 4, 1
191, 428, 1
28, 428, 1
4, 428, 1
1, 1075, 1
191, 28, 1
979, 9, 1
580, 1142, 1
336, 278, 1
1075, 580, -1
1075, 772, -1
1075, 499, -1
1075, 30, -1
1075, 703, -1
1075, 701, -1
1075, 157, -1
1075, 9, -1
1075, 377, -1
1075, 56, -1
1075, 1345, -1
1075, 979, -1
1075, 336, -1
1075, 1442, -1
1075, 1432, -1
1075, 538, -1
1075, 1084, -1
1240, 580, -1
1240, 772, -1
1240, 0, -1
1240, 1, -1
1240, 4, -1
1240, 28, -1
1240, 212, -1
1240, 36, -1
1240, 698, -1
1240, 428, -1
1240, 551, -1
1240, 191, -1
1240, 1075, -1
1240, 9, -1
1240, 377, -1
1240, 56, -1
1240, 1345, -1
1240, 979, -1
1240, 336, -1
1240, 1442, -1
1240, 1432, -1
1240, 538, -1
1240, 1084, -1
278, 580, -1
278, 772, -1
278, 499, -1
278, 30, -1
278, 703, -1
278, 701, -1
278, 157, -1
278, 1240, -1
278, 0, -1
278, 1, -1
278, 4, -1
278, 28, -1
278, 212, -1
278, 36, -1
278, 698, -1
278, 428, -1
278, 551, -1
278, 191, -1
278, 1075, -1
278, 1442, -1
278, 1432, -1
278, 538, -1
278, 1084, -1
1142, 499, -1
1142, 30, -1
1142, 703, -1
1142, 701, -1
1142, 157, -1
1142, 1240, -1
1142, 0, -1
1142, 1, -1
1142, 4, -1
1142, 28, -1
1142, 212, -1
1142, 36, -1
1142, 698, -1
1142, 428, -1
1142, 551, -1
1142, 191, -1
1142, 1075, -1
1142, 9, -1
1142, 377, -1
1142, 56, -1
1142, 1345, -1
1142, 979, -1
1142, 336, -1
1142, 278, -1
1142, 1442, -1
1142, 1432, -1
1142, 538, -1
1142, 1084, -1
56, 538, -1
428, 1084, -1
1432, 28, -1
28, 979, -1
212, 580, -1
0, 499, -1
1345, 1, -1
698, 1084, -1
1442, 580, -1
499, 191, -1
56, 30, -1
580, 36, -1
580, 701, -1
538, 30, -1
979, 1084, -1
979, 428, -1
212, 701, -1
1, 499, -1
701, 191, -1
979, 28, -1
56, 551, -1
538, 551, -1
1442, 36, -1
1442, 701, -1
580, 157, -1
0, 9, -1
212, 157, -1
157, 1142, -1
1442, 157, -1
0, 1442, -1
580, 278, -1
1345, 499, -1
1432, 0, -1
0, 377, -1
1432, 9, -1
212, 278, -1
1, 979, -1
336, 191, -1
191, 703, -1
1432, 377, -1
336, 703, -1
4, 1142, -1
0, 772, -1
499, 1084, -1
499, 428, -1
428, 157, -1
538, 703, -1
499, 28, -1
36, 703, -1
9, 30, -1
979, 36, -1
698, 1442, -1
1432, 772, -1
428, 278, -1
9, 551, -1
428, 772, -1
336, 698, -1
979, 157, -1
772, 191, -1
1084, 30, -1
979, 4, -1
698, 278, -1
28, 703, -1
772, 703, -1
1084, 551, -1
1442, 30, -1
698, 772, -1
336, 1075, -1
336, 1084, -1
377, 191, -1
336, 428, -1
979, 772, -1
336, 28, -1
1442, 551, -1
377, 703, -1
56, 1142, -1
551, 703, -1
538, 28, -1
4, 979, -1
499, 36, -1
9, 703, -1
0, 56, -1
377, 698, -1
1432, 191, -1
1, 703, -1
56, 499, -1
499, 4, -1
157, 551, -1
538, 499, -1
772, 28, -1
1432, 56, -1
499, 278, -1
377, 1075, -1
377, 1084, -1
336, 0, -1
377, 428, -1
1345, 191, -1
701, 278, -1
377, 28, -1
4, 30, -1
1345, 703, -1
9, 1075, -1
336, 1442, -1
1432, 698, -1
9, 1, -1
0, 1084, -1
9, 28, -1
499, 1432, -1
336, 4, -1
1, 1084, -1
1432, 428, -1
1345, 698, -1
336, 772, -1
212, 1142, -1
1442, 212, -1
772, 36, -1
9, 499, -1
538, 772, -1
36, 772, -1
1345, 1075, -1
1345, 1084, -1
1345, 428, -1
377, 36, -1
772, 157, -1
1345, 28, -1
4, 703, -1
0, 580, -1
703, 551, -1
772, 4, -1
377, 1442, -1
377, 157, -1
772, 278, -1
428, 1142, -1
1442, 499, -1
28, 772, -1
0, 701, -1
377, 4, -1
1432, 580, -1
9, 1442, -1
428, 580, -1
1, 9, -1
0, 157, -1
377, 772, -1
979, 212, -1
1432, 36, -1
1432, 701, -1
212, 979, -1
979, 1142, -1
1, 1442, -1
428, 701, -1
1, 377, -1
698, 580, -1
1442, 979, -1
0, 278, -1
56, 191, -1
9, 772, -1
538, 191, -1
1432, 157, -1
979, 580, -1
56, 703, -1
1345, 36, -1
1432, 4, -1
698, 701, -1
1240, 1142, -1
1345, 1442, -1
979, 701, -1
1, 772, -1
1075, 278, -1
1084, 772, -1
1345, 157, -1
698, 157, -1
428, 979, -1
1345, 4, -1
0, 538, -1
30, 551, -1
580, 30, -1
4, 499, -1
56, 698, -1
212, 30, -1
499, 212, -1
580, 551, -1
1345, 772, -1
499, 1142, -1
56, 1075, -1
499, 580, -1
56, 1084, -1
56, 1, -1
56, 428, -1
538, 428, -1
56, 28, -1
9, 191, -1
1345, 538, -1
698, 538, -1
428, 30, -1
336, 212, -1
1084, 191, -1
580, 703, -1
1084, 703, -1
698, 30, -1
1442, 191, -1
212, 703, -1
336, 580, -1
4, 772, -1
9, 698, -1
979, 30, -1
1442, 703, -1
499, 979, -1
538, 580, -1
36, 580, -1
979, 551, -1
336, 36, -1
336, 701, -1
56, 0, -1
9, 1084, -1
9, 428, -1
538, 36, -1
538, 701, -1
36, 701, -1
336, 157, -1
56, 1442, -1
157, 191, -1
538, 157, -1
377, 212, -1
36, 157, -1
28, 580, -1
56, 4, -1
538, 4, -1
377, 1142, -1
580, 28, -1
1084, 28, -1
1442, 428, -1
36, 278, -1
56, 772, -1
28, 701, -1
772, 701, -1
377, 580, -1
1442, 28, -1
499, 551, -1
0, 1142, -1
28, 157, -1
377, 701, -1
9, 580, -1
701, 551, -1
1432, 212, -1
336, 538, -1
212, 499, -1
28, 278, -1
9, 36, -1
1075, 1142, -1
9, 701, -1
1, 580, -1
1084, 580, -1
336, 30, -1
1345, 212, -1
9, 157, -1
1345, 1142, -1
1, 701, -1
698, 1142, -1
336, 551, -1
1084, 36, -1
1084, 701, -1
9, 4, -1
36, 30, -1
1345, 580, -1
703, 191, -1
1, 157, -1
428, 499, -1
1084, 157, -1
0, 979, -1
580, 4, -1
1084, 4, -1
1345, 701, -1
377, 538, -1
1, 278, -1
698, 499, -1
28, 30, -1
1442, 4, -1
772, 30, -1
979, 499, -1
212, 772, -1
1432, 979, -1
9, 538, -1
772, 551, -1
1442, 772, -1
377, 30, -1
0, 336, -1
377, 551, -1
1, 538, -1
698, 979, -1
4, 580, -1
701, 1142, -1
0, 30, -1
1432, 336, -1
4, 701, -1
157, 278, -1
1, 30, -1
1432, 30, -1
30, 191, -1
4, 157, -1
1432, 551, -1
580, 191, -1
336, 1, -1
336, 1142, -1
56, 212, -1
538, 212, -1
1345, 30, -1
4, 278, -1
36, 1142, -1
1345, 551, -1
1240, 278, -1
56, 580, -1
0, 703, -1
191, 499, -1
336, 499, -1
56, 36, -1
56, 701, -1
28, 1142, -1
1432, 703, -1
36, 499, -1
56, 157, -1
428, 703, -1
0, 1345, -1
499, 772, -1
377, 1, -1
212, 1084, -1
979, 191, -1
9, 212, -1
698, 703, -1
1432, 1345, -1
538, 979, -1
9, 1142, -1
979, 703, -1
28, 499, -1
36, 979, -1
377, 499, -1
1, 1142, -1
1432, 1, -1
551, 499, -1
4, 9, -1
30, 9, -1
1084, 278, -1
538, 336, -1
701, 580, -1
538, 9, -1
191, 1442, -1
36, 9, -1
157, 9, -1
772, 377, -1
4, 377, -1
701, 36, -1
703, 698, -1
30, 377, -1
157, 36, -1
191, 157, -1
1432, 499, -1
551, 30, -1
191, 1142, -1
428, 377, -1
538, 377, -1
36, 377, -1
191, 278, -1
191, 580, -1
703, 1075, -1
30, 580, -1
191, 772, -1
703, 428, -1
28, 9, -1
772, 9, -1
703, 28, -1
1442, 56, -1
1442, 1142, -1
157, 580, -1
191, 701, -1
30, 36, -1
551, 580, -1
428, 9, -1
701, 979, -1
1442, 278, -1
28, 377, -1
698, 336, -1
336, 1240, -1
191, 538, -1
551, 701, -1
698, 9, -1
30, 1142, -1
538, 1142, -1
30, 278, -1
1, 336, -1
551, 157, -1
191, 979, -1
551, 1142, -1
698, 377, -1
1442, 1075, -1
538, 278, -1
1442, 1, -1
551, 278, -1
499, 377, -1
157, 979, -1
703, 36, -1
1084, 377, -1
191, 1084, -1
1345, 0, -1
703, 212, -1
56, 1240, -1
1432, 1142, -1
538, 1075, -1
538, 56, -1
703, 4, -1
36, 1084, -1
1432, 278, -1
499, 9, -1
191, 30, -1
580, 9, -1
1442, 377, -1
1084, 9, -1
701, 9, -1
698, 56, -1
0, 1240, -1
212, 9, -1
1442, 336, -1
979, 1, -1
1442, 0, -1
1442, 9, -1
580, 377, -1
28, 1084, -1
4, 1084, -1
701, 377, -1
157, 377, -1
1432, 1240, -1
212, 377, -1
1, 56, -1
1432, 1075, -1
1084, 1142, -1
703, 1, -1
698, 1240, -1
1345, 1240, -1
551, 1240, -1
9, 1240, -1
4, 1240, -1
191, 1240, -1
428, 1240, -1
1075, 1240, -1
36, 1240, -1
28, 1240, -1
979, 1240, -1
377, 1240, -1
703, 278, -1
212, 1240, -1
1, 1240, -1

