4, 0, 1
8, 0, 1
8, 4, 1
0, 8, 1
0, 4, 1
1326, 414, -1
0, 414, -1
0, 1326, -1
4, 414, -1
4, 1326, -1
8, 414, -1
8, 1326, -1

5, 1326, 1
1365, 414, 1
223, 1326, 1
223, 5, 1
968, 1326, 1
968, 5, 1
968, 223, 1
1077, 414, 1
1077, 1365, 1
1421, 414, 1
1421, 1365, 1
1421, 1077, 1
1033, 414, 1
1033, 1365, 1
1033, 1077, 1
1033, 1421, 1
1077, 1421, 1
1365, 1421, 1
1365, 1077, 1
5, 223, 1
1326, 223, 1
414, 1421, 1
5, 414, -1
5, 0, -1
5, 4, -1
5, 8, -1
1365, 1326, -1
1365, 5, -1
1365, 0, -1
1365, 4, -1
1365, 8, -1
725, 414, -1
725, 1365, -1
725, 1326, -1
725, 5, -1
725, 0, -1
725, 4, -1
725, 8, -1
223, 414, -1
223, 1365, -1
223, 0, -1
223, 4, -1
223, 8, -1
223, 725, -1
968, 414, -1
968, 1365, -1
968, 0, -1
968, 4, -1
968, 8, -1
968, 725, -1
1077, 1326, -1
1077, 5, -1
1077, 223, -1
1077, 968, -1
1077, 0, -1
1077, 4, -1
1077, 8, -1
1077, 725, -1
1421, 1326, -1
1421, 5, -1
1421, 223, -1
1421, 968, -1
1421, 0, -1
1421, 4, -1
1421, 8, -1
1421, 725, -1
1033, 1326, -1
1033, 5, -1
1033, 223, -1
1033, 968, -1
1033, 0, -1
1033, 4, -1
1033, 8, -1
1033, 725, -1
5, 1365, -1
8, 223, -1
0, 1421, -1
4, 1077, -1
8, 1077, -1
0, 414, -1
414, 1326, -1
0, 1326, -1
0, 5, -1
0, 1033, -1
725, 223, -1
4, 1421, -1
968, 1421, -1
4, 414, -1
725, 1077, -1
8, 1421, -1
5, 1077, -1
4, 1326, -1
4, 5, -1
8, 414, -1
0, 1365, -1
968, 1033, -1
1365, 223, -1
8, 1326, -1
8, 5, -1
8, 1033, -1
0, 968, -1
725, 1421, -1
1326, 414, -1
4, 1365, -1
5, 1421, -1
414, 223, -1
8, 1365, -1
725, 1033, -1
0, 223, -1
5, 725, -1
0, 1077, -1
8, 968, -1
1365, 725, -1
4, 223, -1
968, 1077, -1
1326, 1077, -1
1326, 1421, -1
725, 968, -1
1326, 1365, -1
414, 5, -1
1326, 1033, -1
414, 968, -1

1428, 414, 1
1428, 1365, 1
1428, 1077, 1
1428, 1421, 1
1428, 1033, 1
1433, 414, 1
1433, 1365, 1
1433, 1077, 1
1433, 1421, 1
1433, 1033, 1
1433, 1428, 1
1077, 1421, 1
1365, 1421, 1
1033, 1428, 1
1033, 1421, 1
1365, 1077, 1
1077, 414, 1
1077, 1365, 1
1033, 1077, 1
1421, 414, 1
1033, 1433, 1
1365, 414, 1
1077, 1033, 1
1033, 414, 1
1033, 1365, 1
414, 1033, 1
1365, 1033, 1
1421, 1033, 1
414, 1421, 1
1077, 1428, 1
1421, 1077, 1
1421, 1365, 1
584, 414, -1
584, 1365, -1
584, 1077, -1
584, 1421, -1
584, 1033, -1
584, 1326, -1
584, 5, -1
584, 223, -1
584, 968, -1
584, 0, -1
584, 4, -1
584, 8, -1
584, 725, -1
1428, 1326, -1
1428, 5, -1
1428, 223, -1
1428, 968, -1
1428, 0, -1
1428, 4, -1
1428, 8, -1
1428, 725, -1
1428, 584, -1
1433, 1326, -1
1433, 5, -1
1433, 223, -1
1433, 968, -1
1433, 0, -1
1433, 4, -1
1433, 8, -1
1433, 725, -1
1433, 584, -1
0, 1421, -1
8, 1428, -1
4, 1077, -1
1033, 4, -1
8, 1077, -1
0, 414, -1
0, 1433, -1
414, 1326, -1
1077, 4, -1
0, 1033, -1
1033, 223, -1
4, 1421, -1
968, 1421, -1
1365, 4, -1
4, 414, -1
968, 414, -1
968, 1433, -1
8, 1421, -1
1077, 223, -1
8, 414, -1
0, 1365, -1
8, 1433, -1
584, 1428, -1
1421, 1326, -1
968, 1033, -1
1365, 223, -1
8, 1033, -1
725, 1421, -1
4, 1365, -1
968, 1365, -1
5, 1421, -1
725, 414, -1
414, 223, -1
5, 414, -1
1033, 5, -1
8, 1365, -1
1033, 725, -1
0, 1428, -1
1033, 1326, -1
0, 1077, -1
584, 1433, -1
1077, 5, -1
1077, 725, -1
1077, 1326, -1
1365, 1326, -1
1365, 5, -1
1365, 725, -1
968, 1428, -1
1421, 223, -1
968, 1077, -1
1326, 1428, -1
5, 1365, -1
725, 1428, -1
1326, 1421, -1
1421, 725, -1
1326, 1433, -1
5, 1033, -1
725, 1077, -1
5, 1428, -1
1326, 1077, -1
1326, 1365, -1
5, 1077, -1
725, 1365, -1
725, 1433, -1
1326, 1033, -1
1421, 5, -1
4, 1033, -1
725, 1033, -1

14, 0, 1
14, 4, 1
14, 8, 1
17, 584, 1
1458, 0, 1
1458, 4, 1
1458, 8, 1
1458, 14, 1
8, 14, 1
8, 4, 1
0, 4, 1
8, 0, 1
0, 1458, 1
4, 14, 1
8, 1458, 1
0, 8, 1
0, 14, 1
14, 414, -1
14, 1365, -1
14, 1077, -1
14, 1421, -1
14, 1033, -1
14, 1428, -1
14, 1433, -1
14, 1326, -1
14, 5, -1
14, 223, -1
14, 968, -1
14, 725, -1
14, 584, -1
17, 414, -1
17, 1365, -1
17, 1077, -1
17, 1421, -1
17, 1033, -1
17, 1428, -1
17, 1433, -1
17, 1326, -1
17, 5, -1
17, 223, -1
17, 968, -1
17, 0, -1
17, 4, -1
17, 8, -1
17, 14, -1
17, 725, -1
1458, 414, -1
1458, 1365, -1
1458, 1077, -1
1458, 1421, -1
1458, 1033, -1
1458, 1428, -1
1458, 1433, -1
1458, 1326, -1
1458, 5, -1
1458, 223, -1
1458, 968, -1
1458, 725, -1
1458, 584, -1
1458, 17, -1
4, 1077, -1
1033, 4, -1
0, 414, -1
0, 1326, -1
0, 725, -1
0, 5, -1
584, 4, -1
8, 1433, -1
0, 1365, -1
584, 223, -1
968, 14, -1
414, 4, -1
8, 1033, -1
5, 14, -1
1433, 1458, -1
584, 8, -1
968, 0, -1
8, 1428, -1
968, 1458, -1
0, 1433, -1
0, 1033, -1
4, 1421, -1
1326, 0, -1
8, 1421, -1
1428, 14, -1
1433, 4, -1
8, 584, -1
968, 4, -1
1326, 14, -1
1033, 14, -1
0, 1428, -1
584, 414, -1
584, 1326, -1
584, 5, -1
584, 725, -1
584, 14, -1
1077, 14, -1
4, 223, -1
8, 223, -1
0, 1421, -1
584, 1365, -1
17, 1458, -1
968, 8, -1
1326, 1458, -1
584, 0, -1
584, 1077, -1
8, 17, -1
968, 584, -1
0, 223, -1
584, 1433, -1
584, 1033, -1
1365, 14, -1
1326, 4, -1
8, 1077, -1
1433, 14, -1
414, 14, -1
0, 17, -1
4, 414, -1
4, 1326, -1
4, 725, -1
8, 414, -1
4, 5, -1
0, 584, -1
584, 1428, -1
1033, 1458, -1
8, 1326, -1
8, 5, -1
8, 725, -1
1421, 14, -1
4, 1365, -1
584, 1458, -1
1326, 8, -1
8, 1365, -1
1428, 4, -1
584, 1421, -1
725, 14, -1
0, 1077, -1
1033, 17, -1
1033, 0, -1
1433, 8, -1
1433, 17, -1
968, 17, -1
1033, 8, -1
1433, 0, -1

567, 584, 1
567, 17, 1
352, 1326, 1
352, 5, 1
352, 223, 1
352, 968, 1
1115, 0, 1
1115, 4, 1
1115, 8, 1
1115, 14, 1
1115, 1458, 1
1326, 968, 1
5, 968, 1
8, 0, 1
223, 968, 1
1458, 4, 1
1326, 223, 1
8, 1458, 1
0, 8, 1
0, 14, 1
968, 223, 1
5, 223, 1
968, 1326, 1
968, 5, 1
4, 14, 1
8, 14, 1
0, 4, 1
5, 1326, 1
8, 4, 1
1458, 14, 1
0, 1458, 1
584, 17, 1
0, 1115, 1
8, 1115, 1
968, 352, 1
584, 567, 1
1458, 1115, 1
17, 567, 1
567, 414, -1
567, 1365, -1
567, 1077, -1
567, 1421, -1
567, 1033, -1
567, 1428, -1
567, 1433, -1
567, 1326, -1
567, 5, -1
567, 223, -1
567, 968, -1
567, 0, -1
567, 4, -1
567, 8, -1
567, 14, -1
567, 1458, -1
567, 725, -1
352, 414, -1
352, 1365, -1
352, 1077, -1
352, 1421, -1
352, 1033, -1
352, 1428, -1
352, 1433, -1
352, 0, -1
352, 4, -1
352, 8, -1
352, 14, -1
352, 1458, -1
352, 725, -1
352, 584, -1
352, 17, -1
352, 567, -1
1115, 414, -1
1115, 1365, -1
1115, 1077, -1
1115, 1421, -1
1115, 1033, -1
1115, 1428, -1
1115, 1433, -1
1115, 1326, -1
1115, 5, -1
1115, 223, -1
1115, 968, -1
1115, 352, -1
1115, 725, -1
1115, 584, -1
1115, 17, -1
1115, 567, -1
17, 1077, -1
4, 1077, -1
1033, 4, -1
0, 414, -1
968, 567, -1
0, 1326, -1
0, 5, -1
0, 725, -1
4, 567, -1
584, 4, -1
1033, 223, -1
14, 223, -1
8, 567, -1
968, 414, -1
1458, 223, -1
17, 414, -1
5, 1077, -1
968, 725, -1
8, 1433, -1
584, 223, -1
0, 1365, -1
968, 14, -1
17, 1326, -1
17, 725, -1
17, 5, -1
17, 14, -1
8, 1033, -1
968, 1365, -1
17, 1365, -1
5, 414, -1
1033, 17, -1
5, 725, -1
5, 14, -1
1433, 1458, -1
584, 8, -1
0, 567, -1
5, 1365, -1
968, 0, -1
8, 1428, -1
968, 1458, -1
0, 1433, -1
725, 223, -1
0, 1033, -1
4, 1421, -1
968, 1433, -1
8, 1421, -1
1428, 1326, -1
1428, 5, -1
1428, 14, -1
968, 1033, -1
1326, 567, -1
1365, 223, -1
1433, 4, -1
968, 1115, -1
5, 567, -1
17, 1115, -1
1326, 414, -1
1433, 223, -1
8, 584, -1
414, 223, -1
968, 4, -1
1033, 5, -1
1458, 414, -1
1033, 14, -1
17, 4, -1
1326, 14, -1
0, 1428, -1
584, 414, -1
1458, 1326, -1
1458, 5, -1
1458, 725, -1
584, 1326, -1
584, 725, -1
584, 5, -1
1077, 1326, -1
584, 14, -1
4, 223, -1
1077, 14, -1
968, 1428, -1
1421, 223, -1
17, 1428, -1
8, 223, -1
0, 1421, -1
1458, 1365, -1
584, 1365, -1
1433, 17, -1
17, 1458, -1
968, 1421, -1
17, 1421, -1
352, 1115, -1
968, 8, -1
1458, 1077, -1
584, 0, -1
584, 1077, -1
14, 567, -1
8, 17, -1
968, 584, -1
1458, 567, -1
5, 1421, -1
0, 223, -1
1033, 1326, -1
584, 1433, -1
1365, 1326, -1
584, 1033, -1
1365, 14, -1
17, 223, -1
584, 1115, -1
8, 1077, -1
1433, 1326, -1
1433, 5, -1
1433, 14, -1
414, 14, -1
0, 17, -1
4, 414, -1
1458, 1428, -1
4, 1326, -1
1077, 223, -1
4, 5, -1
4, 725, -1
8, 414, -1
0, 584, -1
584, 1428, -1
1421, 1326, -1
968, 17, -1
1033, 1458, -1
8, 5, -1
8, 725, -1
8, 1326, -1
1421, 14, -1
223, 567, -1
4, 1365, -1
584, 1458, -1
1458, 1421, -1
8, 1365, -1
1428, 4, -1
584, 1421, -1
725, 1326, -1
725, 14, -1
0, 1077, -1
1428, 223, -1
968, 1077, -1
1458, 584, -1
725, 968, -1
17, 0, -1
1458, 352, -1
1433, 8, -1
414, 5, -1
584, 352, -1
1428, 567, -1
1421, 567, -1
584, 968, -1
1433, 1115, -1
1033, 0, -1
1433, 352, -1
0, 352, -1
17, 8, -1
725, 567, -1
1033, 567, -1
1326, 1421, -1
0, 968, -1
1428, 352, -1
1077, 567, -1
17, 352, -1
4, 352, -1
8, 352, -1
1365, 567, -1
1033, 8, -1
1433, 0, -1
223, 14, -1
8, 968, -1
414, 567, -1
1033, 1115, -1
1433, 567, -1
725, 352, -1
1033, 352, -1
17, 968, -1
4, 968, -1
1421, 968, -1
1365, 968, -1
14, 968, -1
1033, 968, -1
1458, 968, -1
414, 968, -1
1077, 968, -1
1433, 968, -1
1428, 968, -1

658, 1326, 1
658, 5, 1
658, 223, 1
658, 968, 1
658, 352, 1
707, 584, 1
707, 17, 1
707, 567, 1
294, 414, 1
294, 1365, 1
294, 1077, 1
294, 1421, 1
294, 1033, 1
294, 1428, 1
294, 1433, 1
414, 1421, 1
1433, 414, 1
1421, 1077, 1
1077, 1365, 1
1326, 223, 1
352, 1326, 1
352, 5, 1
1428, 1421, 1
17, 567, 1
1033, 1428, 1
968, 223, 1
5, 223, 1
1433, 1421, 1
1433, 1365, 1
1033, 1077, 1
414, 1365, 1
968, 1326, 1
968, 5, 1
352, 968, 1
1033, 1421, 1
1365, 1077, 1
1428, 1365, 1
1033, 1433, 1
968, 352, 1
1433, 1428, 1
1033, 414, 1
584, 567, 1
1421, 1365, 1
414, 1428, 1
1433, 1077, 1
414, 1077, 1
352, 223, 1
1077, 1421, 1
5, 1326, 1
1365, 1421, 1
1033, 1365, 1
584, 17, 1
1428, 1077, 1
1326, 968, 1
5, 968, 1
1077, 294, 1
223, 968, 1
352, 658, 1
1433, 1033, 1
1365, 294, 1
1428, 414, 1
968, 658, 1
1421, 414, 1
17, 707, 1
1433, 294, 1
1428, 1033, 1
414, 294, 1
1077, 1428, 1
1421, 1033, 1
1428, 294, 1
1421, 294, 1
584, 707, 1
1077, 414, 1
1365, 414, 1
1077, 1033, 1
1365, 1033, 1
1033, 294, 1
414, 1033, 1
658, 414, -1
658, 1365, -1
658, 1077, -1
658, 1421, -1
658, 1033, -1
658, 1428, -1
658, 1433, -1
658, 0, -1
658, 4, -1
658, 8, -1
658, 14, -1
658, 1458, -1
658, 1115, -1
658, 725, -1
658, 584, -1
658, 17, -1
658, 567, -1
707, 414, -1
707, 1365, -1
707, 1077, -1
707, 1421, -1
707, 1033, -1
707, 1428, -1
707, 1433, -1
707, 1326, -1
707, 5, -1
707, 223, -1
707, 968, -1
707, 352, -1
707, 658, -1
707, 0, -1
707, 4, -1
707, 8, -1
707, 14, -1
707, 1458, -1
707, 1115, -1
707, 725, -1
294, 1326, -1
294, 5, -1
294, 223, -1
294, 968, -1
294, 352, -1
294, 658, -1
294, 0, -1
294, 4, -1
294, 8, -1
294, 14, -1
294, 1458, -1
294, 1115, -1
294, 725, -1
294, 584, -1
294, 17, -1
294, 567, -1
294, 707, -1
17, 1077, -1
4, 1077, -1
658, 707, -1
1033, 4, -1
352, 707, -1
1433, 658, -1
0, 414, -1
968, 567, -1
584, 294, -1
0, 1326, -1
0, 5, -1
4, 567, -1
584, 4, -1
1033, 223, -1
1421, 567, -1
1433, 1115, -1
352, 17, -1
8, 567, -1
414, 1115, -1
14, 223, -1
968, 414, -1
1458, 223, -1
17, 414, -1
5, 1077, -1
968, 725, -1
8, 1433, -1
0, 1365, -1
584, 223, -1
968, 14, -1
17, 5, -1
17, 725, -1
17, 1326, -1
414, 4, -1
17, 14, -1
8, 1033, -1
1115, 5, -1
968, 1365, -1
17, 1365, -1
5, 414, -1
1033, 17, -1
5, 725, -1
352, 1077, -1
5, 14, -1
1115, 1365, -1
1077, 5, -1
1077, 725, -1
1433, 1458, -1
1326, 1365, -1
352, 567, -1
0, 567, -1
5, 1365, -1
567, 223, -1
8, 1428, -1
0, 1433, -1
352, 414, -1
1458, 968, -1
352, 725, -1
0, 1033, -1
725, 223, -1
352, 14, -1
584, 968, -1
1115, 1077, -1
4, 1421, -1
1326, 1077, -1
968, 1433, -1
8, 1421, -1
1428, 1326, -1
1428, 5, -1
1428, 725, -1
17, 1433, -1
17, 658, -1
1115, 567, -1
1428, 14, -1
968, 1033, -1
1326, 567, -1
352, 1365, -1
0, 352, -1
1433, 4, -1
1365, 223, -1
968, 1115, -1
1326, 1433, -1
5, 567, -1
17, 1115, -1
1326, 414, -1
1033, 707, -1
1115, 1326, -1
1077, 567, -1
1433, 223, -1
8, 584, -1
1326, 1033, -1
414, 223, -1
968, 4, -1
1033, 5, -1
1033, 725, -1
1458, 414, -1
1033, 14, -1
0, 1428, -1
17, 4, -1
1326, 14, -1
584, 414, -1
1458, 1326, -1
8, 968, -1
1458, 5, -1
584, 1326, -1
584, 5, -1
584, 725, -1
1077, 1326, -1
584, 14, -1
1077, 14, -1
4, 223, -1
968, 1428, -1
1421, 223, -1
17, 1428, -1
414, 707, -1
8, 223, -1
0, 1421, -1
1458, 1365, -1
584, 1365, -1
352, 1433, -1
1115, 1428, -1
1428, 567, -1
1433, 17, -1
17, 1458, -1
968, 1421, -1
352, 1033, -1
17, 1421, -1
352, 1115, -1
1115, 1421, -1
1458, 1077, -1
1033, 567, -1
352, 4, -1
584, 1077, -1
14, 567, -1
8, 17, -1
968, 584, -1
1458, 567, -1
5, 1421, -1
968, 294, -1
17, 294, -1
0, 223, -1
1033, 1326, -1
352, 1428, -1
584, 1433, -1
584, 658, -1
414, 567, -1
1365, 1326, -1
1326, 294, -1
584, 1033, -1
1365, 5, -1
1365, 725, -1
1365, 14, -1
17, 223, -1
584, 1115, -1
707, 294, -1
1433, 707, -1
5, 294, -1
352, 1421, -1
8, 1077, -1
1458, 352, -1
1433, 1326, -1
1433, 5, -1
1433, 725, -1
414, 5, -1
414, 725, -1
584, 352, -1
1433, 14, -1
1115, 223, -1
414, 14, -1
0, 17, -1
1326, 1428, -1
968, 707, -1
1458, 1428, -1
4, 1326, -1
1077, 223, -1
8, 414, -1
4, 5, -1
352, 584, -1
0, 584, -1
584, 1428, -1
1421, 5, -1
1421, 725, -1
1421, 1326, -1
658, 294, -1
968, 17, -1
1033, 1458, -1
725, 567, -1
1421, 14, -1
352, 294, -1
8, 1326, -1
8, 5, -1
223, 567, -1
1326, 1421, -1
0, 968, -1
4, 1365, -1
584, 1458, -1
1458, 1421, -1
1033, 658, -1
1365, 567, -1
1428, 4, -1
584, 1421, -1
8, 352, -1
725, 1326, -1
8, 1365, -1
0, 1077, -1
1033, 1115, -1
1433, 567, -1
1428, 223, -1
968, 1077, -1
1077, 1115, -1
725, 968, -1
14, 968, -1
1458, 294, -1
1033, 968, -1
0, 707, -1
968, 1458, -1
0, 658, -1
414, 1326, -1
1077, 4, -1
414, 17, -1
1077, 968, -1
1365, 4, -1
725, 1428, -1
1365, 968, -1
4, 414, -1
725, 1077, -1
5, 1428, -1
1421, 658, -1
1433, 352, -1
8, 707, -1
8, 658, -1
1428, 17, -1
4, 1033, -1
0, 294, -1
567, 1326, -1
414, 968, -1
17, 1033, -1
1433, 968, -1
1421, 17, -1
1115, 707, -1
1115, 414, -1
725, 1421, -1
1115, 1033, -1
725, 414, -1
725, 1433, -1
4, 294, -1
725, 658, -1
4, 352, -1
1428, 352, -1
17, 352, -1
223, 707, -1
725, 1033, -1
1458, 707, -1
1428, 968, -1
8, 294, -1
1458, 658, -1
1077, 707, -1
223, 14, -1
17, 968, -1
4, 968, -1
1421, 968, -1
567, 968, -1
5, 1033, -1
1077, 658, -1
1365, 658, -1
1458, 1033, -1
1115, 294, -1
1115, 352, -1
1115, 968, -1
725, 1365, -1
352, 1458, -1
1077, 17, -1
725, 294, -1
725, 352, -1
1365, 17, -1
1033, 352, -1
1458, 1433, -1

1086, 0, 1
1086, 4, 1
1086, 8, 1
1086, 14, 1
1086, 1458, 1
1086, 1115, 1
536, 584, 1
536, 17, 1
536, 567, 1
536, 707, 1
8, 0, 1
1458, 4, 1
8, 1458, 1
0, 8, 1
0, 14, 1
1458, 1115, 1
17, 567, 1
0, 1115, 1
17, 707, 1
4, 14, 1
8, 14, 1
0, 4, 1
707, 567, 1
8, 1115, 1
1115, 14, 1
584, 567, 1
17, 584, 1
8, 4, 1
584, 707, 1
1458, 14, 1
0, 1458, 1
1115, 4, 1
584, 17, 1
1458, 1086, 1
1115, 1086, 1
584, 536, 1
4, 1086, 1
0, 1086, 1
17, 536, 1
8, 1086, 1
1086, 414, -1
1086, 1365, -1
1086, 1077, -1
1086, 1421, -1
1086, 1033, -1
1086, 1428, -1
1086, 1433, -1
1086, 294, -1
1086, 1326, -1
1086, 5, -1
1086, 223, -1
1086, 968, -1
1086, 352, -1
1086, 658, -1
1086, 725, -1
1086, 584, -1
1086, 17, -1
1086, 567, -1
1086, 707, -1
536, 414, -1
536, 1365, -1
536, 1077, -1
536, 1421, -1
536, 1033, -1
536, 1428, -1
536, 1433, -1
536, 294, -1
536, 1326, -1
536, 5, -1
536, 223, -1
536, 968, -1
536, 352, -1
536, 658, -1
536, 0, -1
536, 4, -1
536, 8, -1
536, 14, -1
536, 1458, -1
536, 1115, -1
536, 1086, -1
536, 725, -1
17, 1077, -1
4, 1077, -1
1033, 4, -1
658, 707, -1
0, 414, -1
0, 707, -1
707, 968, -1
584, 294, -1
0, 5, -1
0, 725, -1
4, 567, -1
584, 4, -1
352, 8, -1
1421, 567, -1
1433, 1115, -1
8, 567, -1
14, 223, -1
1458, 223, -1
17, 414, -1
0, 1365, -1
8, 1433, -1
8, 658, -1
17, 1326, -1
17, 5, -1
414, 4, -1
17, 725, -1
968, 14, -1
584, 223, -1
17, 14, -1
1115, 707, -1
8, 1033, -1
294, 14, -1
1115, 5, -1
1115, 725, -1
17, 1365, -1
17, 352, -1
707, 5, -1
707, 725, -1
1033, 17, -1
567, 968, -1
5, 14, -1
1115, 1365, -1
1433, 1458, -1
584, 8, -1
658, 567, -1
352, 567, -1
0, 567, -1
707, 1365, -1
567, 223, -1
968, 0, -1
8, 1428, -1
0, 1433, -1
968, 1458, -1
0, 658, -1
294, 0, -1
17, 1086, -1
294, 1458, -1
0, 1033, -1
658, 14, -1
352, 14, -1
4, 1421, -1
1115, 1077, -1
1326, 0, -1
584, 968, -1
294, 567, -1
8, 1421, -1
17, 658, -1
1115, 567, -1
707, 1077, -1
1428, 14, -1
1326, 567, -1
707, 1086, -1
1433, 4, -1
968, 1115, -1
1115, 414, -1
5, 567, -1
17, 1115, -1
1033, 707, -1
294, 1115, -1
1077, 567, -1
968, 4, -1
1458, 707, -1
0, 1428, -1
17, 4, -1
707, 414, -1
1458, 414, -1
1326, 14, -1
1033, 14, -1
584, 414, -1
294, 4, -1
707, 1326, -1
1458, 5, -1
1458, 725, -1
352, 0, -1
707, 14, -1
584, 1326, -1
584, 5, -1
584, 725, -1
584, 14, -1
352, 1458, -1
4, 223, -1
1077, 14, -1
17, 1428, -1
8, 223, -1
0, 1421, -1
707, 352, -1
1458, 1365, -1
584, 1365, -1
1115, 1428, -1
1428, 567, -1
1433, 17, -1
17, 1458, -1
17, 1421, -1
658, 1115, -1
352, 1115, -1
968, 8, -1
1326, 1458, -1
1115, 1421, -1
1458, 1077, -1
658, 4, -1
584, 0, -1
352, 4, -1
1033, 567, -1
584, 1077, -1
14, 567, -1
8, 17, -1
584, 1086, -1
1458, 567, -1
707, 1421, -1
17, 294, -1
0, 223, -1
1458, 658, -1
17, 968, -1
584, 1433, -1
584, 658, -1
1326, 1115, -1
414, 567, -1
584, 1033, -1
1365, 14, -1
17, 223, -1
1326, 4, -1
584, 1115, -1
1433, 707, -1
707, 294, -1
8, 1077, -1
707, 4, -1
1115, 223, -1
1433, 14, -1
584, 352, -1
414, 14, -1
0, 17, -1
707, 223, -1
707, 1428, -1
1458, 1428, -1
4, 5, -1
4, 725, -1
8, 707, -1
8, 414, -1
584, 1428, -1
1033, 1458, -1
725, 567, -1
8, 5, -1
8, 725, -1
1421, 14, -1
294, 8, -1
4, 1365, -1
584, 1458, -1
1458, 1421, -1
1326, 8, -1
1365, 567, -1
1428, 4, -1
8, 1365, -1
584, 1421, -1
725, 14, -1
0, 1077, -1
1033, 1115, -1
1433, 567, -1
968, 1086, -1
1428, 1086, -1
1433, 536, -1
17, 0, -1
1458, 294, -1
352, 707, -1
1421, 1086, -1
1433, 8, -1
968, 567, -1
0, 536, -1
0, 1326, -1
352, 536, -1
968, 707, -1
352, 17, -1
4, 414, -1
4, 707, -1
1033, 0, -1
4, 658, -1
968, 536, -1
725, 1086, -1
4, 1326, -1
1033, 1086, -1
352, 584, -1
5, 1086, -1
0, 584, -1
8, 536, -1
0, 294, -1
968, 17, -1
17, 8, -1
8, 1326, -1
1077, 1086, -1
968, 584, -1
1115, 658, -1
1365, 1086, -1
1115, 1326, -1
223, 707, -1
4, 294, -1
8, 584, -1
1033, 536, -1
14, 658, -1
1033, 8, -1
1433, 0, -1
8, 294, -1
1433, 1086, -1
1458, 1326, -1
658, 1086, -1
352, 1086, -1
1115, 294, -1
1458, 584, -1
1115, 584, -1
1433, 584, -1
658, 584, -1
1033, 584, -1

94, 1326, 1
94, 5, 1
94, 223, 1
94, 968, 1
94, 352, 1
94, 658, 1
915, 1326, 1
915, 5, 1
915, 223, 1
915, 968, 1
915, 352, 1
915, 658, 1
915, 94, 1
1152, 584, 1
1152, 17, 1
1152, 567, 1
1152, 707, 1
1152, 536, 1
484, 414, 1
484, 1365, 1
484, 1077, 1
484, 1421, 1
484, 1033, 1
484, 1428, 1
484, 1433, 1
484, 294, 1
352, 94, 1
1326, 968, 1
1433, 414, 1
1077, 1365, 1
1077, 294, 1
968, 915, 1
1433, 1033, 1
352, 658, 1
1326, 223, 1
658, 1326, 1
968, 94, 1
658, 5, 1
352, 1326, 1
1428, 1421, 1
352, 5, 1
1365, 294, 1
17, 567, 1
1033, 1428, 1
1428, 414, 1
1428, 1433, 1
536, 567, 1
5, 223, 1
1433, 1365, 1
968, 658, 1
1033, 1077, 1
1421, 414, 1
1326, 915, 1
1433, 294, 1
968, 1326, 1
968, 5, 1
17, 707, 1
1428, 1033, 1
414, 294, 1
294, 414, 1
536, 707, 1
352, 915, 1
1326, 94, 1
352, 968, 1
1428, 1077, 1
1033, 1421, 1
1365, 1077, 1
707, 567, 1
5, 94, 1
536, 17, 1
1428, 1365, 1
1033, 1433, 1
1326, 658, 1
1326, 5, 1
1428, 294, 1
968, 352, 1
1433, 1428, 1
1033, 414, 1
584, 567, 1
17, 584, 1
1433, 1077, 1
1421, 294, 1
658, 223, 1
536, 584, 1
352, 223, 1
1077, 1421, 1
1365, 1421, 1
5, 1326, 1
584, 17, 1
584, 707, 1
1077, 414, 1
584, 536, 1
1365, 414, 1
658, 915, 1
1033, 1365, 1
968, 223, 1
1326, 352, 1
1433, 1421, 1
1033, 294, 1
658, 94, 1
414, 1421, 1
1421, 1077, 1
294, 1428, 1
414, 484, 1
5, 968, 1
1433, 484, 1
294, 1077, 1
223, 968, 1
94, 915, 1
414, 1033, 1
294, 1421, 1
1428, 484, 1
414, 1365, 1
17, 536, 1
658, 352, 1
294, 1433, 1
1077, 1428, 1
1421, 1033, 1
17, 1152, 1
294, 484, 1
658, 968, 1
294, 1033, 1
536, 1152, 1
1421, 1365, 1
414, 1428, 1
1033, 484, 1
294, 1365, 1
414, 1077, 1
707, 1152, 1
1077, 484, 1
1077, 1033, 1
584, 1152, 1
1365, 1033, 1
1365, 484, 1
94, 414, -1
94, 1365, -1
94, 1077, -1
94, 1421, -1
94, 1033, -1
94, 1428, -1
94, 1433, -1
94, 294, -1
94, 0, -1
94, 4, -1
94, 8, -1
94, 14, -1
94, 1458, -1
94, 1115, -1
94, 1086, -1
94, 725, -1
94, 584, -1
94, 17, -1
94, 567, -1
94, 707, -1
94, 536, -1
915, 414, -1
915, 1365, -1
915, 1077, -1
915, 1421, -1
915, 1033, -1
915, 1428, -1
915, 1433, -1
915, 294, -1
915, 0, -1
915, 4, -1
915, 8, -1
915, 14, -1
915, 1458, -1
915, 1115, -1
915, 1086, -1
915, 725, -1
915, 584, -1
915, 17, -1
915, 567, -1
915, 707, -1
915, 536, -1
1152, 414, -1
1152, 1365, -1
1152, 1077, -1
1152, 1421, -1
1152, 1033, -1
1152, 1428, -1
1152, 1433, -1
1152, 294, -1
1152, 1326, -1
1152, 5, -1
1152, 223, -1
1152, 968, -1
1152, 352, -1
1152, 658, -1
1152, 94, -1
1152, 915, -1
1152, 0, -1
1152, 4, -1
1152, 8, -1
1152, 14, -1
1152, 1458, -1
1152, 1115, -1
1152, 1086, -1
1152, 725, -1
484, 1326, -1
484, 5, -1
484, 223, -1
484, 968, -1
484, 352, -1
484, 658, -1
484, 94, -1
484, 915, -1
484, 0, -1
484, 4, -1
484, 8, -1
484, 14, -1
484, 1458, -1
484, 1115, -1
484, 1086, -1
484, 725, -1
484, 584, -1
484, 17, -1
484, 567, -1
484, 707, -1
484, 536, -1
484, 1152, -1
1433, 658, -1
1033, 4, -1
352, 707, -1
0, 414, -1
584, 294, -1
968, 567, -1
0, 1326, -1
0, 5, -1
17, 94, -1
968, 414, -1
8, 1433, -1
968, 14, -1
536, 658, -1
1115, 707, -1
8, 1033, -1
17, 1365, -1
294, 352, -1
707, 5, -1
1033, 17, -1
5, 725, -1
1077, 725, -1
352, 567, -1
567, 223, -1
0, 94, -1
8, 1428, -1
1428, 915, -1
0, 1433, -1
352, 414, -1
17, 1086, -1
0, 1033, -1
352, 14, -1
4, 1421, -1
294, 567, -1
968, 1433, -1
536, 1421, -1
1115, 567, -1
658, 1365, -1
1033, 915, -1
968, 1033, -1
1458, 915, -1
1326, 1433, -1
1115, 414, -1
5, 567, -1
707, 94, -1
1115, 1326, -1
1077, 567, -1
1326, 1033, -1
414, 223, -1
968, 4, -1
0, 1428, -1
584, 414, -1
584, 1326, -1
584, 5, -1
1077, 1326, -1
584, 14, -1
1077, 14, -1
968, 1428, -1
1421, 223, -1
8, 223, -1
352, 1433, -1
658, 484, -1
17, 1458, -1
352, 1033, -1
1428, 658, -1
915, 1152, -1
584, 0, -1
352, 4, -1
1326, 484, -1
1086, 1326, -1
1086, 5, -1
17, 294, -1
0, 223, -1
584, 94, -1
1458, 658, -1
707, 484, -1
352, 1428, -1
17, 968, -1
584, 1433, -1
584, 1033, -1
1077, 4, -1
352, 484, -1
707, 223, -1
536, 94, -1
8, 707, -1
584, 1428, -1
658, 294, -1
0, 968, -1
1365, 1086, -1
1458, 1421, -1
8, 352, -1
536, 1365, -1
1433, 1086, -1
584, 484, -1
1033, 1115, -1
658, 707, -1
0, 707, -1
294, 1086, -1
707, 968, -1
536, 1086, -1
294, 915, -1
1421, 567, -1
8, 567, -1
14, 223, -1
1115, 915, -1
17, 414, -1
5, 1077, -1
968, 725, -1
584, 223, -1
5, 1086, -1
17, 1326, -1
17, 5, -1
17, 14, -1
1326, 707, -1
1326, 725, -1
707, 725, -1
1433, 1458, -1
658, 567, -1
0, 567, -1
658, 414, -1
352, 725, -1
1086, 223, -1
658, 14, -1
584, 968, -1
536, 1458, -1
17, 1433, -1
294, 658, -1
1326, 567, -1
17, 1033, -1
968, 1115, -1
1326, 414, -1
4, 294, -1
707, 414, -1
1326, 14, -1
17, 4, -1
536, 294, -1
707, 1326, -1
536, 968, -1
707, 14, -1
584, 725, -1
17, 1428, -1
1458, 1365, -1
1428, 1086, -1
1086, 968, -1
352, 1115, -1
1033, 1086, -1
17, 484, -1
1115, 1421, -1
1458, 1077, -1
658, 4, -1
14, 567, -1
8, 17, -1
5, 1421, -1
658, 1428, -1
414, 1086, -1
414, 915, -1
1365, 1326, -1
1365, 5, -1
1365, 14, -1
17, 223, -1
1326, 4, -1
584, 1115, -1
8, 1077, -1
1433, 1326, -1
1433, 5, -1
707, 4, -1
1428, 1458, -1
1433, 14, -1
8, 915, -1
0, 17, -1
1326, 1428, -1
4, 414, -1
707, 1428, -1
4, 1326, -1
4, 5, -1
536, 414, -1
968, 17, -1
1033, 1458, -1
1086, 567, -1
536, 1326, -1
536, 5, -1
536, 14, -1
1033, 658, -1
1326, 17, -1
1365, 94, -1
0, 1077, -1
0, 915, -1
1433, 94, -1
968, 1077, -1
968, 1086, -1
1458, 294, -1
536, 0, -1
584, 4, -1
4, 94, -1
352, 17, -1
294, 94, -1
8, 658, -1
536, 1433, -1
17, 725, -1
707, 915, -1
536, 1033, -1
17, 352, -1
1152, 484, -1
536, 4, -1
352, 1077, -1
1115, 1365, -1
352, 1086, -1
584, 8, -1
725, 294, -1
5, 1365, -1
536, 1428, -1
968, 1458, -1
0, 658, -1
658, 725, -1
1115, 1077, -1
8, 1421, -1
1428, 1326, -1
1428, 5, -1
1428, 14, -1
1365, 223, -1
0, 352, -1
536, 484, -1
1077, 1086, -1
725, 1421, -1
17, 1115, -1
584, 915, -1
1433, 223, -1
1033, 5, -1
1458, 414, -1
1033, 14, -1
1458, 1326, -1
1458, 5, -1
352, 1458, -1
4, 223, -1
0, 1421, -1
707, 352, -1
536, 223, -1
1428, 94, -1
968, 1421, -1
658, 1115, -1
1086, 915, -1
1033, 94, -1
1115, 658, -1
707, 1421, -1
1458, 94, -1
223, 14, -1
584, 658, -1
294, 968, -1
1326, 1115, -1
1115, 294, -1
1365, 725, -1
414, 94, -1
1433, 707, -1
5, 294, -1
352, 1421, -1
1433, 725, -1
584, 352, -1
1421, 94, -1
8, 94, -1
915, 484, -1
536, 725, -1
725, 94, -1
1086, 658, -1
5, 707, -1
8, 1365, -1
1365, 567, -1
584, 1421, -1
536, 352, -1
1428, 223, -1
1433, 567, -1
1086, 352, -1
17, 1077, -1
1421, 1086, -1
17, 915, -1
4, 567, -1
1033, 223, -1
1433, 1115, -1
1458, 223, -1
0, 1365, -1
294, 1326, -1
294, 5, -1
294, 14, -1
1115, 5, -1
968, 1365, -1
536, 1115, -1
5, 414, -1
658, 1077, -1
567, 968, -1
5, 14, -1
658, 1086, -1
1077, 5, -1
1326, 1365, -1
707, 1365, -1
725, 223, -1
1365, 4, -1
1428, 707, -1
1326, 1077, -1
1326, 1086, -1
968, 484, -1
1428, 725, -1
17, 658, -1
707, 1077, -1
352, 1365, -1
707, 1086, -1
1115, 94, -1
1433, 4, -1
1033, 707, -1
1033, 725, -1
1077, 94, -1
1458, 707, -1
8, 294, -1
8, 968, -1
584, 1365, -1
1428, 567, -1
1433, 17, -1
17, 1421, -1
1326, 1458, -1
0, 294, -1
1033, 567, -1
1428, 1115, -1
584, 1077, -1
536, 8, -1
584, 1086, -1
1458, 567, -1
968, 294, -1
1033, 1326, -1
1433, 915, -1
414, 567, -1
1326, 294, -1
707, 294, -1
294, 223, -1
658, 1421, -1
536, 1077, -1
414, 1326, -1
1115, 223, -1
414, 5, -1
414, 14, -1
536, 915, -1
968, 707, -1
1077, 223, -1
8, 414, -1
1421, 1326, -1
8, 1326, -1
1421, 14, -1
8, 5, -1
352, 294, -1
725, 567, -1
223, 567, -1
1326, 1421, -1
584, 1458, -1
725, 414, -1
725, 1326, -1
1428, 4, -1
4, 1077, -1
14, 968, -1
1433, 1152, -1
352, 536, -1
1077, 968, -1
1086, 1428, -1
414, 1115, -1
968, 1152, -1
1433, 352, -1
1428, 17, -1
4, 1033, -1
414, 4, -1
4, 1152, -1
294, 725, -1
8, 1152, -1
1086, 1421, -1
1077, 915, -1
725, 1433, -1
1033, 536, -1
725, 658, -1
1086, 484, -1
725, 484, -1
4, 352, -1
1428, 968, -1
1077, 707, -1
1033, 584, -1
1086, 294, -1
1458, 584, -1
1033, 968, -1
1458, 968, -1
658, 1152, -1
294, 1458, -1
0, 1152, -1
725, 1428, -1
4, 484, -1
94, 484, -1
414, 968, -1
8, 484, -1
294, 1115, -1
1115, 1152, -1
1115, 1033, -1
8, 584, -1
1421, 968, -1
707, 1033, -1
294, 4, -1
5, 1033, -1
1115, 352, -1
1365, 17, -1
414, 707, -1
725, 968, -1
1433, 536, -1
658, 1433, -1
1115, 1428, -1
0, 484, -1
414, 17, -1
658, 1033, -1
352, 1152, -1
567, 94, -1
1365, 968, -1
5, 1428, -1
1433, 584, -1
725, 915, -1
1428, 1152, -1
8, 536, -1
567, 1326, -1
1433, 968, -1
1421, 17, -1
968, 584, -1
1086, 414, -1
1115, 484, -1
1428, 352, -1
223, 707, -1
1458, 1433, -1
1033, 1152, -1
4, 968, -1
5, 484, -1
1077, 658, -1
1458, 1033, -1
1458, 1152, -1
725, 1365, -1
1086, 1365, -1
1033, 352, -1
1077, 1115, -1
1458, 352, -1
0, 536, -1
414, 725, -1
725, 1077, -1
1086, 1077, -1
968, 536, -1
294, 707, -1
1458, 1428, -1
658, 584, -1
352, 584, -1
0, 584, -1
1421, 725, -1
1421, 5, -1
1086, 94, -1
294, 17, -1
1086, 1433, -1
4, 1365, -1
1086, 1033, -1
725, 1033, -1
1458, 484, -1
1365, 658, -1
1077, 17, -1
725, 352, -1
1115, 968, -1
1421, 658, -1
5, 1152, -1

366, 1326, 1
366, 5, 1
366, 223, 1
366, 968, 1
366, 352, 1
366, 658, 1
366, 94, 1
366, 915, 1
871, 0, 1
871, 4, 1
871, 8, 1
871, 14, 1
871, 1458, 1
871, 1115, 1
871, 1086, 1
572, 1326, 1
572, 5, 1
572, 223, 1
572, 968, 1
572, 352, 1
572, 658, 1
572, 94, 1
572, 915, 1
572, 366, 1
94, 223, 1
352, 94, 1
1326, 968, 1
968, 366, 1
915, 366, 1
4, 1086, 1
94, 366, 1
8, 0, 1
968, 915, 1
352, 658, 1
1458, 4, 1
8, 1086, 1
658, 1326, 1
658, 5, 1
968, 94, 1
352, 5, 1
0, 14, 1
8, 1458, 1
915, 94, 1
352, 1326, 1
1326, 223, 1
0, 8, 1
94, 915, 1
968, 223, 1
1115, 1086, 1
658, 572, 1
352, 572, 1
0, 1115, 1
968, 658, 1
1326, 366, 1
5, 223, 1
1326, 915, 1
14, 1086, 1
968, 1326, 1
968, 5, 1
94, 658, 1
915, 1326, 1
5, 366, 1
915, 5, 1
4, 14, 1
94, 1326, 1
94, 5, 1
352, 915, 1
1326, 94, 1
1458, 1086, 1
968, 572, 1
8, 14, 1
0, 4, 1
352, 968, 1
915, 572, 1
94, 572, 1
5, 94, 1
968, 352, 1
8, 1115, 1
1115, 14, 1
1326, 658, 1
1326, 5, 1
1086, 14, 1
658, 223, 1
352, 223, 1
5, 1326, 1
8, 4, 1
1326, 572, 1
658, 366, 1
1458, 14, 1
352, 366, 1
1115, 4, 1
0, 1086, 1
1326, 352, 1
658, 915, 1
0, 1458, 1
1458, 1115, 1
915, 223, 1
658, 94, 1
1086, 4, 1
5, 968, 1
223, 968, 1
0, 871, 1
1086, 0, 1
658, 352, 1
1086, 1458, 1
658, 968, 1
4, 871, 1
8, 871, 1
915, 352, 1
1086, 8, 1
915, 968, 1
1115, 871, 1
94, 968, 1
1086, 871, 1
14, 871, 1
1086, 1115, 1
366, 572, 1
1458, 871, 1
366, 414, -1
366, 1365, -1
366, 1077, -1
366, 1421, -1
366, 1033, -1
366, 1428, -1
366, 1433, -1
366, 294, -1
366, 484, -1
366, 0, -1
366, 4, -1
366, 8, -1
366, 14, -1
366, 1458, -1
366, 1115, -1
366, 1086, -1
366, 725, -1
366, 584, -1
366, 17, -1
366, 567, -1
366, 707, -1
366, 536, -1
366, 1152, -1
871, 414, -1
871, 1365, -1
871, 1077, -1
871, 1421, -1
871, 1033, -1
871, 1428, -1
871, 1433, -1
871, 294, -1
871, 484, -1
871, 1326, -1
871, 5, -1
871, 223, -1
871, 968, -1
871, 352, -1
871, 658, -1
871, 94, -1
871, 915, -1
871, 366, -1
871, 725, -1
871, 584, -1
871, 17, -1
871, 567, -1
871, 707, -1
871, 536, -1
871, 1152, -1
572, 414, -1
572, 1365, -1
572, 1077, -1
572, 1421, -1
572, 1033, -1
572, 1428, -1
572, 1433, -1
572, 294, -1
572, 484, -1
572, 0, -1
572, 4, -1
572, 8, -1
572, 14, -1
572, 1458, -1
572, 1115, -1
572, 1086, -1
572, 871, -1
572, 725, -1
572, 584, -1
572, 17, -1
572, 567, -1
572, 707, -1
572, 536, -1
572, 1152, -1
14, 294, -1
1433, 658, -1
94, 1077, -1
1033, 4, -1
352, 707, -1
4, 366, -1
94, 1086, -1
0, 414, -1
968, 567, -1
0, 1326, -1
0, 5, -1
536, 366, -1
17, 94, -1
968, 414, -1
8, 1433, -1
968, 14, -1
536, 658, -1
1115, 707, -1
8, 1033, -1
1115, 725, -1
294, 352, -1
707, 5, -1
1115, 572, -1
5, 725, -1
366, 871, -1
1086, 294, -1
352, 567, -1
968, 0, -1
0, 94, -1
8, 1428, -1
915, 1077, -1
915, 1086, -1
223, 4, -1
0, 1433, -1
1428, 915, -1
352, 414, -1
17, 1086, -1
94, 1458, -1
0, 1033, -1
352, 14, -1
4, 1421, -1
658, 871, -1
968, 1433, -1
1115, 567, -1
658, 1365, -1
1033, 915, -1
968, 1033, -1
8, 484, -1
1458, 915, -1
1326, 1433, -1
1115, 414, -1
5, 567, -1
707, 94, -1
1115, 1326, -1
14, 414, -1
1326, 1033, -1
414, 223, -1
968, 4, -1
14, 1326, -1
0, 1428, -1
1326, 871, -1
352, 0, -1
584, 1326, -1
584, 5, -1
1077, 1326, -1
584, 14, -1
1077, 14, -1
968, 1428, -1
1421, 223, -1
8, 223, -1
1428, 366, -1
352, 1433, -1
658, 484, -1
0, 484, -1
17, 1458, -1
352, 1033, -1
1428, 658, -1
94, 1421, -1
968, 8, -1
1033, 366, -1
1152, 94, -1
584, 0, -1
352, 4, -1
1458, 366, -1
1086, 414, -1
1326, 484, -1
1086, 1326, -1
1086, 5, -1
0, 223, -1
584, 94, -1
1458, 658, -1
352, 1428, -1
484, 1086, -1
352, 484, -1
915, 1421, -1
707, 223, -1
536, 94, -1
725, 366, -1
1152, 1086, -1
8, 707, -1
658, 294, -1
8, 725, -1
1086, 94, -1
0, 968, -1
1365, 1086, -1
4, 1365, -1
8, 572, -1
1458, 1421, -1
8, 352, -1
1433, 1086, -1
1033, 1115, -1
4, 1077, -1
658, 707, -1
0, 707, -1
0, 725, -1
536, 1086, -1
294, 915, -1
8, 567, -1
14, 223, -1
1115, 915, -1
0, 572, -1
5, 1077, -1
968, 725, -1
5, 1086, -1
584, 223, -1
17, 1326, -1
17, 5, -1
17, 14, -1
1326, 707, -1
94, 871, -1
1326, 725, -1
94, 1365, -1
1433, 1458, -1
707, 572, -1
658, 567, -1
0, 567, -1
1152, 968, -1
658, 414, -1
352, 725, -1
1086, 223, -1
658, 14, -1
584, 968, -1
536, 1458, -1
1115, 366, -1
14, 366, -1
94, 484, -1
1326, 567, -1
294, 658, -1
968, 1115, -1
915, 871, -1
1077, 366, -1
1326, 414, -1
915, 1365, -1
4, 294, -1
1326, 14, -1
17, 4, -1
707, 1326, -1
536, 968, -1
707, 14, -1
1458, 1365, -1
584, 572, -1
1086, 968, -1
1428, 1086, -1
484, 5, -1
484, 14, -1
352, 1115, -1
1033, 1086, -1
1115, 1421, -1
1458, 1077, -1
658, 4, -1
8, 17, -1
5, 1421, -1
1152, 1326, -1
1152, 5, -1
94, 294, -1
1152, 14, -1
658, 1428, -1
1086, 572, -1
223, 871, -1
414, 915, -1
1365, 1326, -1
1365, 14, -1
17, 223, -1
1326, 4, -1
584, 1115, -1
484, 94, -1
8, 1077, -1
1433, 1326, -1
1433, 5, -1
707, 4, -1
1433, 14, -1
8, 915, -1
0, 17, -1
1326, 1428, -1
4, 414, -1
1152, 0, -1
94, 707, -1
725, 1086, -1
4, 1326, -1
4, 5, -1
223, 1086, -1
968, 17, -1
1033, 1458, -1
536, 1326, -1
536, 5, -1
536, 14, -1
1033, 658, -1
1326, 17, -1
915, 294, -1
1365, 94, -1
0, 1077, -1
0, 915, -1
1433, 94, -1
968, 1077, -1
1152, 4, -1
968, 1086, -1
1458, 294, -1
536, 0, -1
1421, 366, -1
8, 366, -1
94, 567, -1
584, 4, -1
352, 8, -1
4, 94, -1
352, 17, -1
294, 94, -1
94, 414, -1
8, 658, -1
707, 915, -1
94, 14, -1
17, 572, -1
484, 223, -1
352, 1077, -1
536, 4, -1
1115, 1365, -1
352, 1086, -1
0, 366, -1
5, 871, -1
584, 8, -1
5, 1365, -1
968, 1458, -1
0, 658, -1
658, 725, -1
1152, 223, -1
1115, 1077, -1
8, 1421, -1
915, 414, -1
1428, 1326, -1
1428, 5, -1
1428, 14, -1
707, 366, -1
1365, 223, -1
0, 352, -1
915, 14, -1
1077, 1086, -1
17, 1115, -1
584, 915, -1
1433, 223, -1
1033, 5, -1
1458, 414, -1
1033, 14, -1
94, 4, -1
1458, 1326, -1
1458, 5, -1
352, 1458, -1
4, 223, -1
94, 1428, -1
0, 1421, -1
536, 223, -1
1428, 94, -1
968, 1421, -1
658, 1115, -1
484, 572, -1
1086, 915, -1
1033, 94, -1
584, 366, -1
1458, 94, -1
915, 4, -1
223, 14, -1
584, 658, -1
294, 968, -1
1326, 1115, -1
1152, 572, -1
1115, 294, -1
1152, 352, -1
915, 1428, -1
5, 294, -1
352, 1421, -1
584, 352, -1
567, 1086, -1
484, 1326, -1
1421, 94, -1
1433, 572, -1
8, 94, -1
1086, 366, -1
1458, 1428, -1
4, 725, -1
915, 484, -1
725, 94, -1
4, 572, -1
294, 572, -1
1086, 658, -1
536, 572, -1
8, 1365, -1
536, 352, -1
1458, 484, -1
1152, 1115, -1
1428, 223, -1
1086, 352, -1
1421, 1086, -1
17, 915, -1
4, 567, -1
1033, 223, -1
1433, 1115, -1
1458, 223, -1
0, 1365, -1
94, 725, -1
294, 1326, -1
294, 5, -1
968, 871, -1
484, 4, -1
1115, 5, -1
968, 1365, -1
536, 1115, -1
5, 414, -1
658, 1077, -1
5, 14, -1
658, 1086, -1
1326, 1365, -1
17, 366, -1
725, 223, -1
1326, 1077, -1
352, 871, -1
1326, 1086, -1
968, 484, -1
17, 658, -1
915, 725, -1
352, 1365, -1
707, 1086, -1
1115, 94, -1
1433, 4, -1
1428, 572, -1
14, 94, -1
94, 1115, -1
1077, 94, -1
1152, 8, -1
1458, 707, -1
8, 294, -1
8, 968, -1
1458, 725, -1
1033, 572, -1
1458, 572, -1
5, 4, -1
1115, 1428, -1
915, 567, -1
414, 572, -1
1326, 1458, -1
1152, 915, -1
0, 294, -1
567, 14, -1
536, 8, -1
584, 1086, -1
1115, 484, -1
1458, 567, -1
968, 294, -1
1033, 1326, -1
5, 484, -1
1433, 915, -1
484, 366, -1
1326, 294, -1
294, 223, -1
658, 1421, -1
1115, 223, -1
414, 5, -1
536, 915, -1
968, 707, -1
1152, 366, -1
1077, 223, -1
1152, 1458, -1
8, 414, -1
1421, 1326, -1
8, 1326, -1
8, 5, -1
1421, 14, -1
352, 294, -1
223, 567, -1
1326, 1421, -1
1365, 366, -1
1152, 658, -1
584, 1458, -1
725, 1326, -1
1428, 4, -1
725, 14, -1
1433, 366, -1
223, 1115, -1
14, 968, -1
1365, 871, -1
294, 366, -1
707, 968, -1
294, 1086, -1
1077, 968, -1
1086, 1428, -1
4, 658, -1
1433, 352, -1
414, 4, -1
294, 14, -1
1086, 1421, -1
17, 871, -1
1077, 915, -1
294, 871, -1
725, 658, -1
1086, 484, -1
4, 352, -1
17, 352, -1
1033, 8, -1
1428, 968, -1
1077, 572, -1
17, 0, -1
1033, 968, -1
294, 0, -1
1458, 968, -1
294, 1458, -1
1326, 0, -1
414, 968, -1
1428, 871, -1
484, 968, -1
871, 572, -1
294, 1115, -1
1086, 17, -1
1421, 968, -1
294, 4, -1
1115, 352, -1
707, 871, -1
584, 871, -1
1077, 871, -1
707, 352, -1
725, 968, -1
1433, 8, -1
567, 94, -1
1365, 968, -1
1033, 0, -1
725, 915, -1
567, 1326, -1
1433, 968, -1
14, 567, -1
1086, 707, -1
1115, 658, -1
1428, 352, -1
1086, 725, -1
14, 658, -1
17, 968, -1
4, 968, -1
414, 366, -1
1152, 871, -1
725, 572, -1
1033, 871, -1
1086, 1365, -1
414, 94, -1
1033, 352, -1
1365, 572, -1
1458, 352, -1
414, 1326, -1
567, 366, -1
414, 14, -1
1433, 871, -1
414, 871, -1
4, 707, -1
1086, 1077, -1
484, 871, -1
17, 8, -1
1086, 567, -1
484, 352, -1
294, 8, -1
1421, 871, -1
1086, 1433, -1
536, 871, -1
1326, 8, -1
1086, 1033, -1
1433, 0, -1
725, 871, -1
725, 352, -1
1115, 968, -1
414, 658, -1

813, 414, 1
813, 1365, 1
813, 1077, 1
813, 1421, 1
813, 1033, 1
813, 1428, 1
813, 1433, 1
813, 294, 1
813, 484, 1
468, 414, 1
468, 1365, 1
468, 1077, 1
468, 1421, 1
468, 1033, 1
468, 1428, 1
468, 1433, 1
468, 294, 1
468, 484, 1
468, 813, 1
340, 414, 1
340, 1365, 1
340, 1077, 1
340, 1421, 1
340, 1033, 1
340, 1428, 1
340, 1433, 1
340, 294, 1
340, 484, 1
340, 813, 1
340, 468, 1
171, 1326, 1
171, 5, 1
171, 223, 1
171, 968, 1
171, 352, 1
171, 658, 1
171, 94, 1
171, 915, 1
171, 366, 1
171, 572, 1
572, 94, 1
968, 366, 1
484, 1421, 1
94, 366, 1
968, 915, 1
1433, 1033, 1
968, 94, 1
572, 1326, 1
572, 5, 1
658, 572, 1
352, 572, 1
484, 813, 1
968, 1326, 1
968, 5, 1
484, 340, 1
5, 366, 1
294, 414, 1
94, 1326, 1
484, 468, 1
484, 294, 1
915, 572, 1
366, 94, 1
5, 94, 1
968, 352, 1
1433, 1428, 1
366, 1326, 1
5, 1326, 1
1365, 1421, 1
658, 366, 1
352, 366, 1
572, 366, 1
1365, 484, 1
658, 915, 1
352, 915, 1
1433, 1421, 1
1428, 1077, 1
658, 94, 1
414, 1421, 1
352, 94, 1
915, 366, 1
1365, 813, 1
1077, 1365, 1
1433, 484, 1
1365, 340, 1
658, 1326, 1
658, 5, 1
352, 1326, 1
352, 5, 1
1365, 294, 1
915, 94, 1
1433, 813, 1
1428, 414, 1
1433, 340, 1
1326, 366, 1
968, 658, 1
1433, 468, 1
1433, 294, 1
915, 1326, 1
915, 5, 1
414, 294, 1
1326, 94, 1
1428, 1365, 1
1033, 294, 1
1421, 294, 1
468, 340, 1
1077, 414, 1
1033, 1365, 1
352, 658, 1
1428, 1433, 1
1033, 1077, 1
294, 1421, 1
1428, 1033, 1
484, 1365, 1
1033, 1433, 1
1033, 414, 1
1433, 1077, 1
572, 223, 1
484, 1077, 1
1077, 484, 1
813, 340, 1
968, 223, 1
813, 468, 1
94, 223, 1
1077, 813, 1
1433, 414, 1
1077, 340, 1
1077, 468, 1
1077, 294, 1
484, 414, 1
1326, 223, 1
1428, 1421, 1
1033, 1428, 1
366, 223, 1
5, 223, 1
1433, 1365, 1
1421, 414, 1
1428, 484, 1
1077, 1428, 1
968, 572, 1
1428, 813, 1
352, 968, 1
1033, 1421, 1
1365, 1077, 1
1428, 340, 1
1428, 468, 1
1428, 294, 1
1033, 484, 1
658, 223, 1
484, 1428, 1
1077, 1421, 1
352, 223, 1
1033, 813, 1
1365, 414, 1
1033, 340, 1
1033, 468, 1
915, 223, 1
1326, 968, 1
915, 171, 1
1421, 1077, 1
94, 171, 1
294, 1428, 1
414, 484, 1
366, 968, 1
5, 968, 1
294, 1077, 1
223, 968, 1
94, 915, 1
414, 1033, 1
1326, 171, 1
484, 1033, 1
414, 340, 1
414, 813, 1
414, 468, 1
366, 171, 1
414, 1365, 1
1326, 915, 1
94, 658, 1
658, 352, 1
294, 1433, 1
572, 352, 1
94, 5, 1
366, 915, 1
1421, 1033, 1
294, 484, 1
658, 968, 1
572, 968, 1
294, 1033, 1
94, 572, 1
1421, 340, 1
1421, 813, 1
1326, 5, 1
1326, 658, 1
915, 352, 1
294, 340, 1
294, 813, 1
1421, 1365, 1
414, 1428, 1
294, 468, 1
366, 658, 1
294, 1365, 1
414, 1077, 1
915, 968, 1
366, 5, 1
658, 171, 1
94, 968, 1
352, 171, 1
1326, 572, 1
572, 171, 1
366, 572, 1
1077, 1033, 1
1326, 352, 1
1365, 1033, 1
968, 171, 1
572, 915, 1
5, 171, 1
813, 1326, -1
813, 5, -1
813, 223, -1
813, 968, -1
813, 352, -1
813, 658, -1
813, 94, -1
813, 915, -1
813, 366, -1
813, 572, -1
813, 0, -1
813, 4, -1
813, 8, -1
813, 14, -1
813, 1458, -1
813, 1115, -1
813, 1086, -1
813, 871, -1
813, 725, -1
813, 584, -1
813, 17, -1
813, 567, -1
813, 707, -1
813, 536, -1
813, 1152, -1
468, 1326, -1
468, 5, -1
468, 223, -1
468, 968, -1
468, 352, -1
468, 658, -1
468, 94, -1
468, 915, -1
468, 366, -1
468, 572, -1
468, 0, -1
468, 4, -1
468, 8, -1
468, 14, -1
468, 1458, -1
468, 1115, -1
468, 1086, -1
468, 871, -1
468, 725, -1
468, 584, -1
468, 17, -1
468, 567, -1
468, 707, -1
468, 536, -1
468, 1152, -1
378, 414, -1
378, 1365, -1
378, 1077, -1
378, 1421, -1
378, 1033, -1
378, 1428, -1
378, 1433, -1
378, 294, -1
378, 484, -1
378, 813, -1
378, 468, -1
378, 1326, -1
378, 5, -1
378, 223, -1
378, 968, -1
378, 352, -1
378, 658, -1
378, 94, -1
378, 915, -1
378, 366, -1
378, 572, -1
378, 0, -1
378, 4, -1
378, 8, -1
378, 14, -1
378, 1458, -1
378, 1115, -1
378, 1086, -1
378, 871, -1
378, 725, -1
378, 584, -1
378, 17, -1
378, 567, -1
378, 707, -1
378, 536, -1
378, 1152, -1
340, 1326, -1
340, 5, -1
340, 223, -1
340, 968, -1
340, 352, -1
340, 658, -1
340, 94, -1
340, 915, -1
340, 366, -1
340, 572, -1
340, 0, -1
340, 4, -1
340, 8, -1
340, 14, -1
340, 1458, -1
340, 1115, -1
340, 1086, -1
340, 871, -1
340, 725, -1
340, 584, -1
340, 17, -1
340, 567, -1
340, 707, -1
340, 536, -1
340, 1152, -1
340, 378, -1
171, 414, -1
171, 1365, -1
171, 1077, -1
171, 1421, -1
171, 1033, -1
171, 1428, -1
171, 1433, -1
171, 294, -1
171, 484, -1
171, 813, -1
171, 468, -1
171, 340, -1
171, 0, -1
171, 4, -1
171, 8, -1
171, 14, -1
171, 1458, -1
171, 1115, -1
171, 1086, -1
171, 871, -1
171, 725, -1
171, 584, -1
171, 17, -1
171, 567, -1
171, 707, -1
171, 536, -1
171, 1152, -1
171, 378, -1
378, 171, -1
1433, 658, -1
1033, 4, -1
352, 707, -1
4, 366, -1
94, 1086, -1
0, 414, -1
572, 707, -1
968, 567, -1
294, 366, -1
584, 294, -1
0, 1326, -1
0, 5, -1
536, 366, -1
572, 725, -1
17, 94, -1
340, 171, -1
968, 414, -1
8, 1433, -1
968, 14, -1
536, 658, -1
8, 1033, -1
1152, 1421, -1
725, 1433, -1
17, 1365, -1
1077, 707, -1
5, 725, -1
1115, 572, -1
1077, 725, -1
366, 871, -1
352, 567, -1
1077, 572, -1
915, 1077, -1
0, 94, -1
8, 1428, -1
572, 567, -1
915, 1086, -1
1428, 915, -1
0, 1433, -1
352, 414, -1
0, 1033, -1
352, 14, -1
4, 1421, -1
725, 1428, -1
294, 567, -1
658, 871, -1
968, 1433, -1
536, 1421, -1
658, 1365, -1
1033, 915, -1
968, 1033, -1
8, 484, -1
1458, 915, -1
1115, 414, -1
5, 567, -1
1115, 1326, -1
1077, 567, -1
414, 223, -1
968, 4, -1
8, 340, -1
0, 1428, -1
584, 414, -1
1326, 871, -1
584, 1326, -1
584, 5, -1
1077, 1326, -1
1077, 14, -1
968, 1428, -1
1421, 223, -1
5, 468, -1
8, 223, -1
1428, 366, -1
352, 1433, -1
658, 484, -1
0, 484, -1
352, 1033, -1
1428, 658, -1
658, 340, -1
572, 813, -1
1033, 366, -1
0, 340, -1
1077, 171, -1
1152, 94, -1
1458, 366, -1
352, 4, -1
17, 294, -1
0, 223, -1
584, 94, -1
1458, 658, -1
707, 484, -1
352, 1428, -1
1115, 813, -1
414, 366, -1
584, 1433, -1
484, 1086, -1
584, 1033, -1
1152, 1365, -1
5, 813, -1
707, 340, -1
366, 294, -1
1077, 4, -1
352, 484, -1
1433, 871, -1
915, 1421, -1
707, 223, -1
536, 94, -1
725, 366, -1
584, 1428, -1
658, 294, -1
0, 968, -1
1365, 1086, -1
1421, 572, -1
4, 1365, -1
366, 707, -1
8, 572, -1
1458, 1421, -1
8, 352, -1
536, 1365, -1
1433, 1086, -1
572, 1077, -1
1152, 340, -1
584, 484, -1
1033, 1115, -1
658, 707, -1
1458, 468, -1
584, 340, -1
294, 1086, -1
1421, 567, -1
14, 223, -1
1115, 915, -1
0, 572, -1
17, 414, -1
5, 1077, -1
968, 725, -1
5, 1086, -1
584, 223, -1
17, 1326, -1
17, 5, -1
366, 567, -1
1326, 707, -1
94, 871, -1
1077, 915, -1
8, 468, -1
366, 414, -1
366, 14, -1
1433, 1458, -1
658, 567, -1
725, 468, -1
1152, 294, -1
1152, 968, -1
658, 414, -1
352, 725, -1
1086, 223, -1
658, 14, -1
584, 968, -1
1115, 366, -1
17, 1433, -1
1326, 567, -1
1428, 871, -1
17, 1033, -1
1077, 366, -1
915, 871, -1
968, 1115, -1
968, 468, -1
1326, 414, -1
8, 813, -1
915, 1365, -1
4, 294, -1
1326, 14, -1
707, 414, -1
536, 294, -1
536, 968, -1
17, 1428, -1
584, 572, -1
1458, 1365, -1
1428, 1086, -1
572, 1421, -1
484, 5, -1
484, 14, -1
813, 171, -1
0, 813, -1
352, 1115, -1
1033, 1086, -1
352, 468, -1
17, 484, -1
1115, 1421, -1
1458, 1077, -1
658, 4, -1
968, 813, -1
915, 340, -1
1152, 414, -1
5, 1421, -1
17, 340, -1
1152, 1326, -1
1152, 5, -1
94, 294, -1
658, 1428, -1
414, 1086, -1
223, 871, -1
1433, 378, -1
1115, 468, -1
1365, 1326, -1
1365, 5, -1
707, 813, -1
725, 1365, -1
1365, 14, -1
17, 223, -1
484, 94, -1
1077, 1115, -1
8, 1077, -1
1433, 1326, -1
1433, 5, -1
1428, 1458, -1
1433, 14, -1
8, 915, -1
4, 414, -1
94, 707, -1
725, 1077, -1
484, 871, -1
707, 1428, -1
4, 1326, -1
4, 5, -1
352, 813, -1
536, 414, -1
1033, 1458, -1
968, 17, -1
536, 1326, -1
536, 5, -1
378, 340, -1
1152, 1433, -1
915, 294, -1
1033, 658, -1
1152, 1033, -1
1365, 94, -1
0, 1077, -1
0, 915, -1
1433, 94, -1
968, 1077, -1
584, 813, -1
968, 1086, -1
1458, 294, -1
1365, 871, -1
1421, 366, -1
8, 366, -1
94, 567, -1
1152, 1428, -1
4, 94, -1
352, 17, -1
915, 707, -1
294, 94, -1
572, 871, -1
94, 414, -1
8, 658, -1
536, 1433, -1
572, 1365, -1
94, 14, -1
536, 1033, -1
17, 572, -1
294, 871, -1
1152, 484, -1
484, 223, -1
352, 1077, -1
1115, 1365, -1
352, 1086, -1
0, 366, -1
5, 871, -1
572, 1086, -1
725, 294, -1
5, 1365, -1
536, 1428, -1
968, 1458, -1
0, 658, -1
1428, 378, -1
658, 725, -1
1152, 223, -1
1115, 1077, -1
8, 1421, -1
915, 414, -1
1428, 1326, -1
1428, 5, -1
1428, 14, -1
1365, 223, -1
915, 14, -1
1033, 378, -1
0, 352, -1
536, 484, -1
1077, 1086, -1
725, 1421, -1
584, 915, -1
4, 340, -1
1433, 223, -1
1033, 5, -1
536, 340, -1
1458, 414, -1
1033, 14, -1
1458, 1326, -1
1458, 5, -1
352, 1458, -1
4, 223, -1
5, 340, -1
0, 1421, -1
536, 223, -1
484, 725, -1
1428, 94, -1
968, 1421, -1
484, 572, -1
658, 468, -1
0, 468, -1
572, 294, -1
1033, 94, -1
584, 366, -1
1115, 658, -1
17, 813, -1
707, 1421, -1
1458, 94, -1
915, 4, -1
584, 658, -1
1152, 572, -1
1115, 294, -1
1033, 871, -1
1365, 725, -1
1152, 352, -1
414, 94, -1
915, 1428, -1
484, 567, -1
707, 468, -1
1433, 707, -1
5, 294, -1
352, 1421, -1
1365, 572, -1
1433, 725, -1
968, 378, -1
584, 352, -1
484, 1326, -1
1421, 94, -1
414, 871, -1
1433, 572, -1
8, 94, -1
658, 813, -1
1458, 1428, -1
915, 484, -1
725, 94, -1
1421, 871, -1
4, 572, -1
294, 572, -1
5, 707, -1
536, 572, -1
1365, 567, -1
725, 1033, -1
584, 1421, -1
536, 352, -1
8, 1365, -1
1458, 484, -1
1152, 468, -1
1428, 223, -1
1433, 567, -1
352, 378, -1
1458, 340, -1
17, 1077, -1
1421, 1086, -1
572, 414, -1
584, 468, -1
17, 915, -1
1033, 223, -1
1433, 1115, -1
572, 14, -1
1458, 223, -1
0, 1365, -1
366, 1086, -1
294, 1326, -1
968, 871, -1
294, 14, -1
484, 4, -1
1115, 5, -1
968, 1365, -1
725, 484, -1
5, 414, -1
1433, 171, -1
536, 468, -1
658, 1077, -1
5, 14, -1
658, 1086, -1
1077, 5, -1
1152, 813, -1
725, 340, -1
707, 1365, -1
17, 366, -1
468, 171, -1
725, 223, -1
1365, 4, -1
1428, 707, -1
1326, 1086, -1
352, 871, -1
968, 484, -1
1428, 725, -1
17, 658, -1
707, 1077, -1
915, 725, -1
352, 1365, -1
1115, 94, -1
1433, 4, -1
1428, 572, -1
968, 340, -1
1033, 707, -1
536, 813, -1
1033, 725, -1
1077, 94, -1
8, 294, -1
8, 968, -1
1033, 572, -1
1458, 572, -1
1077, 871, -1
584, 1365, -1
1115, 1428, -1
1428, 567, -1
915, 567, -1
414, 572, -1
1152, 1077, -1
17, 1421, -1
5, 1428, -1
352, 340, -1
1152, 915, -1
572, 340, -1
0, 294, -1
1033, 567, -1
1428, 1115, -1
584, 1077, -1
1115, 484, -1
915, 468, -1
968, 294, -1
17, 468, -1
1033, 1326, -1
5, 484, -1
1115, 340, -1
1433, 915, -1
484, 366, -1
414, 567, -1
1326, 294, -1
1428, 171, -1
707, 294, -1
294, 223, -1
658, 1421, -1
536, 1077, -1
414, 1326, -1
1115, 223, -1
414, 14, -1
536, 915, -1
968, 707, -1
1033, 171, -1
1152, 366, -1
1077, 223, -1
8, 414, -1
1421, 1326, -1
8, 1326, -1
8, 5, -1
1421, 14, -1
352, 294, -1
223, 567, -1
915, 813, -1
1365, 366, -1
1152, 658, -1
725, 414, -1
1428, 4, -1
725, 1326, -1
1433, 366, -1
1458, 813, -1
4, 1077, -1
94, 1077, -1
14, 968, -1
414, 658, -1
707, 968, -1
1077, 968, -1
294, 915, -1
1086, 1428, -1
725, 171, -1
1086, 171, -1
1152, 171, -1
414, 1115, -1
366, 1077, -1
1433, 352, -1
1326, 378, -1
4, 1033, -1
414, 4, -1
94, 725, -1
707, 915, -1
294, 5, -1
294, 725, -1
1086, 1421, -1
1326, 725, -1
725, 658, -1
1086, 484, -1
94, 1365, -1
4, 352, -1
17, 352, -1
294, 352, -1
414, 171, -1
1428, 968, -1
707, 5, -1
1033, 17, -1
366, 725, -1
725, 813, -1
1086, 813, -1
1326, 1365, -1
1086, 340, -1
707, 572, -1
1086, 468, -1
1086, 294, -1
223, 340, -1
4, 171, -1
8, 171, -1
1033, 968, -1
536, 171, -1
94, 1458, -1
1458, 968, -1
294, 1458, -1
871, 94, -1
572, 1033, -1
1326, 1077, -1
94, 1433, -1
4, 484, -1
94, 484, -1
871, 1326, -1
871, 5, -1
725, 352, -1
294, 658, -1
707, 366, -1
414, 968, -1
4, 813, -1
1326, 1433, -1
484, 968, -1
871, 572, -1
94, 1115, -1
707, 94, -1
94, 340, -1
294, 1115, -1
1115, 1033, -1
94, 468, -1
1326, 1033, -1
366, 484, -1
94, 4, -1
1421, 968, -1
0, 171, -1
707, 1326, -1
294, 4, -1
707, 1033, -1
5, 1033, -1
366, 813, -1
1115, 352, -1
366, 1115, -1
366, 340, -1
366, 468, -1
414, 707, -1
94, 1428, -1
17, 171, -1
707, 352, -1
1086, 968, -1
725, 968, -1
366, 4, -1
294, 171, -1
871, 366, -1
658, 1433, -1
1115, 171, -1
572, 484, -1
658, 1033, -1
567, 94, -1
1365, 968, -1
94, 1421, -1
366, 1428, -1
658, 1115, -1
707, 171, -1
1326, 1458, -1
1086, 915, -1
725, 915, -1
567, 1326, -1
915, 1033, -1
1433, 968, -1
1086, 414, -1
94, 813, -1
366, 1421, -1
1326, 484, -1
1428, 352, -1
1086, 1326, -1
1086, 5, -1
1458, 1433, -1
17, 968, -1
4, 968, -1
223, 14, -1
1326, 813, -1
294, 968, -1
1326, 1115, -1
1086, 572, -1
1326, 340, -1
725, 572, -1
1077, 658, -1
414, 915, -1
1458, 1033, -1
1326, 468, -1
14, 340, -1
1086, 1365, -1
1033, 352, -1
1326, 4, -1
1458, 352, -1
414, 5, -1
414, 725, -1
94, 378, -1
567, 366, -1
294, 378, -1
1326, 1428, -1
1086, 1077, -1
294, 707, -1
1086, 366, -1
1458, 171, -1
1421, 5, -1
1421, 725, -1
584, 171, -1
484, 352, -1
1086, 94, -1
1326, 1421, -1
294, 17, -1
1086, 1433, -1
1086, 658, -1
1326, 17, -1
1086, 1033, -1
484, 171, -1
1365, 658, -1
366, 1365, -1
1086, 352, -1
1115, 968, -1
1421, 17, -1
484, 17, -1
4, 915, -1
1421, 658, -1
1077, 17, -1
1433, 17, -1
1428, 17, -1
484, 915, -1
414, 17, -1
1365, 17, -1

