832, 761, 1
356, 82, 1
251, 158, 1
835, 692, 1
145, 71, 1
309, 674, -1
8, 775, -1
873, 265, -1
270, 947, -1
583, 391, -1

580, 856, 1
129, 443, 1
262, 405, 1
62, 302, 1
657, 512, 1
348, 523, -1
440, 855, -1
469, 574, -1
42, 680, -1
942, 171, -1

521, 754, 1
443, 141, 1
584, 545, 1
172, 628, -1
574, 289, -1
765, 241, -1
175, 760, -1
319, 519, -1
103, 974, -1
553, 142, -1

674, 824, 1
752, 829, 1
192, 366, 1
39, 446, 1
739, 549, 1
76, 309, 1
946, 750, 1
229, 777, -1
434, 615, -1
668, 208, -1

537, 614, 1
206, 494, 1
676, 306, -1
874, 143, -1
190, 969, -1
296, 794, -1
500, 308, -1
738, 270, -1
916, 475, -1
252, 571, -1

138, 99, 1
814, 901, 1
136, 405, 1
750, 537, 1
163, 59, 1
993, 718, 1
355, 400, 1
630, 434, -1
254, 636, -1
936, 491, -1

655, 548, 1
627, 795, 1
929, 564, 1
162, 158, 1
699, 876, 1
620, 607, 1
146, 944, -1
102, 886, -1
899, 80, -1
769, 336, -1

540, 838, 1
481, 406, 1
710, 866, 1
447, 666, -1
155, 964, -1
42, 969, -1
987, 282, -1
22, 720, -1
778, 497, -1
393, 513, -1

990, 655, 1
672, 944, 1
140, 462, 1
825, 779, 1
177, 307, 1
341, 883, -1
183, 882, -1
592, 276, -1
795, 63, -1
618, 112, -1

691, 579, 1
312, 330, 1
327, 189, 1
354, 372, 1
959, 633, 1
303, 84, 1
311, 681, -1
106, 939, -1
606, 290, -1
659, 284, -1

