836, 670, 1
978, 706, 1
454, 7, 1
465, 46, 1
188, 186, 1
191, 59, 1
651, 926, 1
266, 304, 1
222, 218, 1
173, 368, 1
10, 52, 1
458, 478, 1
289, 10, 1
834, 826, 1
892, 690, 1
195, 206, 1
354, 437, 1
774, 613, 1
192, 132, 1
122, 299, 1
424, 304, 1
653, 938, 1
101, 4, 1
392, 49, 1
224, 168, 1
52, 389, 1
785, 510, 1
342, 305, 1
37, 356, 1
915, 843, 1
763, 776, 1
310, 126, 1
371, 477, 1
913, 686, 1
467, 320, 1
228, 443, 1
399, 3, 1
827, 528, 1
588, 690, 1
959, 873, 1
494, 136, 1
62, 39, 1
641, 986, 1
40, 449, 1
714, 610, 1
21, 173, 1
244, 270, 1
244, 153, 1
39, 283, 1
714, 769, 1
716, 724, 1
769, 610, 1
892, 588, 1
283, 62, 1
153, 270, 1
289, 52, 1
424, 266, 1
10, 389, 1
368, 21, 1
528, 827, 1
690, 892, 1
613, 774, 1
153, 244, 1
283, 39, 1
552, 691, 1
368, 173, 1
289, 389, 1
690, 588, 1
304, 266, 1
769, 714, 1
136, 494, 1
304, 424, 1
266, 424, 1
660, 180, -1
773, 212, -1
64, 797, -1
875, 376, -1
921, 112, -1
50, 941, -1
490, 835, -1
366, 972, -1
193, 538, -1
693, 384, -1
282, 774, -1
397, 968, -1
627, 229, -1
39, 853, -1
630, 129, -1
10, 552, -1
728, 155, -1
494, 610, -1
531, 463, -1
169, 701, -1
985, 150, -1
697, 1, -1
22, 817, -1
699, 130, -1
528, 244, -1
523, 314, -1
770, 486, -1
691, 52, -1
40, 502, -1
641, 42, -1
113, 945, -1
56, 687, -1
780, 258, -1
604, 125, -1
263, 506, -1
778, 24, -1
8, 683, -1
673, 175, -1
66, 616, -1
672, 173, -1
331, 988, -1
86, 852, -1
579, 36, -1
285, 940, -1
622, 217, -1
636, 147, -1
168, 595, -1
183, 953, -1
418, 694, -1
224, 595, -1
449, 502, -1
691, 389, -1
986, 42, -1
283, 853, -1
827, 244, -1
853, 62, -1
552, 52, -1
528, 270, -1
672, 21, -1
10, 691, -1
552, 289, -1
282, 613, -1
672, 368, -1
714, 494, -1
136, 610, -1
528, 153, -1
153, 827, -1
827, 270, -1
769, 494, -1
610, 494, -1
136, 769, -1
552, 10, -1
136, 714, -1
289, 691, -1
552, 389, -1
853, 39, -1

