507, 718, 1
261, 125, 1
211, 254, 1
549, 543, 1
507, 710, 1
718, 710, 1
491, 973, -1
289, 509, -1
581, 73, -1
72, 648, -1
363, 674, -1

17, 485, 1
278, 485, 1
21, 411, 1
878, 849, 1
569, 785, 1
17, 278, 1
485, 278, 1
804, 123, -1
534, 344, -1
75, 974, -1
668, 392, -1
71, 960, -1

118, 111, 1
422, 14, 1
441, 326, 1
557, 953, 1
553, 602, 1
146, 758, -1
666, 466, -1
801, 237, -1
77, 756, -1
387, 512, -1

878, 742, 1
568, 564, 1
776, 990, 1
368, 4, 1
802, 922, 1
256, 23, 1
12, 888, -1
594, 410, -1
551, 282, -1
869, 306, -1

38, 140, 1
749, 852, 1
291, 378, 1
321, 265, 1
755, 589, 1
404, 519, -1
639, 392, -1
280, 793, -1
635, 154, -1
216, 935, -1

848, 956, 1
195, 390, 1
633, 832, 1
535, 266, -1
975, 481, -1
306, 659, -1
432, 851, -1
279, 767, -1
353, 603, -1
870, 171, -1

491, 27, 1
13, 203, 1
557, 592, 1
737, 881, 1
628, 669, 1
581, 599, 1
473, 638, -1
215, 903, -1
591, 480, -1
397, 875, -1

599, 590, 1
175, 395, 1
819, 748, 1
704, 567, 1
749, 867, 1
56, 47, 1
8, 504, -1
568, 78, -1
572, 137, -1
123, 569, -1

840, 708, 1
71, 226, 1
846, 906, 1
168, 347, 1
806, 521, 1
635, 752, 1
799, 25, -1
168, 876, -1
86, 641, -1
993, 229, -1
347, 876, -1

793, 910, 1
940, 598, 1
729, 549, 1
986, 987, 1
168, 298, 1
669, 536, 1
54, 919, -1
992, 236, -1
537, 255, -1
506, 283, -1

