80, 431, 1
533, 871, 1
897, 640, 1
783, 953, 1
79, 281, 1
966, 207, -1
768, 251, -1
15, 834, -1
792, 111, -1
842, 436, -1

959, 977, 1
747, 790, 1
17, 340, 1
221, 145, 1
20, 333, 1
189, 999, -1
78, 667, -1
685, 268, -1
206, 758, -1
354, 983, -1

649, 908, 1
947, 975, 1
858, 979, 1
211, 413, 1
29, 207, 1
632, 337, -1
860, 29, -1
860, 207, -1
852, 287, -1
878, 486, -1
728, 393, -1

487, 388, 1
290, 27, 1
240, 118, 1
782, 105, -1
789, 61, -1
551, 144, -1
254, 877, -1
169, 969, -1
359, 669, -1
497, 576, -1

83, 53, 1
729, 872, 1
545, 789, 1
794, 793, 1
818, 842, 1
237, 206, 1
520, 974, 1
283, 848, -1
625, 165, -1
268, 889, -1

820, 736, 1
447, 167, 1
512, 887, 1
160, 65, 1
875, 596, 1
456, 93, 1
437, 962, -1
25, 514, -1
541, 133, -1
825, 466, -1

346, 292, 1
960, 662, 1
872, 986, 1
518, 843, 1
806, 509, 1
400, 193, 1
297, 769, -1
581, 62, -1
894, 459, -1
324, 960, -1
324, 662, -1
960, 324, -1

766, 894, 1
384, 210, 1
664, 921, 1
953, 922, 1
697, 605, 1
985, 848, 1
504, 621, 1
212, 619, -1
24, 690, -1
194, 675, -1

70, 307, 1
649, 991, 1
64, 74, 1
761, 880, 1
164, 456, 1
803, 696, 1
761, 813, 1
880, 761, 1
880, 813, 1
952, 65, -1
279, 535, -1
290, 761, -1
813, 290, -1
880, 290, -1
290, 813, -1
761, 290, -1

704, 775, 1
980, 976, 1
438, 56, 1
831, 17, -1
284, 991, -1
160, 977, -1
353, 727, -1
743, 173, -1
620, 447, -1
14, 660, -1

