912, 733, 1
447, 339, 1
951, 817, 1
143, 382, 1
240, 476, 1
185, 398, 1
323, 396, 1
940, 597, 1
606, 219, -1
105, 984, -1

73, 466, 1
426, 159, 1
833, 742, 1
594, 837, 1
170, 168, 1
741, 791, 1
121, 137, 1
955, 111, -1
326, 583, -1
352, 771, -1

856, 851, 1
103, 114, 1
218, 465, 1
884, 534, 1
695, 762, 1
219, 425, 1
479, 748, -1
906, 318, -1
241, 757, -1
853, 360, -1

118, 476, 1
318, 109, 1
304, 214, 1
94, 471, 1
923, 164, -1
859, 84, -1
225, 726, -1
160, 505, -1
428, 934, -1
730, 170, -1

242, 480, 1
255, 4, 1
998, 708, 1
521, 725, 1
797, 18, -1
545, 124, -1
15, 536, -1
209, 938, -1
872, 193, -1
912, 119, -1

602, 981, 1
805, 757, 1
223, 364, 1
784, 690, 1
735, 660, 1
913, 763, 1
459, 372, 1
671, 961, 1
972, 319, -1
488, 764, -1

449, 347, 1
57, 284, 1
411, 127, 1
626, 621, 1
492, 191, 1
849, 676, 1
946, 520, 1
616, 949, 1
724, 131, -1
56, 833, -1

614, 892, 1
569, 782, 1
560, 842, 1
789, 899, 1
387, 512, -1
506, 24, -1
160, 705, -1
850, 36, -1
198, 999, -1
672, 123, -1

348, 100, 1
703, 880, 1
659, 607, 1
256, 153, 1
538, 945, 1
159, 569, -1
50, 635, -1
727, 373, -1
710, 304, -1
853, 305, -1

834, 534, 1
166, 208, 1
177, 94, 1
445, 312, 1
805, 786, 1
920, 659, 1
960, 156, -1
92, 924, -1
687, 19, -1
266, 803, -1

