251, 254, 1
715, 746, 1
859, 656, 1
942, 701, 1
240, 85, 1
997, 886, 1
932, 489, -1
109, 966, -1
411, 689, -1
531, 399, -1

892, 842, 1
134, 396, 1
937, 932, 1
693, 853, 1
499, 57, 1
686, 959, 1
80, 327, 1
137, 589, -1
680, 187, -1
652, 458, -1

445, 205, 1
231, 431, 1
530, 879, 1
58, 19, 1
661, 639, 1
228, 364, 1
971, 102, -1
750, 490, -1
557, 494, -1
873, 242, -1

383, 359, 1
990, 923, 1
407, 329, 1
306, 15, 1
301, 395, 1
262, 760, -1
549, 186, -1
906, 427, -1
987, 80, -1
250, 594, -1

122, 10, 1
998, 686, 1
494, 33, 1
468, 34, 1
717, 267, -1
963, 283, -1
570, 330, -1
999, 63, -1
218, 845, -1
288, 996, -1

920, 863, 1
648, 987, 1
484, 181, 1
255, 912, -1
227, 773, -1
378, 599, -1
812, 93, -1
216, 584, -1
638, 265, -1
302, 759, -1

684, 738, 1
735, 575, 1
734, 827, 1
167, 351, 1
156, 221, 1
854, 108, -1
522, 410, -1
97, 508, -1
191, 507, -1
895, 316, -1

453, 499, 1
308, 255, 1
135, 129, 1
896, 719, 1
148, 159, 1
523, 148, -1
933, 292, -1
205, 865, -1
159, 523, -1
591, 101, -1
399, 795, -1
523, 159, -1

914, 887, 1
3, 722, -1
956, 148, -1
334, 606, -1
340, 992, -1
307, 927, -1
677, 405, -1
395, 764, -1
14, 893, -1
898, 457, -1

665, 689, 1
610, 777, 1
781, 963, 1
796, 34, -1
145, 834, -1
410, 667, -1
469, 652, -1
193, 654, -1
384, 591, -1
420, 919, -1

