682, 634, 1
498, 504, 1
211, 313, 1
559, 609, 1
138, 379, 1
627, 474, 1
268, 155, 1
717, 698, 1
687, 633, 1
337, 398, 1
205, 305, 1
120, 64, 1
378, 95, 1
507, 551, 1
260, 59, 1
302, 290, 1
567, 559, 1
546, 744, 1
130, 307, 1
753, 503, 1
541, 412, 1
497, 710, 1
113, 192, 1
511, 566, 1
111, 8, 1
611, 491, 1
734, 667, 1
629, 757, 1
360, 63, 1
184, 72, 1
227, 308, 1
138, 319, 1
376, 168, 1
224, 103, 1
315, 368, 1
262, 44, 1
178, 349, 1
391, 145, 1
309, 149, 1
682, 434, 1
361, 122, 1
257, 217, 1
204, 360, 1
734, 532, 1
669, 554, 1
346, 155, 1
758, 686, 1
613, 417, 1
287, 234, 1
535, 483, 1
640, 681, 1
188, 273, 1
379, 319, 1
434, 634, 1
609, 567, 1
667, 532, 1
204, 63, 1
346, 268, 1
360, 204, 1
609, 559, 1
667, 734, 1
532, 734, 1
559, 567, 1
155, 268, 1
531, 315, -1
266, 437, -1
195, 645, -1
36, 529, -1
433, 187, -1
210, 481, -1
550, 261, -1
227, 551, -1
38, 432, -1
238, 559, -1
353, 743, -1
125, 496, -1
461, 30, -1
693, 39, -1
669, 243, -1
174, 526, -1
416, 235, -1
316, 401, -1
430, 127, -1
246, 413, -1
167, 754, -1
697, 109, -1
162, 520, -1
65, 758, -1
351, 536, -1
185, 499, -1
182, 747, -1
572, 180, -1
361, 593, -1
146, 475, -1
693, 327, -1
307, 584, -1
109, 684, -1
445, 220, -1
343, 434, -1
721, 165, -1
259, 465, -1
224, 752, -1
218, 451, -1
671, 198, -1
38, 480, -1
499, 92, -1
503, 325, -1
232, 757, -1
479, 69, -1
611, 372, -1
90, 700, -1
625, 337, -1
238, 567, -1
65, 686, -1
368, 531, -1
753, 325, -1
752, 103, -1
609, 238, -1
625, 398, -1
593, 122, -1
584, 130, -1
227, 507, -1
491, 372, -1
682, 343, -1
232, 629, -1
308, 551, -1
554, 243, -1
337, 625, -1
593, 361, -1
559, 238, -1
315, 531, -1
243, 669, -1
634, 343, -1
507, 308, -1
308, 507, -1
584, 307, -1
752, 224, -1
434, 343, -1
325, 503, -1
567, 238, -1
531, 368, -1
398, 625, -1
507, 227, -1
551, 227, -1

