100, 123, 1
746, 693, 1
283, 108, 1
461, 757, 1
587, 609, 1
101, 22, 1
620, 460, 1
279, 339, 1
587, 527, 1
372, 237, 1
344, 104, 1
696, 425, 1
274, 398, 1
154, 239, 1
602, 741, 1
392, 23, 1
318, 123, 1
214, 34, 1
543, 573, 1
587, 537, 1
301, 122, 1
259, 207, 1
238, 139, 1
681, 761, 1
132, 361, 1
210, 87, 1
209, 314, 1
13, 356, 1
457, 621, 1
388, 77, 1
558, 465, 1
7, 88, 1
482, 544, 1
747, 684, 1
123, 114, 1
80, 6, 1
269, 45, 1
345, 170, 1
455, 572, 1
722, 435, 1
451, 591, 1
165, 304, 1
411, 434, 1
189, 255, 1
681, 715, 1
343, 380, 1
656, 660, 1
464, 459, 1
733, 627, 1
761, 715, 1
609, 527, 1
537, 527, 1
114, 100, 1
100, 318, 1
114, 318, 1
537, 609, 1
123, 100, 1
114, 123, 1
123, 318, 1
537, 587, 1
609, 587, 1
609, 537, 1
213, 501, -1
159, 746, -1
238, 473, -1
55, 646, -1
645, 317, -1
518, 243, -1
559, 35, -1
394, 455, -1
655, 105, -1
663, 186, -1
353, 571, -1
273, 716, -1
297, 598, -1
134, 738, -1
362, 642, -1
106, 463, -1
565, 159, -1
449, 363, -1
372, 678, -1
326, 754, -1
727, 169, -1
511, 31, -1
626, 104, -1
6, 650, -1
714, 379, -1
525, 322, -1
635, 297, -1
119, 508, -1
402, 302, -1
408, 357, -1
423, 376, -1
78, 669, -1
194, 625, -1
265, 712, -1
230, 652, -1
66, 677, -1
446, 261, -1
91, 667, -1
714, 397, -1
348, 475, -1
233, 556, -1
509, 323, -1
180, 705, -1
14, 708, -1
399, 364, -1
177, 511, -1
653, 327, -1
375, 441, -1
560, 110, -1
676, 168, -1
709, 351, -1
473, 139, -1
80, 650, -1
626, 344, -1
237, 678, -1
693, 159, -1
394, 572, -1
473, 238, -1
104, 626, -1
650, 6, -1
746, 159, -1

