710, 684, 1
449, 633, 1
530, 653, 1
255, 121, 1
184, 49, 1
102, 320, 1
111, 345, 1
275, 68, 1
427, 241, -1
732, 316, -1

47, 83, 1
612, 463, 1
269, 346, 1
454, 462, 1
539, 578, 1
506, 525, 1
253, 739, -1
601, 375, -1
520, 179, -1
283, 669, -1

417, 445, 1
475, 529, 1
296, 342, 1
58, 7, 1
438, 156, -1
673, 154, -1
101, 759, -1
278, 703, -1
583, 138, -1
433, 61, -1

560, 737, 1
534, 593, 1
211, 152, 1
438, 618, 1
601, 239, -1
611, 16, -1
736, 386, -1
50, 488, -1
548, 336, -1
644, 401, -1

449, 410, 1
194, 392, 1
669, 609, 1
469, 628, 1
184, 551, -1
372, 485, -1
698, 353, -1
387, 698, -1
635, 149, -1
649, 112, -1

730, 520, 1
185, 63, 1
609, 761, 1
487, 433, 1
522, 634, 1
128, 70, 1
634, 328, -1
131, 750, -1
426, 109, -1
699, 274, -1
328, 522, -1
328, 634, -1

611, 486, 1
626, 590, 1
291, 380, 1
30, 128, 1
206, 258, 1
693, 155, -1
144, 601, -1
558, 233, -1
548, 164, -1
249, 557, -1

541, 543, 1
727, 752, 1
162, 329, 1
534, 510, 1
473, 435, 1
706, 717, 1
696, 482, 1
53, 271, 1
553, 327, -1
640, 192, -1

112, 85, 1
234, 206, 1
84, 239, 1
616, 154, -1
307, 709, -1
636, 355, -1
28, 503, -1
735, 341, -1
739, 16, -1
164, 658, -1

602, 650, 1
526, 566, 1
458, 680, 1
200, 41, 1
181, 507, -1
765, 183, -1
767, 292, -1
554, 106, -1
740, 7, -1
344, 757, -1

