45, 7, 1
76, 124, 1
98, 82, 1
9, 176, -1
80, 48, -1
174, 42, -1
95, 166, -1
144, 42, -1
138, 110, -1
153, 89, -1

125, 77, 1
56, 36, 1
132, 98, -1
92, 165, -1
3, 172, -1
144, 119, -1
35, 165, -1
140, 92, -1
69, 138, -1
172, 94, -1

88, 126, 1
108, 96, 1
11, 56, 1
168, 25, -1
30, 104, -1
107, 175, -1
43, 64, -1
136, 17, -1
98, 168, -1
147, 125, -1

6, 37, 1
89, 63, 1
25, 144, -1
163, 89, -1
23, 114, -1
150, 112, -1
65, 56, -1
176, 48, -1
15, 91, -1
77, 16, -1
163, 63, -1
89, 163, -1

16, 37, 1
34, 44, 1
85, 20, -1
96, 131, -1
128, 168, -1
110, 132, -1
138, 45, -1
62, 156, -1
40, 111, -1
162, 72, -1

32, 1, 1
119, 174, -1
40, 115, -1
49, 154, -1
33, 91, -1
88, 0, -1
62, 52, -1
12, 158, -1
150, 122, -1
70, 142, -1

17, 44, 1
146, 142, 1
136, 143, 1
30, 11, 1
35, 174, -1
64, 43, -1
76, 138, -1
143, 116, -1
113, 45, -1
26, 105, -1
136, 116, -1
116, 143, -1

21, 57, 1
77, 112, 1
103, 79, 1
34, 42, 1
26, 1, 1
113, 142, -1
172, 76, -1
64, 25, -1
151, 42, -1
168, 64, -1
34, 151, -1
42, 151, -1

173, 151, 1
64, 71, 1
71, 100, 1
64, 100, 1
100, 71, 1
28, 64, -1
37, 69, -1
63, 40, -1
51, 147, -1
114, 16, -1
176, 87, -1
68, 168, -1
28, 71, -1
64, 28, -1
100, 28, -1

145, 136, 1
127, 43, -1
95, 44, -1
91, 14, -1
126, 25, -1
20, 119, -1
113, 164, -1
172, 125, -1
119, 169, -1
60, 48, -1

