123, 83, 1
0, 13, 1
78, 61, 1
36, 42, 1
81, 111, 1
135, 144, 1
104, 151, -1
129, 157, -1
3, 122, -1
10, 71, -1

171, 173, 1
112, 64, 1
64, 114, 1
49, 21, 1
171, 133, 1
133, 173, 1
114, 112, 1
43, 148, -1
89, 134, -1
12, 159, -1
177, 39, -1
103, 58, -1

68, 64, 1
46, 36, 1
64, 18, -1
130, 129, -1
6, 174, -1
107, 20, -1
54, 123, -1
57, 63, -1
32, 75, -1
157, 105, -1
18, 68, -1

120, 113, 1
147, 143, 1
121, 63, 1
17, 154, -1
46, 59, -1
96, 46, -1
70, 34, -1
149, 52, -1
170, 5, -1
152, 117, -1

4, 21, 1
90, 92, 1
78, 128, 1
20, 23, 1
67, 140, -1
130, 46, -1
41, 102, -1
154, 94, -1
66, 35, -1
28, 115, -1

147, 170, 1
156, 161, 1
171, 140, 1
81, 91, 1
25, 31, 1
108, 133, -1
5, 177, -1
107, 172, -1
154, 79, -1
134, 46, -1

73, 68, 1
135, 137, 1
64, 78, 1
120, 69, 1
156, 140, 1
136, 47, -1
119, 22, -1
97, 35, -1
127, 23, -1
148, 38, -1

37, 16, 1
139, 83, -1
0, 111, -1
55, 155, -1
155, 79, -1
60, 55, -1
2, 103, -1
157, 10, -1
161, 9, -1
100, 51, -1

104, 74, 1
146, 171, 1
77, 122, 1
131, 18, -1
163, 62, -1
136, 45, -1
153, 127, -1
24, 154, -1
111, 153, -1
164, 79, -1

176, 165, 1
79, 101, 1
49, 33, 1
12, 23, 1
125, 63, 1
51, 101, -1
8, 68, -1
158, 116, -1
51, 138, -1
46, 68, -1
51, 79, -1

