83, 62, 1
63, 62, 1
83, 63, 1
62, 63, 1
0, 143, -1
93, 45, -1
37, 101, -1
54, 171, -1
132, 120, -1
20, 62, -1
16, 120, -1
176, 17, -1
83, 20, -1
20, 63, -1

108, 71, 1
125, 60, 1
157, 147, 1
38, 150, -1
131, 74, -1
17, 105, -1
177, 122, -1
110, 26, -1
46, 106, -1
5, 176, -1

113, 77, 1
67, 68, 1
149, 144, 1
135, 146, 1
155, 142, 1
94, 24, -1
44, 113, -1
107, 136, -1
97, 12, -1
168, 53, -1
44, 77, -1
113, 44, -1

98, 74, 1
150, 176, 1
50, 7, 1
41, 8, 1
67, 124, 1
102, 148, -1
155, 6, -1
148, 84, -1
67, 29, -1
151, 99, -1
124, 29, -1

104, 105, 1
72, 98, 1
86, 119, 1
68, 128, 1
41, 46, 1
95, 118, 1
78, 136, -1
44, 116, -1
0, 114, -1
65, 134, -1

85, 110, 1
59, 114, 1
6, 20, 1
29, 54, 1
82, 162, -1
8, 67, -1
175, 104, -1
177, 0, -1
129, 152, -1
54, 133, -1
29, 133, -1

117, 89, 1
39, 20, 1
106, 105, 1
174, 143, 1
112, 152, -1
68, 167, -1
22, 139, -1
166, 80, -1
73, 137, -1
31, 63, -1

3, 26, 1
150, 149, 1
49, 15, 1
79, 82, 1
90, 92, 1
54, 20, 1
38, 66, -1
156, 41, -1
67, 147, -1
101, 158, -1

65, 123, 1
9, 3, 1
20, 51, 1
131, 41, -1
22, 144, -1
95, 39, -1
26, 119, -1
79, 151, -1
81, 19, -1
89, 37, -1

166, 170, 1
49, 25, 1
165, 151, 1
48, 58, 1
129, 30, -1
63, 54, -1
153, 37, -1
89, 147, -1
145, 47, -1
167, 110, -1

