115, 86, 1
105, 114, 1
53, 20, 1
5, 17, 1
18, 109, -1
0, 163, -1
54, 104, -1
54, 68, -1
96, 139, -1
13, 63, -1

20, 43, 1
24, 15, 1
8, 30, 1
56, 50, 1
96, 110, 1
68, 113, 1
60, 10, -1
164, 119, -1
64, 10, -1
63, 173, -1

67, 126, 1
118, 86, 1
97, 24, -1
13, 162, -1
124, 48, -1
144, 31, -1
172, 105, -1
144, 27, -1
148, 89, -1
18, 157, -1

112, 72, 1
121, 59, 1
87, 100, 1
59, 85, 1
121, 85, 1
147, 53, -1
154, 96, -1
162, 4, -1
7, 167, -1
132, 17, -1
110, 26, -1

163, 135, 1
28, 21, 1
168, 160, 1
47, 72, -1
177, 93, -1
17, 67, -1
168, 28, -1
1, 104, -1
39, 83, -1
155, 37, -1
168, 21, -1
160, 28, -1
28, 168, -1
160, 21, -1
21, 168, -1

47, 9, 1
64, 126, 1
19, 18, 1
42, 56, 1
6, 67, -1
152, 55, -1
159, 66, -1
120, 43, -1
49, 115, -1
28, 166, -1

47, 46, 1
31, 9, 1
94, 12, -1
40, 86, -1
138, 7, -1
21, 98, -1
4, 100, -1
92, 137, -1
104, 176, -1
115, 159, -1

31, 12, 1
77, 87, 1
16, 3, 1
81, 91, 1
45, 1, 1
161, 168, 1
134, 87, -1
90, 15, -1
60, 160, -1
177, 95, -1
77, 134, -1

45, 10, 1
1, 0, 1
7, 42, 1
110, 43, -1
52, 93, -1
24, 86, -1
50, 99, -1
85, 19, -1
154, 17, -1
99, 163, -1

105, 62, 1
76, 60, 1
61, 81, 1
121, 93, 1
124, 79, 1
108, 11, -1
121, 20, -1
109, 169, -1
144, 51, -1
85, 155, -1
20, 93, -1

