131, 176, 1
81, 121, 1
148, 86, -1
15, 138, -1
159, 75, -1
64, 133, -1
125, 154, -1
20, 120, -1
132, 106, -1
170, 42, -1

151, 138, 1
100, 82, 1
71, 112, 1
150, 148, 1
71, 110, 1
112, 110, 1
112, 71, 1
110, 71, 1
6, 123, -1
7, 122, -1
172, 17, -1
155, 24, -1
173, 66, -1

80, 63, 1
25, 50, 1
74, 154, -1
128, 133, -1
158, 100, -1
146, 45, -1
140, 84, -1
151, 17, -1
51, 131, -1
64, 165, -1

10, 27, 1
17, 42, 1
93, 109, 1
86, 88, 1
75, 78, 1
162, 80, -1
173, 73, -1
115, 20, -1
171, 35, -1
2, 173, -1

133, 137, 1
13, 36, 1
119, 117, 1
79, 23, -1
87, 38, -1
118, 1, -1
119, 48, -1
56, 67, -1
50, 120, -1
93, 163, -1
48, 117, -1
48, 119, -1

77, 117, 1
168, 103, -1
50, 120, -1
36, 116, -1
80, 34, -1
101, 45, -1
169, 51, -1
104, 42, -1
8, 146, -1
96, 42, -1

23, 3, 1
60, 71, 1
9, 160, -1
67, 57, -1
155, 62, -1
135, 44, -1
127, 36, -1
155, 61, -1
33, 124, -1
2, 118, -1

23, 47, 1
104, 83, 1
98, 129, 1
83, 89, 1
104, 89, 1
89, 83, 1
79, 40, -1
41, 145, -1
138, 81, -1
38, 108, -1
117, 133, -1
47, 150, -1
150, 23, -1

59, 113, 1
121, 116, 1
176, 156, 1
112, 78, 1
161, 150, 1
168, 160, 1
99, 131, -1
100, 131, -1
60, 45, -1
115, 132, -1

52, 25, 1
122, 119, 1
162, 148, 1
158, 167, 1
60, 24, -1
148, 92, -1
67, 172, -1
134, 67, -1
91, 174, -1
170, 12, -1
162, 92, -1

