37, 8, 1
115, 68, 1
86, 140, -1
44, 161, -1
149, 68, -1
83, 53, -1
71, 25, -1
71, 171, -1
112, 4, -1
98, 18, -1
115, 149, -1
68, 149, -1

14, 2, 1
102, 103, 1
46, 102, -1
20, 86, -1
99, 50, -1
116, 168, -1
164, 40, -1
95, 44, -1
48, 70, -1
163, 1, -1
46, 103, -1
102, 46, -1

75, 72, 1
68, 117, 1
154, 174, 1
142, 136, 1
137, 139, 1
72, 36, -1
64, 153, -1
36, 123, -1
103, 21, -1
146, 128, -1
75, 36, -1

38, 44, 1
120, 81, 1
19, 3, 1
93, 156, -1
141, 70, -1
29, 67, -1
43, 176, -1
22, 89, -1
58, 119, -1
132, 3, -1
19, 132, -1
3, 132, -1

35, 48, 1
149, 139, 1
16, 14, 1
0, 61, -1
134, 40, -1
23, 112, -1
52, 125, -1
64, 166, -1
175, 17, -1
20, 69, -1

70, 122, 1
25, 55, 1
84, 118, 1
83, 131, -1
138, 98, -1
32, 167, -1
170, 9, -1
94, 43, -1
126, 163, -1
22, 79, -1

110, 107, 1
99, 98, 1
162, 165, 1
86, 161, -1
112, 49, -1
36, 109, -1
111, 16, -1
73, 152, -1
24, 128, -1
82, 30, -1

115, 91, 1
171, 139, 1
86, 93, 1
151, 171, 1
139, 151, 1
139, 171, 1
171, 151, 1
149, 83, -1
64, 161, -1
125, 6, -1
126, 6, -1
131, 44, -1
129, 155, -1

149, 166, 1
19, 17, 1
21, 18, 1
16, 47, 1
58, 48, 1
96, 15, -1
43, 140, -1
115, 0, -1
82, 167, -1
38, 80, -1

23, 4, 1
90, 78, 1
78, 65, 1
65, 90, 1
65, 78, 1
83, 139, -1
23, 91, -1
72, 2, -1
90, 150, -1
26, 83, -1
166, 106, -1
147, 73, -1
91, 4, -1
78, 150, -1
91, 23, -1
65, 150, -1

