17858, 1110, 1
5674, 12115, -1
12724, 990, -1
6245, 13859, -1
8112, 13304, -1
17545, 14633, -1
18545, 10208, -1
16596, 13481, -1
1645, 5221, -1
9515, 11769, -1

6828, 10355, 1
167, 11896, -1
1781, 4885, -1
17414, 9101, -1
16193, 16110, -1
19468, 3985, -1
17603, 19203, -1
6122, 18512, -1
19744, 16750, -1
575, 4890, -1

7545, 6420, 1
16304, 85, -1
78, 9329, -1
3601, 10558, -1
14526, 13343, -1
13329, 3426, -1
514, 14260, -1
13895, 10382, -1
11879, 2966, -1
3301, 12247, -1

17753, 7455, 1
6392, 917, -1
2748, 10446, -1
16676, 9357, -1
16578, 5654, -1
201, 10899, -1
3840, 12725, -1
5926, 1506, -1
19831, 14497, -1
19581, 2484, -1

2375, 11938, -1
8088, 18669, -1
10957, 9312, -1
9937, 7614, -1
6454, 6329, -1
9624, 17289, -1
9587, 14676, -1
12434, 4696, -1
13914, 15268, -1
18508, 6544, -1

18289, 8701, -1
6533, 15104, -1
13606, 12630, -1
16575, 19318, -1
810, 11654, -1
6625, 11816, -1
16191, 114, -1
16147, 3356, -1
19890, 19734, -1
10914, 2441, -1

10168, 10162, -1
6922, 7381, -1
13490, 17692, -1
13466, 18076, -1
8889, 1801, -1
10255, 14816, -1
3107, 3999, -1
3194, 3597, -1
14209, 18046, -1
1108, 13375, -1

551, 904, -1
3026, 8831, -1
16032, 4111, -1
13124, 13098, -1
17854, 13938, -1
3026, 7067, -1
8505, 18963, -1
3226, 3353, -1
2476, 13954, -1
14987, 560, -1

6654, 8501, -1
16906, 7123, -1
5532, 9356, -1
16200, 16014, -1
10122, 4021, -1
19658, 17061, -1
10003, 3608, -1
1249, 7221, -1
8931, 18165, -1
4219, 6836, -1

8497, 3860, 1
1895, 4588, 1
17976, 11392, -1
6670, 18450, -1
11335, 5326, -1
13642, 3828, -1
1429, 3172, -1
6800, 11409, -1
11376, 18978, -1
16793, 8253, -1

