7290, 18228, -1
775, 18291, -1
15018, 12871, -1
4969, 14586, -1
9249, 6535, -1
12772, 11671, -1
4928, 18405, -1
16489, 8659, -1
15953, 3963, -1
2141, 6647, -1

19239, 3640, -1
3014, 16637, -1
5180, 10764, -1
75, 7429, -1
18870, 12017, -1
7237, 15559, -1
7558, 14541, -1
6737, 13647, -1
18287, 84, -1
8837, 15036, -1

11883, 4756, -1
3306, 18721, -1
14931, 4497, -1
4525, 9012, -1
17775, 16076, -1
10640, 13887, -1
6075, 18484, -1
2385, 7224, -1
2917, 7091, -1
19687, 2918, -1

10199, 7436, -1
14163, 5763, -1
6082, 5866, -1
13537, 2565, -1
13829, 17574, -1
8424, 16543, -1
14128, 13177, -1
6488, 2494, -1
19069, 8273, -1
3, 1609, -1

4942, 3910, -1
11012, 2152, -1
19531, 2028, -1
6055, 2373, -1
3543, 16220, -1
1635, 14878, -1
19734, 10392, -1
7215, 19674, -1
10479, 12109, -1
16035, 3201, -1

13525, 13128, -1
19944, 12963, -1
18908, 8789, -1
18814, 4773, -1
12462, 19434, -1
5632, 6957, -1
11858, 11781, -1
527, 7392, -1
19154, 13433, -1
9514, 6358, -1

2592, 12639, 1
1058, 5288, -1
13112, 2271, -1
476, 3940, -1
17403, 2059, -1
11714, 5563, -1
15635, 19353, -1
12032, 12628, -1
9521, 2078, -1
1356, 11315, -1

12183, 10976, 1
4269, 13553, 1
8470, 19314, -1
15882, 6585, -1
12113, 15733, -1
11948, 15398, -1
12508, 8826, -1
10212, 2904, -1
4811, 17695, -1
14703, 1078, -1

2467, 16013, -1
1971, 12099, -1
17083, 1464, -1
12341, 18021, -1
6536, 6568, -1
17197, 5636, -1
934, 3988, -1
8505, 17007, -1
1011, 7672, -1
18314, 8592, -1

18491, 18009, 1
4530, 13213, -1
17073, 10525, -1
6809, 5420, -1
125, 9808, -1
5414, 18572, -1
2373, 9213, -1
3157, 8605, -1
5125, 1293, -1
9203, 11720, -1

