5197, 19145, -1
15077, 4489, -1
12833, 3418, -1
15517, 13685, -1
577, 6457, -1
13134, 13365, -1
12275, 4059, -1
13202, 4385, -1
2003, 17112, -1
7013, 302, -1

7840, 13840, -1
9921, 14283, -1
4147, 2559, -1
15374, 558, -1
12090, 19131, -1
17588, 9392, -1
14228, 515, -1
18252, 4323, -1
19968, 10982, -1
19243, 2125, -1

3129, 18740, -1
1940, 6747, -1
4450, 143, -1
2237, 19427, -1
18292, 15901, -1
12430, 11401, -1
16589, 16685, -1
15063, 5700, -1
2131, 10315, -1
14038, 5472, -1

16952, 9605, -1
1353, 2511, -1
16954, 8714, -1
8354, 8321, -1
3992, 7357, -1
18617, 16983, -1
6969, 12762, -1
5984, 6456, -1
4527, 18903, -1
8195, 9113, -1

11400, 17800, -1
12851, 2041, -1
5602, 6609, -1
4038, 15594, -1
1093, 15396, -1
13500, 17181, -1
13862, 16302, -1
1456, 1028, -1
13627, 9647, -1
316, 8028, -1

16785, 4838, 1
14015, 13725, 1
3613, 8304, -1
13469, 5604, -1
7529, 5488, -1
13470, 13377, -1
7517, 16415, -1
15823, 7705, -1
5399, 7448, -1
4596, 9303, -1

16513, 12981, -1
12907, 3521, -1
5968, 13065, -1
1523, 13871, -1
17465, 9087, -1
19098, 2845, -1
10389, 6046, -1
2853, 174, -1
1606, 9482, -1
1186, 17894, -1

6789, 13738, -1
19972, 8801, -1
12113, 1496, -1
388, 1217, -1
5072, 8872, -1
8715, 6058, -1
15576, 5828, -1
16581, 8860, -1
13801, 16604, -1
16849, 19044, -1

11026, 16318, 1
15519, 13239, -1
3644, 10880, -1
2467, 2602, -1
11202, 3712, -1
19500, 5466, -1
10137, 13713, -1
8179, 19806, -1
14482, 8415, -1
5676, 2179, -1

8790, 7241, -1
14458, 18997, -1
4383, 6303, -1
4081, 1049, -1
6891, 1769, -1
11243, 15369, -1
12561, 3663, -1
7928, 2885, -1
17194, 7617, -1
1524, 18907, -1

