9091, 7004, 1
3094, 7854, 1
4376, 15212, -1
10744, 12877, -1
775, 1064, -1
5854, 16292, -1
15876, 1722, -1
11494, 399, -1
14616, 13349, -1
16390, 9785, -1

8343, 2845, 1
18671, 6462, -1
17326, 15141, -1
19620, 656, -1
12235, 10202, -1
17313, 8267, -1
3483, 7860, -1
3183, 12467, -1
1833, 3849, -1
7055, 11918, -1

5232, 3566, 1
5799, 1969, -1
5490, 4627, -1
14498, 18878, -1
17532, 12853, -1
11633, 527, -1
7348, 13732, -1
11009, 6456, -1
1356, 6367, -1
794, 7808, -1

829, 321, 1
19907, 3533, -1
12974, 10266, -1
12054, 17059, -1
9694, 16650, -1
1337, 4308, -1
10536, 15511, -1
6271, 10568, -1
13933, 19460, -1
8289, 4930, -1

5529, 1644, -1
12809, 19598, -1
2273, 19163, -1
19853, 12631, -1
15897, 13518, -1
9357, 12419, -1
16370, 17143, -1
7708, 12010, -1
7049, 19909, -1
13382, 1208, -1

19883, 7468, 1
13701, 14559, -1
5604, 18674, -1
18103, 18383, -1
15825, 11312, -1
10659, 12824, -1
683, 261, -1
17417, 10826, -1
14172, 15818, -1
6708, 18048, -1

14103, 17643, -1
11372, 14992, -1
7627, 15730, -1
8476, 3192, -1
15559, 4118, -1
12167, 16933, -1
18763, 12281, -1
6155, 14662, -1
9514, 18030, -1
3037, 16513, -1

14746, 16374, -1
5551, 9409, -1
10296, 9183, -1
15340, 17268, -1
8486, 17683, -1
15696, 19958, -1
1204, 16399, -1
16837, 6383, -1
12046, 16864, -1
8166, 8945, -1

2395, 18563, -1
19897, 3192, -1
6625, 15647, -1
16585, 5593, -1
9785, 19987, -1
5103, 5040, -1
9041, 10302, -1
121, 5281, -1
3429, 16186, -1
7834, 5220, -1

11648, 11162, 1
8674, 17601, -1
5155, 6388, -1
12064, 9957, -1
6618, 11537, -1
18252, 17375, -1
14035, 5707, -1
5845, 13224, -1
19219, 9039, -1
7815, 19414, -1

