12933, 16473, -1
12821, 12710, -1
4806, 18847, -1
12545, 15931, -1
16081, 5892, -1
10445, 14200, -1
7212, 13082, -1
17058, 11689, -1
10915, 3558, -1
9363, 12533, -1

12764, 8623, -1
548, 5147, -1
19949, 8604, -1
11134, 12945, -1
6638, 18041, -1
18141, 7868, -1
11448, 13666, -1
19227, 10798, -1
11974, 19903, -1
9958, 11197, -1

16699, 19838, -1
15202, 9464, -1
15074, 10238, -1
14121, 19891, -1
756, 5536, -1
19988, 18713, -1
15952, 15861, -1
17549, 9529, -1
4914, 13142, -1
275, 12215, -1

13504, 18564, -1
12720, 4966, -1
13492, 1581, -1
12864, 10072, -1
10943, 19592, -1
3692, 5791, -1
12831, 12662, -1
14850, 7967, -1
17079, 3304, -1
17819, 6123, -1

18092, 4142, -1
15709, 16557, -1
18980, 13040, -1
10494, 15486, -1
3522, 19754, -1
6501, 12896, -1
14792, 10477, -1
5482, 10869, -1
16692, 2816, -1
2770, 18184, -1

7648, 12068, -1
137, 916, -1
14788, 11682, -1
14146, 19073, -1
3239, 4432, -1
952, 11758, -1
5539, 17685, -1
11225, 5908, -1
17012, 14562, -1
6038, 17979, -1

3682, 9414, -1
16959, 9561, -1
4920, 5199, -1
8661, 1849, -1
2583, 18128, -1
199, 2419, -1
12387, 14168, -1
7872, 9730, -1
10247, 18567, -1
250, 8653, -1

971, 10183, -1
14582, 17353, -1
9743, 10591, -1
17006, 14448, -1
8918, 19732, -1
13190, 2911, -1
18580, 18688, -1
18116, 12153, -1
13449, 3713, -1
865, 6416, -1

19833, 18680, -1
14948, 19325, -1
2724, 2021, -1
15650, 12536, -1
11340, 10067, -1
8449, 3571, -1
3166, 17129, -1
5034, 13535, -1
19948, 10996, -1
9350, 4487, -1

13806, 9049, 1
1211, 3901, -1
18356, 10949, -1
13754, 14119, -1
14682, 10106, -1
9827, 9267, -1
4697, 17586, -1
10502, 16407, -1
1077, 15934, -1
8346, 485, -1

