1339, 5392, 1
5252, 18668, -1
12549, 1864, -1
348, 5520, -1
9467, 566, -1
5151, 19169, -1
6998, 17276, -1
3776, 1890, -1
19396, 18128, -1
14325, 17942, -1

16408, 905, -1
11617, 3327, -1
16018, 17137, -1
10021, 16611, -1
15658, 13659, -1
178, 7578, -1
11442, 11462, -1
1253, 12421, -1
11730, 9024, -1
14773, 7908, -1

8034, 8637, -1
16725, 6713, -1
3261, 65, -1
17869, 12352, -1
8838, 763, -1
4654, 9301, -1
343, 13125, -1
17517, 15781, -1
1065, 4545, -1
7826, 9064, -1

944, 6071, -1
19499, 5152, -1
19402, 329, -1
4685, 268, -1
9061, 7363, -1
19198, 16721, -1
6155, 5269, -1
888, 12804, -1
19540, 15196, -1
6358, 8659, -1

5248, 17547, 1
17972, 10715, -1
9475, 1026, -1
15255, 19600, -1
14998, 9259, -1
15090, 9804, -1
10353, 805, -1
16879, 1721, -1
16698, 3870, -1
4285, 19209, -1

14359, 847, -1
11982, 6565, -1
13893, 2917, -1
7288, 17879, -1
14683, 1160, -1
15589, 5290, -1
19319, 1921, -1
3131, 16702, -1
18502, 16425, -1
13301, 5803, -1

1935, 7018, 1
2856, 15946, -1
7990, 2748, -1
15960, 5039, -1
2223, 765, -1
14026, 4504, -1
11854, 11791, -1
19871, 7415, -1
15163, 14078, -1
4897, 17774, -1

9371, 15630, 1
6856, 8504, -1
14247, 10808, -1
3557, 18641, -1
12091, 6710, -1
16226, 12099, -1
4740, 11585, -1
15794, 6354, -1
6199, 7172, -1
660, 16711, -1

19649, 19402, -1
10666, 7030, -1
18034, 9015, -1
14806, 5286, -1
16415, 6016, -1
16581, 17424, -1
1058, 1281, -1
677, 18663, -1
6905, 10523, -1
6768, 5726, -1

10493, 5590, -1
7352, 3482, -1
3206, 1212, -1
16666, 17213, -1
3947, 13859, -1
7327, 183, -1
14995, 14930, -1
4130, 1700, -1
6386, 14301, -1
8004, 9619, -1

