265, 227, 1
15, 176, 1
9, 124, 1
11, 28, 1
211, 199, -1
28, 326, -1
361, 16, -1
316, 299, -1
261, 68, -1
303, 170, -1
11, 326, -1

189, 179, 1
212, 203, 1
146, 104, 1
31, 158, 1
193, 143, 1
346, 386, 1
240, 321, -1
322, 135, -1
171, 353, -1
323, 156, -1

57, 62, 1
33, 189, 1
112, 127, 1
198, 60, 1
332, 87, -1
256, 300, -1
330, 89, -1
227, 383, -1
98, 244, -1
46, 286, -1

1, 68, 1
288, 138, -1
329, 83, -1
265, 150, -1
390, 290, -1
250, 330, -1
33, 372, -1
242, 7, -1
131, 351, -1
387, 106, -1

169, 173, 1
142, 42, 1
198, 131, 1
138, 35, 1
54, 104, 1
170, 3, 1
383, 79, -1
333, 198, -1
358, 201, -1
234, 177, -1
131, 333, -1

76, 189, 1
13, 119, 1
361, 382, 1
103, 46, 1
283, 245, 1
347, 43, -1
210, 191, -1
127, 201, -1
220, 115, -1
355, 161, -1

190, 144, 1
26, 121, 1
145, 50, 1
10, 86, 1
167, 2, 1
357, 61, -1
309, 152, -1
11, 343, -1
119, 350, -1
246, 99, -1

42, 126, 1
133, 36, 1
199, 181, 1
159, 182, 1
209, 42, -1
287, 12, -1
67, 225, -1
70, 340, -1
81, 333, -1
72, 217, -1
209, 126, -1

126, 160, 1
153, 118, 1
141, 112, 1
149, 101, 1
72, 396, -1
24, 228, -1
176, 249, -1
109, 298, -1
309, 117, -1
178, 279, -1

135, 23, 1
161, 46, 1
229, 234, 1
192, 26, 1
224, 130, -1
122, 316, -1
392, 168, -1
347, 116, -1
191, 299, -1
243, 108, -1

