353, 339, 1
252, 261, 1
150, 188, 1
60, 226, -1
389, 95, -1
395, 259, -1
395, 10, -1
324, 201, -1
333, 292, -1
380, 83, -1

240, 208, 1
82, 90, 1
193, 189, 1
97, 179, 1
361, 370, 1
72, 28, 1
65, 44, 1
189, 151, 1
193, 151, 1
306, 137, -1
398, 11, -1

227, 272, 1
130, 146, 1
116, 9, 1
22, 125, 1
39, 12, 1
252, 275, 1
249, 130, -1
125, 349, -1
104, 355, -1
302, 178, -1
349, 22, -1
249, 146, -1

42, 120, 1
76, 120, 1
122, 117, 1
42, 76, 1
120, 76, 1
120, 42, 1
276, 69, -1
325, 199, -1
203, 95, -1
59, 280, -1
72, 258, -1
169, 390, -1
106, 382, -1

97, 188, 1
134, 210, -1
271, 399, -1
296, 82, -1
349, 226, -1
233, 97, -1
180, 242, -1
118, 308, -1
232, 346, -1
177, 275, -1
233, 188, -1

140, 199, 1
58, 102, 1
90, 74, 1
339, 321, 1
155, 269, -1
27, 384, -1
328, 164, -1
311, 156, -1
54, 295, -1
372, 231, -1

271, 214, 1
44, 146, 1
21, 145, 1
35, 349, -1
38, 264, -1
343, 260, -1
315, 131, -1
262, 187, -1
247, 72, -1
337, 53, -1

340, 352, 1
399, 344, 1
179, 190, 1
338, 390, 1
183, 370, -1
143, 360, -1
23, 373, -1
168, 393, -1
338, 229, -1
323, 144, -1
229, 390, -1

3, 179, 1
154, 65, 1
64, 88, 1
318, 379, 1
371, 291, -1
353, 93, -1
198, 307, -1
324, 186, -1
285, 122, -1
139, 391, -1

7, 172, 1
139, 2, 1
28, 51, 1
128, 93, 1
80, 360, -1
103, 398, -1
51, 389, -1
124, 320, -1
327, 48, -1
349, 117, -1
28, 389, -1

