63, 145, 1
111, 4, 1
168, 105, 1
51, 263, -1
237, 376, -1
343, 6, -1
20, 387, -1
296, 346, -1
300, 30, -1
246, 102, -1

314, 376, 1
338, 392, 1
350, 177, -1
106, 357, -1
204, 184, -1
40, 329, -1
124, 323, -1
265, 351, -1
143, 235, -1
255, 197, -1

181, 105, 1
104, 79, 1
377, 389, 1
77, 125, 1
398, 108, -1
60, 315, -1
248, 303, -1
79, 246, -1
13, 228, -1
197, 368, -1
104, 246, -1
246, 79, -1

139, 160, 1
274, 206, 1
360, 341, 1
355, 87, -1
243, 349, -1
230, 376, -1
374, 282, -1
202, 178, -1
376, 16, -1
146, 266, -1

396, 374, 1
124, 69, 1
335, 394, 1
252, 208, 1
27, 63, 1
195, 133, 1
57, 130, 1
128, 305, -1
265, 61, -1
347, 143, -1

385, 382, 1
379, 349, 1
13, 148, 1
166, 84, 1
165, 6, 1
289, 234, 1
356, 47, -1
200, 78, -1
284, 359, -1
336, 225, -1

133, 117, 1
44, 154, 1
182, 159, 1
14, 68, 1
23, 262, -1
262, 79, -1
395, 278, -1
336, 154, -1
130, 352, -1
3, 341, -1
336, 44, -1

332, 388, 1
164, 281, -1
94, 228, -1
307, 59, -1
85, 230, -1
284, 326, -1
26, 218, -1
131, 255, -1
91, 229, -1
213, 155, -1

15, 197, 1
135, 40, 1
186, 129, 1
261, 300, -1
330, 185, -1
226, 76, -1
67, 225, -1
245, 16, -1
236, 376, -1
91, 349, -1

241, 296, 1
74, 44, 1
243, 278, 1
61, 308, -1
203, 124, -1
21, 286, -1
316, 253, -1
144, 315, -1
287, 360, -1
298, 186, -1

