178, 105, 1
303, 386, 1
328, 232, -1
42, 258, -1
372, 86, -1
308, 200, -1
152, 342, -1
279, 133, -1
26, 228, -1
9, 354, -1

258, 217, 1
85, 2, 1
259, 248, 1
228, 341, -1
152, 383, -1
29, 225, -1
310, 266, -1
397, 48, -1
52, 221, -1
265, 94, -1

209, 271, 1
0, 14, 1
259, 44, -1
292, 114, -1
257, 385, -1
41, 341, -1
356, 194, -1
291, 48, -1
246, 146, -1
303, 146, -1

150, 25, 1
71, 88, 1
24, 140, 1
144, 151, 1
186, 2, 1
219, 369, -1
352, 11, -1
73, 242, -1
273, 358, -1
308, 165, -1

45, 120, 1
22, 179, 1
384, 87, -1
144, 229, -1
360, 267, -1
376, 272, -1
338, 289, -1
132, 314, -1
268, 45, -1
12, 334, -1
120, 268, -1

48, 182, 1
41, 326, -1
166, 218, -1
361, 167, -1
394, 187, -1
164, 210, -1
26, 397, -1
83, 397, -1
225, 198, -1
273, 7, -1

92, 313, -1
230, 36, -1
26, 285, -1
147, 269, -1
155, 339, -1
361, 165, -1
8, 245, -1
45, 291, -1
334, 91, -1
18, 234, -1

265, 241, 1
58, 175, 1
157, 70, 1
311, 398, 1
270, 75, -1
2, 293, -1
95, 344, -1
201, 119, -1
283, 365, -1
154, 396, -1

90, 41, 1
51, 166, 1
107, 54, 1
124, 161, 1
319, 207, -1
254, 66, -1
79, 350, -1
208, 40, -1
89, 320, -1
68, 291, -1

104, 44, 1
44, 17, 1
67, 20, 1
104, 17, 1
17, 44, 1
229, 107, -1
311, 292, -1
181, 289, -1
63, 291, -1
200, 184, -1
4, 214, -1
231, 103, -1

