131, 134, 1
116, 113, 1
23, 38, 1
167, 10, 1
54, 26, 1
146, 328, -1
355, 153, -1
39, 375, -1
139, 377, -1
145, 219, -1

352, 395, 1
38, 42, 1
305, 136, -1
123, 212, -1
366, 285, -1
357, 287, -1
320, 131, -1
224, 305, -1
86, 273, -1
385, 194, -1

42, 166, 1
325, 352, 1
21, 81, 1
185, 141, 1
125, 196, 1
169, 197, 1
341, 19, -1
318, 286, -1
392, 1, -1
82, 363, -1

330, 313, 1
280, 278, 1
206, 248, 1
175, 193, 1
107, 134, 1
384, 67, -1
94, 333, -1
197, 307, -1
37, 344, -1
182, 279, -1

66, 198, 1
281, 226, 1
110, 167, 1
340, 324, 1
324, 343, 1
340, 343, 1
332, 133, -1
144, 207, -1
77, 392, -1
367, 119, -1
138, 274, -1

104, 18, 1
39, 25, 1
12, 130, 1
88, 129, 1
185, 1, 1
40, 44, 1
110, 187, 1
376, 273, -1
95, 369, -1
131, 314, -1

31, 120, 1
126, 86, 1
393, 398, 1
312, 315, 1
90, 157, 1
149, 258, -1
7, 239, -1
212, 148, -1
68, 339, -1
339, 245, -1

141, 29, 1
7, 162, 1
159, 181, 1
298, 248, 1
89, 176, 1
387, 356, 1
318, 365, 1
282, 398, -1
157, 233, -1
60, 336, -1

399, 351, 1
231, 283, 1
264, 267, 1
7, 164, 1
25, 185, 1
397, 330, 1
382, 292, -1
51, 376, -1
248, 171, -1
200, 343, -1

79, 97, 1
389, 374, 1
155, 129, 1
297, 97, -1
21, 222, -1
289, 153, -1
386, 139, -1
28, 235, -1
143, 219, -1
283, 305, -1
297, 79, -1

