1321, 1840, 1
247, 869, 1
1482, 1107, 1
1159, 1255, 1
1806, 889, 1
1852, 1177, 1
2050, 376, 1
2094, 397, 1
1404, 1328, 1
1419, 1116, -1
129, 1814, -1
1619, 2223, -1
1801, 2174, -1
356, 1620, -1
399, 1190, -1
378, 116, -1
1999, 1534, -1
1451, 1480, -1
1260, 730, -1
2162, 1920, -1
589, 106, -1
1098, 231, -1
974, 431, -1
953, 182, -1
2103, 1255, -1
1167, 2213, -1
1704, 2066, -1
1802, 194, -1
1544, 1908, -1
114, 2140, -1
2078, 1738, -1
2250, 1284, -1
1383, 374, -1
807, 741, -1
2180, 471, -1
1198, 1598, -1
1356, 1238, -1
1075, 386, -1
1380, 1573, -1
2267, 6, -1
1271, 2288, -1
1294, 2308, -1
1813, 2067, -1
1738, 456, -1
806, 1664, -1
1290, 1932, -1
401, 1457, -1
1235, 2068, -1
1004, 1418, -1
398, 1358, -1
419, 1787, -1
2083, 1963, -1
936, 260, -1
1976, 0, -1
527, 817, -1
1882, 572, -1
515, 334, -1
1778, 2245, -1
450, 320, -1
2194, 2007, -1
1877, 1996, -1
1785, 462, -1
98, 741, -1
2111, 610, -1
1388, 994, -1
85, 2058, -1
1175, 2047, -1
2063, 667, -1
1497, 114, -1
1646, 1803, -1
454, 774, -1
144, 175, -1
93, 10, -1
1499, 1104, -1
333, 115, -1
1280, 1205, -1
486, 186, -1
842, 1465, -1
1537, 698, -1
1002, 1984, -1
1666, 802, -1
1254, 1330, -1
128, 1319, -1
1562, 581, -1
535, 823, -1
244, 922, -1
923, 1910, -1
1773, 2150, -1
1053, 821, -1
453, 180, -1
433, 1839, -1
1150, 1115, -1
1322, 2212, -1
2088, 541, -1
926, 192, -1
247, 1805, -1
1379, 1398, -1
190, 1090, -1
643, 74, -1
1434, 1320, -1
1159, 2103, -1
869, 1805, -1
1805, 247, -1
1255, 2103, -1
2103, 1159, -1

