49, 2070, 1
186, 1905, 1
229, 2298, 1
559, 1857, -1
479, 268, -1
1006, 1189, -1
692, 652, -1
1516, 1872, -1
1363, 1788, -1
267, 2009, -1

572, 1406, 1
895, 1654, -1
328, 237, -1
689, 499, -1
615, 230, -1
1308, 1747, -1
1213, 1109, -1
2058, 1766, -1
126, 2074, -1
1750, 639, -1

2075, 2056, 1
1529, 286, 1
812, 1965, 1
2094, 1938, -1
461, 236, -1
524, 1715, -1
1342, 914, -1
1929, 232, -1
1985, 754, -1
2081, 2237, -1

1393, 315, 1
182, 812, -1
847, 985, -1
994, 699, -1
1372, 1276, -1
1707, 354, -1
516, 1030, -1
932, 2174, -1
2013, 609, -1
854, 1542, -1

576, 160, 1
383, 1876, 1
1488, 2056, 1
2013, 2186, 1
2270, 1904, -1
232, 52, -1
729, 177, -1
1789, 1178, -1
1331, 1808, -1
1764, 1321, -1

708, 1072, 1
331, 373, -1
1190, 631, -1
91, 2146, -1
2041, 1917, -1
426, 354, -1
311, 879, -1
1067, 1391, -1
2072, 766, -1
1864, 69, -1

1775, 2223, -1
1108, 154, -1
232, 1247, -1
2247, 1203, -1
1197, 2223, -1
1483, 1266, -1
642, 1053, -1
421, 1260, -1
1110, 1746, -1
395, 34, -1

2045, 1884, -1
1961, 2106, -1
2061, 1075, -1
702, 1337, -1
975, 1042, -1
742, 1904, -1
2244, 1982, -1
642, 1819, -1
187, 1569, -1
996, 354, -1

1874, 1236, -1
2185, 235, -1
1443, 796, -1
1384, 67, -1
262, 107, -1
154, 1888, -1
2275, 1991, -1
2106, 367, -1
596, 2226, -1
1372, 1115, -1

1123, 1626, 1
37, 316, -1
295, 721, -1
887, 940, -1
1177, 2221, -1
1490, 922, -1
2201, 1097, -1
1977, 1339, -1
1912, 1019, -1
974, 319, -1

