1555, 145, 1
950, 2087, 1
451, 280, 1
1312, 430, 1
314, 1234, 1
1412, 1387, 1
154, 1551, 1
2136, 1423, 1
1309, 817, 1
368, 1925, 1
1814, 240, 1
1146, 978, 1
588, 517, 1
2232, 658, 1
464, 2217, 1
260, 2046, -1
275, 1100, -1
158, 1474, -1
595, 1434, -1
1729, 431, -1
799, 1156, -1
1472, 699, -1
183, 1460, -1
1525, 1054, -1
1755, 595, -1
753, 1383, -1
682, 1106, -1
383, 149, -1
2287, 1637, -1
1256, 1941, -1
1048, 1217, -1
291, 859, -1
2141, 874, -1
794, 984, -1
724, 348, -1
1571, 131, -1
1667, 577, -1
769, 1701, -1
149, 277, -1
1752, 2197, -1
1432, 1319, -1
2088, 1927, -1
301, 1995, -1
941, 2256, -1
58, 335, -1
807, 902, -1
358, 1392, -1
869, 2306, -1
1099, 556, -1
1141, 2277, -1
2138, 1596, -1
1630, 2054, -1
48, 2165, -1
1961, 213, -1
897, 2116, -1
1777, 675, -1
1857, 9, -1
600, 1176, -1
1040, 2249, -1
1156, 1799, -1
1388, 1383, -1
395, 1083, -1
507, 150, -1
1599, 185, -1
607, 1504, -1
241, 955, -1
188, 579, -1
1462, 2255, -1
585, 2249, -1
291, 670, -1
1213, 1453, -1
2006, 1486, -1
1415, 1634, -1
162, 816, -1
48, 475, -1
893, 1234, -1
1824, 109, -1
1078, 395, -1
950, 1219, -1
466, 2112, -1
2294, 1454, -1
536, 1988, -1
333, 930, -1
2235, 3, -1
1944, 260, -1
1700, 600, -1
874, 44, -1
558, 197, -1
233, 666, -1
2107, 408, -1
1690, 1167, -1
1356, 633, -1
572, 834, -1
843, 681, -1
1952, 2247, -1
1680, 1276, -1
162, 1981, -1
1033, 923, -1
2137, 878, -1
542, 369, -1
314, 893, -1
1219, 2087, -1
1234, 893, -1
1219, 950, -1

