156, 1220, 1
601, 1410, 1
987, 699, 1
334, 2276, 1
88, 1426, 1
295, 364, 1
1383, 701, 1
2144, 2091, 1
770, 872, 1
638, 2089, 1
332, 1926, 1
1572, 955, 1
1397, 1789, 1
495, 1860, 1
1879, 414, -1
1019, 1690, -1
2280, 425, -1
845, 1282, -1
1873, 1979, -1
128, 156, -1
691, 1835, -1
1069, 216, -1
1869, 871, -1
1912, 1442, -1
1908, 1643, -1
711, 452, -1
1223, 930, -1
2088, 1682, -1
611, 1411, -1
982, 1040, -1
417, 1570, -1
1831, 308, -1
712, 475, -1
1019, 1898, -1
515, 1818, -1
549, 1542, -1
1170, 2159, -1
1638, 763, -1
2093, 1872, -1
1736, 2117, -1
1645, 2257, -1
478, 208, -1
817, 435, -1
1895, 2295, -1
1259, 1932, -1
900, 691, -1
125, 1258, -1
1039, 356, -1
758, 744, -1
2099, 1362, -1
773, 1184, -1
2005, 1889, -1
664, 1327, -1
685, 937, -1
1242, 1631, -1
572, 3, -1
519, 1951, -1
2305, 795, -1
2046, 1699, -1
1345, 1846, -1
1268, 1612, -1
74, 1462, -1
1134, 330, -1
751, 1232, -1
290, 736, -1
776, 2227, -1
1350, 1795, -1
311, 1361, -1
1683, 2039, -1
432, 2080, -1
267, 1628, -1
257, 331, -1
2287, 66, -1
1256, 2287, -1
1829, 816, -1
62, 1270, -1
1049, 292, -1
1289, 1073, -1
1027, 1977, -1
581, 2279, -1
1506, 2207, -1
208, 612, -1
1601, 1710, -1
1937, 1751, -1
876, 1165, -1
1761, 63, -1
1587, 230, -1
62, 1341, -1
1334, 1382, -1
1875, 1718, -1
474, 1828, -1
1603, 1608, -1
230, 1821, -1
1909, 1320, -1
1342, 1806, -1
1295, 1196, -1
307, 988, -1
219, 179, -1
1209, 1971, -1
600, 526, -1
128, 1220, -1

