305, 42, 1
229, 304, 1
756, 727, 1
587, 401, -1
245, 482, -1
176, 626, -1
244, 497, -1
114, 683, -1
752, 352, -1
78, 739, -1

700, 415, 1
514, 752, 1
305, 485, -1
546, 104, -1
332, 569, -1
223, 735, -1
171, 562, -1
445, 222, -1
90, 440, -1
105, 486, -1

349, 162, 1
38, 316, 1
463, 412, 1
529, 78, -1
696, 141, -1
402, 568, -1
208, 517, -1
399, 313, -1
580, 96, -1
125, 535, -1

16, 165, 1
368, 369, 1
329, 84, 1
571, 38, -1
93, 682, -1
729, 371, -1
362, 702, -1
433, 89, -1
215, 725, -1
717, 299, -1

351, 64, 1
661, 449, 1
625, 407, 1
676, 526, 1
110, 136, 1
194, 374, 1
405, 207, -1
714, 0, -1
625, 135, -1
197, 578, -1
407, 135, -1
135, 625, -1

378, 77, 1
175, 358, 1
143, 137, 1
414, 630, 1
316, 549, -1
487, 267, -1
289, 693, -1
584, 98, -1
0, 226, -1
726, 117, -1

293, 136, 1
177, 239, 1
89, 232, 1
303, 396, 1
629, 681, 1
685, 679, 1
394, 451, -1
392, 555, -1
70, 505, -1
710, 239, -1
177, 710, -1

286, 269, 1
466, 587, 1
198, 301, 1
665, 534, 1
285, 155, 1
195, 57, 1
360, 698, -1
32, 613, -1
229, 611, -1
549, 383, -1

97, 247, 1
381, 215, 1
592, 524, 1
406, 580, 1
300, 79, 1
165, 595, -1
768, 505, -1
691, 64, -1
197, 510, -1
639, 159, -1

440, 493, 1
514, 745, 1
102, 67, 1
250, 589, -1
234, 479, -1
155, 415, -1
300, 570, -1
723, 52, -1
297, 486, -1
442, 322, -1

