187, 215, 1
5, 16, 1
429, 453, 1
90, 210, 1
513, 730, 1
524, 357, -1
46, 673, -1
637, 379, -1
627, 238, -1
351, 682, -1

464, 523, 1
432, 604, 1
186, 156, 1
718, 586, 1
408, 404, 1
361, 611, -1
96, 597, -1
191, 546, -1
739, 333, -1
188, 684, -1

212, 356, 1
438, 723, 1
206, 353, 1
703, 502, 1
323, 329, 1
55, 51, 1
259, 614, -1
644, 17, -1
659, 184, -1
699, 69, -1

509, 479, 1
316, 59, 1
172, 336, 1
115, 217, 1
630, 572, 1
632, 716, 1
695, 429, 1
752, 578, 1
229, 147, 1
155, 560, -1

706, 403, 1
409, 676, 1
223, 129, 1
438, 590, 1
192, 389, 1
422, 763, 1
274, 421, -1
18, 692, -1
370, 698, -1
223, 449, -1
449, 129, -1
449, 223, -1

63, 169, 1
162, 90, 1
659, 672, 1
689, 193, -1
58, 467, -1
497, 252, -1
271, 706, -1
331, 423, -1
465, 354, -1
496, 31, -1

101, 271, 1
87, 138, 1
203, 297, 1
102, 114, 1
333, 187, 1
433, 490, 1
741, 183, -1
549, 319, -1
486, 35, -1
505, 148, -1

269, 7, 1
671, 595, 1
242, 342, 1
303, 9, 1
632, 665, 1
522, 681, 1
427, 150, -1
360, 599, -1
531, 154, -1
577, 262, -1

286, 263, 1
687, 736, 1
554, 744, 1
235, 143, 1
518, 530, 1
720, 639, 1
69, 582, -1
139, 414, -1
435, 376, -1
394, 675, -1

633, 548, 1
467, 711, 1
248, 252, 1
136, 65, 1
707, 569, 1
245, 5, 1
658, 378, -1
488, 128, -1
602, 173, -1
550, 288, -1

