575, 578, 1
608, 699, 1
19, 34, 1
47, 248, 1
342, 161, 1
152, 74, 1
463, 78, -1
567, 160, -1
364, 441, -1
1, 151, -1

316, 255, 1
585, 416, 1
323, 13, 1
185, 321, 1
484, 551, 1
14, 641, -1
440, 319, -1
641, 51, -1
99, 718, -1
416, 768, -1
585, 768, -1
768, 416, -1
768, 585, -1

18, 20, 1
317, 367, 1
18, 276, 1
276, 20, 1
84, 682, -1
186, 430, -1
716, 17, -1
269, 666, -1
177, 426, -1
629, 41, -1
329, 560, -1

703, 609, 1
256, 384, 1
600, 508, 1
254, 605, -1
168, 755, -1
385, 529, -1
555, 95, -1
322, 445, -1
490, 217, -1
53, 453, -1

574, 431, 1
280, 132, 1
681, 454, 1
427, 425, 1
153, 239, 1
495, 694, 1
696, 239, -1
683, 55, -1
290, 423, -1
164, 530, -1
696, 153, -1

86, 316, 1
567, 571, 1
148, 236, 1
215, 346, 1
267, 276, 1
429, 551, 1
478, 758, 1
507, 344, -1
389, 623, -1
57, 768, -1

243, 155, 1
626, 420, 1
253, 277, 1
435, 611, 1
673, 44, -1
286, 473, -1
757, 245, -1
140, 515, -1
362, 489, -1
77, 601, -1

416, 644, 1
570, 640, 1
232, 327, 1
663, 578, 1
127, 92, 1
513, 476, 1
385, 89, 1
528, 395, -1
508, 226, -1
595, 264, -1

322, 159, 1
321, 92, 1
468, 465, 1
517, 609, 1
400, 306, -1
232, 650, -1
78, 635, -1
658, 26, -1
419, 210, -1
555, 18, -1

391, 261, 1
360, 5, 1
266, 262, 1
106, 151, 1
213, 450, -1
116, 445, -1
154, 652, -1
593, 74, -1
407, 353, -1
693, 231, -1

