342, 142, 1
731, 713, 1
687, 733, 1
288, 637, -1
445, 38, -1
138, 573, -1
385, 685, -1
536, 258, -1
276, 467, -1
457, 22, -1

665, 640, 1
404, 533, 1
20, 214, 1
281, 767, -1
731, 129, -1
113, 629, -1
112, 729, -1
715, 296, -1
513, 164, -1
670, 263, -1

517, 483, 1
271, 360, 1
240, 196, 1
143, 117, 1
612, 480, 1
566, 357, -1
403, 111, -1
49, 487, -1
414, 288, -1
698, 67, -1

181, 219, 1
105, 237, 1
313, 112, 1
147, 18, 1
293, 27, 1
212, 250, 1
627, 689, 1
695, 1, -1
151, 511, -1
328, 501, -1

164, 170, 1
112, 332, 1
230, 301, 1
730, 496, 1
35, 408, -1
728, 57, -1
35, 512, -1
716, 114, -1
251, 413, -1
314, 608, -1

45, 298, 1
357, 167, 1
12, 326, 1
504, 732, 1
86, 380, 1
273, 184, 1
657, 716, 1
554, 286, -1
252, 762, -1
577, 399, -1

376, 352, 1
188, 57, 1
265, 339, 1
69, 11, 1
239, 114, 1
716, 678, 1
81, 548, -1
742, 382, -1
107, 588, -1
57, 735, -1
188, 735, -1

461, 725, 1
366, 143, 1
715, 613, 1
704, 584, 1
197, 322, 1
188, 569, -1
730, 160, -1
696, 303, -1
666, 64, -1
614, 168, -1

138, 310, 1
127, 345, 1
272, 59, 1
481, 669, 1
665, 745, 1
188, 659, -1
318, 504, -1
319, 448, -1
529, 231, -1
484, 132, -1

482, 724, 1
179, 109, 1
305, 202, 1
230, 83, 1
475, 563, 1
669, 55, -1
191, 512, -1
6, 489, -1
307, 486, -1
216, 760, -1

