55, 212, 1
582, 689, 1
658, 558, 1
568, 563, 1
694, 17, -1
141, 559, -1
630, 98, -1
161, 520, -1
381, 671, -1
689, 191, -1
582, 191, -1

557, 670, 1
80, 64, 1
372, 46, 1
717, 751, 1
663, 676, 1
73, 508, -1
671, 65, -1
276, 424, -1
255, 509, -1
304, 511, -1

118, 43, 1
587, 677, 1
220, 365, 1
603, 80, -1
152, 691, -1
248, 613, -1
573, 340, -1
35, 734, -1
620, 321, -1
304, 523, -1

315, 215, 1
276, 172, 1
729, 155, -1
259, 576, -1
476, 273, -1
384, 473, -1
467, 95, -1
19, 646, -1
493, 362, -1
427, 63, -1

678, 417, 1
755, 487, 1
661, 411, 1
511, 522, 1
202, 393, 1
147, 709, -1
158, 568, -1
170, 458, -1
573, 236, -1
582, 381, -1

238, 179, 1
14, 128, 1
757, 592, 1
727, 755, 1
756, 670, 1
708, 587, 1
381, 740, -1
507, 5, -1
484, 298, -1
324, 727, -1
755, 324, -1

518, 403, 1
646, 476, 1
543, 658, 1
658, 639, 1
543, 639, 1
658, 543, 1
639, 543, 1
493, 250, -1
118, 579, -1
712, 76, -1
173, 509, -1
222, 628, -1
336, 744, -1

552, 700, 1
203, 5, 1
451, 617, 1
617, 440, 1
221, 114, 1
545, 557, 1
69, 395, 1
440, 451, 1
617, 451, 1
440, 617, 1
691, 194, -1
549, 207, -1
57, 586, -1

358, 104, 1
210, 336, 1
759, 732, 1
544, 560, 1
206, 98, 1
5, 398, 1
54, 186, 1
504, 379, -1
369, 739, -1
448, 85, -1

162, 336, 1
70, 378, 1
101, 89, 1
637, 572, 1
244, 256, 1
624, 591, 1
444, 655, 1
90, 394, 1
207, 738, -1
309, 611, -1

