464, 453, 1
680, 575, 1
497, 577, 1
35, 341, 1
473, 570, 1
459, 559, 1
211, 554, -1
114, 634, -1
99, 738, -1
576, 107, -1

569, 509, 1
670, 610, 1
479, 693, 1
624, 637, 1
128, 243, 1
440, 372, -1
482, 256, -1
510, 312, -1
724, 130, -1
594, 292, -1

169, 79, 1
228, 341, 1
75, 5, 1
210, 56, 1
297, 275, 1
439, 471, 1
98, 466, -1
393, 645, -1
206, 652, -1
603, 193, -1

170, 161, 1
687, 625, 1
19, 107, 1
582, 723, 1
191, 246, 1
90, 729, -1
584, 201, -1
705, 214, -1
175, 746, -1
123, 503, -1

147, 40, 1
71, 241, 1
682, 753, 1
169, 128, 1
62, 81, 1
208, 342, 1
664, 762, 1
161, 660, -1
8, 579, -1
680, 100, -1

24, 346, 1
168, 258, 1
357, 334, 1
269, 210, 1
507, 543, 1
141, 531, -1
42, 548, -1
565, 153, -1
107, 407, -1
709, 160, -1

170, 271, 1
112, 168, 1
719, 763, 1
290, 101, 1
148, 263, 1
572, 557, 1
208, 474, -1
229, 731, -1
757, 148, -1
633, 67, -1
757, 263, -1
148, 757, -1

741, 422, 1
643, 608, 1
256, 53, 1
594, 642, 1
233, 277, 1
220, 293, 1
754, 89, -1
385, 602, -1
432, 198, -1
192, 485, -1

350, 226, 1
418, 449, 1
500, 760, 1
710, 601, 1
439, 162, -1
198, 600, -1
589, 218, -1
303, 445, -1
664, 267, -1
628, 256, -1

107, 187, 1
607, 441, 1
70, 277, 1
579, 388, -1
200, 478, -1
347, 438, -1
623, 72, -1
366, 703, -1
464, 82, -1
489, 31, -1

