194, 214, 1
286, 10, 1
536, 499, 1
212, 488, -1
17, 666, -1
263, 527, -1
399, 173, -1
88, 459, -1
359, 430, -1
292, 490, -1

754, 460, 1
340, 102, 1
350, 313, 1
653, 400, -1
8, 533, -1
637, 89, -1
660, 302, -1
189, 622, -1
484, 94, -1
31, 428, -1

449, 721, 1
702, 682, 1
434, 674, 1
373, 295, 1
139, 260, 1
414, 482, 1
199, 515, -1
35, 486, -1
288, 509, -1
464, 140, -1

369, 142, 1
231, 294, 1
431, 694, 1
7, 262, 1
408, 641, 1
186, 365, 1
466, 99, -1
600, 371, -1
183, 567, -1
703, 247, -1

422, 601, 1
537, 630, 1
680, 534, 1
661, 700, 1
129, 222, 1
509, 630, 1
122, 206, 1
537, 509, 1
226, 654, -1
473, 401, -1
523, 276, -1

628, 748, 1
426, 510, 1
594, 419, 1
203, 262, 1
100, 95, 1
56, 661, -1
679, 299, -1
268, 705, -1
151, 495, -1
209, 421, -1

520, 573, 1
513, 739, 1
692, 625, 1
345, 338, 1
224, 116, 1
411, 695, 1
249, 139, 1
48, 39, 1
200, 697, -1
55, 405, -1

445, 647, 1
27, 265, 1
376, 332, 1
564, 665, 1
524, 120, -1
719, 282, -1
338, 599, -1
172, 475, -1
93, 672, -1
300, 490, -1

702, 732, 1
126, 240, 1
7, 276, 1
521, 625, 1
707, 476, 1
734, 159, -1
769, 29, -1
339, 478, -1
244, 649, -1
351, 536, -1

78, 130, 1
611, 755, 1
251, 67, 1
30, 81, 1
564, 514, 1
534, 64, -1
487, 371, -1
323, 686, -1
316, 439, -1
418, 303, -1

