333, 299, 1
188, 103, 1
190, 122, 1
305, 274, 1
212, 91, 1
252, 227, 1
242, 319, 1
608, 61, -1
98, 669, -1
73, 538, -1

313, 72, 1
585, 721, 1
285, 50, 1
576, 668, 1
370, 385, 1
168, 742, -1
609, 234, -1
489, 213, -1
204, 607, -1
263, 458, -1

635, 452, 1
24, 74, 1
744, 459, 1
181, 15, 1
273, 44, 1
573, 285, -1
94, 461, -1
394, 723, -1
515, 141, -1
497, 327, -1

285, 165, 1
554, 593, 1
62, 214, 1
497, 452, 1
638, 565, 1
496, 435, 1
359, 354, 1
297, 376, 1
306, 511, -1
520, 193, -1

50, 154, 1
140, 293, 1
350, 318, 1
562, 635, 1
765, 687, 1
611, 575, 1
355, 693, -1
507, 279, -1
725, 290, -1
75, 750, -1

733, 656, 1
704, 694, 1
104, 159, 1
468, 481, 1
636, 758, 1
153, 66, 1
128, 409, -1
199, 595, -1
739, 135, -1
699, 100, -1

131, 384, 1
36, 16, 1
315, 390, 1
154, 231, 1
137, 620, -1
577, 196, -1
389, 706, -1
263, 433, -1
165, 689, -1
361, 620, -1

10, 290, 1
706, 539, 1
97, 157, 1
4, 248, 1
145, 123, 1
725, 168, -1
294, 551, -1
17, 686, -1
452, 225, -1
223, 534, -1

261, 240, 1
143, 336, 1
624, 711, 1
75, 338, 1
496, 687, 1
114, 244, 1
598, 468, 1
283, 765, -1
15, 406, -1
160, 416, -1

564, 472, 1
323, 38, 1
249, 271, 1
105, 309, 1
56, 261, 1
572, 558, 1
473, 543, 1
21, 674, -1
154, 608, -1
194, 484, -1

