626, 737, 1
485, 636, 1
227, 323, 1
545, 457, 1
102, 352, 1
432, 759, 1
563, 26, -1
76, 466, -1
307, 555, -1
170, 743, -1

81, 101, 1
762, 750, 1
143, 344, 1
377, 712, -1
64, 750, -1
275, 631, -1
363, 550, -1
106, 432, -1
408, 87, -1
78, 430, -1
64, 762, -1

505, 638, 1
524, 404, 1
78, 6, 1
254, 4, 1
751, 591, 1
351, 98, 1
446, 593, 1
161, 484, -1
300, 681, -1
18, 658, -1

650, 663, 1
501, 673, 1
282, 470, -1
196, 594, -1
726, 111, -1
372, 739, -1
243, 758, -1
175, 663, -1
97, 538, -1
450, 342, -1
650, 175, -1
663, 175, -1
175, 650, -1

269, 375, 1
195, 16, 1
54, 159, 1
39, 139, 1
225, 89, 1
99, 173, 1
363, 4, 1
631, 277, -1
269, 536, -1
148, 612, -1
536, 375, -1
536, 269, -1

486, 654, 1
341, 346, 1
316, 210, 1
483, 530, 1
606, 459, 1
467, 41, -1
438, 34, -1
82, 0, -1
40, 479, -1
478, 251, -1

454, 564, 1
390, 244, 1
628, 438, 1
180, 295, 1
159, 595, -1
102, 459, -1
361, 587, -1
293, 552, -1
155, 734, -1
24, 587, -1

163, 46, 1
454, 564, 1
219, 309, 1
708, 606, 1
609, 190, -1
540, 305, -1
287, 514, -1
683, 300, -1
538, 137, -1
458, 377, -1

96, 207, 1
494, 557, 1
680, 700, 1
133, 205, 1
313, 40, 1
585, 396, -1
529, 316, -1
522, 80, -1
280, 763, -1
235, 628, -1

295, 219, 1
451, 581, 1
45, 252, 1
732, 546, 1
69, 216, 1
269, 255, 1
659, 256, -1
84, 483, -1
21, 766, -1
330, 550, -1

