1310, 634, 33, 3
466, 1273, 547, 3
638, 693, 557, 3
796, 673, 849, 3
609, 620, 1206, 3
569, 1380, 674, 3
803, 888, 1433, 3
86, 185, 617, 3
1094, 394, 579, 3
1391, 631, 107, 3
166, 1381, 1379, 3
497, 486, 981, 3
1388, 293, 960, 3
1150, 905, 1470, 3
1008, 873, 866, 3
1126, 907, 488, 3
1465, 1114, 967, 3
283, 313, 645, 3
74, 997, 1196, 3
1344, 738, 589, 3
1306, 128, 814, 3
1048, 1008, 330, 3
628, 712, 560, 3
1012, 537, 906, 3
663, 455, 836, 3
979, 425, 728, 3
683, 1313, 388, 3
383, 519, 1191, 3
1375, 181, 510, 3
469, 582, 1082, 3
756, 534, 1247, 3
274, 1223, 669, 3
61, 521, 307, 3
372, 1124, 233, 3
630, 1184, 1059, 3
724, 752, 1389, 3
34, 851, 17, 3
779, 1083, 1346, 3
115, 131, 134, 3
95, 262, 611, 3
584, 874, 220, 3
39, 196, 783, 3
1376, 855, 710, 3
1414, 967, 850, 3
1293, 961, 328, 3
944, 279, 240, 3
531, 740, 981, 3
1119, 122, 1357, 3
1068, 671, 467, 3
1186, 1196, 1303, 3
488, 1165, 1376, 3
735, 469, 319, 3
193, 1155, 1252, 3
1311, 1007, 1424, 3
198, 412, 980, 3
1355, 753, 660, 3
1277, 673, 1475, 3
339, 42, 16, 3
101, 1314, 161, 3
210, 1156, 571, 3
325, 78, 914, 3
900, 1398, 120, 3
281, 479, 1162, 3
1217, 1220, 566, 3
1230, 179, 1096, 3
832, 546, 937, 3
700, 1378, 929, 3
524, 1105, 1109, 3
497, 13, 1004, 3
214, 1401, 1271, 3
935, 970, 1114, 3
591, 1038, 150, 3
513, 92, 1166, 3
1185, 552, 51, 3
1139, 1100, 546, 3
1376, 637, 287, 3
803, 105, 1040, 3
761, 218, 665, 3
352, 1290, 408, 3
972, 358, 60, 3
296, 220, 1307, 3
1439, 1052, 1470, 3
290, 954, 214, 3
177, 804, 857, 3
890, 1124, 1299, 3
124, 272, 678, 3
706, 982, 330, 3
767, 777, 1480, 3
701, 1228, 36, 3
155, 1251, 992, 3
495, 740, 186, 3
32, 994, 1182, 3
266, 58, 754, 3
532, 155, 828, 3
796, 1403, 8, 3
1063, 238, 358, 3
911, 1407, 1378, 3
1332, 463, 957, 3
1436, 1072, 1230, 3
1160, 143, 822, 3
587, 765, 808, 3
886, 1322, 352, 3
31, 1458, 338, 3
1113, 1134, 400, 3
671, 1057, 874, 3
290, 607, 23, 3
993, 194, 576, 3
378, 1142, 264, 3
206, 553, 266, 3
573, 484, 1274, 3
1117, 845, 648, 3
1225, 588, 474, 3
1092, 766, 101, 3
1023, 1073, 398, 3
587, 1087, 40, 3
730, 1443, 705, 3
1456, 13, 817, 3
1329, 1187, 1478, 3
400, 648, 598, 3
914, 1267, 1232, 3
494, 1468, 998, 3
915, 243, 906, 3
702, 1178, 1414, 3
1262, 352, 288, 3
224, 795, 957, 3
1268, 1439, 777, 3
1407, 1310, 192, 3
397, 984, 451, 3
861, 1227, 679, 3
968, 299, 275, 3
762, 482, 801, 3
669, 411, 61, 3
1009, 571, 143, 3
1021, 273, 786, 3
122, 73, 354, 3
351, 153, 63, 3
15, 699, 33, 3
50, 828, 907, 3
830, 293, 939, 3
271, 348, 324, 3
682, 274, 1095, 3
1066, 249, 752, 3
435, 1005, 1004, 3
1122, 22, 1179, 3
12, 1354, 439, 3
1240, 133, 661, 3
412, 741, 1303, 3
191, 636, 61, 3
907, 1418, 153, 3
876, 605, 987, 3
58, 947, 302, 3
666, 173, 1193, 3
1389, 266, 1334, 3
27, 956, 190, 3
468, 1214, 457, 3
1021, 24, 1458, 3
1068, 1483, 586, 3
163, 428, 606, 3
733, 440, 692, 3
513, 1092, 222, 3
1200, 91, 870, 3
912, 885, 506, 3
938, 1176, 165, 3
1105, 1293, 190, 3
589, 1230, 523, 3
1341, 423, 434, 3
231, 865, 744, 3
110, 610, 544, 3
1372, 613, 663, 3
550, 1389, 49, 3
1374, 1221, 253, 3
115, 120, 703, 3
1130, 988, 494, 3
1035, 508, 839, 3
1116, 1021, 1168, 3
1016, 16, 917, 3
941, 1002, 280, 3
978, 1430, 625, 3
325, 9, 1219, 3
1449, 1051, 1143, 3
796, 23, 1137, 3
1281, 108, 1143, 3
374, 692, 1312, 3
643, 335, 1121, 3
448, 636, 1280, 3
557, 337, 96, 3
1053, 1065, 801, 3
1092, 156, 772, 3
910, 251, 284, 3
70, 1259, 808, 3
346, 97, 563, 3
1389, 624, 1117, 3
1441, 931, 1450, 3
286, 369, 227, 3
965, 147, 803, 3
475, 412, 1316, 3
879, 861, 835, 3
523, 534, 445, 3
797, 1246, 860, 3
198, 677, 777, 3
917, 370, 1364, 3
388, 775, 1419, 3
338, 1337, 266, 3
1087, 75, 820, 3
615, 1482, 496, 3
1420, 1234, 659, 3
211, 698, 498, 3
153, 171, 219, 3
870, 825, 1214, 3
662, 95, 1056, 3
196, 363, 1076, 3
409, 1452, 131, 3
1039, 1146, 175, 3
670, 25, 223, 3
129, 1319, 670, 3
210, 1006, 1092, 3
818, 1415, 1073, 3
329, 765, 1469, 3
36, 611, 540, 3
43, 1209, 1154, 3
1217, 857, 593, 3
909, 10, 594, 3
82, 1316, 1048, 3
1326, 1026, 301, 3
873, 770, 825, 3
140, 224, 444, 3
87, 756, 1061, 3
284, 1364, 271, 3
290, 287, 1212, 3
393, 1409, 48, 3
934, 1249, 811, 3
47, 377, 205, 3
259, 427, 124, 3
209, 1436, 21, 3
887, 360, 1009, 3
381, 423, 301, 3
13, 194, 166, 3
1198, 303, 1439, 3
472, 695, 106, 3
548, 116, 969, 3
745, 1267, 1166, 3
635, 194, 414, 3
600, 682, 620, 3
746, 212, 895, 3
721, 1084, 1200, 3
131, 1139, 609, 3
911, 1071, 325, 3
245, 1006, 1234, 3
941, 132, 991, 3
252, 714, 548, 3
818, 333, 1100, 3
1363, 1402, 923, 3
587, 1012, 1155, 3
898, 1221, 14, 3
342, 183, 1360, 3
217, 855, 1311, 3
122, 195, 1136, 3
672, 227, 893, 3
1317, 311, 630, 3
610, 91, 810, 3
990, 616, 759, 3
1354, 1422, 549, 3
152, 494, 388, 3
711, 756, 505, 3
1066, 752, 842, 3
538, 472, 1279, 3
726, 431, 470, 3
891, 370, 721, 3
138, 310, 505, 3
1421, 670, 774, 3
1341, 1285, 140, 3
1274, 833, 84, 3
806, 1063, 185, 3
912, 399, 1046, 3
1334, 822, 1142, 3
859, 1183, 1239, 3
1063, 1007, 420, 3
1008, 990, 437, 3
1207, 1072, 281, 3
810, 103, 601, 3
715, 1239, 762, 3
333, 363, 998, 3
46, 819, 992, 3
510, 158, 449, 3
464, 883, 712, 3
1301, 1370, 739, 3
320, 410, 153, 3
515, 958, 540, 3
1395, 727, 1180, 3
1348, 857, 87, 3
794, 626, 2, 3
9, 633, 169, 3
216, 280, 1235, 3
583, 1171, 110, 3
521, 1055, 730, 3
733, 1090, 898, 3
1089, 1434, 1358, 3
1020, 1208, 545, 3
1015, 887, 100, 3
1283, 17, 1046, 3
1409, 1169, 1012, 3
816, 206, 262, 3
248, 591, 771, 3
1087, 760, 590, 3
983, 514, 443, 3
9, 611, 1247, 3
1454, 478, 257, 3
1315, 425, 891, 3
522, 891, 853, 3
362, 377, 1445, 3
1448, 343, 355, 3
1097, 811, 1261, 3
264, 121, 1312, 3
547, 289, 943, 3
940, 878, 453, 3
339, 907, 1367, 3
581, 244, 706, 3
1456, 1014, 115, 3
189, 1081, 1408, 3
634, 927, 847, 3
803, 901, 107, 3
1131, 235, 271, 3
140, 1238, 1370, 3
504, 1061, 1206, 3
1415, 762, 53, 3
158, 463, 212, 3
118, 1102, 927, 3
271, 1167, 1408, 3
589, 1322, 1195, 3
1317, 509, 1087, 3
1427, 445, 125, 3
413, 610, 794, 3
174, 75, 724, 3
265, 1439, 184, 3
1367, 328, 555, 3
446, 696, 457, 3
552, 642, 750, 3
367, 1171, 1450, 3
90, 172, 1163, 3
378, 679, 833, 3
1102, 1126, 1084, 3
929, 388, 1164, 3
1021, 46, 492, 3
787, 52, 892, 3
36, 1213, 1064, 3
97, 1001, 414, 3
845, 858, 1357, 3
1402, 741, 3, 3
879, 768, 1380, 3
400, 56, 86, 3
627, 1322, 1456, 3
20, 1260, 667, 3
148, 173, 778, 3
76, 121, 576, 3
1027, 977, 285, 3
7, 836, 1061, 3
38, 653, 1286, 3
1467, 1475, 1216, 3
74, 865, 901, 3
158, 220, 593, 3
612, 391, 523, 3
900, 1224, 984, 3
1081, 894, 672, 3
563, 786, 290, 3
1022, 1482, 30, 3
799, 1142, 74, 3
292, 1230, 342, 3
872, 862, 1019, 3
1233, 1107, 1482, 3
519, 1010, 270, 3
352, 171, 292, 3
107, 1174, 1007, 3
1184, 483, 32, 3
637, 596, 1019, 3
238, 821, 742, 3
613, 283, 1429, 3
964, 65, 473, 3
351, 16, 241, 3
1321, 944, 652, 3
1076, 1212, 550, 3
723, 887, 1481, 3
559, 221, 1433, 3
475, 1287, 104, 3
1251, 858, 1051, 3
1433, 435, 97, 3
1293, 856, 408, 3
793, 1351, 957, 3
575, 145, 100, 3
43, 1344, 397, 3
398, 143, 191, 3
593, 452, 1003, 3
523, 187, 762, 3
392, 136, 1034, 3
1356, 1139, 847, 3
534, 85, 163, 3
549, 234, 673, 3
1217, 1289, 303, 3
764, 377, 784, 3
705, 900, 213, 3
828, 253, 1408, 3
366, 410, 810, 3
1229, 809, 603, 3
1339, 1151, 237, 3
972, 108, 462, 3
29, 1102, 573, 3
875, 1455, 1284, 3
400, 1424, 559, 3
566, 1070, 733, 3
637, 662, 11, 3
1035, 159, 1082, 3
1079, 458, 676, 3
1345, 161, 188, 3
653, 357, 1089, 3
1208, 541, 312, 3
273, 1122, 668, 3
573, 1027, 518, 3
842, 1183, 986, 3
469, 280, 161, 3
621, 925, 1108, 3
1024, 957, 600, 3
1190, 737, 135, 3
1421, 541, 1242, 3
551, 6, 384, 3
485, 28, 894, 3
619, 790, 54, 3
656, 426, 291, 3
248, 1024, 532, 3
673, 1104, 397, 3
503, 1081, 873, 3
1155, 178, 1372, 3
374, 64, 713, 3
517, 342, 35, 3
547, 296, 434, 3
1073, 1353, 250, 3
1091, 1157, 1398, 3
1436, 1000, 28, 3
672, 721, 704, 3
1378, 330, 698, 3
1394, 520, 945, 3
393, 580, 619, 3
1340, 372, 73, 3
159, 284, 1370, 3
1376, 1231, 34, 3
992, 902, 415, 3
808, 1259, 967, 3
499, 139, 16, 3
980, 949, 796, 3
494, 1014, 274, 3
478, 1317, 1087, 3
609, 761, 1440, 3
1244, 924, 476, 3
700, 939, 1328, 3
327, 1049, 404, 3
195, 378, 311, 3
1457, 1333, 1220, 3
658, 277, 395, 3
437, 677, 196, 3
853, 310, 715, 3
1131, 962, 503, 3
268, 597, 130, 3
1293, 694, 405, 3
798, 166, 590, 3
1256, 153, 589, 3
999, 1280, 1079, 3
224, 928, 5, 3
291, 767, 1251, 3
769, 987, 650, 3
1437, 1296, 461, 3
219, 721, 769, 3
1330, 1367, 1477, 3
765, 892, 407, 3
639, 259, 846, 3
100, 1328, 999, 3
138, 239, 260, 3
1245, 1104, 1144, 3
628, 589, 232, 3
531, 1289, 1160, 3
595, 1173, 307, 3
976, 13, 1444, 3
78, 1074, 1161, 3
1165, 1157, 1356, 3
1164, 306, 24, 3
657, 296, 463, 3
1326, 104, 1382, 3
1394, 1026, 103, 3
773, 320, 624, 3
1119, 1263, 618, 3
1065, 517, 578, 3
99, 1111, 510, 3
4, 137, 260, 3
1240, 43, 75, 3
776, 1376, 164, 3
531, 715, 387, 3
765, 138, 1179, 3
726, 276, 1318, 3
94, 972, 823, 3
15, 610, 72, 3
418, 1240, 1049, 3
230, 70, 992, 3
77, 1189, 1191, 3
90, 769, 1146, 3
849, 603, 676, 3
870, 1342, 856, 3
625, 682, 58, 3
61, 1005, 1327, 3
507, 242, 301, 3
21, 862, 1337, 3
1205, 573, 114, 3
1176, 53, 1273, 3
895, 301, 629, 3
714, 343, 737, 3
1433, 1145, 916, 3
728, 1072, 101, 3
473, 370, 404, 3
1390, 1043, 681, 3
397, 144, 1040, 3
1218, 117, 113, 3
181, 329, 467, 3
655, 954, 1441, 3
1427, 826, 8, 3
1462, 548, 783, 3
624, 1430, 185, 3
1194, 524, 1171, 3
494, 61, 984, 3
840, 319, 868, 3
340, 666, 56, 3
147, 1468, 222, 3
772, 1344, 694, 3
17, 1058, 90, 3
848, 95, 739, 3
883, 499, 1218, 3
1190, 756, 1156, 3
1387, 1109, 1052, 3
439, 759, 1206, 3
839, 716, 681, 3
1269, 507, 34, 3
408, 561, 38, 3
447, 86, 943, 3
66, 1415, 252, 3
466, 288, 205, 3
932, 1126, 502, 3
1224, 421, 212, 3
1056, 895, 1199, 3
175, 602, 124, 3
87, 306, 1192, 3
528, 266, 668, 3
1180, 1099, 1429, 3
220, 893, 552, 3
641, 217, 423, 3
89, 718, 1465, 3
1037, 1358, 451, 3
831, 481, 1228, 3
1429, 978, 318, 3
364, 1014, 703, 3
991, 1297, 71, 3
593, 1399, 341, 3
578, 1294, 38, 3
267, 427, 1466, 3
1180, 517, 1044, 3
709, 1291, 1373, 3
1319, 958, 980, 3
800, 440, 929, 3
1428, 1372, 1397, 3
1221, 585, 40, 3
529, 1301, 1403, 3
315, 305, 844, 3
657, 1030, 1316, 3
377, 464, 84, 3
751, 437, 915, 3
1047, 41, 507, 3
821, 548, 866, 3
941, 882, 844, 3
1298, 876, 933, 3
919, 630, 770, 3
455, 6, 1365, 3
1304, 7, 308, 3
314, 623, 1294, 3
1217, 935, 292, 3
1086, 97, 1256, 3
217, 1109, 773, 3
1427, 1473, 1324, 3
1047, 292, 683, 3
645, 957, 72, 3
1238, 760, 677, 3
1085, 225, 1087, 3
1440, 288, 227, 3
1254, 504, 1350, 3
1164, 1252, 1403, 3
266, 1418, 460, 3
161, 790, 449, 3
803, 326, 496, 3
698, 786, 1416, 3
643, 595, 472, 3
1341, 632, 387, 3
821, 298, 449, 3
958, 440, 1474, 3
85, 830, 732, 3
1311, 39, 201, 3
600, 295, 1200, 3
782, 1061, 1094, 3
1017, 347, 409, 3
1029, 906, 390, 3
141, 643, 1176, 3
1206, 837, 1443, 3
656, 1153, 534, 3
449, 624, 957, 3
659, 1297, 374, 3
541, 908, 206, 3
355, 110, 303, 3
1367, 1411, 470, 3
349, 1222, 1423, 3
1090, 415, 833, 3
452, 1349, 953, 3
31, 1123, 130, 3
1063, 1443, 635, 3
330, 9, 548, 3
896, 997, 1142, 3
253, 1032, 1191, 3
1136, 749, 636, 3
1018, 922, 873, 3
864, 55, 625, 3
561, 1483, 705, 3
769, 1324, 194, 3
280, 462, 1100, 3
144, 1351, 63, 3
935, 972, 125, 3
80, 367, 787, 3
1306, 1237, 1341, 3
321, 87, 433, 3
527, 670, 667, 3
108, 474, 693, 3
315, 387, 623, 3
209, 457, 683, 3
1003, 443, 189, 3
1480, 1330, 689, 3
62, 1395, 718, 3
350, 398, 36, 3
204, 860, 1152, 3
1316, 1064, 827, 3
1389, 1154, 1098, 3
1241, 1358, 446, 3
1089, 414, 547, 3
339, 433, 456, 3
1144, 706, 324, 3
530, 1330, 58, 3
1329, 291, 253, 3
537, 891, 618, 3
1200, 1025, 500, 3
1436, 198, 570, 3
1084, 1365, 140, 3
87, 105, 1436, 3
1176, 1357, 468, 3
124, 742, 1243, 3
858, 10, 227, 3
1119, 1046, 492, 3
1144, 903, 7, 3
242, 996, 658, 3
581, 1233, 976, 3
1177, 317, 809, 3
691, 740, 822, 3
441, 691, 360, 3
113, 384, 1143, 3
80, 651, 1166, 3
175, 1239, 34, 3
496, 39, 1111, 3
1317, 1177, 606, 3
483, 749, 858, 3
943, 901, 1414, 3
558, 974, 1309, 3
1431, 1105, 392, 3
337, 1043, 522, 3
677, 1008, 1369, 3
728, 372, 1066, 3
546, 1011, 828, 3
707, 705, 537, 3
1124, 1253, 1420, 3
1400, 687, 1127, 3
64, 682, 1122, 3
703, 827, 675, 3
806, 285, 413, 3
893, 71, 1144, 3
977, 774, 1163, 3
802, 163, 811, 3
356, 84, 91, 3
832, 348, 8, 3
1207, 1166, 1191, 3
796, 128, 1175, 3
76, 632, 488, 3
1335, 604, 462, 3
574, 964, 473, 3
708, 31, 1303, 3
799, 17, 500, 3
1195, 429, 1080, 3
915, 603, 1125, 3
521, 950, 1098, 3
1463, 253, 80, 3
115, 216, 1068, 3
1004, 752, 314, 3
600, 1135, 1230, 3
1103, 154, 558, 3
1062, 971, 14, 3
678, 30, 1291, 3
63, 1191, 1006, 3
813, 1408, 1044, 3
1083, 1358, 288, 3
686, 1317, 1437, 3
1082, 322, 498, 3
319, 1336, 961, 3
666, 537, 886, 3
1480, 948, 49, 3
758, 1013, 335, 3
1350, 1379, 472, 3
343, 1268, 169, 3
891, 1088, 687, 3
589, 1266, 473, 3
328, 1261, 1140, 3
587, 479, 778, 3
77, 1244, 525, 3
896, 842, 753, 3
1029, 684, 119, 3
1348, 381, 1068, 3
1474, 816, 1030, 3
1315, 1189, 887, 3
491, 1068, 2, 3
1129, 171, 24, 3
830, 1462, 1112, 3
550, 495, 1010, 3
1391, 1357, 686, 3
1266, 669, 1200, 3
487, 703, 84, 3
1103, 707, 1304, 3
254, 503, 1100, 3
905, 529, 310, 3
703, 121, 628, 3
413, 686, 444, 3
1405, 194, 309, 3
1185, 598, 1062, 3
612, 466, 358, 3
910, 526, 31, 3
93, 364, 610, 3
1196, 90, 1216, 3
682, 266, 107, 3
45, 800, 18, 3
470, 473, 985, 3
1238, 647, 1470, 3
1242, 393, 531, 3
143, 133, 1121, 3
135, 61, 167, 3
1148, 356, 1428, 3
508, 1452, 55, 3
1357, 195, 231, 3
521, 221, 1353, 3
525, 385, 1393, 3
117, 1149, 676, 3
646, 1268, 37, 3
704, 1384, 578, 3
1365, 559, 81, 3
886, 1127, 863, 3
1216, 168, 325, 3
663, 1327, 42, 3
1245, 261, 485, 3
571, 303, 1392, 3
967, 1020, 564, 3
1045, 628, 116, 3
906, 776, 207, 3
1407, 1314, 972, 3
1154, 1374, 266, 3
700, 704, 409, 3
1360, 769, 1013, 3
569, 440, 696, 3
1135, 911, 172, 3
975, 50, 1074, 3
598, 337, 468, 3
624, 112, 172, 3
1094, 1114, 541, 3
1415, 488, 1437, 3
1057, 520, 745, 3
1409, 83, 168, 3
1126, 1463, 987, 3
255, 1350, 1118, 3
875, 1035, 89, 3
192, 591, 194, 3
1395, 715, 249, 3
624, 874, 929, 3
914, 1094, 1367, 3
590, 181, 461, 3
1035, 967, 1000, 3
488, 1021, 748, 3
1027, 201, 861, 3
631, 462, 1176, 3
1298, 204, 747, 3
1246, 609, 186, 3
1188, 216, 1281, 3
120, 839, 1341, 3
1286, 563, 11, 3
836, 545, 454, 3
437, 712, 22, 3
21, 472, 239, 3
1293, 533, 1050, 3
1279, 688, 790, 3
692, 984, 219, 3
116, 752, 1425, 3
656, 1274, 472, 3
454, 364, 973, 3
1220, 374, 1375, 3
588, 1212, 1229, 3
965, 1270, 1265, 3
1000, 297, 1258, 3
127, 528, 541, 3
727, 275, 49, 3
974, 497, 715, 3
1023, 500, 340, 3
465, 11, 756, 3
173, 279, 1388, 3
672, 1460, 45, 3
237, 1285, 7, 3
884, 256, 311, 3
720, 1024, 347, 3
1192, 1243, 609, 3
796, 168, 139, 3
415, 381, 400, 3
220, 1153, 447, 3
1284, 1216, 550, 3
880, 966, 715, 3
1333, 1256, 1382, 3
472, 578, 749, 3
120, 1106, 1172, 3
1147, 1456, 327, 3
202, 1415, 890, 3
401, 1403, 518, 3
19, 279, 1331, 3
179, 20, 893, 3
1375, 1111, 642, 3
519, 238, 1310, 3
103, 699, 539, 3
770, 900, 669, 3
843, 1464, 621, 3
437, 627, 982, 3
921, 690, 430, 3
888, 12, 507, 3
551, 1321, 1201, 3
391, 550, 425, 3
1310, 791, 267, 3
1017, 1188, 78, 3
1360, 425, 123, 3
796, 989, 680, 3
840, 1368, 249, 3
962, 1439, 14, 3
337, 870, 250, 3
421, 888, 1481, 3
1115, 448, 1185, 3
1293, 778, 383, 3
613, 449, 903, 3
870, 148, 1123, 3
1450, 931, 518, 3
1274, 260, 1071, 3
1445, 1068, 34, 3
1211, 1003, 190, 3
1355, 1455, 426, 3
1055, 1170, 275, 3
836, 1454, 532, 3
369, 699, 700, 3
487, 192, 500, 3
1062, 1011, 276, 3
427, 75, 1277, 3
372, 1268, 811, 3
946, 833, 235, 3
1279, 619, 447, 3
960, 111, 1011, 3
168, 325, 593, 3
974, 562, 286, 3
1089, 1035, 274, 3
1342, 37, 899, 3
6, 345, 251, 3
651, 1356, 894, 3
298, 498, 727, 3
265, 744, 1142, 3
239, 746, 572, 3
699, 779, 1106, 3
746, 866, 681, 3
1458, 1017, 1142, 3
148, 1352, 1397, 3
422, 917, 857, 3
531, 423, 1040, 3
296, 1438, 900, 3
974, 49, 466, 3
1148, 1068, 1179, 3
582, 210, 10, 3
185, 1316, 1338, 3
992, 258, 539, 3
1161, 997, 1445, 3
58, 985, 1432, 3
758, 1370, 305, 3
615, 140, 63, 3
1406, 982, 152, 3
1313, 530, 874, 3
780, 366, 1280, 3
475, 1435, 622, 3
945, 907, 109, 3
738, 1291, 1166, 3
375, 404, 1405, 3
1288, 626, 268, 3
409, 1153, 96, 3
675, 738, 386, 3
903, 1106, 369, 3
246, 1169, 778, 3
394, 1082, 1477, 3
349, 765, 495, 3
251, 19, 721, 3
874, 108, 1199, 3
613, 1089, 379, 3
876, 1109, 1222, 3
1469, 1190, 1076, 3
967, 689, 644, 3
253, 824, 432, 3
168, 1024, 1042, 3
294, 1216, 957, 3
1453, 423, 888, 3
519, 1441, 301, 3
239, 698, 1050, 3
841, 529, 50, 3
937, 135, 1438, 3
56, 906, 1042, 3
37, 1028, 839, 3
284, 1336, 238, 3
466, 422, 978, 3
857, 1351, 126, 3
1397, 1455, 1364, 3
913, 292, 353, 3
552, 421, 1006, 3
1394, 1389, 947, 3
1429, 224, 403, 3
1289, 872, 762, 3
797, 250, 209, 3
941, 1360, 477, 3
46, 477, 1316, 3
861, 19, 514, 3
677, 1082, 231, 3
386, 390, 87, 3
940, 1107, 1396, 3
1036, 123, 441, 3
216, 1335, 197, 3
58, 749, 813, 3
591, 797, 545, 3
1013, 198, 1207, 3
421, 888, 19, 3
15, 1185, 878, 3
1304, 192, 532, 3
993, 718, 752, 3
732, 1275, 480, 3
579, 814, 128, 3
390, 1322, 812, 3
235, 573, 240, 3
420, 464, 1143, 3
1288, 1108, 639, 3
496, 1293, 113, 3
367, 353, 275, 3
1137, 1202, 25, 3
1158, 1160, 1146, 3
120, 697, 682, 3
207, 249, 343, 3
1008, 1087, 471, 3
1239, 780, 190, 3
175, 988, 208, 3
541, 176, 1189, 3
1003, 60, 998, 3
297, 857, 852, 3
1163, 1034, 287, 3
1396, 412, 1402, 3
454, 941, 977, 3
1194, 1074, 880, 3
853, 1063, 133, 3
548, 986, 1464, 3
244, 1076, 1154, 3
1354, 1172, 593, 3
890, 1473, 574, 3
750, 1443, 880, 3
1480, 478, 774, 3
403, 931, 398, 3
796, 706, 660, 3
306, 1140, 471, 3
94, 428, 1240, 3
1279, 1072, 1149, 3
1150, 1096, 232, 3
960, 992, 25, 3
971, 829, 255, 3
1430, 424, 260, 3
168, 436, 427, 3
682, 1379, 107, 3
914, 286, 1267, 3
187, 1038, 668, 3
708, 42, 1415, 3
1125, 633, 381, 3
513, 257, 931, 3
336, 1480, 909, 3
97, 1219, 1002, 3
721, 349, 409, 3
1246, 64, 400, 3
248, 981, 1172, 3
515, 1461, 43, 3
384, 66, 1
1149, 1321, 1
85, 1401, 1
11, 392, 1
799, 330, 1
1289, 1220, 1
793, 295, 1
583, 870, 1
194, 1219, 1
893, 1174, 1
274, 1220, 1
186, 1307, 1
686, 22, 1
387, 1254, 1
495, 777, 1
413, 659, 1
1298, 113, 1
961, 1027, 1
178, 1134, 1
621, 91, 1
403, 830, 1
1173, 1378, 1
1352, 986, 1
1192, 968, 1
295, 448, 1
1165, 356, 1
1189, 475, 1
1220, 1104, 1
244, 1117, 1
456, 933, 1
1310, 181, 1
553, 537, 1
1480, 253, 1
38, 627, 1
1478, 172, 1
730, 1202, 1
1322, 1222, 1
1224, 33, 1
1289, 885, 1
623, 208, 1
1105, 962, 1
1049, 937, 1
422, 810, 1
1007, 504, 1
20, 1022, 1
931, 293, 1
1104, 274, 1
1289, 274, 1
1104, 1289, 1
1220, 885, 1
448, 793, 1
274, 885, 1
448, 295, 1
1104, 1220, 1
1104, 885, 1
1253, 1158, -1
1085, 463, -1
769, 632, -1
9, 555, -1
588, 250, -1
913, 1254, -1
320, 384, -1
1450, 666, -1
622, 298, -1
227, 74, -1
1313, 39, -1
364, 639, -1
777, 844, -1
629, 1105, -1
1019, 941, -1
605, 764, -1
130, 454, -1
1337, 1469, -1
1363, 938, -1
174, 445, -1
1171, 1163, -1
642, 65, -1
901, 1439, -1
597, 101, -1
49, 506, -1
482, 1379, -1
210, 220, -1
61, 526, -1
1227, 360, -1
1070, 1187, -1
1298, 1123, -1
851, 933, -1
119, 1015, -1
580, 1006, -1
1161, 527, -1
202, 1279, -1
1364, 623, -1
582, 681, -1
96, 227, -1
467, 560, -1
537, 95, -1
461, 828, -1
632, 1168, -1
48, 1268, -1
43, 629, -1
1059, 698, -1
1211, 211, -1
764, 911, -1
636, 124, -1
350, 418, -1
483, 624, -1
107, 801, -1
94, 492, -1
135, 249, -1
1275, 720, -1
522, 362, -1
944, 36, -1
1139, 318, -1
120, 413, -1
1006, 1277, -1
733, 207, -1
796, 968, -1
110, 894, -1
1432, 1473, -1
22, 1126, -1
1482, 864, -1
290, 1237, -1
598, 1450, -1
602, 931, -1
840, 1056, -1
114, 642, -1
235, 703, -1
741, 1058, -1
150, 1032, -1
197, 847, -1
938, 999, -1
929, 571, -1
876, 866, -1
250, 369, -1
1208, 586, -1
81, 85, -1
692, 1217, -1
578, 474, -1
400, 739, -1
1066, 615, -1
1235, 385, -1
443, 354, -1
19, 1334, -1
1454, 1074, -1
858, 777, -1
1072, 611, -1
698, 1057, -1
145, 672, -1
1303, 202, -1
310, 642, -1
1089, 1252, -1
366, 868, -1
454, 1475, -1
1046, 498, -1
339, 1358, -1
1001, 1057, -1
1145, 1048, -1
1373, 1461, -1
714, 186, -1
13, 1153, -1
288, 87, -1
728, 277, -1
341, 448, -1
633, 522, -1
705, 546, -1
124, 30, -1
956, 625, -1
1235, 953, -1
750, 1420, -1
801, 587, -1
244, 590, -1
454, 21, -1
1432, 1287, -1
782, 321, -1
1406, 193, -1
678, 106, -1
1266, 1407, -1
1058, 370, -1
4, 140, -1
740, 99, -1
545, 621, -1
1465, 293, -1
260, 281, -1
1011, 1277, -1
475, 797, -1
443, 1230, -1
385, 1460, -1
339, 636, -1
945, 1473, -1
548, 733, -1
762, 1045, -1
194, 1437, -1
1480, 156, -1
891, 1108, -1
770, 357, -1
545, 31, -1
1011, 1466, -1
784, 430, -1
1339, 1049, -1
735, 780, -1
691, 589, -1
388, 1148, -1
1329, 164, -1
1061, 806, -1
1267, 1407, -1
469, 259, -1
1367, 116, -1
803, 1411, -1
289, 3, -1
844, 495, -1
341, 295, -1
937, 1339, -1
1126, 686, -1
602, 293, -1
208, 1364, -1
714, 1307, -1
553, 95, -1
545, 91, -1
120, 659, -1
796, 1192, -1
962, 629, -1
113, 1123, -1
456, 851, -1
858, 495, -1
81, 1401, -1
320, 66, -1
797, 1189, -1
1117, 590, -1
1465, 931, -1
156, 253, -1
1219, 1437, -1
913, 387, -1
777, 858, -1
448, 341, -1
968, 796, -1
186, 714, -1
1126, 22, -1
1105, 629, -1
793, 341, -1
686, 1126, -1

