289, 1255, 1064, 3
269, 119, 690, 3
1252, 358, 1125, 3
411, 1197, 1091, 3
1331, 192, 1307, 3
156, 933, 811, 3
339, 300, 467, 3
682, 1, 119, 3
709, 569, 139, 3
308, 471, 958, 3
124, 722, 96, 3
110, 183, 328, 3
1287, 49, 771, 3
427, 704, 731, 3
440, 846, 198, 3
1267, 250, 124, 3
488, 641, 370, 3
119, 855, 727, 3
713, 81, 303, 3
836, 374, 89, 3
13, 868, 1445, 3
1158, 1386, 549, 3
1268, 1009, 595, 3
60, 656, 560, 3
133, 888, 1185, 3
1481, 949, 65, 3
988, 1322, 637, 3
940, 1130, 620, 3
1455, 822, 284, 3
1429, 1176, 947, 3
1184, 1221, 391, 3
1136, 992, 196, 3
1208, 1459, 1103, 3
1192, 1180, 534, 3
1357, 601, 193, 3
1200, 978, 1293, 3
1268, 1212, 1001, 3
950, 420, 1285, 3
368, 956, 1077, 3
1, 376, 661, 3
217, 324, 768, 3
1249, 1058, 15, 3
395, 915, 1461, 3
1424, 20, 1251, 3
231, 178, 1171, 3
170, 573, 440, 3
205, 1351, 882, 3
1282, 1432, 150, 3
881, 1005, 238, 3
816, 420, 676, 3
84, 1025, 769, 3
1033, 448, 971, 3
1338, 1477, 1113, 3
604, 179, 1324, 3
751, 1040, 1293, 3
898, 934, 9, 3
485, 1198, 320, 3
1061, 722, 1171, 3
1216, 1377, 424, 3
1055, 18, 918, 3
1141, 489, 445, 3
973, 1376, 507, 3
597, 1072, 732, 3
258, 1148, 712, 3
161, 588, 203, 3
1291, 990, 1412, 3
1291, 757, 895, 3
443, 903, 809, 3
1117, 1064, 806, 3
559, 1222, 1273, 3
749, 108, 113, 3
200, 109, 820, 3
800, 1098, 326, 3
1136, 977, 446, 3
1331, 691, 1464, 3
817, 450, 253, 3
490, 1480, 492, 3
803, 853, 759, 3
947, 1091, 1286, 3
1431, 1036, 803, 3
1327, 630, 791, 3
1260, 10, 1361, 3
982, 532, 269, 3
1468, 1397, 902, 3
342, 58, 755, 3
843, 1437, 768, 3
392, 1406, 179, 3
1292, 1204, 532, 3
1070, 843, 978, 3
182, 675, 955, 3
999, 1420, 627, 3
600, 898, 1412, 3
250, 438, 730, 3
28, 661, 338, 3
264, 224, 1380, 3
0, 179, 146, 3
714, 803, 1117, 3
97, 1459, 276, 3
1225, 1205, 765, 3
1370, 676, 304, 3
919, 1124, 464, 3
1214, 1144, 917, 3
1233, 983, 724, 3
916, 524, 446, 3
781, 256, 670, 3
1226, 204, 550, 3
1189, 999, 731, 3
106, 1179, 1322, 3
527, 1149, 35, 3
515, 1070, 1250, 3
1297, 107, 1482, 3
69, 692, 1192, 3
796, 476, 1292, 3
1076, 1211, 1008, 3
919, 800, 1282, 3
903, 122, 441, 3
334, 905, 613, 3
986, 1105, 773, 3
1093, 421, 1224, 3
198, 814, 1232, 3
259, 1369, 1457, 3
625, 70, 707, 3
1113, 101, 1363, 3
1176, 1440, 871, 3
1479, 190, 1216, 3
1044, 1158, 371, 3
1002, 717, 512, 3
329, 664, 803, 3
681, 912, 233, 3
321, 277, 1215, 3
70, 84, 644, 3
512, 548, 1149, 3
541, 450, 1349, 3
84, 443, 996, 3
587, 917, 1401, 3
66, 54, 1211, 3
891, 282, 918, 3
1086, 637, 282, 3
346, 400, 1458, 3
688, 692, 698, 3
873, 1465, 291, 3
760, 1, 476, 3
1416, 278, 375, 3
1152, 43, 485, 3
1422, 944, 652, 3
17, 1271, 302, 3
593, 1186, 1081, 3
679, 619, 336, 3
171, 82, 703, 3
555, 1225, 77, 3
1319, 840, 1047, 3
48, 380, 608, 3
777, 527, 905, 3
944, 522, 1217, 3
479, 719, 223, 3
1292, 1215, 1128, 3
590, 272, 845, 3
1063, 1168, 203, 3
439, 293, 692, 3
263, 876, 111, 3
942, 167, 166, 3
299, 1270, 1423, 3
124, 634, 547, 3
1221, 328, 1388, 3
652, 187, 567, 3
1187, 129, 151, 3
218, 364, 652, 3
765, 844, 1229, 3
342, 964, 1075, 3
1096, 1453, 689, 3
286, 1123, 662, 3
411, 226, 567, 3
760, 396, 309, 3
0, 132, 858, 3
33, 1155, 1130, 3
213, 1395, 1178, 3
1469, 606, 666, 3
1203, 1159, 274, 3
969, 355, 1405, 3
215, 539, 474, 3
1262, 399, 1456, 3
322, 1216, 125, 3
339, 1092, 431, 3
867, 119, 1280, 3
773, 1299, 427, 3
830, 311, 1003, 3
1084, 221, 1326, 3
511, 378, 1238, 3
600, 444, 1315, 3
1021, 748, 616, 3
131, 823, 952, 3
867, 952, 309, 3
4, 678, 830, 3
129, 284, 1188, 3
887, 12, 786, 3
115, 1469, 1408, 3
233, 975, 1395, 3
139, 1140, 689, 3
732, 1171, 140, 3
525, 1161, 1293, 3
916, 1468, 114, 3
218, 1434, 128, 3
897, 131, 1333, 3
667, 159, 822, 3
775, 59, 1153, 3
1240, 1382, 823, 3
1022, 925, 1443, 3
466, 1289, 331, 3
855, 541, 1451, 3
622, 947, 863, 3
437, 381, 790, 3
404, 42, 412, 3
751, 621, 1177, 3
665, 1129, 347, 3
64, 856, 649, 3
363, 876, 87, 3
382, 266, 600, 3
822, 384, 570, 3
66, 1421, 86, 3
1218, 1164, 710, 3
959, 1383, 1459, 3
320, 327, 160, 3
1255, 108, 917, 3
244, 897, 1432, 3
453, 921, 264, 3
525, 1432, 1031, 3
21, 277, 228, 3
651, 956, 943, 3
845, 498, 376, 3
1440, 358, 401, 3
320, 103, 1470, 3
66, 5, 913, 3
891, 318, 213, 3
1427, 973, 585, 3
257, 970, 708, 3
1063, 823, 349, 3
571, 335, 140, 3
328, 806, 1060, 3
1457, 482, 120, 3
123, 595, 485, 3
61, 631, 578, 3
70, 1301, 1394, 3
299, 973, 155, 3
1107, 1170, 335, 3
1053, 939, 450, 3
544, 1170, 765, 3
491, 1286, 303, 3
1395, 638, 1030, 3
427, 173, 450, 3
889, 680, 589, 3
948, 811, 25, 3
347, 1217, 679, 3
890, 854, 1, 3
46, 542, 1239, 3
1272, 1311, 687, 3
226, 735, 1226, 3
952, 1129, 1315, 3
43, 1041, 1268, 3
191, 177, 1187, 3
930, 18, 443, 3
438, 472, 295, 3
567, 421, 822, 3
558, 1215, 1395, 3
90, 525, 7, 3
272, 65, 1084, 3
167, 767, 783, 3
1108, 1320, 741, 3
162, 198, 912, 3
1438, 715, 707, 3
614, 877, 1407, 3
1295, 916, 1306, 3
588, 582, 18, 3
99, 1262, 272, 3
955, 1149, 249, 3
457, 325, 1009, 3
1325, 61, 837, 3
71, 1467, 843, 3
660, 249, 31, 3
472, 380, 1255, 3
583, 863, 460, 3
502, 1303, 23, 3
134, 1275, 68, 3
411, 1098, 845, 3
949, 675, 1018, 3
458, 1039, 278, 3
1387, 690, 1184, 3
1382, 883, 690, 3
77, 764, 465, 3
372, 422, 842, 3
710, 467, 552, 3
170, 10, 762, 3
32, 354, 60, 3
1399, 720, 557, 3
740, 63, 722, 3
149, 1383, 25, 3
29, 1303, 193, 3
439, 62, 787, 3
348, 663, 1160, 3
493, 99, 1341, 3
769, 1478, 482, 3
807, 364, 188, 3
669, 751, 138, 3
1254, 588, 194, 3
651, 1368, 467, 3
327, 407, 1064, 3
1259, 888, 851, 3
616, 218, 856, 3
788, 856, 1062, 3
230, 554, 752, 3
1456, 1280, 569, 3
209, 430, 1112, 3
581, 76, 973, 3
761, 1332, 79, 3
0, 331, 1236, 3
270, 52, 1418, 3
272, 143, 977, 3
1375, 493, 397, 3
1175, 869, 597, 3
1054, 1055, 1419, 3
1274, 18, 853, 3
284, 575, 290, 3
50, 824, 271, 3
184, 523, 629, 3
382, 1251, 1323, 3
1076, 1047, 418, 3
1323, 209, 798, 3
964, 485, 1289, 3
676, 1375, 897, 3
416, 1082, 138, 3
53, 235, 767, 3
20, 497, 787, 3
732, 1452, 128, 3
1047, 71, 1345, 3
738, 892, 1365, 3
646, 71, 884, 3
384, 627, 1089, 3
88, 256, 612, 3
625, 869, 1185, 3
204, 330, 921, 3
1393, 768, 824, 3
243, 1021, 1019, 3
385, 964, 433, 3
1397, 746, 1422, 3
174, 399, 308, 3
627, 149, 1040, 3
544, 813, 505, 3
366, 271, 1071, 3
425, 354, 797, 3
186, 971, 1383, 3
1222, 779, 895, 3
351, 56, 627, 3
503, 492, 1404, 3
1103, 911, 607, 3
316, 588, 1070, 3
88, 911, 566, 3
690, 808, 287, 3
553, 533, 43, 3
840, 1228, 997, 3
597, 214, 1394, 3
640, 175, 1340, 3
1020, 914, 797, 3
89, 1138, 1440, 3
133, 957, 172, 3
697, 936, 1116, 3
197, 740, 148, 3
1098, 992, 982, 3
1090, 127, 588, 3
213, 1234, 204, 3
308, 659, 1275, 3
629, 1245, 61, 3
1469, 1096, 892, 3
208, 1119, 741, 3
369, 1463, 1435, 3
76, 384, 1317, 3
660, 856, 1470, 3
790, 449, 1178, 3
642, 340, 1395, 3
131, 1224, 1157, 3
513, 709, 698, 3
366, 1348, 450, 3
35, 595, 23, 3
1051, 1154, 1217, 3
748, 1246, 927, 3
583, 411, 738, 3
1437, 346, 922, 3
604, 975, 353, 3
747, 815, 1227, 3
421, 1451, 549, 3
837, 1112, 1235, 3
287, 712, 644, 3
1078, 495, 755, 3
325, 744, 803, 3
481, 658, 195, 3
1244, 86, 439, 3
137, 872, 1227, 3
925, 1096, 244, 3
319, 271, 938, 3
1166, 460, 986, 3
425, 81, 495, 3
774, 524, 73, 3
575, 1039, 1338, 3
522, 1053, 1454, 3
12, 161, 1261, 3
1313, 629, 1058, 3
1160, 169, 346, 3
820, 1378, 198, 3
1278, 1016, 97, 3
34, 1091, 648, 3
789, 537, 1090, 3
1240, 1387, 1260, 3
49, 52, 1376, 3
614, 588, 640, 3
63, 356, 572, 3
1353, 611, 1197, 3
834, 1163, 783, 3
1348, 1350, 91, 3
1310, 1201, 470, 3
1138, 361, 264, 3
796, 715, 426, 3
1374, 788, 368, 3
1130, 337, 1468, 3
776, 909, 1285, 3
202, 1001, 1005, 3
356, 909, 461, 3
360, 907, 1005, 3
723, 684, 410, 3
1003, 124, 1011, 3
389, 652, 212, 3
1259, 364, 709, 3
1204, 1191, 624, 3
486, 726, 643, 3
394, 1306, 6, 3
696, 507, 1085, 3
1266, 544, 1299, 3
176, 956, 437, 3
1108, 515, 1086, 3
877, 7, 1013, 3
147, 277, 882, 3
9, 985, 1250, 3
364, 3, 1156, 3
877, 178, 47, 3
112, 117, 1467, 3
242, 914, 801, 3
967, 1166, 1429, 3
1358, 118, 596, 3
759, 1256, 949, 3
353, 1457, 1275, 3
877, 1225, 473, 3
624, 334, 1438, 3
13, 118, 1071, 3
811, 925, 1310, 3
636, 1007, 1298, 3
452, 778, 714, 3
971, 1431, 1422, 3
1130, 943, 282, 3
35, 1175, 396, 3
879, 632, 365, 3
297, 404, 1135, 3
976, 854, 547, 3
1029, 892, 156, 3
1338, 453, 1048, 3
241, 1372, 44, 3
99, 516, 1366, 3
1244, 196, 703, 3
1416, 1149, 985, 3
603, 993, 1149, 3
1482, 1451, 1274, 3
25, 328, 966, 3
738, 764, 327, 3
1038, 22, 1409, 3
694, 1065, 918, 3
1333, 1153, 470, 3
937, 260, 693, 3
330, 927, 1189, 3
805, 661, 131, 3
1368, 262, 725, 3
888, 940, 428, 3
1337, 549, 13, 3
989, 1115, 945, 3
578, 358, 1224, 3
321, 1059, 1182, 3
827, 1279, 935, 3
483, 1325, 543, 3
710, 913, 1300, 3
1425, 1355, 881, 3
489, 165, 364, 3
658, 31, 1383, 3
375, 1164, 979, 3
749, 700, 559, 3
324, 49, 1273, 3
1354, 217, 781, 3
668, 1193, 461, 3
525, 774, 820, 3
286, 814, 1474, 3
1147, 33, 1469, 3
1022, 803, 579, 3
637, 496, 1156, 3
433, 677, 865, 3
1178, 920, 1053, 3
1236, 1317, 51, 3
825, 1, 1440, 3
1451, 171, 863, 3
1384, 838, 591, 3
1184, 931, 583, 3
1345, 1304, 1454, 3
1274, 1365, 792, 3
507, 1177, 939, 3
661, 1107, 301, 3
731, 1002, 1371, 3
906, 774, 790, 3
1347, 388, 1115, 3
1033, 936, 892, 3
1449, 446, 1206, 3
1404, 877, 395, 3
545, 163, 833, 3
457, 996, 1206, 3
1082, 14, 1007, 3
863, 1215, 1065, 3
230, 164, 1433, 3
469, 1210, 731, 3
648, 143, 1083, 3
372, 1420, 576, 3
1209, 941, 1384, 3
855, 1390, 651, 3
1387, 1240, 809, 3
470, 960, 307, 3
580, 64, 386, 3
881, 566, 968, 3
79, 354, 1016, 3
1376, 723, 867, 3
266, 1276, 453, 3
221, 916, 1275, 3
525, 66, 1269, 3
546, 1476, 320, 3
127, 141, 1160, 3
1023, 991, 634, 3
651, 1373, 111, 3
1329, 1337, 216, 3
1441, 870, 37, 3
1011, 365, 1004, 3
1428, 622, 1153, 3
161, 995, 1383, 3
991, 268, 30, 3
45, 938, 430, 3
443, 736, 1044, 3
833, 1439, 1216, 3
1406, 1012, 994, 3
87, 1343, 1181, 3
1158, 1382, 1364, 3
736, 937, 854, 3
47, 769, 303, 3
180, 301, 1160, 3
1384, 459, 560, 3
890, 33, 724, 3
1309, 389, 1444, 3
311, 374, 209, 3
815, 762, 1371, 3
40, 210, 689, 3
1433, 626, 253, 3
1079, 841, 776, 3
388, 542, 278, 3
240, 21, 1164, 3
834, 1252, 1173, 3
942, 91, 1420, 3
806, 1341, 479, 3
583, 780, 1337, 3
1052, 1285, 485, 3
1468, 451, 593, 3
505, 656, 742, 3
814, 934, 182, 3
1365, 855, 242, 3
194, 314, 839, 3
1436, 758, 434, 3
1129, 799, 180, 3
555, 251, 1241, 3
1420, 1271, 93, 3
936, 1237, 1429, 3
1431, 590, 1176, 3
1029, 907, 312, 3
1212, 312, 1147, 3
30, 1139, 1347, 3
590, 345, 1415, 3
407, 300, 661, 3
801, 958, 654, 3
110, 662, 1424, 3
962, 190, 389, 3
758, 191, 132, 3
704, 389, 848, 3
26, 387, 1338, 3
41, 418, 118, 3
1325, 152, 497, 3
1241, 359, 713, 3
1064, 1176, 651, 3
1199, 364, 962, 3
30, 1433, 1261, 3
192, 1251, 13, 3
179, 592, 115, 3
627, 102, 1207, 3
610, 717, 1384, 3
450, 803, 1471, 3
1083, 946, 930, 3
1246, 1460, 1120, 3
35, 218, 39, 3
446, 314, 1310, 3
1001, 507, 852, 3
1124, 1063, 421, 3
355, 788, 227, 3
331, 1283, 1100, 3
918, 1451, 1135, 3
275, 341, 37, 3
1427, 1180, 928, 3
1358, 803, 1376, 3
897, 874, 1155, 3
932, 1073, 645, 3
47, 185, 534, 3
205, 1177, 395, 3
292, 207, 1062, 3
843, 951, 666, 3
852, 175, 442, 3
1480, 1203, 656, 3
509, 517, 119, 3
1149, 95, 206, 3
761, 462, 301, 3
945, 1006, 208, 3
822, 984, 1452, 3
294, 1002, 240, 3
1021, 1137, 437, 3
256, 1138, 1014, 3
874, 1318, 1174, 3
1090, 737, 949, 3
1065, 430, 549, 3
137, 1154, 504, 3
688, 139, 1448, 3
404, 955, 1312, 3
1118, 318, 781, 3
726, 140, 1390, 3
50, 515, 693, 3
1006, 1234, 1106, 3
651, 1017, 1218, 3
1410, 233, 1103, 3
942, 11, 462, 3
673, 587, 516, 3
256, 1269, 796, 3
1431, 968, 1180, 3
323, 171, 442, 3
1030, 1103, 1440, 3
585, 1202, 101, 3
218, 929, 1069, 3
933, 263, 1249, 3
852, 1260, 103, 3
934, 1478, 1100, 3
443, 562, 553, 3
198, 992, 415, 3
254, 746, 909, 3
809, 366, 1198, 3
238, 1260, 540, 3
893, 65, 26, 3
1305, 1362, 789, 3
695, 257, 1238, 3
303, 340, 453, 3
340, 1006, 826, 3
1306, 832, 1057, 3
235, 1026, 1443, 3
1006, 449, 268, 3
1329, 1330, 278, 3
1317, 1352, 772, 3
296, 825, 543, 3
25, 974, 967, 3
75, 1472, 338, 3
805, 1133, 1327, 3
1319, 1050, 991, 3
1128, 137, 147, 3
191, 1444, 319, 3
1121, 1136, 1465, 3
581, 889, 822, 3
1323, 1272, 1313, 3
540, 657, 835, 3
1097, 186, 1479, 3
173, 600, 1454, 3
366, 1005, 1389, 3
678, 101, 467, 3
376, 1378, 1321, 3
318, 728, 989, 3
1483, 248, 617, 3
1052, 162, 809, 3
1175, 259, 757, 3
1463, 13, 1470, 3
895, 694, 359, 3
239, 1219, 872, 3
823, 384, 672, 3
687, 1330, 265, 3
431, 666, 385, 3
959, 132, 1326, 3
448, 730, 963, 3
812, 141, 324, 3
146, 1404, 25, 3
1093, 633, 1466, 3
633, 1354, 894, 3
223, 399, 393, 3
70, 354, 1322, 3
265, 823, 1262, 3
181, 30, 678, 3
1030, 752, 605, 3
681, 346, 39, 3
374, 249, 531, 3
1335, 1295, 67, 3
325, 697, 591, 3
738, 733, 89, 3
80, 1179, 1352, 3
1076, 194, 1282, 3
875, 374, 450, 3
924, 378, 905, 3
1289, 1213, 542, 3
1180, 714, 1377, 3
67, 972, 419, 3
823, 178, 788, 3
1073, 1367, 1068, 3
621, 1470, 835, 3
1026, 1095, 695, 3
1338, 1126, 1221, 3
1370, 53, 828, 3
97, 589, 1127, 3
1083, 1250, 1145, 3
923, 602, 131, 3
661, 1117, 1292, 3
884, 63, 43, 3
1251, 851, 1235, 3
427, 420, 1399, 3
1303, 501, 286, 3
1276, 623, 661, 3
352, 888, 611, 3
1191, 1235, 688, 3
1144, 325, 27, 3
694, 163, 1450, 3
397, 294, 562, 3
587, 986, 727, 3
1476, 107, 995, 3
1013, 1187, 418, 3
584, 394, 376, 3
988, 896, 77, 3
282, 268, 1404, 3
57, 760, 233, 3
613, 755, 855, 3
17, 1379, 737, 3
575, 555, 971, 3
1333, 863, 220, 3
242, 464, 323, 3
1195, 819, 980, 3
294, 813, 585, 3
141, 745, 92, 3
1079, 947, 715, 3
1439, 380, 1272, 3
74, 784, 321, 3
1460, 678, 675, 3
136, 1284, 500, 3
468, 688, 866, 3
37, 303, 710, 3
1375, 1362, 1337, 3
263, 1157, 1204, 3
13, 328, 1195, 3
934, 176, 296, 3
747, 1448, 26, 3
786, 242, 1167, 3
1467, 210, 945, 3
167, 201, 1142, 3
1192, 1368, 1416, 3
778, 1122, 306, 3
1362, 312, 1320, 3
279, 1318, 962, 3
177, 806, 248, 3
1277, 378, 582, 3
931, 1431, 345, 3
1123, 291, 771, 3
1131, 733, 553, 3
689, 237, 471, 3
707, 1441, 823, 3
828, 781, 1013, 3
132, 277, 1332, 3
923, 84, 556, 3
671, 1221, 34, 3
1203, 1012, 456, 3
1433, 958, 331, 3
1251, 598, 1193, 3
980, 1050, 613, 3
426, 409, 114, 3
821, 933, 805, 3
598, 655, 430, 3
82, 547, 231, 3
1241, 230, 500, 3
869, 429, 846, 3
743, 539, 1062, 3
277, 82, 1123, 3
1175, 829, 151, 3
681, 442, 38, 3
41, 1219, 59, 3
1477, 1392, 1004, 3
411, 154, 773, 3
478, 785, 333, 3
396, 517, 1163, 3
874, 485, 748, 3
574, 1044, 19, 3
501, 1230, 12, 3
1013, 1441, 621, 3
169, 611, 1025, 3
1162, 1153, 480, 3
745, 666, 529, 3
1234, 922, 276, 3
654, 953, 880, 3
225, 1124, 1474, 3
536, 1246, 815, 3
137, 823, 1068, 3
268, 127, 964, 3
46, 880, 459, 3
817, 664, 1193, 3
930, 1475, 498, 3
624, 605, 898, 3
934, 993, 733, 3
951, 755, 1393, 3
195, 1372, 494, 3
1007, 802, 582, 3
937, 1250, 30, 3
376, 1307, 1056, 3
1087, 1023, 701, 3
459, 1039, 401, 3
626, 154, 577, 3
515, 365, 1082, 3
1345, 432, 207, 3
720, 1051, 460, 3
619, 1398, 1403, 3
956, 847, 992, 3
1325, 143, 1301, 3
820, 19, 234, 3
328, 1279, 188, 3
194, 383, 182, 3
615, 802, 279, 3
320, 1290, 686, 3
255, 1301, 1474, 3
571, 60, 1121, 3
1106, 733, 966, 3
1230, 352, 804, 3
1230, 921, 1153, 3
1184, 106, 170, 3
1190, 794, 406, 3
686, 580, 1334, 3
57, 508, 841, 3
1096, 395, 83, 3
264, 1323, 1038, 3
1195, 1229, 539, 3
915, 1185, 749, 3
169, 330, 486, 3
283, 218, 110, 3
1354, 1331, 823, 3
1251, 16, 399, 3
1321, 692, 674, 3
37, 1008, 1166, 3
339, 1045, 968, 3
351, 1477, 781, 3
62, 694, 237, 3
41, 578, 432, 3
734, 137, 940, 3
1348, 1180, 516, 3
1093, 802, 121, 3
302, 925, 1077, 3
975, 694, 490, 3
607, 122, 1156, 3
1195, 421, 487, 3
523, 276, 69, 3
11, 1229, 1056, 3
194, 524, 216, 3
394, 701, 1000, 3
1081, 1034, 512, 3
302, 575, 739, 3
460, 1419, 31, 3
127, 178, 1426, 3
408, 953, 310, 3
163, 881, 889, 3
666, 1323, 1359, 3
772, 189, 1103, 3
1173, 1226, 945, 3
1081, 738, 148, 3
1448, 511, 381, 3
531, 502, 312, 3
828, 1267, 1228, 3
723, 1109, 299, 3
464, 400, 100, 3
960, 207, 27, 3
216, 854, 1288, 3
291, 369, 548, 3
846, 823, 746, 3
309, 224, 1282, 3
1176, 670, 602, 3
885, 636, 261, 3
648, 1386, 517, 3
752, 1337, 737, 3
581, 863, 243, 3
825, 1072, 1125, 3
919, 649, 1048, 3
578, 1123, 1472, 3
841, 390, 1415, 3
1238, 1029, 775, 3
773, 933, 941, 3
260, 373, 290, 3
1288, 516, 34, 3
1476, 258, 252, 3
593, 1453, 1038, 3
1226, 948, 1154, 3
1167, 1305, 302, 3
1347, 93, 581, 3
8, 11, 1245, 3
1470, 610, 525, 3
270, 441, 1279, 3
484, 1002, 1270, 3
570, 20, 58, 3
1229, 626, 1351, 3
48, 773, 1409, 3
1080, 1466, 291, 3
461, 597, 1331, 3
108, 611, 1420, 3
1338, 164, 1070, 3
420, 290, 313, 3
1329, 480, 1365, 3
792, 681, 522, 3
1309, 1034, 1048, 3
985, 435, 647, 3
37, 1158, 496, 3
1172, 777, 1241, 3
343, 772, 782, 3
987, 373, 1387, 3
750, 142, 745, 3
1356, 1460, 896, 3
827, 544, 316, 3
48, 566, 719, 3
259, 409, 239, 3
393, 1210, 166, 3
6, 346, 576, 3
1460, 74, 72, 3
470, 382, 307, 3
498, 388, 346, 3
845, 594, 811, 3
905, 1254, 356, 3
728, 821, 276, 3
593, 34, 878, 3
1230, 127, 1385, 3
1430, 690, 924, 3
944, 942, 497, 3
1158, 186, 930, 3
188, 1011, 588, 3
34, 970, 427, 3
606, 703, 898, 3
1270, 1097, 878, 3
1177, 1268, 900, 3
1184, 948, 649, 3
1004, 1046, 7, 3
538, 665, 1219, 3
844, 540, 362, 3
591, 1091, 710, 3
1097, 959, 314, 3
612, 775, 322, 3
1360, 556, 147, 3
1368, 13, 1226, 3
511, 900, 987, 3
875, 902, 992, 3
947, 487, 201, 3
334, 573, 892, 3
1168, 688, 1453, 3
1436, 610, 945, 3
170, 889, 46, 3
1022, 1356, 1331, 3
1199, 1051, 1060, 3
807, 128, 526, 3
616, 1315, 407, 3
753, 191, 981, 3
276, 511, 1238, 3
818, 811, 765, 3
79, 396, 1061, 3
1122, 819, 1060, 3
1462, 595, 1182, 3
59, 94, 819, 3
1338, 248, 1439, 3
158, 320, 1177, 3
895, 342, 1288, 3
1376, 488, 4, 3
1305, 656, 187, 3
1375, 1423, 470, 3
343, 887, 922, 3
838, 584, 39, 3
422, 1433, 495, 3
947, 1078, 352, 3
905, 502, 1018, 3
435, 30, 205, 3
792, 1395, 266, 3
1117, 972, 717, 3
197, 1467, 702, 3
182, 593, 7, 3
710, 278, 1099, 3
345, 510, 894, 3
601, 240, 1128, 3
1241, 581, 1326, 3
1360, 1174, 128, 3
1375, 867, 556, 3
1480, 490, 1
100, 1431, 1
1204, 1261, 1
597, 1452, 1
365, 1063, 1
1189, 835, 1
960, 356, 1
1038, 1307, 1
724, 985, 1
585, 923, 1
824, 1215, 1
274, 529, 1
230, 1112, 1
268, 678, 1
1303, 1467, 1
1103, 1096, 1
805, 1376, 1
1174, 1310, 1
139, 134, 1
776, 944, 1
958, 1251, 1
969, 1062, 1
562, 1170, 1
156, 388, 1
263, 879, 1
65, 976, 1
651, 636, 1
654, 467, 1
1017, 262, 1
62, 1422, 1
150, 1127, 1
703, 956, 1
184, 922, 1
1251, 545, 1
1455, 903, 1
1221, 264, 1
943, 529, 1
1313, 1021, 1
684, 1472, 1
980, 722, 1
1171, 336, 1
388, 26, 1
1469, 479, 1
411, 1161, 1
10, 1418, 1
1261, 765, 1
735, 185, 1
962, 1245, 1
840, 394, 1
26, 156, 1
274, 943, 1
765, 1204, 1
545, 958, 1
529, 943, 1
529, 274, 1
1251, 958, 1
545, 1251, 1
388, 156, 1
26, 388, 1
156, 26, 1
1191, 1443, -1
1429, 1273, -1
1474, 637, -1
1195, 88, -1
1159, 136, -1
592, 382, -1
1141, 1439, -1
141, 1256, -1
985, 1115, -1
209, 682, -1
972, 1164, -1
102, 83, -1
198, 1254, -1
805, 83, -1
433, 958, -1
764, 783, -1
953, 488, -1
31, 1418, -1
1063, 1148, -1
569, 1075, -1
588, 290, -1
543, 583, -1
83, 481, -1
1383, 983, -1
396, 177, -1
453, 761, -1
325, 1392, -1
1181, 202, -1
507, 352, -1
257, 81, -1
1139, 369, -1
1345, 581, -1
158, 750, -1
1278, 1179, -1
1180, 411, -1
1071, 39, -1
66, 378, -1
441, 72, -1
67, 178, -1
242, 351, -1
1338, 659, -1
485, 1464, -1
366, 792, -1
51, 605, -1
122, 584, -1
1040, 1410, -1
1426, 1286, -1
1357, 254, -1
172, 1372, -1
128, 1000, -1
595, 713, -1
741, 38, -1
110, 254, -1
680, 1006, -1
1441, 500, -1
106, 1390, -1
65, 395, -1
727, 1272, -1
202, 1016, -1
149, 1390, -1
588, 1291, -1
160, 799, -1
233, 1476, -1
1071, 1022, -1
1262, 1221, -1
391, 74, -1
1450, 1349, -1
86, 1059, -1
59, 1022, -1
444, 630, -1
308, 682, -1
698, 360, -1
1001, 1002, -1
1001, 955, -1
233, 668, -1
700, 106, -1
532, 484, -1
1175, 1370, -1
158, 1050, -1
503, 1061, -1
1219, 1175, -1
319, 127, -1
1068, 511, -1
588, 294, -1
786, 874, -1
277, 1320, -1
324, 1307, -1
821, 515, -1
1207, 746, -1
99, 871, -1
428, 371, -1
930, 950, -1
907, 775, -1
212, 429, -1
99, 1095, -1
467, 339, -1
270, 1427, -1
299, 645, -1
652, 529, -1
291, 623, -1
978, 201, -1
1199, 1026, -1
1309, 198, -1
25, 945, -1
287, 510, -1
1436, 108, -1
1469, 1367, -1
881, 734, -1
985, 73, -1
596, 981, -1
687, 443, -1
485, 529, -1
698, 823, -1
1433, 1103, -1
459, 940, -1
251, 522, -1
95, 1358, -1
1131, 902, -1
446, 1030, -1
900, 456, -1
543, 934, -1
474, 20, -1
433, 1218, -1
44, 356, -1
342, 906, -1
534, 837, -1
797, 1073, -1
43, 329, -1
1170, 566, -1
877, 1170, -1
43, 421, -1
651, 1299, -1
671, 1272, -1
646, 895, -1
761, 992, -1
216, 63, -1
853, 597, -1
213, 75, -1
1097, 1365, -1
333, 548, -1
1161, 66, -1
1310, 802, -1
669, 480, -1
1022, 905, -1
1453, 230, -1
1133, 566, -1
555, 1007, -1
19, 728, -1
596, 311, -1
181, 1033, -1
70, 1182, -1
264, 1262, -1
479, 1367, -1
1096, 1433, -1
1299, 636, -1
66, 411, -1
1112, 1453, -1
44, 960, -1
73, 724, -1
339, 654, -1
274, 485, -1
1376, 83, -1
324, 1038, -1
485, 943, -1
1452, 853, -1
652, 943, -1
1161, 1180, -1
1148, 365, -1
274, 652, -1
802, 1174, -1
562, 566, -1
976, 395, -1
562, 877, -1
1115, 724, -1
433, 1251, -1
10, 31, -1
1148, 1063, -1
1307, 324, -1
802, 1310, -1
339, 467, -1
1418, 31, -1
529, 485, -1
411, 1180, -1
529, 652, -1
1170, 877, -1
1221, 1262, -1
1299, 651, -1
433, 545, -1
597, 853, -1
83, 805, -1
356, 44, -1
73, 985, -1
960, 44, -1

