72, 845, 1251, 3
438, 1232, 108, 3
408, 1125, 352, 3
1252, 343, 1081, 3
1033, 933, 17, 3
826, 848, 1386, 3
493, 42, 715, 3
16, 588, 641, 3
1165, 854, 818, 3
1042, 515, 148, 3
667, 1255, 1070, 3
1397, 965, 1029, 3
1273, 1452, 1021, 3
411, 245, 1381, 3
511, 545, 1348, 3
883, 344, 531, 3
1414, 1317, 700, 3
742, 89, 871, 3
374, 489, 565, 3
1113, 426, 1115, 3
393, 190, 1214, 3
893, 1233, 534, 3
1004, 471, 1194, 3
22, 1012, 565, 3
603, 1142, 693, 3
223, 610, 286, 3
101, 43, 920, 3
719, 73, 472, 3
1309, 1457, 235, 3
1174, 83, 191, 3
1258, 1314, 632, 3
803, 1305, 1259, 3
632, 679, 1454, 3
1159, 533, 715, 3
767, 319, 695, 3
852, 306, 733, 3
638, 1362, 479, 3
890, 158, 201, 3
1171, 1194, 1084, 3
456, 450, 421, 3
832, 1273, 27, 3
1379, 1425, 1085, 3
1047, 40, 722, 3
553, 1285, 1076, 3
1382, 1061, 1270, 3
1187, 735, 530, 3
712, 1266, 1038, 3
190, 141, 875, 3
143, 976, 981, 3
903, 951, 192, 3
1208, 104, 723, 3
484, 730, 166, 3
1457, 1227, 709, 3
282, 928, 923, 3
1350, 381, 884, 3
905, 290, 38, 3
294, 161, 1205, 3
32, 918, 645, 3
236, 453, 1422, 3
1197, 1263, 758, 3
635, 493, 423, 3
905, 1078, 1280, 3
1002, 840, 604, 3
709, 259, 626, 3
999, 848, 550, 3
148, 1053, 726, 3
1125, 412, 976, 3
755, 140, 936, 3
90, 1226, 636, 3
942, 1306, 21, 3
873, 418, 1223, 3
1207, 1334, 781, 3
11, 1473, 629, 3
215, 1435, 177, 3
1108, 306, 1220, 3
262, 371, 1444, 3
1019, 735, 945, 3
1171, 969, 472, 3
11, 935, 794, 3
671, 484, 588, 3
1281, 862, 242, 3
1029, 1367, 646, 3
937, 579, 122, 3
455, 769, 835, 3
228, 607, 1200, 3
1077, 1106, 195, 3
1039, 964, 50, 3
662, 1091, 583, 3
1260, 775, 691, 3
1096, 303, 937, 3
699, 575, 669, 3
31, 1471, 1387, 3
65, 934, 1401, 3
952, 992, 261, 3
128, 211, 229, 3
484, 1190, 766, 3
78, 789, 714, 3
66, 7, 1336, 3
3, 1162, 1, 3
1019, 311, 892, 3
559, 441, 1043, 3
314, 929, 724, 3
68, 814, 1197, 3
897, 1398, 1305, 3
1098, 271, 14, 3
887, 861, 483, 3
894, 1170, 595, 3
223, 151, 140, 3
966, 461, 513, 3
174, 140, 523, 3
750, 180, 999, 3
148, 888, 1109, 3
3, 1254, 332, 3
907, 1393, 764, 3
144, 805, 707, 3
892, 1371, 929, 3
1261, 1175, 901, 3
616, 909, 1204, 3
452, 2, 1314, 3
198, 253, 475, 3
665, 1480, 810, 3
597, 882, 1230, 3
1408, 275, 25, 3
518, 1415, 303, 3
1126, 383, 185, 3
81, 1302, 541, 3
820, 1458, 965, 3
1440, 100, 815, 3
912, 1042, 79, 3
1073, 19, 951, 3
57, 501, 918, 3
1324, 993, 896, 3
1371, 1283, 1326, 3
94, 153, 553, 3
406, 695, 522, 3
288, 1036, 626, 3
1083, 593, 870, 3
832, 1280, 428, 3
671, 845, 265, 3
464, 877, 1151, 3
613, 345, 33, 3
1475, 932, 39, 3
221, 545, 1333, 3
1105, 78, 766, 3
1092, 933, 1288, 3
18, 408, 197, 3
839, 576, 127, 3
1107, 871, 791, 3
288, 463, 134, 3
1361, 792, 1372, 3
758, 1000, 371, 3
272, 296, 962, 3
577, 1269, 539, 3
1114, 1047, 1337, 3
89, 387, 311, 3
1318, 854, 771, 3
93, 350, 322, 3
646, 492, 1192, 3
1103, 536, 1242, 3
1387, 881, 1090, 3
159, 871, 988, 3
703, 479, 928, 3
54, 696, 612, 3
291, 1245, 373, 3
816, 1422, 1075, 3
858, 1238, 1470, 3
1454, 393, 73, 3
1256, 885, 1198, 3
353, 1478, 550, 3
645, 429, 1479, 3
799, 1198, 397, 3
1252, 882, 1119, 3
982, 1007, 1144, 3
319, 237, 208, 3
961, 755, 446, 3
1273, 761, 825, 3
606, 682, 410, 3
198, 280, 431, 3
1092, 194, 122, 3
223, 961, 56, 3
1081, 179, 1412, 3
363, 542, 343, 3
1128, 377, 754, 3
769, 281, 406, 3
482, 1331, 1251, 3
115, 428, 780, 3
84, 723, 343, 3
182, 24, 1196, 3
704, 771, 1178, 3
627, 816, 811, 3
413, 1287, 225, 3
363, 813, 823, 3
1209, 978, 1397, 3
633, 1411, 1185, 3
1409, 882, 109, 3
963, 594, 96, 3
1392, 512, 1042, 3
1303, 1346, 139, 3
392, 176, 1042, 3
466, 1080, 768, 3
231, 1114, 1474, 3
1329, 1370, 648, 3
1404, 981, 380, 3
326, 1109, 409, 3
544, 165, 1360, 3
241, 1258, 1431, 3
256, 704, 1331, 3
1128, 411, 1288, 3
1085, 1003, 97, 3
780, 837, 456, 3
447, 437, 368, 3
1297, 1089, 1219, 3
17, 1161, 1468, 3
1306, 1244, 730, 3
643, 684, 1382, 3
1085, 88, 784, 3
1132, 649, 879, 3
325, 377, 376, 3
675, 378, 834, 3
111, 585, 1477, 3
493, 539, 164, 3
352, 1227, 149, 3
1360, 1385, 318, 3
766, 969, 1390, 3
934, 1292, 452, 3
226, 383, 1070, 3
902, 914, 617, 3
1230, 248, 402, 3
1276, 289, 197, 3
1117, 1196, 319, 3
376, 15, 1384, 3
895, 327, 996, 3
215, 1444, 706, 3
1387, 403, 1087, 3
76, 222, 450, 3
1119, 634, 361, 3
1241, 339, 633, 3
447, 350, 539, 3
105, 1087, 159, 3
627, 1164, 319, 3
795, 9, 879, 3
1228, 686, 588, 3
5, 1013, 1058, 3
297, 979, 444, 3
614, 859, 183, 3
835, 508, 1016, 3
923, 398, 1213, 3
958, 936, 1407, 3
1386, 1079, 1387, 3
930, 430, 391, 3
405, 736, 661, 3
531, 476, 702, 3
1124, 842, 51, 3
567, 1414, 183, 3
1292, 275, 838, 3
1052, 650, 389, 3
971, 792, 1322, 3
600, 620, 180, 3
1244, 504, 507, 3
1274, 175, 983, 3
579, 1176, 348, 3
948, 573, 689, 3
1282, 1012, 819, 3
689, 351, 1479, 3
600, 1440, 762, 3
1085, 1437, 1022, 3
1091, 631, 285, 3
1206, 1387, 212, 3
569, 1434, 962, 3
1283, 313, 544, 3
1366, 867, 304, 3
1060, 593, 805, 3
301, 401, 1093, 3
987, 1243, 771, 3
142, 1153, 513, 3
12, 477, 537, 3
1301, 150, 252, 3
485, 782, 538, 3
545, 479, 659, 3
779, 449, 1328, 3
340, 1209, 227, 3
667, 361, 1029, 3
282, 1186, 634, 3
1001, 1445, 775, 3
1433, 1338, 254, 3
848, 1443, 786, 3
999, 1316, 329, 3
413, 26, 613, 3
258, 1305, 865, 3
994, 893, 179, 3
1443, 1000, 1400, 3
831, 1114, 327, 3
1290, 1426, 1077, 3
836, 1073, 109, 3
1391, 275, 885, 3
415, 1369, 951, 3
103, 386, 1299, 3
213, 318, 259, 3
222, 925, 1377, 3
1223, 953, 1157, 3
92, 108, 783, 3
833, 876, 912, 3
671, 724, 723, 3
344, 1445, 616, 3
571, 346, 28, 3
710, 419, 389, 3
1063, 176, 358, 3
1242, 777, 1144, 3
1374, 666, 246, 3
737, 774, 902, 3
1236, 52, 1186, 3
549, 1199, 821, 3
988, 430, 628, 3
685, 1405, 566, 3
485, 1249, 129, 3
1190, 1325, 238, 3
301, 448, 206, 3
874, 861, 964, 3
144, 695, 472, 3
813, 1282, 727, 3
1411, 178, 512, 3
790, 794, 873, 3
138, 1118, 902, 3
763, 0, 621, 3
329, 349, 13, 3
338, 790, 609, 3
52, 1178, 1134, 3
1126, 1284, 1469, 3
109, 1286, 516, 3
694, 1424, 119, 3
1351, 902, 470, 3
209, 554, 854, 3
602, 65, 688, 3
977, 1243, 257, 3
424, 269, 263, 3
1264, 678, 808, 3
796, 514, 109, 3
16, 1327, 821, 3
394, 195, 1350, 3
1376, 1248, 919, 3
932, 997, 1452, 3
695, 545, 734, 3
1470, 1186, 925, 3
159, 162, 560, 3
533, 898, 1163, 3
1255, 922, 390, 3
748, 1133, 735, 3
975, 596, 28, 3
1297, 1008, 608, 3
1301, 1257, 704, 3
108, 256, 1043, 3
1330, 589, 980, 3
1425, 175, 295, 3
803, 1082, 629, 3
1426, 1283, 1357, 3
1410, 1347, 1201, 3
1442, 934, 60, 3
945, 243, 198, 3
1122, 944, 172, 3
93, 873, 75, 3
86, 1215, 851, 3
760, 1345, 251, 3
1099, 1478, 1366, 3
835, 373, 1266, 3
1066, 1262, 355, 3
1376, 1043, 516, 3
602, 580, 85, 3
1418, 14, 403, 3
99, 1413, 875, 3
901, 881, 264, 3
1206, 729, 730, 3
1166, 494, 36, 3
1037, 1081, 482, 3
69, 754, 308, 3
855, 1310, 1457, 3
641, 454, 1355, 3
684, 956, 183, 3
1413, 902, 205, 3
581, 48, 573, 3
488, 464, 821, 3
138, 1296, 1455, 3
1241, 1109, 624, 3
358, 1204, 821, 3
280, 144, 34, 3
1297, 1024, 763, 3
850, 630, 578, 3
32, 21, 636, 3
132, 399, 228, 3
467, 1168, 90, 3
1200, 1033, 1164, 3
20, 303, 1409, 3
1100, 1307, 136, 3
363, 14, 739, 3
681, 469, 122, 3
124, 1241, 1045, 3
1088, 227, 1077, 3
901, 210, 1024, 3
1059, 575, 781, 3
7, 76, 85, 3
771, 717, 199, 3
1104, 1343, 1479, 3
690, 484, 25, 3
994, 190, 358, 3
128, 56, 1115, 3
383, 173, 473, 3
20, 603, 694, 3
691, 18, 1433, 3
959, 1301, 482, 3
1483, 1379, 1119, 3
881, 1277, 64, 3
859, 35, 844, 3
797, 1483, 1099, 3
8, 218, 557, 3
257, 71, 1301, 3
195, 179, 874, 3
1429, 209, 328, 3
1370, 367, 315, 3
991, 270, 487, 3
629, 132, 224, 3
300, 1387, 816, 3
1031, 444, 154, 3
745, 377, 400, 3
631, 873, 1027, 3
1063, 273, 1388, 3
1315, 1261, 874, 3
492, 1374, 628, 3
395, 1465, 381, 3
193, 238, 629, 3
851, 1162, 1265, 3
648, 865, 992, 3
1419, 1167, 1254, 3
122, 1339, 1190, 3
510, 1243, 746, 3
583, 344, 1267, 3
168, 498, 100, 3
79, 617, 90, 3
488, 1432, 185, 3
411, 1208, 679, 3
849, 922, 286, 3
260, 376, 473, 3
1128, 1387, 726, 3
703, 697, 602, 3
1468, 451, 815, 3
85, 1269, 1386, 3
772, 1250, 530, 3
165, 172, 1000, 3
184, 182, 1063, 3
961, 1067, 367, 3
1136, 329, 793, 3
1072, 359, 950, 3
1287, 936, 519, 3
1247, 1427, 196, 3
1167, 1283, 1281, 3
656, 1034, 641, 3
347, 671, 978, 3
761, 619, 680, 3
515, 467, 690, 3
997, 387, 294, 3
524, 290, 1201, 3
1291, 813, 98, 3
1094, 4, 249, 3
740, 496, 1067, 3
938, 1053, 608, 3
731, 6, 1245, 3
329, 1009, 1091, 3
1156, 158, 6, 3
260, 638, 969, 3
1427, 169, 884, 3
544, 442, 876, 3
1334, 887, 972, 3
519, 1029, 1071, 3
366, 291, 266, 3
149, 1301, 788, 3
690, 382, 739, 3
646, 1248, 486, 3
724, 51, 958, 3
1128, 86, 1383, 3
1374, 1361, 1429, 3
1359, 846, 1347, 3
1475, 1009, 428, 3
18, 239, 38, 3
998, 18, 39, 3
933, 262, 535, 3
1288, 1030, 351, 3
1279, 461, 787, 3
311, 57, 1051, 3
295, 1274, 1343, 3
1094, 245, 767, 3
1094, 12, 609, 3
406, 851, 979, 3
468, 157, 874, 3
1068, 9, 923, 3
1278, 58, 1408, 3
1017, 1167, 1249, 3
1412, 909, 1142, 3
794, 1461, 976, 3
1128, 506, 217, 3
922, 897, 51, 3
1377, 892, 542, 3
336, 863, 197, 3
33, 553, 1
566, 670, 1
360, 230, 1
13, 31, 1
90, 829, 1
835, 437, 1
688, 274, 1
21, 660, 1
203, 653, 1
563, 454, 1
923, 693, 1
489, 258, 1
913, 19, 1
857, 245, 1
66, 697, 1
436, 554, 1
575, 892, 1
659, 858, 1
45, 150, 1
341, 806, 1
790, 376, 1
956, 903, 1
887, 639, 1
261, 5, 1
181, 20, 1
918, 246, 1
888, 475, 1
856, 293, 1
840, 421, 1
377, 441, 1
951, 887, 1
279, 903, 1
385, 940, 1
883, 409, 1
866, 493, 1
848, 291, 1
677, 740, 1
692, 392, 1
769, 372, 1
417, 833, 1
921, 360, 1
887, 948, 1
418, 10, 1
351, 384, 1
426, 353, 1
633, 125, 1
706, 150, 1
631, 240, 1
814, 754, 1
565, 97, 1
255, 667, 1
339, 584, 1
696, 861, 1
640, 45, 1
337, 131, 1
10, 126, 1
916, 825, 1
137, 385, 1
833, 956, 1
940, 436, 1
735, 763, 1
940, 945, 1
850, 582, 1
236, 348, 1
679, 760, 1
808, 345, 1
854, 365, 1
654, 456, 1
590, 699, 1
542, 765, 1
245, 848, 1
409, 264, 1
489, 898, 1
925, 19, 1
756, 548, 1
679, 598, 1
893, 401, 1
762, 722, 1
942, 690, 1
50, 961, 1
553, 398, 1
901, 62, 1
371, 768, 1
247, 119, 1
12, 853, 1
543, 781, 1
829, 140, 1
692, 714, 1
573, 107, 1
955, 785, 1
173, 371, 1
840, 438, 1
889, 842, 1
909, 800, 1
529, 406, 1
222, 940, 1
889, 134, 1
714, 177, 1
59, 60, 1
597, 155, 1
65, 456, 1
164, 260, 1
308, 573, 1
546, 156, 1
869, 246, 1
738, 32, 1
847, 172, 1
26, 930, 1
691, 460, 1
674, 334, 1
360, 835, 1
361, 163, 1
923, 356, 1
152, 222, 1
392, 638, 1
10, 743, 1
451, 78, 1
956, 279, 1
385, 222, 1
398, 33, 1
768, 173, 1
945, 385, 1
940, 554, 1
842, 134, 1
107, 308, 1
692, 638, 1
898, 258, 1
264, 883, 1
291, 245, 1
706, 45, 1
418, 743, 1
833, 903, 1
948, 951, 1
945, 436, 1
137, 940, 1
177, 692, 1
760, 598, 1
418, 126, 1
152, 940, 1
392, 714, 1
945, 222, 1
921, 835, 1
848, 857, 1
948, 639, 1
913, 925, 1
640, 150, 1
356, 693, 1
639, 951, 1
65, 654, 1
90, 140, 1
436, 222, 1
360, 437, 1
126, 743, 1
918, 869, 1
921, 230, 1
385, 436, 1
835, 230, 1
417, 956, 1
421, 438, 1
903, 956, 1
921, 437, 1
456, 654, 1
152, 554, 1
385, 945, 1
456, 65, 1
554, 436, 1
951, 639, 1
714, 638, 1
177, 638, 1
768, 371, 1
848, 245, 1
945, 940, 1
360, 921, 1
385, 554, 1
554, 222, 1
948, 887, 1
177, 714, 1
417, 903, 1
107, 573, 1
598, 679, 1
140, 829, 1
152, 385, 1
945, 137, 1
714, 692, 1
640, 706, 1
436, 940, 1
371, 173, 1
409, 883, 1
264, 409, 1
392, 177, 1
833, 417, 1
137, 436, 1
152, 436, 1
437, 230, 1
152, 137, 1
945, 554, 1
137, 222, 1
392, 692, 1
833, 279, 1
137, 945, 1
951, 948, 1
152, 945, 1
417, 279, 1
19, 925, 1
887, 951, 1
903, 279, 1
857, 291, 1
760, 679, 1
940, 222, 1
137, 554, 1
639, 887, 1
554, 945, 1
903, 833, 1
554, 137, 1
554, 385, 1
385, 137, 1
554, 940, 1
903, 417, 1
182, 898, -1
230, 299, -1
651, 134, -1
798, 102, -1
68, 452, -1
192, 927, -1
884, 632, -1
163, 735, -1
872, 147, -1
148, 115, -1
770, 275, -1
763, 59, -1
819, 418, -1
230, 713, -1
190, 143, -1
470, 540, -1
261, 194, -1
14, 113, -1
414, 276, -1
860, 350, -1
426, 438, -1
512, 87, -1
769, 537, -1
182, 499, -1
825, 920, -1
374, 347, -1
92, 448, -1
505, 811, -1
421, 773, -1
842, 283, -1
574, 727, -1
683, 366, -1
377, 597, -1
736, 651, -1
324, 755, -1
888, 294, -1
462, 339, -1
345, 223, -1
711, 357, -1
195, 358, -1
174, 554, -1
472, 331, -1
675, 39, -1
920, 708, -1
379, 420, -1
401, 1, -1
630, 324, -1
830, 633, -1
243, 868, -1
668, 538, -1
961, 36, -1
504, 41, -1
341, 742, -1
292, 322, -1
931, 885, -1
450, 653, -1
537, 444, -1
870, 880, -1
498, 838, -1
316, 388, -1
860, 803, -1
886, 370, -1
578, 679, -1
521, 965, -1
396, 702, -1
744, 477, -1
582, 65, -1
536, 297, -1
613, 789, -1
688, 344, -1
264, 443, -1
161, 777, -1
388, 695, -1
458, 783, -1
403, 613, -1
455, 638, -1
724, 582, -1
390, 809, -1
674, 704, -1
679, 590, -1
218, 846, -1
877, 138, -1
84, 849, -1
906, 860, -1
937, 63, -1
794, 375, -1
758, 733, -1
956, 896, -1
934, 850, -1
476, 963, -1
418, 27, -1
833, 791, -1
96, 509, -1
922, 477, -1
869, 104, -1
314, 909, -1
619, 890, -1
497, 702, -1
606, 874, -1
95, 928, -1
377, 878, -1
437, 636, -1
527, 31, -1
204, 415, -1
838, 42, -1
604, 956, -1
332, 572, -1
756, 70, -1
41, 489, -1
820, 423, -1
957, 238, -1
100, 37, -1
164, 870, -1
924, 647, -1
7, 801, -1
446, 114, -1
955, 175, -1
633, 56, -1
875, 756, -1
803, 28, -1
908, 49, -1
841, 799, -1
333, 59, -1
173, 511, -1
683, 32, -1
654, 463, -1
18, 480, -1
806, 25, -1
673, 669, -1
965, 555, -1
914, 94, -1
203, 9, -1
615, 532, -1
55, 343, -1
167, 611, -1
577, 688, -1
63, 94, -1
477, 760, -1
329, 167, -1
339, 202, -1
127, 425, -1
796, 230, -1
873, 813, -1
517, 266, -1
342, 554, -1
398, 297, -1
124, 389, -1
75, 834, -1
351, 869, -1
488, 828, -1
752, 830, -1
659, 19, -1
271, 319, -1
452, 267, -1
234, 747, -1
610, 171, -1
328, 285, -1
243, 709, -1
547, 699, -1
682, 244, -1
131, 688, -1
329, 259, -1
171, 494, -1
263, 295, -1
566, 777, -1
877, 332, -1
303, 495, -1
75, 134, -1
154, 626, -1
218, 307, -1
954, 430, -1
167, 279, -1
698, 909, -1
615, 377, -1
871, 668, -1
518, 112, -1
305, 313, -1
154, 471, -1
144, 408, -1
772, 930, -1
5, 267, -1
579, 485, -1
269, 349, -1
103, 856, -1
805, 768, -1
266, 401, -1
192, 544, -1
396, 568, -1
743, 477, -1
743, 243, -1
85, 357, -1
364, 892, -1
29, 514, -1
385, 249, -1
556, 836, -1
609, 797, -1
606, 47, -1
945, 125, -1
686, 630, -1
166, 355, -1
143, 54, -1
49, 357, -1
760, 825, -1
55, 319, -1
42, 631, -1
486, 628, -1
810, 423, -1
305, 93, -1
315, 664, -1
558, 336, -1
135, 205, -1
853, 399, -1
475, 368, -1
109, 576, -1
778, 894, -1
744, 329, -1
477, 446, -1
834, 410, -1
793, 513, -1
756, 507, -1
99, 208, -1
552, 218, -1
890, 102, -1
362, 164, -1
605, 292, -1
81, 340, -1
806, 99, -1
592, 696, -1
175, 325, -1
464, 723, -1
450, 569, -1
944, 580, -1
747, 827, -1
436, 246, -1
680, 604, -1
632, 348, -1
368, 487, -1
780, 267, -1
162, 459, -1
807, 123, -1
902, 15, -1
566, 722, -1
586, 2, -1
121, 959, -1
311, 234, -1
690, 49, -1
891, 58, -1
224, 888, -1
718, 376, -1
435, 4, -1
276, 711, -1
291, 772, -1
649, 740, -1
64, 411, -1
548, 381, -1
814, 488, -1
152, 608, -1
231, 962, -1
242, 770, -1
171, 876, -1
765, 879, -1
742, 716, -1
192, 339, -1
145, 46, -1
541, 574, -1
527, 699, -1
640, 651, -1
408, 51, -1
268, 203, -1
296, 562, -1
275, 826, -1
949, 76, -1
82, 134, -1
512, 127, -1
612, 912, -1
702, 920, -1
742, 587, -1
398, 558, -1
552, 146, -1
298, 271, -1
888, 558, -1
598, 926, -1
606, 230, -1
612, 542, -1
76, 715, -1
144, 958, -1
512, 362, -1
144, 251, -1
559, 768, -1
12, 105, -1
965, 766, -1
451, 474, -1
699, 68, -1
20, 661, -1
255, 792, -1
289, 62, -1
817, 705, -1
842, 961, -1
955, 239, -1
244, 791, -1
503, 356, -1
14, 681, -1
362, 723, -1
641, 343, -1
256, 87, -1
792, 898, -1
645, 206, -1
927, 242, -1
614, 108, -1
814, 719, -1
51, 650, -1
758, 267, -1
178, 616, -1
673, 185, -1
637, 292, -1
44, 281, -1
256, 826, -1
843, 68, -1
563, 879, -1
588, 131, -1
695, 184, -1
755, 765, -1
735, 190, -1
764, 661, -1
279, 331, -1
906, 522, -1
527, 259, -1
591, 267, -1
241, 745, -1
444, 495, -1
883, 856, -1
811, 72, -1
293, 444, -1
50, 772, -1
193, 663, -1
538, 541, -1
601, 938, -1
393, 713, -1
547, 828, -1
676, 62, -1
220, 575, -1
686, 725, -1
116, 467, -1
631, 724, -1
560, 306, -1
858, 943, -1
58, 629, -1
762, 290, -1
111, 232, -1
100, 163, -1
651, 667, -1
59, 568, -1
775, 919, -1
821, 229, -1
321, 133, -1
679, 167, -1
649, 43, -1
66, 418, -1
587, 393, -1
622, 805, -1
92, 575, -1
517, 520, -1
794, 947, -1
640, 218, -1
199, 16, -1
488, 746, -1
15, 533, -1
278, 52, -1
190, 692, -1
597, 666, -1
749, 697, -1
331, 799, -1
942, 202, -1
749, 828, -1
342, 290, -1
825, 707, -1
347, 654, -1
618, 43, -1
643, 189, -1
98, 176, -1
242, 726, -1
403, 238, -1
809, 120, -1
371, 559, -1
568, 60, -1
13, 527, -1
192, 584, -1
755, 542, -1
582, 934, -1
360, 796, -1
50, 36, -1
240, 724, -1
10, 27, -1
892, 92, -1
604, 903, -1
704, 334, -1
892, 220, -1
756, 381, -1
754, 719, -1
848, 772, -1
360, 606, -1
598, 590, -1
297, 553, -1
718, 790, -1
688, 337, -1
738, 683, -1
441, 597, -1
923, 503, -1
361, 735, -1
163, 763, -1
842, 50, -1
577, 274, -1
372, 537, -1
10, 477, -1
945, 633, -1
268, 653, -1
167, 598, -1
961, 889, -1
913, 659, -1
547, 590, -1
612, 765, -1
889, 82, -1
246, 351, -1
889, 283, -1
417, 791, -1
760, 590, -1
578, 598, -1
475, 558, -1
659, 925, -1
940, 249, -1
961, 772, -1
889, 75, -1
666, 155, -1
584, 202, -1
392, 190, -1
833, 604, -1
477, 679, -1
371, 805, -1
542, 879, -1
360, 713, -1
889, 651, -1
926, 679, -1
10, 243, -1
808, 223, -1
436, 342, -1
274, 344, -1
12, 399, -1
441, 878, -1
377, 155, -1
903, 167, -1
896, 903, -1
10, 819, -1
940, 125, -1
441, 615, -1
353, 438, -1
760, 167, -1
26, 772, -1
240, 42, -1
364, 575, -1
337, 588, -1
104, 246, -1
267, 261, -1
762, 566, -1
661, 181, -1
558, 553, -1
99, 341, -1
584, 462, -1
362, 260, -1
940, 246, -1
59, 735, -1
360, 299, -1
266, 893, -1
722, 670, -1
777, 670, -1
194, 5, -1
956, 791, -1
60, 333, -1
659, 943, -1
651, 45, -1
856, 444, -1
66, 749, -1
806, 742, -1
224, 475, -1
56, 125, -1
274, 131, -1
763, 60, -1
651, 255, -1
260, 870, -1
384, 869, -1
392, 455, -1
105, 853, -1
41, 258, -1
699, 679, -1
792, 489, -1
475, 294, -1
785, 175, -1
456, 347, -1
722, 290, -1
785, 239, -1
25, 341, -1
856, 409, -1
507, 548, -1
893, 1, -1
608, 222, -1
474, 78, -1
41, 898, -1
763, 190, -1
409, 443, -1
590, 527, -1
293, 103, -1
218, 45, -1
903, 331, -1
19, 858, -1
835, 636, -1
488, 754, -1
489, 182, -1
125, 830, -1
137, 249, -1
714, 190, -1
289, 901, -1
760, 578, -1
707, 916, -1
632, 236, -1
850, 724, -1
792, 667, -1
676, 901, -1
825, 679, -1
760, 916, -1
418, 697, -1
800, 314, -1
454, 879, -1
920, 916, -1
554, 246, -1
68, 590, -1
883, 293, -1
368, 888, -1
875, 548, -1
800, 698, -1
65, 850, -1
66, 10, -1
896, 833, -1
436, 174, -1
592, 861, -1
840, 426, -1
456, 463, -1
548, 70, -1
456, 582, -1
9, 653, -1
49, 942, -1
371, 511, -1
450, 203, -1
436, 869, -1
918, 436, -1
361, 100, -1
840, 773, -1
690, 202, -1
649, 677, -1
152, 246, -1
194, 261, -1
243, 126, -1
177, 190, -1
699, 598, -1
713, 835, -1
436, 633, -1
50, 134, -1
202, 942, -1
598, 167, -1
554, 918, -1
892, 364, -1
418, 66, -1
896, 956, -1
66, 743, -1
722, 566, -1
777, 566, -1
792, 255, -1
945, 174, -1
857, 772, -1
835, 299, -1
417, 604, -1
699, 527, -1
575, 92, -1
65, 582, -1
65, 463, -1
385, 633, -1
384, 918, -1
850, 934, -1
819, 126, -1
666, 597, -1
940, 608, -1
418, 477, -1
299, 230, -1
842, 75, -1
945, 869, -1
66, 126, -1
697, 749, -1
82, 842, -1
713, 437, -1
361, 763, -1
638, 190, -1
477, 126, -1
608, 436, -1
913, 858, -1
99, 806, -1
249, 137, -1
384, 246, -1
203, 268, -1
918, 351, -1
385, 342, -1
842, 651, -1
638, 455, -1
537, 769, -1
1, 401, -1
279, 791, -1
377, 615, -1
243, 743, -1
222, 174, -1
796, 437, -1
385, 125, -1
59, 333, -1
385, 918, -1
704, 674, -1
59, 763, -1
869, 351, -1
762, 670, -1
331, 956, -1
409, 293, -1
688, 577, -1
724, 631, -1
768, 805, -1
356, 503, -1
773, 438, -1
692, 190, -1
590, 679, -1
896, 279, -1
688, 131, -1
385, 246, -1
554, 869, -1
339, 462, -1
819, 743, -1
426, 421, -1
940, 633, -1
961, 134, -1
856, 264, -1
921, 299, -1
608, 385, -1
25, 806, -1
883, 443, -1
401, 266, -1
222, 633, -1
856, 883, -1
477, 743, -1
131, 588, -1
49, 690, -1
568, 59, -1
889, 50, -1
436, 249, -1
956, 604, -1
299, 437, -1
918, 940, -1
104, 918, -1
436, 125, -1
706, 651, -1
249, 436, -1
436, 918, -1
608, 152, -1
956, 167, -1
945, 249, -1
697, 10, -1
456, 850, -1
608, 945, -1
940, 918, -1
368, 475, -1
56, 633, -1
825, 598, -1
331, 279, -1
713, 921, -1
916, 679, -1
633, 940, -1
297, 33, -1
152, 249, -1
760, 926, -1
633, 830, -1
554, 174, -1
903, 791, -1
105, 12, -1
283, 134, -1
418, 243, -1
850, 654, -1
920, 825, -1
222, 246, -1
692, 455, -1
961, 842, -1
930, 772, -1
945, 342, -1
869, 222, -1
488, 814, -1
792, 258, -1
636, 230, -1
32, 683, -1
760, 699, -1
418, 819, -1
608, 940, -1
835, 796, -1
945, 918, -1
60, 735, -1
840, 353, -1
167, 956, -1
437, 606, -1
474, 451, -1
441, 155, -1
507, 756, -1
768, 559, -1
833, 167, -1
773, 421, -1
858, 925, -1
940, 342, -1
835, 606, -1
945, 246, -1
697, 126, -1
222, 342, -1
202, 339, -1
833, 331, -1
337, 274, -1
385, 174, -1
921, 636, -1
249, 945, -1
344, 688, -1
173, 559, -1
27, 743, -1
258, 182, -1
651, 150, -1
444, 293, -1
477, 598, -1
222, 918, -1
249, 554, -1
385, 869, -1
163, 100, -1
554, 125, -1
856, 103, -1
693, 503, -1
19, 659, -1
27, 126, -1
898, 182, -1
760, 477, -1
714, 455, -1
878, 377, -1
9, 203, -1
125, 222, -1
805, 173, -1
768, 511, -1
353, 421, -1
297, 398, -1
65, 347, -1
921, 796, -1
636, 437, -1
249, 385, -1
713, 230, -1
558, 33, -1
190, 735, -1
218, 150, -1
916, 598, -1
697, 743, -1
137, 125, -1
706, 218, -1
264, 293, -1
360, 636, -1
921, 606, -1
152, 125, -1
376, 718, -1
940, 174, -1
50, 889, -1
104, 869, -1
772, 245, -1
249, 222, -1
654, 582, -1
31, 527, -1
604, 279, -1
940, 869, -1
896, 417, -1
137, 246, -1
554, 342, -1
597, 377, -1
697, 418, -1
137, 633, -1
50, 842, -1
279, 604, -1
945, 608, -1
264, 856, -1
152, 633, -1
342, 385, -1
167, 417, -1
177, 455, -1
633, 137, -1
633, 436, -1
342, 940, -1
137, 608, -1
279, 167, -1
633, 222, -1
60, 763, -1
436, 608, -1
791, 903, -1
633, 945, -1
331, 903, -1
903, 604, -1
137, 342, -1
342, 436, -1
554, 249, -1
342, 137, -1
249, 940, -1
553, 558, -1
1, 893, -1
10, 66, -1
137, 174, -1
633, 554, -1
152, 342, -1
385, 608, -1
344, 274, -1
417, 167, -1
590, 598, -1
554, 633, -1
152, 174, -1
342, 945, -1
858, 19, -1
608, 137, -1
137, 918, -1
763, 163, -1
137, 869, -1
152, 918, -1
155, 377, -1
554, 608, -1
889, 961, -1
417, 331, -1
152, 869, -1
791, 279, -1
537, 372, -1
633, 385, -1
527, 13, -1
608, 554, -1
582, 654, -1
918, 222, -1
299, 921, -1
598, 699, -1
409, 856, -1
167, 903, -1

