1392, 1255, 866, 3
1147, 551, 581, 3
392, 922, 53, 3
1296, 129, 1422, 3
723, 116, 1192, 3
1281, 415, 713, 3
690, 972, 822, 3
503, 2, 1151, 3
225, 1320, 786, 3
609, 1451, 1386, 3
267, 1278, 384, 3
376, 593, 1014, 3
1053, 894, 178, 3
170, 1211, 1294, 3
1214, 423, 1266, 3
132, 291, 98, 3
1322, 1400, 1343, 3
1467, 1283, 1384, 3
147, 697, 304, 3
171, 591, 316, 3
824, 57, 950, 3
363, 1124, 406, 3
179, 252, 300, 3
374, 108, 1379, 3
152, 781, 1048, 3
791, 147, 105, 3
14, 1010, 533, 3
497, 1406, 710, 3
178, 790, 1037, 3
1445, 497, 1425, 3
758, 664, 1258, 3
446, 474, 1457, 3
897, 172, 1240, 3
1306, 427, 1327, 3
477, 207, 712, 3
893, 1368, 173, 3
1332, 1148, 1411, 3
556, 819, 884, 3
167, 916, 1149, 3
1092, 581, 1361, 3
743, 1258, 497, 3
13, 1005, 1330, 3
1137, 449, 679, 3
840, 88, 584, 3
133, 502, 266, 3
1346, 1406, 1463, 3
194, 313, 1289, 3
199, 528, 1253, 3
356, 416, 621, 3
32, 1342, 583, 3
118, 1, 1
2, 72, 1
89, 90, 1
84, 36, 1
83, 117, 1
81, 75, 1
97, 115, 1
64, 104, 1
49, 125, -1
118, 57, -1
51, 74, -1
72, 90, -1
115, 57, -1
125, 70, -1
49, 122, -1
96, 89, -1
37, 119, -1
60, 124, -1
42, 32, -1
141, 70, -1
45, 123, -1
39, 26, -1
111, 100, -1
86, 78, -1
116, 94, -1
66, 125, -1
52, 132, -1
108, 34, -1
33, 81, -1
106, 4, -1
32, 34, -1
111, 8, -1
25, 24, -1
14, 45, -1
67, 1, -1
140, 113, -1
10, 129, -1
61, 96, -1
124, 135, -1
126, 55, -1
132, 7, -1
49, 139, -1
34, 97, -1
131, 136, -1
76, 66, -1
134, 9, -1
136, 119, -1
65, 120, -1
1, 49, -1
74, 64, -1
57, 1, -1
72, 89, -1
118, 49, -1
57, 97, -1
104, 74, -1
34, 115, -1
96, 90, -1
67, 118, -1
90, 2, -1
33, 75, -1
49, 1, -1
81, 33, -1
57, 115, -1
57, 118, -1
89, 2, -1
97, 34, -1
1, 67, -1
75, 33, -1
2, 90, -1
49, 118, -1

