687, 719, 1139, 3
615, 749, 317, 3
453, 849, 649, 3
670, 1087, 1264, 3
1316, 1136, 766, 3
589, 1446, 1127, 3
539, 903, 1408, 3
1015, 736, 331, 3
1080, 318, 1169, 3
489, 717, 850, 3
1121, 849, 1076, 3
116, 1212, 128, 3
1047, 1057, 1149, 3
367, 782, 495, 3
388, 1170, 1455, 3
1333, 1347, 1195, 3
501, 518, 715, 3
409, 594, 1037, 3
1084, 649, 1447, 3
674, 151, 1347, 3
541, 192, 996, 3
938, 1125, 486, 3
1092, 1176, 384, 3
89, 405, 1166, 3
1422, 565, 1022, 3
230, 588, 1020, 3
1225, 327, 1471, 3
918, 1278, 1071, 3
944, 950, 615, 3
859, 395, 891, 3
35, 93, 1159, 3
824, 1349, 259, 3
1395, 1319, 302, 3
9, 725, 1332, 3
819, 1417, 456, 3
1129, 1343, 973, 3
537, 1082, 157, 3
383, 140, 732, 3
878, 760, 82, 3
887, 1429, 538, 3
271, 802, 753, 3
1135, 959, 415, 3
1422, 1369, 1061, 3
874, 543, 1467, 3
137, 695, 169, 3
978, 572, 1002, 3
504, 1283, 360, 3
620, 1229, 1422, 3
652, 1191, 1252, 3
1460, 316, 497, 3
101, 49, 1
109, 138, 1
9, 20, 1
90, 106, 1
38, 97, 1
59, 31, 1
56, 70, 1
67, 129, 1
82, 84, 1
7, 105, -1
83, 51, -1
69, 68, -1
95, 63, -1
91, 50, -1
137, 110, -1
47, 3, -1
53, 48, -1
74, 142, -1
10, 55, -1
128, 50, -1
94, 80, -1
70, 28, -1
45, 6, -1
84, 85, -1
125, 67, -1
24, 8, -1
76, 101, -1
18, 5, -1
122, 57, -1
2, 34, -1
111, 1, -1
116, 61, -1
76, 51, -1
52, 122, -1
138, 97, -1
12, 73, -1
26, 127, -1
129, 17, -1
91, 32, -1
9, 123, -1
141, 70, -1
29, 123, -1
71, 120, -1
135, 80, -1
92, 10, -1
66, 41, -1
25, 18, -1
60, 19, -1
60, 61, -1
97, 92, -1
67, 17, -1
123, 20, -1
92, 38, -1
56, 141, -1
138, 38, -1
49, 76, -1
56, 28, -1
97, 109, -1
129, 125, -1
82, 85, -1
17, 129, -1
67, 125, -1
109, 38, -1
97, 138, -1
28, 70, -1
17, 67, -1

