193, 1301, 529, 3
1111, 252, 683, 3
1156, 255, 1067, 3
1384, 1189, 377, 3
871, 1115, 253, 3
954, 154, 137, 3
684, 760, 665, 3
963, 598, 1437, 3
356, 1463, 795, 3
260, 1184, 1360, 3
745, 1224, 205, 3
1092, 1199, 974, 3
1225, 34, 1066, 3
4, 332, 600, 3
221, 94, 1291, 3
629, 910, 1363, 3
1366, 873, 1, 3
1400, 772, 1159, 3
222, 305, 308, 3
482, 1010, 742, 3
1409, 1126, 1010, 3
202, 654, 269, 3
965, 918, 743, 3
414, 314, 844, 3
588, 205, 1455, 3
312, 690, 786, 3
302, 1355, 1098, 3
1103, 891, 521, 3
374, 1425, 710, 3
1267, 1316, 1146, 3
42, 1425, 1148, 3
1129, 593, 374, 3
1220, 1469, 1459, 3
98, 1087, 487, 3
1030, 645, 1045, 3
613, 1048, 659, 3
1269, 937, 687, 3
612, 305, 19, 3
1131, 884, 154, 3
514, 1286, 34, 3
1062, 13, 1042, 3
350, 795, 348, 3
1257, 1345, 811, 3
1295, 604, 1039, 3
1091, 72, 1291, 3
276, 345, 23, 3
1098, 189, 240, 3
823, 1153, 1271, 3
152, 604, 1308, 3
217, 1414, 269, 3
1184, 497, 400, 3
647, 1148, 1243, 3
654, 977, 164, 3
107, 968, 1156, 3
212, 743, 985, 3
1201, 263, 802, 3
1335, 1054, 910, 3
894, 204, 890, 3
1186, 22, 256, 3
3, 609, 1277, 3
349, 908, 528, 3
1047, 629, 62, 3
1, 268, 844, 3
437, 44, 760, 3
373, 122, 619, 3
329, 1230, 114, 3
292, 545, 130, 3
1339, 1293, 1409, 3
507, 369, 1157, 3
244, 446, 592, 3
178, 147, 759, 3
1218, 1000, 596, 3
489, 1382, 642, 3
436, 1087, 160, 3
1227, 389, 568, 3
146, 589, 1323, 3
912, 1225, 646, 3
1351, 770, 949, 3
385, 1101, 1374, 3
576, 649, 213, 3
1395, 775, 1207, 3
167, 1374, 867, 3
142, 139, 1108, 3
363, 1365, 130, 3
1247, 569, 698, 3
46, 179, 1102, 3
314, 1390, 1084, 3
476, 729, 390, 3
891, 123, 224, 3
886, 721, 1301, 3
1163, 304, 802, 3
435, 1247, 1141, 3
873, 745, 15, 3
1340, 622, 363, 3
510, 1227, 1349, 3
662, 888, 436, 3
653, 118, 1144, 3
54, 352, 1184, 3
744, 15, 994, 3
794, 413, 725, 3
662, 752, 203, 3
1268, 180, 404, 3
375, 1224, 1190, 3
369, 289, 124, 3
9, 830, 1111, 3
1190, 833, 1275, 3
998, 1244, 362, 3
49, 1080, 160, 3
522, 498, 617, 3
686, 1029, 363, 3
759, 303, 288, 3
7, 476, 573, 3
1237, 546, 1282, 3
216, 205, 1016, 3
899, 614, 441, 3
1084, 310, 451, 3
1448, 878, 877, 3
694, 794, 377, 3
314, 283, 369, 3
1363, 672, 377, 3
130, 187, 912, 3
313, 1368, 361, 3
900, 1360, 568, 3
792, 292, 566, 3
1223, 463, 247, 3
1407, 52, 12, 3
855, 145, 992, 3
499, 99, 749, 3
248, 1205, 1116, 3
897, 1292, 1358, 3
646, 802, 104, 3
1442, 1462, 194, 3
342, 783, 1417, 3
92, 1416, 707, 3
147, 1469, 302, 3
810, 543, 1402, 3
959, 649, 228, 3
79, 782, 1074, 3
824, 1224, 1130, 3
501, 1270, 877, 3
1259, 1035, 7, 3
795, 1102, 801, 3
1110, 1261, 384, 3
1309, 256, 252, 3
448, 1209, 897, 3
458, 525, 1354, 3
362, 1396, 545, 3
1072, 107, 1103, 3
796, 1265, 463, 3
775, 641, 589, 3
1036, 1437, 1068, 3
648, 75, 569, 3
1192, 1280, 1229, 3
585, 844, 962, 3
1407, 1098, 218, 3
1051, 1104, 362, 3
353, 274, 323, 3
1151, 1432, 1021, 3
951, 1029, 457, 3
403, 778, 459, 3
715, 1269, 789, 3
281, 113, 71, 3
376, 295, 1313, 3
50, 1007, 236, 3
821, 877, 723, 3
1065, 796, 1135, 3
473, 291, 223, 3
1457, 254, 602, 3
155, 1387, 183, 3
527, 605, 601, 3
6, 1115, 514, 3
1073, 811, 287, 3
462, 155, 288, 3
944, 6, 448, 3
399, 506, 42, 3
274, 694, 727, 3
1422, 806, 125, 3
940, 1296, 340, 3
563, 928, 960, 3
1248, 1263, 1406, 3
179, 1181, 633, 3
476, 573, 870, 3
1397, 74, 47, 3
867, 1017, 654, 3
197, 1389, 923, 3
267, 1029, 123, 3
326, 574, 725, 3
1144, 544, 485, 3
438, 864, 118, 3
355, 662, 692, 3
1261, 231, 462, 3
685, 67, 623, 3
868, 387, 1246, 3
960, 694, 1364, 3
739, 1356, 217, 3
739, 480, 479, 3
73, 533, 929, 3
1225, 127, 425, 3
1302, 261, 1004, 3
419, 1123, 847, 3
253, 438, 933, 3
990, 1403, 1028, 3
1096, 1431, 1067, 3
259, 822, 1118, 3
547, 1038, 105, 3
1440, 24, 135, 3
707, 1263, 1262, 3
108, 847, 559, 3
1214, 660, 46, 3
1080, 1457, 594, 3
1056, 1236, 943, 3
1461, 265, 978, 3
678, 130, 1001, 3
930, 935, 259, 3
264, 1330, 285, 3
937, 1351, 1080, 3
238, 795, 1090, 3
899, 1363, 189, 3
561, 279, 690, 3
299, 1255, 48, 3
1035, 881, 760, 3
198, 341, 800, 3
926, 1059, 503, 3
213, 130, 1350, 3
613, 589, 1184, 3
1345, 338, 1249, 3
217, 964, 1033, 3
824, 546, 174, 3
83, 1061, 1159, 3
1215, 1410, 1190, 3
1219, 687, 1418, 3
557, 1284, 407, 3
442, 468, 998, 3
784, 160, 1248, 3
781, 898, 294, 3
459, 1035, 33, 3
1463, 1218, 60, 3
328, 841, 803, 3
715, 970, 1328, 3
1168, 542, 454, 3
32, 476, 333, 3
119, 600, 215, 3
669, 1208, 967, 3
880, 539, 1396, 3
851, 13, 527, 3
177, 771, 1225, 3
44, 1164, 1412, 3
593, 802, 162, 3
1055, 277, 1209, 3
756, 507, 103, 3
1130, 1470, 812, 3
129, 1475, 703, 3
124, 753, 420, 3
643, 561, 522, 3
325, 125, 831, 3
528, 415, 397, 3
22, 1099, 245, 3
374, 205, 588, 3
816, 666, 34, 3
881, 576, 1356, 3
1301, 584, 1158, 3
1142, 524, 93, 3
1114, 967, 1432, 3
936, 1298, 18, 3
328, 1235, 1431, 3
61, 1305, 1090, 3
1050, 186, 1044, 3
613, 102, 1218, 3
920, 362, 1366, 3
514, 604, 387, 3
1253, 402, 1365, 3
1112, 1359, 676, 3
1084, 254, 1050, 3
815, 1378, 1451, 3
341, 937, 1236, 3
673, 147, 338, 3
798, 1120, 1093, 3
655, 1337, 61, 3
430, 435, 1077, 3
1347, 720, 611, 3
1074, 912, 1098, 3
295, 28, 653, 3
1383, 799, 1200, 3
1192, 854, 160, 3
1301, 1211, 1274, 3
625, 1199, 738, 3
640, 1111, 1021, 3
1198, 1383, 395, 3
960, 1332, 1142, 3
1097, 1239, 448, 3
34, 487, 674, 3
1064, 831, 969, 3
1003, 360, 895, 3
757, 750, 579, 3
142, 270, 1269, 3
945, 1190, 726, 3
819, 83, 402, 3
1174, 929, 267, 3
585, 694, 1002, 3
1181, 155, 1325, 3
200, 80, 99, 3
700, 58, 818, 3
291, 1324, 158, 3
189, 365, 1462, 3
1395, 687, 996, 3
600, 145, 449, 3
708, 1371, 632, 3
1058, 1324, 725, 3
1078, 1238, 577, 3
1425, 1241, 38, 3
30, 623, 277, 3
237, 53, 61, 3
1397, 1010, 580, 3
284, 79, 417, 3
878, 1285, 1185, 3
546, 1254, 1182, 3
133, 745, 305, 3
592, 1138, 1476, 3
34, 606, 23, 3
655, 1463, 35, 3
1298, 88, 597, 3
338, 628, 538, 3
63, 747, 322, 3
502, 368, 669, 3
763, 725, 604, 3
1132, 1145, 161, 3
455, 1192, 747, 3
896, 765, 538, 3
422, 760, 1358, 3
399, 213, 1092, 3
383, 227, 205, 3
545, 1382, 358, 3
314, 1400, 1331, 3
766, 1274, 145, 3
734, 1197, 745, 3
860, 349, 671, 3
720, 1463, 1327, 3
787, 907, 955, 3
865, 549, 1365, 3
1310, 1211, 1161, 3
1326, 790, 1102, 3
1020, 732, 885, 3
913, 1315, 718, 3
1458, 1422, 225, 3
906, 851, 315, 3
1321, 261, 340, 3
43, 828, 927, 3
28, 1225, 131, 3
515, 7, 447, 3
1086, 152, 58, 3
1440, 1397, 818, 3
1045, 1282, 141, 3
728, 1014, 1424, 3
1234, 1260, 34, 3
193, 1456, 1272, 3
722, 65, 1339, 3
1106, 782, 1219, 3
1322, 1342, 1287, 3
173, 1070, 505, 3
801, 390, 265, 3
562, 848, 100, 3
1273, 499, 545, 3
1453, 495, 886, 3
1026, 44, 280, 3
1425, 563, 40, 3
291, 212, 394, 3
344, 1388, 246, 3
24, 441, 583, 3
1030, 922, 209, 3
442, 1195, 1314, 3
441, 1302, 424, 3
371, 1477, 444, 3
1037, 536, 588, 3
727, 851, 377, 3
8, 159, 1048, 3
749, 1122, 112, 3
1000, 262, 1321, 3
961, 684, 1197, 3
1342, 829, 420, 3
625, 1452, 486, 3
1343, 521, 704, 3
1103, 997, 774, 3
1294, 267, 229, 3
482, 10, 1421, 3
706, 1068, 184, 3
173, 987, 206, 3
1090, 1069, 445, 3
778, 705, 1471, 3
26, 191, 1374, 3
727, 608, 393, 3
69, 902, 837, 3
786, 1264, 742, 3
682, 325, 642, 3
1368, 132, 1405, 3
130, 1324, 638, 3
174, 874, 533, 3
825, 517, 905, 3
1424, 46, 770, 3
506, 318, 234, 3
9, 856, 167, 3
74, 1213, 1395, 3
1132, 1433, 988, 3
1317, 1174, 578, 3
946, 854, 72, 3
1446, 660, 1029, 3
235, 1348, 568, 3
875, 597, 1205, 3
284, 526, 433, 3
478, 1122, 1039, 3
941, 272, 456, 3
161, 1037, 545, 3
1195, 280, 644, 3
1051, 676, 1465, 3
347, 798, 299, 3
1273, 63, 1303, 3
1465, 1299, 319, 3
540, 1435, 178, 3
845, 1197, 570, 3
655, 688, 1327, 3
1004, 352, 966, 3
17, 292, 50, 3
323, 1384, 1141, 3
1313, 927, 583, 3
1403, 781, 1135, 3
56, 140, 832, 3
1237, 407, 201, 3
714, 877, 563, 3
4, 261, 681, 3
789, 605, 1390, 3
122, 76, 1130, 3
379, 564, 688, 3
824, 802, 696, 3
165, 944, 917, 3
558, 28, 103, 3
1399, 1, 1118, 3
1381, 375, 231, 3
633, 1218, 696, 3
89, 172, 976, 3
349, 398, 119, 3
1232, 683, 672, 3
1378, 1317, 1338, 3
614, 809, 540, 3
405, 1197, 1001, 3
433, 1114, 821, 3
1217, 1126, 1384, 3
739, 1166, 406, 3
875, 725, 74, 3
145, 1435, 1425, 3
725, 1398, 1360, 3
1324, 282, 473, 3
987, 1031, 795, 3
1357, 603, 320, 3
1212, 242, 470, 3
518, 1368, 556, 3
722, 44, 445, 3
1186, 1003, 1028, 3
271, 738, 382, 3
137, 664, 1365, 3
1047, 110, 682, 3
1151, 1275, 7, 3
367, 775, 1205, 3
1389, 1152, 1470, 3
1345, 973, 1424, 3
1265, 844, 545, 3
406, 1352, 893, 3
140, 33, 927, 3
648, 773, 274, 3
933, 329, 833, 3
526, 1200, 214, 3
1243, 1309, 474, 3
909, 1404, 1198, 3
86, 567, 348, 3
291, 330, 818, 3
1187, 132, 329, 3
1078, 438, 1112, 3
559, 399, 773, 3
1270, 1020, 204, 3
766, 1117, 1081, 3
1380, 686, 598, 3
1423, 144, 125, 3
54, 640, 431, 3
504, 759, 437, 3
1170, 963, 790, 3
345, 1055, 1142, 3
1404, 419, 1307, 3
397, 269, 193, 3
346, 1110, 701, 3
1203, 811, 736, 3
1217, 1331, 850, 3
483, 283, 1281, 3
936, 297, 152, 3
347, 715, 649, 3
474, 987, 477, 3
801, 706, 14, 3
469, 177, 1210, 3
1483, 295, 813, 3
1002, 439, 286, 3
295, 1436, 667, 3
457, 1458, 1238, 3
819, 1417, 103, 3
1084, 891, 1221, 3
996, 562, 217, 3
430, 1137, 1142, 3
722, 663, 38, 3
1393, 747, 112, 3
1464, 494, 712, 3
447, 1338, 1175, 3
551, 200, 801, 3
409, 806, 300, 3
774, 524, 178, 3
1455, 1374, 459, 3
1480, 1161, 144, 3
358, 1419, 720, 3
1331, 746, 1079, 3
765, 1240, 869, 3
1458, 1468, 1428, 3
854, 687, 1086, 3
1115, 310, 1398, 3
661, 212, 430, 3
928, 1216, 875, 3
844, 1118, 210, 3
1099, 909, 910, 3
455, 498, 131, 3
1410, 688, 811, 3
1283, 1300, 322, 3
857, 735, 1028, 3
49, 394, 586, 3
626, 939, 381, 3
1091, 361, 897, 3
1237, 1153, 247, 3
617, 772, 1106, 3
1390, 98, 514, 3
1190, 1117, 108, 3
331, 15, 629, 3
350, 1262, 649, 3
67, 290, 575, 3
939, 891, 1185, 3
301, 1195, 543, 3
17, 1221, 1062, 3
1435, 412, 960, 3
413, 187, 1154, 3
119, 819, 970, 3
769, 823, 738, 3
662, 707, 1450, 3
119, 713, 34, 3
1103, 1253, 540, 3
891, 1422, 349, 3
1330, 479, 621, 3
1442, 71, 775, 3
1240, 3, 626, 3
483, 506, 773, 3
1360, 609, 320, 3
1360, 339, 1181, 3
40, 44, 64, 3
429, 940, 425, 3
75, 124, 395, 3
1295, 825, 1182, 3
1376, 947, 1445, 3
1368, 1147, 1464, 3
322, 368, 807, 3
1374, 352, 1119, 3
1230, 1074, 1418, 3
157, 1339, 1450, 3
562, 893, 1330, 3
869, 189, 86, 3
958, 1483, 338, 3
1103, 443, 1458, 3
834, 1318, 1360, 3
832, 262, 1033, 3
1016, 1104, 690, 3
606, 1198, 281, 3
627, 1157, 367, 3
753, 621, 1338, 3
1008, 910, 445, 3
1047, 233, 395, 3
485, 464, 1450, 3
991, 875, 1154, 3
279, 910, 218, 3
1405, 504, 181, 3
766, 402, 219, 3
786, 1086, 1062, 3
1023, 1443, 1107, 3
1221, 1338, 1347, 3
911, 327, 615, 3
467, 453, 656, 3
18, 1136, 821, 3
167, 824, 721, 3
1303, 1313, 1229, 3
335, 507, 127, 3
452, 954, 363, 3
1275, 1448, 1106, 3
1042, 635, 1338, 3
338, 1411, 793, 3
318, 375, 1398, 3
605, 899, 998, 3
1417, 945, 266, 3
327, 1295, 1366, 3
494, 486, 90, 3
985, 1002, 96, 3
597, 134, 9, 3
1254, 153, 160, 3
464, 1169, 1140, 3
1082, 436, 562, 3
1461, 1195, 906, 3
1367, 65, 537, 3
700, 803, 354, 3
1082, 74, 388, 3
840, 299, 15, 3
1171, 1246, 1423, 3
362, 15, 946, 3
91, 1313, 676, 3
381, 143, 445, 3
827, 439, 54, 3
1355, 743, 85, 3
301, 838, 932, 3
864, 146, 950, 3
801, 598, 619, 3
116, 998, 1054, 3
983, 869, 1206, 3
221, 230, 857, 3
970, 1095, 83, 3
1151, 93, 661, 3
1352, 215, 979, 3
1146, 780, 107, 3
313, 1262, 568, 3
393, 364, 1417, 3
89, 366, 1442, 3
1123, 108, 697, 3
669, 452, 344, 3
1320, 818, 1455, 3
455, 556, 1098, 3
964, 602, 576, 3
600, 883, 1287, 3
353, 133, 51, 3
614, 316, 71, 3
1137, 350, 332, 3
1276, 97, 53, 3
1265, 943, 355, 3
745, 67, 458, 3
1328, 1232, 1205, 3
624, 1285, 856, 3
1176, 777, 618, 3
1318, 520, 1398, 3
657, 638, 809, 3
859, 461, 320, 3
964, 1055, 694, 3
1063, 1192, 414, 3
1262, 785, 879, 3
927, 914, 139, 3
1126, 727, 1119, 3
1389, 1264, 252, 3
173, 1290, 872, 3
259, 820, 764, 3
978, 630, 1408, 3
167, 1386, 440, 3
1286, 865, 1201, 3
955, 1308, 211, 3
625, 655, 791, 3
719, 1387, 224, 3
600, 790, 1278, 3
192, 662, 1401, 3
112, 1146, 349, 3
349, 887, 206, 3
136, 555, 287, 3
1361, 445, 111, 3
475, 338, 1011, 3
436, 810, 618, 3
637, 153, 1079, 3
333, 1302, 986, 3
1127, 1185, 1205, 3
1421, 1351, 372, 3
543, 809, 49, 3
1, 984, 826, 3
1300, 1027, 1226, 3
1097, 1060, 1312, 3
1194, 1193, 241, 3
478, 1181, 777, 3
900, 938, 1091, 3
479, 1115, 146, 3
867, 679, 1337, 3
546, 1295, 746, 3
667, 259, 306, 3
1237, 703, 637, 3
826, 1425, 613, 3
742, 874, 1439, 3
1336, 367, 1317, 3
1029, 654, 780, 3
444, 93, 185, 3
961, 949, 1344, 3
1008, 733, 198, 3
580, 546, 1027, 3
248, 576, 779, 3
684, 723, 1459, 3
1285, 215, 1335, 3
676, 1042, 461, 3
680, 939, 180, 3
337, 687, 881, 3
933, 928, 1471, 3
59, 461, 168, 3
608, 698, 53, 3
458, 95, 1336, 3
583, 1373, 975, 3
686, 1366, 1321, 3
619, 663, 141, 3
495, 404, 352, 3
93, 1145, 613, 3
72, 189, 229, 3
888, 878, 1412, 3
1434, 1294, 342, 3
1469, 76, 694, 3
1199, 1280, 288, 3
750, 796, 433, 3
1382, 743, 346, 3
1115, 1228, 957, 3
703, 781, 299, 3
1136, 775, 906, 3
1072, 1407, 1097, 3
877, 88, 267, 3
176, 636, 1301, 3
789, 1471, 198, 3
645, 1189, 429, 3
928, 464, 1049, 3
1023, 263, 103, 3
639, 953, 1162, 3
591, 595, 1431, 3
1321, 1407, 1038, 3
72, 1347, 940, 3
935, 1169, 850, 3
550, 428, 971, 3
671, 1002, 579, 3
827, 757, 1459, 3
313, 896, 1438, 3
1075, 818, 1218, 3
855, 892, 1457, 3
84, 1321, 739, 3
191, 355, 1103, 3
904, 1376, 1214, 3
1320, 948, 1470, 3
100, 1388, 8, 3
336, 577, 820, 3
1191, 128, 1425, 3
187, 883, 1225, 3
63, 1418, 460, 3
286, 778, 1338, 3
37, 875, 1334, 3
357, 419, 872, 3
345, 1265, 1186, 3
1312, 68, 768, 3
1392, 535, 997, 3
768, 1018, 918, 3
31, 1371, 720, 3
441, 416, 363, 3
447, 321, 639, 3
783, 1231, 131, 3
964, 117, 519, 3
1207, 857, 182, 3
344, 1351, 1007, 3
262, 736, 1061, 3
1097, 1270, 81, 3
774, 753, 1450, 3
220, 661, 72, 3
220, 1308, 371, 3
1457, 79, 35, 3
82, 1404, 827, 3
316, 758, 1075, 3
1083, 536, 935, 3
1382, 566, 462, 3
430, 933, 217, 3
280, 1419, 1032, 3
495, 1028, 1337, 3
451, 624, 846, 3
286, 813, 77, 3
354, 1306, 445, 3
1184, 30, 916, 3
1166, 423, 859, 3
1363, 152, 844, 3
265, 874, 1480, 3
107, 1468, 525, 3
757, 98, 221, 3
1194, 1142, 887, 3
539, 791, 970, 3
330, 451, 1274, 3
769, 160, 255, 3
1132, 123, 450, 3
554, 1355, 1086, 3
783, 1248, 758, 3
1179, 426, 933, 3
873, 1031, 8, 3
597, 910, 467, 3
765, 1368, 1400, 3
537, 62, 56, 3
1303, 991, 1059, 3
359, 1220, 120, 3
340, 600, 1362, 3
1163, 145, 382, 3
778, 1055, 60, 3
533, 396, 975, 3
1457, 849, 126, 3
39, 628, 312, 3
655, 495, 490, 3
139, 889, 1395, 3
719, 436, 393, 3
42, 677, 985, 3
17, 1451, 976, 3
309, 1087, 48, 3
904, 1100, 1434, 3
846, 1435, 218, 3
340, 475, 102, 3
172, 1005, 242, 3
570, 791, 1363, 3
1145, 181, 1441, 3
273, 384, 410, 3
360, 437, 679, 3
897, 669, 38, 3
198, 451, 276, 3
502, 466, 59, 3
276, 1454, 257, 3
42, 1178, 1129, 3
287, 49, 1192, 3
792, 901, 785, 3
26, 953, 1387, 3
182, 853, 541, 3
1284, 9, 276, 3
971, 178, 597, 3
1183, 660, 321, 3
793, 589, 526, 3
1118, 1333, 355, 3
1312, 630, 1046, 3
2, 1132, 1423, 3
543, 168, 558, 3
1171, 1005, 487, 3
302, 841, 1082, 3
610, 632, 1180, 3
1253, 697, 260, 3
175, 1277, 1133, 3
757, 158, 283, 3
398, 1259, 671, 3
1120, 1169, 75, 3
1127, 1158, 1410, 3
1060, 16, 823, 3
706, 864, 1264, 3
1216, 1414, 1240, 3
512, 343, 1135, 3
607, 814, 128, 3
1318, 186, 1208, 3
878, 1094, 732, 3
140, 846, 643, 3
1460, 1172, 1011, 3
400, 365, 1344, 3
303, 683, 1077, 3
651, 1449, 49, 3
290, 1225, 519, 3
985, 678, 547, 3
1075, 1228, 764, 3
520, 82, 407, 3
1003, 15, 588, 3
1026, 1424, 363, 3
47, 726, 1059, 3
108, 476, 808, 3
255, 688, 517, 3
838, 630, 381, 3
1341, 263, 723, 3
1006, 1171, 701, 3
937, 1406, 1430, 3
1119, 822, 1136, 3
1083, 942, 1451, 3
960, 636, 1116, 3
1452, 931, 671, 3
148, 562, 659, 3
452, 1138, 218, 3
653, 1048, 168, 3
1339, 1340, 494, 3
536, 840, 75, 3
165, 943, 875, 3
120, 38, 920, 3
1116, 236, 812, 3
11, 1261, 653, 3
860, 183, 219, 3
882, 1309, 1051, 3
927, 547, 1235, 3
508, 965, 1186, 3
333, 160, 1126, 3
682, 1255, 846, 3
674, 1190, 779, 3
389, 1223, 1133, 3
578, 117, 1149, 3
718, 1340, 1467, 3
719, 903, 699, 3
1285, 1334, 124, 3
439, 889, 164, 3
990, 910, 558, 3
780, 960, 1007, 3
415, 1388, 462, 3
961, 545, 2, 3
754, 999, 1438, 3
1050, 1076, 1234, 3
272, 985, 405, 3
1388, 778, 325, 3
506, 1112, 90, 3
95, 919, 157, 3
796, 1135, 409, 3
1367, 151, 222, 3
1457, 992, 484, 3
1357, 115, 396, 3
1189, 125, 245, 3
760, 1326, 468, 3
478, 303, 331, 3
1351, 1305, 664, 3
1333, 417, 1051, 3
337, 1089, 614, 3
693, 244, 186, 3
612, 307, 1024, 3
308, 1385, 1002, 3
438, 771, 214, 3
782, 936, 71, 3
1093, 449, 732, 3
1102, 1189, 811, 3
1419, 1078, 1400, 3
1441, 1108, 453, 3
179, 430, 217, 3
235, 775, 1112, 3
206, 1215, 1321, 3
901, 1408, 758, 3
1088, 1283, 839, 3
85, 389, 767, 3
826, 163, 419, 3
1070, 299, 1444, 3
1039, 532, 1052, 3
345, 119, 1055, 3
1282, 765, 1277, 3
660, 19, 1004, 3
1053, 1213, 1424, 3
291, 31, 681, 3
858, 988, 1121, 3
1075, 407, 1352, 3
413, 486, 294, 3
312, 1457, 923, 3
553, 718, 1130, 3
1338, 30, 1167, 3
27, 131, 808, 3
444, 707, 1118, 3
1197, 87, 1324, 3
1110, 1151, 1412, 3
460, 302, 204, 3
78, 1415, 805, 3
892, 144, 602, 3
1298, 878, 469, 3
1255, 1405, 583, 3
1265, 1116, 649, 3
44, 1221, 1143, 3
727, 545, 750, 3
1062, 845, 969, 3
1160, 1064, 319, 3
261, 183, 1178, 3
643, 421, 1261, 3
1385, 493, 395, 3
1310, 138, 468, 3
1301, 1414, 452, 3
248, 948, 552, 3
1130, 280, 387, 3
340, 1367, 731, 3
765, 815, 152, 3
1285, 1398, 260, 3
796, 930, 1342, 3
1092, 684, 725, 3
659, 673, 1214, 3
683, 748, 102, 3
488, 609, 263, 3
27, 307, 1288, 3
304, 519, 742, 3
1060, 242, 523, 3
853, 998, 804, 3
818, 1148, 438, 3
158, 866, 1085, 3
778, 1479, 201, 3
416, 722, 976, 3
113, 429, 790, 3
1344, 818, 1386, 3
491, 118, 546, 3
1340, 1044, 94, 3
1439, 590, 822, 3
1367, 67, 761, 3
1316, 1284, 1095, 3
72, 180, 232, 3
74, 0, 1049, 3
775, 413, 737, 3
1253, 1233, 90, 3
728, 1179, 528, 3
188, 1334, 1419, 3
1478, 460, 375, 3
1456, 44, 146, 3
668, 1181, 75, 3
456, 355, 104, 3
1245, 100, 498, 3
999, 684, 1288, 3
828, 11, 1116, 3
824, 273, 195, 3
441, 459, 260, 3
63, 1298, 1036, 3
325, 859, 158, 3

