1423, 1175, 1024, 3
1263, 794, 553, 3
536, 1303, 1332, 3
1230, 1359, 889, 3
359, 525, 596, 3
706, 1089, 601, 3
786, 930, 733, 3
1296, 1143, 530, 3
452, 1105, 1307, 3
1317, 1286, 838, 3
484, 1049, 1231, 3
10, 707, 119, 3
699, 611, 439, 3
559, 1348, 255, 3
335, 142, 1267, 3
470, 1314, 589, 3
1302, 1057, 1312, 3
706, 672, 305, 3
1094, 889, 1273, 3
1032, 244, 1266, 3
73, 323, 166, 3
689, 1352, 1260, 3
184, 353, 565, 3
1351, 177, 1286, 3
236, 398, 794, 3
743, 889, 1144, 3
1053, 1420, 810, 3
408, 1330, 46, 3
141, 666, 1088, 3
1200, 206, 151, 3
522, 1151, 585, 3
838, 1463, 1162, 3
18, 783, 43, 3
247, 100, 1390, 3
313, 847, 898, 3
624, 226, 1241, 3
1292, 737, 1419, 3
1370, 316, 511, 3
670, 182, 1394, 3
204, 744, 601, 3
893, 504, 253, 3
645, 286, 78, 3
47, 39, 1053, 3
1335, 102, 286, 3
1169, 70, 710, 3
111, 1134, 943, 3
549, 340, 1427, 3
115, 1135, 71, 3
947, 152, 500, 3
676, 563, 1325, 3
1378, 181, 1391, 3
1279, 557, 506, 3
748, 1463, 1404, 3
759, 667, 676, 3
718, 772, 661, 3
1252, 911, 315, 3
117, 1110, 509, 3
1283, 368, 522, 3
932, 756, 1465, 3
954, 1227, 238, 3
100, 1033, 1143, 3
743, 1165, 633, 3
1067, 1233, 1465, 3
1346, 284, 536, 3
1268, 1319, 915, 3
397, 913, 479, 3
1456, 367, 21, 3
1479, 1437, 1373, 3
131, 710, 1298, 3
1266, 979, 1168, 3
607, 167, 442, 3
481, 987, 210, 3
498, 232, 393, 3
1288, 861, 1369, 3
37, 1031, 6, 3
1168, 1352, 951, 3
885, 851, 1265, 3
666, 1414, 408, 3
906, 306, 295, 3
1220, 141, 1140, 3
1110, 289, 1407, 3
617, 1324, 464, 3
419, 727, 448, 3
1014, 256, 592, 3
180, 446, 1112, 3
157, 948, 4, 3
1062, 319, 346, 3
958, 840, 1190, 3
1470, 658, 824, 3
1082, 1166, 930, 3
599, 1476, 1006, 3
1243, 571, 394, 3
1287, 591, 1254, 3
994, 1069, 583, 3
517, 629, 209, 3
825, 1328, 424, 3
681, 1276, 248, 3
169, 950, 193, 3
33, 790, 101, 3
1146, 223, 105, 3
607, 119, 1
838, 707, 1
624, 204, 1
710, 4, 1
553, 33, 1
1359, 256, 1
885, 1359, 1
206, 210, 1
624, 559, 1
1144, 1465, 1
204, 247, 1
1168, 591, 1
464, 131, 1
1346, 1303, 1
504, 1254, 1
21, 1014, 1
1190, 367, 1
1414, 353, 1
152, 398, 1
289, 284, 1
1014, 1231, 1
1298, 707, 1
256, 885, 1
21, 1231, 1
204, 559, 1
1298, 838, 1
624, 247, 1
707, 838, 1
559, 247, 1
247, 559, 1
256, 1359, 1
247, 204, 1
930, 1319, -1
286, 670, -1
1391, 1049, -1
1330, 43, -1
73, 1369, -1
954, 286, -1
1427, 33, -1
193, 18, -1
232, 1233, -1
607, 43, -1
790, 591, -1
117, 1296, -1
448, 1348, -1
947, 479, -1
932, 1404, -1
1328, 193, -1
289, 484, -1
1112, 119, -1
1112, 559, -1
256, 1292, -1
666, 470, -1
596, 592, -1
21, 1200, -1
209, 1348, -1
744, 286, -1
1190, 710, -1
948, 21, -1
169, 1031, -1
315, 210, -1
439, 915, -1
210, 166, -1
46, 105, -1
601, 840, -1
1330, 979, -1
1287, 209, -1
559, 1049, -1
517, 549, -1
948, 1265, -1
151, 1288, -1
583, 21, -1
1144, 315, -1
563, 943, -1
932, 1165, -1
1190, 289, -1
987, 596, -1
319, 1200, -1
1427, 115, -1
987, 498, -1
851, 790, -1
1168, 232, -1
1268, 1088, -1
504, 73, -1
1359, 893, -1
707, 204, -1
101, 1325, -1
394, 1419, -1
18, 596, -1
1298, 47, -1
182, 511, -1
661, 948, -1
1470, 1067, -1
718, 316, -1
743, 1324, -1
47, 645, -1
583, 286, -1
1227, 1252, -1
368, 748, -1
335, 1033, -1
1168, 592, -1
70, 248, -1
1069, 727, -1
244, 316, -1
424, 1414, -1
571, 557, -1
479, 1241, -1
1470, 1112, -1
772, 1317, -1
346, 1302, -1
707, 47, -1
885, 893, -1
315, 206, -1
1168, 790, -1
1427, 553, -1
289, 367, -1
592, 591, -1
1298, 204, -1
43, 119, -1
1200, 1014, -1
1292, 1359, -1
624, 1049, -1
624, 707, -1
424, 353, -1
204, 838, -1
707, 247, -1
1112, 607, -1
73, 1254, -1
232, 591, -1
256, 893, -1
206, 166, -1
948, 1014, -1
484, 284, -1
284, 1190, -1
1465, 315, -1
1112, 624, -1
1014, 583, -1
710, 367, -1
4, 1190, -1
1200, 1231, -1
1298, 247, -1
210, 315, -1
838, 247, -1
33, 1427, -1
1049, 247, -1
707, 559, -1
710, 1190, -1
21, 583, -1
1049, 204, -1
43, 607, -1
289, 1190, -1
1231, 583, -1
1112, 247, -1
624, 838, -1
284, 367, -1
232, 1168, -1
1112, 204, -1
1292, 885, -1
948, 1231, -1
893, 1359, -1
838, 47, -1
1200, 21, -1
624, 1298, -1
4, 367, -1
838, 559, -1
1298, 559, -1
1049, 559, -1
592, 1168, -1
247, 838, -1
247, 707, -1
559, 838, -1
1190, 4, -1

