1271, 699, 1
182, 767, 1
1005, 486, 1
1229, 1103, 1
467, 762, 1
1157, 510, 1
1159, 908, 1
414, 105, 1
1247, 888, 1
1480, 1362, 1
1249, 1002, 1
446, 792, 1
364, 963, 1
177, 114, 1
532, 372, 1
649, 452, 1
351, 976, 1
969, 1310, 1
189, 969, 1
268, 1409, 1
1377, 442, 1
1261, 966, 1
1164, 422, 1
1309, 674, 1
486, 90, 1
89, 1213, 1
1424, 272, 1
147, 54, 1
567, 1210, 1
731, 38, 1
982, 961, 1
371, 1446, 1
724, 172, 1
545, 874, 1
1284, 1048, 1
801, 1398, 1
1118, 987, 1
886, 163, 1
235, 966, 1
57, 1309, 1
1071, 719, 1
875, 657, 1
628, 198, 1
1111, 473, 1
447, 316, 1
654, 108, 1
1418, 1157, 1
1367, 1074, 1
895, 154, 1
1279, 1059, 1
768, 9, 1
425, 887, 1
368, 102, 1
722, 974, 1
160, 795, 1
1362, 1206, 1
944, 1003, 1
1463, 3, 1
952, 263, 1
223, 1474, 1
428, 613, 1
673, 811, 1
534, 237, 1
576, 1376, 1
392, 267, 1
1122, 259, 1
271, 571, 1
1218, 848, 1
156, 223, 1
805, 466, 1
1129, 1160, 1
1092, 1178, 1
643, 701, 1
439, 596, 1
708, 363, 1
1055, 104, 1
182, 1217, 1
222, 258, 1
52, 302, 1
1233, 1136, 1
927, 1451, 1
1269, 863, 1
932, 1021, 1
159, 59, 1
56, 823, 1
872, 1151, 1
1131, 825, 1
963, 1013, 1
977, 245, 1
858, 1300, 1
1035, 864, 1
1229, 1306, 1
261, 181, 1
317, 33, 1
209, 859, 1
473, 481, 1
982, 1137, 1
1152, 1240, 1
215, 591, 1
425, 1082, 1
1247, 157, 1
939, 1153, 1
245, 351, 1
408, 360, 1
959, 393, 1
92, 934, 1
1172, 244, 1
821, 1295, 1
418, 163, 1
1174, 666, 1
272, 1392, 1
965, 721, 1
1457, 660, 1
451, 646, 1
310, 53, 1
916, 1018, 1
14, 899, 1
1063, 1269, 1
523, 464, 1
432, 1087, 1
896, 1327, 1
645, 1163, 1
1009, 1073, 1
830, 1212, 1
1005, 309, 1
93, 1276, 1
1100, 1412, 1
701, 955, 1
1170, 9, 1
330, 1184, 1
474, 288, 1
571, 1126, 1
530, 655, 1
677, 157, 1
530, 80, 1
1160, 499, 1
680, 389, 1
1294, 1263, 1
394, 944, 1
673, 395, 1
176, 1241, 1
230, 831, 1
1301, 1167, 1
213, 1172, 1
835, 953, 1
112, 885, 1
972, 12, 1
657, 923, 1
1043, 416, 1
1160, 677, 1
1348, 22, 1
224, 328, 1
754, 72, 1
1146, 411, 1
245, 464, 1
842, 519, 1
639, 499, 1
827, 225, 1
999, 1105, 1
765, 1024, 1
736, 1317, 1
158, 883, 1
1452, 1197, 1
1311, 107, 1
1322, 803, 1
1126, 1425, 1
723, 706, 1
1375, 1400, 1
273, 369, 1
1259, 1233, 1
137, 1454, 1
528, 31, 1
1120, 560, 1
172, 1020, 1
217, 390, 1
1169, 1368, 1
921, 575, 1
1449, 428, 1
832, 1222, 1
993, 348, 1
1176, 1110, 1
12, 362, 1
157, 944, 1
1118, 724, 1
1136, 156, 1
145, 832, 1
94, 1105, 1
94, 353, 1
1317, 297, 1
224, 1230, 1
435, 925, 1
1177, 1053, 1
539, 555, 1
862, 1041, 1
1395, 561, 1
137, 827, 1
681, 1455, 1
489, 1454, 1
1016, 1346, 1
735, 1137, 1
24, 453, 1
1271, 1384, 1
1286, 1308, 1
402, 550, 1
877, 427, 1
536, 925, 1
655, 195, 1
783, 941, 1
774, 1281, 1
406, 1133, 1
1259, 1031, 1
1359, 478, 1
237, 974, 1
519, 956, 1
1380, 1413, 1
355, 1020, 1
4, 1075, 1
181, 1053, 1
962, 282, 1
278, 1311, 1
837, 1079, 1
466, 901, 1
1175, 763, 1
1378, 89, 1
572, 107, 1
677, 714, 1
552, 535, 1
1100, 1139, 1
659, 1310, 1
867, 472, 1
266, 317, 1
768, 1204, 1
1444, 13, 1
804, 945, 1
907, 1289, 1
1404, 206, 1
853, 1013, 1
765, 26, 1
1296, 865, 1
810, 901, 1
309, 486, 1
1137, 961, 1
530, 195, 1
722, 237, 1
1425, 571, 1
1126, 271, 1
724, 1020, 1
1449, 613, 1
94, 999, 1
362, 972, 1
1160, 714, 1
137, 225, 1
714, 157, 1
1105, 353, 1
987, 724, 1
1480, 1206, 1
974, 534, 1
1378, 1213, 1
1129, 499, 1
768, 1170, 1
1233, 156, 1
418, 886, 1
328, 1230, 1
1392, 1424, 1
1233, 1031, 1
33, 266, 1
811, 395, 1
489, 137, 1
805, 901, 1
1177, 181, 1
982, 735, 1
1129, 677, 1
394, 1003, 1
244, 213, 1
1136, 1259, 1
172, 1118, 1
394, 157, 1
499, 677, 1
172, 355, 1
944, 1247, 1
1418, 510, 1
1217, 767, 1
90, 1005, 1
189, 1310, 1
536, 435, 1
969, 659, 1
875, 923, 1
1136, 223, 1
963, 853, 1
842, 956, 1
1306, 1103, 1
523, 245, 1
1412, 1139, 1
464, 351, 1
107, 278, 1
976, 245, 1
955, 643, 1
944, 677, 1
9, 1204, 1
572, 1311, 1
863, 1063, 1
1160, 639, 1
364, 1013, 1
1160, 157, 1
145, 1222, 1
1003, 157, 1
827, 1454, 1
677, 1247, 1
1082, 887, 1
235, 1261, 1
466, 810, 1
80, 655, 1
1384, 699, 1
977, 351, 1
464, 977, 1
1024, 26, 1
888, 157, 1
1053, 261, 1
1474, 156, 1
57, 674, 1
481, 1111, 1
736, 297, 1
1160, 1247, 1
237, 534, 1
888, 1160, 1
355, 1118, 1
172, 987, 1
1053, 181, 1
1003, 1247, 1
1137, 735, 1
466, 805, 1
976, 464, 1
172, 724, 1
1129, 639, 1
657, 875, 1
1129, 157, 1
499, 1247, 1
362, 12, 1
80, 195, 1
1233, 223, 1
674, 1309, 1
272, 1424, 1
571, 271, 1
90, 309, 1
714, 1003, 1
969, 189, 1
888, 1247, 1
107, 572, 1
499, 639, 1
1160, 394, 1
473, 1111, 1
464, 245, 1
394, 677, 1
1136, 1031, 1
1020, 1118, 1
976, 523, 1
156, 1031, 1
523, 351, 1
1129, 1247, 1
1392, 272, 1
481, 473, 1
888, 394, 1
355, 724, 1
328, 224, 1
976, 351, 1
1425, 1126, 1
888, 714, 1
961, 982, 1
659, 189, 1
888, 677, 1
724, 1118, 1
163, 886, 1
195, 655, 1
1170, 1204, 1
1425, 271, 1
1177, 261, 1
489, 827, 1
944, 157, 1
1136, 1474, 1
714, 1247, 1
157, 1247, 1
1160, 1129, 1
1259, 223, 1
1139, 1100, 1
944, 1160, 1
1129, 714, 1
1105, 94, 1
888, 944, 1
714, 639, 1
944, 888, 1
157, 639, 1
963, 364, 1
1003, 677, 1
976, 977, 1
955, 701, 1
464, 976, 1
1217, 182, 1
26, 765, 1
1105, 999, 1
714, 394, 1
9, 1170, 1
961, 735, 1
1160, 944, 1
1233, 1474, 1
956, 519, 1
944, 499, 1
699, 1271, 1
1306, 1229, 1
464, 523, 1
1024, 765, 1
1259, 156, 1
80, 530, 1
572, 278, 1
714, 499, 1
489, 225, 1
1269, 1063, 1
944, 394, 1
1233, 1259, 1
810, 805, 1
394, 1247, 1
987, 172, 1
225, 1454, 1
1474, 223, 1
944, 714, 1
987, 1020, 1
1160, 1003, 1
832, 145, 1
297, 1317, 1
1137, 982, 1
1384, 1271, 1
107, 1311, 1
977, 523, 1
714, 677, 1
1172, 213, 1
157, 677, 1
888, 1003, 1
90, 486, 1
499, 157, 1
1136, 1233, 1
89, 1378, 1
1412, 1100, 1
722, 534, 1
364, 853, 1
677, 639, 1
987, 1118, 1
1013, 963, 1
353, 999, 1
33, 317, 1
1013, 853, 1
944, 1129, 1
261, 1053, 1
355, 987, 1
1129, 1003, 1
394, 499, 1
1474, 1031, 1
714, 1160, 1
677, 394, 1
355, 172, 1
523, 976, 1
1031, 223, 1
1247, 677, 1
394, 639, 1
351, 464, 1
888, 1129, 1
1013, 364, 1
157, 394, 1
225, 489, 1
714, 888, 1
499, 1003, 1
724, 987, 1
1474, 1259, 1
1003, 499, 1
639, 394, 1
1129, 944, 1
974, 237, 1
394, 1160, 1
223, 1031, 1
1139, 1412, 1
245, 976, 1
1003, 639, 1
225, 827, 1
1003, 944, 1
944, 639, 1
353, 94, 1
961, 1137, 1
394, 888, 1
639, 677, 1
499, 944, 1
1129, 394, 1
1247, 639, 1
1160, 888, 1
225, 137, 1
1003, 1160, 1
244, 1172, 1
1129, 888, 1
888, 499, 1
1003, 394, 1
639, 1247, 1
1003, 888, 1
677, 944, 1
888, 639, 1
499, 1160, 1
714, 944, 1
977, 976, 1
499, 888, 1
1247, 394, 1
977, 464, 1
137, 489, 1
827, 489, 1
639, 1003, 1
853, 364, 1
1247, 499, 1
1020, 987, 1
639, 157, 1
157, 499, 1
1247, 1003, 1
157, 1003, 1
677, 499, 1
223, 156, 1
677, 1003, 1
724, 355, 1
223, 1259, 1
977, 1112, -1
1045, 1400, -1
1192, 1379, -1
1430, 585, -1
1414, 390, -1
139, 594, -1
874, 676, -1
1008, 1418, -1
853, 165, -1
125, 991, -1
1422, 1208, -1
1411, 936, -1
858, 84, -1
1369, 444, -1
715, 687, -1
1348, 77, -1
812, 897, -1
1351, 581, -1
685, 761, -1
73, 1402, -1
550, 506, -1
787, 165, -1
98, 1366, -1
289, 653, -1
496, 833, -1
1101, 689, -1
1418, 44, -1
1140, 261, -1
467, 263, -1
526, 113, -1
523, 1330, -1
800, 286, -1
1005, 460, -1
107, 533, -1
765, 72, -1
463, 1163, -1
44, 661, -1
1337, 541, -1
106, 1220, -1
619, 396, -1
861, 984, -1
869, 1090, -1
232, 773, -1
1397, 1003, -1
176, 430, -1
1210, 321, -1
898, 612, -1
560, 138, -1
1132, 1452, -1
424, 202, -1
832, 1419, -1
283, 791, -1
40, 48, -1
222, 636, -1
497, 1072, -1
1091, 441, -1
264, 622, -1
1258, 402, -1
1303, 818, -1
506, 698, -1
376, 775, -1
489, 281, -1
615, 1339, -1
512, 396, -1
279, 220, -1
752, 336, -1
505, 592, -1
196, 939, -1
805, 978, -1
273, 1365, -1
1343, 416, -1
440, 134, -1
1055, 1225, -1
458, 1366, -1
1087, 1401, -1
361, 348, -1
814, 682, -1
243, 1439, -1
461, 518, -1
530, 157, -1
218, 916, -1
1368, 527, -1
468, 346, -1
641, 86, -1
77, 634, -1
718, 398, -1
548, 915, -1
66, 1106, -1
1405, 268, -1
1051, 262, -1
811, 338, -1
127, 50, -1
39, 1386, -1
431, 1242, -1
397, 618, -1
796, 704, -1
611, 1334, -1
1175, 3, -1
105, 772, -1
441, 855, -1
760, 875, -1
888, 1007, -1
191, 1163, -1
734, 1268, -1
1078, 1474, -1
1240, 1283, -1
364, 302, -1
678, 1183, -1
1005, 749, -1
1396, 113, -1
465, 1019, -1
1220, 1328, -1
802, 358, -1
234, 41, -1
124, 755, -1
1229, 551, -1
490, 1476, -1
263, 930, -1
393, 1258, -1
224, 1383, -1
1375, 1150, -1
775, 41, -1
716, 1047, -1
469, 611, -1
170, 207, -1
916, 592, -1
1025, 412, -1
144, 867, -1
1251, 866, -1
305, 1352, -1
1376, 91, -1
51, 219, -1
14, 980, -1
651, 813, -1
709, 450, -1
1073, 1203, -1
1301, 619, -1
845, 816, -1
0, 1094, -1
726, 596, -1
642, 55, -1
818, 200, -1
1255, 1320, -1
508, 626, -1
1367, 1427, -1
761, 766, -1
315, 938, -1
1315, 873, -1
1075, 364, -1
232, 1029, -1
1162, 664, -1
612, 554, -1
756, 877, -1
755, 816, -1
814, 140, -1
487, 179, -1
1121, 1417, -1
1419, 907, -1
147, 394, -1
958, 788, -1
363, 1343, -1
967, 1130, -1
17, 1190, -1
477, 885, -1
962, 745, -1
46, 417, -1
441, 267, -1
1158, 589, -1
131, 484, -1
1131, 946, -1
560, 1334, -1
305, 1248, -1
1309, 1449, -1
1402, 696, -1
1418, 1199, -1
459, 476, -1
657, 858, -1
574, 700, -1
673, 1445, -1
541, 1100, -1
655, 1326, -1
822, 1206, -1
226, 1473, -1
339, 1256, -1
664, 898, -1
210, 236, -1
234, 70, -1
1392, 421, -1
451, 765, -1
544, 228, -1
313, 305, -1
1464, 670, -1
1442, 123, -1
866, 768, -1
1429, 627, -1
784, 1028, -1
1225, 192, -1
8, 1341, -1
1059, 446, -1
920, 224, -1
279, 77, -1
892, 830, -1
693, 1054, -1
792, 995, -1
1437, 285, -1
250, 1066, -1
278, 1068, -1
19, 722, -1
582, 769, -1
756, 1082, -1
369, 176, -1
1122, 221, -1
277, 1469, -1
1106, 1295, -1
67, 378, -1
663, 411, -1
657, 868, -1
315, 1036, -1
477, 141, -1
841, 1006, -1
38, 286, -1
1050, 307, -1
874, 659, -1
605, 522, -1
1357, 830, -1
274, 1281, -1
1101, 974, -1
118, 1212, -1
46, 562, -1
1440, 471, -1
85, 37, -1
124, 1231, -1
522, 202, -1
1060, 907, -1
745, 1247, -1
1287, 87, -1
816, 748, -1
1355, 1107, -1
492, 579, -1
628, 1079, -1
675, 908, -1
23, 926, -1
1432, 704, -1
350, 33, -1
1413, 959, -1
110, 1221, -1
47, 899, -1
835, 1410, -1
618, 726, -1
370, 210, -1
1426, 1030, -1
125, 1446, -1
920, 796, -1
1321, 1236, -1
1218, 232, -1
1455, 985, -1
513, 814, -1
1156, 674, -1
1185, 287, -1
1204, 1276, -1
692, 246, -1
53, 587, -1
1348, 1356, -1
602, 1268, -1
144, 1108, -1
45, 752, -1
612, 540, -1
818, 22, -1
257, 731, -1
641, 1017, -1
995, 1401, -1
324, 954, -1
160, 286, -1
1029, 132, -1
748, 670, -1
986, 361, -1
1141, 628, -1
1356, 1422, -1
1312, 197, -1
850, 1156, -1
15, 294, -1
1421, 397, -1
452, 233, -1
1119, 1118, -1
1171, 782, -1
653, 1000, -1
305, 1362, -1
600, 431, -1
1168, 417, -1
1474, 1186, -1
678, 1138, -1
1416, 278, -1
756, 900, -1
677, 588, -1
1469, 1452, -1
747, 745, -1
396, 40, -1
1200, 966, -1
821, 512, -1
1131, 1047, -1
628, 172, -1
120, 1000, -1
1265, 1481, -1
1053, 946, -1
1364, 30, -1
882, 1420, -1
1433, 1175, -1
1186, 1144, -1
1185, 1295, -1
7, 240, -1
767, 280, -1
670, 1223, -1
367, 618, -1
601, 216, -1
16, 1144, -1
1030, 228, -1
1221, 160, -1
1201, 987, -1
655, 256, -1
983, 956, -1
1064, 744, -1
699, 1430, -1
79, 288, -1
21, 570, -1
179, 1405, -1
1121, 920, -1
749, 130, -1
1245, 746, -1
359, 287, -1
1375, 1054, -1
589, 1024, -1
1473, 1431, -1
1408, 1147, -1
1109, 814, -1
169, 570, -1
1214, 1049, -1
411, 1460, -1
14, 1452, -1
594, 214, -1
167, 588, -1
141, 1335, -1
357, 468, -1
717, 180, -1
76, 470, -1
468, 1309, -1
699, 1131, -1
472, 947, -1
482, 1318, -1
1006, 292, -1
198, 738, -1
636, 992, -1
335, 729, -1
682, 1065, -1
162, 1249, -1
724, 1096, -1
839, 101, -1
147, 1195, -1
53, 730, -1
1047, 1403, -1
801, 461, -1
1422, 1328, -1
777, 144, -1
1134, 144, -1
805, 135, -1
1054, 1125, -1
1178, 976, -1
325, 1038, -1
1266, 435, -1
1343, 1477, -1
422, 370, -1
1039, 384, -1
698, 1324, -1
378, 1084, -1
745, 1324, -1
1135, 228, -1
1366, 65, -1
153, 1078, -1
349, 911, -1
1208, 182, -1
268, 749, -1
531, 1022, -1
635, 523, -1
635, 821, -1
1185, 189, -1
158, 979, -1
782, 595, -1
1406, 501, -1
1262, 301, -1
198, 46, -1
428, 1455, -1
359, 624, -1
1442, 94, -1
280, 312, -1
475, 123, -1
370, 266, -1
1305, 530, -1
1374, 658, -1
513, 1052, -1
1033, 1240, -1
623, 1278, -1
1443, 1482, -1
609, 1076, -1
1422, 276, -1
734, 1156, -1
1471, 323, -1
340, 787, -1
935, 691, -1
527, 563, -1
1200, 780, -1
199, 815, -1
413, 1101, -1
252, 491, -1
366, 575, -1
302, 1212, -1
892, 169, -1
29, 1129, -1
918, 985, -1
1375, 641, -1
1048, 483, -1
462, 1415, -1
270, 29, -1
1470, 1430, -1
1180, 470, -1
1461, 571, -1
651, 660, -1
231, 188, -1
992, 1447, -1
181, 79, -1
345, 578, -1
510, 818, -1
718, 357, -1
719, 459, -1
265, 667, -1
342, 1437, -1
733, 1229, -1
642, 1282, -1
883, 712, -1
545, 1179, -1
765, 593, -1
1368, 1222, -1
1342, 1256, -1
89, 892, -1
32, 1145, -1
1100, 1183, -1
21, 657, -1
968, 701, -1
377, 490, -1
469, 1073, -1
337, 438, -1
1041, 355, -1
172, 596, -1
702, 41, -1
1150, 508, -1
748, 673, -1
1044, 371, -1
397, 787, -1
397, 402, -1
939, 433, -1
200, 1307, -1
1040, 1100, -1
1222, 1011, -1
788, 177, -1
1320, 1204, -1
1314, 169, -1
831, 526, -1
1236, 563, -1
816, 4, -1
800, 1354, -1
623, 1205, -1
955, 15, -1
1135, 102, -1
1401, 1333, -1
436, 415, -1
362, 859, -1
1419, 375, -1
291, 225, -1
663, 618, -1
799, 131, -1
1005, 14, -1
572, 38, -1
68, 1139, -1
1393, 852, -1
161, 1123, -1
582, 186, -1
992, 651, -1
1469, 243, -1
1108, 1279, -1
1266, 301, -1
1114, 848, -1
538, 583, -1
1220, 488, -1
887, 1318, -1
890, 1336, -1
1248, 930, -1
460, 1199, -1
1106, 1293, -1
710, 291, -1
1265, 973, -1
673, 1281, -1
346, 529, -1
694, 1073, -1
763, 265, -1
123, 1192, -1
38, 960, -1
856, 84, -1
1224, 138, -1
131, 76, -1
312, 779, -1
742, 1020, -1
608, 507, -1
261, 1465, -1
143, 611, -1
1440, 1005, -1
646, 845, -1
1035, 938, -1
1051, 1399, -1
322, 57, -1
320, 1471, -1
1444, 150, -1
124, 50, -1
87, 633, -1
126, 1277, -1
1220, 366, -1
936, 1103, -1
1372, 251, -1
215, 253, -1
77, 1058, -1
205, 1145, -1
512, 1342, -1
868, 1387, -1
213, 1369, -1
587, 644, -1
1404, 954, -1
765, 632, -1
936, 1101, -1
1317, 1397, -1
91, 366, -1
1155, 935, -1
773, 989, -1
1265, 1060, -1
938, 432, -1
776, 129, -1
666, 639, -1
1135, 1228, -1
691, 106, -1
615, 560, -1
1117, 603, -1
644, 306, -1
719, 418, -1
418, 381, -1
364, 726, -1
226, 484, -1
1414, 711, -1
967, 118, -1
1479, 347, -1
1217, 1469, -1
96, 1066, -1
740, 1138, -1
1159, 1307, -1
868, 1277, -1
179, 590, -1
425, 48, -1
1387, 1295, -1
1153, 1124, -1
644, 1073, -1
340, 826, -1
973, 1107, -1
309, 718, -1
636, 99, -1
1237, 1240, -1
1219, 1375, -1
530, 1284, -1
1055, 1087, -1
962, 793, -1
556, 1011, -1
1001, 702, -1
1179, 273, -1
756, 24, -1
1058, 714, -1
1088, 835, -1
1203, 87, -1
374, 1290, -1
1370, 1148, -1
462, 425, -1
363, 1246, -1
1117, 11, -1
261, 259, -1
418, 1077, -1
1378, 1078, -1
1052, 1351, -1
1226, 1482, -1
1437, 290, -1
7, 1243, -1
1063, 1153, -1
195, 93, -1
428, 982, -1
162, 1154, -1
528, 808, -1
911, 1439, -1
76, 172, -1
1049, 898, -1
935, 584, -1
585, 180, -1
796, 1015, -1
395, 51, -1
1320, 308, -1
70, 470, -1
1048, 918, -1
1010, 1191, -1
140, 1391, -1
1299, 948, -1
523, 901, -1
586, 118, -1
287, 1367, -1
911, 491, -1
567, 583, -1
280, 912, -1
317, 26, -1
934, 596, -1
85, 526, -1
702, 622, -1
933, 1319, -1
174, 1130, -1
939, 616, -1
1309, 103, -1
660, 898, -1
1202, 725, -1
614, 398, -1
546, 1426, -1
336, 617, -1
1051, 68, -1
515, 1101, -1
657, 647, -1
243, 836, -1
1481, 622, -1
917, 1456, -1
1396, 753, -1
54, 516, -1
1078, 675, -1
664, 1109, -1
1146, 768, -1
1381, 264, -1
423, 934, -1
632, 492, -1
616, 114, -1
1253, 502, -1
1252, 722, -1
1261, 611, -1
1330, 1468, -1
1170, 420, -1
190, 671, -1
250, 1265, -1
131, 750, -1
1074, 629, -1
64, 789, -1
466, 246, -1
1428, 264, -1
724, 597, -1
491, 331, -1
724, 1101, -1
226, 1373, -1
150, 1074, -1
398, 117, -1
75, 1355, -1
385, 1391, -1
864, 528, -1
1326, 423, -1
1466, 1181, -1
120, 833, -1
213, 459, -1
890, 821, -1
895, 815, -1
1396, 1152, -1
161, 1365, -1
651, 572, -1
665, 1483, -1
1139, 563, -1
682, 598, -1
1414, 1289, -1
305, 306, -1
922, 594, -1
479, 1089, -1
1134, 995, -1
1198, 1000, -1
332, 50, -1
1143, 791, -1
1007, 798, -1
482, 975, -1
789, 1375, -1
200, 875, -1
34, 519, -1
594, 1413, -1
363, 869, -1
1029, 166, -1
792, 743, -1
75, 1378, -1
1167, 840, -1
1197, 1202, -1
973, 219, -1
1304, 1023, -1
622, 1262, -1
357, 32, -1
270, 628, -1
201, 513, -1
1001, 232, -1
376, 48, -1
848, 806, -1
227, 1334, -1
903, 1280, -1
1037, 1431, -1
639, 308, -1
597, 68, -1
1308, 502, -1
694, 101, -1
957, 749, -1
1346, 559, -1
773, 1008, -1
716, 1317, -1
654, 1271, -1
359, 167, -1
51, 30, -1
647, 256, -1
323, 848, -1
80, 1267, -1
198, 872, -1
502, 1008, -1
409, 935, -1
990, 1289, -1
438, 670, -1
210, 1334, -1
304, 808, -1
1119, 699, -1
934, 1406, -1
734, 36, -1
1252, 1389, -1
631, 671, -1
1243, 462, -1
248, 957, -1
1357, 148, -1
506, 1307, -1
799, 1142, -1
345, 430, -1
697, 716, -1
665, 178, -1
463, 142, -1
230, 461, -1
199, 995, -1
1145, 137, -1
1201, 617, -1
102, 1114, -1
342, 1042, -1
710, 586, -1
1354, 1169, -1
894, 326, -1
836, 1004, -1
988, 81, -1
595, 328, -1
46, 231, -1
967, 303, -1
748, 308, -1
890, 1295, -1
1153, 1269, -1
1024, 593, -1
628, 1020, -1
317, 350, -1
765, 589, -1
9, 1146, -1
874, 1179, -1
588, 157, -1
1169, 1222, -1
1185, 821, -1
963, 726, -1
1430, 1271, -1
934, 439, -1
1096, 172, -1
1013, 165, -1
256, 195, -1
274, 774, -1
1284, 655, -1
418, 1071, -1
466, 135, -1
1186, 223, -1
616, 1153, -1
163, 381, -1
138, 1120, -1
89, 1078, -1
46, 628, -1
1160, 588, -1
321, 567, -1
104, 1225, -1
258, 636, -1
433, 1153, -1
530, 677, -1
1218, 1114, -1
209, 362, -1
459, 1071, -1
48, 1082, -1
1480, 305, -1
328, 1383, -1
1307, 908, -1
1218, 323, -1
1208, 767, -1
257, 38, -1
483, 1284, -1
594, 1380, -1
198, 1151, -1
1044, 1446, -1
816, 1075, -1
1074, 287, -1
528, 1035, -1
145, 1419, -1
1005, 718, -1
147, 516, -1
1449, 57, -1
619, 1167, -1
708, 1343, -1
1174, 639, -1
923, 868, -1
749, 486, -1
793, 282, -1
673, 338, -1
395, 748, -1
1200, 1261, -1
731, 572, -1
963, 302, -1
858, 923, -1
1145, 827, -1
795, 1221, -1
563, 1100, -1
150, 1367, -1
712, 158, -1
1053, 79, -1
875, 868, -1
1201, 1118, -1
936, 1229, -1
1465, 181, -1
1033, 1152, -1
795, 286, -1
1074, 1427, -1
1105, 1442, -1
1088, 953, -1
1400, 1219, -1
632, 26, -1
864, 31, -1
1112, 245, -1
9, 420, -1
1103, 551, -1
297, 716, -1
237, 1101, -1
765, 317, -1
635, 464, -1
1160, 29, -1
72, 1024, -1
3, 763, -1
371, 125, -1
805, 246, -1
613, 1455, -1
952, 930, -1
460, 486, -1
730, 310, -1
200, 657, -1
368, 1135, -1
107, 38, -1
259, 181, -1
1258, 959, -1
864, 938, -1
1016, 559, -1
722, 1101, -1
628, 837, -1
224, 595, -1
1212, 52, -1
749, 309, -1
545, 659, -1
1218, 806, -1
592, 1018, -1
506, 402, -1
572, 533, -1
1106, 821, -1
818, 1348, -1
944, 530, -1
772, 414, -1
57, 468, -1
953, 1410, -1
1140, 181, -1
1387, 821, -1
144, 472, -1
1369, 1172, -1
1400, 1150, -1
1075, 963, -1
93, 655, -1
825, 946, -1
425, 756, -1
1145, 1454, -1
230, 526, -1
163, 719, -1
1204, 93, -1
675, 1159, -1
432, 1401, -1
1120, 615, -1
875, 21, -1
364, 52, -1
1457, 651, -1
976, 1092, -1
644, 1009, -1
867, 947, -1
1059, 1108, -1
1457, 898, -1
1122, 261, -1
987, 1119, -1
1203, 1009, -1
1009, 469, -1
1185, 969, -1
309, 14, -1
1078, 223, -1
1208, 1217, -1
724, 628, -1
1306, 733, -1
464, 1330, -1
888, 745, -1
1101, 1118, -1
768, 411, -1
1266, 925, -1
68, 1100, -1
938, 1087, -1
77, 22, -1
724, 596, -1
611, 966, -1
1400, 641, -1
859, 12, -1
714, 588, -1
745, 157, -1
395, 1445, -1
107, 651, -1
163, 1077, -1
1082, 462, -1
818, 1157, -1
80, 157, -1
195, 1276, -1
961, 428, -1
892, 1213, -1
9, 866, -1
1177, 946, -1
645, 191, -1
370, 1164, -1
393, 1413, -1
108, 1271, -1
673, 774, -1
1131, 1271, -1
198, 270, -1
530, 1247, -1
1156, 1309, -1
1271, 1119, -1
80, 1284, -1
114, 788, -1
1449, 982, -1
825, 1047, -1
883, 979, -1
745, 282, -1
26, 266, -1
89, 75, -1
840, 1301, -1
1210, 583, -1
811, 748, -1
1139, 541, -1
461, 1398, -1
674, 468, -1
760, 657, -1
22, 1356, -1
272, 421, -1
1096, 1118, -1
172, 742, -1
1284, 918, -1
923, 647, -1
1146, 1204, -1
84, 1300, -1
112, 477, -1
1146, 1460, -1
1139, 1183, -1
1024, 451, -1
768, 1276, -1
1469, 182, -1
738, 628, -1
1433, 763, -1
464, 901, -1
353, 1442, -1
172, 198, -1
154, 815, -1
901, 246, -1
172, 1101, -1
1306, 551, -1
635, 1295, -1
1048, 530, -1
1241, 430, -1
280, 182, -1
1289, 1419, -1
461, 831, -1
1195, 54, -1
1469, 1197, -1
1169, 527, -1
364, 4, -1
657, 1300, -1
502, 1286, -1
459, 1172, -1
1058, 677, -1
397, 550, -1
33, 26, -1
1041, 1020, -1
899, 1452, -1
530, 1326, -1
808, 31, -1
395, 1281, -1
587, 310, -1
1200, 235, -1
309, 460, -1
425, 1318, -1
830, 302, -1
466, 523, -1
259, 221, -1
512, 1295, -1
1212, 892, -1
370, 317, -1
699, 654, -1
1153, 196, -1
1240, 1396, -1
1416, 1311, -1
954, 206, -1
76, 1020, -1
172, 597, -1
1412, 541, -1
1454, 281, -1
1461, 271, -1
265, 1175, -1
1440, 486, -1
428, 1309, -1
104, 1087, -1
369, 1241, -1
1141, 198, -1
613, 982, -1
1419, 1222, -1
1178, 351, -1
1412, 1183, -1
545, 676, -1
1449, 674, -1
432, 1055, -1
44, 1157, -1
827, 291, -1
172, 439, -1
1146, 663, -1
944, 147, -1
1406, 92, -1
1152, 1237, -1
297, 1397, -1
731, 286, -1
1247, 1007, -1
1409, 1405, -1
1409, 749, -1
57, 103, -1
858, 875, -1
1157, 1199, -1
499, 308, -1
597, 1118, -1
907, 1414, -1
1045, 1375, -1
968, 643, -1
832, 1011, -1
1378, 892, -1
736, 1397, -1
322, 1309, -1
1368, 1354, -1
195, 1326, -1
1362, 822, -1
1449, 1455, -1
1043, 1343, -1
939, 1124, -1
13, 150, -1
596, 92, -1
19, 974, -1
899, 1005, -1
1040, 1139, -1
305, 1206, -1
1400, 789, -1
14, 486, -1
26, 451, -1
1400, 1054, -1
1305, 655, -1
920, 328, -1
198, 1079, -1
673, 51, -1
1283, 1152, -1
1440, 309, -1
1212, 1357, -1
762, 263, -1
701, 15, -1
232, 848, -1
34, 842, -1
765, 646, -1
1380, 959, -1
368, 1114, -1
811, 1445, -1
1368, 832, -1
369, 1365, -1
1202, 1452, -1
792, 1059, -1
1137, 428, -1
616, 177, -1
533, 1311, -1
632, 1024, -1
985, 681, -1
681, 428, -1
462, 887, -1
733, 1103, -1
907, 990, -1
361, 993, -1
261, 79, -1
576, 91, -1
92, 423, -1
810, 523, -1
1040, 1412, -1
920, 1230, -1
474, 79, -1
466, 978, -1
1230, 1383, -1
1289, 1060, -1
256, 530, -1
866, 1204, -1
157, 655, -1
872, 628, -1
756, 453, -1
446, 1279, -1
1461, 1126, -1
726, 439, -1
968, 955, -1
392, 441, -1
875, 647, -1
253, 591, -1
48, 887, -1
952, 467, -1
176, 273, -1
355, 742, -1
995, 446, -1
72, 26, -1
1384, 654, -1
946, 181, -1
1008, 1157, -1
80, 1305, -1
736, 716, -1
369, 1179, -1
939, 1063, -1
699, 825, -1
1252, 974, -1
674, 103, -1
1258, 550, -1
593, 26, -1
217, 1414, -1
1068, 1311, -1
645, 463, -1
451, 845, -1
1463, 1175, -1
830, 118, -1
960, 731, -1
394, 54, -1
629, 1367, -1
1020, 596, -1
724, 1119, -1
944, 1397, -1
899, 980, -1
233, 649, -1
1132, 1197, -1
874, 1310, -1
708, 869, -1
811, 1281, -1
1197, 14, -1
1320, 768, -1
921, 366, -1
754, 765, -1
666, 499, -1
446, 743, -1
1120, 1334, -1
923, 21, -1
162, 1002, -1
519, 983, -1
708, 1246, -1
530, 1267, -1
427, 756, -1
1009, 694, -1
724, 76, -1
218, 1018, -1
14, 47, -1
34, 956, -1
355, 862, -1
674, 322, -1
1229, 733, -1
1384, 1430, -1
960, 38, -1
1054, 1375, -1
80, 1160, -1
793, 962, -1
563, 1412, -1
1003, 655, -1
963, 52, -1
961, 1449, -1
1185, 659, -1
628, 1141, -1
1150, 1375, -1
1118, 596, -1
394, 147, -1
145, 1011, -1
1101, 534, -1
1289, 990, -1
416, 1343, -1
714, 530, -1
309, 899, -1
355, 439, -1
977, 1178, -1
673, 748, -1
338, 395, -1
866, 1170, -1
1401, 1087, -1
281, 489, -1
1480, 822, -1
209, 12, -1
724, 439, -1
628, 1118, -1
1204, 420, -1
1185, 1310, -1
402, 397, -1
1330, 245, -1
1384, 1119, -1
954, 1404, -1
810, 246, -1
1177, 259, -1
1137, 613, -1
355, 596, -1
29, 157, -1
72, 765, -1
90, 14, -1
157, 1007, -1
901, 351, -1
459, 244, -1
1276, 655, -1
923, 1300, -1
681, 613, -1
147, 157, -1
19, 237, -1
593, 765, -1
1163, 463, -1
738, 198, -1
872, 198, -1
280, 1217, -1
714, 655, -1
588, 677, -1
157, 54, -1
699, 108, -1
1053, 1140, -1
628, 987, -1
1330, 523, -1
1369, 213, -1
1452, 1132, -1
1307, 1159, -1
266, 765, -1
1249, 162, -1
674, 428, -1
464, 466, -1
1449, 681, -1
370, 422, -1
200, 923, -1
655, 1247, -1
885, 477, -1
1024, 317, -1
107, 731, -1
592, 916, -1
830, 52, -1
48, 425, -1
1100, 541, -1
1058, 157, -1
29, 677, -1
1160, 308, -1
749, 90, -1
80, 93, -1
619, 1301, -1
859, 972, -1
651, 278, -1
291, 1454, -1
9, 411, -1
390, 1414, -1
825, 1271, -1
195, 677, -1
265, 763, -1
1213, 1078, -1
1330, 351, -1
432, 104, -1
1241, 273, -1
1041, 724, -1
90, 749, -1
886, 719, -1
1384, 825, -1
1449, 1309, -1
837, 198, -1
1465, 261, -1
1024, 33, -1
80, 1247, -1
291, 137, -1
233, 452, -1
256, 655, -1
466, 245, -1
1073, 694, -1
939, 196, -1
160, 1221, -1
1122, 1053, -1
104, 432, -1
1252, 534, -1
523, 635, -1
963, 4, -1
1011, 1222, -1
1112, 523, -1
899, 486, -1
1320, 9, -1
266, 350, -1
588, 639, -1
1024, 266, -1
1281, 673, -1
1073, 644, -1
1003, 54, -1
1465, 1177, -1
1252, 237, -1
1048, 80, -1
1416, 107, -1
1082, 756, -1
1160, 666, -1
530, 499, -1
1153, 1063, -1
464, 810, -1
506, 550, -1
51, 811, -1
730, 53, -1
1163, 191, -1
545, 1310, -1
394, 1397, -1
530, 1276, -1
628, 270, -1
731, 1311, -1
281, 827, -1
245, 901, -1
90, 460, -1
232, 1218, -1
147, 1003, -1
29, 639, -1
1003, 588, -1
1378, 75, -1
464, 805, -1
944, 655, -1
1225, 1055, -1
1397, 1247, -1
102, 1135, -1
1112, 351, -1
268, 1405, -1
571, 1461, -1
987, 1101, -1
952, 762, -1
460, 309, -1
9, 1276, -1
888, 588, -1
411, 663, -1
1201, 172, -1
355, 628, -1
80, 1326, -1
745, 962, -1
1186, 156, -1
632, 765, -1
273, 1241, -1
712, 883, -1
1281, 811, -1
80, 944, -1
26, 317, -1
1412, 68, -1
1160, 530, -1
899, 309, -1
510, 1199, -1
1212, 302, -1
19, 534, -1
1137, 1449, -1
768, 420, -1
439, 92, -1
613, 1309, -1
381, 886, -1
1202, 1197, -1
1024, 754, -1
818, 1418, -1
985, 1455, -1
681, 1449, -1
1425, 1461, -1
898, 660, -1
1452, 14, -1
38, 278, -1
1384, 108, -1
156, 1078, -1
1096, 724, -1
1013, 52, -1
530, 93, -1
1013, 726, -1
1160, 745, -1
674, 613, -1
1048, 195, -1
1368, 145, -1
840, 1167, -1
560, 615, -1
641, 1375, -1
38, 1311, -1
977, 1330, -1
176, 369, -1
308, 677, -1
818, 510, -1
980, 14, -1
1129, 1058, -1
760, 923, -1
875, 1300, -1
512, 821, -1
635, 245, -1
1416, 572, -1
24, 756, -1
1077, 886, -1
944, 195, -1
1020, 742, -1
983, 842, -1
901, 135, -1
1153, 863, -1
425, 462, -1
657, 21, -1
9, 93, -1
253, 215, -1
1247, 655, -1
1020, 198, -1
1096, 355, -1
1020, 1101, -1
810, 245, -1
1020, 1119, -1
677, 655, -1
1053, 259, -1
763, 1463, -1
1449, 735, -1
1326, 655, -1
792, 1279, -1
643, 15, -1
1145, 225, -1
1356, 1348, -1
1369, 244, -1
1007, 157, -1
309, 749, -1
899, 47, -1
636, 222, -1
461, 230, -1
842, 983, -1
1463, 763, -1
899, 1197, -1
745, 394, -1
147, 677, -1
1384, 1131, -1
281, 137, -1
80, 394, -1
768, 1146, -1
745, 677, -1
195, 1284, -1
1178, 245, -1
1427, 1367, -1
80, 888, -1
1170, 411, -1
1020, 76, -1
811, 51, -1
1367, 287, -1
1013, 302, -1
714, 1058, -1
1397, 157, -1
1118, 742, -1
1020, 597, -1
395, 774, -1
328, 595, -1
934, 423, -1
163, 1071, -1
946, 1053, -1
1131, 699, -1
172, 1119, -1
714, 29, -1
1305, 195, -1
875, 858, -1
1118, 198, -1
393, 1380, -1
57, 1156, -1
1118, 1119, -1
52, 830, -1
930, 263, -1
1145, 489, -1
853, 726, -1
1267, 195, -1
1114, 102, -1
256, 80, -1
536, 1266, -1
1169, 145, -1
1082, 1318, -1
635, 351, -1
944, 54, -1
1075, 1013, -1
499, 588, -1
938, 1035, -1
308, 639, -1
195, 1247, -1
1020, 439, -1
545, 969, -1
1074, 150, -1
977, 901, -1
1073, 469, -1
613, 57, -1
355, 198, -1
355, 1101, -1
172, 76, -1
1122, 181, -1
1424, 421, -1
26, 754, -1
978, 810, -1
1118, 76, -1
1048, 655, -1
768, 866, -1
1003, 1397, -1
177, 788, -1
969, 874, -1
1129, 588, -1
611, 235, -1
1397, 677, -1
26, 646, -1
939, 1269, -1
907, 1060, -1
976, 1178, -1
963, 165, -1
92, 439, -1
523, 805, -1
1013, 4, -1
3, 1175, -1
946, 261, -1
768, 93, -1
1206, 822, -1
848, 1114, -1
745, 1003, -1
832, 1169, -1
1195, 147, -1
978, 805, -1
756, 887, -1
888, 530, -1
80, 1003, -1
44, 510, -1
848, 323, -1
76, 1118, -1
1170, 1276, -1
432, 938, -1
1118, 439, -1
394, 655, -1
1440, 90, -1
371, 1044, -1
596, 726, -1
853, 302, -1
1318, 887, -1
321, 1210, -1
961, 613, -1
460, 1005, -1
1177, 1140, -1
722, 1252, -1
1410, 835, -1
4, 963, -1
987, 76, -1
1449, 961, -1
459, 213, -1
808, 528, -1
33, 370, -1
1146, 1170, -1
499, 29, -1
888, 655, -1
987, 597, -1
428, 1137, -1
1024, 646, -1
1201, 724, -1
1129, 308, -1
1240, 1237, -1
530, 394, -1
1068, 572, -1
33, 765, -1
1400, 1045, -1
886, 1071, -1
1160, 655, -1
288, 79, -1
745, 714, -1
946, 1131, -1
1177, 79, -1
90, 899, -1
944, 1058, -1
939, 863, -1
666, 677, -1
718, 486, -1
499, 1174, -1
1129, 29, -1
57, 322, -1
699, 1119, -1
80, 714, -1
1035, 31, -1
1267, 655, -1
261, 1140, -1
533, 278, -1
936, 1306, -1
1096, 1020, -1
1058, 499, -1
1452, 1469, -1
1320, 1170, -1
754, 26, -1
528, 864, -1
874, 189, -1
516, 54, -1
674, 1156, -1
195, 157, -1
1075, 853, -1
588, 1247, -1
1469, 767, -1
1465, 1053, -1
987, 596, -1
51, 395, -1
107, 1068, -1
280, 767, -1
418, 719, -1
137, 291, -1
209, 972, -1
1092, 245, -1
1041, 172, -1
338, 811, -1
80, 677, -1
1129, 666, -1
972, 859, -1
90, 718, -1
722, 19, -1
428, 57, -1
611, 1261, -1
1240, 1033, -1
1020, 862, -1
26, 589, -1
944, 1007, -1
1169, 1354, -1
1160, 1058, -1
1281, 274, -1
259, 1053, -1
978, 901, -1
1136, 1186, -1
1087, 1055, -1
845, 646, -1
1365, 273, -1
33, 350, -1
147, 1247, -1
1112, 977, -1
411, 1204, -1
530, 1003, -1
651, 1311, -1
1096, 987, -1
1281, 395, -1
1136, 1078, -1
428, 735, -1
1007, 677, -1
1068, 278, -1
811, 774, -1
137, 281, -1
57, 428, -1
724, 742, -1
1008, 510, -1
1289, 1414, -1
1140, 1053, -1
1474, 1078, -1
596, 934, -1
724, 198, -1
1160, 1174, -1
1139, 68, -1
1169, 832, -1
616, 939, -1
1129, 530, -1
172, 862, -1
1442, 999, -1
628, 1151, -1
75, 1213, -1
595, 1230, -1
944, 588, -1
433, 939, -1
364, 165, -1
1112, 464, -1
1058, 1247, -1
1024, 589, -1
613, 735, -1
1112, 976, -1
810, 135, -1
1092, 351, -1
259, 261, -1
355, 76, -1
805, 523, -1
587, 53, -1
977, 635, -1
172, 628, -1
944, 80, -1
1412, 563, -1
944, 745, -1
1449, 1137, -1
80, 1048, -1
355, 597, -1
464, 1178, -1
394, 588, -1
628, 355, -1
4, 1013, -1
1129, 54, -1
1078, 1031, -1
1003, 1174, -1
466, 976, -1
714, 80, -1
523, 1092, -1
1247, 195, -1
822, 1480, -1
1013, 1075, -1
677, 1007, -1
655, 677, -1
1233, 1078, -1
489, 291, -1
291, 489, -1
1186, 1259, -1
588, 1160, -1
976, 1330, -1
195, 1003, -1
499, 655, -1
1356, 22, -1
499, 54, -1
639, 1007, -1
1178, 464, -1
225, 281, -1
245, 805, -1
588, 888, -1
1397, 639, -1
596, 1118, -1
1160, 147, -1
54, 1247, -1
976, 466, -1
731, 278, -1
745, 499, -1
655, 944, -1
666, 944, -1
1003, 147, -1
1129, 1007, -1
825, 699, -1
1309, 428, -1
853, 4, -1
80, 499, -1
1172, 459, -1
1160, 1397, -1
1160, 195, -1
278, 38, -1
827, 281, -1
1003, 195, -1
888, 666, -1
944, 308, -1
195, 888, -1
635, 977, -1
655, 1129, -1
52, 1013, -1
1174, 944, -1
987, 742, -1
853, 52, -1
1178, 523, -1
1309, 613, -1
888, 147, -1
1129, 655, -1
80, 1276, -1
499, 195, -1
944, 1174, -1
1041, 1118, -1
976, 635, -1
477, 112, -1
572, 731, -1
714, 1007, -1
974, 1101, -1
486, 14, -1
724, 862, -1
1175, 1463, -1
655, 1003, -1
666, 1003, -1
977, 810, -1
677, 1397, -1
54, 677, -1
888, 1397, -1
308, 157, -1
888, 195, -1
987, 198, -1
714, 308, -1
394, 80, -1
1259, 1078, -1
1330, 976, -1
1092, 464, -1
944, 29, -1
987, 628, -1
1160, 80, -1
52, 853, -1
714, 1174, -1
733, 1306, -1
1100, 68, -1
157, 1174, -1
1129, 147, -1
530, 944, -1
655, 157, -1
1170, 93, -1
666, 157, -1
714, 54, -1
1058, 944, -1
719, 886, -1
195, 639, -1
1201, 355, -1
1201, 1020, -1
810, 351, -1
1007, 499, -1
805, 245, -1
745, 944, -1
308, 888, -1
394, 1058, -1
1129, 1397, -1
29, 1247, -1
1129, 195, -1
1186, 1233, -1
969, 545, -1
195, 1160, -1
394, 530, -1
749, 1005, -1
195, 394, -1
977, 805, -1
466, 351, -1
1058, 1129, -1
714, 666, -1
317, 765, -1
628, 724, -1
888, 80, -1
745, 1129, -1
308, 1247, -1
394, 29, -1
545, 189, -1
805, 976, -1
588, 944, -1
499, 1397, -1
832, 1368, -1
1177, 1122, -1
1118, 862, -1
1058, 1003, -1
80, 1129, -1
956, 983, -1
281, 225, -1
666, 1247, -1
1247, 530, -1
714, 195, -1
411, 1170, -1
1170, 1146, -1
147, 639, -1
888, 1058, -1
1309, 322, -1
394, 1007, -1
1129, 80, -1
195, 499, -1
1186, 1136, -1
719, 163, -1
92, 596, -1
944, 666, -1
147, 1160, -1
394, 308, -1
1174, 1247, -1
355, 1119, -1
1233, 1186, -1
976, 810, -1
394, 1174, -1
147, 888, -1
822, 1362, -1
655, 1160, -1
464, 635, -1
57, 613, -1
1003, 308, -1
530, 888, -1
655, 394, -1
666, 394, -1
1058, 888, -1
976, 901, -1
1160, 54, -1
655, 888, -1
666, 888, -1
745, 888, -1
1186, 1031, -1
655, 714, -1
977, 466, -1
464, 1092, -1
1003, 1058, -1
29, 944, -1
1041, 987, -1
714, 147, -1
225, 291, -1
499, 1058, -1
428, 961, -1
266, 26, -1
198, 1118, -1
302, 830, -1
147, 499, -1
888, 308, -1
308, 944, -1
1003, 29, -1
987, 439, -1
635, 976, -1
420, 1170, -1
677, 1174, -1
4, 853, -1
714, 1397, -1
901, 976, -1
976, 805, -1
888, 1174, -1
281, 1454, -1
1007, 1003, -1
655, 499, -1
677, 54, -1
54, 1003, -1
888, 54, -1
530, 639, -1
613, 1137, -1
1058, 639, -1
596, 1020, -1
145, 1169, -1
1160, 1007, -1
195, 944, -1
394, 195, -1
745, 639, -1
677, 29, -1
987, 862, -1
1024, 72, -1
639, 655, -1
888, 29, -1
1003, 1007, -1
530, 1160, -1
54, 639, -1
1058, 1160, -1
810, 976, -1
1241, 369, -1
1058, 394, -1
57, 1449, -1
977, 1092, -1
80, 639, -1
745, 1160, -1
1129, 1174, -1
499, 1007, -1
805, 351, -1
874, 969, -1
530, 714, -1
588, 499, -1
29, 499, -1
1174, 157, -1
223, 1078, -1
639, 29, -1
157, 666, -1
38, 572, -1
308, 1003, -1
466, 464, -1
1247, 308, -1
189, 545, -1
1247, 1397, -1
639, 666, -1
308, 499, -1
1330, 464, -1
901, 464, -1
765, 33, -1
355, 1041, -1
1247, 1174, -1
26, 72, -1
394, 666, -1
1174, 394, -1
1247, 588, -1
677, 195, -1
1247, 54, -1
157, 195, -1
145, 1368, -1
29, 394, -1
147, 944, -1
38, 107, -1
1397, 499, -1
1007, 1247, -1
862, 987, -1
1174, 677, -1
1247, 29, -1
1003, 666, -1
674, 1449, -1
308, 1160, -1
245, 466, -1
862, 1118, -1
1397, 944, -1
639, 1397, -1
1247, 147, -1
1092, 976, -1
655, 639, -1
810, 464, -1
862, 172, -1
639, 1174, -1
659, 545, -1
54, 499, -1
862, 355, -1
862, 1020, -1
1174, 1003, -1
862, 724, -1
499, 666, -1
1247, 666, -1
639, 54, -1
1007, 639, -1
54, 944, -1
499, 147, -1
29, 1003, -1
245, 810, -1
54, 157, -1
1310, 545, -1
666, 1160, -1
355, 1201, -1
588, 1003, -1
765, 266, -1
805, 464, -1
1174, 499, -1
1031, 1078, -1
1118, 628, -1
677, 666, -1
1204, 1146, -1
530, 1129, -1

