33, 884, 1
147, 329, 1
1355, 1141, 1
5, 849, 1
1132, 1115, 1
572, 153, 1
1291, 1211, 1
763, 767, 1
958, 882, 1
939, 45, 1
912, 909, 1
971, 1282, 1
768, 396, 1
640, 1113, 1
640, 1463, 1
152, 149, 1
911, 357, 1
1073, 401, 1
1476, 1021, 1
949, 811, 1
1233, 933, 1
388, 1072, 1
656, 88, 1
807, 1289, 1
1113, 1463, 1
576, 340, -1
901, 243, -1
1330, 984, -1
1481, 979, -1
803, 1084, -1
338, 415, -1
859, 1112, -1
1367, 1358, -1
1082, 472, -1
1064, 1060, -1
1369, 311, -1
534, 711, -1
235, 1095, -1
1119, 177, -1
1146, 712, -1
489, 1046, -1
685, 318, -1
858, 682, -1
907, 457, -1
1365, 1076, -1
611, 1388, -1
226, 77, -1
153, 304, -1
715, 75, -1
74, 725, -1
1086, 1246, -1
1084, 774, -1
248, 96, -1
169, 203, -1
1430, 1054, -1
96, 954, -1
349, 621, -1
1394, 1024, -1
1408, 324, -1
110, 634, -1
1016, 878, -1
1090, 701, -1
299, 489, -1
1432, 1359, -1
1313, 1002, -1
1200, 317, -1
40, 100, -1
1242, 1064, -1
823, 1041, -1
549, 1079, -1
926, 531, -1
609, 503, -1
1455, 396, -1
879, 362, -1
1042, 809, -1
320, 1394, -1
367, 824, -1
288, 951, -1
826, 1322, -1
999, 165, -1
539, 659, -1
1379, 298, -1
960, 2, -1
651, 1162, -1
1154, 631, -1
743, 1269, -1
405, 544, -1
609, 834, -1
627, 95, -1
282, 155, -1
410, 1015, -1
570, 1120, -1
1315, 1455, -1
239, 951, -1
562, 957, -1
209, 1475, -1
1243, 1443, -1
425, 595, -1
1018, 1274, -1
1193, 890, -1
291, 298, -1
768, 1455, -1
304, 572, -1
304, 153, -1
396, 1455, -1

