557, 293, 493, 3
418, 284, 730, 3
159, 1100, 47, 3
57, 783, 559, 3
810, 1080, 670, 3
237, 1101, 1334, 3
1455, 584, 1408, 3
668, 1308, 563, 3
1236, 26, 387, 3
1003, 357, 627, 3
26, 830, 910, 3
976, 46, 1298, 3
254, 1390, 838, 3
22, 670, 446, 3
1047, 983, 1226, 3
1109, 3, 354, 3
313, 634, 760, 3
882, 627, 1173, 3
922, 1159, 746, 3
316, 822, 702, 3
129, 1313, 133, 3
927, 1411, 648, 3
1153, 266, 114, 3
1001, 814, 1418, 3
1050, 744, 642, 3
699, 1147, 733, 3
1237, 309, 1390, 3
1066, 883, 559, 3
353, 1089, 1267, 3
1029, 667, 709, 3
1318, 1474, 815, 3
865, 353, 943, 3
863, 26, 247, 3
1482, 800, 437, 3
1227, 1222, 797, 3
1280, 1218, 405, 3
715, 577, 515, 3
968, 997, 787, 3
1335, 807, 799, 3
423, 448, 41, 3
734, 189, 0, 3
1129, 1330, 1211, 3
527, 480, 711, 3
415, 1358, 269, 3
912, 515, 22, 3
1370, 1095, 1056, 3
1464, 1312, 24, 3
198, 752, 1234, 3
1235, 847, 1206, 3
659, 762, 717, 3
182, 130, 1176, 3
986, 137, 1060, 3
1261, 20, 1275, 3
1190, 1255, 825, 3
1099, 642, 590, 3
640, 177, 1443, 3
789, 373, 1170, 3
1024, 293, 1170, 3
196, 780, 293, 3
914, 269, 735, 3
44, 1366, 307, 3
425, 1091, 1236, 3
227, 741, 1337, 3
197, 62, 1012, 3
400, 291, 448, 3
1056, 1061, 347, 3
234, 689, 1051, 3
754, 1064, 425, 3
1380, 1228, 508, 3
1183, 719, 1372, 3
893, 368, 867, 3
520, 228, 1356, 3
978, 1477, 905, 3
1195, 279, 1194, 3
641, 1146, 568, 3
752, 1004, 554, 3
676, 1071, 1291, 3
1118, 1019, 1312, 3
1167, 1466, 1160, 3
170, 154, 990, 3
1467, 1159, 708, 3
257, 146, 86, 3
1176, 210, 1223, 3
1235, 992, 255, 3
1197, 831, 105, 3
558, 108, 353, 3
276, 290, 209, 3
1097, 1380, 449, 3
137, 1109, 830, 3
303, 184, 426, 3
92, 1249, 624, 3
344, 1358, 961, 3
1377, 1406, 181, 3
1183, 251, 597, 3
607, 792, 1000, 3
1284, 1162, 814, 3
366, 904, 773, 3
935, 817, 383, 3
1053, 1424, 690, 3
444, 340, 916, 3
1139, 321, 616, 3
389, 1212, 199, 3
895, 1247, 484, 3
1211, 1179, 902, 3
1337, 1021, 603, 3
1148, 1275, 302, 3
335, 205, 1445, 3
1327, 329, 423, 3
389, 649, 1406, 3
235, 1348, 1024, 3
757, 491, 422, 3
1325, 1273, 1335, 3
1274, 785, 923, 3
15, 1163, 1082, 3
1360, 242, 1382, 3
1171, 979, 729, 3
594, 1185, 389, 3
409, 687, 448, 3
144, 1419, 363, 3
853, 619, 711, 3
720, 634, 168, 3
1391, 633, 392, 3
52, 524, 1380, 3
964, 523, 627, 3
724, 771, 251, 3
438, 673, 993, 3
489, 688, 836, 3
1055, 1440, 286, 3
930, 763, 1208, 3
341, 223, 633, 3
1053, 1452, 598, 3
300, 622, 338, 3
1043, 807, 105, 3
767, 890, 570, 3
1166, 891, 838, 3
1313, 1265, 662, 3
262, 1168, 475, 3
208, 421, 921, 3
1465, 2, 503, 3
222, 1159, 912, 3
922, 432, 482, 3
610, 1400, 1454, 3
254, 1278, 548, 3
718, 448, 600, 3
1377, 864, 788, 3
1053, 237, 201, 3
14, 108, 659, 3
1264, 442, 711, 3
810, 456, 297, 3
1431, 1305, 331, 3
807, 571, 627, 3
571, 1144, 81, 3
1238, 1204, 675, 3
221, 825, 919, 3
1435, 1275, 608, 3
1246, 352, 117, 3
1294, 192, 1284, 3
806, 1160, 404, 3
1163, 1263, 314, 3
1128, 1158, 20, 3
710, 1217, 227, 3
155, 833, 958, 3
36, 1044, 397, 3
39, 8, 1243, 3
168, 987, 1388, 3
32, 245, 1044, 3
1482, 942, 1439, 3
1337, 171, 76, 3
992, 67, 530, 3
1077, 927, 152, 3
1248, 1464, 200, 3
487, 719, 82, 3
277, 380, 455, 3
1365, 1147, 874, 3
1357, 406, 1212, 3
182, 656, 227, 3
45, 552, 1097, 3
1426, 222, 1286, 3
833, 112, 282, 3
1165, 203, 299, 3
778, 139, 260, 3
492, 278, 847, 3
406, 274, 1345, 3
1010, 1062, 359, 3
769, 1090, 192, 3
891, 230, 1095, 3
562, 381, 1466, 3
573, 498, 1206, 3
1167, 891, 394, 3
1249, 1153, 230, 3
24, 241, 1358, 3
1302, 856, 1109, 3
1253, 733, 878, 3
1344, 1071, 740, 3
855, 1422, 416, 3
571, 397, 1184, 3
1102, 169, 1009, 3
429, 330, 1339, 3
579, 382, 607, 3
100, 1333, 102, 3
1314, 366, 1465, 3
1368, 856, 519, 3
423, 85, 338, 3
116, 1121, 1476, 3
694, 1134, 1363, 3
183, 1331, 265, 3
983, 1016, 926, 3
295, 113, 39, 3
1297, 742, 617, 3
718, 976, 1456, 3
547, 1, 1408, 3
555, 114, 163, 3
451, 920, 866, 3
691, 552, 877, 3
1031, 1216, 826, 3
941, 280, 58, 3
57, 1197, 1275, 3
1338, 937, 835, 3
18, 889, 1346, 3
297, 120, 1413, 3
722, 1323, 693, 3
1162, 345, 870, 3
843, 1147, 370, 3
1205, 55, 761, 3
715, 1058, 974, 3
743, 225, 1436, 3
1316, 978, 34, 3
901, 367, 91, 3
27, 99, 331, 3
889, 551, 1074, 3
268, 240, 254, 3
37, 1013, 1156, 3
1321, 17, 373, 3
956, 691, 1255, 3
610, 649, 1071, 3
995, 1233, 1309, 3
1199, 1053, 319, 3
270, 973, 326, 3
1244, 679, 677, 3
322, 1222, 167, 3
952, 227, 277, 3
361, 946, 787, 3
846, 858, 252, 3
1333, 1324, 1399, 3
101, 1319, 1022, 3
226, 372, 674, 3
175, 905, 776, 3
525, 1191, 647, 3
1187, 809, 1457, 3
1472, 435, 965, 3
301, 28, 1260, 3
266, 1384, 597, 3
1248, 324, 521, 3
1011, 426, 532, 3
778, 102, 209, 3
175, 1447, 1426, 3
6, 1171, 1195, 3
266, 1348, 277, 3
1000, 571, 538, 3
875, 1248, 1294, 3
880, 703, 1023, 3
725, 704, 189, 3
950, 548, 966, 3
201, 828, 293, 3
661, 1237, 46, 3
413, 54, 181, 3
523, 619, 466, 3
593, 378, 383, 3
1383, 70, 1462, 3
165, 386, 255, 3
728, 510, 300, 3
755, 522, 1082, 3
1341, 1416, 686, 3
858, 1153, 650, 3
168, 1110, 874, 3
496, 1326, 363, 3
453, 387, 1421, 3
1036, 1045, 1322, 3
475, 383, 1372, 3
715, 880, 796, 3
804, 465, 66, 3
460, 1100, 996, 3
205, 509, 360, 3
385, 87, 472, 3
1269, 1177, 1442, 3
590, 0, 541, 3
836, 1046, 1288, 3
680, 1298, 837, 3
678, 736, 931, 3
1418, 877, 328, 3
80, 11, 483, 3
299, 353, 421, 3
1281, 1410, 1114, 3
135, 591, 11, 3
668, 85, 1138, 3
214, 300, 1271, 3
221, 542, 385, 3
633, 801, 981, 3
802, 177, 669, 3
519, 886, 858, 3
219, 823, 246, 3
788, 711, 1298, 3
541, 1050, 518, 3
197, 783, 249, 3
1007, 276, 578, 3
890, 1419, 240, 3
450, 983, 255, 3
76, 852, 1010, 3
435, 1321, 278, 3
383, 1462, 245, 3
373, 1046, 1332, 3
1344, 321, 1049, 3
135, 1359, 787, 3
1169, 949, 462, 3
1331, 1261, 1149, 3
821, 160, 415, 3
1215, 1470, 238, 3
199, 507, 1428, 3
795, 462, 744, 3
1031, 864, 798, 3
1354, 464, 83, 3
317, 1085, 1437, 3
601, 1108, 1070, 3
1130, 1381, 120, 3
780, 1136, 1353, 3
1080, 37, 1118, 3
388, 937, 1432, 3
169, 1037, 1039, 3
904, 1406, 1106, 3
535, 1149, 755, 3
356, 1266, 1296, 3
947, 681, 1471, 3
1271, 10, 221, 3
538, 286, 22, 3
312, 802, 252, 3
1179, 1114, 805, 3
898, 288, 415, 3
844, 773, 517, 3
968, 1245, 1354, 3
1066, 568, 1279, 3
959, 671, 658, 3
561, 780, 267, 3
198, 545, 331, 3
1047, 1437, 256, 3
92, 247, 4, 3
966, 282, 1108, 3
579, 1062, 527, 3
340, 481, 778, 3
1286, 178, 909, 3
1288, 566, 1418, 3
1465, 463, 433, 3
387, 307, 123, 3
1341, 930, 771, 3
760, 1476, 1477, 3
569, 539, 121, 3
945, 1178, 1444, 3
994, 135, 1273, 3
164, 539, 919, 3
696, 38, 744, 3
844, 842, 493, 3
99, 138, 675, 3
245, 239, 679, 3
928, 1240, 633, 3
1423, 630, 353, 3
978, 312, 134, 3
602, 1329, 1097, 3
940, 1271, 1390, 3
579, 1226, 634, 3
440, 276, 777, 3
460, 306, 69, 3
1022, 1069, 1009, 3
945, 299, 1326, 3
111, 1325, 870, 3
491, 935, 1111, 3
1369, 813, 1293, 3
1027, 1069, 1481, 3
78, 653, 747, 3
1066, 1195, 944, 3
514, 1129, 1474, 3
112, 911, 618, 3
1334, 26, 1061, 3
784, 584, 136, 3
354, 330, 1106, 3
328, 948, 786, 3
629, 535, 969, 3
531, 724, 1293, 3
180, 1284, 93, 3
1095, 855, 219, 3
543, 536, 81, 3
1044, 92, 362, 3
68, 58, 586, 3
1012, 44, 628, 3
88, 357, 35, 3
558, 331, 37, 3
528, 123, 279, 3
1448, 114, 974, 3
1405, 648, 1112, 3
311, 66, 190, 3
1405, 165, 871, 3
179, 1258, 603, 3
1241, 1040, 599, 3
434, 453, 1410, 3
962, 273, 323, 3
1256, 502, 784, 3
789, 465, 77, 3
405, 241, 1057, 3
1320, 537, 179, 3
1029, 1393, 754, 3
21, 337, 1384, 3
961, 244, 91, 3
970, 1306, 127, 3
742, 3, 1147, 3
534, 1316, 254, 3
855, 340, 884, 3
1146, 1114, 289, 3
983, 929, 363, 3
1470, 354, 907, 3
1113, 281, 1433, 3
975, 1025, 454, 3
81, 649, 421, 3
35, 388, 753, 3
1151, 915, 937, 3
79, 616, 1323, 3
1130, 453, 276, 3
963, 192, 917, 3
1352, 223, 5, 3
72, 63, 1432, 3
879, 82, 1232, 3
334, 1022, 427, 3
13, 1023, 1358, 3
250, 607, 1085, 3
215, 179, 812, 3
635, 241, 1045, 3
523, 1345, 1116, 3
643, 467, 556, 3
1331, 1227, 713, 3
1162, 1182, 353, 3
995, 1027, 855, 3
629, 74, 691, 3
288, 330, 636, 3
371, 1270, 1300, 3
88, 365, 1054, 3
140, 1224, 1162, 3
936, 12, 1189, 3
755, 867, 816, 3
385, 1319, 95, 3
982, 486, 439, 3
881, 1290, 541, 3
1230, 1037, 706, 3
72, 1253, 403, 3
1093, 589, 511, 3
895, 1077, 199, 3
342, 796, 126, 3
554, 702, 316, 3
107, 1031, 678, 3
251, 44, 977, 3
1034, 992, 397, 3
111, 1148, 574, 3
990, 31, 1184, 3
1325, 335, 273, 3
1368, 670, 502, 3
165, 934, 378, 3
329, 161, 1304, 3
713, 200, 497, 3
1212, 122, 1126, 3
813, 272, 856, 3
786, 966, 319, 3
1014, 1035, 599, 3
542, 211, 1362, 3
697, 368, 578, 3
700, 418, 990, 3
1126, 1162, 442, 3
446, 1170, 1122, 3
668, 1329, 598, 3
172, 1248, 1382, 3
654, 866, 436, 3
601, 550, 975, 3
434, 299, 121, 3
920, 4, 967, 3
1419, 51, 575, 3
791, 808, 41, 3
884, 917, 849, 3
399, 2, 489, 3
1321, 312, 1009, 3
379, 962, 193, 3
693, 1057, 1343, 3
944, 751, 1108, 3
775, 1253, 416, 3
468, 18, 119, 3
1388, 396, 61, 3
1183, 1476, 357, 3
463, 1467, 438, 3
1374, 930, 70, 3
501, 806, 1330, 3
796, 404, 580, 3
1285, 1109, 490, 3
90, 807, 79, 3
1088, 1414, 436, 3
428, 42, 1259, 3
1416, 1339, 1141, 3
1427, 1154, 1076, 3
1137, 1179, 392, 3
1112, 152, 1380, 3
1218, 846, 1090, 3
33, 386, 790, 3
1135, 1262, 1138, 3
991, 545, 1456, 3
1012, 1346, 1303, 3
994, 1002, 439, 3
634, 592, 992, 3
943, 960, 1470, 3
1297, 1351, 190, 3
1478, 481, 938, 3
227, 1459, 340, 3
414, 1078, 66, 3
1446, 1158, 100, 3
1245, 1186, 1447, 3
439, 1161, 738, 3
1039, 455, 1220, 3
137, 283, 179, 3
966, 729, 400, 3
772, 138, 607, 3
1047, 1290, 804, 3
276, 712, 755, 3
767, 1383, 1140, 3
955, 273, 1035, 3
183, 1318, 1400, 3
1242, 499, 1075, 3
450, 797, 177, 3
1464, 340, 1191, 3
934, 714, 78, 3
939, 1233, 287, 3
1135, 906, 1221, 3
1065, 1413, 1422, 3
739, 699, 191, 3
583, 1207, 377, 3
512, 258, 170, 3
863, 337, 169, 3
204, 1324, 812, 3
404, 332, 1437, 3
309, 183, 167, 3
1126, 460, 419, 3
29, 770, 193, 3
621, 1138, 654, 3
108, 181, 1420, 3
1246, 915, 449, 3
1188, 1146, 26, 3
1067, 1460, 111, 3
28, 1039, 300, 3
863, 908, 784, 3
1320, 1400, 121, 3
192, 679, 841, 3
1458, 585, 733, 3
1026, 1130, 812, 3
637, 220, 411, 3
1171, 1326, 646, 3
1398, 474, 1048, 3
320, 523, 18, 3
945, 373, 815, 3
1293, 671, 619, 3
418, 1250, 212, 3
709, 1269, 1170, 3
186, 562, 696, 3
1259, 1123, 923, 3
578, 354, 405, 3
1388, 940, 1116, 3
1249, 775, 1466, 3
1403, 1241, 150, 3
1165, 1215, 1434, 3
309, 770, 741, 3
1040, 722, 858, 3
421, 1324, 1327, 3
1096, 704, 866, 3
1160, 878, 1092, 3
77, 984, 423, 3
69, 852, 1067, 3
955, 1418, 1216, 3
1381, 825, 501, 3
803, 555, 366, 3
1272, 1010, 1324, 3
1025, 15, 309, 3
6, 800, 1012, 3
924, 1456, 336, 3
1378, 164, 778, 3
1224, 52, 1253, 3
147, 883, 1083, 3
381, 277, 1161, 3
1389, 1103, 84, 3
1309, 572, 1045, 3
1319, 639, 1003, 3
910, 587, 744, 3
579, 97, 855, 3
1047, 201, 136, 3
951, 664, 1383, 3
729, 897, 115, 3
1094, 438, 622, 3
65, 1180, 677, 3
508, 1221, 391, 3
57, 1215, 1468, 3
422, 256, 1232, 3
607, 892, 483, 3
24, 896, 908, 3
1046, 707, 33, 3
1090, 172, 284, 3
513, 971, 1219, 3
1302, 792, 902, 3
591, 233, 895, 3
1413, 1313, 90, 3
1462, 561, 963, 3
61, 519, 25, 3
1079, 1430, 1440, 3
835, 241, 402, 3
1126, 395, 916, 3
571, 462, 193, 3
1028, 345, 179, 3
1086, 242, 12, 3
729, 186, 851, 3
127, 1474, 64, 3
1, 1171, 1413, 3
189, 559, 715, 3
1, 55, 857, 3
654, 273, 344, 3
959, 435, 1092, 3
669, 433, 291, 3
1191, 1392, 1211, 3
429, 1138, 1251, 3
239, 1337, 378, 3
1181, 894, 83, 3
1174, 313, 962, 3
570, 197, 1132, 3
480, 444, 129, 3
1022, 591, 279, 3
915, 1270, 579, 3
320, 306, 1379, 3
430, 1225, 793, 3
495, 18, 886, 3
1351, 1354, 196, 3
301, 84, 65, 3
772, 965, 1130, 3
1099, 312, 1363, 3
1430, 51, 1420, 3
1341, 322, 404, 3
1367, 183, 149, 3
226, 682, 651, 3
492, 349, 103, 3
110, 596, 938, 3
626, 1449, 482, 3
351, 947, 499, 3
134, 714, 1438, 3
1131, 123, 83, 3
120, 1124, 721, 3
1139, 555, 678, 3
225, 1291, 410, 3
58, 1227, 894, 3
318, 1094, 599, 3
859, 465, 781, 3
771, 249, 162, 3
481, 1029, 1280, 3
259, 952, 1310, 3
963, 391, 13, 3
574, 1035, 112, 3
817, 983, 1242, 3
100, 1164, 926, 3
762, 1349, 619, 3
144, 846, 1187, 3
82, 565, 152, 3
1007, 1308, 959, 3
541, 339, 1340, 3
281, 670, 993, 3
618, 1030, 577, 3
487, 907, 342, 3
172, 1020, 298, 3
602, 1263, 1416, 3
1345, 1346, 285, 3
433, 1368, 725, 3
76, 1058, 1150, 3
980, 762, 869, 3
178, 377, 859, 3
441, 1022, 316, 3
283, 1068, 841, 3
68, 1131, 394, 3
1088, 1052, 476, 3
375, 145, 770, 3
1083, 1267, 39, 3
1132, 254, 412, 3
936, 366, 878, 3
203, 384, 1208, 3
98, 201, 306, 3
297, 858, 996, 3
550, 327, 658, 3
1332, 501, 546, 3
114, 982, 1290, 3
543, 1332, 1053, 3
1121, 1407, 1413, 3
570, 1177, 642, 3
634, 941, 888, 3
1147, 1092, 1202, 3
179, 770, 1184, 3
607, 162, 539, 3
1471, 1349, 677, 3
126, 834, 38, 3
18, 774, 166, 3
43, 12, 1079, 3
459, 152, 1434, 3
909, 1390, 16, 3
918, 1173, 1123, 3
642, 217, 39, 3
346, 1046, 283, 3
666, 474, 155, 3
368, 601, 619, 3
484, 1268, 1103, 3
1360, 71, 1048, 3
838, 270, 778, 3
1099, 3, 693, 3
931, 647, 1403, 3
1233, 614, 315, 3
437, 1209, 311, 3
1341, 35, 321, 3
819, 663, 1291, 3
25, 132, 278, 3
321, 231, 271, 3
328, 192, 811, 3
1340, 1289, 848, 3
1167, 931, 1399, 3
1422, 907, 835, 3
122, 765, 532, 3
647, 326, 1206, 3
230, 863, 775, 3
666, 194, 1379, 3
1022, 1479, 665, 3
1357, 794, 546, 3
635, 770, 737, 3
772, 452, 563, 3
552, 1408, 315, 3
556, 603, 285, 3
741, 68, 598, 3
573, 1270, 208, 3
1385, 143, 1271, 3
589, 83, 1006, 3
1213, 931, 1442, 3
211, 700, 1007, 3
82, 209, 110, 3
960, 646, 1065, 3
99, 1410, 1449, 3
355, 1016, 580, 3
1414, 9, 875, 3
1399, 1414, 963, 3
1058, 1060, 564, 3
1180, 16, 1199, 3
1079, 791, 94, 3
803, 1318, 651, 3
683, 1158, 1138, 3
1404, 261, 1280, 3
1023, 434, 816, 3
939, 1442, 219, 3
477, 671, 474, 3
736, 138, 1431, 3
1079, 389, 1231, 3
923, 224, 1445, 3
224, 1266, 312, 3
500, 1162, 1111, 3
675, 329, 798, 3
531, 1193, 305, 3
1412, 774, 65, 3
1097, 1215, 486, 3
1130, 1408, 707, 3
777, 1420, 1406, 3
825, 1212, 1416, 3
966, 969, 163, 3
806, 699, 220, 3
946, 166, 798, 3
568, 137, 295, 3
550, 334, 1218, 3
742, 0, 893, 3
1255, 166, 35, 3
844, 1203, 863, 3
242, 1470, 617, 3
156, 1436, 612, 3
1210, 1462, 47, 3
804, 826, 856, 3
283, 393, 1268, 3
487, 240, 863, 3
185, 935, 746, 3
1106, 86, 1472, 3
130, 662, 424, 3
475, 879, 494, 3
809, 841, 518, 3
208, 135, 1337, 3
1117, 1273, 229, 3
561, 859, 780, 3
31, 506, 411, 3
21, 77, 38, 3
523, 356, 1111, 3
654, 1237, 1429, 3
493, 938, 1015, 3
827, 700, 134, 3
1038, 380, 1043, 3
597, 283, 581, 3
250, 755, 649, 3
582, 142, 287, 3
784, 867, 665, 3
151, 1171, 652, 3
208, 602, 183, 3
1306, 343, 610, 3
913, 885, 1462, 3
425, 158, 1100, 3
1179, 779, 519, 3
111, 368, 1395, 3
232, 1406, 1082, 3
1082, 964, 748, 3
229, 527, 1423, 3
1339, 783, 1455, 3
871, 649, 747, 3
899, 493, 70, 3
584, 268, 383, 3
584, 130, 261, 3
1316, 1117, 59, 3
851, 1273, 1337, 3
916, 630, 1197, 3
869, 864, 1263, 3
238, 548, 475, 3
138, 245, 9, 3
747, 62, 195, 3
1116, 247, 155, 3
924, 8, 698, 3
788, 746, 1154, 3
618, 397, 249, 3
345, 867, 746, 3
1213, 634, 1371, 3
1098, 1083, 418, 3
1125, 834, 1332, 3
519, 741, 670, 3
154, 842, 54, 3
1098, 401, 607, 3
241, 428, 902, 3
638, 694, 863, 3
729, 965, 233, 3
1072, 24, 796, 3
1244, 767, 95, 3
707, 356, 298, 3
906, 443, 932, 3
58, 864, 1468, 3
1378, 1111, 3, 3
377, 806, 255, 3
1401, 140, 1070, 3
256, 554, 267, 3
1377, 684, 1220, 3
1477, 1417, 873, 3
1063, 92, 176, 3
870, 1402, 1242, 3
731, 712, 515, 3
819, 737, 622, 3
308, 965, 1093, 3
315, 380, 880, 3
87, 487, 56, 3
409, 116, 727, 3
972, 1259, 545, 3
926, 693, 566, 3
263, 707, 667, 3
612, 172, 1036, 3
548, 1033, 1137, 3
275, 1044, 975, 3
862, 294, 820, 3
979, 214, 253, 3
1109, 732, 604, 3
521, 294, 275, 3
667, 734, 1256, 3
603, 91, 415, 3
1103, 637, 175, 3
628, 68, 855, 3
457, 158, 183, 3
669, 1351, 1369, 3
1023, 660, 1126, 3
798, 1167, 563, 3
255, 1460, 1075, 3
1168, 897, 1083, 3
598, 1132, 1385, 3
250, 217, 78, 3
699, 1105, 477, 3
1052, 724, 246, 3
1088, 931, 55, 3
1184, 249, 336, 3
1482, 40, 1111, 3
863, 1297, 1145, 3
724, 823, 137, 3
80, 979, 410, 3
881, 412, 1057, 3
1227, 1333, 1344, 3
1165, 116, 371, 3
752, 122, 422, 3
1159, 716, 1433, 3
1022, 1217, 447, 3
1325, 45, 1475, 3
1212, 107, 1338, 3
191, 200, 1218, 3
1236, 103, 712, 3
602, 72, 907, 3
1466, 818, 1266, 3
1091, 878, 810, 3
65, 900, 208, 3
984, 1295, 704, 3
597, 339, 1062, 3
118, 1477, 1483, 3
1401, 446, 362, 3
521, 1301, 27, 3
46, 1383, 1292, 3
1223, 600, 305, 3
1070, 1355, 689, 3
87, 1301, 25, 3
516, 106, 402, 3
1383, 920, 56, 3
1059, 213, 576, 3
771, 158, 893, 3
361, 955, 1328, 3
1220, 161, 306, 3
104, 786, 218, 3
1276, 265, 54, 3
869, 1193, 844, 3
1134, 652, 596, 3
1482, 387, 44, 3
206, 1281, 258, 3
155, 387, 1067, 3
829, 874, 912, 3
1230, 1110, 27, 3
1289, 178, 336, 3
1220, 93, 408, 3
377, 995, 1377, 3
1103, 1404, 864, 3
428, 1370, 99, 3
1350, 378, 754, 3
653, 83, 743, 3
1360, 893, 886, 3
346, 1470, 336, 3
28, 1217, 777, 3
582, 2, 134, 3
1002, 1096, 55, 3
1079, 1476, 457, 3
518, 703, 295, 3
1042, 1414, 1394, 3
769, 1011, 634, 3
353, 1256, 809, 3
1142, 386, 961, 3
412, 601, 978, 3
1102, 1295, 761, 3
1354, 455, 448, 3
1184, 1433, 897, 3
932, 1246, 1417, 3
513, 283, 52, 3
139, 331, 1073, 3
375, 624, 107, 3
572, 785, 783, 3
1063, 703, 645, 3
781, 347, 1231, 3
27, 278, 428, 3
1201, 1164, 1057, 3
1263, 857, 677, 3
201, 399, 1136, 3
161, 1387, 100, 3
1405, 828, 437, 3
608, 850, 905, 3
518, 661, 611, 3
994, 1081, 1219, 3
142, 334, 1413, 3
1119, 54, 578, 3
945, 265, 1280, 3
774, 1353, 1454, 3
282, 711, 154, 3
1120, 1270, 56, 3
746, 922, 1365, 3
1480, 117, 326, 3
340, 227, 279, 3
358, 1189, 397, 3
675, 388, 1310, 3
495, 636, 132, 3
479, 675, 705, 3
1108, 34, 373, 3
1172, 976, 1276, 3
402, 529, 487, 3
927, 1274, 766, 3
287, 393, 1082, 3
551, 958, 677, 3
602, 334, 892, 3
5, 994, 708, 3
1121, 290, 457, 3
1208, 1324, 464, 3
590, 831, 1113, 3
1069, 903, 860, 3
1224, 177, 1276, 3
546, 151, 373, 3
214, 379, 1152, 3
515, 742, 154, 3
575, 269, 352, 3
921, 356, 709, 3
645, 192, 285, 3
957, 571, 1132, 3
256, 91, 1058, 3
1336, 1, 237, 3
211, 1275, 1336, 3
77, 738, 1344, 3
1203, 600, 794, 3
1478, 224, 1
590, 1122, 1
1224, 519, 1
1378, 16, 1
426, 970, 1
716, 176, 1
1025, 1293, 1
878, 358, 1
275, 389, 1
694, 63, 1
649, 205, 1
939, 45, 1
1416, 1405, 1
119, 1462, 1
808, 252, 1
803, 1197, 1
104, 977, 1
1189, 883, 1
737, 186, 1
65, 15, 1
385, 394, 1
960, 1203, 1
479, 201, 1
464, 27, 1
860, 1179, 1
1048, 135, 1
1480, 889, 1
542, 56, 1
1021, 15, 1
144, 289, 1
387, 1446, 1
654, 299, 1
961, 863, 1
440, 1006, 1
733, 56, 1
150, 1274, 1
24, 1009, 1
126, 1156, 1
1002, 1152, 1
1263, 847, 1
1372, 1458, 1
224, 1020, 1
697, 467, 1
475, 422, 1
869, 455, 1
415, 169, 1
106, 972, 1
1435, 1126, 1
977, 1010, 1
810, 688, 1
1124, 1261, 1
1029, 529, 1
65, 1021, 1
1020, 1478, 1
733, 542, 1
104, 1010, 1
224, 1478, 1
56, 542, 1
56, 733, 1
1382, 594, -1
1086, 1207, -1
1449, 466, -1
1452, 1188, -1
852, 1262, -1
1040, 1123, -1
1256, 10, -1
424, 454, -1
878, 1007, -1
1263, 1481, -1
347, 1172, -1
665, 973, -1
734, 746, -1
1141, 635, -1
1053, 4, -1
132, 103, -1
335, 340, -1
306, 249, -1
995, 1436, -1
51, 922, -1
200, 638, -1
536, 763, -1
1291, 761, -1
1036, 1081, -1
566, 175, -1
663, 643, -1
1136, 439, -1
494, 856, -1
661, 172, -1
880, 175, -1
1410, 1421, -1
252, 21, -1
888, 1004, -1
594, 744, -1
56, 511, -1
1056, 507, -1
423, 826, -1
1222, 1381, -1
225, 1459, -1
814, 514, -1
1247, 963, -1
145, 1245, -1
1302, 33, -1
362, 394, -1
1368, 1460, -1
600, 221, -1
1438, 536, -1
1223, 1438, -1
1225, 221, -1
1265, 397, -1
391, 480, -1
259, 443, -1
865, 1248, -1
1235, 1159, -1
446, 144, -1
818, 94, -1
648, 22, -1
1147, 928, -1
636, 1062, -1
201, 1289, -1
1337, 1173, -1
88, 577, -1
1004, 1149, -1
556, 893, -1
627, 1242, -1
279, 64, -1
939, 961, -1
177, 224, -1
706, 790, -1
1304, 509, -1
501, 1356, -1
763, 626, -1
537, 1213, -1
1186, 551, -1
314, 1323, -1
711, 1165, -1
247, 892, -1
3, 161, -1
1483, 167, -1
444, 1455, -1
395, 569, -1
712, 794, -1
637, 343, -1
942, 641, -1
334, 123, -1
234, 1184, -1
435, 1430, -1
404, 31, -1
1180, 584, -1
41, 129, -1
1381, 1336, -1
565, 1483, -1
291, 612, -1
189, 84, -1
1336, 664, -1
79, 1029, -1
395, 467, -1
1052, 475, -1
675, 1094, -1
1419, 836, -1
921, 400, -1
1031, 626, -1
1296, 1298, -1
298, 1152, -1
809, 365, -1
1236, 13, -1
524, 1103, -1
1412, 1443, -1
936, 586, -1
706, 1383, -1
628, 546, -1
1274, 423, -1
1212, 1064, -1
245, 1437, -1
428, 326, -1
1272, 961, -1
263, 1232, -1
254, 727, -1
1331, 581, -1
391, 1290, -1
1166, 970, -1
8, 1250, -1
760, 993, -1
597, 814, -1
760, 340, -1
462, 357, -1
385, 100, -1
1419, 604, -1
1306, 897, -1
919, 894, -1
1346, 801, -1
917, 966, -1
251, 1231, -1
617, 259, -1
945, 742, -1
1172, 683, -1
1108, 102, -1
708, 891, -1
709, 562, -1
520, 1467, -1
234, 111, -1
676, 1078, -1
1077, 1348, -1
203, 41, -1
851, 572, -1
1447, 709, -1
432, 1007, -1
405, 370, -1
177, 1020, -1
358, 1007, -1
1289, 479, -1
426, 1166, -1
542, 511, -1
733, 511, -1
1481, 847, -1
385, 362, -1
939, 863, -1
289, 446, -1
1052, 422, -1
529, 79, -1
961, 45, -1
697, 395, -1
808, 21, -1
394, 100, -1
177, 1478, -1
298, 1002, -1
1272, 863, -1
150, 423, -1
224, 177, -1
1289, 201, -1
1029, 79, -1
1481, 1263, -1
144, 446, -1
1152, 298, -1
475, 1052, -1
961, 939, -1
970, 1166, -1
45, 863, -1

