299, 1295, 1473, 3
776, 1017, 1263, 3
1171, 1345, 525, 3
1384, 1161, 724, 3
282, 106, 458, 3
125, 551, 837, 3
612, 622, 133, 3
828, 676, 769, 3
535, 1076, 1008, 3
1047, 463, 813, 3
236, 368, 1352, 3
160, 172, 1090, 3
763, 883, 552, 3
825, 1283, 885, 3
913, 981, 770, 3
522, 1409, 109, 3
727, 316, 868, 3
406, 427, 182, 3
1325, 1272, 830, 3
371, 269, 589, 3
178, 65, 1183, 3
1137, 738, 452, 3
447, 783, 141, 3
785, 1088, 1166, 3
446, 500, 1200, 3
732, 1412, 1240, 3
1298, 1319, 1199, 3
212, 1077, 487, 3
904, 1444, 1015, 3
1080, 1164, 1074, 3
556, 270, 576, 3
947, 518, 1001, 3
181, 168, 615, 3
0, 619, 1367, 3
1339, 590, 166, 3
248, 447, 952, 3
155, 179, 974, 3
40, 750, 28, 3
167, 820, 849, 3
1378, 760, 1336, 3
1189, 155, 262, 3
607, 828, 1461, 3
881, 1031, 119, 3
321, 216, 398, 3
123, 107, 890, 3
923, 1465, 136, 3
318, 1165, 598, 3
1054, 1204, 1468, 3
170, 1146, 526, 3
579, 4, 164, 3
710, 1429, 1314, 3
1265, 315, 1463, 3
14, 895, 1066, 3
65, 405, 725, 3
407, 743, 1033, 3
558, 601, 1396, 3
691, 178, 1103, 3
1312, 1416, 1096, 3
353, 388, 1133, 3
1257, 843, 855, 3
545, 419, 948, 3
964, 141, 748, 3
1018, 905, 647, 3
1411, 1324, 523, 3
1332, 321, 269, 3
492, 109, 1042, 3
1082, 369, 413, 3
1133, 1438, 772, 3
1176, 424, 19, 3
23, 1295, 1331, 3
855, 332, 566, 3
237, 561, 159, 3
1201, 90, 1397, 3
534, 632, 73, 3
196, 513, 507, 3
1017, 200, 42, 3
546, 433, 569, 3
596, 45, 1058, 3
619, 1047, 441, 3
154, 6, 633, 3
1250, 554, 440, 3
851, 805, 634, 3
1319, 537, 689, 3
146, 821, 831, 3
724, 1364, 782, 3
1356, 239, 1167, 3
1274, 904, 319, 3
906, 1292, 287, 3
1378, 1270, 898, 3
701, 734, 446, 3
761, 1105, 690, 3
886, 869, 1300, 3
649, 628, 513, 3
589, 1117, 557, 3
1338, 611, 912, 3
683, 330, 209, 3
1389, 462, 1417, 3
572, 926, 761, 3
195, 469, 305, 3
461, 702, 507, 3
922, 888, 662, 3
535, 553, 1228, 3
626, 1430, 1461, 3
497, 418, 454, 3
1444, 351, 1022, 3
1115, 24, 1276, 3
528, 491, 254, 3
720, 983, 1391, 3
509, 1318, 732, 3
781, 518, 598, 3
998, 344, 363, 3
1375, 735, 641, 3
797, 896, 693, 3
462, 265, 643, 3
451, 860, 279, 3
215, 82, 1157, 3
815, 627, 555, 3
165, 62, 731, 3
151, 880, 727, 3
1260, 1032, 239, 3
267, 295, 53, 3
883, 394, 757, 3
1130, 965, 1293, 3
66, 1063, 957, 3
729, 1396, 508, 3
419, 500, 929, 3
624, 407, 1248, 3
767, 1394, 537, 3
280, 173, 1076, 3
1435, 816, 49, 3
180, 1262, 1089, 3
1230, 86, 1080, 3
943, 696, 827, 3
13, 208, 397, 3
625, 786, 1162, 3
876, 214, 598, 3
1431, 1232, 1138, 3
276, 181, 1247, 3
48, 986, 567, 3
1262, 466, 792, 3
1461, 80, 575, 3
973, 232, 662, 3
100, 1369, 636, 3
1323, 1039, 1343, 3
988, 1020, 1472, 3
472, 1242, 886, 3
83, 1102, 965, 3
1010, 1088, 424, 3
534, 1162, 754, 3
1136, 153, 314, 3
953, 267, 369, 3
1400, 1276, 1165, 3
281, 1161, 506, 3
294, 447, 869, 3
783, 1239, 1176, 3
601, 871, 819, 3
1385, 1197, 231, 3
696, 68, 664, 3
1445, 692, 223, 3
924, 1001, 246, 3
1230, 164, 521, 3
598, 776, 825, 3
770, 115, 1153, 3
402, 1422, 911, 3
636, 1253, 1320, 3
664, 421, 291, 3
743, 795, 442, 3
1312, 1096, 486, 3
101, 974, 308, 3
722, 667, 1, 3
216, 1269, 743, 3
1233, 1020, 1448, 3
291, 626, 157, 3
661, 423, 945, 3
991, 1164, 942, 3
1073, 624, 175, 3
984, 1085, 781, 3
176, 989, 759, 3
544, 178, 84, 3
123, 363, 1216, 3
757, 1271, 404, 3
931, 324, 1248, 3
510, 539, 1045, 3
682, 768, 104, 3
895, 553, 426, 3
1282, 1455, 1, 3
103, 926, 874, 3
656, 427, 978, 3
1081, 743, 818, 3
395, 345, 38, 3
1308, 213, 1246, 3
844, 154, 1424, 3
754, 116, 602, 3
1439, 870, 1378, 3
476, 1266, 278, 3
1098, 1061, 546, 3
1408, 244, 1461, 3
1091, 152, 1053, 3
282, 1294, 289, 3
1430, 757, 1042, 3
943, 1049, 1195, 3
1218, 406, 1228, 3
766, 443, 1054, 3
17, 610, 647, 3
616, 1015, 522, 3
1312, 315, 853, 3
1321, 1059, 495, 3
1423, 167, 1015, 3
1478, 413, 449, 3
579, 234, 1275, 3
909, 114, 1018, 3
1014, 174, 597, 3
1304, 1053, 1124, 3
766, 1395, 626, 3
677, 1387, 1179, 3
1142, 233, 595, 3
1235, 542, 1301, 3
73, 80, 1300, 3
585, 707, 247, 3
122, 1332, 1316, 3
689, 105, 563, 3
391, 657, 725, 3
1058, 1142, 329, 3
1023, 1006, 95, 3
281, 1372, 927, 3
281, 1432, 91, 3
101, 79, 856, 3
27, 1359, 205, 3
308, 71, 169, 3
115, 382, 1420, 3
455, 1037, 958, 3
735, 1320, 239, 3
1253, 253, 86, 3
849, 1256, 1029, 3
1085, 1342, 1421, 3
567, 117, 69, 3
1152, 873, 127, 3
615, 446, 1271, 3
1397, 1205, 1451, 3
1448, 1274, 750, 3
795, 64, 0, 3
674, 427, 1273, 3
1335, 1285, 1020, 3
238, 1032, 1190, 3
276, 790, 424, 3
1452, 519, 589, 3
941, 1017, 598, 3
888, 1012, 593, 3
403, 929, 1320, 3
446, 1081, 1012, 3
994, 37, 115, 3
1294, 201, 155, 3
842, 1163, 86, 3
43, 852, 268, 3
908, 668, 935, 3
936, 865, 883, 3
577, 736, 290, 3
915, 995, 1045, 3
146, 384, 1446, 3
839, 461, 1291, 3
114, 268, 424, 3
552, 1448, 1006, 3
551, 876, 1029, 3
872, 347, 480, 3
1203, 605, 748, 3
776, 1223, 1461, 3
1222, 1426, 289, 3
1286, 1403, 1209, 3
314, 1473, 1185, 3
218, 1262, 703, 3
1480, 800, 612, 3
1364, 1151, 657, 3
851, 1339, 202, 3
1332, 60, 215, 3
341, 446, 380, 3
146, 1008, 723, 3
845, 1231, 332, 3
590, 1234, 28, 3
821, 933, 234, 3
64, 1264, 1483, 3
45, 581, 1288, 3
648, 763, 1224, 3
1272, 650, 125, 3
172, 358, 1083, 3
359, 1361, 817, 3
144, 770, 1313, 3
0, 530, 659, 3
493, 340, 739, 3
980, 498, 1411, 3
1221, 1459, 187, 3
1200, 602, 811, 3
224, 1213, 1319, 3
862, 965, 503, 3
516, 1108, 1432, 3
314, 142, 1422, 3
810, 1319, 433, 3
231, 283, 722, 3
786, 461, 96, 3
1256, 711, 1249, 3
988, 1038, 1014, 3
1076, 391, 1256, 3
623, 235, 22, 3
1230, 1020, 1356, 3
36, 828, 1439, 3
1475, 1447, 810, 3
454, 1207, 1122, 3
390, 756, 313, 3
479, 1194, 910, 3
1080, 1088, 551, 3
1180, 823, 225, 3
278, 954, 899, 3
294, 888, 365, 3
709, 1120, 160, 3
274, 860, 454, 3
1121, 1334, 323, 3
207, 68, 901, 3
268, 878, 596, 3
137, 1434, 1459, 3
692, 547, 1377, 3
1435, 1275, 295, 3
84, 539, 1410, 3
974, 271, 570, 3
61, 375, 977, 3
323, 142, 1431, 3
90, 297, 1477, 3
703, 1440, 332, 3
814, 807, 147, 3
712, 809, 1057, 3
949, 840, 769, 3
43, 159, 1152, 3
181, 1143, 238, 3
278, 348, 64, 3
456, 117, 883, 3
613, 966, 886, 3
75, 1046, 866, 3
1394, 1102, 479, 3
1037, 114, 48, 3
199, 690, 949, 3
1415, 3, 663, 3
1277, 761, 1076, 3
26, 729, 166, 3
1376, 1018, 200, 3
424, 475, 1383, 3
511, 889, 258, 3
1423, 592, 1370, 3
1333, 379, 242, 3
1184, 578, 321, 3
863, 610, 170, 3
1368, 1302, 1068, 3
598, 259, 1216, 3
729, 178, 1319, 3
545, 610, 1436, 3
998, 1241, 941, 3
179, 821, 1349, 3
1064, 332, 258, 3
762, 75, 480, 3
1145, 1154, 16, 3
0, 1138, 967, 3
111, 571, 1353, 3
1223, 1112, 576, 3
294, 1193, 259, 3
779, 1223, 393, 3
1090, 779, 575, 3
1122, 810, 1169, 3
83, 1045, 3, 3
791, 814, 1292, 3
283, 257, 414, 3
948, 1363, 305, 3
749, 328, 890, 3
228, 918, 224, 3
1167, 928, 808, 3
327, 1437, 1226, 3
1446, 1229, 804, 3
1133, 1184, 568, 3
1412, 1024, 390, 3
1408, 496, 793, 3
705, 841, 793, 3
1179, 461, 574, 3
462, 194, 561, 3
34, 465, 729, 3
700, 1342, 1333, 3
675, 53, 688, 3
110, 1277, 1068, 3
233, 439, 957, 3
207, 629, 1055, 3
864, 186, 395, 3
615, 297, 771, 3
1348, 996, 546, 3
1277, 579, 288, 3
722, 863, 867, 3
180, 1328, 1233, 3
187, 532, 860, 3
947, 1133, 1351, 3
1343, 1367, 833, 3
1291, 523, 1476, 3
251, 904, 1054, 3
1310, 1283, 601, 3
411, 1458, 871, 3
1207, 661, 487, 3
134, 915, 379, 3
486, 14, 383, 3
1200, 219, 386, 3
1035, 676, 1394, 3
762, 1040, 1019, 3
1449, 283, 187, 3
63, 275, 1, 3
458, 1304, 30, 3
1258, 340, 625, 3
131, 1373, 704, 3
429, 1393, 1413, 3
419, 10, 1283, 3
261, 332, 77, 3
237, 65, 392, 3
817, 1254, 1125, 3
35, 265, 286, 3
1147, 532, 455, 3
1482, 606, 777, 3
467, 932, 613, 3
805, 1352, 1462, 3
468, 1349, 573, 3
1102, 560, 1475, 3
17, 1156, 477, 3
157, 1151, 600, 3
100, 36, 370, 3
942, 225, 236, 3
277, 1417, 1432, 3
228, 678, 307, 3
1092, 677, 1357, 3
114, 621, 812, 3
1210, 114, 889, 3
1395, 269, 37, 3
51, 1007, 1122, 3
736, 706, 1247, 3
110, 1321, 1289, 3
148, 275, 1219, 3
791, 1042, 1355, 3
1004, 25, 219, 3
669, 1059, 142, 3
816, 411, 1100, 3
87, 2, 43, 3
1074, 1119, 91, 3
1403, 852, 821, 3
1298, 866, 868, 3
981, 1081, 1278, 3
1469, 468, 190, 3
138, 279, 550, 3
838, 1149, 1067, 3
651, 605, 130, 3
913, 378, 305, 3
817, 897, 423, 3
231, 1436, 528, 3
1109, 428, 1062, 3
850, 549, 1079, 3
819, 1143, 155, 3
1110, 289, 1472, 3
1131, 1017, 618, 3
33, 898, 1364, 3
490, 286, 171, 3
487, 170, 122, 3
337, 764, 711, 3
635, 666, 1284, 3
888, 19, 1367, 3
1455, 646, 1302, 3
778, 1218, 496, 3
922, 109, 1139, 3
748, 1, 515, 3
593, 342, 931, 3
843, 953, 1177, 3
357, 276, 346, 3
282, 262, 1322, 3
1229, 1121, 1282, 3
493, 1157, 398, 3
370, 364, 330, 3
187, 1210, 375, 3
674, 1389, 314, 3
1065, 9, 922, 3
102, 27, 499, 3
262, 1038, 107, 3
550, 1078, 1170, 3
330, 1397, 154, 3
648, 1345, 1024, 3
904, 938, 606, 3
815, 220, 40, 3
288, 1423, 253, 3
638, 275, 160, 3
173, 1328, 1262, 3
921, 190, 774, 3
1067, 186, 1031, 3
1355, 707, 1250, 3
1228, 345, 1216, 3
1420, 498, 616, 3
1367, 523, 751, 3
1367, 1291, 533, 3
1057, 606, 421, 3
317, 1149, 568, 3
1221, 263, 466, 3
125, 1382, 1005, 3
488, 442, 74, 3
284, 1396, 136, 3
39, 682, 1178, 3
865, 291, 1
396, 187, 1
669, 583, 1
384, 768, 1
403, 65, 1
242, 241, 1
173, 380, 1
531, 780, 1
377, 355, 1
766, 912, 1
210, 869, 1
803, 339, 1
931, 185, 1
134, 436, 1
328, 184, 1
268, 251, 1
111, 11, 1
369, 388, 1
688, 230, 1
140, 353, 1
683, 145, 1
214, 557, 1
48, 750, 1
405, 837, 1
94, 660, 1
840, 938, 1
881, 253, 1
911, 341, 1
441, 284, 1
149, 375, 1
729, 65, 1
642, 242, 1
874, 807, 1
361, 833, 1
901, 529, 1
911, 771, 1
611, 608, 1
633, 494, 1
467, 70, 1
323, 900, 1
273, 500, 1
348, 131, 1
57, 161, 1
851, 435, 1
184, 371, 1
260, 164, 1
734, 440, 1
705, 347, 1
36, 868, 1
598, 867, 1
656, 576, 1
263, 567, 1
912, 673, 1
210, 526, 1
379, 355, 1
23, 171, 1
519, 385, 1
68, 846, 1
192, 370, 1
879, 111, 1
675, 429, 1
591, 765, 1
429, 291, 1
542, 130, 1
816, 685, 1
589, 679, 1
575, 395, 1
438, 142, 1
364, 310, 1
817, 366, 1
923, 260, 1
833, 717, 1
32, 261, 1
645, 62, 1
45, 808, 1
465, 908, 1
351, 500, 1
212, 455, 1
282, 147, 1
293, 20, 1
475, 478, 1
781, 783, 1
544, 376, 1
733, 336, 1
768, 132, 1
365, 270, 1
134, 385, 1
124, 168, 1
251, 7, 1
537, 705, 1
94, 674, 1
256, 345, 1
690, 226, 1
884, 93, 1
13, 159, 1
641, 75, 1
187, 351, 1
706, 411, 1
155, 639, 1
540, 557, 1
225, 668, 1
19, 880, 1
808, 766, 1
634, 503, 1
186, 261, 1
148, 137, 1
724, 144, 1
494, 581, 1
621, 698, 1
705, 375, 1
92, 68, 1
601, 589, 1
823, 734, 1
584, 638, 1
877, 940, 1
873, 260, 1
781, 701, 1
289, 396, 1
803, 427, 1
328, 371, 1
440, 823, 1
537, 347, 1
289, 187, 1
32, 186, 1
865, 429, 1
377, 379, 1
601, 679, 1
347, 375, 1
674, 660, 1
540, 214, 1
783, 701, 1
45, 766, 1
729, 403, 1
873, 164, 1
771, 341, 1
869, 526, 1
268, 7, 1
273, 351, 1
361, 717, 1
164, 923, 1
808, 912, 1
339, 427, 1
705, 149, 1
11, 879, 1
633, 581, 1
675, 291, 1
873, 923, 1
92, 846, 1
673, 766, 1
396, 351, 1
241, 642, 1
537, 375, 1
134, 519, 1
187, 500, 1
385, 436, 1
132, 384, 1
808, 673, 1
187, 396, 1
149, 537, 1
65, 403, 1
673, 45, 1
660, 94, 1
65, 729, 1
341, 911, 1
111, 879, 1
912, 766, 1
347, 149, 1
440, 734, 1
355, 379, 1
273, 187, 1
289, 351, 1
45, 912, 1
11, 111, 1
436, 519, 1
557, 214, 1
289, 500, 1
500, 351, 1
734, 823, 1
355, 377, 1
865, 675, 1
675, 865, 1
912, 45, 1
436, 134, 1
674, 94, 1
385, 519, 1
923, 164, 1
771, 911, 1
808, 45, 1
273, 396, 1
164, 260, 1
385, 134, 1
581, 494, 1
251, 268, 1
537, 149, 1
291, 429, 1
396, 500, 1
241, 242, 1
833, 361, 1
912, 808, 1
379, 377, 1
291, 675, 1
242, 642, 1
289, 273, 1
403, 729, 1
273, 289, 1
717, 361, 1
673, 808, 1
187, 289, 1
396, 273, 1
500, 289, 1
187, 273, 1
351, 289, 1
500, 273, 1
396, 289, 1
673, 912, 1
128, 162, -1
870, 106, -1
325, 283, -1
166, 48, -1
598, 766, -1
579, 507, -1
368, 149, -1
482, 18, -1
558, 39, -1
60, 333, -1
702, 626, -1
57, 238, -1
128, 319, -1
812, 364, -1
164, 117, -1
588, 299, -1
453, 670, -1
73, 338, -1
449, 570, -1
113, 894, -1
920, 597, -1
839, 727, -1
117, 126, -1
432, 10, -1
36, 481, -1
19, 922, -1
372, 756, -1
692, 95, -1
173, 239, -1
816, 370, -1
334, 409, -1
496, 612, -1
904, 380, -1
9, 507, -1
705, 528, -1
153, 691, -1
668, 615, -1
507, 180, -1
407, 415, -1
112, 506, -1
19, 291, -1
292, 717, -1
439, 833, -1
640, 624, -1
392, 855, -1
517, 752, -1
791, 136, -1
419, 642, -1
420, 866, -1
862, 187, -1
787, 78, -1
688, 241, -1
138, 258, -1
380, 778, -1
322, 459, -1
409, 24, -1
335, 287, -1
805, 565, -1
753, 343, -1
804, 709, -1
243, 157, -1
635, 804, -1
196, 885, -1
291, 527, -1
168, 186, -1
619, 817, -1
636, 130, -1
426, 330, -1
792, 612, -1
722, 884, -1
820, 43, -1
649, 720, -1
270, 601, -1
663, 694, -1
133, 26, -1
269, 661, -1
591, 784, -1
817, 615, -1
821, 860, -1
140, 157, -1
668, 631, -1
914, 265, -1
823, 134, -1
823, 618, -1
232, 853, -1
338, 69, -1
57, 193, -1
434, 604, -1
583, 255, -1
793, 102, -1
571, 456, -1
340, 836, -1
497, 648, -1
499, 72, -1
645, 283, -1
100, 892, -1
668, 712, -1
252, 488, -1
728, 31, -1
21, 344, -1
490, 813, -1
129, 167, -1
633, 478, -1
256, 479, -1
420, 476, -1
798, 252, -1
432, 343, -1
327, 411, -1
6, 70, -1
936, 110, -1
142, 722, -1
752, 232, -1
168, 696, -1
256, 624, -1
188, 480, -1
814, 466, -1
427, 248, -1
239, 470, -1
414, 535, -1
104, 363, -1
417, 174, -1
618, 295, -1
553, 770, -1
715, 293, -1
235, 290, -1
777, 821, -1
240, 460, -1
94, 76, -1
55, 471, -1
109, 895, -1
145, 501, -1
556, 664, -1
39, 435, -1
346, 64, -1
384, 247, -1
147, 34, -1
352, 60, -1
21, 669, -1
160, 720, -1
515, 903, -1
521, 47, -1
233, 8, -1
200, 16, -1
678, 652, -1
118, 498, -1
795, 69, -1
180, 779, -1
706, 824, -1
266, 528, -1
859, 288, -1
892, 456, -1
249, 915, -1
778, 573, -1
290, 57, -1
610, 215, -1
607, 349, -1
611, 231, -1
838, 820, -1
771, 860, -1
930, 445, -1
688, 604, -1
795, 433, -1
420, 217, -1
353, 512, -1
64, 333, -1
281, 528, -1
811, 711, -1
444, 839, -1
119, 234, -1
349, 789, -1
525, 547, -1
450, 723, -1
627, 153, -1
64, 427, -1
711, 836, -1
518, 780, -1
538, 564, -1
801, 683, -1
344, 770, -1
725, 173, -1
780, 217, -1
245, 100, -1
110, 752, -1
575, 821, -1
3, 506, -1
179, 692, -1
336, 925, -1
632, 49, -1
724, 639, -1
139, 729, -1
151, 238, -1
577, 316, -1
580, 54, -1
929, 684, -1
126, 210, -1
60, 885, -1
122, 166, -1
368, 913, -1
299, 462, -1
17, 563, -1
399, 213, -1
621, 658, -1
610, 251, -1
761, 362, -1
456, 222, -1
113, 866, -1
673, 325, -1
435, 215, -1
166, 455, -1
632, 349, -1
270, 123, -1
172, 790, -1
190, 48, -1
606, 913, -1
467, 195, -1
778, 96, -1
591, 498, -1
737, 339, -1
748, 187, -1
161, 844, -1
610, 63, -1
206, 89, -1
930, 808, -1
652, 905, -1
933, 862, -1
205, 449, -1
603, 446, -1
86, 511, -1
701, 2, -1
277, 121, -1
514, 435, -1
766, 857, -1
207, 180, -1
134, 734, -1
555, 521, -1
52, 56, -1
669, 213, -1
266, 89, -1
374, 754, -1
777, 299, -1
875, 765, -1
400, 906, -1
570, 528, -1
863, 886, -1
104, 703, -1
255, 194, -1
547, 269, -1
203, 890, -1
442, 796, -1
287, 200, -1
170, 482, -1
502, 234, -1
431, 2, -1
549, 295, -1
543, 26, -1
158, 860, -1
465, 623, -1
699, 270, -1
528, 281, -1
560, 17, -1
111, 581, -1
783, 774, -1
409, 480, -1
419, 636, -1
80, 921, -1
252, 819, -1
570, 505, -1
44, 465, -1
423, 396, -1
421, 559, -1
547, 252, -1
672, 801, -1
320, 293, -1
437, 84, -1
521, 604, -1
54, 319, -1
165, 318, -1
449, 246, -1
443, 383, -1
57, 470, -1
185, 588, -1
577, 240, -1
201, 937, -1
445, 614, -1
194, 295, -1
629, 499, -1
105, 562, -1
812, 384, -1
66, 753, -1
528, 262, -1
258, 566, -1
487, 720, -1
828, 711, -1
657, 721, -1
502, 578, -1
457, 387, -1
520, 763, -1
169, 884, -1
190, 291, -1
774, 553, -1
587, 827, -1
757, 694, -1
551, 693, -1
190, 165, -1
787, 375, -1
559, 417, -1
843, 223, -1
743, 90, -1
227, 22, -1
151, 98, -1
628, 681, -1
292, 471, -1
429, 87, -1
76, 773, -1
478, 524, -1
608, 702, -1
574, 900, -1
191, 487, -1
505, 859, -1
801, 490, -1
753, 897, -1
93, 611, -1
239, 373, -1
70, 111, -1
189, 449, -1
912, 334, -1
330, 118, -1
419, 186, -1
281, 84, -1
850, 805, -1
855, 784, -1
308, 691, -1
232, 337, -1
617, 22, -1
54, 627, -1
711, 665, -1
817, 569, -1
535, 867, -1
442, 788, -1
119, 362, -1
449, 117, -1
503, 703, -1
582, 640, -1
585, 122, -1
333, 897, -1
37, 320, -1
165, 121, -1
858, 194, -1
37, 652, -1
4, 666, -1
295, 38, -1
390, 268, -1
1, 728, -1
843, 117, -1
356, 637, -1
837, 582, -1
755, 532, -1
47, 693, -1
514, 765, -1
625, 751, -1
269, 291, -1
52, 117, -1
771, 110, -1
340, 393, -1
617, 775, -1
462, 543, -1
634, 704, -1
364, 903, -1
707, 320, -1
367, 796, -1
337, 608, -1
605, 370, -1
350, 84, -1
660, 740, -1
101, 138, -1
299, 443, -1
486, 155, -1
649, 591, -1
646, 398, -1
758, 340, -1
928, 314, -1
225, 615, -1
636, 542, -1
405, 582, -1
436, 734, -1
717, 439, -1
601, 365, -1
683, 501, -1
187, 423, -1
812, 310, -1
21, 583, -1
722, 438, -1
134, 823, -1
475, 524, -1
124, 696, -1
260, 117, -1
912, 598, -1
11, 581, -1
778, 173, -1
733, 925, -1
486, 639, -1
860, 911, -1
166, 750, -1
703, 634, -1
705, 787, -1
161, 470, -1
598, 535, -1
851, 215, -1
467, 6, -1
737, 803, -1
844, 57, -1
396, 748, -1
768, 812, -1
366, 615, -1
283, 62, -1
2, 781, -1
768, 247, -1
366, 569, -1
248, 803, -1
706, 327, -1
144, 639, -1
440, 134, -1
748, 351, -1
213, 583, -1
528, 375, -1
212, 166, -1
334, 766, -1
611, 702, -1
110, 911, -1
608, 93, -1
660, 76, -1
429, 527, -1
467, 111, -1
930, 766, -1
123, 365, -1
801, 145, -1
715, 20, -1
396, 862, -1
851, 39, -1
161, 193, -1
904, 173, -1
337, 611, -1
673, 334, -1
19, 429, -1
186, 124, -1
345, 624, -1
675, 87, -1
190, 750, -1
712, 225, -1
514, 591, -1
851, 514, -1
808, 598, -1
498, 765, -1
865, 269, -1
368, 375, -1
255, 669, -1
380, 239, -1
531, 518, -1
528, 537, -1
353, 157, -1
70, 879, -1
908, 623, -1
604, 230, -1
155, 724, -1
698, 658, -1
865, 527, -1
649, 765, -1
528, 347, -1
370, 685, -1
512, 140, -1
395, 821, -1
611, 884, -1
734, 134, -1
618, 734, -1
242, 419, -1
880, 291, -1
930, 45, -1
429, 190, -1
161, 238, -1
19, 865, -1
824, 411, -1
674, 76, -1
478, 494, -1
880, 922, -1
908, 44, -1
869, 126, -1
289, 423, -1
361, 439, -1
323, 574, -1
688, 242, -1
867, 766, -1
419, 261, -1
168, 261, -1
912, 325, -1
610, 268, -1
11, 70, -1
241, 230, -1
310, 903, -1
269, 429, -1
816, 192, -1
494, 111, -1
251, 390, -1
291, 87, -1
862, 351, -1
385, 823, -1
345, 479, -1
931, 588, -1
70, 195, -1
217, 531, -1
385, 734, -1
787, 149, -1
192, 605, -1
722, 93, -1
781, 774, -1
875, 591, -1
633, 475, -1
169, 93, -1
619, 366, -1
610, 7, -1
912, 857, -1
699, 365, -1
64, 803, -1
380, 725, -1
282, 34, -1
865, 190, -1
161, 290, -1
65, 139, -1
833, 292, -1
740, 94, -1
808, 857, -1
868, 481, -1
581, 879, -1
225, 631, -1
589, 270, -1
784, 765, -1
320, 20, -1
436, 823, -1
608, 231, -1
704, 503, -1
126, 526, -1
729, 139, -1
500, 862, -1
325, 766, -1
867, 45, -1
519, 823, -1
734, 519, -1
923, 117, -1
187, 862, -1
130, 636, -1
569, 817, -1
470, 57, -1
467, 879, -1
273, 748, -1
48, 166, -1
32, 124, -1
475, 581, -1
857, 45, -1
701, 774, -1
351, 423, -1
900, 574, -1
411, 327, -1
633, 111, -1
283, 645, -1
673, 867, -1
341, 110, -1
808, 930, -1
186, 419, -1
608, 884, -1
124, 261, -1
537, 787, -1
784, 591, -1
675, 19, -1
45, 334, -1
11, 494, -1
238, 57, -1
524, 478, -1
500, 423, -1
248, 339, -1
633, 879, -1
268, 390, -1
70, 6, -1
2, 701, -1
273, 862, -1
475, 494, -1
581, 478, -1
787, 537, -1
748, 500, -1
347, 787, -1
396, 423, -1
880, 429, -1
860, 341, -1
370, 605, -1
390, 7, -1
435, 39, -1
481, 36, -1
512, 353, -1
291, 269, -1
242, 230, -1
774, 783, -1
857, 808, -1
368, 537, -1
780, 518, -1
922, 19, -1
589, 365, -1
440, 385, -1
685, 192, -1
817, 619, -1
642, 230, -1
857, 673, -1
675, 190, -1
368, 347, -1
873, 117, -1
824, 706, -1
465, 44, -1
155, 486, -1
210, 126, -1
195, 467, -1
673, 930, -1
608, 337, -1
912, 867, -1
494, 879, -1
289, 748, -1
2, 783, -1
722, 142, -1
624, 256, -1
601, 270, -1
440, 618, -1
365, 679, -1
291, 19, -1
821, 575, -1
880, 865, -1
76, 94, -1
712, 668, -1
111, 70, -1
808, 867, -1
833, 439, -1
867, 535, -1
865, 19, -1
778, 380, -1
880, 675, -1
48, 190, -1
611, 93, -1
498, 591, -1
440, 519, -1
213, 669, -1
289, 862, -1
19, 675, -1
673, 598, -1
737, 427, -1
675, 269, -1
192, 685, -1
704, 634, -1
808, 325, -1
808, 334, -1
248, 427, -1
364, 812, -1
193, 57, -1
865, 87, -1
857, 766, -1
291, 190, -1
618, 823, -1
675, 527, -1
45, 598, -1
123, 270, -1
581, 111, -1
139, 403, -1
368, 705, -1
633, 11, -1
912, 930, -1
270, 679, -1
696, 168, -1
144, 155, -1
64, 339, -1
217, 780, -1
187, 748, -1
132, 812, -1
688, 642, -1
11, 467, -1
528, 705, -1
365, 589, -1
32, 419, -1
132, 247, -1
168, 32, -1
440, 436, -1
361, 292, -1
241, 419, -1
674, 740, -1
528, 149, -1
787, 705, -1
624, 345, -1
423, 273, -1
32, 168, -1
192, 816, -1
193, 161, -1
569, 366, -1
291, 880, -1
384, 812, -1
195, 70, -1
423, 187, -1
879, 70, -1
879, 494, -1
111, 494, -1
500, 748, -1
675, 880, -1
823, 519, -1
310, 812, -1
423, 500, -1
642, 419, -1
45, 325, -1
230, 642, -1
423, 289, -1
696, 124, -1
879, 581, -1
273, 423, -1
748, 273, -1
519, 734, -1
261, 168, -1
748, 289, -1
186, 168, -1
930, 912, -1
862, 289, -1
862, 273, -1
867, 912, -1
857, 912, -1

