1333, 1053, 1
1266, 135, 1
350, 915, 1
128, 700, 1
120, 899, 1
1434, 1403, 1
1061, 70, 1
1271, 570, 1
1004, 463, 1
635, 13, 1
825, 1483, 1
493, 612, 1
1245, 244, 1
356, 150, 1
296, 367, 1
682, 258, 1
230, 908, 1
656, 1271, 1
1206, 874, 1
97, 246, 1
1074, 132, 1
162, 312, 1
798, 1202, 1
1004, 1039, 1
463, 1039, 1
656, 570, 1
1039, 1004, 1
570, 1271, 1
1085, 678, -1
1277, 952, -1
1425, 247, -1
913, 456, -1
323, 756, -1
532, 1441, -1
1390, 118, -1
1188, 64, -1
869, 1071, -1
637, 1124, -1
378, 272, -1
1137, 418, -1
493, 312, -1
1169, 834, -1
912, 66, -1
795, 499, -1
929, 691, -1
1137, 1116, -1
386, 96, -1
149, 1408, -1
997, 628, -1
300, 943, -1
652, 1216, -1
274, 772, -1
864, 150, -1
477, 1320, -1
1057, 446, -1
1052, 1191, -1
1332, 303, -1
363, 932, -1
665, 915, -1
718, 1235, -1
661, 769, -1
1441, 1459, -1
758, 124, -1
1143, 1338, -1
146, 444, -1
456, 271, -1
320, 736, -1
876, 1400, -1
256, 1177, -1
782, 382, -1
1169, 495, -1
1355, 276, -1
173, 719, -1
121, 720, -1
79, 366, -1
1252, 193, -1
330, 849, -1
1121, 30, -1
614, 661, -1
830, 1434, -1
203, 507, -1
1420, 860, -1
1306, 191, -1
1136, 1418, -1
1341, 308, -1
508, 42, -1
818, 1200, -1
326, 176, -1
994, 75, -1
204, 1482, -1
425, 782, -1
1340, 164, -1
1154, 376, -1
704, 285, -1
739, 832, -1
514, 694, -1
590, 978, -1
79, 491, -1
471, 1354, -1
137, 993, -1
450, 259, -1
495, 806, -1
684, 1329, -1
810, 180, -1
162, 493, -1
1403, 830, -1
864, 356, -1
665, 350, -1
312, 612, -1
162, 612, -1
312, 493, -1
1434, 830, -1

