669, 733, 223, 3
378, 1354, 860, 3
1138, 922, 645, 3
1400, 149, 819, 3
1314, 1356, 1221, 3
117, 83, 1314, 3
1376, 241, 1168, 3
1424, 505, 668, 3
562, 682, 112, 3
1389, 412, 1129, 3
214, 398, 558, 3
197, 642, 1149, 3
213, 1158, 647, 3
101, 272, 1245, 3
1346, 1021, 342, 3
87, 937, 948, 3
743, 612, 996, 3
1378, 243, 86, 3
930, 732, 389, 3
1134, 1098, 742, 3
1133, 1377, 295, 3
1247, 859, 1131, 3
1469, 771, 1412, 3
944, 1206, 1291, 3
343, 909, 708, 3
142, 1190, 1337, 3
624, 1058, 1472, 3
1127, 526, 1318, 3
8, 758, 532, 3
647, 1032, 568, 3
748, 543, 811, 3
513, 812, 844, 3
203, 212, 779, 3
825, 1288, 123, 3
1157, 263, 743, 3
1408, 745, 1136, 3
1220, 814, 734, 3
1213, 608, 1076, 3
299, 1271, 700, 3
1469, 465, 681, 3
890, 811, 368, 3
1447, 1029, 897, 3
775, 270, 1064, 3
669, 80, 330, 3
1198, 1055, 0, 3
557, 916, 1319, 3
525, 696, 953, 3
690, 1393, 658, 3
1270, 1031, 554, 3
1446, 619, 489, 3
132, 349, 315, 3
1133, 301, 47, 3
611, 828, 873, 3
533, 142, 548, 3
516, 526, 58, 3
813, 354, 1241, 3
707, 1330, 414, 3
438, 807, 390, 3
89, 863, 1446, 3
171, 44, 1338, 3
510, 17, 183, 3
488, 969, 1446, 3
343, 321, 607, 3
643, 1022, 313, 3
592, 649, 88, 3
644, 683, 72, 3
178, 1382, 1092, 3
87, 1258, 1384, 3
1006, 447, 389, 3
905, 869, 654, 3
1050, 51, 915, 3
213, 1189, 1377, 3
1461, 288, 505, 3
1405, 1200, 622, 3
292, 1333, 742, 3
953, 648, 566, 3
464, 99, 850, 3
1018, 1316, 93, 3
5, 1331, 253, 3
1092, 645, 1101, 3
554, 1375, 1401, 3
1031, 362, 1312, 3
222, 1385, 208, 3
142, 927, 459, 3
1077, 1113, 973, 3
11, 140, 558, 3
81, 1407, 1159, 3
637, 212, 962, 3
257, 1312, 1017, 3
1293, 937, 839, 3
984, 414, 913, 3
1272, 916, 511, 3
199, 1167, 558, 3
290, 1075, 69, 3
143, 1229, 770, 3
45, 1276, 453, 3
650, 1132, 906, 3
1304, 519, 1111, 3
163, 886, 699, 3
758, 203, 263, 3
384, 985, 1099, 3
309, 1313, 1306, 3
1198, 936, 1224, 3
1441, 406, 17, 3
460, 1440, 1341, 3
977, 830, 918, 3
642, 576, 169, 3
1250, 405, 159, 3
573, 653, 1411, 3
1417, 895, 1060, 3
1419, 569, 346, 3
954, 604, 1345, 3
5, 1346, 52, 3
1190, 669, 320, 3
266, 566, 516, 3
605, 121, 799, 3
214, 355, 560, 3
768, 896, 1194, 3
1094, 606, 1001, 3
1066, 501, 1253, 3
13, 778, 557, 3
633, 414, 782, 3
1246, 964, 1024, 3
507, 1224, 365, 3
1245, 108, 518, 3
850, 482, 1430, 3
1120, 293, 971, 3
178, 1148, 569, 3
286, 1292, 866, 3
1394, 1222, 368, 3
431, 989, 16, 3
166, 1281, 1476, 3
151, 1057, 1306, 3
2, 661, 392, 3
824, 399, 155, 3
684, 1069, 53, 3
951, 836, 796, 3
668, 240, 641, 3
1307, 980, 1183, 3
1422, 257, 1326, 3
1354, 928, 428, 3
877, 717, 767, 3
107, 313, 727, 3
103, 1460, 730, 3
1095, 584, 537, 3
18, 1291, 588, 3
1400, 231, 75, 3
825, 882, 543, 3
990, 1430, 1375, 3
1442, 187, 129, 3
1187, 373, 421, 3
1429, 1078, 1254, 3
1109, 475, 875, 3
1105, 738, 1111, 3
1285, 147, 640, 3
37, 385, 1403, 3
97, 243, 1422, 3
1228, 856, 355, 3
1398, 715, 764, 3
73, 478, 107, 3
99, 1258, 390, 3
710, 327, 552, 3
548, 1460, 262, 3
1254, 86, 1397, 3
328, 887, 420, 3
1303, 334, 698, 3
209, 813, 1030, 3
231, 1068, 515, 3
65, 778, 924, 3
1298, 909, 1292, 3
1441, 20, 218, 3
339, 1439, 245, 3
450, 241, 97, 3
468, 91, 882, 3
770, 1282, 648, 3
894, 490, 939, 3
1069, 238, 1060, 3
1159, 1312, 565, 3
576, 8, 860, 3
179, 100, 554, 3
1010, 780, 1394, 3
1085, 244, 956, 3
176, 257, 292, 3
981, 1209, 34, 3
229, 595, 152, 3
555, 1151, 156, 3
570, 920, 1356, 3
765, 345, 48, 3
479, 490, 825, 3
1281, 437, 655, 3
1209, 1205, 835, 3
924, 599, 293, 3
928, 187, 1355, 3
966, 1236, 1050, 3
131, 493, 1039, 3
761, 345, 145, 3
1090, 1073, 673, 3
1415, 786, 416, 3
42, 954, 801, 3
1107, 976, 543, 3
1399, 713, 1217, 3
497, 801, 215, 3
908, 872, 780, 3
89, 705, 38, 3
983, 1101, 232, 3
1032, 583, 1146, 3
1147, 836, 1123, 3
121, 841, 1071, 3
310, 275, 113, 3
937, 824, 498, 3
661, 111, 155, 3
194, 313, 1158, 3
902, 355, 119, 3
1307, 864, 1428, 3
1148, 261, 1469, 3
668, 1075, 1187, 3
1105, 968, 619, 3
1438, 777, 924, 3
745, 1236, 520, 3
1439, 720, 913, 3
1295, 214, 887, 3
1464, 821, 330, 3
1265, 1312, 923, 3
1138, 572, 47, 3
698, 1391, 1274, 3
1469, 1231, 852, 3
1111, 1224, 488, 3
1156, 19, 110, 3
449, 645, 927, 3
222, 750, 442, 3
1362, 23, 980, 3
603, 206, 1219, 3
47, 1349, 130, 3
809, 1290, 400, 3
332, 143, 624, 3
762, 1057, 676, 3
402, 206, 766, 3
1325, 422, 1458, 3
146, 102, 561, 3
791, 1387, 852, 3
1183, 913, 515, 3
1359, 1378, 73, 3
708, 7, 791, 3
1140, 11, 605, 3
605, 1186, 412, 3
1476, 823, 362, 3
1314, 30, 1451, 3
8, 1252, 507, 3
575, 1221, 1264, 3
243, 752, 688, 3
549, 640, 230, 3
196, 1463, 945, 3
1158, 1418, 358, 3
1135, 177, 1006, 3
278, 342, 888, 3
736, 1405, 17, 3
946, 895, 1239, 3
887, 389, 1049, 3
1106, 454, 192, 3
643, 1083, 1234, 3
679, 1098, 485, 3
420, 572, 217, 3
817, 1065, 1055, 3
149, 515, 1070, 3
1169, 1442, 395, 3
1419, 314, 61, 3
258, 1104, 1166, 3
394, 1095, 1314, 3
506, 1446, 1134, 3
225, 468, 686, 3
871, 1343, 313, 3
1395, 1092, 1280, 3
429, 171, 835, 3
755, 243, 179, 3
1378, 1326, 1421, 3
833, 75, 29, 3
711, 69, 29, 3
1379, 77, 726, 3
1393, 421, 39, 3
489, 857, 724, 3
1459, 614, 469, 3
1249, 365, 1291, 3
622, 1173, 705, 3
39, 720, 1291, 3
545, 555, 91, 3
1008, 1168, 1370, 3
436, 851, 1058, 3
477, 1070, 772, 3
48, 502, 556, 3
597, 707, 1313, 3
1343, 651, 1121, 3
1215, 822, 146, 3
985, 1048, 1150, 3
919, 632, 1321, 3
1089, 1040, 541, 3
570, 11, 401, 3
600, 1250, 789, 3
552, 813, 130, 3
151, 377, 234, 3
630, 868, 344, 3
289, 631, 855, 3
973, 806, 1179, 3
1480, 820, 1370, 3
546, 296, 806, 3
1031, 308, 275, 3
194, 336, 509, 3
929, 713, 553, 3
293, 3, 11, 3
1201, 504, 1078, 3
626, 611, 366, 3
3, 337, 544, 3
1093, 960, 269, 3
369, 550, 1083, 3
114, 1192, 1236, 3
1468, 987, 1437, 3
836, 891, 507, 3
40, 636, 340, 3
1273, 841, 1300, 3
1163, 1051, 1391, 3
1376, 347, 1129, 3
1436, 507, 1179, 3
615, 1370, 1421, 3
1071, 886, 1222, 3
457, 169, 968, 3
684, 730, 1076, 3
1376, 631, 353, 3
1178, 1472, 650, 3
296, 755, 1253, 3
662, 949, 889, 3
944, 429, 1428, 3
1476, 449, 1100, 3
77, 742, 812, 3
65, 270, 1439, 3
920, 468, 48, 3
599, 337, 1170, 3
525, 380, 1296, 3
1221, 968, 592, 3
149, 763, 615, 3
367, 1148, 91, 3
503, 732, 961, 3
1155, 763, 41, 3
28, 845, 749, 3
1390, 1381, 1397, 3
1282, 1264, 77, 3
1090, 797, 635, 3
737, 438, 1329, 3
326, 1061, 895, 3
249, 181, 851, 3
992, 1195, 571, 3
277, 697, 821, 3
352, 801, 141, 3
431, 698, 246, 3
14, 1372, 480, 3
690, 1099, 981, 3
240, 783, 1141, 3
798, 878, 104, 3
1211, 1049, 546, 3
932, 781, 281, 3
936, 1323, 1365, 3
474, 334, 463, 3
1328, 1054, 679, 3
1061, 1414, 391, 3
442, 195, 1225, 3
866, 1124, 10, 3
1030, 1047, 424, 3
138, 1172, 412, 3
188, 377, 221, 3
942, 1275, 876, 3
12, 109, 1402, 3
662, 1388, 1067, 3
246, 1094, 533, 3
914, 993, 1367, 3
1466, 1079, 923, 3
871, 863, 341, 3
1440, 734, 574, 3
537, 150, 1392, 3
401, 815, 1085, 3
948, 1326, 802, 3
322, 546, 777, 3
1002, 801, 191, 3
334, 32, 943, 3
256, 828, 1019, 3
306, 892, 48, 3
823, 625, 490, 3
1058, 1139, 876, 3
30, 612, 859, 3
779, 321, 1444, 3
77, 625, 709, 3
73, 976, 346, 3
952, 154, 569, 3
1481, 677, 47, 3
1372, 1436, 1381, 3
840, 259, 445, 3
1395, 69, 478, 3
1162, 583, 1118, 3
1054, 722, 248, 3
1296, 413, 353, 3
1124, 964, 205, 3
546, 1133, 1209, 3
400, 1030, 61, 3
82, 1075, 129, 3
1452, 453, 1193, 3
1062, 365, 345, 3
305, 1395, 424, 3
503, 149, 592, 3
40, 11, 769, 3
105, 82, 180, 3
1464, 549, 737, 3
80, 1238, 690, 3
1290, 1277, 985, 3
1166, 877, 677, 3
1044, 1006, 766, 3
1091, 977, 674, 3
1248, 1169, 188, 3
787, 1034, 1393, 3
1192, 68, 726, 3
1069, 982, 610, 3
199, 1056, 907, 3
103, 1181, 390, 3
1218, 1227, 793, 3
0, 1324, 1306, 3
266, 274, 462, 3
278, 861, 1161, 3
1441, 30, 1335, 3
715, 1049, 220, 3
1259, 130, 1363, 3
444, 802, 631, 3
901, 1385, 238, 3
1135, 556, 372, 3
824, 615, 579, 3
528, 1272, 271, 3
592, 362, 129, 3
235, 846, 639, 3
271, 876, 817, 3
912, 666, 615, 3
952, 441, 853, 3
1464, 885, 64, 3
966, 517, 158, 3
460, 777, 1419, 3
994, 1102, 612, 3
24, 64, 439, 3
697, 459, 1151, 3
1046, 1152, 1314, 3
1059, 523, 876, 3
414, 133, 563, 3
1482, 347, 389, 3
98, 1037, 106, 3
1233, 1073, 871, 3
1034, 1210, 14, 3
585, 295, 966, 3
335, 128, 638, 3
452, 1269, 353, 3
336, 737, 813, 3
172, 168, 564, 3
1131, 971, 1422, 3
1197, 1096, 1094, 3
568, 252, 829, 3
1385, 1413, 1000, 3
805, 583, 447, 3
667, 183, 649, 3
1452, 699, 162, 3
1041, 735, 370, 3
1471, 534, 937, 3
1237, 270, 425, 3
63, 1029, 608, 3
190, 663, 1095, 3
866, 959, 915, 3
1477, 1129, 684, 3
13, 896, 1388, 3
34, 424, 734, 3
208, 1204, 531, 3
891, 1203, 247, 3
199, 864, 695, 3
533, 90, 1192, 3
147, 500, 878, 3
616, 1452, 700, 3
949, 131, 1253, 3
552, 1153, 54, 3
66, 1089, 1397, 3
1048, 1185, 233, 3
1049, 994, 152, 3
36, 618, 558, 3
461, 297, 725, 3
1163, 450, 1090, 3
488, 73, 1161, 3
174, 1175, 1413, 3
523, 947, 411, 3
1417, 1256, 1283, 3
1417, 774, 892, 3
472, 605, 419, 3
1332, 315, 1271, 3
124, 166, 959, 3
1034, 1149, 692, 3
875, 228, 1431, 3
890, 510, 1289, 3
668, 154, 40, 3
1337, 759, 510, 3
123, 174, 389, 3
863, 283, 63, 3
1267, 626, 540, 3
518, 336, 777, 3
1176, 804, 773, 3
75, 592, 66, 3
1419, 1111, 547, 3
1253, 847, 813, 3
1006, 1469, 1208, 3
177, 567, 878, 3
1467, 854, 1430, 3
130, 353, 1089, 3
253, 1385, 1115, 3
1198, 386, 688, 3
35, 986, 1168, 3
6, 28, 129, 3
99, 1359, 1203, 3
1429, 1454, 681, 3
804, 1137, 971, 3
777, 624, 1312, 3
1129, 58, 649, 3
1039, 340, 437, 3
686, 854, 545, 3
1014, 1281, 731, 3
966, 733, 409, 3
66, 385, 1036, 3
140, 471, 1423, 3
397, 594, 59, 3
1191, 118, 312, 3
521, 1426, 1440, 3
338, 311, 149, 3
1335, 1391, 1175, 3
121, 308, 776, 3
688, 1327, 933, 3
1306, 460, 1382, 3
658, 832, 582, 3
914, 1083, 433, 3
179, 283, 1387, 3
1408, 1082, 402, 3
274, 1305, 1036, 3
1138, 1218, 394, 3
425, 282, 1290, 3
1132, 77, 668, 3
318, 1279, 1153, 3
1472, 1110, 254, 3
950, 1441, 1176, 3
1478, 23, 695, 3
1049, 817, 576, 3
1256, 929, 587, 3
273, 1027, 114, 3
1199, 157, 789, 3
859, 694, 9, 3
1444, 1400, 1395, 3
585, 883, 1067, 3
576, 1197, 1215, 3
277, 159, 1336, 3
237, 781, 101, 3
1215, 1313, 556, 3
1389, 1, 1361, 3
1198, 1181, 656, 3
600, 770, 660, 3
487, 225, 905, 3
1089, 1226, 51, 3
1001, 539, 509, 3
1146, 1470, 249, 3
503, 5, 252, 3
1334, 1119, 1215, 3
1155, 600, 1119, 3
264, 1087, 750, 3
947, 1148, 197, 3
779, 1100, 790, 3
1456, 656, 567, 3
248, 1431, 997, 3
458, 357, 1315, 3
742, 1101, 841, 3
1080, 867, 1046, 3
813, 1102, 262, 3
157, 407, 1363, 3
1185, 326, 1264, 3
1117, 1475, 1405, 3
800, 572, 1016, 3
1207, 268, 1229, 3
167, 897, 54, 3
97, 342, 937, 3
264, 943, 1101, 3
1466, 357, 283, 3
549, 1194, 227, 3
710, 956, 392, 3
864, 162, 284, 3
1058, 1015, 393, 3
621, 758, 638, 3
1160, 1418, 868, 3
484, 1220, 826, 3
85, 948, 1200, 3
53, 1146, 607, 3
1205, 814, 420, 3
943, 739, 1483, 3
515, 698, 1036, 3
1314, 460, 623, 3
770, 1016, 1001, 3
1470, 15, 353, 3
704, 1111, 915, 3
113, 1086, 84, 3
819, 954, 330, 3
1087, 122, 1294, 3
1450, 581, 770, 3
105, 1033, 928, 3
171, 321, 837, 3
171, 90, 789, 3
278, 350, 1470, 3
171, 153, 464, 3
1319, 193, 915, 3
1119, 432, 818, 3
873, 304, 205, 3
542, 665, 511, 3
1362, 798, 1081, 3
945, 360, 174, 3
57, 477, 1139, 3
575, 805, 1288, 3
719, 586, 331, 3
675, 499, 62, 3
1294, 350, 873, 3
1161, 1109, 1085, 3
79, 651, 1338, 3
29, 1482, 330, 3
953, 1438, 364, 3
1414, 837, 423, 3
216, 223, 588, 3
991, 922, 1226, 3
661, 993, 1041, 3
147, 349, 115, 3
673, 471, 1027, 3
1071, 2, 1385, 3
215, 1124, 850, 3
335, 374, 1302, 3
736, 88, 52, 3
146, 965, 220, 3
1183, 1383, 1371, 3
375, 717, 1033, 3
1330, 807, 485, 3
478, 1324, 670, 3
566, 534, 1171, 3
488, 760, 1, 3
14, 188, 764, 3
1040, 878, 1454, 3
205, 1004, 1250, 3
53, 325, 1319, 3
113, 213, 918, 3
396, 689, 240, 3
1039, 7, 314, 3
168, 645, 995, 3
167, 1482, 1458, 3
281, 1135, 1375, 3
66, 707, 1205, 3
738, 1224, 1064, 3
404, 1479, 410, 3
535, 389, 529, 3
577, 372, 1224, 3
1175, 1453, 1226, 3
1129, 273, 823, 3
1054, 284, 1321, 3
952, 841, 1367, 3
1397, 712, 404, 3
303, 33, 1352, 3
310, 445, 623, 3
633, 1406, 1267, 3
896, 242, 1357, 3
647, 78, 1452, 3
954, 712, 330, 3
414, 804, 269, 3
1139, 1043, 197, 3
934, 168, 127, 3
244, 271, 203, 3
1355, 609, 242, 3
671, 228, 607, 3
574, 55, 469, 3
1428, 52, 2, 3
971, 241, 811, 3
1260, 250, 941, 3
159, 769, 438, 3
640, 493, 172, 3
970, 349, 827, 3
624, 1466, 342, 3
539, 1020, 269, 3
211, 136, 114, 3
229, 306, 520, 3
266, 1301, 105, 3
1067, 548, 13, 3
99, 1330, 879, 3
1158, 785, 1066, 3
63, 1151, 858, 3
264, 578, 192, 3
1040, 788, 880, 3
307, 153, 1451, 3
655, 1200, 872, 3
983, 1190, 543, 3
839, 29, 66, 3
944, 1355, 379, 3
387, 509, 1272, 3
1376, 58, 108, 3
1187, 389, 266, 3
218, 475, 651, 3
924, 1298, 21, 3
1103, 231, 876, 3
827, 684, 538, 3
845, 765, 1322, 3
219, 377, 322, 3
1234, 967, 601, 3
351, 1161, 451, 3
1309, 1303, 555, 3
1211, 969, 880, 3
308, 604, 495, 3
224, 811, 323, 3
838, 112, 1018, 3
271, 456, 868, 3
336, 1038, 707, 3
997, 1384, 134, 3
1099, 1475, 312, 3
454, 922, 1066, 3
1471, 613, 395, 3
947, 1158, 395, 3
401, 145, 941, 3
187, 441, 558, 3
895, 1422, 1134, 3
1135, 377, 972, 3
1081, 1201, 496, 3
1224, 883, 1211, 3
1082, 773, 852, 3
1340, 117, 937, 3
840, 1065, 193, 3
774, 903, 397, 3
710, 902, 974, 3
760, 758, 689, 3
843, 1251, 648, 3
1177, 934, 248, 3
800, 152, 1208, 3
697, 1282, 502, 3
1077, 249, 1178, 3
238, 0, 1445, 3
1356, 172, 1343, 3
1365, 591, 262, 3
1030, 105, 559, 3
165, 812, 1410, 3
1291, 430, 694, 3
573, 92, 482, 3
152, 431, 1000, 3
647, 718, 323, 3
61, 240, 229, 3
1105, 1269, 1480, 3
200, 384, 1370, 3
577, 233, 1202, 3
1174, 707, 818, 3
1070, 447, 1336, 3
6, 711, 792, 3
1372, 146, 1262, 3
879, 402, 966, 3
801, 1466, 702, 3
198, 664, 1475, 3
187, 1261, 257, 3
967, 671, 66, 3
0, 884, 898, 3
76, 598, 1437, 3
1283, 946, 633, 3
773, 1344, 863, 3
663, 444, 50, 3
1085, 622, 776, 3
672, 1443, 1309, 3
1294, 242, 622, 3
466, 640, 1082, 3
206, 76, 866, 3
1397, 1476, 703, 3
80, 410, 103, 3
1435, 1349, 522, 3
371, 896, 80, 3
104, 33, 1273, 3
408, 846, 637, 3
756, 1325, 237, 3
1161, 615, 269, 3
160, 403, 720, 3
355, 1349, 46, 3
415, 580, 358, 3
1450, 1378, 1038, 3
1179, 1131, 156, 3
865, 208, 1047, 3
1320, 703, 417, 3
17, 836, 789, 3
113, 1098, 279, 3
1218, 1167, 884, 3
885, 921, 1103, 3
796, 324, 734, 3
575, 62, 385, 3
1019, 1351, 715, 3
123, 1404, 1393, 3
789, 1198, 831, 3
624, 918, 287, 3
1480, 976, 401, 3
284, 1363, 1225, 3
507, 806, 650, 3
149, 458, 426, 3
428, 1016, 334, 3
273, 431, 420, 3
934, 770, 1423, 3
245, 1159, 771, 3
1083, 585, 595, 3
562, 534, 1161, 3
1415, 369, 557, 3
1005, 987, 668, 3
1387, 214, 641, 3
424, 753, 760, 3
1254, 197, 593, 3
1288, 1090, 1176, 3
474, 775, 107, 3
215, 1213, 1152, 3
1011, 1390, 633, 3
7, 1178, 156, 3
984, 177, 1109, 3
432, 1468, 580, 3
830, 1242, 643, 3
810, 44, 372, 3
58, 877, 96, 3
1251, 1230, 1282, 3
430, 260, 96, 3
36, 1, 978, 3
282, 106, 729, 3
827, 1095, 238, 3
823, 182, 1461, 3
721, 456, 461, 3
615, 197, 1274, 3
221, 1387, 440, 3
867, 945, 15, 3
1022, 1415, 17, 3
988, 298, 1366, 3
116, 871, 113, 3
770, 1467, 239, 3
132, 1015, 899, 3
783, 18, 829, 3
1454, 1107, 826, 3
1471, 47, 1376, 3
1039, 1381, 1142, 3
431, 1039, 1224, 3
1075, 1184, 893, 3
343, 1155, 1086, 3
760, 323, 1067, 3
48, 1373, 3, 3
1041, 907, 1096, 3
99, 1213, 138, 3
8, 172, 255, 3
428, 36, 260, 3
1071, 335, 126, 3
247, 242, 806, 3
900, 1141, 244, 3
56, 449, 1060, 3
1320, 1120, 1154, 3
3, 516, 1462, 3
1190, 940, 820, 3
91, 674, 1242, 3
186, 83, 1372, 3
35, 1346, 830, 3
214, 992, 396, 3
101, 710, 493, 3
63, 1287, 241, 3
502, 942, 1182, 3
443, 463, 835, 3
1421, 906, 927, 3
1159, 418, 274, 3
145, 1359, 1136, 3
581, 608, 1109, 3
477, 1374, 356, 3
483, 810, 1342, 3
898, 1264, 1130, 3
1233, 711, 1070, 3
77, 1047, 1221, 3
912, 122, 1407, 3
1344, 1005, 51, 3
299, 725, 1004, 3
731, 1106, 909, 3
1058, 834, 1057, 3
87, 515, 1427, 3
143, 81, 439, 3
333, 1393, 114, 3
535, 61, 1234, 3
871, 81, 997, 3
491, 1047, 435, 3
600, 519, 72, 3
542, 217, 662, 3
742, 602, 789, 3
673, 872, 1332, 3
898, 5, 75, 3
922, 544, 1127, 3
901, 194, 481, 3
1257, 533, 1361, 3
440, 1327, 431, 3
1336, 452, 103, 3
693, 968, 663, 3
1274, 532, 1177, 3
501, 750, 1456, 3
1316, 1010, 478, 3
880, 707, 964, 3
1301, 372, 612, 3
1215, 932, 988, 3
1172, 462, 341, 3
966, 1460, 948, 3
1056, 722, 520, 3
766, 1127, 829, 3
813, 530, 536, 3
120, 1086, 58, 3
379, 341, 402, 3
735, 1333, 697, 3
327, 1014, 679, 3
494, 4, 118, 3
493, 343, 708, 3
87, 521, 1177, 3
1331, 1386, 692, 3
14, 412, 405, 3
1446, 721, 252, 3
696, 794, 159, 3
1110, 859, 1265, 3
208, 306, 932, 3
1231, 655, 454, 3
1213, 122, 1077, 3
374, 85, 1344, 3
167, 856, 1074, 3
464, 1352, 1004, 3
884, 685, 130, 3
1336, 1273, 590, 3
229, 291, 1355, 3
831, 1391, 1184, 3
43, 430, 322, 3
880, 650, 70, 3
626, 42, 1194, 3
474, 362, 579, 3
497, 391, 463, 3
1019, 758, 1147, 3
1274, 950, 899, 3
39, 97, 188, 3
604, 149, 1006, 3
786, 342, 1475, 3
1020, 743, 231, 3
453, 1258, 1482, 3
906, 682, 71, 3
683, 935, 144, 3
991, 485, 753, 3
361, 1138, 108, 3
133, 1360, 1394, 3
651, 132, 553, 3
766, 1333, 796, 3
1380, 578, 558, 3
1438, 925, 1074, 3
593, 97, 1409, 3
61, 1463, 444, 3
115, 1290, 89, 3
325, 1040, 832, 3
724, 1003, 947, 3
1318, 228, 123, 3
196, 1120, 1416, 3
1456, 1437, 53, 3
487, 1457, 935, 3
97, 81, 495, 3
1310, 1168, 1393, 3
171, 58, 992, 3
1437, 1194, 814, 3
112, 737, 1041, 3
537, 533, 1056, 3
115, 1375, 771, 3
817, 1427, 518, 3
635, 550, 438, 3
346, 325, 892, 3
1371, 531, 1416, 3
1477, 1037, 1046, 3
33, 1425, 847, 3
1025, 894, 1009, 3
751, 1317, 611, 3
597, 913, 1292, 3
1080, 178, 651, 3
1028, 1281, 1430, 3
594, 820, 1290, 3
387, 557, 778, 3
589, 622, 344, 3
996, 148, 356, 3
584, 1142, 1481, 3
1124, 1365, 148, 3
1006, 1062, 73, 3
1201, 831, 1267, 3
524, 1056, 520, 3
80, 713, 575, 3
7, 1271, 1463, 3
1131, 1098, 255, 3
675, 1377, 1116, 3
1385, 950, 307, 3
1153, 253, 1239, 3
959, 1119, 758, 3
1006, 32, 1301, 3
1199, 462, 166, 3
630, 72, 1260, 3
623, 451, 1026, 3
313, 1437, 592, 3
250, 303, 1029, 3
558, 301, 34, 3
707, 1435, 13, 3
803, 1252, 233, 3
1468, 346, 862, 3
253, 606, 450, 3
675, 394, 1189, 3
62, 152, 1
554, 392, 1
440, 1011, 1
1175, 774, 1
216, 773, 1
859, 77, 1
529, 126, 1
1227, 967, 1
1131, 313, 1
517, 224, 1
131, 1081, 1
570, 360, 1
1260, 426, 1
859, 920, 1
696, 1029, 1
825, 1015, 1
825, 429, 1
586, 1096, 1
724, 1065, 1
1222, 684, 1
1153, 851, 1
956, 537, 1
279, 18, 1
1415, 371, 1
1049, 23, 1
180, 1281, 1
763, 654, 1
1049, 674, 1
1315, 821, 1
1171, 1048, 1
334, 1279, 1
1040, 935, 1
717, 1129, 1
1163, 643, 1
1154, 600, 1
335, 914, 1
1321, 145, 1
731, 860, 1
584, 1464, 1
1234, 934, 1
437, 1082, 1
282, 182, 1
1120, 249, 1
564, 1271, 1
736, 1303, 1
674, 23, 1
920, 77, 1
429, 1015, 1
920, 859, 1
277, 1419, -1
1071, 1219, -1
925, 40, -1
7, 1170, -1
669, 1077, -1
313, 82, -1
196, 485, -1
273, 1182, -1
864, 528, -1
132, 375, -1
1383, 174, -1
1443, 665, -1
828, 569, -1
1355, 59, -1
225, 367, -1
494, 768, -1
1168, 1370, -1
1296, 921, -1
38, 725, -1
483, 658, -1
254, 511, -1
1074, 1079, -1
753, 423, -1
379, 415, -1
1094, 1166, -1
590, 829, -1
1334, 580, -1
590, 1111, -1
683, 286, -1
899, 1288, -1
1442, 819, -1
832, 935, -1
794, 271, -1
1410, 707, -1
681, 70, -1
339, 1192, -1
174, 675, -1
1475, 1388, -1
789, 927, -1
1054, 1403, -1
1003, 443, -1
108, 1195, -1
783, 355, -1
670, 145, -1
1385, 830, -1
243, 648, -1
82, 782, -1
4, 1154, -1
825, 918, -1
305, 718, -1
1159, 733, -1
151, 699, -1
1237, 953, -1
745, 197, -1
648, 222, -1
41, 398, -1
510, 431, -1
912, 1195, -1
7, 756, -1
985, 782, -1
1231, 110, -1
689, 690, -1
132, 891, -1
1157, 472, -1
471, 793, -1
1167, 859, -1
645, 12, -1
87, 666, -1
421, 626, -1
538, 534, -1
549, 1166, -1
57, 148, -1
1450, 83, -1
1137, 914, -1
1055, 1482, -1
123, 857, -1
592, 571, -1
1398, 902, -1
525, 595, -1
233, 1241, -1
875, 1110, -1
15, 902, -1
231, 233, -1
883, 1390, -1
1314, 17, -1
212, 499, -1
82, 821, -1
868, 102, -1
511, 415, -1
138, 850, -1
505, 1265, -1
1279, 598, -1
1133, 1171, -1
579, 755, -1
912, 1117, -1
1082, 559, -1
162, 1450, -1
995, 1129, -1
1065, 758, -1
1335, 831, -1
242, 985, -1
1317, 128, -1
1022, 1200, -1
718, 902, -1
1251, 174, -1
777, 774, -1
553, 219, -1
1373, 1344, -1
1132, 1002, -1
199, 1016, -1
1394, 587, -1
1360, 421, -1
1177, 753, -1
839, 390, -1
327, 1094, -1
430, 418, -1
700, 367, -1
40, 1381, -1
759, 361, -1
1294, 323, -1
560, 919, -1
1475, 699, -1
530, 19, -1
126, 29, -1
895, 498, -1
1256, 1002, -1
421, 1075, -1
690, 1407, -1
777, 655, -1
305, 127, -1
188, 1273, -1
1288, 532, -1
349, 506, -1
1276, 1186, -1
864, 489, -1
523, 1086, -1
774, 150, -1
471, 353, -1
563, 180, -1
501, 8, -1
450, 351, -1
555, 515, -1
1365, 1207, -1
1211, 1249, -1
663, 296, -1
1451, 289, -1
65, 585, -1
441, 953, -1
133, 9, -1
1104, 698, -1
1296, 341, -1
81, 1051, -1
1239, 1039, -1
1251, 1142, -1
384, 876, -1
334, 598, -1
918, 1015, -1
920, 1167, -1
77, 1167, -1
1048, 1133, -1
1281, 563, -1
1137, 335, -1
670, 1321, -1
724, 758, -1
150, 1175, -1
82, 1315, -1
995, 717, -1
777, 1175, -1
832, 1040, -1
600, 4, -1
82, 1131, -1
529, 29, -1
437, 559, -1
429, 918, -1
145, 670, -1
1154, 4, -1
29, 126, -1
1129, 995, -1
598, 1279, -1
1171, 1133, -1
859, 1167, -1

