1271, 895, 423, 3
584, 79, 755, 3
614, 565, 147, 3
1395, 568, 1399, 3
1036, 322, 496, 3
1214, 217, 1480, 3
441, 1115, 553, 3
1282, 697, 934, 3
893, 138, 1281, 3
401, 1044, 259, 3
952, 1224, 1439, 3
73, 916, 958, 3
1260, 1117, 197, 3
1126, 473, 457, 3
1183, 1061, 645, 3
1322, 132, 1312, 3
1444, 1311, 341, 3
771, 816, 1050, 3
32, 772, 1178, 3
197, 201, 336, 3
793, 875, 710, 3
1337, 645, 490, 3
766, 1158, 141, 3
352, 1326, 1334, 3
988, 270, 1243, 3
1077, 1165, 991, 3
546, 994, 631, 3
931, 419, 885, 3
288, 1158, 1272, 3
1262, 1037, 529, 3
1193, 793, 1330, 3
443, 556, 921, 3
486, 1315, 338, 3
364, 197, 520, 3
132, 1016, 419, 3
238, 1468, 707, 3
1058, 1290, 775, 3
846, 1080, 948, 3
695, 191, 120, 3
888, 1229, 228, 3
973, 1301, 1156, 3
352, 972, 259, 3
68, 1461, 643, 3
897, 1352, 964, 3
59, 278, 1280, 3
292, 424, 438, 3
315, 1000, 96, 3
1452, 1359, 292, 3
173, 1142, 363, 3
812, 237, 63, 3
88, 1169, 937, 3
994, 1350, 1397, 3
80, 732, 1221, 3
847, 1454, 910, 3
709, 508, 364, 3
172, 1221, 178, 3
62, 1244, 757, 3
1294, 518, 1100, 3
1245, 1310, 677, 3
666, 136, 601, 3
865, 1385, 1393, 3
191, 1336, 1133, 3
597, 705, 560, 3
59, 860, 259, 3
1043, 271, 553, 3
313, 1216, 1234, 3
1078, 434, 1061, 3
96, 1023, 1310, 3
159, 1386, 802, 3
197, 479, 727, 3
759, 217, 509, 3
545, 1323, 1006, 3
326, 1089, 1134, 3
223, 284, 1426, 3
988, 212, 1096, 3
1001, 1478, 717, 3
1236, 338, 1363, 3
1236, 134, 1161, 3
18, 373, 1225, 3
789, 878, 717, 3
567, 1339, 32, 3
527, 334, 1448, 3
1186, 857, 281, 3
1285, 1014, 362, 3
852, 346, 555, 3
1198, 553, 660, 3
1226, 328, 1167, 3
1155, 1212, 626, 3
1181, 366, 625, 3
342, 649, 1431, 3
1046, 367, 1141, 3
1381, 1393, 75, 3
279, 1201, 471, 3
1184, 1108, 1278, 3
856, 50, 576, 3
972, 19, 913, 3
852, 986, 1248, 3
473, 376, 1088, 3
565, 31, 901, 3
563, 845, 971, 3

