18, 37, 1
71, 124, 1
37, 124, -1
187, 124, -1
187, 37, -1
18, 124, -1
18, 187, -1
71, 37, -1
71, 18, -1
71, 187, -1
159, 124, -1
159, 71, -1
159, 37, -1
159, 18, -1
159, 187, -1
124, 37, -1
37, 71, -1
18, 71, -1
187, 71, -1
37, 159, -1
71, 159, -1
18, 159, -1
124, 159, -1

161, 159, 1
108, 124, 1
108, 71, 1
124, 71, 1
161, 124, -1
161, 71, -1
161, 37, -1
161, 18, -1
161, 187, -1
108, 37, -1
108, 18, -1
108, 187, -1
108, 159, -1
108, 161, -1
171, 124, -1
171, 71, -1
171, 108, -1
171, 37, -1
171, 18, -1
171, 187, -1
171, 159, -1
171, 161, -1
124, 37, -1
37, 71, -1
161, 171, -1
71, 159, -1
124, 171, -1
159, 71, -1
18, 71, -1
187, 71, -1
124, 187, -1
124, 161, -1
37, 159, -1
187, 159, -1
161, 108, -1
124, 18, -1
18, 159, -1
124, 159, -1
159, 124, -1
18, 108, -1
159, 108, -1
187, 108, -1
187, 124, -1
18, 124, -1

7, 37, 1
7, 18, 1
18, 37, 1
18, 7, 1
37, 7, 1
7, 124, -1
7, 71, -1
7, 108, -1
7, 187, -1
7, 159, -1
7, 161, -1
7, 171, -1
176, 124, -1
176, 71, -1
176, 108, -1
176, 37, -1
176, 18, -1
176, 7, -1
176, 187, -1
176, 159, -1
176, 161, -1
176, 171, -1
124, 37, -1
37, 71, -1
18, 187, -1
18, 171, -1
18, 71, -1
18, 124, -1
161, 18, -1
108, 37, -1
18, 108, -1
159, 18, -1
159, 37, -1
187, 37, -1
171, 37, -1
161, 37, -1
187, 7, -1
171, 7, -1
161, 7, -1
124, 7, -1
37, 159, -1
18, 159, -1
108, 7, -1

129, 124, 1
129, 71, 1
129, 108, 1
196, 187, 1
165, 171, 1
104, 124, 1
104, 71, 1
104, 108, 1
104, 129, 1
103, 124, 1
103, 71, 1
103, 108, 1
103, 129, 1
103, 104, 1
108, 103, 1
108, 71, 1
71, 103, 1
104, 103, 1
129, 103, 1
124, 103, 1
124, 71, 1
124, 108, 1
108, 104, 1
108, 129, 1
108, 124, 1
124, 104, 1
124, 129, 1
129, 37, -1
129, 18, -1
129, 7, -1
129, 187, -1
129, 159, -1
129, 161, -1
129, 171, -1
129, 176, -1
196, 124, -1
196, 71, -1
196, 108, -1
196, 129, -1
196, 37, -1
196, 18, -1
196, 7, -1
196, 159, -1
196, 161, -1
196, 171, -1
196, 176, -1
165, 124, -1
165, 71, -1
165, 108, -1
165, 129, -1
165, 37, -1
165, 18, -1
165, 7, -1
165, 187, -1
165, 196, -1
165, 159, -1
165, 161, -1
165, 176, -1
104, 37, -1
104, 18, -1
104, 7, -1
104, 187, -1
104, 196, -1
104, 159, -1
104, 161, -1
104, 171, -1
104, 165, -1
104, 176, -1
103, 37, -1
103, 18, -1
103, 7, -1
103, 187, -1
103, 196, -1
103, 159, -1
103, 161, -1
103, 171, -1
103, 165, -1
103, 176, -1
196, 103, -1
129, 165, -1
165, 103, -1
187, 103, -1
176, 103, -1
124, 7, -1
124, 187, -1
108, 176, -1
124, 196, -1
18, 108, -1
187, 124, -1
176, 124, -1
159, 108, -1
161, 108, -1
124, 159, -1
171, 37, -1
124, 37, -1
71, 7, -1
159, 129, -1
18, 187, -1
124, 165, -1
37, 103, -1
18, 71, -1
171, 103, -1
161, 187, -1
161, 129, -1
7, 71, -1
161, 71, -1
159, 71, -1
171, 124, -1
187, 108, -1
176, 108, -1
71, 159, -1
108, 7, -1
108, 187, -1
159, 104, -1
108, 196, -1
161, 171, -1
18, 171, -1
187, 7, -1
176, 187, -1
176, 129, -1
187, 71, -1
176, 71, -1
108, 37, -1
124, 176, -1
108, 159, -1
171, 108, -1
108, 165, -1
187, 37, -1
187, 159, -1
196, 165, -1
196, 104, -1
187, 165, -1
37, 71, -1
176, 171, -1
176, 104, -1
171, 187, -1
171, 7, -1
171, 71, -1
161, 103, -1
171, 196, -1
18, 103, -1
129, 196, -1
159, 124, -1
161, 124, -1
18, 124, -1
171, 159, -1
176, 165, -1
108, 171, -1
108, 161, -1
161, 165, -1
159, 103, -1
18, 196, -1
176, 196, -1
7, 103, -1
161, 196, -1
108, 18, -1
37, 165, -1
18, 165, -1
124, 161, -1
124, 18, -1
124, 171, -1

189, 187, 1
189, 196, 1
127, 124, 1
127, 71, 1
127, 108, 1
127, 129, 1
127, 104, 1
127, 103, 1
188, 187, 1
188, 196, 1
188, 189, 1
174, 171, 1
174, 165, 1
128, 124, 1
128, 71, 1
128, 108, 1
128, 129, 1
128, 104, 1
128, 103, 1
128, 127, 1
108, 103, 1
171, 165, 1
129, 104, 1
124, 71, 1
108, 127, 1
104, 108, 1
196, 188, 1
187, 188, 1
104, 129, 1
103, 127, 1
104, 71, 1
124, 104, 1
129, 103, 1
129, 124, 1
129, 127, 1
108, 71, 1
196, 187, 1
187, 196, 1
124, 103, 1
103, 71, 1
108, 104, 1
129, 108, 1
124, 127, 1
71, 103, 1
104, 103, 1
196, 189, 1
129, 71, 1
104, 124, 1
187, 189, 1
71, 127, 1
104, 127, 1
124, 108, 1
165, 174, 1
171, 174, 1
108, 128, 1
104, 128, 1
108, 124, 1
129, 128, 1
124, 128, 1
108, 129, 1
124, 129, 1
189, 124, -1
189, 71, -1
189, 108, -1
189, 129, -1
189, 104, -1
189, 103, -1
189, 37, -1
189, 18, -1
189, 7, -1
189, 159, -1
189, 161, -1
189, 171, -1
189, 165, -1
189, 176, -1
127, 37, -1
127, 18, -1
127, 7, -1
127, 187, -1
127, 196, -1
127, 189, -1
127, 159, -1
127, 161, -1
127, 171, -1
127, 165, -1
127, 176, -1
188, 124, -1
188, 71, -1
188, 108, -1
188, 129, -1
188, 104, -1
188, 103, -1
188, 127, -1
188, 37, -1
188, 18, -1
188, 7, -1
188, 159, -1
188, 161, -1
188, 171, -1
188, 165, -1
188, 176, -1
174, 124, -1
174, 71, -1
174, 108, -1
174, 129, -1
174, 104, -1
174, 103, -1
174, 127, -1
174, 37, -1
174, 18, -1
174, 7, -1
174, 187, -1
174, 196, -1
174, 189, -1
174, 188, -1
174, 159, -1
174, 161, -1
174, 176, -1
128, 37, -1
128, 18, -1
128, 7, -1
128, 187, -1
128, 196, -1
128, 189, -1
128, 188, -1
128, 159, -1
128, 161, -1
128, 171, -1
128, 165, -1
128, 174, -1
128, 176, -1
129, 171, -1
187, 103, -1
176, 103, -1
108, 176, -1
196, 124, -1
171, 189, -1
18, 108, -1
165, 127, -1
129, 18, -1
104, 7, -1
159, 71, -1
161, 187, -1
161, 196, -1
196, 108, -1
37, 127, -1
71, 159, -1
171, 127, -1
18, 165, -1
108, 187, -1
108, 196, -1
187, 7, -1
187, 71, -1
176, 71, -1
159, 128, -1
104, 18, -1
196, 37, -1
161, 189, -1
196, 165, -1
124, 188, -1
196, 174, -1
187, 171, -1
176, 171, -1
103, 159, -1
108, 189, -1
129, 187, -1
129, 196, -1
104, 176, -1
176, 128, -1
37, 165, -1
18, 124, -1
129, 159, -1
18, 188, -1
161, 127, -1
196, 103, -1
129, 189, -1
189, 127, -1
124, 37, -1
104, 187, -1
124, 165, -1
104, 196, -1
18, 71, -1
7, 71, -1
124, 174, -1
161, 129, -1
171, 124, -1
37, 188, -1
171, 188, -1
71, 174, -1
196, 7, -1
104, 171, -1
196, 71, -1
176, 187, -1
176, 196, -1
104, 189, -1
124, 176, -1
108, 159, -1
187, 159, -1
171, 108, -1
196, 171, -1
37, 71, -1
103, 37, -1
103, 165, -1
18, 103, -1
7, 103, -1
103, 174, -1
176, 189, -1
161, 124, -1
171, 37, -1
161, 188, -1
165, 103, -1
124, 7, -1
187, 127, -1
161, 108, -1
176, 127, -1
71, 7, -1
159, 129, -1
18, 187, -1
37, 103, -1
188, 174, -1
171, 103, -1
18, 196, -1
188, 128, -1
104, 159, -1
129, 188, -1
159, 104, -1
161, 165, -1
176, 129, -1
18, 171, -1
165, 7, -1
165, 71, -1
103, 7, -1
18, 189, -1
108, 37, -1
196, 159, -1
108, 165, -1
108, 174, -1
176, 104, -1
37, 196, -1
104, 161, -1
171, 7, -1
189, 174, -1
171, 71, -1
161, 103, -1
159, 124, -1
104, 188, -1
18, 127, -1
129, 37, -1
129, 165, -1
37, 189, -1
129, 174, -1
124, 187, -1
124, 196, -1
196, 127, -1
187, 124, -1
176, 124, -1
159, 108, -1
108, 188, -1
176, 188, -1
124, 159, -1
161, 71, -1
129, 176, -1
104, 37, -1
187, 108, -1
124, 189, -1
176, 108, -1
104, 165, -1
108, 7, -1
104, 174, -1
161, 171, -1
165, 159, -1
187, 37, -1
187, 165, -1
176, 165, -1
187, 174, -1
159, 103, -1
171, 187, -1
129, 7, -1
171, 196, -1
165, 189, -1
171, 159, -1
103, 189, -1
108, 171, -1
108, 161, -1
37, 174, -1
7, 127, -1
176, 174, -1
127, 174, -1
161, 174, -1
18, 174, -1
187, 128, -1
171, 128, -1
196, 128, -1
161, 128, -1
108, 18, -1
18, 128, -1
159, 127, -1
196, 104, -1
187, 104, -1
171, 104, -1
161, 104, -1
124, 171, -1
124, 161, -1
124, 18, -1
18, 104, -1

182, 176, 1
8, 37, 1
8, 18, 1
8, 7, 1
131, 124, 1
131, 71, 1
131, 108, 1
131, 129, 1
131, 104, 1
131, 103, 1
131, 127, 1
131, 128, 1
106, 124, 1
106, 71, 1
106, 108, 1
106, 129, 1
106, 104, 1
106, 103, 1
106, 127, 1
106, 128, 1
106, 131, 1
166, 171, 1
166, 165, 1
166, 174, 1
170, 171, 1
170, 165, 1
170, 174, 1
170, 166, 1
163, 171, 1
163, 165, 1
163, 174, 1
163, 166, 1
163, 170, 1
108, 103, 1
171, 165, 1
171, 174, 1
124, 71, 1
108, 127, 1
104, 108, 1
170, 163, 1
129, 131, 1
128, 108, 1
174, 166, 1
104, 129, 1
103, 127, 1
18, 7, 1
104, 71, 1
128, 129, 1
128, 71, 1
129, 103, 1
129, 106, 1
165, 166, 1
18, 37, 1
129, 124, 1
129, 127, 1
108, 71, 1
128, 104, 1
174, 165, 1
124, 103, 1
128, 131, 1
104, 131, 1
171, 166, 1
129, 108, 1
37, 7, 1
124, 127, 1
71, 103, 1
104, 103, 1
165, 174, 1
104, 106, 1
128, 103, 1
128, 106, 1
129, 71, 1
104, 124, 1
71, 127, 1
104, 127, 1
128, 124, 1
128, 127, 1
124, 108, 1
108, 106, 1
129, 104, 1
124, 104, 1
124, 128, 1
127, 71, 1
127, 103, 1
108, 128, 1
104, 128, 1
108, 131, 1
103, 71, 1
108, 124, 1
171, 163, 1
108, 104, 1
108, 129, 1
129, 128, 1
124, 106, 1
124, 129, 1
124, 131, 1
182, 124, -1
182, 71, -1
182, 108, -1
182, 129, -1
182, 104, -1
182, 103, -1
182, 127, -1
182, 128, -1
182, 37, -1
182, 18, -1
182, 7, -1
182, 187, -1
182, 196, -1
182, 189, -1
182, 188, -1
182, 159, -1
182, 161, -1
182, 171, -1
182, 165, -1
182, 174, -1
8, 124, -1
8, 71, -1
8, 108, -1
8, 129, -1
8, 104, -1
8, 103, -1
8, 127, -1
8, 128, -1
8, 187, -1
8, 196, -1
8, 189, -1
8, 188, -1
8, 159, -1
8, 161, -1
8, 171, -1
8, 165, -1
8, 174, -1
8, 176, -1
8, 182, -1
131, 37, -1
131, 18, -1
131, 7, -1
131, 8, -1
131, 187, -1
131, 196, -1
131, 189, -1
131, 188, -1
131, 159, -1
131, 161, -1
131, 171, -1
131, 165, -1
131, 174, -1
131, 176, -1
131, 182, -1
106, 37, -1
106, 18, -1
106, 7, -1
106, 8, -1
106, 187, -1
106, 196, -1
106, 189, -1
106, 188, -1
106, 159, -1
106, 161, -1
106, 171, -1
106, 165, -1
106, 174, -1
106, 176, -1
106, 182, -1
166, 124, -1
166, 71, -1
166, 108, -1
166, 129, -1
166, 104, -1
166, 103, -1
166, 127, -1
166, 128, -1
166, 131, -1
166, 106, -1
166, 37, -1
166, 18, -1
166, 7, -1
166, 8, -1
166, 187, -1
166, 196, -1
166, 189, -1
166, 188, -1
166, 159, -1
166, 161, -1
166, 176, -1
166, 182, -1
170, 124, -1
170, 71, -1
170, 108, -1
170, 129, -1
170, 104, -1
170, 103, -1
170, 127, -1
170, 128, -1
170, 131, -1
170, 106, -1
170, 37, -1
170, 18, -1
170, 7, -1
170, 8, -1
170, 187, -1
170, 196, -1
170, 189, -1
170, 188, -1
170, 159, -1
170, 161, -1
170, 176, -1
170, 182, -1
163, 124, -1
163, 71, -1
163, 108, -1
163, 129, -1
163, 104, -1
163, 103, -1
163, 127, -1
163, 128, -1
163, 131, -1
163, 106, -1
163, 37, -1
163, 18, -1
163, 7, -1
163, 8, -1
163, 187, -1
163, 196, -1
163, 189, -1
163, 188, -1
163, 159, -1
163, 161, -1
163, 176, -1
163, 182, -1
129, 171, -1
176, 103, -1
187, 103, -1
18, 163, -1
171, 189, -1
18, 108, -1
161, 166, -1
128, 163, -1
165, 182, -1
165, 127, -1
129, 18, -1
104, 7, -1
189, 166, -1
37, 127, -1
171, 182, -1
71, 159, -1
171, 127, -1
128, 37, -1
18, 165, -1
108, 187, -1
128, 165, -1
108, 196, -1
176, 7, -1
187, 7, -1
128, 174, -1
176, 71, -1
187, 71, -1
104, 18, -1
196, 37, -1
18, 131, -1
196, 165, -1
188, 127, -1
124, 188, -1
108, 171, -1
176, 171, -1
187, 171, -1
196, 174, -1
103, 159, -1
108, 189, -1
129, 187, -1
129, 196, -1
128, 176, -1
104, 176, -1
176, 128, -1
37, 165, -1
176, 18, -1
18, 124, -1
129, 159, -1
18, 188, -1
127, 159, -1
161, 127, -1
196, 103, -1
165, 106, -1
108, 182, -1
171, 131, -1
129, 189, -1
106, 166, -1
189, 127, -1
124, 37, -1
104, 187, -1
124, 165, -1
18, 71, -1
7, 71, -1
128, 7, -1
124, 174, -1
161, 129, -1
104, 196, -1
171, 106, -1
108, 166, -1
176, 166, -1
187, 166, -1
171, 124, -1
171, 188, -1
129, 182, -1
174, 159, -1
196, 7, -1
128, 171, -1
104, 171, -1
196, 71, -1
176, 187, -1
18, 174, -1
176, 196, -1
104, 189, -1
18, 128, -1
161, 131, -1
108, 159, -1
176, 159, -1
128, 18, -1
8, 166, -1
171, 108, -1
174, 189, -1
129, 166, -1
131, 163, -1
37, 71, -1
18, 103, -1
7, 103, -1
161, 106, -1
176, 189, -1
161, 170, -1
104, 182, -1
18, 176, -1
161, 124, -1
171, 37, -1
174, 182, -1
37, 174, -1
174, 127, -1
188, 71, -1
165, 103, -1
37, 128, -1
124, 7, -1
104, 166, -1
106, 163, -1
161, 163, -1
176, 127, -1
161, 108, -1
187, 127, -1
188, 37, -1
71, 7, -1
188, 165, -1
18, 187, -1
37, 103, -1
124, 171, -1
188, 174, -1
171, 103, -1
18, 196, -1
128, 187, -1
8, 106, -1
37, 176, -1
128, 196, -1
8, 170, -1
196, 166, -1
129, 170, -1
104, 159, -1
161, 37, -1
129, 188, -1
161, 165, -1
176, 129, -1
18, 171, -1
189, 7, -1
165, 7, -1
189, 71, -1
165, 71, -1
188, 103, -1
161, 174, -1
103, 7, -1
18, 189, -1
108, 37, -1
128, 189, -1
8, 163, -1
108, 165, -1
129, 163, -1
108, 174, -1
176, 104, -1
189, 165, -1
104, 161, -1
127, 7, -1
171, 7, -1
189, 174, -1
171, 71, -1
104, 170, -1
161, 103, -1
176, 131, -1
187, 131, -1
104, 188, -1
18, 182, -1
174, 106, -1
18, 127, -1
7, 127, -1
128, 182, -1
129, 37, -1
129, 165, -1
37, 189, -1
176, 161, -1
188, 7, -1
176, 106, -1
124, 187, -1
129, 174, -1
176, 170, -1
189, 103, -1
104, 163, -1
124, 196, -1
196, 127, -1
176, 124, -1
18, 166, -1
8, 131, -1
176, 188, -1
108, 188, -1
128, 166, -1
187, 124, -1
124, 159, -1
174, 7, -1
161, 7, -1
174, 71, -1
161, 71, -1
37, 182, -1
176, 163, -1
104, 37, -1
176, 108, -1
124, 189, -1
187, 108, -1
187, 163, -1
104, 165, -1
18, 159, -1
7, 159, -1
18, 104, -1
108, 7, -1
104, 174, -1
128, 159, -1
174, 37, -1
161, 171, -1
37, 166, -1
182, 166, -1
165, 159, -1
176, 37, -1
187, 37, -1
161, 18, -1
131, 166, -1
124, 182, -1
176, 165, -1
187, 165, -1
176, 174, -1
187, 174, -1
171, 187, -1
18, 106, -1
129, 7, -1
128, 161, -1
171, 196, -1
174, 103, -1
128, 170, -1
188, 166, -1
37, 159, -1
171, 159, -1
128, 188, -1
124, 166, -1
108, 161, -1
127, 174, -1
108, 170, -1
124, 163, -1
171, 128, -1
108, 176, -1
127, 189, -1
196, 124, -1
196, 182, -1
159, 108, -1
187, 182, -1
176, 8, -1
189, 182, -1
103, 182, -1
159, 129, -1
37, 106, -1
159, 71, -1
108, 163, -1
188, 128, -1
196, 163, -1
188, 131, -1
129, 176, -1
127, 182, -1
159, 37, -1
7, 165, -1
159, 104, -1
103, 166, -1
159, 131, -1
188, 106, -1
161, 128, -1
159, 128, -1
7, 189, -1
159, 18, -1
124, 176, -1
127, 166, -1
188, 124, -1
188, 182, -1
159, 127, -1
103, 37, -1
159, 103, -1
103, 165, -1
159, 106, -1
196, 131, -1
187, 128, -1
103, 174, -1
196, 128, -1
108, 18, -1
128, 8, -1
159, 124, -1
104, 8, -1
159, 8, -1
188, 163, -1
127, 37, -1
103, 189, -1
161, 182, -1
127, 165, -1
71, 174, -1
187, 104, -1
171, 104, -1
188, 104, -1
161, 104, -1
188, 171, -1
124, 161, -1
196, 108, -1
71, 182, -1
71, 166, -1
124, 170, -1
196, 171, -1
188, 108, -1
196, 104, -1
124, 18, -1

90, 124, 1
90, 71, 1
90, 108, 1
90, 129, 1
90, 104, 1
90, 103, 1
90, 127, 1
90, 128, 1
90, 131, 1
90, 106, 1
145, 124, 1
145, 71, 1
145, 108, 1
145, 129, 1
145, 104, 1
145, 103, 1
145, 127, 1
145, 128, 1
145, 131, 1
145, 106, 1
145, 90, 1
83, 124, 1
83, 71, 1
83, 108, 1
83, 129, 1
83, 104, 1
83, 103, 1
83, 127, 1
83, 128, 1
83, 131, 1
83, 106, 1
83, 90, 1
83, 145, 1
89, 124, 1
89, 71, 1
89, 108, 1
89, 129, 1
89, 104, 1
89, 103, 1
89, 127, 1
89, 128, 1
89, 131, 1
89, 106, 1
89, 90, 1
89, 145, 1
89, 83, 1
102, 124, 1
102, 71, 1
102, 108, 1
102, 129, 1
102, 104, 1
102, 103, 1
102, 127, 1
102, 128, 1
102, 131, 1
102, 106, 1
102, 90, 1
102, 145, 1
102, 83, 1
102, 89, 1
100, 124, 1
100, 71, 1
100, 108, 1
100, 129, 1
100, 104, 1
100, 103, 1
100, 127, 1
100, 128, 1
100, 131, 1
100, 106, 1
100, 90, 1
100, 145, 1
100, 83, 1
100, 89, 1
100, 102, 1
185, 187, 1
185, 196, 1
185, 189, 1
185, 188, 1
124, 129, 1
128, 90, 1
196, 188, 1
128, 108, 1
103, 127, 1
104, 71, 1
129, 100, 1
104, 89, 1
128, 83, 1
124, 131, 1
188, 189, 1
131, 127, 1
89, 100, 1
124, 106, 1
90, 83, 1
145, 83, 1
128, 103, 1
106, 100, 1
124, 90, 1
89, 102, 1
106, 127, 1
124, 108, 1
108, 100, 1
108, 127, 1
106, 102, 1
124, 83, 1
128, 71, 1
108, 102, 1
128, 89, 1
131, 106, 1
108, 129, 1
129, 127, 1
131, 124, 1
129, 145, 1
187, 196, 1
124, 103, 1
106, 131, 1
129, 102, 1
131, 108, 1
71, 103, 1
128, 100, 1
104, 100, 1
187, 189, 1
104, 127, 1
106, 124, 1
108, 106, 1
145, 100, 1
124, 71, 1
104, 102, 1
129, 131, 1
106, 108, 1
124, 89, 1
104, 129, 1
108, 145, 1
108, 90, 1
83, 100, 1
129, 106, 1
131, 103, 1
106, 83, 1
129, 124, 1
124, 100, 1
108, 83, 1
129, 90, 1
83, 102, 1
129, 108, 1
104, 106, 1
106, 103, 1
196, 189, 1
108, 131, 1
104, 124, 1
131, 71, 1
129, 83, 1
128, 127, 1
108, 103, 1
128, 145, 1
104, 145, 1
104, 90, 1
90, 100, 1
104, 108, 1
108, 124, 1
128, 102, 1
187, 188, 1
128, 129, 1
106, 71, 1
129, 103, 1
131, 100, 1
104, 83, 1
90, 102, 1
145, 102, 1
108, 71, 1
128, 104, 1
108, 89, 1
128, 131, 1
104, 131, 1
131, 102, 1
124, 127, 1
104, 103, 1
124, 145, 1
128, 106, 1
129, 71, 1
71, 127, 1
128, 124, 1
124, 102, 1
129, 104, 1
124, 104, 1
124, 128, 1
127, 71, 1
188, 187, 1
108, 128, 1
106, 145, 1
90, 145, 1
106, 90, 1
104, 128, 1
188, 196, 1
103, 71, 1
127, 102, 1
131, 128, 1
131, 90, 1
108, 104, 1
127, 103, 1
103, 102, 1
196, 187, 1
106, 129, 1
131, 104, 1
71, 102, 1
106, 128, 1
129, 128, 1
106, 104, 1
90, 37, -1
90, 18, -1
90, 7, -1
90, 8, -1
90, 187, -1
90, 196, -1
90, 189, -1
90, 188, -1
90, 159, -1
90, 161, -1
90, 171, -1
90, 165, -1
90, 174, -1
90, 166, -1
90, 170, -1
90, 163, -1
90, 176, -1
90, 182, -1
145, 37, -1
145, 18, -1
145, 7, -1
145, 8, -1
145, 187, -1
145, 196, -1
145, 189, -1
145, 188, -1
145, 159, -1
145, 161, -1
145, 171, -1
145, 165, -1
145, 174, -1
145, 166, -1
145, 170, -1
145, 163, -1
145, 176, -1
145, 182, -1
83, 37, -1
83, 18, -1
83, 7, -1
83, 8, -1
83, 187, -1
83, 196, -1
83, 189, -1
83, 188, -1
83, 159, -1
83, 161, -1
83, 171, -1
83, 165, -1
83, 174, -1
83, 166, -1
83, 170, -1
83, 163, -1
83, 176, -1
83, 182, -1
89, 37, -1
89, 18, -1
89, 7, -1
89, 8, -1
89, 187, -1
89, 196, -1
89, 189, -1
89, 188, -1
89, 159, -1
89, 161, -1
89, 171, -1
89, 165, -1
89, 174, -1
89, 166, -1
89, 170, -1
89, 163, -1
89, 176, -1
89, 182, -1
102, 37, -1
102, 18, -1
102, 7, -1
102, 8, -1
102, 187, -1
102, 196, -1
102, 189, -1
102, 188, -1
102, 159, -1
102, 161, -1
102, 171, -1
102, 165, -1
102, 174, -1
102, 166, -1
102, 170, -1
102, 163, -1
102, 176, -1
102, 182, -1
100, 37, -1
100, 18, -1
100, 7, -1
100, 8, -1
100, 187, -1
100, 196, -1
100, 189, -1
100, 188, -1
100, 159, -1
100, 161, -1
100, 171, -1
100, 165, -1
100, 174, -1
100, 166, -1
100, 170, -1
100, 163, -1
100, 176, -1
100, 182, -1
185, 124, -1
185, 71, -1
185, 108, -1
185, 129, -1
185, 104, -1
185, 103, -1
185, 127, -1
185, 128, -1
185, 131, -1
185, 106, -1
185, 90, -1
185, 145, -1
185, 83, -1
185, 89, -1
185, 102, -1
185, 100, -1
185, 37, -1
185, 18, -1
185, 7, -1
185, 8, -1
185, 159, -1
185, 161, -1
185, 171, -1
185, 165, -1
185, 174, -1
185, 166, -1
185, 170, -1
185, 163, -1
185, 176, -1
185, 182, -1
161, 102, -1
108, 185, -1
128, 163, -1
161, 187, -1
161, 196, -1
8, 103, -1
71, 159, -1
128, 37, -1
131, 182, -1
124, 161, -1
170, 128, -1
124, 170, -1
196, 37, -1
188, 182, -1
189, 159, -1
124, 188, -1
108, 171, -1
108, 189, -1
18, 124, -1
129, 159, -1
187, 100, -1
176, 100, -1
188, 83, -1
189, 127, -1
104, 187, -1
124, 165, -1
104, 196, -1
124, 174, -1
161, 83, -1
163, 102, -1
108, 166, -1
171, 124, -1
128, 171, -1
8, 102, -1
128, 18, -1
131, 163, -1
176, 189, -1
104, 182, -1
170, 127, -1
170, 145, -1
108, 161, -1
131, 37, -1
108, 170, -1
124, 7, -1
163, 124, -1
188, 37, -1
8, 106, -1
196, 166, -1
104, 159, -1
170, 104, -1
170, 131, -1
108, 165, -1
108, 174, -1
127, 7, -1
18, 100, -1
8, 83, -1
18, 127, -1
170, 90, -1
131, 171, -1
189, 103, -1
104, 163, -1
170, 108, -1
176, 188, -1
124, 159, -1
171, 100, -1
104, 37, -1
108, 7, -1
131, 166, -1
187, 165, -1
187, 174, -1
170, 103, -1
188, 166, -1
163, 100, -1
18, 90, -1
196, 124, -1
171, 189, -1
18, 108, -1
165, 127, -1
170, 71, -1
170, 89, -1
189, 102, -1
187, 7, -1
106, 171, -1
104, 18, -1
106, 189, -1
129, 187, -1
163, 189, -1
129, 196, -1
176, 128, -1
18, 188, -1
8, 189, -1
145, 185, -1
106, 166, -1
189, 182, -1
170, 187, -1
18, 71, -1
161, 129, -1
170, 196, -1
171, 188, -1
129, 182, -1
188, 106, -1
187, 159, -1
188, 124, -1
37, 71, -1
106, 161, -1
161, 106, -1
161, 124, -1
106, 188, -1
128, 185, -1
196, 100, -1
165, 103, -1
163, 188, -1
187, 127, -1
176, 127, -1
176, 145, -1
18, 187, -1
18, 196, -1
106, 165, -1
106, 174, -1
165, 71, -1
103, 7, -1
128, 189, -1
129, 163, -1
176, 104, -1
8, 129, -1
187, 131, -1
176, 131, -1
129, 37, -1
124, 187, -1
124, 196, -1
108, 188, -1
128, 166, -1
106, 7, -1
174, 71, -1
176, 90, -1
187, 108, -1
176, 108, -1
8, 124, -1
188, 100, -1
124, 182, -1
161, 100, -1
128, 161, -1
128, 170, -1
128, 188, -1
129, 171, -1
187, 103, -1
176, 103, -1
8, 128, -1
129, 18, -1
131, 189, -1
189, 166, -1
37, 127, -1
171, 127, -1
182, 127, -1
108, 187, -1
128, 165, -1
108, 196, -1
128, 174, -1
187, 71, -1
176, 71, -1
176, 89, -1
18, 131, -1
161, 189, -1
196, 165, -1
196, 174, -1
188, 90, -1
104, 185, -1
124, 163, -1
127, 159, -1
108, 182, -1
171, 131, -1
163, 127, -1
124, 37, -1
128, 7, -1
8, 100, -1
187, 102, -1
176, 102, -1
8, 127, -1
196, 7, -1
131, 188, -1
104, 171, -1
176, 187, -1
176, 196, -1
104, 189, -1
108, 159, -1
171, 108, -1
124, 185, -1
163, 131, -1
18, 103, -1
161, 188, -1
8, 104, -1
174, 127, -1
188, 71, -1
131, 165, -1
131, 174, -1
170, 102, -1
104, 166, -1
187, 182, -1
71, 7, -1
170, 129, -1
188, 165, -1
37, 103, -1
124, 171, -1
188, 174, -1
171, 103, -1
182, 103, -1
108, 163, -1
163, 108, -1
124, 18, -1
189, 7, -1
8, 90, -1
108, 37, -1
196, 159, -1
8, 108, -1
166, 127, -1
104, 161, -1
170, 106, -1
171, 71, -1
182, 71, -1
104, 170, -1
131, 7, -1
170, 124, -1
104, 188, -1
163, 103, -1
188, 7, -1
18, 102, -1
196, 127, -1
170, 83, -1
104, 165, -1
104, 174, -1
8, 188, -1
163, 71, -1
37, 102, -1
171, 102, -1
187, 37, -1
171, 187, -1
18, 106, -1
8, 71, -1
196, 131, -1
171, 196, -1
108, 18, -1
174, 103, -1
8, 89, -1
131, 159, -1
188, 159, -1
104, 7, -1
106, 187, -1
106, 196, -1
18, 83, -1
196, 108, -1
165, 102, -1
163, 187, -1
163, 196, -1
166, 103, -1
188, 127, -1
170, 100, -1
103, 159, -1
8, 187, -1
8, 196, -1
106, 182, -1
161, 127, -1
196, 103, -1
161, 145, -1
166, 71, -1
129, 189, -1
187, 166, -1
188, 131, -1
106, 159, -1
196, 71, -1
170, 189, -1
161, 131, -1
129, 166, -1
188, 108, -1
161, 90, -1
106, 163, -1
161, 108, -1
128, 187, -1
196, 102, -1
128, 196, -1
129, 161, -1
129, 170, -1
106, 37, -1
129, 188, -1
176, 129, -1
189, 71, -1
188, 103, -1
8, 145, -1
18, 189, -1
189, 174, -1
161, 103, -1
170, 188, -1
128, 182, -1
129, 165, -1
37, 189, -1
129, 174, -1
176, 106, -1
196, 182, -1
187, 124, -1
176, 124, -1
8, 131, -1
161, 71, -1
124, 189, -1
128, 159, -1
176, 83, -1
106, 18, -1
89, 185, -1
129, 7, -1
131, 187, -1
188, 102, -1
165, 189, -1
131, 196, -1
124, 166, -1
159, 145, -1
127, 174, -1
18, 145, -1
159, 90, -1
171, 128, -1
127, 189, -1
159, 102, -1
7, 102, -1
176, 185, -1
159, 108, -1
90, 185, -1
188, 163, -1
103, 182, -1
159, 129, -1
188, 104, -1
188, 171, -1
163, 90, -1
196, 90, -1
7, 71, -1
18, 129, -1
159, 71, -1
187, 90, -1
188, 128, -1
159, 83, -1
159, 89, -1
187, 163, -1
127, 182, -1
83, 185, -1
8, 185, -1
159, 104, -1
129, 185, -1
103, 166, -1
187, 83, -1
171, 90, -1
159, 131, -1
161, 128, -1
159, 128, -1
18, 128, -1
127, 166, -1
196, 104, -1
100, 185, -1
159, 127, -1
187, 171, -1
159, 100, -1
103, 37, -1
7, 127, -1
159, 103, -1
103, 165, -1
159, 106, -1
187, 128, -1
7, 103, -1
196, 128, -1
103, 174, -1
163, 128, -1
159, 124, -1
161, 185, -1
127, 37, -1
103, 189, -1
106, 185, -1
127, 165, -1
171, 104, -1
163, 106, -1
196, 106, -1
165, 106, -1
187, 106, -1
189, 106, -1
71, 166, -1
37, 106, -1
171, 106, -1
182, 106, -1
196, 163, -1
18, 104, -1
71, 174, -1
161, 104, -1
166, 106, -1
196, 83, -1
163, 104, -1
196, 171, -1
187, 104, -1
71, 182, -1
174, 106, -1

143, 124, 1
143, 71, 1
143, 108, 1
143, 129, 1
143, 104, 1
143, 103, 1
143, 127, 1
143, 128, 1
143, 131, 1
143, 106, 1
143, 90, 1
143, 145, 1
143, 83, 1
143, 89, 1
143, 102, 1
143, 100, 1
139, 124, 1
139, 71, 1
139, 108, 1
139, 129, 1
139, 104, 1
139, 103, 1
139, 127, 1
139, 128, 1
139, 131, 1
139, 106, 1
139, 90, 1
139, 145, 1
139, 83, 1
139, 89, 1
139, 102, 1
139, 100, 1
139, 143, 1
123, 124, 1
123, 71, 1
123, 108, 1
123, 129, 1
123, 104, 1
123, 103, 1
123, 127, 1
123, 128, 1
123, 131, 1
123, 106, 1
123, 90, 1
123, 145, 1
123, 83, 1
123, 89, 1
123, 102, 1
123, 100, 1
123, 143, 1
123, 139, 1
80, 124, 1
80, 71, 1
80, 108, 1
80, 129, 1
80, 104, 1
80, 103, 1
80, 127, 1
80, 128, 1
80, 131, 1
80, 106, 1
80, 90, 1
80, 145, 1
80, 83, 1
80, 89, 1
80, 102, 1
80, 100, 1
80, 143, 1
80, 139, 1
80, 123, 1
115, 124, 1
115, 71, 1
115, 108, 1
115, 129, 1
115, 104, 1
115, 103, 1
115, 127, 1
115, 128, 1
115, 131, 1
115, 106, 1
115, 90, 1
115, 145, 1
115, 83, 1
115, 89, 1
115, 102, 1
115, 100, 1
115, 143, 1
115, 139, 1
115, 123, 1
115, 80, 1
95, 124, 1
95, 71, 1
95, 108, 1
95, 129, 1
95, 104, 1
95, 103, 1
95, 127, 1
95, 128, 1
95, 131, 1
95, 106, 1
95, 90, 1
95, 145, 1
95, 83, 1
95, 89, 1
95, 102, 1
95, 100, 1
95, 143, 1
95, 139, 1
95, 123, 1
95, 80, 1
95, 115, 1
2, 37, 1
2, 18, 1
2, 7, 1
2, 8, 1
54, 37, 1
54, 18, 1
54, 7, 1
54, 8, 1
54, 2, 1
103, 143, 1
89, 123, 1
106, 139, 1
90, 106, 1
128, 90, 1
145, 106, 1
71, 102, 1
102, 71, 1
90, 115, 1
83, 131, 1
145, 115, 1
90, 124, 1
128, 108, 1
145, 124, 1
127, 143, 1
108, 139, 1
129, 128, 1
8, 18, 1
80, 95, 1
103, 127, 1
131, 143, 1
106, 123, 1
104, 71, 1
83, 103, 1
124, 104, 1
129, 100, 1
104, 89, 1
145, 90, 1
128, 83, 1
124, 131, 1
71, 95, 1
89, 143, 1
90, 108, 1
18, 37, 1
83, 124, 1
145, 108, 1
8, 2, 1
103, 102, 1
131, 127, 1
129, 139, 1
100, 103, 1
89, 100, 1
104, 128, 1
127, 102, 1
90, 83, 1
145, 83, 1
80, 115, 1
89, 127, 1
106, 143, 1
71, 143, 1
103, 95, 1
83, 71, 1
129, 123, 1
128, 103, 1
106, 100, 1
89, 102, 1
129, 95, 1
106, 127, 1
127, 95, 1
124, 108, 1
104, 139, 1
108, 100, 1
89, 129, 1
100, 71, 1
90, 103, 1
145, 103, 1
2, 54, 1
108, 127, 1
106, 102, 1
89, 95, 1
129, 143, 1
104, 123, 1
18, 7, 1
143, 123, 1
128, 71, 1
108, 102, 1
8, 54, 1
128, 89, 1
106, 95, 1
102, 143, 1
129, 127, 1
131, 124, 1
83, 139, 1
89, 106, 1
90, 71, 1
124, 103, 1
145, 71, 1
89, 115, 1
106, 131, 1
108, 95, 1
89, 124, 1
104, 143, 1
108, 104, 1
129, 102, 1
37, 7, 1
102, 127, 1
123, 95, 1
131, 108, 1
83, 123, 1
71, 103, 1
100, 139, 1
128, 100, 1
104, 100, 1
89, 145, 1
89, 90, 1
106, 115, 1
89, 108, 1
106, 124, 1
104, 127, 1
108, 143, 1
128, 139, 1
129, 104, 1
145, 100, 1
124, 71, 1
143, 139, 1
104, 102, 1
89, 83, 1
123, 115, 1
129, 131, 1
83, 143, 1
106, 108, 1
104, 129, 1
102, 95, 1
90, 139, 1
128, 123, 1
127, 103, 1
145, 139, 1
83, 100, 1
129, 106, 1
131, 103, 1
106, 83, 1
129, 115, 1
89, 131, 1
104, 95, 1
83, 127, 1
139, 95, 1
129, 124, 1
100, 143, 1
124, 128, 1
115, 95, 1
143, 95, 1
90, 123, 1
89, 103, 1
145, 123, 1
124, 100, 1
103, 71, 1
129, 90, 1
83, 102, 1
145, 95, 1
100, 127, 1
128, 143, 1
129, 108, 1
104, 106, 1
127, 71, 1
106, 103, 1
124, 139, 1
104, 115, 1
108, 131, 1
18, 54, 1
104, 124, 1
131, 71, 1
100, 102, 1
129, 83, 1
83, 95, 1
90, 143, 1
128, 127, 1
145, 143, 1
8, 37, 1
108, 103, 1
128, 145, 1
104, 145, 1
89, 71, 1
104, 90, 1
90, 100, 1
104, 108, 1
128, 102, 1
124, 95, 1
90, 127, 1
100, 95, 1
145, 127, 1
128, 129, 1
37, 54, 1
83, 106, 1
106, 71, 1
129, 103, 1
131, 100, 1
104, 83, 1
83, 115, 1
90, 102, 1
145, 102, 1
128, 95, 1
124, 143, 1
108, 71, 1
128, 104, 1
145, 129, 1
83, 90, 1
102, 103, 1
131, 139, 1
128, 131, 1
104, 131, 1
83, 108, 1
131, 102, 1
90, 95, 1
124, 127, 1
89, 139, 1
104, 103, 1
8, 7, 1
108, 128, 1
128, 106, 1
129, 71, 1
90, 131, 1
128, 115, 1
145, 131, 1
71, 127, 1
128, 124, 1
124, 102, 1
143, 115, 1
131, 95, 1
100, 123, 1
108, 106, 1
100, 129, 1
108, 115, 1
131, 104, 1
106, 90, 1
100, 80, 1
89, 80, 1
83, 128, 1
100, 83, 1
100, 89, 1
108, 124, 1
131, 128, 1
89, 104, 1
100, 104, 1
108, 145, 1
108, 90, 1
104, 80, 1
106, 80, 1
128, 80, 1
89, 128, 1
100, 128, 1
100, 131, 1
143, 80, 1
108, 123, 1
108, 129, 1
106, 104, 1
108, 80, 1
129, 145, 1
108, 83, 1
108, 89, 1
100, 106, 1
90, 80, 1
123, 80, 1
145, 80, 1
100, 115, 1
100, 124, 1
131, 90, 1
90, 104, 1
145, 104, 1
100, 145, 1
100, 90, 1
124, 90, 1
129, 80, 1
18, 2, 1
100, 108, 1
83, 104, 1
124, 123, 1
124, 129, 1
124, 145, 1
83, 80, 1
145, 128, 1
124, 106, 1
106, 128, 1
124, 80, 1
90, 128, 1
124, 115, 1
131, 106, 1
124, 83, 1
124, 89, 1
143, 37, -1
143, 18, -1
143, 7, -1
143, 8, -1
143, 187, -1
143, 196, -1
143, 189, -1
143, 188, -1
143, 185, -1
143, 159, -1
143, 161, -1
143, 171, -1
143, 165, -1
143, 174, -1
143, 166, -1
143, 170, -1
143, 163, -1
143, 176, -1
143, 182, -1
139, 37, -1
139, 18, -1
139, 7, -1
139, 8, -1
139, 187, -1
139, 196, -1
139, 189, -1
139, 188, -1
139, 185, -1
139, 159, -1
139, 161, -1
139, 171, -1
139, 165, -1
139, 174, -1
139, 166, -1
139, 170, -1
139, 163, -1
139, 176, -1
139, 182, -1
123, 37, -1
123, 18, -1
123, 7, -1
123, 8, -1
123, 187, -1
123, 196, -1
123, 189, -1
123, 188, -1
123, 185, -1
123, 159, -1
123, 161, -1
123, 171, -1
123, 165, -1
123, 174, -1
123, 166, -1
123, 170, -1
123, 163, -1
123, 176, -1
123, 182, -1
80, 37, -1
80, 18, -1
80, 7, -1
80, 8, -1
80, 187, -1
80, 196, -1
80, 189, -1
80, 188, -1
80, 185, -1
80, 159, -1
80, 161, -1
80, 171, -1
80, 165, -1
80, 174, -1
80, 166, -1
80, 170, -1
80, 163, -1
80, 176, -1
80, 182, -1
115, 37, -1
115, 18, -1
115, 7, -1
115, 8, -1
115, 187, -1
115, 196, -1
115, 189, -1
115, 188, -1
115, 185, -1
115, 159, -1
115, 161, -1
115, 171, -1
115, 165, -1
115, 174, -1
115, 166, -1
115, 170, -1
115, 163, -1
115, 176, -1
115, 182, -1
95, 37, -1
95, 18, -1
95, 7, -1
95, 8, -1
95, 187, -1
95, 196, -1
95, 189, -1
95, 188, -1
95, 185, -1
95, 159, -1
95, 161, -1
95, 171, -1
95, 165, -1
95, 174, -1
95, 166, -1
95, 170, -1
95, 163, -1
95, 176, -1
95, 182, -1
2, 124, -1
2, 71, -1
2, 108, -1
2, 129, -1
2, 104, -1
2, 103, -1
2, 127, -1
2, 128, -1
2, 131, -1
2, 106, -1
2, 90, -1
2, 145, -1
2, 83, -1
2, 89, -1
2, 102, -1
2, 100, -1
2, 143, -1
2, 139, -1
2, 123, -1
2, 80, -1
2, 115, -1
2, 95, -1
2, 187, -1
2, 196, -1
2, 189, -1
2, 188, -1
2, 185, -1
2, 159, -1
2, 161, -1
2, 171, -1
2, 165, -1
2, 174, -1
2, 166, -1
2, 170, -1
2, 163, -1
2, 176, -1
2, 182, -1
54, 124, -1
54, 71, -1
54, 108, -1
54, 129, -1
54, 104, -1
54, 103, -1
54, 127, -1
54, 128, -1
54, 131, -1
54, 106, -1
54, 90, -1
54, 145, -1
54, 83, -1
54, 89, -1
54, 102, -1
54, 100, -1
54, 143, -1
54, 139, -1
54, 123, -1
54, 80, -1
54, 115, -1
54, 95, -1
54, 187, -1
54, 196, -1
54, 189, -1
54, 188, -1
54, 185, -1
54, 159, -1
54, 161, -1
54, 171, -1
54, 165, -1
54, 174, -1
54, 166, -1
54, 170, -1
54, 163, -1
54, 176, -1
54, 182, -1
83, 174, -1
102, 7, -1
108, 176, -1
127, 189, -1
161, 102, -1
165, 54, -1
128, 163, -1
37, 143, -1
171, 143, -1
182, 143, -1
166, 37, -1
163, 139, -1
170, 7, -1
89, 171, -1
8, 103, -1
127, 54, -1
89, 189, -1
90, 163, -1
71, 159, -1
128, 37, -1
129, 2, -1
18, 165, -1
131, 182, -1
8, 139, -1
159, 128, -1
89, 54, -1
196, 37, -1
127, 166, -1
90, 37, -1
102, 2, -1
124, 188, -1
108, 171, -1
185, 18, -1
83, 7, -1
108, 189, -1
128, 176, -1
163, 143, -1
18, 115, -1
37, 165, -1
89, 166, -1
170, 2, -1
18, 124, -1
129, 159, -1
187, 100, -1
176, 100, -1
108, 54, -1
185, 139, -1
90, 176, -1
189, 127, -1
159, 123, -1
104, 187, -1
170, 123, -1
124, 165, -1
104, 196, -1
124, 174, -1
161, 83, -1
163, 102, -1
108, 166, -1
83, 2, -1
171, 124, -1
128, 171, -1
89, 161, -1
89, 170, -1
187, 95, -1
176, 95, -1
8, 102, -1
89, 188, -1
128, 18, -1
131, 163, -1
185, 143, -1
174, 143, -1
104, 182, -1
159, 127, -1
170, 127, -1
90, 18, -1
127, 165, -1
159, 145, -1
127, 174, -1
131, 37, -1
143, 2, -1
124, 7, -1
163, 124, -1
187, 54, -1
176, 54, -1
188, 37, -1
89, 165, -1
18, 123, -1
89, 174, -1
100, 171, -1
8, 106, -1
185, 129, -1
100, 189, -1
131, 176, -1
104, 159, -1
166, 143, -1
159, 95, -1
161, 37, -1
159, 104, -1
165, 7, -1
145, 187, -1
159, 131, -1
170, 131, -1
145, 196, -1
100, 54, -1
108, 165, -1
108, 174, -1
127, 7, -1
18, 100, -1
8, 83, -1
185, 106, -1
196, 143, -1
18, 127, -1
7, 127, -1
100, 166, -1
128, 8, -1
185, 115, -1
185, 124, -1
89, 7, -1
159, 90, -1
170, 90, -1
189, 103, -1
131, 171, -1
104, 163, -1
159, 108, -1
170, 108, -1
145, 182, -1
124, 159, -1
171, 100, -1
185, 7, -1
174, 7, -1
104, 37, -1
18, 95, -1
7, 95, -1
108, 7, -1
89, 2, -1
100, 188, -1
161, 18, -1
131, 166, -1
159, 103, -1
170, 103, -1
37, 95, -1
171, 95, -1
182, 95, -1
103, 189, -1
163, 100, -1
161, 139, -1
18, 90, -1
18, 108, -1
165, 127, -1
103, 54, -1
100, 165, -1
100, 174, -1
185, 123, -1
159, 71, -1
170, 71, -1
159, 80, -1
159, 89, -1
171, 54, -1
189, 102, -1
145, 163, -1
188, 143, -1
8, 185, -1
103, 166, -1
37, 90, -1
187, 7, -1
176, 7, -1
106, 171, -1
104, 18, -1
106, 189, -1
161, 143, -1
145, 37, -1
129, 187, -1
185, 100, -1
129, 196, -1
176, 128, -1
106, 54, -1
18, 188, -1
100, 7, -1
8, 171, -1
163, 54, -1
8, 189, -1
145, 176, -1
176, 2, -1
106, 166, -1
18, 71, -1
7, 71, -1
161, 129, -1
129, 182, -1
185, 95, -1
174, 95, -1
176, 123, -1
18, 174, -1
8, 166, -1
102, 182, -1
37, 71, -1
145, 171, -1
83, 187, -1
103, 165, -1
83, 196, -1
103, 174, -1
161, 106, -1
161, 115, -1
104, 8, -1
161, 124, -1
106, 188, -1
145, 18, -1
185, 54, -1
128, 185, -1
37, 174, -1
165, 103, -1
185, 90, -1
166, 95, -1
187, 127, -1
176, 127, -1
8, 143, -1
176, 145, -1
102, 159, -1
18, 187, -1
18, 196, -1
8, 161, -1
8, 170, -1
145, 166, -1
83, 182, -1
106, 165, -1
106, 174, -1
165, 71, -1
103, 7, -1
196, 95, -1
128, 189, -1
129, 163, -1
176, 104, -1
171, 7, -1
182, 7, -1
90, 171, -1
8, 129, -1
187, 131, -1
176, 131, -1
128, 54, -1
90, 189, -1
139, 54, -1
18, 182, -1
83, 159, -1
129, 37, -1
8, 165, -1
124, 187, -1
196, 54, -1
124, 196, -1
90, 54, -1
108, 188, -1
128, 166, -1
102, 37, -1
106, 7, -1
185, 71, -1
176, 90, -1
174, 71, -1
37, 182, -1
129, 176, -1
187, 108, -1
176, 108, -1
8, 115, -1
170, 37, -1
90, 166, -1
18, 159, -1
8, 124, -1
7, 159, -1
163, 7, -1
83, 163, -1
102, 176, -1
124, 182, -1
161, 100, -1
128, 161, -1
71, 54, -1
128, 170, -1
37, 159, -1
83, 37, -1
106, 2, -1
128, 188, -1
129, 171, -1
89, 187, -1
187, 103, -1
176, 103, -1
89, 196, -1
18, 163, -1
71, 166, -1
8, 128, -1
188, 95, -1
90, 188, -1
129, 18, -1
131, 189, -1
127, 182, -1
37, 127, -1
161, 95, -1
171, 127, -1
131, 54, -1
182, 127, -1
102, 18, -1
108, 187, -1
128, 165, -1
108, 196, -1
128, 174, -1
187, 71, -1
176, 71, -1
176, 80, -1
176, 89, -1
18, 131, -1
170, 18, -1
89, 182, -1
188, 54, -1
90, 165, -1
8, 123, -1
90, 174, -1
104, 176, -1
161, 54, -1
104, 185, -1
124, 163, -1
127, 159, -1
189, 143, -1
159, 139, -1
170, 139, -1
185, 2, -1
166, 7, -1
108, 182, -1
171, 131, -1
163, 127, -1
83, 18, -1
123, 54, -1
89, 159, -1
124, 37, -1
128, 7, -1
8, 100, -1
187, 102, -1
176, 102, -1
8, 127, -1
71, 174, -1
196, 7, -1
131, 188, -1
104, 171, -1
90, 7, -1
104, 189, -1
124, 176, -1
108, 159, -1
171, 108, -1
170, 143, -1
163, 95, -1
159, 143, -1
163, 131, -1
18, 103, -1
104, 54, -1
7, 103, -1
115, 54, -1
89, 163, -1
170, 8, -1
127, 37, -1
128, 2, -1
8, 95, -1
18, 139, -1
8, 104, -1
185, 127, -1
174, 127, -1
188, 71, -1
100, 187, -1
131, 165, -1
100, 196, -1
185, 145, -1
131, 174, -1
159, 102, -1
104, 166, -1
170, 102, -1
89, 37, -1
90, 2, -1
71, 7, -1
159, 129, -1
37, 103, -1
124, 171, -1
171, 103, -1
182, 103, -1
108, 163, -1
163, 108, -1
189, 7, -1
8, 90, -1
108, 37, -1
8, 108, -1
185, 131, -1
100, 182, -1
166, 127, -1
104, 161, -1
159, 106, -1
171, 71, -1
104, 170, -1
170, 106, -1
182, 71, -1
159, 115, -1
170, 115, -1
131, 7, -1
159, 124, -1
170, 124, -1
104, 188, -1
145, 189, -1
163, 103, -1
188, 7, -1
7, 102, -1
18, 102, -1
196, 127, -1
145, 54, -1
100, 159, -1
185, 108, -1
161, 7, -1
159, 83, -1
170, 83, -1
89, 18, -1
104, 165, -1
104, 174, -1
8, 188, -1
163, 71, -1
37, 102, -1
171, 102, -1
80, 54, -1
187, 37, -1
176, 37, -1
18, 106, -1
8, 71, -1
8, 80, -1
185, 103, -1
174, 103, -1
8, 89, -1
100, 163, -1
165, 143, -1
161, 2, -1
131, 159, -1
8, 174, -1
145, 170, -1
100, 37, -1
123, 2, -1
145, 188, -1
103, 182, -1
104, 7, -1
37, 106, -1
161, 123, -1
106, 187, -1
106, 196, -1
18, 83, -1
165, 102, -1
166, 103, -1
100, 176, -1
89, 8, -1
189, 95, -1
188, 127, -1
159, 100, -1
170, 100, -1
145, 165, -1
103, 159, -1
8, 187, -1
145, 174, -1
8, 196, -1
104, 2, -1
115, 2, -1
176, 18, -1
106, 182, -1
161, 127, -1
196, 103, -1
161, 145, -1
166, 71, -1
129, 189, -1
185, 102, -1
189, 54, -1
187, 139, -1
176, 139, -1
170, 95, -1
83, 176, -1
129, 54, -1
8, 182, -1
106, 159, -1
196, 71, -1
145, 7, -1
161, 131, -1
102, 54, -1
129, 166, -1
103, 37, -1
170, 54, -1
187, 143, -1
176, 143, -1
171, 37, -1
182, 37, -1
102, 166, -1
8, 159, -1
83, 171, -1
161, 90, -1
83, 189, -1
106, 163, -1
176, 8, -1
161, 108, -1
145, 2, -1
128, 187, -1
196, 102, -1
128, 196, -1
83, 54, -1
129, 170, -1
185, 83, -1
106, 37, -1
129, 188, -1
176, 129, -1
18, 171, -1
189, 71, -1
90, 187, -1
188, 103, -1
8, 145, -1
90, 196, -1
18, 189, -1
163, 37, -1
8, 163, -1
83, 166, -1
145, 159, -1
80, 2, -1
161, 103, -1
106, 176, -1
128, 182, -1
143, 54, -1
129, 165, -1
37, 189, -1
129, 174, -1
176, 106, -1
176, 115, -1
187, 124, -1
176, 124, -1
8, 131, -1
18, 166, -1
90, 182, -1
102, 174, -1
161, 71, -1
83, 170, -1
83, 188, -1
124, 189, -1
128, 159, -1
185, 37, -1
171, 139, -1
174, 37, -1
37, 166, -1
176, 83, -1
165, 95, -1
89, 176, -1
124, 54, -1
106, 18, -1
89, 185, -1
18, 143, -1
7, 143, -1
90, 159, -1
129, 7, -1
131, 187, -1
188, 102, -1
71, 182, -1
131, 196, -1
83, 165, -1
124, 166, -1
171, 104, -1
108, 161, -1
170, 145, -1
188, 123, -1
108, 170, -1
18, 145, -1
37, 128, -1
90, 161, -1
171, 128, -1
145, 161, -1
188, 83, -1
108, 2, -1
196, 124, -1
108, 185, -1
145, 185, -1
196, 139, -1
90, 185, -1
188, 104, -1
163, 90, -1
196, 90, -1
83, 161, -1
18, 80, -1
170, 80, -1
187, 90, -1
129, 161, -1
188, 128, -1
161, 80, -1
188, 131, -1
196, 108, -1
100, 18, -1
185, 80, -1
159, 37, -1
83, 185, -1
7, 165, -1
18, 104, -1
170, 104, -1
129, 185, -1
185, 104, -1
161, 104, -1
100, 161, -1
171, 90, -1
188, 106, -1
100, 170, -1
18, 128, -1
7, 189, -1
161, 128, -1
188, 115, -1
159, 18, -1
185, 128, -1
170, 128, -1
100, 2, -1
188, 124, -1
163, 104, -1
196, 104, -1
100, 185, -1
187, 104, -1
188, 139, -1
188, 90, -1
196, 131, -1
106, 161, -1
187, 128, -1
196, 128, -1
108, 18, -1
159, 54, -1
163, 128, -1
95, 54, -1
159, 2, -1
159, 8, -1
188, 108, -1
106, 185, -1
163, 106, -1
196, 106, -1
165, 106, -1
187, 106, -1
189, 106, -1
170, 129, -1
18, 129, -1
171, 106, -1
182, 106, -1
124, 18, -1
188, 100, -1
166, 106, -1
124, 161, -1
124, 170, -1
124, 185, -1
124, 2, -1
18, 170, -1
174, 106, -1
196, 100, -1

98, 124, 1
98, 71, 1
98, 108, 1
98, 129, 1
98, 104, 1
98, 103, 1
98, 127, 1
98, 128, 1
98, 131, 1
98, 106, 1
98, 90, 1
98, 145, 1
98, 83, 1
98, 89, 1
98, 102, 1
98, 100, 1
98, 143, 1
98, 139, 1
98, 123, 1
98, 80, 1
98, 115, 1
98, 95, 1
79, 124, 1
79, 71, 1
79, 108, 1
79, 129, 1
79, 104, 1
79, 103, 1
79, 127, 1
79, 128, 1
79, 131, 1
79, 106, 1
79, 90, 1
79, 145, 1
79, 83, 1
79, 89, 1
79, 102, 1
79, 100, 1
79, 143, 1
79, 139, 1
79, 123, 1
79, 80, 1
79, 115, 1
79, 95, 1
79, 98, 1
140, 124, 1
140, 71, 1
140, 108, 1
140, 129, 1
140, 104, 1
140, 103, 1
140, 127, 1
140, 128, 1
140, 131, 1
140, 106, 1
140, 90, 1
140, 145, 1
140, 83, 1
140, 89, 1
140, 102, 1
140, 100, 1
140, 143, 1
140, 139, 1
140, 123, 1
140, 80, 1
140, 115, 1
140, 95, 1
140, 98, 1
140, 79, 1
74, 124, 1
74, 71, 1
74, 108, 1
74, 129, 1
74, 104, 1
74, 103, 1
74, 127, 1
74, 128, 1
74, 131, 1
74, 106, 1
74, 90, 1
74, 145, 1
74, 83, 1
74, 89, 1
74, 102, 1
74, 100, 1
74, 143, 1
74, 139, 1
74, 123, 1
74, 80, 1
74, 115, 1
74, 95, 1
74, 98, 1
74, 79, 1
74, 140, 1
72, 124, 1
72, 71, 1
72, 108, 1
72, 129, 1
72, 104, 1
72, 103, 1
72, 127, 1
72, 128, 1
72, 131, 1
72, 106, 1
72, 90, 1
72, 145, 1
72, 83, 1
72, 89, 1
72, 102, 1
72, 100, 1
72, 143, 1
72, 139, 1
72, 123, 1
72, 80, 1
72, 115, 1
72, 95, 1
72, 98, 1
72, 79, 1
72, 140, 1
72, 74, 1
75, 124, 1
75, 71, 1
75, 108, 1
75, 129, 1
75, 104, 1
75, 103, 1
75, 127, 1
75, 128, 1
75, 131, 1
75, 106, 1
75, 90, 1
75, 145, 1
75, 83, 1
75, 89, 1
75, 102, 1
75, 100, 1
75, 143, 1
75, 139, 1
75, 123, 1
75, 80, 1
75, 115, 1
75, 95, 1
75, 98, 1
75, 79, 1
75, 140, 1
75, 74, 1
75, 72, 1
94, 124, 1
94, 71, 1
94, 108, 1
94, 129, 1
94, 104, 1
94, 103, 1
94, 127, 1
94, 128, 1
94, 131, 1
94, 106, 1
94, 90, 1
94, 145, 1
94, 83, 1
94, 89, 1
94, 102, 1
94, 100, 1
94, 143, 1
94, 139, 1
94, 123, 1
94, 80, 1
94, 115, 1
94, 95, 1
94, 98, 1
94, 79, 1
94, 140, 1
94, 74, 1
94, 72, 1
94, 75, 1
103, 143, 1
106, 139, 1
100, 74, 1
100, 83, 1
129, 128, 1
131, 79, 1
80, 95, 1
123, 75, 1
98, 140, 1
104, 71, 1
115, 71, 1
80, 104, 1
104, 80, 1
115, 80, 1
104, 89, 1
145, 90, 1
143, 71, 1
115, 89, 1
80, 131, 1
104, 98, 1
115, 98, 1
83, 124, 1
145, 108, 1
103, 102, 1
74, 75, 1
106, 143, 1
128, 140, 1
129, 123, 1
80, 90, 1
123, 79, 1
80, 108, 1
104, 75, 1
115, 75, 1
90, 140, 1
145, 94, 1
102, 123, 1
145, 103, 1
106, 102, 1
129, 127, 1
80, 94, 1
123, 74, 1
80, 103, 1
145, 71, 1
104, 79, 1
115, 79, 1
145, 80, 1
145, 98, 1
102, 127, 1
83, 123, 1
106, 115, 1
106, 124, 1
108, 143, 1
128, 139, 1
129, 104, 1
80, 71, 1
129, 131, 1
80, 89, 1
80, 98, 1
102, 95, 1
145, 75, 1
90, 139, 1
83, 100, 1
106, 83, 1
102, 131, 1
83, 127, 1
124, 128, 1
129, 90, 1
128, 143, 1
129, 108, 1
139, 143, 1
80, 75, 1
102, 90, 1
145, 79, 1
90, 143, 1
83, 95, 1
102, 108, 1
123, 140, 1
104, 145, 1
143, 127, 1
115, 145, 1
124, 123, 1
72, 94, 1
143, 145, 1
108, 124, 1
128, 102, 1
139, 102, 1
128, 129, 1
129, 94, 1
140, 94, 1
129, 103, 1
90, 102, 1
80, 79, 1
102, 94, 1
145, 74, 1
83, 90, 1
102, 103, 1
143, 104, 1
131, 139, 1
104, 131, 1
83, 108, 1
104, 140, 1
115, 140, 1
143, 131, 1
124, 127, 1
143, 140, 1
124, 145, 1
108, 128, 1
128, 106, 1
129, 71, 1
128, 115, 1
129, 80, 1
139, 124, 1
128, 124, 1
129, 98, 1
89, 123, 1
90, 106, 1
102, 71, 1
71, 102, 1
90, 115, 1
90, 124, 1
102, 98, 1
83, 94, 1
131, 143, 1
143, 108, 1
83, 103, 1
123, 139, 1
124, 104, 1
72, 75, 1
128, 83, 1
124, 131, 1
124, 140, 1
108, 123, 1
129, 75, 1
89, 100, 1
90, 83, 1
71, 79, 1
89, 127, 1
102, 75, 1
83, 71, 1
83, 80, 1
80, 145, 1
143, 94, 1
124, 90, 1
143, 103, 1
83, 98, 1
75, 94, 1
127, 95, 1
123, 143, 1
124, 108, 1
104, 139, 1
115, 139, 1
108, 100, 1
108, 127, 1
129, 79, 1
89, 95, 1
100, 128, 1
131, 106, 1
123, 102, 1
102, 79, 1
83, 75, 1
131, 124, 1
80, 140, 1
143, 89, 1
143, 98, 1
123, 129, 1
124, 94, 1
124, 103, 1
108, 95, 1
104, 143, 1
115, 143, 1
108, 104, 1
128, 100, 1
139, 100, 1
129, 74, 1
89, 90, 1
89, 108, 1
100, 123, 1
143, 75, 1
123, 106, 1
124, 71, 1
104, 102, 1
115, 102, 1
123, 115, 1
123, 124, 1
124, 89, 1
143, 102, 1
124, 98, 1
104, 129, 1
127, 94, 1
115, 129, 1
108, 90, 1
145, 139, 1
127, 103, 1
139, 95, 1
89, 94, 1
89, 103, 1
123, 83, 1
100, 127, 1
143, 79, 1
124, 75, 1
80, 139, 1
104, 106, 1
127, 71, 1
115, 106, 1
104, 115, 1
104, 124, 1
115, 124, 1
108, 94, 1
145, 143, 1
108, 103, 1
89, 71, 1
89, 80, 1
89, 98, 1
100, 95, 1
129, 140, 1
100, 104, 1
104, 74, 1
115, 74, 1
131, 100, 1
104, 83, 1
100, 131, 1
115, 83, 1
143, 74, 1
143, 83, 1
145, 102, 1
124, 79, 1
80, 143, 1
102, 140, 1
108, 71, 1
145, 129, 1
108, 89, 1
89, 75, 1
100, 90, 1
100, 108, 1
80, 102, 1
131, 95, 1
123, 100, 1
80, 129, 1
124, 74, 1
145, 106, 1
127, 79, 1
83, 131, 1
145, 115, 1
108, 75, 1
145, 124, 1
83, 140, 1
103, 127, 1
106, 123, 1
89, 79, 1
100, 94, 1
129, 139, 1
100, 103, 1
80, 106, 1
80, 115, 1
145, 83, 1
80, 124, 1
71, 143, 1
103, 95, 1
102, 139, 1
106, 100, 1
106, 127, 1
100, 71, 1
80, 74, 1
100, 89, 1
80, 83, 1
100, 98, 1
129, 143, 1
106, 95, 1
102, 143, 1
83, 139, 1
106, 131, 1
129, 102, 1
100, 75, 1
89, 145, 1
145, 100, 1
103, 94, 1
106, 90, 1
143, 139, 1
83, 143, 1
106, 108, 1
108, 145, 1
128, 123, 1
129, 106, 1
129, 115, 1
89, 131, 1
100, 79, 1
129, 124, 1
89, 140, 1
90, 123, 1
102, 106, 1
103, 71, 1
83, 102, 1
102, 115, 1
145, 95, 1
102, 124, 1
106, 94, 1
95, 94, 1
106, 103, 1
124, 139, 1
108, 131, 1
108, 140, 1
129, 83, 1
128, 127, 1
139, 127, 1
128, 145, 1
90, 100, 1
102, 83, 1
83, 79, 1
90, 127, 1
83, 106, 1
106, 71, 1
83, 115, 1
106, 80, 1
143, 129, 1
106, 98, 1
128, 95, 1
124, 143, 1
128, 104, 1
128, 131, 1
139, 131, 1
139, 140, 1
90, 95, 1
89, 139, 1
100, 145, 1
83, 74, 1
90, 131, 1
71, 127, 1
123, 128, 1
143, 106, 1
124, 102, 1
103, 79, 1
143, 115, 1
106, 75, 1
143, 124, 1
124, 129, 1
128, 90, 1
127, 143, 1
128, 108, 1
139, 108, 1
108, 139, 1
129, 100, 1
98, 94, 1
71, 95, 1
89, 143, 1
90, 108, 1
100, 140, 1
131, 127, 1
102, 100, 1
104, 128, 1
115, 128, 1
124, 106, 1
127, 102, 1
106, 79, 1
95, 79, 1
143, 128, 1
124, 115, 1
108, 98, 1
128, 94, 1
139, 94, 1
128, 103, 1
139, 103, 1
89, 102, 1
129, 95, 1
89, 129, 1
90, 94, 1
90, 103, 1
124, 83, 1
123, 127, 1
131, 140, 1
104, 123, 1
115, 123, 1
123, 145, 1
143, 123, 1
128, 71, 1
139, 71, 1
108, 102, 1
128, 80, 1
128, 89, 1
128, 98, 1
139, 98, 1
108, 129, 1
98, 75, 1
89, 106, 1
90, 71, 1
89, 115, 1
90, 80, 1
89, 124, 1
131, 90, 1
90, 98, 1
71, 94, 1
123, 95, 1
131, 108, 1
71, 103, 1
100, 139, 1
123, 104, 1
104, 100, 1
115, 100, 1
143, 100, 1
123, 131, 1
108, 79, 1
104, 127, 1
115, 127, 1
128, 75, 1
108, 106, 1
108, 115, 1
89, 74, 1
89, 83, 1
98, 79, 1
90, 75, 1
131, 94, 1
123, 90, 1
131, 103, 1
80, 128, 1
104, 95, 1
100, 143, 1
123, 108, 1
115, 95, 1
115, 104, 1
143, 95, 1
108, 74, 1
145, 123, 1
124, 100, 1
108, 83, 1
115, 131, 1
128, 79, 1
139, 79, 1
106, 140, 1
131, 71, 1
100, 102, 1
90, 79, 1
131, 98, 1
100, 129, 1
123, 94, 1
80, 123, 1
104, 90, 1
115, 90, 1
123, 103, 1
104, 108, 1
115, 108, 1
143, 90, 1
124, 95, 1
145, 127, 1
74, 94, 1
128, 74, 1
100, 106, 1
123, 71, 1
80, 100, 1
100, 115, 1
123, 80, 1
100, 124, 1
123, 89, 1
131, 102, 1
123, 98, 1
80, 127, 1
104, 94, 1
115, 94, 1
104, 103, 1
115, 103, 1
145, 131, 1
145, 140, 1
79, 94, 1
143, 72, 1
131, 104, 1
106, 145, 1
139, 90, 1
100, 80, 1
83, 128, 1
108, 72, 1
124, 80, 1
131, 128, 1
95, 102, 1
90, 72, 1
123, 72, 1
145, 72, 1
89, 104, 1
106, 74, 1
139, 74, 1
95, 71, 1
89, 128, 1
143, 80, 1
74, 72, 1
115, 72, 1
129, 72, 1
106, 104, 1
139, 104, 1
98, 72, 1
140, 75, 1
129, 145, 1
90, 74, 1
106, 128, 1
139, 128, 1
95, 143, 1
89, 72, 1
100, 72, 1
80, 72, 1
124, 72, 1
90, 104, 1
145, 104, 1
95, 103, 1
140, 74, 1
139, 106, 1
98, 74, 1
131, 74, 1
90, 128, 1
145, 128, 1
104, 72, 1
95, 127, 1
106, 72, 1
128, 72, 1
83, 104, 1
83, 72, 1
98, 37, -1
98, 18, -1
98, 7, -1
98, 8, -1
98, 2, -1
98, 54, -1
98, 187, -1
98, 196, -1
98, 189, -1
98, 188, -1
98, 185, -1
98, 159, -1
98, 161, -1
98, 171, -1
98, 165, -1
98, 174, -1
98, 166, -1
98, 170, -1
98, 163, -1
98, 176, -1
98, 182, -1
79, 37, -1
79, 18, -1
79, 7, -1
79, 8, -1
79, 2, -1
79, 54, -1
79, 187, -1
79, 196, -1
79, 189, -1
79, 188, -1
79, 185, -1
79, 159, -1
79, 161, -1
79, 171, -1
79, 165, -1
79, 174, -1
79, 166, -1
79, 170, -1
79, 163, -1
79, 176, -1
79, 182, -1
140, 37, -1
140, 18, -1
140, 7, -1
140, 8, -1
140, 2, -1
140, 54, -1
140, 187, -1
140, 196, -1
140, 189, -1
140, 188, -1
140, 185, -1
140, 159, -1
140, 161, -1
140, 171, -1
140, 165, -1
140, 174, -1
140, 166, -1
140, 170, -1
140, 163, -1
140, 176, -1
140, 182, -1
74, 37, -1
74, 18, -1
74, 7, -1
74, 8, -1
74, 2, -1
74, 54, -1
74, 187, -1
74, 196, -1
74, 189, -1
74, 188, -1
74, 185, -1
74, 159, -1
74, 161, -1
74, 171, -1
74, 165, -1
74, 174, -1
74, 166, -1
74, 170, -1
74, 163, -1
74, 176, -1
74, 182, -1
72, 37, -1
72, 18, -1
72, 7, -1
72, 8, -1
72, 2, -1
72, 54, -1
72, 187, -1
72, 196, -1
72, 189, -1
72, 188, -1
72, 185, -1
72, 159, -1
72, 161, -1
72, 171, -1
72, 165, -1
72, 174, -1
72, 166, -1
72, 170, -1
72, 163, -1
72, 176, -1
72, 182, -1
75, 37, -1
75, 18, -1
75, 7, -1
75, 8, -1
75, 2, -1
75, 54, -1
75, 187, -1
75, 196, -1
75, 189, -1
75, 188, -1
75, 185, -1
75, 159, -1
75, 161, -1
75, 171, -1
75, 165, -1
75, 174, -1
75, 166, -1
75, 170, -1
75, 163, -1
75, 176, -1
75, 182, -1
94, 37, -1
94, 18, -1
94, 7, -1
94, 8, -1
94, 2, -1
94, 54, -1
94, 187, -1
94, 196, -1
94, 189, -1
94, 188, -1
94, 185, -1
94, 159, -1
94, 161, -1
94, 171, -1
94, 165, -1
94, 174, -1
94, 166, -1
94, 170, -1
94, 163, -1
94, 176, -1
94, 182, -1
83, 174, -1
161, 75, -1
143, 188, -1
102, 7, -1
108, 176, -1
127, 189, -1
161, 102, -1
108, 185, -1
128, 163, -1
37, 143, -1
139, 163, -1
171, 143, -1
182, 143, -1
163, 139, -1
89, 171, -1
8, 103, -1
89, 189, -1
127, 54, -1
54, 79, -1
90, 163, -1
188, 79, -1
71, 159, -1
128, 37, -1
129, 2, -1
139, 37, -1
131, 182, -1
8, 139, -1
54, 106, -1
123, 187, -1
54, 115, -1
143, 165, -1
123, 196, -1
124, 161, -1
170, 128, -1
89, 54, -1
159, 128, -1
143, 174, -1
124, 170, -1
127, 166, -1
161, 79, -1
90, 37, -1
124, 188, -1
108, 171, -1
83, 7, -1
108, 189, -1
128, 176, -1
163, 143, -1
139, 176, -1
18, 115, -1
89, 166, -1
18, 124, -1
129, 159, -1
8, 98, -1
187, 100, -1
176, 100, -1
54, 74, -1
108, 54, -1
188, 74, -1
185, 139, -1
54, 83, -1
188, 83, -1
90, 176, -1
123, 182, -1
189, 127, -1
170, 123, -1
104, 187, -1
115, 187, -1
159, 123, -1
124, 165, -1
104, 196, -1
115, 196, -1
161, 74, -1
124, 174, -1
143, 187, -1
161, 83, -1
163, 102, -1
108, 166, -1
83, 2, -1
171, 124, -1
128, 171, -1
139, 171, -1
89, 161, -1
89, 170, -1
187, 95, -1
176, 95, -1
8, 102, -1
89, 188, -1
128, 18, -1
100, 185, -1
131, 163, -1
185, 143, -1
174, 143, -1
123, 159, -1
104, 182, -1
115, 182, -1
170, 127, -1
90, 18, -1
159, 127, -1
2, 143, -1
127, 165, -1
170, 145, -1
159, 145, -1
131, 37, -1
127, 174, -1
143, 2, -1
108, 161, -1
108, 170, -1
124, 7, -1
163, 124, -1
176, 72, -1
8, 79, -1
89, 165, -1
196, 139, -1
18, 123, -1
89, 174, -1
100, 171, -1
8, 106, -1
185, 129, -1
100, 189, -1
123, 163, -1
159, 95, -1
104, 159, -1
166, 143, -1
115, 159, -1
131, 176, -1
170, 104, -1
159, 104, -1
143, 159, -1
145, 187, -1
170, 131, -1
159, 131, -1
145, 196, -1
100, 54, -1
170, 140, -1
108, 165, -1
108, 174, -1
123, 37, -1
124, 2, -1
127, 7, -1
18, 100, -1
8, 74, -1
8, 83, -1
185, 106, -1
196, 143, -1
18, 127, -1
100, 166, -1
185, 115, -1
7, 127, -1
128, 8, -1
185, 124, -1
89, 7, -1
189, 94, -1
170, 90, -1
80, 187, -1
189, 103, -1
159, 90, -1
131, 171, -1
80, 196, -1
104, 163, -1
115, 163, -1
123, 176, -1
170, 108, -1
159, 108, -1
2, 115, -1
2, 124, -1
145, 182, -1
124, 159, -1
171, 100, -1
104, 37, -1
115, 37, -1
18, 95, -1
7, 95, -1
108, 7, -1
100, 161, -1
100, 170, -1
89, 2, -1
100, 188, -1
131, 166, -1
80, 182, -1
170, 94, -1
159, 94, -1
123, 171, -1
170, 103, -1
159, 103, -1
188, 139, -1
115, 176, -1
37, 95, -1
171, 95, -1
182, 95, -1
123, 18, -1
103, 189, -1
163, 100, -1
161, 139, -1
18, 90, -1
108, 2, -1
18, 108, -1
165, 127, -1
103, 54, -1
100, 165, -1
80, 159, -1
100, 174, -1
185, 123, -1
170, 71, -1
159, 71, -1
170, 80, -1
159, 80, -1
170, 89, -1
159, 89, -1
189, 102, -1
159, 98, -1
170, 98, -1
145, 163, -1
54, 143, -1
188, 143, -1
103, 166, -1
2, 123, -1
106, 171, -1
104, 18, -1
106, 189, -1
115, 18, -1
161, 143, -1
145, 37, -1
18, 94, -1
7, 94, -1
129, 187, -1
185, 100, -1
129, 196, -1
176, 128, -1
106, 54, -1
95, 54, -1
80, 163, -1
189, 79, -1
170, 75, -1
159, 75, -1
54, 129, -1
100, 7, -1
2, 100, -1
102, 187, -1
102, 196, -1
145, 176, -1
2, 127, -1
106, 166, -1
95, 166, -1
37, 94, -1
80, 37, -1
18, 71, -1
161, 129, -1
7, 71, -1
129, 182, -1
185, 95, -1
174, 95, -1
176, 123, -1
188, 106, -1
170, 79, -1
188, 115, -1
80, 176, -1
54, 124, -1
100, 2, -1
2, 95, -1
102, 182, -1
37, 71, -1
145, 171, -1
83, 187, -1
103, 165, -1
83, 196, -1
103, 174, -1
161, 106, -1
161, 115, -1
104, 8, -1
161, 124, -1
106, 188, -1
145, 18, -1
128, 185, -1
18, 75, -1
165, 94, -1
165, 103, -1
185, 90, -1
166, 95, -1
187, 127, -1
176, 127, -1
8, 143, -1
176, 145, -1
102, 159, -1
170, 74, -1
159, 74, -1
2, 90, -1
54, 128, -1
145, 166, -1
83, 182, -1
143, 196, -1
80, 18, -1
106, 165, -1
106, 174, -1
95, 174, -1
165, 71, -1
103, 7, -1
196, 95, -1
128, 189, -1
139, 189, -1
129, 163, -1
176, 104, -1
90, 171, -1
8, 129, -1
187, 131, -1
176, 131, -1
128, 54, -1
90, 189, -1
139, 54, -1
187, 140, -1
176, 140, -1
102, 163, -1
83, 159, -1
54, 123, -1
129, 37, -1
2, 94, -1
143, 182, -1
124, 187, -1
124, 196, -1
90, 54, -1
108, 188, -1
128, 166, -1
139, 166, -1
102, 37, -1
106, 7, -1
95, 7, -1
185, 71, -1
174, 71, -1
176, 90, -1
129, 176, -1
187, 108, -1
176, 108, -1
8, 115, -1
90, 166, -1
8, 124, -1
54, 100, -1
2, 71, -1
54, 127, -1
83, 163, -1
102, 176, -1
159, 140, -1
80, 8, -1
124, 182, -1
161, 100, -1
128, 161, -1
71, 54, -1
128, 170, -1
165, 79, -1
83, 37, -1
106, 2, -1
128, 188, -1
139, 188, -1
187, 94, -1
176, 94, -1
129, 171, -1
89, 187, -1
187, 103, -1
176, 103, -1
89, 196, -1
8, 128, -1
54, 95, -1
71, 166, -1
188, 95, -1
54, 104, -1
90, 188, -1
129, 18, -1
131, 189, -1
123, 185, -1
2, 75, -1
143, 163, -1
102, 171, -1
127, 182, -1
37, 127, -1
161, 95, -1
171, 127, -1
182, 127, -1
131, 54, -1
108, 187, -1
128, 165, -1
139, 165, -1
108, 196, -1
128, 174, -1
139, 174, -1
143, 37, -1
187, 71, -1
176, 71, -1
176, 80, -1
176, 89, -1
18, 131, -1
89, 182, -1
176, 98, -1
18, 140, -1
54, 72, -1
90, 165, -1
8, 123, -1
54, 90, -1
90, 174, -1
188, 90, -1
54, 108, -1
104, 176, -1
123, 189, -1
104, 185, -1
115, 185, -1
124, 163, -1
127, 159, -1
189, 143, -1
170, 139, -1
143, 185, -1
159, 139, -1
108, 182, -1
171, 131, -1
163, 127, -1
83, 18, -1
123, 54, -1
171, 140, -1
89, 159, -1
124, 37, -1
176, 75, -1
128, 7, -1
139, 7, -1
8, 100, -1
187, 102, -1
176, 102, -1
8, 127, -1
123, 166, -1
71, 174, -1
131, 188, -1
104, 171, -1
115, 171, -1
90, 7, -1
104, 189, -1
115, 189, -1
143, 171, -1
163, 95, -1
108, 159, -1
171, 108, -1
170, 143, -1
159, 143, -1
124, 185, -1
124, 176, -1
143, 18, -1
163, 131, -1
18, 103, -1
104, 54, -1
115, 54, -1
7, 103, -1
89, 163, -1
187, 79, -1
176, 79, -1
127, 37, -1
128, 2, -1
8, 95, -1
18, 139, -1
8, 104, -1
54, 71, -1
185, 127, -1
174, 127, -1
188, 71, -1
100, 187, -1
54, 80, -1
131, 165, -1
100, 196, -1
185, 145, -1
123, 161, -1
131, 174, -1
54, 89, -1
123, 170, -1
170, 102, -1
104, 166, -1
115, 166, -1
159, 102, -1
89, 37, -1
90, 2, -1
123, 188, -1
143, 166, -1
71, 7, -1
170, 129, -1
159, 129, -1
171, 94, -1
37, 103, -1
124, 171, -1
171, 103, -1
182, 103, -1
108, 163, -1
163, 108, -1
139, 159, -1
124, 18, -1
18, 98, -1
8, 72, -1
187, 74, -1
176, 74, -1
8, 90, -1
108, 37, -1
8, 108, -1
185, 131, -1
100, 182, -1
54, 75, -1
166, 127, -1
185, 140, -1
80, 185, -1
123, 165, -1
104, 161, -1
115, 161, -1
123, 174, -1
170, 106, -1
171, 71, -1
182, 71, -1
104, 170, -1
159, 106, -1
170, 115, -1
143, 161, -1
131, 7, -1
159, 115, -1
115, 170, -1
170, 124, -1
104, 188, -1
2, 131, -1
145, 189, -1
115, 188, -1
159, 124, -1
2, 140, -1
163, 94, -1
163, 103, -1
18, 102, -1
196, 127, -1
145, 54, -1
7, 102, -1
100, 159, -1
185, 108, -1
8, 94, -1
80, 171, -1
170, 83, -1
159, 83, -1
89, 18, -1
80, 189, -1
104, 165, -1
2, 108, -1
115, 165, -1
104, 174, -1
115, 174, -1
163, 71, -1
123, 7, -1
37, 102, -1
171, 102, -1
80, 54, -1
18, 79, -1
18, 106, -1
8, 71, -1
196, 131, -1
185, 94, -1
108, 18, -1
8, 80, -1
185, 103, -1
174, 103, -1
8, 89, -1
100, 163, -1
165, 143, -1
80, 166, -1
131, 159, -1
188, 123, -1
2, 103, -1
145, 170, -1
37, 79, -1
171, 79, -1
182, 79, -1
100, 37, -1
123, 2, -1
145, 188, -1
103, 182, -1
2, 139, -1
104, 7, -1
115, 7, -1
161, 123, -1
106, 187, -1
18, 74, -1
106, 196, -1
143, 7, -1
18, 83, -1
165, 102, -1
8, 75, -1
185, 98, -1
166, 103, -1
80, 161, -1
100, 176, -1
80, 170, -1
89, 8, -1
189, 95, -1
188, 127, -1
80, 188, -1
2, 98, -1
170, 100, -1
159, 100, -1
145, 165, -1
54, 145, -1
103, 159, -1
171, 74, -1
145, 174, -1
163, 79, -1
104, 2, -1
115, 2, -1
106, 182, -1
95, 182, -1
161, 127, -1
196, 94, -1
196, 103, -1
161, 145, -1
185, 75, -1
166, 71, -1
129, 189, -1
185, 102, -1
187, 139, -1
176, 139, -1
80, 165, -1
80, 174, -1
54, 131, -1
170, 95, -1
188, 131, -1
2, 102, -1
83, 176, -1
129, 54, -1
100, 18, -1
102, 189, -1
54, 140, -1
106, 159, -1
95, 159, -1
163, 74, -1
196, 71, -1
145, 7, -1
161, 131, -1
102, 54, -1
161, 140, -1
129, 166, -1
185, 79, -1
174, 79, -1
103, 37, -1
187, 143, -1
176, 143, -1
170, 72, -1
2, 79, -1
159, 72, -1
102, 166, -1
83, 171, -1
80, 7, -1
2, 106, -1
161, 90, -1
83, 189, -1
106, 163, -1
161, 108, -1
145, 2, -1
128, 187, -1
196, 102, -1
139, 187, -1
128, 196, -1
139, 196, -1
83, 54, -1
185, 74, -1
129, 170, -1
185, 83, -1
166, 79, -1
106, 37, -1
129, 188, -1
176, 129, -1
188, 94, -1
189, 71, -1
54, 103, -1
90, 187, -1
188, 103, -1
8, 145, -1
2, 74, -1
90, 196, -1
2, 83, -1
83, 166, -1
145, 159, -1
80, 2, -1
102, 188, -1
143, 189, -1
54, 139, -1
161, 94, -1
161, 103, -1
196, 79, -1
106, 176, -1
163, 140, -1
128, 182, -1
139, 182, -1
143, 54, -1
129, 165, -1
129, 174, -1
176, 106, -1
176, 115, -1
187, 124, -1
176, 124, -1
8, 131, -1
54, 98, -1
90, 182, -1
188, 98, -1
8, 140, -1
102, 165, -1
102, 174, -1
161, 71, -1
83, 170, -1
83, 188, -1
124, 189, -1
161, 98, -1
128, 159, -1
196, 74, -1
171, 139, -1
176, 83, -1
165, 95, -1
89, 176, -1
124, 54, -1
106, 18, -1
89, 185, -1
18, 143, -1
90, 159, -1
188, 75, -1
129, 7, -1
54, 102, -1
131, 187, -1
188, 102, -1
71, 182, -1
131, 196, -1
143, 170, -1
83, 165, -1
124, 166, -1
18, 72, -1
196, 106, -1
18, 145, -1
90, 161, -1
145, 161, -1
196, 124, -1
37, 106, -1
196, 90, -1
196, 108, -1
185, 80, -1
129, 185, -1
174, 98, -1
166, 94, -1
187, 98, -1
161, 72, -1
171, 104, -1
165, 106, -1
174, 102, -1
145, 185, -1
166, 98, -1
188, 104, -1
18, 80, -1
171, 106, -1
182, 106, -1
188, 140, -1
83, 185, -1
54, 94, -1
185, 104, -1
161, 104, -1
171, 90, -1
18, 128, -1
196, 98, -1
159, 79, -1
188, 124, -1
163, 104, -1
2, 104, -1
106, 161, -1
196, 128, -1
166, 102, -1
188, 108, -1
196, 100, -1
185, 72, -1
163, 106, -1
171, 128, -1
189, 106, -1
90, 185, -1
2, 72, -1
182, 94, -1
163, 90, -1
2, 145, -1
188, 128, -1
129, 161, -1
161, 128, -1
165, 98, -1
187, 104, -1
174, 106, -1
37, 98, -1
171, 98, -1
182, 98, -1
187, 106, -1
83, 161, -1
187, 90, -1
161, 80, -1
18, 104, -1
188, 100, -1
2, 80, -1
166, 106, -1
182, 102, -1
163, 98, -1
185, 128, -1
7, 79, -1
196, 104, -1
189, 98, -1
7, 143, -1
174, 94, -1
187, 128, -1
163, 128, -1
196, 140, -1
2, 128, -1
106, 185, -1
18, 129, -1
2, 129, -1

153, 159, 1
153, 161, 1
86, 124, 1
86, 71, 1
86, 108, 1
86, 129, 1
86, 104, 1
86, 103, 1
86, 127, 1
86, 128, 1
86, 131, 1
86, 106, 1
86, 90, 1
86, 145, 1
86, 83, 1
86, 89, 1
86, 102, 1
86, 100, 1
86, 143, 1
86, 139, 1
86, 123, 1
86, 80, 1
86, 115, 1
86, 95, 1
86, 98, 1
86, 79, 1
86, 140, 1
86, 74, 1
86, 72, 1
86, 75, 1
86, 94, 1
30, 37, 1
30, 18, 1
30, 7, 1
30, 8, 1
30, 2, 1
30, 54, 1
121, 124, 1
121, 71, 1
121, 108, 1
121, 129, 1
121, 104, 1
121, 103, 1
121, 127, 1
121, 128, 1
121, 131, 1
121, 106, 1
121, 90, 1
121, 145, 1
121, 83, 1
121, 89, 1
121, 102, 1
121, 100, 1
121, 143, 1
121, 139, 1
121, 123, 1
121, 80, 1
121, 115, 1
121, 95, 1
121, 98, 1
121, 79, 1
121, 140, 1
121, 74, 1
121, 72, 1
121, 75, 1
121, 94, 1
121, 86, 1
135, 124, 1
135, 71, 1
135, 108, 1
135, 129, 1
135, 104, 1
135, 103, 1
135, 127, 1
135, 128, 1
135, 131, 1
135, 106, 1
135, 90, 1
135, 145, 1
135, 83, 1
135, 89, 1
135, 102, 1
135, 100, 1
135, 143, 1
135, 139, 1
135, 123, 1
135, 80, 1
135, 115, 1
135, 95, 1
135, 98, 1
135, 79, 1
135, 140, 1
135, 74, 1
135, 72, 1
135, 75, 1
135, 94, 1
135, 86, 1
135, 121, 1
103, 143, 1
106, 139, 1
8, 18, 1
131, 79, 1
80, 95, 1
123, 75, 1
80, 104, 1
104, 71, 1
115, 71, 1
98, 140, 1
104, 89, 1
145, 90, 1
143, 71, 1
80, 131, 1
104, 98, 1
83, 124, 1
145, 108, 1
103, 102, 1
74, 75, 1
72, 123, 1
106, 143, 1
128, 140, 1
129, 123, 1
80, 90, 1
98, 135, 1
123, 79, 1
80, 108, 1
104, 75, 1
115, 75, 1
90, 140, 1
145, 94, 1
102, 123, 1
145, 103, 1
75, 124, 1
106, 102, 1
74, 79, 1
18, 7, 1
72, 127, 1
128, 135, 1
72, 145, 1
139, 135, 1
129, 127, 1
140, 127, 1
80, 94, 1
129, 145, 1
80, 103, 1
98, 139, 1
145, 71, 1
90, 135, 1
79, 135, 1
104, 79, 1
115, 79, 1
145, 98, 1
37, 7, 1
102, 127, 1
83, 123, 1
94, 123, 1
72, 95, 1
72, 104, 1
106, 115, 1
106, 124, 1
108, 143, 1
128, 121, 1
72, 131, 1
128, 139, 1
80, 71, 1
100, 86, 1
129, 131, 1
80, 89, 1
80, 98, 1
102, 95, 1
98, 143, 1
145, 75, 1
90, 139, 1
71, 135, 1
83, 100, 1
94, 100, 1
106, 83, 1
102, 131, 1
83, 127, 1
94, 127, 1
72, 90, 1
72, 108, 1
129, 90, 1
128, 143, 1
129, 108, 1
139, 143, 1
98, 102, 1
80, 75, 1
102, 90, 1
83, 86, 1
94, 86, 1
131, 135, 1
145, 79, 1
90, 143, 1
102, 108, 1
83, 95, 1
94, 95, 1
123, 140, 1
75, 100, 1
104, 145, 1
143, 127, 1
72, 94, 1
75, 127, 1
143, 145, 1
72, 103, 1
128, 102, 1
139, 102, 1
74, 131, 1
74, 140, 1
128, 129, 1
129, 94, 1
140, 94, 1
129, 103, 1
140, 103, 1
89, 128, 1
98, 106, 1
90, 102, 1
80, 79, 1
98, 115, 1
98, 124, 1
2, 7, 1
102, 94, 1
94, 90, 1
145, 74, 1
102, 103, 1
75, 86, 1
143, 104, 1
123, 135, 1
104, 131, 1
75, 95, 1
83, 108, 1
72, 71, 1
94, 108, 1
104, 140, 1
115, 140, 1
103, 86, 1
72, 80, 1
143, 131, 1
124, 127, 1
72, 89, 1
143, 140, 1
72, 98, 1
128, 106, 1
129, 71, 1
140, 71, 1
74, 135, 1
128, 115, 1
139, 124, 1
128, 124, 1
98, 83, 1
129, 98, 1
89, 123, 1
90, 106, 1
102, 71, 1
71, 102, 1
90, 115, 1
90, 124, 1
83, 94, 1
131, 143, 1
143, 108, 1
83, 103, 1
94, 103, 1
123, 139, 1
104, 135, 1
115, 135, 1
72, 75, 1
75, 108, 1
106, 86, 1
95, 86, 1
143, 135, 1
128, 83, 1
124, 140, 1
129, 75, 1
74, 139, 1
89, 100, 1
140, 102, 1
90, 83, 1
71, 79, 1
89, 127, 1
54, 8, 1
102, 75, 1
83, 71, 1
94, 71, 1
80, 145, 1
143, 94, 1
104, 121, 1
143, 103, 1
94, 98, 1
75, 94, 1
127, 95, 1
123, 143, 1
124, 108, 1
104, 139, 1
115, 139, 1
143, 121, 1
72, 79, 1
108, 100, 1
108, 127, 1
89, 86, 1
129, 79, 1
89, 95, 1
74, 143, 1
140, 79, 1
89, 104, 1
98, 100, 1
123, 102, 1
102, 79, 1
83, 75, 1
94, 75, 1
131, 124, 1
75, 71, 1
80, 140, 1
143, 89, 1
143, 98, 1
124, 94, 1
124, 103, 1
108, 86, 1
145, 135, 1
72, 74, 1
108, 95, 1
104, 143, 1
115, 143, 1
74, 102, 1
128, 100, 1
139, 100, 1
129, 74, 1
89, 90, 1
89, 108, 1
98, 86, 1
54, 7, 1
143, 75, 1
124, 71, 1
80, 135, 1
104, 102, 1
115, 102, 1
123, 115, 1
94, 79, 1
123, 124, 1
143, 102, 1
104, 129, 1
127, 94, 1
145, 139, 1
127, 103, 1
74, 106, 1
128, 86, 1
139, 86, 1
74, 115, 1
139, 95, 1
74, 124, 1
89, 94, 1
89, 103, 1
54, 2, 1
90, 86, 1
100, 127, 1
80, 121, 1
143, 79, 1
80, 139, 1
104, 106, 1
127, 71, 1
104, 115, 1
104, 124, 1
115, 124, 1
74, 83, 1
108, 94, 1
145, 143, 1
108, 103, 1
72, 140, 1
89, 71, 1
89, 98, 1
100, 95, 1
129, 140, 1
104, 74, 1
131, 100, 1
104, 83, 1
143, 74, 1
143, 83, 1
145, 102, 1
124, 79, 1
80, 143, 1
102, 140, 1
108, 71, 1
145, 129, 1
94, 145, 1
72, 135, 1
89, 75, 1
8, 7, 1
129, 135, 1
140, 135, 1
80, 102, 1
131, 86, 1
131, 95, 1
123, 100, 1
80, 129, 1
145, 106, 1
102, 135, 1
127, 79, 1
83, 131, 1
94, 131, 1
145, 115, 1
145, 124, 1
83, 140, 1
94, 140, 1
103, 127, 1
106, 123, 1
72, 121, 1
72, 139, 1
89, 79, 1
18, 37, 1
8, 2, 1
100, 94, 1
129, 139, 1
100, 103, 1
121, 135, 1
80, 106, 1
123, 86, 1
80, 115, 1
145, 83, 1
80, 124, 1
71, 143, 1
103, 95, 1
102, 139, 1
83, 135, 1
106, 100, 1
94, 135, 1
75, 131, 1
75, 140, 1
106, 127, 1
72, 143, 1
100, 71, 1
80, 74, 1
80, 83, 1
129, 143, 1
140, 143, 1
115, 86, 1
106, 95, 1
102, 143, 1
83, 139, 1
72, 102, 1
94, 139, 1
75, 135, 1
72, 129, 1
106, 131, 1
129, 102, 1
89, 145, 1
98, 123, 1
75, 103, 1
145, 100, 1
103, 94, 1
143, 139, 1
124, 135, 1
83, 143, 1
106, 108, 1
72, 106, 1
94, 143, 1
75, 139, 1
72, 115, 1
72, 124, 1
128, 123, 1
129, 106, 1
86, 135, 1
129, 115, 1
89, 131, 1
100, 79, 1
129, 124, 1
89, 140, 1
98, 127, 1
90, 123, 1
102, 106, 1
103, 71, 1
94, 102, 1
145, 86, 1
102, 115, 1
83, 102, 1
145, 95, 1
2, 37, 1
102, 124, 1
72, 83, 1
94, 129, 1
106, 94, 1
95, 94, 1
106, 103, 1
127, 135, 1
108, 140, 1
129, 83, 1
128, 127, 1
139, 127, 1
98, 95, 1
128, 145, 1
89, 135, 1
90, 100, 1
80, 86, 1
102, 83, 1
98, 131, 1
83, 79, 1
90, 127, 1
94, 106, 1
106, 71, 1
75, 102, 1
83, 115, 1
94, 115, 1
143, 129, 1
94, 124, 1
128, 95, 1
124, 143, 1
128, 104, 1
108, 135, 1
128, 131, 1
139, 131, 1
98, 90, 1
139, 140, 1
89, 121, 1
79, 86, 1
90, 95, 1
98, 108, 1
89, 139, 1
94, 74, 1
94, 83, 1
90, 131, 1
75, 79, 1
71, 127, 1
2, 18, 1
143, 106, 1
124, 102, 1
103, 79, 1
143, 115, 1
106, 75, 1
143, 124, 1
128, 90, 1
72, 100, 1
127, 143, 1
128, 108, 1
139, 108, 1
129, 100, 1
98, 94, 1
98, 103, 1
71, 86, 1
71, 95, 1
89, 143, 1
90, 108, 1
161, 159, 1
100, 140, 1
131, 127, 1
102, 100, 1
127, 102, 1
106, 79, 1
95, 79, 1
143, 128, 1
72, 86, 1
128, 94, 1
139, 94, 1
74, 123, 1
128, 103, 1
139, 103, 1
98, 71, 1
89, 102, 1
129, 86, 1
140, 86, 1
129, 95, 1
140, 95, 1
89, 129, 1
90, 94, 1
79, 94, 1
90, 103, 1
100, 135, 1
54, 37, 1
102, 86, 1
123, 127, 1
131, 140, 1
104, 123, 1
143, 123, 1
128, 71, 1
139, 71, 1
74, 100, 1
108, 102, 1
128, 89, 1
128, 98, 1
74, 127, 1
98, 75, 1
89, 106, 1
90, 71, 1
89, 115, 1
89, 124, 1
71, 94, 1
123, 95, 1
131, 108, 1
71, 103, 1
104, 100, 1
115, 100, 1
143, 100, 1
123, 131, 1
108, 79, 1
104, 127, 1
115, 127, 1
74, 86, 1
74, 95, 1
128, 75, 1
89, 74, 1
89, 83, 1
98, 79, 1
90, 75, 1
131, 94, 1
54, 18, 1
131, 103, 1
104, 86, 1
80, 128, 1
104, 95, 1
100, 143, 1
123, 108, 1
115, 95, 1
143, 86, 1
143, 95, 1
145, 123, 1
124, 100, 1
115, 131, 1
74, 90, 1
103, 135, 1
128, 79, 1
139, 79, 1
74, 108, 1
106, 140, 1
131, 71, 1
100, 102, 1
90, 79, 1
8, 37, 1
123, 94, 1
80, 123, 1
104, 90, 1
123, 103, 1
104, 108, 1
115, 108, 1
143, 90, 1
124, 86, 1
124, 95, 1
145, 127, 1
74, 94, 1
128, 74, 1
74, 103, 1
106, 135, 1
95, 135, 1
123, 71, 1
80, 100, 1
131, 102, 1
80, 127, 1
104, 94, 1
115, 94, 1
104, 103, 1
115, 103, 1
74, 71, 1
127, 86, 1
145, 131, 1
75, 143, 1
145, 140, 1
74, 98, 1
72, 128, 1
75, 106, 1
75, 115, 1
100, 74, 1
139, 90, 1
108, 121, 1
100, 83, 1
74, 128, 1
108, 75, 1
140, 128, 1
129, 128, 1
108, 139, 1
123, 121, 1
102, 98, 1
75, 90, 1
124, 104, 1
140, 100, 1
104, 80, 1
115, 80, 1
115, 89, 1
115, 98, 1
124, 131, 1
74, 121, 1
108, 123, 1
129, 121, 1
75, 74, 1
140, 75, 1
140, 139, 1
75, 83, 1
104, 128, 1
90, 74, 1
115, 128, 1
108, 98, 1
95, 143, 1
89, 72, 1
18, 30, 1
102, 121, 1
140, 123, 1
131, 74, 1
124, 90, 1
115, 121, 1
83, 98, 1
98, 80, 1
95, 127, 1
106, 72, 1
79, 103, 1
100, 80, 1
2, 54, 1
83, 128, 1
100, 89, 1
145, 121, 1
37, 30, 1
95, 102, 1
100, 98, 1
98, 128, 1
115, 123, 1
106, 129, 1
123, 145, 1
106, 74, 1
128, 80, 1
8, 54, 1
100, 128, 1
131, 106, 1
94, 121, 1
83, 121, 1
54, 30, 1
139, 98, 1
143, 80, 1
108, 129, 1
74, 72, 1
129, 72, 1
98, 121, 1
106, 104, 1
123, 129, 1
140, 145, 1
123, 74, 1
79, 71, 1
90, 80, 1
145, 80, 1
139, 128, 1
131, 90, 1
100, 121, 1
90, 98, 1
100, 75, 1
100, 139, 1
123, 104, 1
74, 129, 1
140, 129, 1
75, 128, 1
140, 74, 1
90, 128, 1
18, 2, 1
145, 128, 1
104, 72, 1
115, 72, 1
139, 121, 1
108, 106, 1
100, 123, 1
140, 104, 1
129, 104, 1
108, 115, 1
106, 145, 1
106, 90, 1
123, 106, 1
75, 121, 1
140, 131, 1
131, 128, 1
90, 121, 1
124, 98, 1
115, 129, 1
108, 145, 1
108, 90, 1
123, 90, 1
140, 106, 1
140, 115, 1
124, 128, 1
140, 124, 1
75, 123, 1
131, 121, 1
115, 104, 1
108, 74, 1
108, 83, 1
140, 90, 1
123, 83, 1
75, 98, 1
140, 108, 1
100, 72, 1
124, 121, 1
115, 106, 1
95, 103, 1
124, 139, 1
98, 129, 1
108, 131, 1
98, 74, 1
18, 54, 1
140, 83, 1
79, 143, 1
128, 72, 1
2, 30, 1
86, 121, 1
83, 104, 1
131, 98, 1
100, 129, 1
115, 145, 1
143, 72, 1
115, 90, 1
89, 80, 1
108, 124, 1
79, 127, 1
90, 72, 1
145, 72, 1
8, 30, 1
100, 104, 1
37, 54, 1
115, 74, 1
95, 71, 1
83, 106, 1
115, 83, 1
106, 80, 1
100, 131, 1
140, 121, 1
79, 102, 1
106, 98, 1
161, 153, 1
139, 104, 1
83, 90, 1
100, 106, 1
131, 139, 1
108, 89, 1
100, 115, 1
123, 80, 1
106, 128, 1
100, 124, 1
123, 89, 1
123, 98, 1
79, 95, 1
80, 72, 1
145, 104, 1
100, 145, 1
83, 74, 1
108, 128, 1
139, 106, 1
100, 90, 1
74, 80, 1
129, 80, 1
123, 128, 1
100, 108, 1
106, 121, 1
140, 98, 1
74, 104, 1
124, 123, 1
124, 129, 1
98, 104, 1
124, 74, 1
131, 104, 1
108, 72, 1
124, 80, 1
124, 83, 1
75, 72, 1
124, 89, 1
123, 72, 1
139, 74, 1
90, 145, 1
83, 72, 1
98, 72, 1
75, 80, 1
108, 80, 1
90, 129, 1
98, 145, 1
74, 145, 1
124, 106, 1
124, 115, 1
75, 104, 1
108, 104, 1
7, 30, 1
124, 72, 1
90, 104, 1
124, 75, 1
124, 145, 1
83, 80, 1
153, 124, -1
153, 71, -1
153, 108, -1
153, 129, -1
153, 104, -1
153, 103, -1
153, 127, -1
153, 128, -1
153, 131, -1
153, 106, -1
153, 90, -1
153, 145, -1
153, 83, -1
153, 89, -1
153, 102, -1
153, 100, -1
153, 143, -1
153, 139, -1
153, 123, -1
153, 80, -1
153, 115, -1
153, 95, -1
153, 98, -1
153, 79, -1
153, 140, -1
153, 74, -1
153, 72, -1
153, 75, -1
153, 94, -1
153, 37, -1
153, 18, -1
153, 7, -1
153, 8, -1
153, 2, -1
153, 54, -1
153, 187, -1
153, 196, -1
153, 189, -1
153, 188, -1
153, 185, -1
153, 171, -1
153, 165, -1
153, 174, -1
153, 166, -1
153, 170, -1
153, 163, -1
153, 176, -1
153, 182, -1
86, 37, -1
86, 18, -1
86, 7, -1
86, 8, -1
86, 2, -1
86, 54, -1
86, 187, -1
86, 196, -1
86, 189, -1
86, 188, -1
86, 185, -1
86, 159, -1
86, 161, -1
86, 153, -1
86, 171, -1
86, 165, -1
86, 174, -1
86, 166, -1
86, 170, -1
86, 163, -1
86, 176, -1
86, 182, -1
30, 124, -1
30, 71, -1
30, 108, -1
30, 129, -1
30, 104, -1
30, 103, -1
30, 127, -1
30, 128, -1
30, 131, -1
30, 106, -1
30, 90, -1
30, 145, -1
30, 83, -1
30, 89, -1
30, 102, -1
30, 100, -1
30, 143, -1
30, 139, -1
30, 123, -1
30, 80, -1
30, 115, -1
30, 95, -1
30, 98, -1
30, 79, -1
30, 140, -1
30, 74, -1
30, 72, -1
30, 75, -1
30, 94, -1
30, 86, -1
30, 187, -1
30, 196, -1
30, 189, -1
30, 188, -1
30, 185, -1
30, 159, -1
30, 161, -1
30, 153, -1
30, 171, -1
30, 165, -1
30, 174, -1
30, 166, -1
30, 170, -1
30, 163, -1
30, 176, -1
30, 182, -1
121, 37, -1
121, 18, -1
121, 7, -1
121, 8, -1
121, 2, -1
121, 54, -1
121, 30, -1
121, 187, -1
121, 196, -1
121, 189, -1
121, 188, -1
121, 185, -1
121, 159, -1
121, 161, -1
121, 153, -1
121, 171, -1
121, 165, -1
121, 174, -1
121, 166, -1
121, 170, -1
121, 163, -1
121, 176, -1
121, 182, -1
135, 37, -1
135, 18, -1
135, 7, -1
135, 8, -1
135, 2, -1
135, 54, -1
135, 30, -1
135, 187, -1
135, 196, -1
135, 189, -1
135, 188, -1
135, 185, -1
135, 159, -1
135, 161, -1
135, 153, -1
135, 171, -1
135, 165, -1
135, 174, -1
135, 166, -1
135, 170, -1
135, 163, -1
135, 176, -1
135, 182, -1
75, 161, -1
161, 75, -1
83, 174, -1
98, 37, -1
94, 174, -1
143, 188, -1
102, 7, -1
127, 189, -1
161, 102, -1
128, 163, -1
37, 143, -1
171, 143, -1
182, 143, -1
166, 37, -1
163, 139, -1
83, 30, -1
94, 30, -1
72, 2, -1
159, 7, -1
170, 7, -1
89, 171, -1
161, 187, -1
161, 196, -1
8, 103, -1
89, 189, -1
127, 54, -1
54, 79, -1
90, 163, -1
188, 79, -1
71, 159, -1
8, 121, -1
128, 37, -1
129, 2, -1
139, 37, -1
18, 165, -1
30, 121, -1
131, 182, -1
8, 139, -1
54, 106, -1
123, 187, -1
54, 115, -1
143, 165, -1
123, 196, -1
89, 54, -1
159, 128, -1
143, 174, -1
196, 37, -1
75, 165, -1
127, 166, -1
161, 79, -1
90, 37, -1
189, 159, -1
102, 2, -1
124, 188, -1
185, 18, -1
83, 7, -1
94, 7, -1
2, 171, -1
108, 189, -1
74, 187, -1
143, 30, -1
74, 196, -1
2, 189, -1
163, 143, -1
18, 115, -1
75, 30, -1
89, 166, -1
37, 165, -1
170, 2, -1
161, 182, -1
18, 124, -1
129, 159, -1
140, 159, -1
8, 98, -1
187, 100, -1
176, 100, -1
54, 74, -1
98, 171, -1
108, 54, -1
54, 83, -1
185, 139, -1
166, 135, -1
123, 182, -1
189, 127, -1
98, 18, -1
170, 123, -1
104, 187, -1
115, 187, -1
159, 123, -1
124, 165, -1
104, 196, -1
115, 196, -1
161, 74, -1
124, 174, -1
143, 187, -1
161, 83, -1
163, 102, -1
108, 166, -1
170, 159, -1
171, 124, -1
94, 2, -1
128, 153, -1
2, 166, -1
74, 182, -1
75, 7, -1
128, 171, -1
124, 30, -1
196, 135, -1
89, 161, -1
89, 170, -1
187, 86, -1
176, 86, -1
187, 95, -1
176, 95, -1
8, 102, -1
89, 188, -1
128, 18, -1
123, 159, -1
185, 143, -1
174, 143, -1
86, 30, -1
104, 182, -1
115, 182, -1
159, 127, -1
170, 127, -1
90, 18, -1
2, 143, -1
127, 165, -1
74, 159, -1
159, 145, -1
131, 37, -1
127, 174, -1
143, 2, -1
124, 7, -1
163, 124, -1
176, 54, -1
161, 163, -1
176, 72, -1
188, 37, -1
8, 79, -1
89, 165, -1
127, 30, -1
18, 123, -1
89, 174, -1
8, 106, -1
185, 129, -1
100, 189, -1
123, 163, -1
159, 95, -1
104, 159, -1
115, 159, -1
161, 37, -1
166, 143, -1
89, 30, -1
159, 104, -1
143, 159, -1
165, 7, -1
145, 187, -1
189, 135, -1
170, 131, -1
159, 131, -1
145, 196, -1
100, 54, -1
170, 140, -1
54, 185, -1
108, 165, -1
74, 163, -1
108, 174, -1
123, 37, -1
2, 165, -1
127, 7, -1
18, 100, -1
8, 74, -1
8, 83, -1
185, 106, -1
196, 143, -1
161, 185, -1
108, 30, -1
18, 127, -1
100, 166, -1
185, 115, -1
74, 37, -1
7, 127, -1
185, 124, -1
128, 8, -1
89, 7, -1
189, 94, -1
176, 161, -1
170, 90, -1
80, 187, -1
189, 103, -1
159, 90, -1
80, 196, -1
104, 163, -1
115, 163, -1
170, 108, -1
159, 108, -1
2, 115, -1
2, 124, -1
145, 182, -1
124, 159, -1
54, 171, -1
171, 100, -1
185, 7, -1
174, 7, -1
54, 189, -1
161, 135, -1
18, 86, -1
104, 37, -1
115, 37, -1
94, 165, -1
7, 86, -1
18, 95, -1
7, 95, -1
108, 7, -1
161, 171, -1
165, 159, -1
89, 2, -1
100, 188, -1
161, 18, -1
131, 166, -1
80, 182, -1
170, 94, -1
159, 94, -1
123, 171, -1
159, 103, -1
170, 103, -1
37, 86, -1
171, 86, -1
54, 166, -1
37, 95, -1
171, 95, -1
182, 95, -1
103, 189, -1
106, 185, -1
163, 100, -1
161, 139, -1
153, 135, -1
18, 90, -1
161, 166, -1
18, 108, -1
165, 127, -1
74, 18, -1
103, 54, -1
100, 165, -1
80, 159, -1
100, 174, -1
185, 123, -1
159, 71, -1
170, 71, -1
159, 80, -1
159, 89, -1
104, 153, -1
189, 102, -1
170, 98, -1
159, 98, -1
145, 163, -1
54, 143, -1
188, 143, -1
8, 185, -1
100, 30, -1
103, 166, -1
2, 123, -1
54, 161, -1
187, 7, -1
176, 7, -1
106, 171, -1
54, 170, -1
163, 86, -1
104, 18, -1
106, 189, -1
72, 187, -1
153, 121, -1
72, 196, -1
161, 143, -1
145, 37, -1
18, 94, -1
7, 94, -1
129, 187, -1
185, 100, -1
129, 196, -1
140, 196, -1
176, 128, -1
106, 54, -1
95, 54, -1
80, 163, -1
189, 79, -1
170, 75, -1
18, 188, -1
159, 75, -1
54, 129, -1
100, 7, -1
8, 171, -1
2, 100, -1
102, 187, -1
102, 196, -1
8, 189, -1
75, 188, -1
176, 2, -1
2, 127, -1
106, 166, -1
54, 165, -1
145, 185, -1
37, 94, -1
80, 37, -1
95, 166, -1
72, 182, -1
161, 129, -1
18, 71, -1
7, 71, -1
185, 86, -1
129, 182, -1
185, 95, -1
174, 95, -1
140, 182, -1
176, 123, -1
98, 185, -1
18, 174, -1
159, 79, -1
170, 79, -1
54, 124, -1
2, 86, -1
187, 159, -1
176, 159, -1
8, 166, -1
2, 95, -1
145, 153, -1
102, 182, -1
37, 71, -1
75, 174, -1
145, 171, -1
83, 187, -1
94, 187, -1
103, 165, -1
83, 196, -1
72, 159, -1
94, 196, -1
106, 161, -1
103, 174, -1
161, 106, -1
161, 115, -1
104, 8, -1
161, 124, -1
106, 188, -1
145, 18, -1
128, 185, -1
18, 75, -1
165, 94, -1
165, 103, -1
103, 30, -1
185, 90, -1
166, 95, -1
187, 127, -1
176, 127, -1
80, 153, -1
98, 189, -1
90, 185, -1
8, 143, -1
102, 159, -1
176, 145, -1
170, 74, -1
18, 187, -1
159, 74, -1
18, 196, -1
8, 161, -1
54, 128, -1
2, 90, -1
8, 170, -1
145, 166, -1
83, 182, -1
94, 182, -1
143, 196, -1
80, 18, -1
98, 54, -1
75, 187, -1
106, 165, -1
72, 163, -1
75, 196, -1
106, 174, -1
95, 174, -1
165, 71, -1
196, 86, -1
103, 7, -1
196, 95, -1
128, 189, -1
139, 189, -1
129, 163, -1
176, 104, -1
106, 30, -1
98, 166, -1
95, 30, -1
72, 37, -1
171, 7, -1
182, 7, -1
90, 171, -1
8, 129, -1
187, 131, -1
176, 131, -1
90, 189, -1
187, 140, -1
176, 140, -1
18, 182, -1
128, 54, -1
139, 54, -1
102, 163, -1
94, 159, -1
83, 159, -1
129, 37, -1
54, 123, -1
140, 37, -1
8, 165, -1
2, 94, -1
143, 182, -1
75, 182, -1
124, 196, -1
90, 54, -1
79, 54, -1
108, 188, -1
128, 166, -1
139, 166, -1
102, 37, -1
2, 188, -1
106, 7, -1
95, 7, -1
185, 71, -1
174, 71, -1
176, 90, -1
98, 161, -1
187, 108, -1
176, 108, -1
8, 115, -1
170, 37, -1
90, 166, -1
79, 166, -1
18, 159, -1
8, 124, -1
7, 159, -1
163, 7, -1
98, 188, -1
54, 100, -1
2, 71, -1
54, 127, -1
83, 163, -1
94, 163, -1
75, 159, -1
159, 140, -1
80, 8, -1
124, 182, -1
72, 153, -1
161, 100, -1
2, 174, -1
128, 161, -1
72, 171, -1
71, 54, -1
128, 170, -1
165, 79, -1
37, 159, -1
83, 37, -1
171, 159, -1
182, 159, -1
128, 188, -1
139, 188, -1
94, 37, -1
106, 2, -1
129, 153, -1
72, 18, -1
176, 94, -1
187, 94, -1
129, 171, -1
89, 187, -1
187, 103, -1
176, 103, -1
98, 165, -1
89, 196, -1
90, 161, -1
98, 174, -1
54, 86, -1
176, 121, -1
18, 163, -1
8, 128, -1
54, 95, -1
188, 86, -1
71, 166, -1
188, 95, -1
54, 104, -1
90, 188, -1
129, 18, -1
131, 189, -1
2, 75, -1
123, 185, -1
143, 163, -1
102, 171, -1
98, 30, -1
159, 135, -1
75, 163, -1
170, 135, -1
161, 86, -1
127, 182, -1
161, 95, -1
37, 127, -1
171, 127, -1
182, 127, -1
102, 18, -1
131, 54, -1
74, 185, -1
128, 165, -1
139, 165, -1
108, 196, -1
2, 187, -1
128, 174, -1
139, 174, -1
143, 37, -1
187, 71, -1
176, 71, -1
2, 196, -1
176, 80, -1
75, 37, -1
176, 89, -1
161, 189, -1
18, 131, -1
89, 182, -1
140, 166, -1
176, 98, -1
18, 140, -1
170, 18, -1
54, 72, -1
128, 30, -1
90, 165, -1
139, 30, -1
8, 123, -1
54, 90, -1
90, 174, -1
79, 174, -1
54, 108, -1
98, 7, -1
161, 54, -1
123, 189, -1
159, 121, -1
104, 185, -1
115, 185, -1
127, 159, -1
189, 143, -1
170, 139, -1
90, 30, -1
185, 2, -1
143, 185, -1
159, 139, -1
79, 30, -1
166, 7, -1
74, 171, -1
153, 86, -1
108, 182, -1
171, 131, -1
163, 127, -1
74, 189, -1
171, 140, -1
94, 18, -1
2, 182, -1
123, 54, -1
89, 159, -1
124, 37, -1
176, 75, -1
72, 8, -1
128, 7, -1
139, 7, -1
18, 135, -1
8, 100, -1
7, 135, -1
176, 102, -1
187, 102, -1
74, 54, -1
8, 127, -1
123, 166, -1
54, 94, -1
71, 174, -1
185, 159, -1
174, 159, -1
131, 188, -1
104, 171, -1
115, 171, -1
196, 7, -1
98, 2, -1
143, 153, -1
90, 7, -1
79, 7, -1
104, 189, -1
115, 189, -1
143, 171, -1
163, 95, -1
108, 159, -1
159, 143, -1
171, 108, -1
170, 143, -1
54, 188, -1
74, 166, -1
71, 30, -1
2, 159, -1
37, 135, -1
143, 18, -1
182, 135, -1
163, 131, -1
18, 103, -1
7, 103, -1
104, 54, -1
115, 54, -1
161, 170, -1
89, 163, -1
187, 79, -1
176, 79, -1
8, 86, -1
127, 37, -1
128, 2, -1
161, 188, -1
8, 95, -1
18, 139, -1
8, 104, -1
54, 71, -1
185, 127, -1
174, 127, -1
188, 71, -1
54, 80, -1
131, 165, -1
100, 196, -1
185, 145, -1
54, 89, -1
131, 174, -1
123, 161, -1
170, 102, -1
104, 166, -1
115, 166, -1
159, 102, -1
89, 37, -1
166, 159, -1
90, 2, -1
123, 188, -1
143, 166, -1
71, 7, -1
159, 129, -1
171, 94, -1
54, 174, -1
37, 103, -1
171, 103, -1
182, 103, -1
131, 30, -1
74, 161, -1
163, 108, -1
2, 163, -1
139, 159, -1
74, 188, -1
18, 98, -1
161, 165, -1
8, 72, -1
189, 7, -1
176, 74, -1
161, 174, -1
165, 135, -1
8, 90, -1
108, 37, -1
196, 159, -1
8, 108, -1
185, 131, -1
100, 182, -1
54, 75, -1
166, 127, -1
185, 140, -1
80, 185, -1
161, 30, -1
123, 165, -1
104, 161, -1
115, 161, -1
123, 174, -1
170, 106, -1
171, 71, -1
182, 71, -1
104, 170, -1
159, 106, -1
170, 115, -1
143, 161, -1
131, 7, -1
159, 115, -1
170, 124, -1
104, 188, -1
2, 131, -1
145, 189, -1
115, 188, -1
159, 124, -1
2, 140, -1
163, 94, -1
54, 187, -1
163, 103, -1
123, 30, -1
74, 165, -1
54, 196, -1
74, 174, -1
188, 7, -1
18, 102, -1
196, 127, -1
89, 153, -1
145, 54, -1
7, 102, -1
100, 159, -1
185, 108, -1
74, 30, -1
8, 94, -1
161, 7, -1
80, 171, -1
185, 135, -1
174, 135, -1
170, 83, -1
159, 83, -1
89, 18, -1
80, 189, -1
153, 30, -1
2, 108, -1
104, 165, -1
115, 165, -1
104, 174, -1
115, 174, -1
8, 188, -1
163, 71, -1
123, 7, -1
2, 135, -1
37, 102, -1
171, 102, -1
54, 182, -1
80, 54, -1
187, 37, -1
18, 79, -1
104, 30, -1
115, 30, -1
176, 37, -1
7, 79, -1
18, 106, -1
8, 71, -1
74, 7, -1
185, 94, -1
8, 80, -1
185, 103, -1
174, 103, -1
8, 89, -1
165, 143, -1
161, 2, -1
185, 121, -1
80, 166, -1
131, 159, -1
8, 174, -1
2, 103, -1
145, 161, -1
145, 170, -1
37, 79, -1
171, 79, -1
54, 159, -1
182, 79, -1
100, 37, -1
188, 159, -1
145, 188, -1
103, 182, -1
2, 139, -1
104, 7, -1
115, 7, -1
161, 123, -1
106, 187, -1
72, 185, -1
18, 74, -1
106, 196, -1
143, 7, -1
18, 83, -1
165, 102, -1
74, 2, -1
8, 75, -1
185, 98, -1
129, 185, -1
166, 103, -1
187, 135, -1
80, 161, -1
176, 135, -1
80, 170, -1
189, 86, -1
189, 95, -1
188, 127, -1
80, 188, -1
2, 98, -1
170, 100, -1
159, 100, -1
54, 145, -1
145, 165, -1
103, 159, -1
8, 187, -1
145, 174, -1
8, 196, -1
54, 163, -1
163, 79, -1
104, 2, -1
176, 18, -1
106, 182, -1
95, 182, -1
161, 127, -1
72, 189, -1
196, 94, -1
196, 103, -1
145, 30, -1
161, 145, -1
185, 75, -1
166, 71, -1
129, 189, -1
185, 102, -1
140, 189, -1
72, 54, -1
187, 139, -1
176, 139, -1
80, 165, -1
80, 174, -1
170, 86, -1
159, 86, -1
54, 131, -1
170, 95, -1
2, 102, -1
54, 140, -1
102, 189, -1
129, 54, -1
8, 182, -1
83, 185, -1
140, 54, -1
106, 159, -1
95, 159, -1
80, 30, -1
196, 71, -1
72, 166, -1
145, 7, -1
161, 131, -1
102, 54, -1
161, 140, -1
163, 159, -1
129, 166, -1
185, 79, -1
174, 79, -1
103, 37, -1
98, 187, -1
98, 196, -1
187, 143, -1
176, 143, -1
171, 37, -1
2, 79, -1
182, 37, -1
102, 166, -1
159, 72, -1
8, 159, -1
83, 171, -1
94, 171, -1
54, 135, -1
188, 135, -1
2, 106, -1
80, 7, -1
161, 90, -1
83, 189, -1
94, 189, -1
54, 153, -1
75, 185, -1
72, 161, -1
106, 163, -1
176, 8, -1
161, 108, -1
72, 170, -1
145, 2, -1
72, 188, -1
128, 187, -1
196, 102, -1
128, 196, -1
139, 196, -1
185, 74, -1
129, 161, -1
83, 54, -1
94, 54, -1
129, 170, -1
185, 83, -1
166, 79, -1
106, 37, -1
129, 188, -1
140, 188, -1
98, 182, -1
176, 129, -1
18, 171, -1
188, 94, -1
189, 71, -1
54, 103, -1
90, 187, -1
188, 103, -1
8, 145, -1
2, 74, -1
90, 196, -1
18, 189, -1
2, 83, -1
54, 121, -1
163, 37, -1
8, 163, -1
83, 166, -1
94, 166, -1
145, 159, -1
54, 139, -1
102, 188, -1
80, 2, -1
75, 171, -1
143, 189, -1
161, 94, -1
75, 189, -1
161, 103, -1
72, 165, -1
171, 135, -1
196, 79, -1
72, 174, -1
161, 121, -1
163, 140, -1
128, 182, -1
139, 182, -1
143, 54, -1
129, 165, -1
140, 165, -1
98, 159, -1
37, 189, -1
129, 174, -1
140, 174, -1
176, 106, -1
72, 30, -1
75, 54, -1
176, 115, -1
187, 124, -1
176, 124, -1
8, 131, -1
54, 98, -1
90, 182, -1
18, 166, -1
79, 182, -1
8, 140, -1
129, 30, -1
102, 165, -1
140, 30, -1
83, 161, -1
102, 174, -1
161, 71, -1
94, 170, -1
75, 166, -1
83, 188, -1
124, 189, -1
94, 188, -1
161, 98, -1
128, 159, -1
185, 37, -1
171, 139, -1
102, 30, -1
174, 37, -1
163, 135, -1
165, 86, -1
176, 83, -1
165, 95, -1
72, 7, -1
106, 18, -1
124, 54, -1
89, 185, -1
18, 143, -1
98, 163, -1
7, 143, -1
90, 159, -1
79, 159, -1
129, 7, -1
140, 7, -1
30, 135, -1
54, 102, -1
8, 135, -1
188, 102, -1
71, 182, -1
131, 196, -1
8, 153, -1
143, 170, -1
83, 165, -1
124, 166, -1
187, 30, -1
176, 30, -1
18, 72, -1
75, 170, -1
140, 171, -1
188, 123, -1
18, 145, -1
108, 2, -1
196, 124, -1
187, 121, -1
163, 121, -1
165, 54, -1
108, 185, -1
139, 163, -1
2, 121, -1
123, 2, -1
140, 18, -1
37, 106, -1
196, 90, -1
18, 129, -1
170, 80, -1
196, 108, -1
171, 54, -1
115, 153, -1
170, 153, -1
185, 80, -1
140, 2, -1
7, 165, -1
108, 187, -1
185, 153, -1
166, 30, -1
174, 98, -1
37, 90, -1
166, 94, -1
170, 128, -1
115, 18, -1
166, 121, -1
159, 18, -1
188, 54, -1
176, 153, -1
89, 8, -1
187, 98, -1
2, 153, -1
108, 171, -1
37, 74, -1
171, 74, -1
188, 90, -1
140, 187, -1
115, 2, -1
159, 2, -1
124, 163, -1
196, 30, -1
161, 72, -1
98, 153, -1
188, 74, -1
163, 54, -1
196, 121, -1
188, 83, -1
83, 18, -1
189, 54, -1
174, 102, -1
100, 153, -1
166, 98, -1
18, 80, -1
188, 131, -1
18, 153, -1
83, 2, -1
100, 18, -1
174, 86, -1
163, 74, -1
139, 171, -1
171, 90, -1
188, 106, -1
18, 128, -1
196, 98, -1
188, 115, -1
100, 2, -1
90, 153, -1
188, 124, -1
100, 185, -1
131, 163, -1
2, 104, -1
185, 161, -1
75, 18, -1
196, 128, -1
170, 54, -1
166, 102, -1
159, 54, -1
18, 121, -1
159, 8, -1
170, 72, -1
185, 54, -1
188, 108, -1
165, 30, -1
196, 100, -1
108, 161, -1
37, 174, -1
170, 145, -1
185, 72, -1
100, 187, -1
108, 170, -1
37, 128, -1
171, 128, -1
2, 170, -1
75, 2, -1
165, 121, -1
166, 86, -1
123, 170, -1
187, 54, -1
196, 139, -1
171, 30, -1
182, 30, -1
170, 129, -1
2, 72, -1
182, 94, -1
124, 171, -1
100, 171, -1
163, 90, -1
139, 187, -1
2, 145, -1
108, 163, -1
188, 128, -1
37, 121, -1
182, 121, -1
171, 121, -1
140, 170, -1
188, 30, -1
187, 74, -1
2, 129, -1
161, 128, -1
7, 189, -1
188, 121, -1
165, 98, -1
140, 163, -1
115, 170, -1
37, 98, -1
163, 30, -1
171, 98, -1
182, 98, -1
189, 30, -1
143, 8, -1
131, 171, -1
124, 187, -1
196, 54, -1
189, 121, -1
188, 98, -1
187, 90, -1
83, 170, -1
37, 182, -1
161, 80, -1
106, 153, -1
159, 37, -1
18, 104, -1
196, 74, -1
188, 100, -1
100, 161, -1
2, 80, -1
108, 153, -1
37, 166, -1
182, 102, -1
100, 170, -1
163, 98, -1
185, 128, -1
123, 153, -1
170, 30, -1
159, 30, -1
189, 98, -1
188, 75, -1
188, 139, -1
185, 30, -1
174, 30, -1
196, 131, -1
174, 94, -1
187, 128, -1
163, 128, -1
108, 18, -1
170, 121, -1
182, 86, -1
74, 153, -1
131, 187, -1
2, 128, -1
100, 163, -1
123, 18, -1
174, 121, -1
171, 104, -1
163, 106, -1
196, 106, -1
2, 161, -1
165, 106, -1
187, 106, -1
189, 106, -1
124, 153, -1
188, 104, -1
182, 106, -1
171, 106, -1
188, 140, -1
124, 18, -1
170, 104, -1
185, 104, -1
161, 104, -1
166, 106, -1
124, 161, -1
124, 170, -1
163, 104, -1
196, 104, -1
124, 185, -1
124, 2, -1
187, 104, -1
18, 161, -1
170, 161, -1
18, 170, -1
196, 140, -1
174, 106, -1
170, 8, -1

