56, 4, 1
31, 6, 1
10, 45, 1
111, 72, 1
171, 87, -1
182, 29, -1
153, 184, -1
178, 48, -1
35, 91, -1
211, 107, -1

126, 123, 1
5, 0, 1
84, 114, 1
1, 149, -1
0, 116, -1
166, 71, -1
71, 164, -1
179, 102, -1
169, 9, -1
116, 9, -1
116, 5, -1

202, 198, 1
81, 202, -1
160, 3, -1
4, 201, -1
141, 25, -1
34, 157, -1
53, 179, -1
43, 166, -1
57, 203, -1
180, 212, -1
81, 198, -1

141, 72, 1
32, 41, 1
187, 80, -1
209, 52, -1
137, 186, -1
17, 162, -1
70, 184, -1
138, 162, -1
27, 95, -1
96, 43, -1

41, 64, 1
188, 81, -1
38, 100, -1
57, 100, -1
98, 25, -1
59, 121, -1
63, 134, -1
112, 146, -1
10, 121, -1
132, 205, -1

50, 42, 1
42, 3, 1
66, 15, 1
119, 122, 1
3, 50, 1
41, 78, -1
170, 78, -1
63, 122, -1
172, 142, -1
204, 106, -1
108, 17, -1
119, 63, -1
122, 63, -1

127, 104, 1
130, 74, 1
105, 104, 1
105, 127, 1
104, 127, 1
104, 105, 1
40, 158, -1
47, 81, -1
60, 204, -1
186, 85, -1
94, 146, -1
165, 36, -1
123, 179, -1

21, 18, 1
88, 119, 1
150, 105, -1
153, 139, -1
124, 158, -1
46, 205, -1
31, 161, -1
149, 16, -1
109, 12, -1
107, 177, -1

50, 17, 1
145, 75, 1
42, 68, 1
208, 13, -1
192, 165, -1
61, 176, -1
118, 180, -1
155, 17, -1
146, 29, -1
195, 179, -1
50, 155, -1
17, 155, -1

24, 66, 1
97, 119, 1
39, 64, 1
74, 71, 1
61, 20, 1
49, 22, 1
145, 108, 1
12, 83, -1
10, 211, -1
101, 32, -1

