187, 210, 1
65, 28, 1
28, 210, -1
28, 187, -1
65, 210, -1
65, 187, -1
163, 210, -1
163, 187, -1
163, 28, -1
163, 65, -1
105, 210, -1
105, 187, -1
105, 28, -1
105, 65, -1
105, 163, -1
210, 163, -1
187, 28, -1
210, 28, -1
65, 105, -1
65, 163, -1
28, 105, -1

201, 210, 1
201, 187, 1
8, 28, 1
8, 65, 1
188, 210, 1
188, 187, 1
188, 201, 1
128, 105, 1
210, 187, 1
201, 188, 1
187, 188, 1
210, 188, 1
65, 28, 1
201, 28, -1
201, 65, -1
201, 163, -1
201, 105, -1
8, 210, -1
8, 187, -1
8, 201, -1
8, 163, -1
8, 105, -1
188, 28, -1
188, 65, -1
188, 8, -1
188, 163, -1
188, 105, -1
128, 210, -1
128, 187, -1
128, 201, -1
128, 188, -1
128, 28, -1
128, 65, -1
128, 8, -1
128, 163, -1
163, 188, -1
8, 128, -1
210, 28, -1
105, 201, -1
105, 210, -1
65, 201, -1
65, 210, -1
187, 105, -1
105, 188, -1
163, 187, -1
8, 188, -1
65, 188, -1
163, 28, -1
105, 163, -1
187, 28, -1
65, 105, -1
65, 163, -1
105, 187, -1
65, 187, -1
201, 8, -1
105, 28, -1
210, 105, -1
210, 163, -1
65, 128, -1
28, 105, -1
28, 128, -1

189, 210, 1
189, 187, 1
189, 201, 1
189, 188, 1
178, 180, 1
201, 187, 1
210, 187, 1
201, 188, 1
187, 188, 1
201, 210, 1
210, 188, 1
187, 189, 1
210, 189, 1
201, 189, 1
188, 189, 1
189, 28, -1
189, 65, -1
189, 8, -1
189, 163, -1
189, 105, -1
189, 128, -1
180, 210, -1
180, 187, -1
180, 201, -1
180, 188, -1
180, 189, -1
180, 28, -1
180, 65, -1
180, 8, -1
180, 163, -1
180, 105, -1
180, 128, -1
178, 210, -1
178, 187, -1
178, 201, -1
178, 188, -1
178, 189, -1
178, 28, -1
178, 65, -1
178, 8, -1
178, 163, -1
178, 105, -1
178, 128, -1
105, 180, -1
8, 180, -1
201, 163, -1
163, 188, -1
201, 178, -1
65, 180, -1
210, 28, -1
188, 28, -1
105, 201, -1
8, 201, -1
105, 210, -1
8, 210, -1
65, 201, -1
128, 178, -1
65, 210, -1
210, 180, -1
128, 187, -1
188, 180, -1
201, 28, -1
187, 163, -1
105, 188, -1
65, 188, -1
8, 188, -1
201, 180, -1
128, 180, -1
187, 28, -1
128, 201, -1
105, 178, -1
128, 210, -1
8, 178, -1
105, 187, -1
163, 180, -1
8, 187, -1
65, 178, -1
187, 180, -1
65, 187, -1
210, 163, -1
128, 188, -1
210, 178, -1
163, 187, -1
163, 189, -1
28, 189, -1
105, 189, -1
8, 189, -1
128, 189, -1
188, 163, -1
65, 189, -1

69, 28, 1
69, 65, 1
69, 8, 1
177, 180, 1
177, 178, 1
51, 28, 1
51, 65, 1
51, 8, 1
51, 69, 1
8, 69, 1
65, 69, 1
8, 65, 1
178, 180, 1
8, 51, 1
65, 51, 1
8, 28, 1
28, 69, 1
65, 28, 1
69, 210, -1
69, 187, -1
69, 201, -1
69, 188, -1
69, 189, -1
69, 163, -1
69, 105, -1
69, 128, -1
69, 180, -1
69, 178, -1
177, 210, -1
177, 187, -1
177, 201, -1
177, 188, -1
177, 189, -1
177, 28, -1
177, 65, -1
177, 8, -1
177, 69, -1
177, 163, -1
177, 105, -1
177, 128, -1
51, 210, -1
51, 187, -1
51, 201, -1
51, 188, -1
51, 189, -1
51, 163, -1
51, 105, -1
51, 128, -1
51, 180, -1
51, 178, -1
51, 177, -1
178, 201, -1
128, 69, -1
178, 210, -1
28, 180, -1
8, 177, -1
28, 189, -1
8, 180, -1
180, 189, -1
65, 177, -1
8, 189, -1
178, 51, -1
65, 180, -1
180, 201, -1
210, 28, -1
188, 28, -1
65, 189, -1
8, 201, -1
178, 69, -1
178, 188, -1
8, 210, -1
65, 201, -1
128, 65, -1
128, 178, -1
65, 210, -1
210, 180, -1
105, 51, -1
201, 28, -1
180, 69, -1
180, 188, -1
128, 28, -1
178, 105, -1
178, 163, -1
28, 188, -1
105, 69, -1
65, 188, -1
8, 188, -1
178, 187, -1
163, 28, -1
180, 105, -1
128, 180, -1
177, 51, -1
28, 163, -1
210, 51, -1
187, 28, -1
8, 163, -1
178, 28, -1
65, 105, -1
8, 105, -1
65, 163, -1
210, 69, -1
188, 69, -1
8, 178, -1
28, 187, -1
163, 180, -1
8, 187, -1
201, 51, -1
65, 178, -1
187, 180, -1
65, 187, -1
128, 51, -1
180, 28, -1
201, 69, -1
105, 28, -1
178, 189, -1
128, 8, -1
105, 178, -1
201, 177, -1
201, 180, -1
105, 177, -1
180, 51, -1
128, 177, -1
210, 177, -1
105, 180, -1
188, 51, -1
201, 178, -1
28, 105, -1
187, 69, -1
163, 69, -1

17, 28, 1
17, 65, 1
17, 8, 1
17, 69, 1
17, 51, 1
103, 105, 1
103, 128, 1
104, 105, 1
104, 128, 1
104, 103, 1
8, 69, 1
51, 28, 1
65, 69, 1
105, 103, 1
8, 65, 1
128, 103, 1
51, 69, 1
105, 128, 1
128, 105, 1
8, 28, 1
65, 51, 1
8, 51, 1
28, 69, 1
65, 28, 1
105, 104, 1
128, 104, 1
65, 17, 1
8, 17, 1
69, 17, 1
51, 17, 1
28, 17, 1
158, 210, -1
158, 187, -1
158, 201, -1
158, 188, -1
158, 189, -1
158, 28, -1
158, 65, -1
158, 8, -1
158, 69, -1
158, 51, -1
158, 163, -1
158, 105, -1
158, 128, -1
158, 180, -1
158, 178, -1
158, 177, -1
17, 210, -1
17, 187, -1
17, 201, -1
17, 188, -1
17, 189, -1
17, 163, -1
17, 105, -1
17, 128, -1
17, 180, -1
17, 178, -1
17, 177, -1
17, 158, -1
103, 210, -1
103, 187, -1
103, 201, -1
103, 188, -1
103, 189, -1
103, 28, -1
103, 65, -1
103, 8, -1
103, 69, -1
103, 51, -1
103, 17, -1
103, 163, -1
103, 180, -1
103, 178, -1
103, 177, -1
103, 158, -1
104, 210, -1
104, 187, -1
104, 201, -1
104, 188, -1
104, 189, -1
104, 28, -1
104, 65, -1
104, 8, -1
104, 69, -1
104, 51, -1
104, 17, -1
104, 163, -1
104, 180, -1
104, 178, -1
104, 177, -1
104, 158, -1
51, 105, -1
187, 103, -1
105, 180, -1
105, 189, -1
8, 128, -1
65, 180, -1
177, 28, -1
128, 163, -1
65, 189, -1
8, 201, -1
8, 210, -1
28, 158, -1
8, 103, -1
128, 28, -1
51, 201, -1
177, 103, -1
8, 105, -1
8, 178, -1
8, 187, -1
128, 158, -1
177, 105, -1
128, 69, -1
8, 180, -1
65, 177, -1
8, 189, -1
51, 187, -1
158, 103, -1
17, 103, -1
28, 103, -1
105, 51, -1
105, 188, -1
51, 180, -1
51, 189, -1
65, 188, -1
69, 158, -1
69, 103, -1
210, 51, -1
105, 163, -1
28, 105, -1
210, 69, -1
188, 69, -1
65, 163, -1
128, 201, -1
128, 210, -1
201, 69, -1
105, 28, -1
69, 105, -1
8, 104, -1
8, 177, -1
28, 189, -1
178, 51, -1
188, 28, -1
210, 28, -1
178, 69, -1
128, 178, -1
105, 158, -1
128, 187, -1
65, 158, -1
201, 28, -1
65, 103, -1
180, 69, -1
51, 177, -1
105, 69, -1
210, 103, -1
188, 103, -1
163, 28, -1
128, 180, -1
128, 189, -1
8, 163, -1
178, 28, -1
65, 105, -1
201, 103, -1
51, 188, -1
180, 28, -1
128, 8, -1
17, 104, -1
128, 17, -1
163, 103, -1
51, 163, -1
201, 105, -1
189, 103, -1
178, 103, -1
187, 69, -1
163, 69, -1
105, 210, -1
65, 201, -1
128, 65, -1
180, 103, -1
8, 158, -1
65, 210, -1
69, 189, -1
8, 188, -1
128, 177, -1
51, 158, -1
187, 28, -1
51, 103, -1
177, 69, -1
105, 178, -1
105, 187, -1
65, 178, -1
65, 187, -1
128, 51, -1
128, 188, -1
65, 104, -1
28, 180, -1
69, 187, -1
28, 128, -1
65, 128, -1
210, 104, -1
177, 104, -1
188, 104, -1
28, 104, -1
51, 104, -1
69, 128, -1
201, 104, -1
28, 188, -1
51, 128, -1
105, 17, -1
177, 51, -1
28, 163, -1
163, 104, -1
177, 17, -1
187, 104, -1
28, 187, -1
178, 104, -1
201, 51, -1
201, 17, -1
69, 163, -1
180, 104, -1
180, 51, -1
187, 128, -1
201, 128, -1
163, 128, -1
210, 128, -1
188, 128, -1
188, 51, -1
180, 128, -1
178, 128, -1
177, 128, -1

168, 163, 1
168, 210, -1
168, 187, -1
168, 201, -1
168, 188, -1
168, 189, -1
168, 28, -1
168, 65, -1
168, 8, -1
168, 69, -1
168, 51, -1
168, 17, -1
168, 105, -1
168, 128, -1
168, 103, -1
168, 104, -1
168, 180, -1
168, 178, -1
168, 177, -1
168, 158, -1
163, 158, -1
163, 103, -1
51, 163, -1
201, 163, -1
163, 188, -1
163, 69, -1
187, 163, -1
178, 163, -1
163, 28, -1
17, 163, -1
105, 163, -1
8, 163, -1
163, 104, -1
65, 163, -1
163, 180, -1
163, 189, -1
163, 128, -1
177, 163, -1
210, 163, -1
104, 168, -1
8, 168, -1
128, 168, -1
104, 163, -1
128, 163, -1

171, 163, 1
171, 168, 1
196, 210, 1
196, 187, 1
196, 201, 1
196, 188, 1
196, 189, 1
143, 105, 1
143, 128, 1
143, 103, 1
143, 104, 1
59, 28, 1
59, 65, 1
59, 8, 1
59, 69, 1
59, 51, 1
59, 17, 1
210, 187, 1
188, 187, 1
128, 105, 1
104, 105, 1
201, 187, 1
51, 28, 1
105, 103, 1
17, 51, 1
210, 189, 1
188, 189, 1
65, 51, 1
8, 51, 1
28, 69, 1
17, 69, 1
8, 69, 1
8, 17, 1
65, 69, 1
201, 189, 1
65, 17, 1
104, 128, 1
201, 210, 1
210, 188, 1
104, 103, 1
128, 103, 1
8, 65, 1
51, 69, 1
17, 28, 1
187, 189, 1
201, 188, 1
8, 28, 1
168, 163, 1
65, 28, 1
8, 59, 1
128, 104, 1
201, 196, 1
168, 171, 1
65, 59, 1
69, 17, 1
187, 196, 1
210, 196, 1
128, 143, 1
105, 128, 1
51, 17, 1
104, 143, 1
105, 143, 1
187, 188, 1
163, 171, 1
17, 59, 1
105, 104, 1
103, 143, 1
51, 59, 1
188, 196, 1
171, 210, -1
171, 187, -1
171, 201, -1
171, 188, -1
171, 189, -1
171, 28, -1
171, 65, -1
171, 8, -1
171, 69, -1
171, 51, -1
171, 17, -1
171, 105, -1
171, 128, -1
171, 103, -1
171, 104, -1
171, 180, -1
171, 178, -1
171, 177, -1
171, 158, -1
196, 28, -1
196, 65, -1
196, 8, -1
196, 69, -1
196, 51, -1
196, 17, -1
196, 163, -1
196, 168, -1
196, 171, -1
196, 105, -1
196, 128, -1
196, 103, -1
196, 104, -1
196, 180, -1
196, 178, -1
196, 177, -1
196, 158, -1
143, 210, -1
143, 187, -1
143, 201, -1
143, 188, -1
143, 189, -1
143, 196, -1
143, 28, -1
143, 65, -1
143, 8, -1
143, 69, -1
143, 51, -1
143, 17, -1
143, 163, -1
143, 168, -1
143, 171, -1
143, 180, -1
143, 178, -1
143, 177, -1
143, 158, -1
59, 210, -1
59, 187, -1
59, 201, -1
59, 188, -1
59, 189, -1
59, 196, -1
59, 163, -1
59, 168, -1
59, 171, -1
59, 105, -1
59, 128, -1
59, 103, -1
59, 104, -1
59, 143, -1
59, 180, -1
59, 178, -1
59, 177, -1
59, 158, -1
168, 178, -1
188, 59, -1
187, 158, -1
168, 187, -1
187, 103, -1
105, 171, -1
105, 180, -1
65, 171, -1
105, 189, -1
8, 128, -1
65, 180, -1
128, 163, -1
177, 28, -1
171, 143, -1
201, 59, -1
8, 201, -1
65, 189, -1
8, 210, -1
28, 158, -1
65, 143, -1
17, 158, -1
168, 180, -1
51, 171, -1
8, 103, -1
128, 28, -1
210, 143, -1
17, 188, -1
188, 143, -1
163, 187, -1
168, 201, -1
163, 196, -1
168, 210, -1
201, 180, -1
177, 103, -1
51, 210, -1
201, 143, -1
104, 201, -1
8, 105, -1
104, 210, -1
180, 187, -1
8, 178, -1
163, 180, -1
8, 187, -1
128, 158, -1
163, 189, -1
8, 196, -1
163, 143, -1
177, 105, -1
178, 189, -1
201, 17, -1
69, 163, -1
189, 143, -1
128, 69, -1
104, 69, -1
168, 59, -1
8, 171, -1
180, 189, -1
8, 180, -1
51, 178, -1
65, 177, -1
168, 196, -1
8, 189, -1
51, 187, -1
17, 201, -1
51, 196, -1
17, 210, -1
104, 59, -1
104, 178, -1
104, 187, -1
104, 196, -1
28, 103, -1
17, 103, -1
105, 51, -1
103, 189, -1
105, 188, -1
168, 189, -1
51, 180, -1
177, 201, -1
168, 143, -1
65, 188, -1
177, 210, -1
51, 189, -1
128, 171, -1
104, 171, -1
105, 17, -1
51, 143, -1
104, 180, -1
69, 158, -1
69, 103, -1
104, 189, -1
210, 51, -1
188, 51, -1
105, 163, -1
17, 105, -1
210, 69, -1
188, 69, -1
65, 163, -1
128, 201, -1
17, 178, -1
168, 8, -1
128, 210, -1
17, 187, -1
28, 187, -1
168, 17, -1
201, 51, -1
17, 196, -1
201, 69, -1
105, 28, -1
104, 8, -1
210, 163, -1
187, 143, -1
188, 163, -1
8, 104, -1
28, 171, -1
8, 168, -1
17, 171, -1
168, 65, -1
177, 187, -1
8, 177, -1
17, 180, -1
28, 189, -1
201, 163, -1
17, 189, -1
103, 158, -1
163, 188, -1
210, 28, -1
188, 28, -1
178, 69, -1
178, 188, -1
104, 65, -1
8, 143, -1
128, 59, -1
128, 178, -1
105, 158, -1
103, 69, -1
168, 104, -1
128, 187, -1
128, 196, -1
201, 28, -1
168, 177, -1
65, 103, -1
65, 158, -1
177, 189, -1
180, 188, -1
180, 69, -1
178, 163, -1
105, 69, -1
104, 168, -1
104, 177, -1
210, 158, -1
188, 158, -1
210, 103, -1
188, 103, -1
163, 28, -1
128, 180, -1
128, 189, -1
168, 51, -1
8, 163, -1
178, 28, -1
65, 105, -1
168, 69, -1
168, 188, -1
201, 158, -1
201, 103, -1
177, 17, -1
51, 188, -1
104, 51, -1
180, 28, -1
196, 143, -1
104, 188, -1
128, 8, -1
210, 59, -1
210, 178, -1
163, 158, -1
128, 17, -1
163, 103, -1
51, 163, -1
104, 17, -1
189, 158, -1
69, 187, -1
189, 103, -1
201, 105, -1
178, 103, -1
104, 163, -1
201, 178, -1
187, 69, -1
163, 69, -1
105, 201, -1
168, 28, -1
28, 143, -1
17, 143, -1
105, 210, -1
65, 201, -1
210, 171, -1
188, 171, -1
128, 65, -1
180, 103, -1
65, 210, -1
210, 180, -1
8, 158, -1
69, 171, -1
104, 28, -1
168, 128, -1
69, 189, -1
201, 171, -1
69, 143, -1
8, 188, -1
178, 187, -1
128, 168, -1
128, 177, -1
168, 158, -1
168, 103, -1
177, 51, -1
17, 163, -1
28, 163, -1
51, 158, -1
187, 28, -1
51, 103, -1
177, 69, -1
177, 188, -1
105, 59, -1
105, 178, -1
171, 59, -1
104, 158, -1
105, 187, -1
65, 178, -1
105, 196, -1
171, 196, -1
65, 187, -1
128, 51, -1
65, 196, -1
177, 163, -1
168, 105, -1
128, 188, -1
17, 168, -1
51, 105, -1
178, 201, -1
177, 59, -1
105, 168, -1
17, 177, -1
28, 168, -1
28, 180, -1
65, 104, -1
65, 168, -1
177, 196, -1
17, 128, -1
187, 51, -1
28, 128, -1
178, 51, -1
158, 143, -1
180, 143, -1
65, 128, -1
210, 104, -1
187, 17, -1
177, 171, -1
158, 103, -1
189, 17, -1
177, 104, -1
188, 104, -1
69, 168, -1
188, 180, -1
180, 104, -1
28, 104, -1
51, 104, -1
51, 168, -1
187, 105, -1
187, 163, -1
51, 177, -1
69, 128, -1
189, 105, -1
177, 143, -1
28, 188, -1
201, 104, -1
51, 128, -1
187, 59, -1
178, 59, -1
51, 201, -1
178, 196, -1
28, 105, -1
163, 104, -1
187, 171, -1
187, 104, -1
210, 17, -1
188, 17, -1
178, 171, -1
178, 104, -1
28, 196, -1
187, 180, -1
17, 104, -1
163, 128, -1
210, 105, -1
69, 105, -1
188, 105, -1
180, 171, -1
178, 143, -1
180, 196, -1
163, 51, -1
180, 51, -1
187, 128, -1
201, 128, -1
177, 128, -1
210, 128, -1
180, 128, -1
178, 128, -1
188, 128, -1
180, 163, -1
163, 59, -1
180, 59, -1
196, 59, -1
143, 59, -1
163, 17, -1

63, 28, 1
63, 65, 1
63, 8, 1
63, 69, 1
63, 51, 1
63, 17, 1
63, 59, 1
84, 105, 1
84, 128, 1
84, 103, 1
84, 104, 1
84, 143, 1
162, 158, 1
103, 143, 1
51, 59, 1
128, 105, 1
104, 105, 1
105, 143, 1
51, 28, 1
105, 103, 1
17, 51, 1
65, 51, 1
59, 69, 1
8, 51, 1
17, 69, 1
28, 69, 1
8, 69, 1
8, 17, 1
65, 69, 1
65, 17, 1
104, 128, 1
104, 143, 1
128, 143, 1
17, 59, 1
8, 59, 1
104, 103, 1
65, 59, 1
8, 65, 1
128, 103, 1
59, 28, 1
51, 69, 1
17, 28, 1
8, 28, 1
65, 28, 1
143, 105, 1
104, 84, 1
128, 104, 1
105, 84, 1
51, 63, 1
128, 84, 1
69, 17, 1
59, 51, 1
59, 63, 1
143, 84, 1
28, 63, 1
105, 128, 1
143, 103, 1
51, 17, 1
8, 63, 1
17, 63, 1
69, 63, 1
65, 63, 1
105, 104, 1
59, 17, 1
103, 84, 1
63, 210, -1
63, 187, -1
63, 201, -1
63, 188, -1
63, 189, -1
63, 196, -1
63, 163, -1
63, 168, -1
63, 171, -1
63, 105, -1
63, 128, -1
63, 103, -1
63, 104, -1
63, 143, -1
63, 180, -1
63, 178, -1
63, 177, -1
63, 158, -1
84, 210, -1
84, 187, -1
84, 201, -1
84, 188, -1
84, 189, -1
84, 196, -1
84, 28, -1
84, 65, -1
84, 8, -1
84, 69, -1
84, 51, -1
84, 17, -1
84, 59, -1
84, 63, -1
84, 163, -1
84, 168, -1
84, 171, -1
84, 180, -1
84, 178, -1
84, 177, -1
84, 158, -1
162, 210, -1
162, 187, -1
162, 201, -1
162, 188, -1
162, 189, -1
162, 196, -1
162, 28, -1
162, 65, -1
162, 8, -1
162, 69, -1
162, 51, -1
162, 17, -1
162, 59, -1
162, 63, -1
162, 163, -1
162, 168, -1
162, 171, -1
162, 105, -1
162, 128, -1
162, 103, -1
162, 104, -1
162, 143, -1
162, 84, -1
162, 180, -1
162, 178, -1
162, 177, -1
143, 69, -1
187, 158, -1
105, 171, -1
187, 103, -1
105, 180, -1
65, 171, -1
105, 189, -1
196, 69, -1
8, 128, -1
65, 180, -1
177, 28, -1
128, 163, -1
65, 189, -1
201, 59, -1
8, 201, -1
171, 143, -1
103, 63, -1
8, 210, -1
28, 158, -1
17, 158, -1
65, 143, -1
59, 103, -1
51, 171, -1
8, 103, -1
105, 63, -1
128, 28, -1
104, 162, -1
17, 188, -1
210, 143, -1
188, 143, -1
143, 28, -1
178, 59, -1
177, 158, -1
177, 103, -1
196, 28, -1
201, 143, -1
104, 201, -1
8, 105, -1
104, 210, -1
59, 187, -1
8, 178, -1
59, 196, -1
8, 187, -1
128, 158, -1
8, 196, -1
51, 84, -1
163, 143, -1
177, 105, -1
201, 17, -1
189, 143, -1
178, 143, -1
59, 171, -1
128, 69, -1
196, 158, -1
196, 103, -1
8, 162, -1
59, 180, -1
168, 59, -1
8, 171, -1
59, 189, -1
8, 180, -1
65, 177, -1
8, 189, -1
51, 187, -1
180, 143, -1
51, 196, -1
17, 210, -1
104, 59, -1
104, 178, -1
158, 103, -1
104, 187, -1
104, 196, -1
17, 103, -1
28, 103, -1
105, 51, -1
105, 188, -1
171, 69, -1
51, 180, -1
128, 162, -1
51, 189, -1
65, 188, -1
168, 143, -1
128, 171, -1
105, 17, -1
59, 84, -1
104, 171, -1
128, 188, -1
51, 143, -1
104, 180, -1
69, 158, -1
69, 103, -1
8, 84, -1
104, 189, -1
210, 51, -1
105, 163, -1
17, 105, -1
210, 69, -1
188, 69, -1
103, 28, -1
65, 163, -1
17, 178, -1
168, 8, -1
128, 201, -1
128, 210, -1
17, 187, -1
168, 17, -1
201, 51, -1
17, 196, -1
201, 69, -1
104, 63, -1
105, 28, -1
104, 8, -1
171, 28, -1
187, 143, -1
17, 162, -1
8, 104, -1
177, 59, -1
17, 171, -1
168, 65, -1
8, 177, -1
17, 180, -1
28, 189, -1
17, 189, -1
178, 51, -1
188, 28, -1
210, 28, -1
59, 143, -1
178, 69, -1
104, 65, -1
8, 143, -1
128, 59, -1
128, 178, -1
105, 158, -1
103, 69, -1
168, 104, -1
128, 187, -1
171, 103, -1
171, 158, -1
65, 158, -1
201, 28, -1
65, 103, -1
143, 59, -1
128, 196, -1
180, 69, -1
177, 143, -1
105, 69, -1
104, 177, -1
17, 84, -1
210, 158, -1
188, 158, -1
210, 103, -1
188, 103, -1
59, 163, -1
163, 28, -1
128, 180, -1
128, 189, -1
168, 51, -1
8, 163, -1
178, 28, -1
65, 105, -1
168, 69, -1
177, 17, -1
201, 158, -1
201, 103, -1
51, 188, -1
104, 51, -1
180, 28, -1
196, 143, -1
104, 188, -1
128, 63, -1
128, 8, -1
105, 162, -1
210, 59, -1
128, 17, -1
104, 17, -1
163, 103, -1
51, 163, -1
65, 162, -1
143, 63, -1
143, 8, -1
163, 158, -1
143, 17, -1
189, 158, -1
201, 105, -1
189, 103, -1
178, 103, -1
178, 158, -1
104, 163, -1
158, 143, -1
187, 69, -1
163, 69, -1
168, 28, -1
28, 143, -1
59, 158, -1
105, 210, -1
17, 143, -1
180, 158, -1
65, 201, -1
128, 65, -1
180, 103, -1
8, 158, -1
65, 210, -1
143, 65, -1
104, 28, -1
158, 63, -1
168, 128, -1
69, 189, -1
59, 188, -1
69, 143, -1
8, 188, -1
143, 51, -1
128, 177, -1
65, 84, -1
168, 158, -1
168, 103, -1
177, 51, -1
17, 163, -1
51, 158, -1
187, 28, -1
51, 103, -1
177, 69, -1
105, 59, -1
105, 178, -1
104, 158, -1
105, 187, -1
65, 178, -1
105, 196, -1
65, 187, -1
128, 51, -1
65, 196, -1
168, 105, -1
104, 69, -1
51, 105, -1
143, 188, -1
59, 128, -1
59, 201, -1
59, 210, -1
210, 104, -1
163, 84, -1
143, 163, -1
168, 162, -1
178, 84, -1
171, 63, -1
28, 188, -1
180, 84, -1
51, 128, -1
51, 201, -1
59, 105, -1
210, 63, -1
188, 63, -1
59, 178, -1
168, 84, -1
201, 63, -1
143, 158, -1
69, 163, -1
59, 162, -1
171, 104, -1
65, 104, -1
17, 128, -1
28, 128, -1
163, 63, -1
17, 201, -1
178, 63, -1
189, 63, -1
177, 162, -1
188, 104, -1
187, 84, -1
143, 178, -1
143, 187, -1
180, 63, -1
201, 104, -1
143, 162, -1
143, 171, -1
143, 180, -1
28, 105, -1
163, 104, -1
168, 63, -1
28, 187, -1
178, 104, -1
177, 84, -1
143, 201, -1
28, 196, -1
143, 210, -1
69, 105, -1
59, 104, -1
180, 104, -1
59, 177, -1
28, 171, -1
28, 180, -1
187, 63, -1
196, 84, -1
51, 104, -1
51, 177, -1
69, 128, -1
143, 196, -1
28, 84, -1
177, 63, -1
143, 189, -1
187, 104, -1
28, 104, -1
17, 104, -1
17, 177, -1
69, 187, -1
196, 63, -1
65, 128, -1
177, 104, -1
69, 171, -1
201, 162, -1
171, 84, -1
28, 163, -1
143, 177, -1
196, 104, -1
188, 84, -1
210, 84, -1
201, 84, -1
188, 59, -1
171, 128, -1
103, 158, -1
180, 128, -1
51, 178, -1
180, 51, -1
51, 162, -1
177, 128, -1
210, 128, -1
188, 128, -1
201, 128, -1
51, 210, -1
188, 51, -1
180, 59, -1
63, 84, -1
69, 84, -1
187, 128, -1
163, 128, -1
196, 128, -1
178, 128, -1
103, 189, -1

106, 105, 1
106, 128, 1
106, 103, 1
106, 104, 1
106, 143, 1
106, 84, 1
79, 105, 1
79, 128, 1
79, 103, 1
79, 104, 1
79, 143, 1
79, 84, 1
79, 106, 1
207, 210, 1
207, 187, 1
207, 201, 1
207, 188, 1
207, 189, 1
207, 196, 1
182, 180, 1
182, 178, 1
182, 177, 1
92, 105, 1
92, 128, 1
92, 103, 1
92, 104, 1
92, 143, 1
92, 84, 1
92, 106, 1
92, 79, 1
103, 143, 1
104, 84, 1
210, 187, 1
128, 84, 1
210, 196, 1
188, 196, 1
143, 84, 1
128, 105, 1
104, 105, 1
105, 79, 1
105, 143, 1
187, 188, 1
143, 105, 1
201, 187, 1
201, 196, 1
105, 103, 1
177, 180, 1
105, 106, 1
103, 84, 1
104, 92, 1
210, 189, 1
188, 189, 1
106, 92, 1
128, 92, 1
105, 84, 1
143, 92, 1
187, 196, 1
201, 189, 1
143, 104, 1
104, 128, 1
104, 79, 1
104, 143, 1
106, 79, 1
128, 79, 1
84, 79, 1
84, 143, 1
128, 143, 1
143, 128, 1
201, 210, 1
210, 188, 1
143, 79, 1
104, 103, 1
104, 106, 1
84, 103, 1
128, 103, 1
178, 180, 1
196, 189, 1
128, 106, 1
187, 189, 1
201, 188, 1
143, 103, 1
105, 92, 1
143, 106, 1
177, 178, 1
103, 79, 1
103, 92, 1
189, 207, 1
196, 187, 1
128, 104, 1
178, 182, 1
105, 128, 1
180, 182, 1
84, 128, 1
201, 207, 1
196, 207, 1
196, 188, 1
84, 92, 1
177, 182, 1
187, 207, 1
210, 207, 1
188, 207, 1
105, 104, 1
84, 104, 1
79, 92, 1
188, 187, 1
106, 210, -1
106, 187, -1
106, 201, -1
106, 188, -1
106, 189, -1
106, 196, -1
106, 28, -1
106, 65, -1
106, 8, -1
106, 69, -1
106, 51, -1
106, 17, -1
106, 59, -1
106, 63, -1
106, 163, -1
106, 168, -1
106, 171, -1
106, 180, -1
106, 178, -1
106, 177, -1
106, 158, -1
106, 162, -1
79, 210, -1
79, 187, -1
79, 201, -1
79, 188, -1
79, 189, -1
79, 196, -1
79, 28, -1
79, 65, -1
79, 8, -1
79, 69, -1
79, 51, -1
79, 17, -1
79, 59, -1
79, 63, -1
79, 163, -1
79, 168, -1
79, 171, -1
79, 180, -1
79, 178, -1
79, 177, -1
79, 158, -1
79, 162, -1
207, 28, -1
207, 65, -1
207, 8, -1
207, 69, -1
207, 51, -1
207, 17, -1
207, 59, -1
207, 63, -1
207, 163, -1
207, 168, -1
207, 171, -1
207, 105, -1
207, 128, -1
207, 103, -1
207, 104, -1
207, 143, -1
207, 84, -1
207, 106, -1
207, 79, -1
207, 180, -1
207, 178, -1
207, 177, -1
207, 158, -1
207, 162, -1
182, 210, -1
182, 187, -1
182, 201, -1
182, 188, -1
182, 189, -1
182, 196, -1
182, 207, -1
182, 28, -1
182, 65, -1
182, 8, -1
182, 69, -1
182, 51, -1
182, 17, -1
182, 59, -1
182, 63, -1
182, 163, -1
182, 168, -1
182, 171, -1
182, 105, -1
182, 128, -1
182, 103, -1
182, 104, -1
182, 143, -1
182, 84, -1
182, 106, -1
182, 79, -1
182, 158, -1
182, 162, -1
92, 210, -1
92, 187, -1
92, 201, -1
92, 188, -1
92, 189, -1
92, 196, -1
92, 207, -1
92, 28, -1
92, 65, -1
92, 8, -1
92, 69, -1
92, 51, -1
92, 17, -1
92, 59, -1
92, 63, -1
92, 163, -1
92, 168, -1
92, 171, -1
92, 180, -1
92, 178, -1
92, 177, -1
92, 182, -1
92, 158, -1
92, 162, -1
143, 188, -1
105, 171, -1
105, 180, -1
105, 189, -1
196, 69, -1
128, 163, -1
177, 28, -1
171, 143, -1
105, 207, -1
65, 143, -1
8, 103, -1
105, 63, -1
128, 28, -1
210, 79, -1
188, 79, -1
17, 188, -1
162, 188, -1
180, 84, -1
177, 158, -1
196, 28, -1
201, 143, -1
104, 201, -1
210, 182, -1
104, 210, -1
188, 182, -1
128, 158, -1
180, 196, -1
163, 143, -1
196, 158, -1
59, 180, -1
59, 189, -1
180, 79, -1
17, 201, -1
17, 210, -1
104, 178, -1
177, 162, -1
104, 187, -1
177, 171, -1
104, 196, -1
143, 178, -1
143, 187, -1
65, 106, -1
105, 188, -1
168, 189, -1
51, 180, -1
128, 162, -1
51, 189, -1
128, 171, -1
69, 103, -1
8, 84, -1
210, 51, -1
210, 69, -1
188, 69, -1
17, 178, -1
17, 187, -1
178, 104, -1
201, 106, -1
17, 196, -1
187, 180, -1
104, 182, -1
210, 163, -1
182, 92, -1
171, 92, -1
65, 92, -1
187, 63, -1
59, 143, -1
210, 28, -1
188, 28, -1
104, 65, -1
8, 79, -1
103, 69, -1
8, 106, -1
201, 92, -1
180, 69, -1
177, 143, -1
104, 177, -1
210, 158, -1
188, 158, -1
163, 92, -1
65, 105, -1
168, 188, -1
51, 188, -1
104, 51, -1
180, 28, -1
196, 143, -1
8, 92, -1
210, 59, -1
128, 17, -1
84, 69, -1
17, 177, -1
201, 105, -1
189, 103, -1
178, 103, -1
104, 163, -1
158, 143, -1
210, 162, -1
210, 171, -1
210, 180, -1
188, 180, -1
104, 28, -1
69, 79, -1
177, 106, -1
104, 158, -1
103, 189, -1
168, 178, -1
103, 207, -1
178, 210, -1
162, 104, -1
168, 187, -1
171, 180, -1
171, 189, -1
65, 180, -1
65, 189, -1
201, 59, -1
177, 92, -1
103, 63, -1
178, 84, -1
104, 162, -1
210, 143, -1
188, 143, -1
201, 180, -1
178, 196, -1
84, 189, -1
196, 92, -1
106, 207, -1
84, 207, -1
163, 180, -1
163, 189, -1
201, 63, -1
177, 105, -1
84, 63, -1
189, 79, -1
178, 79, -1
128, 69, -1
8, 180, -1
8, 189, -1
180, 143, -1
189, 182, -1
28, 103, -1
17, 103, -1
162, 103, -1
171, 188, -1
65, 188, -1
210, 106, -1
188, 106, -1
143, 201, -1
143, 210, -1
177, 59, -1
163, 188, -1
178, 51, -1
210, 92, -1
188, 92, -1
189, 69, -1
178, 69, -1
8, 143, -1
128, 59, -1
168, 104, -1
180, 106, -1
177, 189, -1
143, 196, -1
178, 163, -1
177, 207, -1
28, 84, -1
17, 84, -1
162, 84, -1
128, 180, -1
128, 189, -1
177, 63, -1
178, 28, -1
128, 207, -1
196, 180, -1
162, 187, -1
162, 196, -1
180, 92, -1
210, 105, -1
128, 63, -1
79, 207, -1
143, 182, -1
158, 180, -1
189, 158, -1
178, 158, -1
196, 63, -1
201, 178, -1
28, 79, -1
17, 79, -1
105, 201, -1
162, 79, -1
105, 210, -1
17, 106, -1
143, 65, -1
59, 188, -1
69, 143, -1
168, 103, -1
51, 103, -1
143, 177, -1
177, 188, -1
105, 178, -1
178, 162, -1
105, 187, -1
178, 171, -1
105, 196, -1
28, 92, -1
17, 92, -1
104, 69, -1
143, 51, -1
128, 188, -1
143, 69, -1
187, 103, -1
8, 128, -1
143, 163, -1
105, 182, -1
143, 28, -1
168, 201, -1
168, 210, -1
210, 63, -1
8, 105, -1
188, 63, -1
59, 187, -1
59, 196, -1
168, 84, -1
51, 84, -1
143, 158, -1
189, 143, -1
178, 143, -1
105, 177, -1
180, 189, -1
168, 196, -1
51, 187, -1
180, 207, -1
51, 196, -1
104, 59, -1
187, 84, -1
105, 51, -1
180, 63, -1
168, 79, -1
104, 171, -1
51, 79, -1
104, 180, -1
143, 162, -1
104, 189, -1
143, 171, -1
143, 180, -1
105, 163, -1
104, 207, -1
104, 63, -1
105, 28, -1
187, 79, -1
8, 104, -1
17, 180, -1
162, 180, -1
28, 189, -1
17, 189, -1
178, 106, -1
187, 182, -1
105, 158, -1
171, 103, -1
65, 103, -1
168, 177, -1
180, 188, -1
178, 92, -1
201, 103, -1
178, 128, -1
104, 188, -1
105, 162, -1
210, 178, -1
104, 17, -1
163, 103, -1
143, 17, -1
187, 69, -1
28, 143, -1
17, 143, -1
162, 143, -1
65, 201, -1
65, 210, -1
178, 105, -1
8, 188, -1
171, 84, -1
65, 84, -1
187, 28, -1
171, 187, -1
65, 178, -1
171, 196, -1
65, 187, -1
65, 196, -1
201, 84, -1
187, 158, -1
171, 79, -1
8, 201, -1
65, 79, -1
163, 84, -1
103, 182, -1
8, 210, -1
59, 103, -1
168, 180, -1
162, 106, -1
163, 187, -1
163, 196, -1
178, 59, -1
177, 103, -1
201, 79, -1
8, 178, -1
8, 187, -1
8, 196, -1
163, 79, -1
201, 182, -1
178, 189, -1
106, 182, -1
84, 182, -1
162, 92, -1
178, 207, -1
196, 103, -1
65, 177, -1
162, 128, -1
189, 63, -1
178, 63, -1
158, 103, -1
177, 201, -1
168, 143, -1
177, 210, -1
201, 177, -1
59, 84, -1
51, 143, -1
17, 105, -1
162, 105, -1
128, 201, -1
128, 210, -1
177, 84, -1
201, 51, -1
201, 69, -1
187, 143, -1
177, 187, -1
8, 177, -1
103, 158, -1
201, 163, -1
177, 196, -1
59, 79, -1
178, 188, -1
196, 84, -1
128, 178, -1
128, 187, -1
128, 196, -1
143, 59, -1
201, 28, -1
84, 28, -1
177, 79, -1
105, 69, -1
210, 103, -1
188, 103, -1
168, 106, -1
143, 189, -1
201, 158, -1
84, 158, -1
143, 207, -1
59, 92, -1
196, 79, -1
128, 182, -1
143, 63, -1
158, 79, -1
196, 182, -1
162, 189, -1
168, 92, -1
128, 65, -1
180, 103, -1
51, 92, -1
168, 128, -1
201, 162, -1
201, 171, -1
178, 187, -1
128, 177, -1
177, 51, -1
187, 92, -1
177, 69, -1
105, 59, -1
210, 84, -1
188, 84, -1
128, 51, -1
177, 163, -1
168, 105, -1
178, 201, -1
171, 104, -1
196, 106, -1
196, 51, -1
65, 104, -1
187, 106, -1
187, 51, -1
162, 177, -1
189, 106, -1
163, 182, -1
158, 207, -1
180, 201, -1
79, 182, -1
59, 207, -1
69, 92, -1
171, 207, -1
210, 104, -1
28, 207, -1
17, 207, -1
162, 201, -1
162, 207, -1
180, 158, -1
65, 207, -1
8, 207, -1
188, 104, -1
177, 104, -1
180, 104, -1
189, 84, -1
210, 177, -1
196, 105, -1
51, 104, -1
59, 182, -1
63, 79, -1
196, 163, -1
187, 105, -1
28, 182, -1
17, 182, -1
69, 189, -1
63, 143, -1
189, 105, -1
171, 182, -1
8, 182, -1
207, 92, -1
196, 59, -1
201, 104, -1
162, 182, -1
187, 163, -1
69, 207, -1
65, 182, -1
187, 59, -1
168, 207, -1
63, 103, -1
51, 207, -1
180, 105, -1
163, 104, -1
69, 182, -1
189, 92, -1
196, 171, -1
168, 182, -1
196, 104, -1
187, 104, -1
187, 171, -1
180, 187, -1
51, 182, -1
17, 104, -1
158, 92, -1
163, 207, -1
188, 105, -1
59, 104, -1
28, 104, -1
188, 59, -1
59, 128, -1
171, 128, -1
28, 128, -1
180, 128, -1
17, 128, -1
59, 201, -1
59, 210, -1
65, 128, -1
188, 171, -1
177, 128, -1
210, 128, -1
188, 128, -1
158, 84, -1
51, 128, -1
51, 201, -1
201, 128, -1
51, 210, -1
188, 51, -1
69, 84, -1
187, 128, -1
163, 128, -1
196, 128, -1
188, 163, -1

131, 105, 1
131, 128, 1
131, 103, 1
131, 104, 1
131, 143, 1
131, 84, 1
131, 106, 1
131, 79, 1
131, 92, 1
127, 105, 1
127, 128, 1
127, 103, 1
127, 104, 1
127, 143, 1
127, 84, 1
127, 106, 1
127, 79, 1
127, 92, 1
127, 131, 1
190, 210, 1
190, 187, 1
190, 201, 1
190, 188, 1
190, 189, 1
190, 196, 1
190, 207, 1
108, 105, 1
108, 128, 1
108, 103, 1
108, 104, 1
108, 143, 1
108, 84, 1
108, 106, 1
108, 79, 1
108, 92, 1
108, 131, 1
108, 127, 1
175, 163, 1
175, 168, 1
175, 171, 1
103, 143, 1
106, 84, 1
210, 196, 1
188, 196, 1
105, 79, 1
92, 79, 1
105, 143, 1
128, 108, 1
92, 143, 1
201, 187, 1
103, 127, 1
143, 108, 1
201, 196, 1
168, 171, 1
210, 189, 1
188, 189, 1
105, 127, 1
128, 92, 1
210, 207, 1
188, 207, 1
131, 127, 1
143, 92, 1
201, 189, 1
104, 128, 1
201, 207, 1
84, 79, 1
106, 79, 1
143, 128, 1
84, 143, 1
106, 143, 1
79, 92, 1
128, 103, 1
143, 103, 1
106, 127, 1
84, 127, 1
104, 84, 1
189, 207, 1
105, 131, 1
128, 105, 1
104, 105, 1
143, 105, 1
92, 103, 1
105, 106, 1
187, 196, 1
106, 131, 1
104, 79, 1
104, 143, 1
105, 108, 1
171, 163, 1
210, 188, 1
103, 92, 1
131, 108, 1
187, 189, 1
201, 188, 1
104, 127, 1
105, 92, 1
187, 207, 1
128, 84, 1
143, 84, 1
106, 108, 1
105, 103, 1
106, 92, 1
84, 92, 1
92, 84, 1
128, 79, 1
128, 143, 1
143, 79, 1
104, 106, 1
84, 103, 1
106, 103, 1
196, 189, 1
196, 207, 1
128, 127, 1
168, 163, 1
210, 187, 1
143, 127, 1
104, 108, 1
187, 188, 1
79, 127, 1
103, 84, 1
92, 127, 1
104, 92, 1
105, 84, 1
143, 104, 1
128, 131, 1
104, 131, 1
201, 210, 1
143, 131, 1
104, 103, 1
128, 106, 1
143, 106, 1
103, 79, 1
105, 104, 1
168, 175, 1
188, 190, 1
210, 190, 1
79, 103, 1
196, 188, 1
201, 190, 1
79, 84, 1
163, 175, 1
196, 190, 1
196, 187, 1
128, 104, 1
187, 190, 1
84, 104, 1
106, 104, 1
189, 190, 1
163, 171, 1
171, 175, 1
79, 143, 1
188, 187, 1
106, 128, 1
84, 128, 1
131, 210, -1
131, 187, -1
131, 201, -1
131, 188, -1
131, 189, -1
131, 196, -1
131, 207, -1
131, 28, -1
131, 65, -1
131, 8, -1
131, 69, -1
131, 51, -1
131, 17, -1
131, 59, -1
131, 63, -1
131, 163, -1
131, 168, -1
131, 171, -1
131, 180, -1
131, 178, -1
131, 177, -1
131, 182, -1
131, 158, -1
131, 162, -1
127, 210, -1
127, 187, -1
127, 201, -1
127, 188, -1
127, 189, -1
127, 196, -1
127, 207, -1
127, 28, -1
127, 65, -1
127, 8, -1
127, 69, -1
127, 51, -1
127, 17, -1
127, 59, -1
127, 63, -1
127, 163, -1
127, 168, -1
127, 171, -1
127, 180, -1
127, 178, -1
127, 177, -1
127, 182, -1
127, 158, -1
127, 162, -1
190, 28, -1
190, 65, -1
190, 8, -1
190, 69, -1
190, 51, -1
190, 17, -1
190, 59, -1
190, 63, -1
190, 163, -1
190, 168, -1
190, 171, -1
190, 105, -1
190, 128, -1
190, 103, -1
190, 104, -1
190, 143, -1
190, 84, -1
190, 106, -1
190, 79, -1
190, 92, -1
190, 131, -1
190, 127, -1
190, 180, -1
190, 178, -1
190, 177, -1
190, 182, -1
190, 158, -1
190, 162, -1
108, 210, -1
108, 187, -1
108, 201, -1
108, 188, -1
108, 189, -1
108, 196, -1
108, 207, -1
108, 190, -1
108, 28, -1
108, 65, -1
108, 8, -1
108, 69, -1
108, 51, -1
108, 17, -1
108, 59, -1
108, 63, -1
108, 163, -1
108, 168, -1
108, 171, -1
108, 180, -1
108, 178, -1
108, 177, -1
108, 182, -1
108, 158, -1
108, 162, -1
175, 210, -1
175, 187, -1
175, 201, -1
175, 188, -1
175, 189, -1
175, 196, -1
175, 207, -1
175, 190, -1
175, 28, -1
175, 65, -1
175, 8, -1
175, 69, -1
175, 51, -1
175, 17, -1
175, 59, -1
175, 63, -1
175, 105, -1
175, 128, -1
175, 103, -1
175, 104, -1
175, 143, -1
175, 84, -1
175, 106, -1
175, 79, -1
175, 92, -1
175, 131, -1
175, 127, -1
175, 108, -1
175, 180, -1
175, 178, -1
175, 177, -1
175, 182, -1
175, 158, -1
175, 162, -1
51, 105, -1
143, 188, -1
105, 171, -1
105, 180, -1
105, 189, -1
196, 69, -1
128, 163, -1
171, 143, -1
105, 207, -1
182, 143, -1
65, 143, -1
128, 190, -1
8, 103, -1
105, 63, -1
128, 28, -1
210, 79, -1
188, 79, -1
207, 92, -1
17, 188, -1
162, 188, -1
180, 84, -1
196, 28, -1
201, 143, -1
104, 201, -1
210, 182, -1
104, 210, -1
105, 175, -1
127, 175, -1
188, 182, -1
128, 158, -1
163, 143, -1
59, 171, -1
79, 158, -1
168, 59, -1
59, 189, -1
180, 79, -1
17, 201, -1
17, 210, -1
104, 178, -1
189, 127, -1
178, 127, -1
104, 187, -1
177, 171, -1
104, 196, -1
143, 178, -1
143, 187, -1
65, 106, -1
108, 175, -1
105, 188, -1
92, 69, -1
168, 189, -1
128, 162, -1
51, 189, -1
128, 171, -1
168, 207, -1
51, 207, -1
69, 103, -1
8, 84, -1
210, 51, -1
210, 69, -1
188, 69, -1
168, 63, -1
17, 187, -1
92, 190, -1
201, 106, -1
17, 196, -1
187, 180, -1
131, 190, -1
104, 182, -1
178, 131, -1
210, 163, -1
171, 92, -1
65, 92, -1
187, 63, -1
59, 143, -1
210, 28, -1
188, 28, -1
104, 65, -1
8, 79, -1
103, 69, -1
8, 106, -1
201, 92, -1
177, 143, -1
178, 108, -1
187, 175, -1
104, 168, -1
104, 177, -1
210, 158, -1
143, 168, -1
207, 171, -1
163, 92, -1
65, 105, -1
168, 188, -1
51, 188, -1
104, 51, -1
196, 143, -1
8, 92, -1
210, 59, -1
128, 17, -1
84, 69, -1
106, 69, -1
92, 171, -1
92, 189, -1
201, 105, -1
189, 103, -1
178, 103, -1
104, 163, -1
158, 143, -1
163, 69, -1
210, 162, -1
207, 175, -1
210, 171, -1
210, 180, -1
188, 180, -1
84, 190, -1
106, 190, -1
92, 63, -1
104, 28, -1
69, 79, -1
162, 127, -1
177, 106, -1
17, 163, -1
92, 175, -1
104, 158, -1
207, 143, -1
103, 189, -1
210, 175, -1
168, 178, -1
103, 207, -1
168, 187, -1
171, 180, -1
65, 171, -1
17, 131, -1
171, 189, -1
182, 189, -1
162, 131, -1
177, 92, -1
201, 59, -1
65, 189, -1
171, 207, -1
182, 207, -1
103, 63, -1
106, 59, -1
65, 207, -1
178, 84, -1
104, 162, -1
171, 63, -1
210, 143, -1
188, 143, -1
103, 175, -1
201, 180, -1
84, 171, -1
106, 171, -1
106, 180, -1
178, 196, -1
59, 105, -1
84, 189, -1
106, 189, -1
196, 92, -1
17, 108, -1
84, 207, -1
106, 207, -1
162, 108, -1
163, 180, -1
163, 189, -1
201, 63, -1
177, 105, -1
207, 106, -1
163, 207, -1
84, 63, -1
106, 63, -1
189, 79, -1
178, 79, -1
128, 69, -1
8, 171, -1
163, 63, -1
8, 189, -1
180, 143, -1
201, 175, -1
84, 175, -1
106, 175, -1
28, 103, -1
17, 103, -1
162, 103, -1
63, 79, -1
59, 127, -1
171, 188, -1
65, 188, -1
79, 190, -1
210, 106, -1
188, 106, -1
168, 127, -1
143, 201, -1
51, 127, -1
143, 210, -1
106, 188, -1
163, 188, -1
187, 127, -1
210, 92, -1
188, 92, -1
59, 207, -1
8, 143, -1
128, 59, -1
168, 104, -1
180, 106, -1
177, 189, -1
168, 131, -1
143, 196, -1
178, 163, -1
51, 131, -1
177, 207, -1
28, 84, -1
17, 84, -1
162, 84, -1
128, 180, -1
59, 108, -1
128, 189, -1
128, 207, -1
196, 180, -1
162, 187, -1
187, 131, -1
162, 196, -1
180, 92, -1
128, 63, -1
79, 207, -1
168, 108, -1
143, 182, -1
51, 108, -1
158, 189, -1
196, 63, -1
201, 178, -1
158, 207, -1
28, 79, -1
17, 79, -1
79, 63, -1
162, 79, -1
105, 201, -1
105, 210, -1
128, 175, -1
17, 106, -1
143, 65, -1
187, 108, -1
59, 188, -1
196, 175, -1
69, 143, -1
79, 175, -1
168, 103, -1
51, 103, -1
143, 177, -1
177, 188, -1
105, 178, -1
105, 187, -1
178, 171, -1
105, 196, -1
28, 92, -1
17, 92, -1
104, 69, -1
143, 51, -1
128, 188, -1
207, 63, -1
143, 69, -1
187, 103, -1
8, 128, -1
92, 207, -1
143, 163, -1
104, 190, -1
143, 190, -1
158, 188, -1
105, 182, -1
171, 127, -1
182, 127, -1
143, 28, -1
65, 127, -1
168, 201, -1
168, 210, -1
210, 63, -1
8, 105, -1
188, 63, -1
162, 163, -1
59, 187, -1
59, 196, -1
131, 175, -1
168, 84, -1
51, 84, -1
143, 158, -1
201, 127, -1
189, 143, -1
178, 143, -1
188, 175, -1
180, 189, -1
171, 131, -1
168, 196, -1
163, 127, -1
51, 187, -1
65, 131, -1
180, 207, -1
51, 196, -1
104, 59, -1
187, 84, -1
105, 51, -1
8, 127, -1
168, 79, -1
104, 171, -1
51, 79, -1
104, 180, -1
143, 162, -1
201, 131, -1
104, 189, -1
143, 171, -1
143, 180, -1
105, 163, -1
104, 207, -1
171, 108, -1
65, 108, -1
168, 182, -1
163, 131, -1
104, 63, -1
105, 28, -1
187, 79, -1
8, 104, -1
17, 171, -1
162, 171, -1
168, 65, -1
28, 189, -1
17, 189, -1
178, 106, -1
201, 108, -1
187, 182, -1
104, 175, -1
8, 207, -1
105, 158, -1
171, 103, -1
182, 103, -1
65, 103, -1
163, 108, -1
168, 177, -1
59, 163, -1
168, 51, -1
8, 108, -1
177, 127, -1
178, 92, -1
168, 69, -1
92, 187, -1
201, 103, -1
104, 188, -1
105, 162, -1
210, 178, -1
104, 17, -1
163, 103, -1
51, 163, -1
143, 17, -1
168, 190, -1
59, 131, -1
196, 127, -1
187, 69, -1
28, 143, -1
17, 143, -1
168, 28, -1
162, 143, -1
65, 201, -1
65, 210, -1
92, 182, -1
177, 131, -1
158, 127, -1
69, 189, -1
187, 163, -1
69, 207, -1
8, 188, -1
171, 84, -1
65, 84, -1
168, 158, -1
187, 28, -1
171, 187, -1
196, 131, -1
171, 196, -1
65, 187, -1
65, 196, -1
177, 108, -1
201, 84, -1
207, 127, -1
171, 79, -1
182, 79, -1
207, 163, -1
8, 201, -1
65, 79, -1
163, 84, -1
103, 182, -1
8, 210, -1
168, 162, -1
59, 103, -1
84, 187, -1
106, 187, -1
106, 196, -1
168, 180, -1
51, 171, -1
162, 106, -1
196, 108, -1
171, 182, -1
163, 187, -1
163, 196, -1
177, 103, -1
92, 163, -1
201, 79, -1
207, 131, -1
210, 127, -1
188, 127, -1
187, 171, -1
8, 187, -1
8, 196, -1
92, 28, -1
163, 79, -1
201, 182, -1
178, 189, -1
84, 182, -1
106, 182, -1
162, 92, -1
178, 207, -1
196, 103, -1
163, 182, -1
189, 63, -1
92, 158, -1
207, 108, -1
158, 103, -1
210, 131, -1
188, 131, -1
180, 127, -1
171, 69, -1
177, 201, -1
168, 143, -1
177, 210, -1
189, 175, -1
59, 84, -1
51, 143, -1
103, 190, -1
17, 105, -1
128, 201, -1
65, 163, -1
128, 210, -1
168, 17, -1
171, 190, -1
177, 84, -1
201, 51, -1
106, 51, -1
207, 103, -1
201, 69, -1
171, 28, -1
187, 143, -1
210, 108, -1
188, 108, -1
8, 168, -1
177, 187, -1
180, 131, -1
103, 158, -1
201, 163, -1
177, 196, -1
59, 79, -1
84, 163, -1
106, 163, -1
178, 188, -1
196, 84, -1
128, 178, -1
59, 106, -1
171, 158, -1
128, 187, -1
128, 196, -1
143, 59, -1
201, 28, -1
106, 28, -1
28, 127, -1
177, 79, -1
17, 127, -1
84, 28, -1
105, 69, -1
163, 190, -1
210, 103, -1
188, 103, -1
163, 28, -1
168, 106, -1
8, 163, -1
51, 106, -1
143, 189, -1
201, 158, -1
158, 187, -1
84, 158, -1
106, 158, -1
143, 207, -1
105, 190, -1
158, 196, -1
59, 92, -1
196, 79, -1
128, 182, -1
190, 175, -1
163, 158, -1
143, 63, -1
207, 84, -1
158, 79, -1
196, 182, -1
8, 131, -1
162, 189, -1
79, 182, -1
168, 92, -1
28, 207, -1
17, 207, -1
162, 207, -1
128, 65, -1
180, 103, -1
51, 92, -1
143, 175, -1
168, 128, -1
201, 162, -1
201, 171, -1
178, 187, -1
128, 168, -1
128, 177, -1
187, 92, -1
69, 127, -1
105, 59, -1
207, 79, -1
210, 84, -1
188, 84, -1
128, 51, -1
177, 163, -1
168, 105, -1
178, 201, -1
69, 175, -1
177, 190, -1
196, 106, -1
187, 158, -1
196, 51, -1
162, 104, -1
210, 104, -1
189, 84, -1
196, 163, -1
187, 105, -1
63, 127, -1
182, 175, -1
180, 187, -1
65, 175, -1
28, 190, -1
17, 190, -1
180, 196, -1
162, 190, -1
158, 92, -1
196, 158, -1
171, 104, -1
105, 168, -1
65, 104, -1
69, 92, -1
189, 182, -1
188, 104, -1
196, 105, -1
171, 51, -1
63, 143, -1
201, 104, -1
187, 59, -1
178, 175, -1
84, 168, -1
106, 168, -1
59, 175, -1
180, 175, -1
163, 104, -1
196, 171, -1
8, 175, -1
127, 190, -1
178, 104, -1
196, 128, -1
188, 163, -1
59, 104, -1
182, 92, -1
180, 104, -1
28, 171, -1
51, 175, -1
171, 128, -1
69, 190, -1
189, 106, -1
189, 69, -1
92, 168, -1
162, 201, -1
188, 128, -1
51, 104, -1
180, 188, -1
196, 59, -1
158, 84, -1
178, 190, -1
188, 158, -1
17, 175, -1
28, 175, -1
189, 92, -1
180, 190, -1
187, 104, -1
69, 84, -1
65, 190, -1
188, 105, -1
210, 105, -1
28, 104, -1
17, 104, -1
63, 190, -1
177, 175, -1
189, 158, -1
187, 106, -1
187, 51, -1
51, 190, -1
177, 104, -1
188, 171, -1
189, 105, -1
63, 103, -1
182, 84, -1
158, 175, -1
106, 201, -1
196, 104, -1
171, 59, -1
59, 190, -1
162, 175, -1
8, 190, -1
163, 128, -1
180, 171, -1
188, 59, -1
163, 51, -1
59, 128, -1
28, 128, -1
180, 128, -1
17, 128, -1
162, 128, -1
59, 201, -1
59, 210, -1
65, 128, -1
177, 128, -1
210, 128, -1
163, 59, -1
51, 128, -1
51, 201, -1
201, 128, -1
51, 210, -1
188, 51, -1
180, 163, -1
28, 163, -1
187, 128, -1
178, 128, -1

