72, 70, 1
140, 121, 1
76, 179, -1
176, 175, -1
3, 164, -1
167, 65, -1
200, 30, -1
38, 104, -1
175, 4, -1
130, 2, -1

31, 13, 1
143, 144, 1
141, 125, 1
85, 84, 1
78, 68, -1
102, 32, -1
141, 60, -1
175, 60, -1
204, 152, -1
176, 133, -1
125, 60, -1
60, 141, -1

15, 45, 1
123, 93, 1
153, 159, 1
193, 187, 1
6, 95, -1
155, 199, -1
4, 162, -1
193, 149, -1
187, 65, -1
156, 116, -1
65, 193, -1
187, 149, -1
65, 187, -1

151, 189, -1
168, 31, -1
128, 26, -1
7, 99, -1
19, 85, -1
149, 181, -1
6, 169, -1
191, 76, -1
1, 119, -1
85, 69, -1

151, 159, 1
108, 128, 1
17, 20, 1
76, 82, 1
1, 184, -1
14, 100, -1
2, 159, -1
31, 194, -1
163, 114, -1
15, 209, -1
2, 151, -1
159, 2, -1

120, 96, 1
42, 40, 1
130, 152, -1
23, 126, -1
198, 126, -1
99, 56, -1
123, 171, -1
186, 25, -1
171, 189, -1
33, 196, -1

128, 73, 1
57, 16, 1
199, 160, -1
144, 191, -1
7, 89, -1
202, 134, -1
66, 141, -1
187, 153, -1
150, 167, -1
181, 46, -1

1, 59, 1
30, 29, 1
64, 204, -1
129, 58, -1
92, 200, -1
167, 177, -1
181, 17, -1
204, 145, -1
54, 102, -1
107, 18, -1

59, 56, 1
133, 119, 1
46, 17, 1
151, 201, -1
136, 46, -1
145, 44, -1
30, 138, -1
125, 14, -1
105, 5, -1
23, 114, -1
136, 17, -1

134, 97, 1
179, 176, 1
61, 69, 1
197, 108, -1
160, 136, -1
190, 109, -1
72, 46, -1
9, 141, -1
153, 43, -1
76, 35, -1

