197, 208, 1
2, 18, 1
18, 208, -1
18, 197, -1
179, 208, -1
179, 197, -1
179, 18, -1
2, 208, -1
2, 197, -1
2, 179, -1
105, 208, -1
105, 197, -1
105, 18, -1
105, 2, -1
105, 179, -1
208, 105, -1
208, 179, -1
18, 179, -1
208, 18, -1
208, 2, -1

182, 179, 1
189, 208, 1
189, 197, 1
201, 208, 1
201, 197, 1
201, 189, 1
180, 179, 1
180, 182, 1
197, 201, 1
179, 180, 1
208, 189, 1
179, 182, 1
197, 189, 1
208, 201, 1
197, 208, 1
208, 197, 1
182, 208, -1
182, 197, -1
182, 18, -1
182, 2, -1
182, 105, -1
189, 18, -1
189, 2, -1
189, 179, -1
189, 182, -1
189, 105, -1
201, 18, -1
201, 2, -1
201, 179, -1
201, 182, -1
201, 105, -1
180, 208, -1
180, 197, -1
180, 189, -1
180, 201, -1
180, 18, -1
180, 2, -1
180, 105, -1
18, 197, -1
105, 180, -1
197, 180, -1
2, 182, -1
2, 179, -1
105, 201, -1
197, 18, -1
208, 180, -1
2, 197, -1
105, 179, -1
208, 18, -1
105, 182, -1
197, 182, -1
197, 2, -1
197, 179, -1
201, 180, -1
179, 189, -1
18, 180, -1
18, 189, -1
208, 179, -1
208, 2, -1
208, 182, -1
197, 105, -1
2, 180, -1
208, 105, -1
18, 179, -1
2, 189, -1
18, 182, -1
179, 197, -1
105, 189, -1
105, 197, -1

184, 179, 1
184, 182, 1
184, 180, 1
190, 208, 1
190, 197, 1
190, 189, 1
190, 201, 1
130, 105, 1
65, 18, 1
65, 2, 1
179, 180, 1
201, 189, 1
208, 189, 1
179, 182, 1
180, 182, 1
2, 18, 1
197, 189, 1
201, 197, 1
208, 201, 1
208, 197, 1
197, 190, 1
189, 190, 1
208, 190, 1
201, 190, 1
171, 208, -1
171, 197, -1
171, 189, -1
171, 201, -1
171, 18, -1
171, 2, -1
171, 179, -1
171, 182, -1
171, 180, -1
171, 105, -1
184, 208, -1
184, 197, -1
184, 189, -1
184, 201, -1
184, 18, -1
184, 2, -1
184, 105, -1
184, 171, -1
190, 18, -1
190, 2, -1
190, 179, -1
190, 182, -1
190, 180, -1
190, 184, -1
190, 105, -1
190, 171, -1
130, 208, -1
130, 197, -1
130, 189, -1
130, 201, -1
130, 190, -1
130, 18, -1
130, 2, -1
130, 179, -1
130, 182, -1
130, 180, -1
130, 184, -1
130, 171, -1
65, 208, -1
65, 197, -1
65, 189, -1
65, 201, -1
65, 190, -1
65, 179, -1
65, 182, -1
65, 180, -1
65, 184, -1
65, 105, -1
65, 130, -1
65, 171, -1
208, 65, -1
2, 201, -1
18, 197, -1
105, 171, -1
105, 180, -1
201, 105, -1
180, 189, -1
105, 189, -1
182, 189, -1
105, 18, -1
2, 182, -1
201, 130, -1
18, 105, -1
2, 179, -1
105, 201, -1
189, 182, -1
179, 190, -1
208, 171, -1
208, 180, -1
2, 197, -1
18, 190, -1
179, 208, -1
105, 179, -1
208, 18, -1
105, 182, -1
105, 2, -1
2, 105, -1
180, 197, -1
201, 171, -1
197, 182, -1
182, 197, -1
105, 197, -1
18, 171, -1
201, 180, -1
2, 190, -1
179, 189, -1
18, 180, -1
18, 189, -1
201, 18, -1
208, 179, -1
184, 130, -1
208, 2, -1
208, 182, -1
18, 201, -1
208, 130, -1
180, 190, -1
182, 190, -1
171, 190, -1
2, 171, -1
105, 190, -1
2, 180, -1
201, 179, -1
180, 208, -1
18, 179, -1
201, 182, -1
208, 105, -1
2, 189, -1
182, 208, -1
179, 197, -1
18, 182, -1
201, 2, -1
184, 65, -1
184, 190, -1
197, 179, -1
208, 184, -1
197, 130, -1
197, 18, -1
197, 171, -1
197, 65, -1
197, 180, -1
189, 105, -1
197, 2, -1
18, 130, -1
2, 130, -1
197, 105, -1
189, 184, -1
201, 184, -1
197, 184, -1

185, 208, 1
185, 197, 1
185, 189, 1
185, 201, 1
185, 190, 1
207, 208, 1
207, 197, 1
207, 189, 1
207, 201, 1
207, 190, 1
207, 185, 1
103, 105, 1
103, 130, 1
189, 207, 1
208, 190, 1
190, 207, 1
185, 207, 1
197, 207, 1
189, 190, 1
201, 189, 1
208, 189, 1
197, 190, 1
208, 185, 1
201, 207, 1
197, 189, 1
201, 197, 1
208, 201, 1
208, 207, 1
208, 197, 1
105, 130, 1
201, 190, 1
130, 103, 1
189, 197, 1
105, 103, 1
201, 185, 1
190, 189, 1
197, 201, 1
197, 185, 1
197, 208, 1
189, 208, 1
185, 18, -1
185, 2, -1
185, 65, -1
185, 179, -1
185, 182, -1
185, 180, -1
185, 184, -1
185, 105, -1
185, 130, -1
185, 171, -1
207, 18, -1
207, 2, -1
207, 65, -1
207, 179, -1
207, 182, -1
207, 180, -1
207, 184, -1
207, 105, -1
207, 130, -1
207, 171, -1
103, 208, -1
103, 197, -1
103, 189, -1
103, 201, -1
103, 190, -1
103, 185, -1
103, 207, -1
103, 18, -1
103, 2, -1
103, 65, -1
103, 179, -1
103, 182, -1
103, 180, -1
103, 184, -1
103, 171, -1
105, 171, -1
105, 180, -1
130, 179, -1
105, 189, -1
171, 189, -1
65, 189, -1
105, 207, -1
179, 190, -1
182, 207, -1
208, 171, -1
171, 207, -1
2, 130, -1
208, 180, -1
65, 207, -1
184, 189, -1
184, 207, -1
208, 18, -1
105, 182, -1
201, 180, -1
208, 2, -1
208, 130, -1
2, 189, -1
201, 182, -1
18, 197, -1
180, 189, -1
180, 207, -1
189, 182, -1
130, 197, -1
18, 190, -1
105, 179, -1
171, 197, -1
130, 190, -1
190, 103, -1
208, 182, -1
184, 197, -1
171, 190, -1
201, 179, -1
207, 103, -1
190, 105, -1
184, 190, -1
18, 130, -1
208, 65, -1
2, 207, -1
197, 103, -1
180, 197, -1
105, 197, -1
179, 189, -1
65, 197, -1
18, 189, -1
208, 179, -1
179, 207, -1
65, 105, -1
197, 105, -1
180, 190, -1
130, 171, -1
201, 103, -1
130, 180, -1
105, 190, -1
130, 189, -1
184, 105, -1
65, 190, -1
130, 207, -1
65, 208, -1
184, 208, -1
189, 103, -1
201, 105, -1
130, 182, -1
105, 18, -1
105, 201, -1
65, 201, -1
2, 197, -1
184, 201, -1
105, 2, -1
189, 105, -1
201, 171, -1
105, 185, -1
197, 182, -1
65, 185, -1
208, 103, -1
65, 130, -1
2, 190, -1
201, 18, -1
184, 185, -1
184, 130, -1
190, 182, -1
18, 207, -1
208, 105, -1
185, 103, -1
201, 2, -1
179, 197, -1
201, 130, -1
197, 171, -1
2, 103, -1
197, 180, -1
182, 189, -1
130, 185, -1
2, 185, -1
197, 18, -1
180, 103, -1
171, 103, -1
182, 103, -1
65, 103, -1
197, 2, -1
182, 197, -1
184, 103, -1
197, 179, -1
197, 130, -1
179, 103, -1
18, 103, -1
197, 65, -1
130, 201, -1
18, 185, -1
179, 201, -1
180, 201, -1
18, 201, -1
2, 201, -1
171, 201, -1

128, 105, 1
128, 130, 1
128, 103, 1
61, 18, 1
61, 2, 1
61, 65, 1
192, 208, 1
192, 197, 1
192, 189, 1
192, 201, 1
192, 190, 1
192, 185, 1
192, 207, 1
163, 171, 1
130, 103, 1
208, 190, 1
189, 207, 1
185, 197, 1
197, 189, 1
201, 190, 1
65, 18, 1
105, 103, 1
197, 207, 1
185, 190, 1
208, 189, 1
208, 201, 1
208, 207, 1
105, 130, 1
65, 2, 1
190, 207, 1
189, 190, 1
201, 189, 1
208, 185, 1
201, 207, 1
185, 189, 1
208, 197, 1
185, 201, 1
185, 207, 1
197, 190, 1
2, 18, 1
201, 197, 1
197, 201, 1
197, 185, 1
189, 197, 1
201, 192, 1
18, 61, 1
2, 61, 1
208, 192, 1
201, 185, 1
189, 192, 1
65, 61, 1
190, 192, 1
185, 192, 1
197, 192, 1
189, 208, 1
18, 2, 1
207, 192, 1
197, 208, 1
190, 208, 1
185, 208, 1
128, 208, -1
128, 197, -1
128, 189, -1
128, 201, -1
128, 190, -1
128, 185, -1
128, 207, -1
128, 18, -1
128, 2, -1
128, 65, -1
128, 179, -1
128, 182, -1
128, 180, -1
128, 184, -1
128, 171, -1
61, 208, -1
61, 197, -1
61, 189, -1
61, 201, -1
61, 190, -1
61, 185, -1
61, 207, -1
61, 179, -1
61, 182, -1
61, 180, -1
61, 184, -1
61, 105, -1
61, 130, -1
61, 103, -1
61, 128, -1
61, 171, -1
192, 18, -1
192, 2, -1
192, 65, -1
192, 61, -1
192, 179, -1
192, 182, -1
192, 180, -1
192, 184, -1
192, 105, -1
192, 130, -1
192, 103, -1
192, 128, -1
192, 171, -1
163, 208, -1
163, 197, -1
163, 189, -1
163, 201, -1
163, 190, -1
163, 185, -1
163, 207, -1
163, 192, -1
163, 18, -1
163, 2, -1
163, 65, -1
163, 61, -1
163, 179, -1
163, 182, -1
163, 180, -1
163, 184, -1
163, 105, -1
163, 130, -1
163, 103, -1
163, 128, -1
185, 130, -1
103, 207, -1
105, 171, -1
105, 61, -1
105, 180, -1
130, 179, -1
2, 103, -1
190, 184, -1
65, 171, -1
105, 189, -1
171, 61, -1
18, 163, -1
171, 189, -1
65, 180, -1
171, 180, -1
128, 163, -1
197, 61, -1
65, 189, -1
105, 207, -1
185, 105, -1
2, 130, -1
179, 190, -1
208, 171, -1
182, 207, -1
171, 207, -1
65, 207, -1
208, 180, -1
130, 163, -1
184, 207, -1
208, 18, -1
105, 182, -1
171, 182, -1
65, 182, -1
201, 61, -1
201, 180, -1
185, 171, -1
185, 180, -1
208, 2, -1
208, 130, -1
185, 18, -1
179, 103, -1
105, 184, -1
2, 171, -1
2, 180, -1
197, 65, -1
197, 184, -1
2, 189, -1
201, 182, -1
184, 65, -1
185, 2, -1
18, 197, -1
180, 189, -1
192, 163, -1
2, 182, -1
180, 207, -1
189, 182, -1
130, 197, -1
201, 184, -1
18, 190, -1
208, 61, -1
105, 179, -1
171, 179, -1
65, 179, -1
171, 197, -1
130, 190, -1
189, 184, -1
130, 208, -1
190, 103, -1
105, 163, -1
185, 61, -1
208, 182, -1
128, 192, -1
65, 163, -1
171, 190, -1
18, 103, -1
201, 179, -1
130, 18, -1
207, 103, -1
18, 130, -1
208, 65, -1
208, 184, -1
2, 207, -1
185, 182, -1
201, 163, -1
130, 2, -1
197, 128, -1
182, 103, -1
171, 103, -1
185, 184, -1
65, 103, -1
197, 103, -1
2, 163, -1
180, 197, -1
197, 2, -1
184, 103, -1
105, 197, -1
18, 171, -1
18, 180, -1
179, 189, -1
65, 197, -1
128, 61, -1
18, 189, -1
208, 179, -1
179, 207, -1
65, 105, -1
103, 208, -1
180, 190, -1
130, 171, -1
201, 103, -1
130, 61, -1
130, 180, -1
105, 190, -1
130, 189, -1
65, 190, -1
105, 208, -1
130, 207, -1
18, 182, -1
208, 163, -1
185, 179, -1
201, 105, -1
189, 103, -1
130, 182, -1
61, 192, -1
105, 18, -1
184, 171, -1
2, 179, -1
105, 201, -1
185, 163, -1
197, 18, -1
180, 103, -1
65, 201, -1
2, 197, -1
208, 128, -1
184, 18, -1
105, 2, -1
201, 171, -1
130, 184, -1
197, 182, -1
105, 185, -1
65, 185, -1
65, 130, -1
208, 103, -1
2, 190, -1
201, 128, -1
184, 2, -1
201, 18, -1
185, 128, -1
190, 182, -1
18, 207, -1
185, 103, -1
18, 179, -1
201, 2, -1
208, 105, -1
179, 197, -1
201, 130, -1
207, 130, -1
2, 201, -1
180, 61, -1
184, 208, -1
197, 171, -1
171, 192, -1
182, 192, -1
180, 192, -1
197, 180, -1
182, 189, -1
105, 192, -1
130, 185, -1
18, 105, -1
18, 185, -1
2, 185, -1
65, 192, -1
184, 61, -1
103, 197, -1
184, 189, -1
184, 128, -1
184, 192, -1
184, 201, -1
189, 105, -1
2, 105, -1
182, 197, -1
197, 179, -1
197, 130, -1
179, 61, -1
103, 190, -1
179, 192, -1
180, 163, -1
18, 192, -1
184, 185, -1
184, 130, -1
184, 197, -1
18, 201, -1
197, 163, -1
197, 105, -1
184, 105, -1
184, 163, -1
130, 192, -1
189, 61, -1
130, 201, -1
2, 192, -1
103, 189, -1
190, 105, -1
184, 190, -1
103, 192, -1
179, 208, -1
180, 208, -1
18, 208, -1
2, 208, -1
180, 201, -1
182, 208, -1
171, 208, -1
179, 201, -1
171, 201, -1
65, 208, -1

196, 208, 1
196, 197, 1
196, 189, 1
196, 201, 1
196, 190, 1
196, 185, 1
196, 207, 1
196, 192, 1
213, 208, 1
213, 197, 1
213, 189, 1
213, 201, 1
213, 190, 1
213, 185, 1
213, 207, 1
213, 192, 1
213, 196, 1
181, 179, 1
181, 182, 1
181, 180, 1
181, 184, 1
209, 208, 1
209, 197, 1
209, 189, 1
209, 201, 1
209, 190, 1
209, 185, 1
209, 207, 1
209, 192, 1
209, 196, 1
209, 213, 1
47, 18, 1
47, 2, 1
47, 65, 1
47, 61, 1
211, 208, 1
211, 197, 1
211, 189, 1
211, 201, 1
211, 190, 1
211, 185, 1
211, 207, 1
211, 192, 1
211, 196, 1
211, 213, 1
211, 209, 1
106, 105, 1
106, 130, 1
106, 103, 1
106, 128, 1
128, 130, 1
189, 207, 1
208, 190, 1
130, 103, 1
192, 209, 1
185, 197, 1
208, 196, 1
208, 211, 1
185, 209, 1
65, 61, 1
128, 105, 1
197, 189, 1
201, 190, 1
65, 18, 1
197, 201, 1
192, 190, 1
184, 180, 1
201, 196, 1
105, 103, 1
197, 207, 1
197, 213, 1
197, 196, 1
192, 196, 1
201, 211, 1
185, 190, 1
208, 189, 1
192, 211, 1
192, 208, 1
185, 196, 1
180, 182, 1
208, 201, 1
208, 207, 1
185, 211, 1
105, 130, 1
65, 2, 1
197, 185, 1
208, 213, 1
190, 207, 1
213, 209, 1
179, 180, 1
189, 190, 1
18, 61, 1
201, 189, 1
184, 179, 1
184, 182, 1
192, 189, 1
208, 185, 1
197, 209, 1
209, 211, 1
201, 207, 1
192, 201, 1
185, 189, 1
208, 197, 1
185, 201, 1
201, 213, 1
192, 207, 1
192, 213, 1
208, 209, 1
185, 207, 1
185, 213, 1
128, 103, 1
2, 61, 1
213, 211, 1
197, 190, 1
179, 182, 1
201, 185, 1
192, 185, 1
2, 18, 1
201, 197, 1
197, 208, 1
192, 197, 1
197, 211, 1
196, 213, 1
65, 47, 1
201, 209, 1
196, 209, 1
189, 197, 1
130, 106, 1
201, 192, 1
185, 192, 1
105, 106, 1
208, 192, 1
128, 106, 1
180, 181, 1
61, 47, 1
18, 47, 1
184, 181, 1
179, 181, 1
2, 47, 1
197, 192, 1
190, 208, 1
189, 192, 1
18, 2, 1
190, 192, 1
207, 192, 1
189, 208, 1
196, 18, -1
196, 2, -1
196, 65, -1
196, 61, -1
196, 179, -1
196, 182, -1
196, 180, -1
196, 184, -1
196, 105, -1
196, 130, -1
196, 103, -1
196, 128, -1
196, 171, -1
196, 163, -1
213, 18, -1
213, 2, -1
213, 65, -1
213, 61, -1
213, 179, -1
213, 182, -1
213, 180, -1
213, 184, -1
213, 105, -1
213, 130, -1
213, 103, -1
213, 128, -1
213, 171, -1
213, 163, -1
181, 208, -1
181, 197, -1
181, 189, -1
181, 201, -1
181, 190, -1
181, 185, -1
181, 207, -1
181, 192, -1
181, 196, -1
181, 213, -1
181, 18, -1
181, 2, -1
181, 65, -1
181, 61, -1
181, 105, -1
181, 130, -1
181, 103, -1
181, 128, -1
181, 171, -1
181, 163, -1
209, 18, -1
209, 2, -1
209, 65, -1
209, 61, -1
209, 179, -1
209, 182, -1
209, 180, -1
209, 184, -1
209, 181, -1
209, 105, -1
209, 130, -1
209, 103, -1
209, 128, -1
209, 171, -1
209, 163, -1
47, 208, -1
47, 197, -1
47, 189, -1
47, 201, -1
47, 190, -1
47, 185, -1
47, 207, -1
47, 192, -1
47, 196, -1
47, 213, -1
47, 209, -1
47, 179, -1
47, 182, -1
47, 180, -1
47, 184, -1
47, 181, -1
47, 105, -1
47, 130, -1
47, 103, -1
47, 128, -1
47, 171, -1
47, 163, -1
211, 18, -1
211, 2, -1
211, 65, -1
211, 61, -1
211, 47, -1
211, 179, -1
211, 182, -1
211, 180, -1
211, 184, -1
211, 181, -1
211, 105, -1
211, 130, -1
211, 103, -1
211, 128, -1
211, 171, -1
211, 163, -1
106, 208, -1
106, 197, -1
106, 189, -1
106, 201, -1
106, 190, -1
106, 185, -1
106, 207, -1
106, 192, -1
106, 196, -1
106, 213, -1
106, 209, -1
106, 211, -1
106, 18, -1
106, 2, -1
106, 65, -1
106, 61, -1
106, 47, -1
106, 179, -1
106, 182, -1
106, 180, -1
106, 184, -1
106, 181, -1
106, 171, -1
106, 163, -1
128, 197, -1
190, 47, -1
185, 130, -1
184, 196, -1
103, 207, -1
105, 171, -1
196, 106, -1
61, 180, -1
105, 61, -1
105, 180, -1
130, 179, -1
179, 163, -1
61, 189, -1
171, 180, -1
105, 189, -1
2, 103, -1
171, 189, -1
182, 189, -1
65, 180, -1
18, 163, -1
192, 47, -1
197, 61, -1
65, 171, -1
65, 189, -1
105, 207, -1
185, 105, -1
179, 190, -1
182, 207, -1
208, 171, -1
171, 207, -1
192, 65, -1
192, 184, -1
128, 181, -1
208, 180, -1
65, 207, -1
128, 190, -1
184, 61, -1
213, 106, -1
184, 189, -1
130, 163, -1
179, 211, -1
184, 207, -1
208, 18, -1
61, 182, -1
105, 182, -1
18, 211, -1
171, 182, -1
196, 181, -1
209, 47, -1
128, 211, -1
130, 181, -1
65, 182, -1
103, 47, -1
201, 61, -1
201, 180, -1
163, 196, -1
185, 171, -1
2, 196, -1
185, 180, -1
130, 211, -1
208, 2, -1
105, 47, -1
182, 47, -1
197, 163, -1
208, 130, -1
213, 181, -1
179, 213, -1
184, 209, -1
185, 18, -1
179, 103, -1
18, 213, -1
128, 213, -1
163, 180, -1
180, 196, -1
2, 171, -1
163, 61, -1
192, 106, -1
163, 189, -1
2, 180, -1
197, 65, -1
197, 184, -1
184, 47, -1
2, 189, -1
201, 182, -1
192, 179, -1
192, 182, -1
171, 211, -1
163, 207, -1
184, 65, -1
130, 213, -1
185, 2, -1
18, 197, -1
180, 61, -1
209, 106, -1
180, 189, -1
201, 47, -1
163, 182, -1
192, 163, -1
2, 182, -1
180, 207, -1
189, 182, -1
130, 197, -1
192, 181, -1
61, 207, -1
18, 181, -1
18, 190, -1
208, 61, -1
105, 179, -1
65, 106, -1
128, 208, -1
197, 106, -1
179, 171, -1
65, 179, -1
189, 47, -1
171, 197, -1
197, 179, -1
128, 171, -1
130, 190, -1
184, 106, -1
192, 128, -1
105, 209, -1
190, 103, -1
180, 47, -1
185, 61, -1
208, 182, -1
184, 197, -1
128, 192, -1
65, 209, -1
128, 18, -1
105, 163, -1
128, 201, -1
65, 163, -1
105, 181, -1
171, 190, -1
201, 106, -1
192, 103, -1
182, 190, -1
65, 181, -1
197, 181, -1
184, 163, -1
201, 179, -1
18, 103, -1
130, 18, -1
207, 103, -1
208, 47, -1
61, 211, -1
105, 211, -1
128, 2, -1
190, 105, -1
184, 190, -1
207, 2, -1
128, 185, -1
181, 47, -1
208, 65, -1
185, 182, -1
2, 207, -1
208, 184, -1
65, 211, -1
201, 163, -1
184, 211, -1
192, 105, -1
130, 2, -1
201, 181, -1
185, 47, -1
61, 213, -1
105, 213, -1
171, 213, -1
179, 196, -1
61, 103, -1
182, 103, -1
18, 196, -1
185, 65, -1
65, 213, -1
171, 103, -1
128, 196, -1
65, 103, -1
171, 61, -1
197, 103, -1
2, 163, -1
180, 197, -1
184, 213, -1
197, 2, -1
163, 190, -1
192, 171, -1
184, 103, -1
61, 197, -1
197, 130, -1
105, 197, -1
130, 196, -1
179, 61, -1
18, 171, -1
208, 106, -1
179, 189, -1
18, 180, -1
65, 197, -1
128, 61, -1
128, 180, -1
18, 189, -1
208, 179, -1
163, 211, -1
128, 189, -1
179, 207, -1
192, 18, -1
2, 211, -1
65, 105, -1
128, 207, -1
197, 105, -1
180, 190, -1
207, 18, -1
201, 103, -1
61, 181, -1
130, 171, -1
130, 61, -1
130, 180, -1
61, 190, -1
105, 190, -1
130, 189, -1
184, 105, -1
208, 163, -1
65, 190, -1
185, 106, -1
130, 207, -1
192, 2, -1
18, 182, -1
180, 211, -1
128, 182, -1
128, 163, -1
208, 181, -1
185, 179, -1
192, 130, -1
163, 213, -1
65, 208, -1
163, 103, -1
2, 213, -1
128, 209, -1
184, 208, -1
189, 103, -1
197, 171, -1
201, 105, -1
179, 47, -1
197, 180, -1
130, 182, -1
105, 18, -1
184, 171, -1
105, 201, -1
207, 47, -1
2, 179, -1
128, 47, -1
185, 163, -1
163, 197, -1
180, 213, -1
65, 192, -1
65, 201, -1
2, 197, -1
197, 18, -1
180, 103, -1
128, 184, -1
185, 181, -1
128, 65, -1
208, 128, -1
184, 128, -1
184, 192, -1
184, 18, -1
130, 47, -1
196, 47, -1
184, 201, -1
105, 2, -1
189, 105, -1
201, 171, -1
105, 185, -1
197, 182, -1
65, 185, -1
2, 181, -1
208, 103, -1
65, 130, -1
211, 106, -1
2, 190, -1
192, 61, -1
192, 180, -1
184, 2, -1
201, 18, -1
184, 185, -1
213, 47, -1
184, 130, -1
207, 61, -1
181, 106, -1
197, 47, -1
190, 182, -1
18, 207, -1
61, 196, -1
105, 196, -1
171, 196, -1
208, 105, -1
201, 2, -1
185, 103, -1
65, 196, -1
18, 179, -1
128, 179, -1
179, 197, -1
201, 130, -1
103, 61, -1
190, 184, -1
18, 209, -1
180, 128, -1
180, 192, -1
180, 201, -1
2, 185, -1
2, 130, -1
130, 209, -1
2, 105, -1
171, 209, -1
190, 106, -1
171, 47, -1
105, 184, -1
189, 61, -1
182, 211, -1
207, 106, -1
190, 181, -1
201, 184, -1
163, 209, -1
103, 197, -1
207, 181, -1
61, 106, -1
171, 106, -1
182, 106, -1
179, 208, -1
163, 47, -1
103, 189, -1
171, 179, -1
182, 197, -1
180, 209, -1
189, 184, -1
103, 190, -1
179, 128, -1
130, 208, -1
179, 192, -1
18, 192, -1
179, 201, -1
18, 201, -1
171, 181, -1
130, 192, -1
130, 201, -1
18, 185, -1
18, 130, -1
207, 130, -1
163, 106, -1
2, 106, -1
103, 213, -1
163, 179, -1
171, 192, -1
189, 106, -1
182, 192, -1
130, 185, -1
18, 105, -1
197, 128, -1
182, 213, -1
180, 106, -1
185, 184, -1
2, 209, -1
163, 181, -1
189, 181, -1
180, 163, -1
103, 208, -1
61, 208, -1
105, 208, -1
182, 208, -1
103, 192, -1
179, 209, -1
61, 192, -1
105, 192, -1
171, 201, -1
181, 211, -1
130, 184, -1
201, 128, -1
185, 128, -1
61, 105, -1
179, 106, -1
18, 106, -1
163, 192, -1
180, 208, -1
2, 192, -1
163, 201, -1
2, 201, -1
180, 171, -1
190, 130, -1
189, 130, -1
163, 208, -1
18, 208, -1
2, 208, -1
171, 208, -1
179, 130, -1
163, 130, -1
171, 130, -1
180, 130, -1
61, 130, -1
182, 130, -1

186, 208, 1
186, 197, 1
186, 189, 1
186, 201, 1
186, 190, 1
186, 185, 1
186, 207, 1
186, 192, 1
186, 196, 1
186, 213, 1
186, 209, 1
186, 211, 1
84, 105, 1
84, 130, 1
84, 103, 1
84, 128, 1
84, 106, 1
195, 208, 1
195, 197, 1
195, 189, 1
195, 201, 1
195, 190, 1
195, 185, 1
195, 207, 1
195, 192, 1
195, 196, 1
195, 213, 1
195, 209, 1
195, 211, 1
195, 186, 1
191, 208, 1
191, 197, 1
191, 189, 1
191, 201, 1
191, 190, 1
191, 185, 1
191, 207, 1
191, 192, 1
191, 196, 1
191, 213, 1
191, 209, 1
191, 211, 1
191, 186, 1
191, 195, 1
0, 18, 1
0, 2, 1
0, 65, 1
0, 61, 1
0, 47, 1
205, 208, 1
205, 197, 1
205, 189, 1
205, 201, 1
205, 190, 1
205, 185, 1
205, 207, 1
205, 192, 1
205, 196, 1
205, 213, 1
205, 209, 1
205, 211, 1
205, 186, 1
205, 195, 1
205, 191, 1
211, 213, 1
192, 209, 1
207, 191, 1
213, 186, 1
213, 195, 1
65, 61, 1
196, 197, 1
190, 211, 1
209, 191, 1
211, 197, 1
201, 196, 1
197, 207, 1
201, 205, 1
192, 211, 1
208, 201, 1
213, 197, 1
207, 211, 1
196, 190, 1
186, 205, 1
186, 191, 1
197, 191, 1
211, 190, 1
201, 189, 1
192, 186, 1
192, 195, 1
209, 211, 1
197, 209, 1
61, 47, 1
201, 207, 1
189, 205, 1
207, 195, 1
65, 47, 1
213, 190, 1
207, 213, 1
128, 103, 1
2, 61, 1
209, 186, 1
209, 195, 1
201, 191, 1
195, 205, 1
192, 197, 1
209, 213, 1
196, 213, 1
197, 211, 1
189, 207, 1
130, 103, 1
207, 197, 1
208, 196, 1
213, 192, 1
208, 205, 1
128, 105, 1
197, 186, 1
186, 195, 1
209, 197, 1
197, 195, 1
189, 191, 1
192, 190, 1
197, 213, 1
105, 106, 1
201, 211, 1
207, 190, 1
208, 189, 1
213, 185, 1
185, 196, 1
2, 47, 1
208, 207, 1
185, 205, 1
195, 191, 1
209, 190, 1
201, 186, 1
201, 195, 1
189, 211, 1
208, 191, 1
185, 189, 1
192, 213, 1
208, 209, 1
185, 207, 1
197, 190, 1
213, 208, 1
192, 185, 1
201, 197, 1
197, 208, 1
128, 130, 1
189, 213, 1
185, 191, 1
208, 211, 1
185, 209, 1
209, 185, 1
213, 201, 1
201, 190, 1
197, 201, 1
105, 103, 1
208, 186, 1
208, 195, 1
192, 208, 1
185, 211, 1
197, 185, 1
189, 190, 1
18, 61, 1
196, 205, 1
211, 196, 1
207, 189, 1
211, 205, 1
185, 186, 1
192, 201, 1
208, 197, 1
185, 195, 1
201, 213, 1
185, 213, 1
106, 103, 1
213, 196, 1
196, 189, 1
213, 205, 1
196, 207, 1
211, 189, 1
209, 201, 1
208, 190, 1
211, 207, 1
185, 197, 1
213, 189, 1
18, 47, 1
197, 189, 1
196, 191, 1
213, 207, 1
65, 18, 1
211, 191, 1
192, 196, 1
185, 190, 1
192, 205, 1
207, 196, 1
213, 191, 1
207, 205, 1
105, 130, 1
65, 2, 1
209, 207, 1
208, 213, 1
190, 207, 1
213, 209, 1
209, 196, 1
196, 211, 1
192, 189, 1
209, 205, 1
208, 185, 1
192, 207, 1
185, 201, 1
190, 191, 1
128, 106, 1
213, 211, 1
209, 189, 1
2, 18, 1
197, 196, 1
192, 191, 1
197, 205, 1
106, 130, 1
201, 209, 1
130, 106, 1
106, 84, 1
128, 84, 1
197, 192, 1
190, 208, 1
130, 84, 1
196, 209, 1
189, 197, 1
103, 130, 1
208, 192, 1
211, 209, 1
190, 192, 1
190, 189, 1
190, 195, 1
185, 208, 1
105, 84, 1
209, 208, 1
185, 192, 1
189, 208, 1
211, 208, 1
191, 205, 1
196, 195, 1
201, 185, 1
189, 192, 1
18, 2, 1
196, 201, 1
189, 195, 1
211, 195, 1
211, 201, 1
201, 192, 1
196, 192, 1
209, 192, 1
211, 192, 1
207, 192, 1
196, 208, 1
201, 208, 1
186, 18, -1
186, 2, -1
186, 65, -1
186, 61, -1
186, 47, -1
186, 179, -1
186, 182, -1
186, 180, -1
186, 184, -1
186, 181, -1
186, 105, -1
186, 130, -1
186, 103, -1
186, 128, -1
186, 106, -1
186, 171, -1
186, 163, -1
84, 208, -1
84, 197, -1
84, 189, -1
84, 201, -1
84, 190, -1
84, 185, -1
84, 207, -1
84, 192, -1
84, 196, -1
84, 213, -1
84, 209, -1
84, 211, -1
84, 186, -1
84, 18, -1
84, 2, -1
84, 65, -1
84, 61, -1
84, 47, -1
84, 179, -1
84, 182, -1
84, 180, -1
84, 184, -1
84, 181, -1
84, 171, -1
84, 163, -1
195, 18, -1
195, 2, -1
195, 65, -1
195, 61, -1
195, 47, -1
195, 179, -1
195, 182, -1
195, 180, -1
195, 184, -1
195, 181, -1
195, 105, -1
195, 130, -1
195, 103, -1
195, 128, -1
195, 106, -1
195, 84, -1
195, 171, -1
195, 163, -1
191, 18, -1
191, 2, -1
191, 65, -1
191, 61, -1
191, 47, -1
191, 179, -1
191, 182, -1
191, 180, -1
191, 184, -1
191, 181, -1
191, 105, -1
191, 130, -1
191, 103, -1
191, 128, -1
191, 106, -1
191, 84, -1
191, 171, -1
191, 163, -1
0, 208, -1
0, 197, -1
0, 189, -1
0, 201, -1
0, 190, -1
0, 185, -1
0, 207, -1
0, 192, -1
0, 196, -1
0, 213, -1
0, 209, -1
0, 211, -1
0, 186, -1
0, 195, -1
0, 191, -1
0, 179, -1
0, 182, -1
0, 180, -1
0, 184, -1
0, 181, -1
0, 105, -1
0, 130, -1
0, 103, -1
0, 128, -1
0, 106, -1
0, 84, -1
0, 171, -1
0, 163, -1
205, 18, -1
205, 2, -1
205, 65, -1
205, 61, -1
205, 47, -1
205, 0, -1
205, 179, -1
205, 182, -1
205, 180, -1
205, 184, -1
205, 181, -1
205, 105, -1
205, 130, -1
205, 103, -1
205, 128, -1
205, 106, -1
205, 84, -1
205, 171, -1
205, 163, -1
105, 171, -1
105, 180, -1
105, 189, -1
128, 163, -1
211, 179, -1
105, 207, -1
128, 181, -1
128, 190, -1
184, 189, -1
196, 163, -1
184, 207, -1
47, 192, -1
196, 181, -1
185, 171, -1
185, 180, -1
190, 106, -1
208, 2, -1
197, 163, -1
179, 213, -1
185, 18, -1
2, 171, -1
2, 180, -1
180, 205, -1
2, 189, -1
192, 179, -1
130, 213, -1
180, 61, -1
209, 106, -1
61, 207, -1
213, 103, -1
207, 181, -1
105, 179, -1
65, 106, -1
180, 191, -1
2, 184, -1
128, 171, -1
130, 190, -1
18, 128, -1
180, 47, -1
184, 197, -1
65, 209, -1
128, 18, -1
196, 171, -1
47, 191, -1
201, 106, -1
61, 211, -1
181, 47, -1
103, 213, -1
211, 182, -1
196, 130, -1
171, 213, -1
61, 103, -1
65, 213, -1
197, 103, -1
209, 105, -1
211, 47, -1
61, 197, -1
197, 130, -1
213, 84, -1
179, 189, -1
207, 171, -1
207, 180, -1
0, 205, -1
179, 207, -1
65, 105, -1
180, 190, -1
130, 171, -1
106, 213, -1
130, 189, -1
65, 190, -1
185, 106, -1
130, 207, -1
192, 2, -1
65, 208, -1
163, 213, -1
213, 61, -1
189, 103, -1
201, 105, -1
61, 192, -1
184, 128, -1
106, 190, -1
213, 182, -1
105, 2, -1
65, 185, -1
208, 103, -1
186, 84, -1
197, 84, -1
213, 47, -1
213, 65, -1
18, 207, -1
61, 196, -1
61, 205, -1
2, 128, -1
179, 197, -1
103, 189, -1
103, 207, -1
196, 106, -1
130, 179, -1
65, 171, -1
171, 189, -1
65, 180, -1
197, 61, -1
65, 189, -1
185, 105, -1
182, 207, -1
171, 207, -1
65, 207, -1
61, 182, -1
18, 211, -1
180, 130, -1
61, 191, -1
201, 180, -1
106, 171, -1
213, 163, -1
106, 189, -1
181, 103, -1
213, 181, -1
106, 207, -1
208, 84, -1
128, 213, -1
65, 184, -1
163, 189, -1
197, 65, -1
189, 61, -1
171, 211, -1
163, 207, -1
18, 197, -1
211, 103, -1
209, 179, -1
189, 182, -1
211, 130, -1
103, 197, -1
208, 61, -1
128, 208, -1
65, 179, -1
189, 47, -1
171, 197, -1
18, 192, -1
208, 182, -1
192, 103, -1
197, 181, -1
201, 179, -1
106, 179, -1
208, 47, -1
105, 211, -1
128, 185, -1
213, 171, -1
208, 65, -1
2, 207, -1
213, 180, -1
184, 211, -1
130, 2, -1
213, 18, -1
180, 106, -1
18, 196, -1
211, 84, -1
213, 130, -1
184, 103, -1
105, 197, -1
189, 181, -1
128, 180, -1
128, 189, -1
2, 211, -1
128, 207, -1
196, 180, -1
181, 191, -1
211, 61, -1
208, 163, -1
18, 182, -1
18, 191, -1
208, 181, -1
185, 179, -1
192, 84, -1
197, 171, -1
197, 180, -1
209, 2, -1
105, 201, -1
2, 179, -1
65, 128, -1
180, 213, -1
197, 18, -1
2, 197, -1
184, 192, -1
184, 201, -1
192, 61, -1
105, 196, -1
105, 205, -1
201, 2, -1
2, 192, -1
128, 179, -1
192, 182, -1
106, 2, -1
128, 197, -1
184, 196, -1
184, 205, -1
105, 61, -1
47, 190, -1
196, 179, -1
181, 190, -1
18, 163, -1
192, 47, -1
47, 208, -1
208, 171, -1
192, 65, -1
189, 130, -1
208, 180, -1
213, 106, -1
179, 211, -1
208, 18, -1
105, 182, -1
211, 163, -1
105, 191, -1
211, 181, -1
2, 196, -1
130, 211, -1
184, 191, -1
105, 47, -1
208, 130, -1
184, 209, -1
179, 103, -1
184, 47, -1
207, 179, -1
185, 2, -1
105, 186, -1
180, 189, -1
105, 195, -1
192, 163, -1
2, 182, -1
180, 207, -1
2, 191, -1
192, 181, -1
130, 197, -1
184, 186, -1
184, 195, -1
197, 106, -1
47, 207, -1
190, 103, -1
213, 105, -1
105, 163, -1
105, 181, -1
190, 130, -1
211, 171, -1
211, 180, -1
18, 103, -1
128, 2, -1
184, 190, -1
18, 130, -1
65, 211, -1
209, 103, -1
189, 106, -1
61, 195, -1
61, 213, -1
179, 196, -1
182, 103, -1
171, 103, -1
179, 205, -1
65, 103, -1
2, 163, -1
180, 197, -1
106, 211, -1
197, 2, -1
192, 171, -1
130, 196, -1
179, 61, -1
208, 106, -1
130, 205, -1
65, 197, -1
163, 211, -1
192, 18, -1
197, 105, -1
201, 103, -1
61, 181, -1
130, 61, -1
61, 190, -1
61, 208, -1
179, 191, -1
207, 182, -1
192, 130, -1
163, 103, -1
106, 197, -1
18, 84, -1
130, 182, -1
179, 47, -1
105, 18, -1
130, 191, -1
207, 47, -1
65, 192, -1
163, 197, -1
65, 201, -1
209, 84, -1
208, 128, -1
130, 47, -1
18, 205, -1
179, 195, -1
65, 84, -1
184, 130, -1
103, 205, -1
190, 182, -1
18, 106, -1
130, 195, -1
171, 196, -1
209, 61, -1
208, 105, -1
185, 103, -1
171, 205, -1
65, 196, -1
65, 205, -1
201, 84, -1
190, 47, -1
185, 130, -1
171, 61, -1
2, 103, -1
61, 189, -1
211, 106, -1
207, 163, -1
209, 182, -1
179, 190, -1
2, 130, -1
103, 191, -1
106, 196, -1
130, 163, -1
213, 179, -1
84, 205, -1
106, 205, -1
130, 181, -1
209, 47, -1
128, 211, -1
182, 191, -1
171, 191, -1
103, 47, -1
65, 182, -1
65, 191, -1
201, 61, -1
163, 196, -1
163, 205, -1
106, 61, -1
18, 195, -1
182, 47, -1
171, 47, -1
61, 184, -1
18, 213, -1
163, 61, -1
192, 106, -1
201, 182, -1
106, 182, -1
84, 191, -1
106, 191, -1
196, 103, -1
190, 181, -1
185, 84, -1
201, 47, -1
171, 195, -1
65, 186, -1
163, 191, -1
106, 47, -1
65, 195, -1
18, 181, -1
18, 190, -1
2, 84, -1
163, 47, -1
18, 208, -1
209, 163, -1
209, 181, -1
197, 179, -1
184, 106, -1
192, 128, -1
103, 190, -1
105, 209, -1
106, 195, -1
185, 61, -1
84, 195, -1
2, 205, -1
128, 192, -1
128, 201, -1
65, 163, -1
171, 190, -1
65, 181, -1
163, 195, -1
130, 18, -1
207, 103, -1
185, 182, -1
207, 130, -1
2, 106, -1
201, 163, -1
192, 105, -1
106, 163, -1
201, 181, -1
196, 84, -1
185, 47, -1
106, 181, -1
105, 213, -1
185, 65, -1
128, 196, -1
128, 205, -1
213, 2, -1
184, 213, -1
163, 190, -1
181, 189, -1
18, 171, -1
181, 207, -1
18, 180, -1
128, 61, -1
18, 189, -1
208, 179, -1
209, 171, -1
196, 61, -1
209, 180, -1
105, 190, -1
184, 105, -1
209, 18, -1
2, 195, -1
128, 182, -1
128, 191, -1
2, 213, -1
128, 209, -1
184, 208, -1
207, 84, -1
61, 128, -1
196, 182, -1
128, 47, -1
185, 163, -1
209, 130, -1
18, 184, -1
180, 103, -1
128, 65, -1
185, 181, -1
196, 47, -1
201, 171, -1
105, 185, -1
197, 182, -1
2, 181, -1
65, 130, -1
2, 190, -1
47, 103, -1
192, 180, -1
128, 186, -1
201, 18, -1
184, 185, -1
128, 195, -1
207, 61, -1
2, 208, -1
106, 18, -1
197, 47, -1
18, 179, -1
201, 130, -1
18, 209, -1
180, 192, -1
182, 189, -1
2, 185, -1
163, 84, -1
184, 61, -1
130, 209, -1
189, 84, -1
2, 105, -1
181, 192, -1
180, 84, -1
171, 209, -1
106, 180, -1
47, 130, -1
211, 128, -1
207, 106, -1
184, 65, -1
213, 0, -1
106, 209, -1
213, 128, -1
182, 195, -1
163, 209, -1
61, 106, -1
171, 106, -1
196, 105, -1
182, 106, -1
47, 189, -1
211, 105, -1
182, 197, -1
180, 209, -1
130, 208, -1
128, 0, -1
179, 192, -1
18, 201, -1
209, 128, -1
196, 128, -1
130, 192, -1
130, 201, -1
18, 185, -1
190, 105, -1
207, 2, -1
179, 84, -1
163, 106, -1
180, 195, -1
182, 192, -1
171, 192, -1
197, 0, -1
130, 185, -1
197, 128, -1
18, 105, -1
182, 213, -1
2, 209, -1
192, 0, -1
103, 208, -1
207, 18, -1
130, 180, -1
190, 84, -1
105, 208, -1
180, 211, -1
2, 186, -1
103, 192, -1
179, 209, -1
47, 181, -1
105, 192, -1
208, 0, -1
184, 0, -1
184, 18, -1
106, 208, -1
189, 105, -1
61, 130, -1
181, 195, -1
171, 84, -1
201, 128, -1
185, 0, -1
184, 2, -1
185, 128, -1
61, 105, -1
106, 192, -1
181, 106, -1
106, 201, -1
184, 84, -1
179, 106, -1
163, 192, -1
182, 205, -1
103, 61, -1
2, 201, -1
106, 185, -1
186, 0, -1
180, 201, -1
163, 130, -1
181, 208, -1
171, 201, -1
181, 211, -1
179, 208, -1
182, 130, -1
171, 130, -1
163, 208, -1
18, 186, -1
179, 201, -1
181, 130, -1
180, 208, -1
182, 211, -1
163, 201, -1
182, 208, -1
179, 130, -1
171, 208, -1

206, 208, 1
206, 197, 1
206, 189, 1
206, 201, 1
206, 190, 1
206, 185, 1
206, 207, 1
206, 192, 1
206, 196, 1
206, 213, 1
206, 209, 1
206, 211, 1
206, 186, 1
206, 195, 1
206, 191, 1
206, 205, 1
199, 208, 1
199, 197, 1
199, 189, 1
199, 201, 1
199, 190, 1
199, 185, 1
199, 207, 1
199, 192, 1
199, 196, 1
199, 213, 1
199, 209, 1
199, 211, 1
199, 186, 1
199, 195, 1
199, 191, 1
199, 205, 1
199, 206, 1
193, 208, 1
193, 197, 1
193, 189, 1
193, 201, 1
193, 190, 1
193, 185, 1
193, 207, 1
193, 192, 1
193, 196, 1
193, 213, 1
193, 209, 1
193, 211, 1
193, 186, 1
193, 195, 1
193, 191, 1
193, 205, 1
193, 206, 1
193, 199, 1
188, 208, 1
188, 197, 1
188, 189, 1
188, 201, 1
188, 190, 1
188, 185, 1
188, 207, 1
188, 192, 1
188, 196, 1
188, 213, 1
188, 209, 1
188, 211, 1
188, 186, 1
188, 195, 1
188, 191, 1
188, 205, 1
188, 206, 1
188, 199, 1
188, 193, 1
200, 208, 1
200, 197, 1
200, 189, 1
200, 201, 1
200, 190, 1
200, 185, 1
200, 207, 1
200, 192, 1
200, 196, 1
200, 213, 1
200, 209, 1
200, 211, 1
200, 186, 1
200, 195, 1
200, 191, 1
200, 205, 1
200, 206, 1
200, 199, 1
200, 193, 1
200, 188, 1
202, 208, 1
202, 197, 1
202, 189, 1
202, 201, 1
202, 190, 1
202, 185, 1
202, 207, 1
202, 192, 1
202, 196, 1
202, 213, 1
202, 209, 1
202, 211, 1
202, 186, 1
202, 195, 1
202, 191, 1
202, 205, 1
202, 206, 1
202, 199, 1
202, 193, 1
202, 188, 1
202, 200, 1
194, 208, 1
194, 197, 1
194, 189, 1
194, 201, 1
194, 190, 1
194, 185, 1
194, 207, 1
194, 192, 1
194, 196, 1
194, 213, 1
194, 209, 1
194, 211, 1
194, 186, 1
194, 195, 1
194, 191, 1
194, 205, 1
194, 206, 1
194, 199, 1
194, 193, 1
194, 188, 1
194, 200, 1
194, 202, 1
185, 194, 1
211, 213, 1
192, 209, 1
207, 191, 1
205, 191, 1
196, 188, 1
191, 201, 1
196, 197, 1
186, 189, 1
209, 191, 1
211, 188, 1
211, 197, 1
202, 194, 1
201, 196, 1
192, 193, 1
197, 207, 1
186, 207, 1
211, 206, 1
201, 205, 1
192, 202, 1
192, 211, 1
208, 201, 1
207, 211, 1
191, 194, 1
196, 190, 1
213, 206, 1
186, 205, 1
190, 213, 1
197, 191, 1
211, 190, 1
186, 191, 1
201, 189, 1
192, 186, 1
209, 202, 1
211, 199, 1
192, 195, 1
209, 211, 1
186, 209, 1
201, 207, 1
189, 205, 1
207, 195, 1
208, 194, 1
213, 190, 1
190, 197, 1
213, 199, 1
207, 213, 1
191, 196, 1
190, 206, 1
191, 205, 1
209, 186, 1
195, 196, 1
209, 195, 1
186, 193, 1
201, 191, 1
192, 188, 1
186, 202, 1
195, 205, 1
192, 197, 1
209, 213, 1
196, 213, 1
186, 211, 1
189, 207, 1
201, 209, 1
207, 188, 1
207, 197, 1
208, 196, 1
207, 206, 1
191, 189, 1
208, 205, 1
190, 199, 1
191, 207, 1
195, 189, 1
209, 188, 1
209, 197, 1
186, 195, 1
200, 194, 1
189, 191, 1
192, 190, 1
195, 207, 1
196, 206, 1
209, 206, 1
201, 202, 1
192, 199, 1
197, 213, 1
186, 213, 1
201, 211, 1
207, 190, 1
208, 189, 1
207, 199, 1
185, 196, 1
190, 192, 1
208, 207, 1
185, 205, 1
205, 190, 1
191, 209, 1
195, 191, 1
209, 190, 1
186, 188, 1
201, 186, 1
186, 197, 1
196, 199, 1
209, 199, 1
201, 195, 1
197, 206, 1
186, 206, 1
207, 192, 1
208, 191, 1
185, 189, 1
193, 202, 1
192, 213, 1
208, 209, 1
185, 207, 1
191, 202, 1
191, 211, 1
186, 190, 1
197, 190, 1
201, 188, 1
192, 185, 1
197, 199, 1
186, 199, 1
201, 197, 1
195, 211, 1
186, 208, 1
189, 213, 1
208, 193, 1
185, 191, 1
192, 206, 1
191, 186, 1
208, 202, 1
191, 195, 1
208, 211, 1
185, 209, 1
209, 185, 1
197, 192, 1
186, 192, 1
201, 190, 1
205, 206, 1
186, 201, 1
195, 213, 1
189, 206, 1
193, 188, 1
208, 186, 1
208, 195, 1
192, 208, 1
191, 188, 1
185, 202, 1
191, 197, 1
185, 211, 1
195, 188, 1
186, 185, 1
195, 197, 1
186, 194, 1
205, 199, 1
189, 190, 1
195, 206, 1
201, 192, 1
196, 205, 1
189, 199, 1
211, 196, 1
207, 189, 1
208, 188, 1
185, 186, 1
211, 205, 1
192, 201, 1
208, 197, 1
185, 195, 1
201, 213, 1
191, 190, 1
208, 206, 1
185, 213, 1
195, 190, 1
196, 189, 1
213, 205, 1
201, 185, 1
206, 199, 1
195, 199, 1
189, 192, 1
196, 207, 1
211, 189, 1
209, 201, 1
192, 194, 1
208, 190, 1
185, 188, 1
211, 207, 1
201, 206, 1
208, 199, 1
185, 197, 1
185, 206, 1
213, 189, 1
197, 189, 1
196, 191, 1
190, 205, 1
213, 207, 1
191, 213, 1
209, 194, 1
211, 191, 1
196, 209, 1
201, 199, 1
192, 196, 1
193, 194, 1
185, 190, 1
208, 192, 1
192, 205, 1
191, 185, 1
185, 199, 1
207, 196, 1
190, 189, 1
213, 191, 1
207, 205, 1
209, 207, 1
208, 213, 1
190, 207, 1
191, 206, 1
209, 196, 1
196, 211, 1
192, 189, 1
209, 205, 1
208, 185, 1
200, 202, 1
185, 192, 1
192, 207, 1
185, 201, 1
190, 191, 1
205, 189, 1
191, 199, 1
196, 195, 1
205, 207, 1
209, 189, 1
186, 196, 1
201, 194, 1
192, 191, 1
197, 205, 1
192, 200, 1
213, 186, 1
213, 195, 1
205, 200, 1
205, 209, 1
209, 200, 1
213, 188, 1
213, 197, 1
205, 193, 1
185, 208, 1
205, 202, 1
209, 193, 1
186, 200, 1
197, 200, 1
197, 209, 1
205, 186, 1
188, 200, 1
205, 195, 1
196, 192, 1
211, 192, 1
211, 201, 1
201, 200, 1
213, 192, 1
205, 188, 1
205, 197, 1
201, 193, 1
189, 200, 1
193, 200, 1
213, 185, 1
207, 208, 1
195, 200, 1
206, 200, 1
195, 209, 1
205, 211, 1
189, 211, 1
211, 208, 1
199, 188, 1
208, 200, 1
191, 193, 1
195, 193, 1
209, 192, 1
213, 208, 1
196, 201, 1
189, 195, 1
197, 208, 1
205, 213, 1
185, 200, 1
213, 201, 1
190, 208, 1
189, 197, 1
185, 193, 1
213, 194, 1
205, 208, 1
209, 208, 1
213, 196, 1
205, 192, 1
205, 201, 1
191, 192, 1
205, 185, 1
195, 192, 1
205, 194, 1
195, 201, 1
196, 200, 1
211, 200, 1
211, 209, 1
213, 200, 1
205, 196, 1
196, 193, 1
213, 209, 1
211, 193, 1
189, 208, 1
213, 193, 1
190, 200, 1
213, 202, 1
213, 211, 1
211, 195, 1
195, 208, 1
197, 201, 1
197, 185, 1
197, 188, 1
199, 200, 1
197, 194, 1
207, 200, 1
196, 208, 1
197, 193, 1
197, 196, 1
197, 202, 1
197, 186, 1
190, 195, 1
191, 200, 1
197, 211, 1
197, 195, 1
190, 211, 1
206, 18, -1
206, 2, -1
206, 65, -1
206, 61, -1
206, 47, -1
206, 0, -1
206, 179, -1
206, 182, -1
206, 180, -1
206, 184, -1
206, 181, -1
206, 105, -1
206, 130, -1
206, 103, -1
206, 128, -1
206, 106, -1
206, 84, -1
206, 171, -1
206, 163, -1
199, 18, -1
199, 2, -1
199, 65, -1
199, 61, -1
199, 47, -1
199, 0, -1
199, 179, -1
199, 182, -1
199, 180, -1
199, 184, -1
199, 181, -1
199, 105, -1
199, 130, -1
199, 103, -1
199, 128, -1
199, 106, -1
199, 84, -1
199, 171, -1
199, 163, -1
193, 18, -1
193, 2, -1
193, 65, -1
193, 61, -1
193, 47, -1
193, 0, -1
193, 179, -1
193, 182, -1
193, 180, -1
193, 184, -1
193, 181, -1
193, 105, -1
193, 130, -1
193, 103, -1
193, 128, -1
193, 106, -1
193, 84, -1
193, 171, -1
193, 163, -1
188, 18, -1
188, 2, -1
188, 65, -1
188, 61, -1
188, 47, -1
188, 0, -1
188, 179, -1
188, 182, -1
188, 180, -1
188, 184, -1
188, 181, -1
188, 105, -1
188, 130, -1
188, 103, -1
188, 128, -1
188, 106, -1
188, 84, -1
188, 171, -1
188, 163, -1
200, 18, -1
200, 2, -1
200, 65, -1
200, 61, -1
200, 47, -1
200, 0, -1
200, 179, -1
200, 182, -1
200, 180, -1
200, 184, -1
200, 181, -1
200, 105, -1
200, 130, -1
200, 103, -1
200, 128, -1
200, 106, -1
200, 84, -1
200, 171, -1
200, 163, -1
202, 18, -1
202, 2, -1
202, 65, -1
202, 61, -1
202, 47, -1
202, 0, -1
202, 179, -1
202, 182, -1
202, 180, -1
202, 184, -1
202, 181, -1
202, 105, -1
202, 130, -1
202, 103, -1
202, 128, -1
202, 106, -1
202, 84, -1
202, 171, -1
202, 163, -1
194, 18, -1
194, 2, -1
194, 65, -1
194, 61, -1
194, 47, -1
194, 0, -1
194, 179, -1
194, 182, -1
194, 180, -1
194, 184, -1
194, 181, -1
194, 105, -1
194, 130, -1
194, 103, -1
194, 128, -1
194, 106, -1
194, 84, -1
194, 171, -1
194, 163, -1
105, 189, -1
105, 207, -1
192, 184, -1
128, 190, -1
184, 189, -1
196, 163, -1
184, 207, -1
196, 181, -1
191, 84, -1
185, 171, -1
185, 180, -1
190, 106, -1
208, 2, -1
186, 163, -1
179, 213, -1
185, 18, -1
105, 193, -1
180, 196, -1
180, 205, -1
2, 189, -1
192, 179, -1
130, 213, -1
184, 193, -1
184, 202, -1
191, 61, -1
209, 106, -1
61, 207, -1
213, 103, -1
207, 181, -1
179, 199, -1
191, 182, -1
105, 188, -1
180, 191, -1
130, 190, -1
130, 199, -1
184, 188, -1
191, 47, -1
184, 197, -1
65, 209, -1
196, 171, -1
201, 106, -1
195, 184, -1
209, 128, -1
190, 105, -1
205, 103, -1
103, 213, -1
180, 195, -1
211, 182, -1
196, 130, -1
182, 213, -1
171, 213, -1
65, 213, -1
197, 103, -1
186, 103, -1
209, 105, -1
211, 47, -1
213, 84, -1
186, 130, -1
197, 130, -1
61, 206, -1
179, 189, -1
207, 171, -1
207, 180, -1
191, 163, -1
0, 205, -1
179, 207, -1
191, 181, -1
180, 190, -1
106, 213, -1
84, 213, -1
130, 189, -1
171, 199, -1
65, 190, -1
185, 106, -1
130, 207, -1
192, 2, -1
65, 199, -1
65, 208, -1
163, 213, -1
213, 61, -1
189, 103, -1
201, 105, -1
205, 84, -1
0, 191, -1
0, 200, -1
208, 0, -1
0, 209, -1
106, 190, -1
84, 190, -1
106, 199, -1
84, 199, -1
213, 182, -1
65, 185, -1
208, 103, -1
65, 194, -1
163, 199, -1
186, 84, -1
197, 84, -1
213, 47, -1
185, 128, -1
18, 207, -1
205, 61, -1
0, 186, -1
179, 188, -1
0, 195, -1
179, 197, -1
103, 189, -1
191, 171, -1
0, 213, -1
196, 106, -1
190, 184, -1
205, 182, -1
130, 188, -1
182, 189, -1
171, 189, -1
191, 18, -1
197, 61, -1
186, 61, -1
65, 189, -1
185, 105, -1
182, 207, -1
171, 207, -1
65, 207, -1
189, 84, -1
205, 47, -1
18, 211, -1
61, 191, -1
191, 130, -1
209, 184, -1
0, 190, -1
201, 180, -1
0, 199, -1
0, 208, -1
106, 189, -1
84, 189, -1
213, 181, -1
106, 207, -1
84, 207, -1
208, 84, -1
128, 213, -1
163, 189, -1
186, 65, -1
65, 193, -1
189, 61, -1
171, 211, -1
65, 202, -1
163, 207, -1
18, 188, -1
18, 197, -1
18, 206, -1
211, 103, -1
209, 179, -1
0, 185, -1
0, 194, -1
189, 182, -1
201, 184, -1
211, 130, -1
103, 197, -1
208, 61, -1
196, 105, -1
128, 199, -1
205, 181, -1
128, 208, -1
171, 188, -1
189, 47, -1
182, 197, -1
171, 197, -1
65, 188, -1
208, 182, -1
192, 103, -1
197, 181, -1
0, 189, -1
186, 181, -1
201, 179, -1
105, 202, -1
208, 47, -1
105, 211, -1
106, 188, -1
128, 185, -1
208, 65, -1
2, 207, -1
128, 194, -1
184, 211, -1
163, 188, -1
191, 106, -1
18, 196, -1
211, 84, -1
185, 184, -1
213, 130, -1
105, 197, -1
189, 181, -1
105, 206, -1
128, 189, -1
2, 211, -1
128, 207, -1
184, 206, -1
196, 180, -1
181, 191, -1
211, 61, -1
208, 163, -1
18, 191, -1
208, 181, -1
185, 179, -1
192, 84, -1
186, 171, -1
186, 180, -1
205, 130, -1
209, 2, -1
105, 201, -1
2, 188, -1
180, 213, -1
186, 18, -1
2, 197, -1
2, 206, -1
128, 193, -1
184, 192, -1
195, 103, -1
128, 202, -1
184, 201, -1
196, 184, -1
195, 130, -1
192, 61, -1
201, 128, -1
105, 196, -1
180, 199, -1
105, 205, -1
201, 2, -1
192, 182, -1
128, 188, -1
128, 197, -1
184, 196, -1
184, 205, -1
47, 190, -1
196, 179, -1
181, 190, -1
181, 199, -1
192, 47, -1
208, 171, -1
192, 65, -1
189, 130, -1
208, 180, -1
213, 106, -1
179, 211, -1
208, 18, -1
105, 191, -1
211, 181, -1
2, 196, -1
195, 84, -1
130, 211, -1
184, 191, -1
184, 200, -1
208, 130, -1
184, 209, -1
207, 179, -1
185, 2, -1
205, 106, -1
179, 206, -1
191, 180, -1
213, 128, -1
105, 186, -1
180, 189, -1
105, 195, -1
195, 61, -1
192, 163, -1
180, 207, -1
2, 191, -1
130, 197, -1
192, 181, -1
130, 206, -1
184, 186, -1
184, 195, -1
186, 106, -1
197, 106, -1
195, 182, -1
190, 103, -1
213, 105, -1
195, 47, -1
190, 130, -1
211, 180, -1
196, 128, -1
184, 190, -1
65, 211, -1
209, 103, -1
189, 106, -1
197, 128, -1
186, 128, -1
179, 196, -1
205, 105, -1
179, 205, -1
191, 179, -1
103, 206, -1
180, 197, -1
106, 211, -1
186, 2, -1
192, 171, -1
130, 196, -1
208, 106, -1
130, 205, -1
171, 206, -1
65, 197, -1
192, 0, -1
65, 206, -1
163, 211, -1
192, 18, -1
197, 105, -1
186, 105, -1
201, 103, -1
195, 181, -1
61, 190, -1
61, 199, -1
190, 84, -1
179, 191, -1
207, 182, -1
0, 207, -1
192, 130, -1
106, 197, -1
84, 197, -1
106, 206, -1
84, 206, -1
130, 191, -1
207, 47, -1
65, 192, -1
163, 197, -1
65, 201, -1
163, 206, -1
209, 84, -1
208, 128, -1
190, 61, -1
18, 205, -1
189, 105, -1
0, 193, -1
179, 195, -1
0, 202, -1
0, 211, -1
103, 205, -1
190, 182, -1
213, 184, -1
130, 195, -1
171, 196, -1
209, 61, -1
208, 105, -1
185, 103, -1
182, 205, -1
65, 196, -1
171, 205, -1
65, 205, -1
201, 84, -1
190, 47, -1
185, 130, -1
195, 180, -1
61, 189, -1
211, 106, -1
207, 163, -1
209, 182, -1
0, 188, -1
179, 190, -1
0, 197, -1
0, 206, -1
106, 196, -1
106, 205, -1
84, 205, -1
191, 2, -1
209, 47, -1
205, 184, -1
128, 211, -1
182, 191, -1
171, 191, -1
65, 191, -1
201, 61, -1
163, 196, -1
65, 200, -1
163, 205, -1
18, 195, -1
18, 213, -1
192, 106, -1
197, 184, -1
0, 192, -1
186, 184, -1
201, 182, -1
211, 128, -1
0, 201, -1
106, 191, -1
84, 191, -1
196, 103, -1
190, 181, -1
128, 206, -1
185, 84, -1
201, 47, -1
171, 195, -1
65, 186, -1
163, 191, -1
65, 195, -1
18, 190, -1
18, 199, -1
209, 163, -1
211, 105, -1
209, 181, -1
186, 179, -1
0, 196, -1
189, 184, -1
192, 128, -1
103, 190, -1
105, 209, -1
106, 195, -1
185, 61, -1
2, 205, -1
128, 192, -1
128, 201, -1
182, 190, -1
171, 190, -1
182, 199, -1
163, 195, -1
207, 103, -1
185, 182, -1
208, 184, -1
207, 130, -1
201, 163, -1
192, 105, -1
201, 181, -1
196, 84, -1
185, 47, -1
105, 213, -1
128, 196, -1
128, 205, -1
195, 106, -1
184, 213, -1
163, 190, -1
181, 189, -1
181, 207, -1
18, 189, -1
208, 179, -1
209, 171, -1
196, 61, -1
209, 180, -1
205, 128, -1
105, 190, -1
105, 199, -1
180, 211, -1
209, 18, -1
2, 195, -1
128, 191, -1
2, 213, -1
128, 200, -1
184, 199, -1
128, 209, -1
184, 208, -1
207, 84, -1
196, 182, -1
195, 128, -1
185, 163, -1
209, 130, -1
191, 103, -1
185, 181, -1
196, 47, -1
201, 171, -1
105, 185, -1
186, 182, -1
197, 182, -1
105, 194, -1
180, 206, -1
211, 184, -1
2, 190, -1
192, 180, -1
2, 199, -1
128, 186, -1
201, 18, -1
184, 185, -1
128, 195, -1
207, 61, -1
184, 194, -1
195, 105, -1
197, 47, -1
186, 47, -1
47, 206, -1
181, 206, -1
201, 130, -1
103, 207, -1
18, 200, -1
18, 209, -1
180, 192, -1
47, 199, -1
180, 201, -1
2, 185, -1
181, 208, -1
103, 191, -1
130, 209, -1
18, 193, -1
213, 179, -1
205, 65, -1
181, 192, -1
105, 200, -1
182, 200, -1
171, 200, -1
171, 209, -1
213, 163, -1
197, 163, -1
171, 193, -1
197, 65, -1
84, 200, -1
106, 200, -1
106, 209, -1
205, 179, -1
182, 195, -1
163, 200, -1
163, 209, -1
106, 193, -1
84, 193, -1
205, 163, -1
179, 208, -1
18, 208, -1
180, 200, -1
47, 207, -1
197, 179, -1
163, 193, -1
180, 209, -1
61, 200, -1
130, 208, -1
179, 192, -1
179, 201, -1
84, 195, -1
18, 192, -1
18, 201, -1
47, 191, -1
180, 193, -1
130, 192, -1
130, 201, -1
61, 211, -1
18, 185, -1
213, 171, -1
213, 180, -1
84, 209, -1
182, 192, -1
171, 192, -1
213, 18, -1
130, 185, -1
61, 195, -1
61, 213, -1
2, 200, -1
185, 65, -1
2, 209, -1
180, 188, -1
213, 2, -1
61, 188, -1
197, 2, -1
61, 197, -1
182, 206, -1
2, 193, -1
205, 171, -1
103, 199, -1
205, 18, -1
181, 200, -1
61, 208, -1
105, 208, -1
182, 208, -1
171, 208, -1
179, 200, -1
179, 209, -1
197, 171, -1
205, 2, -1
197, 180, -1
61, 192, -1
105, 192, -1
130, 200, -1
171, 201, -1
179, 193, -1
197, 18, -1
84, 208, -1
106, 208, -1
181, 195, -1
130, 193, -1
163, 208, -1
2, 208, -1
84, 192, -1
106, 192, -1
106, 201, -1
84, 201, -1
213, 65, -1
205, 180, -1
61, 196, -1
163, 192, -1
180, 208, -1
163, 201, -1
2, 192, -1
2, 201, -1
106, 185, -1
84, 211, -1
182, 211, -1
61, 205, -1
181, 211, -1

198, 208, 1
198, 197, 1
198, 189, 1
198, 201, 1
198, 190, 1
198, 185, 1
198, 207, 1
198, 192, 1
198, 196, 1
198, 213, 1
198, 209, 1
198, 211, 1
198, 186, 1
198, 195, 1
198, 191, 1
198, 205, 1
198, 206, 1
198, 199, 1
198, 193, 1
198, 188, 1
198, 200, 1
198, 202, 1
198, 194, 1
204, 208, 1
204, 197, 1
204, 189, 1
204, 201, 1
204, 190, 1
204, 185, 1
204, 207, 1
204, 192, 1
204, 196, 1
204, 213, 1
204, 209, 1
204, 211, 1
204, 186, 1
204, 195, 1
204, 191, 1
204, 205, 1
204, 206, 1
204, 199, 1
204, 193, 1
204, 188, 1
204, 200, 1
204, 202, 1
204, 194, 1
204, 198, 1
203, 208, 1
203, 197, 1
203, 189, 1
203, 201, 1
203, 190, 1
203, 185, 1
203, 207, 1
203, 192, 1
203, 196, 1
203, 213, 1
203, 209, 1
203, 211, 1
203, 186, 1
203, 195, 1
203, 191, 1
203, 205, 1
203, 206, 1
203, 199, 1
203, 193, 1
203, 188, 1
203, 200, 1
203, 202, 1
203, 194, 1
203, 198, 1
203, 204, 1
210, 208, 1
210, 197, 1
210, 189, 1
210, 201, 1
210, 190, 1
210, 185, 1
210, 207, 1
210, 192, 1
210, 196, 1
210, 213, 1
210, 209, 1
210, 211, 1
210, 186, 1
210, 195, 1
210, 191, 1
210, 205, 1
210, 206, 1
210, 199, 1
210, 193, 1
210, 188, 1
210, 200, 1
210, 202, 1
210, 194, 1
210, 198, 1
210, 204, 1
210, 203, 1
212, 208, 1
212, 197, 1
212, 189, 1
212, 201, 1
212, 190, 1
212, 185, 1
212, 207, 1
212, 192, 1
212, 196, 1
212, 213, 1
212, 209, 1
212, 211, 1
212, 186, 1
212, 195, 1
212, 191, 1
212, 205, 1
212, 206, 1
212, 199, 1
212, 193, 1
212, 188, 1
212, 200, 1
212, 202, 1
212, 194, 1
212, 198, 1
212, 204, 1
212, 203, 1
212, 210, 1
174, 171, 1
174, 163, 1
109, 105, 1
109, 130, 1
109, 103, 1
109, 128, 1
109, 106, 1
109, 84, 1
185, 194, 1
207, 191, 1
188, 196, 1
188, 205, 1
211, 188, 1
200, 188, 1
211, 197, 1
200, 197, 1
192, 193, 1
211, 206, 1
200, 206, 1
192, 202, 1
192, 211, 1
196, 190, 1
195, 212, 1
188, 191, 1
200, 192, 1
192, 188, 1
192, 197, 1
202, 210, 1
195, 189, 1
206, 189, 1
195, 198, 1
206, 198, 1
195, 207, 1
206, 207, 1
207, 199, 1
188, 195, 1
188, 204, 1
202, 196, 1
202, 205, 1
194, 201, 1
194, 210, 1
195, 211, 1
128, 130, 1
188, 190, 1
188, 199, 1
205, 206, 1
202, 191, 1
194, 196, 1
202, 209, 1
194, 205, 1
195, 188, 1
195, 197, 1
195, 206, 1
201, 213, 1
213, 205, 1
202, 195, 1
194, 191, 1
202, 204, 1
202, 213, 1
194, 209, 1
209, 194, 1
209, 203, 1
201, 199, 1
209, 212, 1
186, 210, 1
190, 189, 1
213, 191, 1
190, 198, 1
190, 207, 1
202, 190, 1
202, 199, 1
194, 195, 1
194, 204, 1
194, 213, 1
128, 106, 1
209, 189, 1
186, 196, 1
209, 198, 1
201, 194, 1
186, 205, 1
209, 207, 1
197, 205, 1
201, 203, 1
201, 212, 1
213, 195, 1
205, 191, 1
190, 211, 1
202, 185, 1
202, 194, 1
194, 190, 1
194, 199, 1
193, 203, 1
208, 201, 1
193, 212, 1
208, 210, 1
197, 191, 1
186, 191, 1
201, 189, 1
209, 202, 1
201, 198, 1
209, 211, 1
186, 209, 1
201, 207, 1
213, 190, 1
190, 197, 1
213, 199, 1
190, 206, 1
202, 189, 1
194, 185, 1
196, 213, 1
193, 198, 1
208, 196, 1
193, 207, 1
208, 205, 1
185, 203, 1
185, 212, 1
128, 105, 1
209, 188, 1
209, 197, 1
186, 195, 1
197, 195, 1
189, 191, 1
209, 206, 1
186, 204, 1
201, 202, 1
197, 213, 1
186, 213, 1
201, 211, 1
205, 190, 1
204, 203, 1
196, 199, 1
204, 212, 1
208, 191, 1
185, 189, 1
193, 202, 1
185, 198, 1
193, 211, 1
208, 209, 1
185, 207, 1
186, 190, 1
197, 190, 1
201, 188, 1
197, 199, 1
186, 199, 1
201, 197, 1
189, 195, 1
186, 208, 1
200, 201, 1
200, 210, 1
192, 206, 1
196, 203, 1
196, 212, 1
105, 103, 1
193, 188, 1
208, 186, 1
193, 197, 1
208, 195, 1
185, 193, 1
193, 206, 1
208, 204, 1
185, 202, 1
185, 211, 1
186, 185, 1
186, 194, 1
188, 213, 1
189, 190, 1
189, 199, 1
211, 196, 1
200, 196, 1
211, 205, 1
200, 205, 1
192, 201, 1
192, 210, 1
196, 189, 1
196, 198, 1
196, 207, 1
208, 190, 1
185, 188, 1
193, 201, 1
208, 199, 1
185, 197, 1
185, 206, 1
197, 189, 1
211, 191, 1
200, 191, 1
192, 196, 1
200, 209, 1
192, 205, 1
105, 84, 1
196, 211, 1
208, 185, 1
193, 196, 1
185, 201, 1
188, 203, 1
191, 199, 1
188, 212, 1
210, 212, 1
200, 186, 1
200, 195, 1
211, 195, 1
192, 191, 1
200, 204, 1
211, 204, 1
211, 213, 1
200, 213, 1
192, 209, 1
196, 188, 1
196, 197, 1
188, 189, 1
188, 198, 1
188, 207, 1
211, 190, 1
200, 190, 1
192, 186, 1
211, 199, 1
200, 199, 1
192, 195, 1
192, 204, 1
195, 196, 1
195, 205, 1
130, 103, 1
188, 211, 1
200, 185, 1
200, 194, 1
192, 190, 1
192, 199, 1
202, 203, 1
202, 212, 1
195, 191, 1
206, 191, 1
188, 197, 1
188, 206, 1
192, 185, 1
202, 198, 1
202, 207, 1
194, 203, 1
194, 212, 1
130, 84, 1
195, 204, 1
195, 213, 1
205, 199, 1
202, 193, 1
194, 189, 1
194, 198, 1
202, 211, 1
194, 207, 1
106, 103, 1
84, 103, 1
195, 190, 1
195, 199, 1
206, 199, 1
209, 201, 1
209, 210, 1
201, 206, 1
213, 189, 1
213, 198, 1
190, 205, 1
213, 207, 1
202, 188, 1
202, 197, 1
194, 193, 1
202, 206, 1
194, 202, 1
194, 211, 1
105, 130, 1
208, 213, 1
209, 196, 1
209, 205, 1
186, 203, 1
186, 212, 1
201, 210, 1
190, 191, 1
205, 189, 1
205, 198, 1
213, 211, 1
205, 207, 1
194, 188, 1
202, 201, 1
194, 197, 1
106, 84, 1
194, 206, 1
193, 210, 1
186, 189, 1
209, 191, 1
197, 198, 1
186, 198, 1
201, 196, 1
197, 207, 1
186, 207, 1
201, 205, 1
190, 195, 1
213, 206, 1
190, 213, 1
208, 194, 1
193, 205, 1
208, 203, 1
208, 212, 1
185, 210, 1
128, 103, 1
209, 186, 1
209, 195, 1
186, 193, 1
201, 191, 1
209, 204, 1
186, 202, 1
189, 198, 1
209, 213, 1
186, 211, 1
197, 211, 1
189, 207, 1
190, 199, 1
196, 206, 1
105, 106, 1
193, 191, 1
208, 189, 1
185, 196, 1
208, 198, 1
193, 209, 1
208, 207, 1
185, 205, 1
209, 190, 1
186, 188, 1
201, 186, 1
186, 197, 1
209, 199, 1
201, 195, 1
197, 206, 1
186, 206, 1
201, 204, 1
189, 211, 1
200, 208, 1
192, 213, 1
193, 186, 1
193, 195, 1
208, 193, 1
185, 191, 1
193, 204, 1
128, 84, 1
208, 202, 1
193, 213, 1
208, 211, 1
185, 209, 1
209, 185, 1
186, 192, 1
201, 190, 1
186, 201, 1
189, 206, 1
200, 203, 1
211, 212, 1
200, 212, 1
192, 208, 1
196, 205, 1
193, 190, 1
208, 188, 1
185, 186, 1
193, 199, 1
208, 197, 1
185, 195, 1
208, 206, 1
185, 204, 1
185, 213, 1
211, 189, 1
200, 189, 1
211, 198, 1
200, 198, 1
192, 194, 1
211, 207, 1
200, 207, 1
192, 203, 1
192, 212, 1
203, 212, 1
196, 191, 1
193, 185, 1
193, 194, 1
185, 190, 1
185, 199, 1
200, 193, 1
192, 189, 1
200, 202, 1
192, 198, 1
200, 211, 1
192, 207, 1
163, 171, 1
196, 195, 1
196, 204, 1
193, 189, 1
106, 130, 1
192, 200, 1
213, 186, 1
199, 196, 1
199, 205, 1
213, 204, 1
205, 200, 1
191, 210, 1
205, 209, 1
209, 200, 1
189, 203, 1
105, 109, 1
199, 189, 1
213, 188, 1
199, 198, 1
213, 197, 1
191, 194, 1
205, 193, 1
199, 207, 1
185, 208, 1
191, 203, 1
205, 202, 1
191, 212, 1
209, 193, 1
195, 203, 1
206, 203, 1
197, 200, 1
186, 200, 1
189, 205, 1
199, 191, 1
205, 186, 1
188, 200, 1
191, 196, 1
205, 195, 1
188, 209, 1
191, 205, 1
205, 204, 1
84, 109, 1
106, 109, 1
197, 193, 1
206, 205, 1
211, 201, 1
201, 200, 1
201, 209, 1
213, 192, 1
191, 189, 1
205, 188, 1
191, 198, 1
205, 197, 1
199, 211, 1
191, 207, 1
197, 186, 1
201, 193, 1
198, 203, 1
189, 200, 1
213, 185, 1
193, 200, 1
199, 195, 1
194, 208, 1
199, 204, 1
199, 213, 1
197, 188, 1
206, 200, 1
195, 200, 1
195, 209, 1
205, 211, 1
196, 208, 1
211, 208, 1
199, 188, 1
208, 200, 1
199, 197, 1
199, 206, 1
191, 202, 1
191, 211, 1
195, 193, 1
213, 208, 1
197, 208, 1
205, 213, 1
171, 174, 1
199, 190, 1
191, 186, 1
185, 200, 1
191, 195, 1
191, 204, 1
213, 201, 1
206, 195, 1
197, 192, 1
213, 210, 1
190, 208, 1
206, 213, 1
211, 203, 1
202, 200, 1
188, 192, 1
191, 188, 1
191, 197, 1
213, 194, 1
213, 203, 1
206, 197, 1
197, 194, 1
213, 212, 1
205, 208, 1
209, 208, 1
193, 208, 1
163, 174, 1
191, 190, 1
213, 196, 1
206, 190, 1
205, 192, 1
190, 203, 1
201, 185, 1
205, 201, 1
128, 109, 1
206, 208, 1
205, 210, 1
202, 186, 1
194, 200, 1
130, 109, 1
205, 185, 1
206, 192, 1
205, 194, 1
188, 208, 1
199, 208, 1
205, 203, 1
196, 200, 1
191, 213, 1
205, 212, 1
196, 209, 1
103, 130, 1
211, 200, 1
208, 192, 1
211, 209, 1
201, 208, 1
188, 201, 1
213, 200, 1
205, 196, 1
196, 193, 1
213, 209, 1
191, 206, 1
194, 186, 1
197, 203, 1
202, 208, 1
213, 193, 1
199, 203, 1
190, 200, 1
213, 202, 1
199, 212, 1
191, 208, 1
195, 208, 1
84, 130, 1
189, 213, 1
207, 188, 1
130, 106, 1
207, 197, 1
188, 193, 1
191, 192, 1
207, 206, 1
207, 200, 1
207, 203, 1
207, 212, 1
195, 192, 1
191, 201, 1
195, 201, 1
197, 201, 1
189, 197, 1
197, 204, 1
206, 211, 1
197, 210, 1
207, 190, 1
191, 185, 1
199, 192, 1
207, 196, 1
190, 192, 1
207, 205, 1
207, 211, 1
191, 200, 1
197, 185, 1
191, 209, 1
201, 192, 1
211, 193, 1
194, 192, 1
197, 209, 1
207, 189, 1
171, 163, 1
197, 212, 1
185, 192, 1
207, 192, 1
189, 208, 1
207, 195, 1
207, 198, 1
207, 204, 1
191, 193, 1
199, 200, 1
207, 213, 1
196, 192, 1
84, 106, 1
209, 192, 1
189, 192, 1
211, 192, 1
196, 201, 1
197, 196, 1
197, 202, 1
202, 192, 1
193, 192, 1
198, 18, -1
198, 2, -1
198, 65, -1
198, 61, -1
198, 47, -1
198, 0, -1
198, 179, -1
198, 182, -1
198, 180, -1
198, 184, -1
198, 181, -1
198, 105, -1
198, 130, -1
198, 103, -1
198, 128, -1
198, 106, -1
198, 84, -1
198, 171, -1
198, 163, -1
204, 18, -1
204, 2, -1
204, 65, -1
204, 61, -1
204, 47, -1
204, 0, -1
204, 179, -1
204, 182, -1
204, 180, -1
204, 184, -1
204, 181, -1
204, 105, -1
204, 130, -1
204, 103, -1
204, 128, -1
204, 106, -1
204, 84, -1
204, 171, -1
204, 163, -1
203, 18, -1
203, 2, -1
203, 65, -1
203, 61, -1
203, 47, -1
203, 0, -1
203, 179, -1
203, 182, -1
203, 180, -1
203, 184, -1
203, 181, -1
203, 105, -1
203, 130, -1
203, 103, -1
203, 128, -1
203, 106, -1
203, 84, -1
203, 171, -1
203, 163, -1
210, 18, -1
210, 2, -1
210, 65, -1
210, 61, -1
210, 47, -1
210, 0, -1
210, 179, -1
210, 182, -1
210, 180, -1
210, 184, -1
210, 181, -1
210, 105, -1
210, 130, -1
210, 103, -1
210, 128, -1
210, 106, -1
210, 84, -1
210, 171, -1
210, 163, -1
212, 18, -1
212, 2, -1
212, 65, -1
212, 61, -1
212, 47, -1
212, 0, -1
212, 179, -1
212, 182, -1
212, 180, -1
212, 184, -1
212, 181, -1
212, 105, -1
212, 130, -1
212, 103, -1
212, 128, -1
212, 106, -1
212, 84, -1
212, 171, -1
212, 163, -1
174, 208, -1
174, 197, -1
174, 189, -1
174, 201, -1
174, 190, -1
174, 185, -1
174, 207, -1
174, 192, -1
174, 196, -1
174, 213, -1
174, 209, -1
174, 211, -1
174, 186, -1
174, 195, -1
174, 191, -1
174, 205, -1
174, 206, -1
174, 199, -1
174, 193, -1
174, 188, -1
174, 200, -1
174, 202, -1
174, 194, -1
174, 198, -1
174, 204, -1
174, 203, -1
174, 210, -1
174, 212, -1
174, 18, -1
174, 2, -1
174, 65, -1
174, 61, -1
174, 47, -1
174, 0, -1
174, 179, -1
174, 182, -1
174, 180, -1
174, 184, -1
174, 181, -1
174, 105, -1
174, 130, -1
174, 103, -1
174, 128, -1
174, 106, -1
174, 84, -1
109, 208, -1
109, 197, -1
109, 189, -1
109, 201, -1
109, 190, -1
109, 185, -1
109, 207, -1
109, 192, -1
109, 196, -1
109, 213, -1
109, 209, -1
109, 211, -1
109, 186, -1
109, 195, -1
109, 191, -1
109, 205, -1
109, 206, -1
109, 199, -1
109, 193, -1
109, 188, -1
109, 200, -1
109, 202, -1
109, 194, -1
109, 198, -1
109, 204, -1
109, 203, -1
109, 210, -1
109, 212, -1
109, 18, -1
109, 2, -1
109, 65, -1
109, 61, -1
109, 47, -1
109, 0, -1
109, 179, -1
109, 182, -1
109, 180, -1
109, 184, -1
109, 181, -1
109, 171, -1
109, 163, -1
109, 174, -1
205, 109, -1
193, 18, -1
105, 171, -1
105, 180, -1
105, 189, -1
202, 103, -1
105, 198, -1
128, 163, -1
200, 179, -1
105, 207, -1
211, 179, -1
128, 181, -1
202, 130, -1
2, 203, -1
128, 190, -1
184, 189, -1
188, 61, -1
195, 109, -1
206, 109, -1
196, 163, -1
184, 198, -1
184, 207, -1
196, 181, -1
191, 84, -1
180, 84, -1
185, 171, -1
185, 180, -1
190, 106, -1
208, 2, -1
179, 204, -1
186, 163, -1
188, 182, -1
197, 163, -1
179, 213, -1
185, 18, -1
105, 193, -1
180, 196, -1
2, 171, -1
211, 174, -1
200, 174, -1
180, 205, -1
194, 103, -1
2, 189, -1
192, 179, -1
130, 204, -1
199, 47, -1
188, 47, -1
130, 213, -1
184, 193, -1
184, 202, -1
0, 103, -1
209, 106, -1
0, 130, -1
61, 207, -1
213, 103, -1
179, 199, -1
202, 84, -1
105, 179, -1
65, 106, -1
105, 188, -1
180, 191, -1
128, 171, -1
130, 190, -1
192, 174, -1
203, 174, -1
130, 199, -1
184, 188, -1
191, 47, -1
184, 197, -1
65, 209, -1
128, 18, -1
196, 171, -1
201, 106, -1
202, 61, -1
188, 163, -1
205, 103, -1
179, 203, -1
0, 210, -1
188, 181, -1
179, 212, -1
105, 174, -1
194, 84, -1
180, 195, -1
180, 204, -1
211, 182, -1
196, 130, -1
200, 2, -1
130, 203, -1
130, 212, -1
182, 213, -1
171, 213, -1
65, 204, -1
61, 103, -1
0, 84, -1
65, 213, -1
197, 103, -1
186, 103, -1
209, 105, -1
211, 47, -1
195, 179, -1
213, 84, -1
186, 130, -1
197, 130, -1
61, 206, -1
179, 189, -1
194, 61, -1
190, 109, -1
0, 205, -1
179, 198, -1
179, 207, -1
103, 199, -1
65, 105, -1
180, 190, -1
106, 204, -1
130, 171, -1
106, 213, -1
84, 213, -1
130, 180, -1
130, 189, -1
130, 198, -1
171, 199, -1
65, 190, -1
185, 106, -1
130, 207, -1
192, 2, -1
65, 199, -1
163, 204, -1
194, 182, -1
163, 213, -1
0, 106, -1
213, 61, -1
209, 109, -1
195, 174, -1
189, 103, -1
206, 174, -1
201, 105, -1
18, 212, -1
205, 84, -1
194, 47, -1
0, 191, -1
193, 2, -1
0, 200, -1
188, 171, -1
0, 209, -1
188, 180, -1
184, 128, -1
106, 190, -1
84, 190, -1
106, 199, -1
84, 199, -1
213, 182, -1
105, 2, -1
61, 84, -1
193, 105, -1
65, 185, -1
208, 103, -1
171, 203, -1
65, 194, -1
163, 199, -1
202, 181, -1
171, 212, -1
65, 203, -1
186, 84, -1
197, 84, -1
65, 212, -1
213, 47, -1
18, 207, -1
205, 61, -1
199, 130, -1
188, 130, -1
198, 174, -1
0, 186, -1
179, 188, -1
0, 195, -1
179, 197, -1
0, 204, -1
103, 189, -1
0, 213, -1
103, 207, -1
106, 203, -1
196, 106, -1
106, 212, -1
130, 179, -1
205, 182, -1
171, 180, -1
65, 171, -1
130, 188, -1
182, 189, -1
171, 189, -1
197, 61, -1
186, 61, -1
65, 189, -1
193, 109, -1
194, 163, -1
182, 207, -1
171, 207, -1
65, 198, -1
171, 198, -1
185, 105, -1
163, 203, -1
194, 181, -1
65, 207, -1
163, 212, -1
189, 84, -1
205, 47, -1
18, 211, -1
206, 182, -1
61, 191, -1
191, 130, -1
0, 190, -1
201, 180, -1
106, 171, -1
0, 199, -1
106, 180, -1
0, 208, -1
213, 163, -1
106, 189, -1
84, 189, -1
212, 109, -1
206, 47, -1
106, 198, -1
84, 198, -1
213, 181, -1
106, 207, -1
84, 207, -1
130, 174, -1
128, 204, -1
208, 84, -1
128, 213, -1
163, 180, -1
163, 189, -1
202, 171, -1
186, 65, -1
65, 193, -1
202, 180, -1
185, 109, -1
171, 211, -1
163, 198, -1
65, 202, -1
163, 207, -1
18, 188, -1
202, 18, -1
18, 197, -1
18, 206, -1
211, 103, -1
200, 103, -1
209, 179, -1
0, 185, -1
0, 194, -1
200, 130, -1
189, 182, -1
211, 130, -1
0, 203, -1
208, 61, -1
204, 109, -1
205, 163, -1
190, 174, -1
2, 212, -1
128, 199, -1
205, 181, -1
128, 208, -1
171, 188, -1
189, 47, -1
182, 197, -1
171, 197, -1
65, 188, -1
194, 171, -1
194, 180, -1
188, 106, -1
208, 182, -1
194, 18, -1
0, 171, -1
209, 174, -1
192, 103, -1
197, 181, -1
0, 189, -1
186, 181, -1
201, 179, -1
105, 202, -1
106, 179, -1
208, 47, -1
105, 211, -1
106, 188, -1
2, 198, -1
128, 185, -1
213, 171, -1
208, 65, -1
2, 207, -1
194, 130, -1
128, 194, -1
128, 203, -1
128, 212, -1
184, 211, -1
163, 188, -1
193, 179, -1
18, 196, -1
211, 84, -1
200, 84, -1
213, 130, -1
201, 174, -1
184, 103, -1
105, 197, -1
106, 174, -1
84, 174, -1
105, 206, -1
128, 180, -1
128, 189, -1
205, 171, -1
2, 211, -1
128, 198, -1
128, 207, -1
184, 206, -1
196, 180, -1
181, 191, -1
211, 61, -1
208, 163, -1
200, 61, -1
193, 174, -1
18, 191, -1
208, 181, -1
185, 179, -1
192, 84, -1
186, 171, -1
197, 171, -1
186, 180, -1
205, 130, -1
202, 106, -1
209, 2, -1
105, 201, -1
200, 182, -1
2, 188, -1
180, 213, -1
105, 210, -1
186, 18, -1
2, 197, -1
2, 206, -1
128, 193, -1
184, 192, -1
195, 103, -1
206, 103, -1
128, 202, -1
212, 174, -1
184, 201, -1
184, 210, -1
200, 47, -1
195, 130, -1
206, 130, -1
200, 65, -1
192, 61, -1
188, 109, -1
210, 109, -1
185, 174, -1
184, 84, -1
105, 196, -1
180, 199, -1
105, 205, -1
194, 106, -1
201, 2, -1
193, 61, -1
128, 179, -1
192, 182, -1
128, 188, -1
128, 197, -1
184, 196, -1
204, 174, -1
184, 205, -1
105, 61, -1
196, 179, -1
181, 190, -1
18, 163, -1
181, 199, -1
192, 47, -1
202, 2, -1
208, 171, -1
192, 65, -1
193, 182, -1
189, 130, -1
208, 180, -1
213, 106, -1
171, 109, -1
179, 211, -1
208, 18, -1
105, 182, -1
200, 163, -1
105, 191, -1
211, 163, -1
193, 47, -1
180, 203, -1
211, 181, -1
200, 181, -1
180, 212, -1
128, 174, -1
2, 196, -1
195, 84, -1
206, 84, -1
130, 211, -1
184, 191, -1
105, 47, -1
184, 200, -1
208, 130, -1
184, 209, -1
196, 174, -1
179, 103, -1
201, 109, -1
0, 128, -1
185, 2, -1
205, 106, -1
179, 206, -1
213, 128, -1
163, 109, -1
105, 186, -1
180, 189, -1
105, 195, -1
195, 61, -1
192, 163, -1
206, 61, -1
202, 109, -1
180, 198, -1
180, 207, -1
2, 191, -1
130, 197, -1
192, 181, -1
130, 206, -1
184, 186, -1
184, 195, -1
0, 105, -1
186, 106, -1
197, 106, -1
193, 163, -1
195, 182, -1
190, 103, -1
213, 105, -1
105, 163, -1
188, 179, -1
105, 181, -1
195, 47, -1
190, 130, -1
200, 171, -1
211, 171, -1
211, 180, -1
200, 180, -1
194, 109, -1
184, 163, -1
18, 103, -1
128, 2, -1
184, 190, -1
200, 18, -1
18, 130, -1
179, 84, -1
65, 211, -1
209, 103, -1
189, 106, -1
197, 128, -1
179, 196, -1
213, 109, -1
188, 174, -1
210, 174, -1
179, 205, -1
171, 103, -1
0, 212, -1
205, 105, -1
182, 103, -1
65, 103, -1
2, 163, -1
180, 188, -1
180, 197, -1
106, 211, -1
186, 2, -1
192, 171, -1
130, 196, -1
208, 106, -1
130, 205, -1
182, 206, -1
65, 197, -1
171, 206, -1
65, 206, -1
163, 211, -1
192, 18, -1
195, 163, -1
186, 105, -1
197, 105, -1
201, 103, -1
130, 61, -1
195, 181, -1
206, 181, -1
61, 190, -1
61, 199, -1
190, 84, -1
179, 191, -1
0, 198, -1
0, 207, -1
192, 130, -1
163, 103, -1
106, 197, -1
84, 197, -1
18, 84, -1
196, 109, -1
106, 206, -1
84, 206, -1
130, 182, -1
130, 191, -1
105, 18, -1
193, 103, -1
184, 171, -1
207, 47, -1
163, 197, -1
202, 179, -1
65, 201, -1
163, 206, -1
209, 84, -1
193, 130, -1
65, 210, -1
208, 128, -1
130, 47, -1
190, 61, -1
197, 109, -1
186, 109, -1
18, 205, -1
171, 84, -1
0, 193, -1
179, 195, -1
65, 84, -1
0, 202, -1
0, 211, -1
184, 130, -1
190, 182, -1
18, 106, -1
130, 195, -1
171, 196, -1
209, 61, -1
202, 174, -1
208, 105, -1
185, 103, -1
182, 205, -1
65, 196, -1
171, 205, -1
194, 179, -1
65, 205, -1
201, 84, -1
190, 47, -1
185, 130, -1
195, 171, -1
195, 180, -1
171, 61, -1
61, 189, -1
179, 163, -1
2, 103, -1
200, 106, -1
211, 106, -1
61, 198, -1
209, 182, -1
0, 188, -1
179, 190, -1
2, 130, -1
0, 197, -1
163, 84, -1
0, 206, -1
103, 191, -1
106, 196, -1
130, 163, -1
213, 179, -1
106, 205, -1
84, 205, -1
193, 84, -1
130, 181, -1
209, 47, -1
171, 182, -1
128, 211, -1
182, 191, -1
171, 191, -1
103, 47, -1
65, 191, -1
201, 61, -1
208, 109, -1
163, 196, -1
194, 174, -1
163, 205, -1
106, 61, -1
18, 195, -1
171, 47, -1
18, 204, -1
18, 213, -1
163, 61, -1
192, 106, -1
0, 192, -1
201, 182, -1
200, 128, -1
0, 201, -1
106, 182, -1
84, 182, -1
106, 191, -1
84, 191, -1
213, 174, -1
196, 103, -1
190, 181, -1
205, 179, -1
128, 206, -1
185, 84, -1
201, 47, -1
163, 182, -1
171, 195, -1
193, 106, -1
65, 186, -1
163, 191, -1
171, 204, -1
106, 47, -1
65, 195, -1
202, 182, -1
84, 47, -1
18, 190, -1
2, 84, -1
18, 199, -1
163, 47, -1
209, 163, -1
200, 105, -1
179, 171, -1
202, 47, -1
209, 181, -1
186, 179, -1
197, 179, -1
184, 106, -1
0, 196, -1
103, 181, -1
192, 128, -1
105, 209, -1
106, 195, -1
185, 61, -1
2, 205, -1
128, 192, -1
205, 174, -1
128, 201, -1
65, 163, -1
171, 181, -1
128, 210, -1
182, 190, -1
171, 190, -1
182, 199, -1
163, 195, -1
207, 103, -1
194, 2, -1
185, 182, -1
207, 130, -1
18, 203, -1
2, 106, -1
201, 163, -1
211, 109, -1
197, 174, -1
192, 105, -1
186, 174, -1
200, 109, -1
106, 163, -1
201, 181, -1
105, 204, -1
196, 84, -1
185, 47, -1
106, 181, -1
105, 213, -1
84, 181, -1
185, 65, -1
128, 196, -1
128, 205, -1
195, 106, -1
206, 106, -1
184, 204, -1
202, 163, -1
163, 181, -1
184, 213, -1
163, 190, -1
181, 189, -1
181, 198, -1
18, 171, -1
181, 207, -1
199, 103, -1
188, 103, -1
128, 61, -1
193, 181, -1
18, 189, -1
208, 179, -1
18, 198, -1
209, 171, -1
196, 61, -1
192, 109, -1
209, 180, -1
105, 190, -1
189, 174, -1
203, 109, -1
184, 105, -1
205, 128, -1
105, 199, -1
180, 211, -1
209, 18, -1
2, 195, -1
128, 182, -1
2, 204, -1
128, 191, -1
2, 213, -1
128, 200, -1
184, 199, -1
128, 209, -1
184, 208, -1
207, 84, -1
196, 182, -1
128, 47, -1
185, 163, -1
209, 130, -1
208, 174, -1
191, 103, -1
180, 103, -1
128, 65, -1
185, 181, -1
0, 163, -1
196, 47, -1
201, 171, -1
105, 185, -1
186, 182, -1
197, 182, -1
105, 194, -1
105, 203, -1
180, 206, -1
65, 130, -1
2, 190, -1
105, 212, -1
192, 180, -1
2, 199, -1
128, 186, -1
201, 18, -1
184, 185, -1
128, 195, -1
184, 194, -1
197, 47, -1
186, 47, -1
184, 203, -1
184, 212, -1
188, 84, -1
199, 84, -1
181, 206, -1
193, 171, -1
193, 180, -1
201, 130, -1
84, 203, -1
18, 200, -1
18, 209, -1
47, 190, -1
189, 109, -1
180, 192, -1
191, 18, -1
182, 198, -1
2, 185, -1
130, 209, -1
103, 200, -1
18, 193, -1
199, 61, -1
181, 174, -1
191, 2, -1
65, 109, -1
205, 65, -1
181, 192, -1
179, 174, -1
202, 105, -1
105, 200, -1
182, 200, -1
171, 200, -1
184, 109, -1
171, 209, -1
65, 200, -1
84, 61, -1
194, 128, -1
181, 103, -1
199, 182, -1
0, 174, -1
171, 193, -1
197, 65, -1
189, 61, -1
211, 128, -1
182, 211, -1
207, 106, -1
84, 200, -1
106, 200, -1
191, 61, -1
191, 180, -1
198, 109, -1
106, 209, -1
2, 109, -1
182, 195, -1
194, 105, -1
163, 200, -1
163, 209, -1
103, 197, -1
106, 193, -1
84, 193, -1
207, 181, -1
180, 109, -1
191, 109, -1
196, 105, -1
171, 106, -1
61, 106, -1
182, 106, -1
191, 182, -1
211, 105, -1
47, 198, -1
180, 200, -1
47, 207, -1
163, 193, -1
180, 209, -1
61, 200, -1
18, 174, -1
103, 190, -1
130, 208, -1
199, 106, -1
179, 192, -1
84, 195, -1
18, 192, -1
199, 179, -1
47, 191, -1
180, 193, -1
209, 128, -1
196, 128, -1
130, 192, -1
181, 203, -1
130, 201, -1
61, 211, -1
199, 163, -1
18, 185, -1
190, 105, -1
106, 185, -1
61, 174, -1
199, 181, -1
213, 180, -1
163, 106, -1
0, 109, -1
103, 213, -1
65, 174, -1
163, 179, -1
84, 209, -1
182, 192, -1
171, 192, -1
213, 18, -1
130, 185, -1
84, 163, -1
61, 195, -1
186, 128, -1
61, 204, -1
184, 174, -1
61, 213, -1
191, 106, -1
2, 200, -1
199, 174, -1
180, 106, -1
2, 209, -1
188, 128, -1
191, 179, -1
103, 206, -1
213, 2, -1
84, 211, -1
61, 188, -1
197, 2, -1
61, 197, -1
189, 181, -1
2, 193, -1
191, 163, -1
180, 163, -1
191, 181, -1
103, 208, -1
179, 109, -1
205, 18, -1
18, 109, -1
181, 200, -1
207, 109, -1
105, 208, -1
188, 105, -1
179, 200, -1
193, 128, -1
65, 208, -1
103, 192, -1
179, 209, -1
180, 174, -1
191, 174, -1
205, 2, -1
197, 180, -1
195, 128, -1
61, 192, -1
105, 192, -1
130, 200, -1
65, 192, -1
181, 211, -1
179, 193, -1
197, 18, -1
199, 171, -1
199, 180, -1
106, 208, -1
84, 208, -1
189, 105, -1
181, 195, -1
130, 193, -1
61, 203, -1
182, 203, -1
61, 212, -1
199, 109, -1
201, 128, -1
191, 105, -1
185, 128, -1
106, 192, -1
84, 192, -1
103, 205, -1
206, 105, -1
195, 105, -1
106, 201, -1
181, 106, -1
213, 65, -1
205, 180, -1
179, 106, -1
61, 196, -1
2, 174, -1
47, 206, -1
163, 192, -1
2, 192, -1
202, 128, -1
191, 171, -1
103, 198, -1
47, 199, -1
180, 201, -1
207, 163, -1
181, 208, -1
171, 201, -1
179, 208, -1
18, 208, -1
171, 179, -1
207, 171, -1
207, 174, -1
207, 180, -1
163, 208, -1
179, 201, -1
2, 208, -1
207, 61, -1
18, 201, -1
84, 201, -1
61, 205, -1
180, 208, -1
61, 208, -1
163, 201, -1
182, 208, -1
171, 208, -1
2, 201, -1
207, 182, -1
207, 179, -1
181, 130, -1
84, 171, -1
179, 130, -1
163, 130, -1
171, 130, -1
180, 130, -1
61, 130, -1
180, 171, -1
182, 130, -1

176, 179, 1
176, 182, 1
176, 180, 1
176, 184, 1
176, 181, 1
168, 171, 1
168, 163, 1
168, 174, 1
173, 171, 1
173, 163, 1
173, 174, 1
173, 168, 1
104, 105, 1
104, 130, 1
104, 103, 1
104, 128, 1
104, 106, 1
104, 84, 1
104, 109, 1
108, 105, 1
108, 130, 1
108, 103, 1
108, 128, 1
108, 106, 1
108, 84, 1
108, 109, 1
108, 104, 1
183, 179, 1
183, 182, 1
183, 180, 1
183, 184, 1
183, 181, 1
183, 176, 1
128, 130, 1
130, 103, 1
180, 183, 1
171, 174, 1
128, 84, 1
130, 109, 1
106, 84, 1
182, 183, 1
163, 173, 1
105, 128, 1
104, 108, 1
128, 105, 1
179, 181, 1
128, 108, 1
106, 108, 1
179, 184, 1
130, 84, 1
184, 183, 1
184, 180, 1
105, 103, 1
105, 106, 1
171, 173, 1
103, 84, 1
105, 109, 1
130, 108, 1
180, 182, 1
181, 183, 1
105, 130, 1
179, 183, 1
105, 84, 1
109, 103, 1
179, 180, 1
184, 179, 1
184, 182, 1
168, 173, 1
171, 163, 1
105, 108, 1
163, 171, 1
180, 181, 1
181, 182, 1
180, 184, 1
163, 174, 1
182, 184, 1
106, 103, 1
176, 183, 1
128, 103, 1
130, 128, 1
84, 103, 1
128, 106, 1
179, 182, 1
128, 109, 1
106, 109, 1
84, 109, 1
184, 181, 1
106, 130, 1
105, 104, 1
84, 104, 1
128, 104, 1
106, 104, 1
130, 106, 1
103, 130, 1
184, 176, 1
179, 176, 1
180, 176, 1
182, 176, 1
109, 130, 1
130, 104, 1
181, 176, 1
84, 130, 1
181, 184, 1
106, 128, 1
84, 106, 1
109, 106, 1
176, 208, -1
176, 197, -1
176, 189, -1
176, 201, -1
176, 190, -1
176, 185, -1
176, 207, -1
176, 192, -1
176, 196, -1
176, 213, -1
176, 209, -1
176, 211, -1
176, 186, -1
176, 195, -1
176, 191, -1
176, 205, -1
176, 206, -1
176, 199, -1
176, 193, -1
176, 188, -1
176, 200, -1
176, 202, -1
176, 194, -1
176, 198, -1
176, 204, -1
176, 203, -1
176, 210, -1
176, 212, -1
176, 18, -1
176, 2, -1
176, 65, -1
176, 61, -1
176, 47, -1
176, 0, -1
176, 105, -1
176, 130, -1
176, 103, -1
176, 128, -1
176, 106, -1
176, 84, -1
176, 109, -1
176, 171, -1
176, 163, -1
176, 174, -1
168, 208, -1
168, 197, -1
168, 189, -1
168, 201, -1
168, 190, -1
168, 185, -1
168, 207, -1
168, 192, -1
168, 196, -1
168, 213, -1
168, 209, -1
168, 211, -1
168, 186, -1
168, 195, -1
168, 191, -1
168, 205, -1
168, 206, -1
168, 199, -1
168, 193, -1
168, 188, -1
168, 200, -1
168, 202, -1
168, 194, -1
168, 198, -1
168, 204, -1
168, 203, -1
168, 210, -1
168, 212, -1
168, 18, -1
168, 2, -1
168, 65, -1
168, 61, -1
168, 47, -1
168, 0, -1
168, 179, -1
168, 182, -1
168, 180, -1
168, 184, -1
168, 181, -1
168, 176, -1
168, 105, -1
168, 130, -1
168, 103, -1
168, 128, -1
168, 106, -1
168, 84, -1
168, 109, -1
173, 208, -1
173, 197, -1
173, 189, -1
173, 201, -1
173, 190, -1
173, 185, -1
173, 207, -1
173, 192, -1
173, 196, -1
173, 213, -1
173, 209, -1
173, 211, -1
173, 186, -1
173, 195, -1
173, 191, -1
173, 205, -1
173, 206, -1
173, 199, -1
173, 193, -1
173, 188, -1
173, 200, -1
173, 202, -1
173, 194, -1
173, 198, -1
173, 204, -1
173, 203, -1
173, 210, -1
173, 212, -1
173, 18, -1
173, 2, -1
173, 65, -1
173, 61, -1
173, 47, -1
173, 0, -1
173, 179, -1
173, 182, -1
173, 180, -1
173, 184, -1
173, 181, -1
173, 176, -1
173, 105, -1
173, 130, -1
173, 103, -1
173, 128, -1
173, 106, -1
173, 84, -1
173, 109, -1
104, 208, -1
104, 197, -1
104, 189, -1
104, 201, -1
104, 190, -1
104, 185, -1
104, 207, -1
104, 192, -1
104, 196, -1
104, 213, -1
104, 209, -1
104, 211, -1
104, 186, -1
104, 195, -1
104, 191, -1
104, 205, -1
104, 206, -1
104, 199, -1
104, 193, -1
104, 188, -1
104, 200, -1
104, 202, -1
104, 194, -1
104, 198, -1
104, 204, -1
104, 203, -1
104, 210, -1
104, 212, -1
104, 18, -1
104, 2, -1
104, 65, -1
104, 61, -1
104, 47, -1
104, 0, -1
104, 179, -1
104, 182, -1
104, 180, -1
104, 184, -1
104, 181, -1
104, 176, -1
104, 171, -1
104, 163, -1
104, 174, -1
104, 168, -1
104, 173, -1
108, 208, -1
108, 197, -1
108, 189, -1
108, 201, -1
108, 190, -1
108, 185, -1
108, 207, -1
108, 192, -1
108, 196, -1
108, 213, -1
108, 209, -1
108, 211, -1
108, 186, -1
108, 195, -1
108, 191, -1
108, 205, -1
108, 206, -1
108, 199, -1
108, 193, -1
108, 188, -1
108, 200, -1
108, 202, -1
108, 194, -1
108, 198, -1
108, 204, -1
108, 203, -1
108, 210, -1
108, 212, -1
108, 18, -1
108, 2, -1
108, 65, -1
108, 61, -1
108, 47, -1
108, 0, -1
108, 179, -1
108, 182, -1
108, 180, -1
108, 184, -1
108, 181, -1
108, 176, -1
108, 171, -1
108, 163, -1
108, 174, -1
108, 168, -1
108, 173, -1
183, 208, -1
183, 197, -1
183, 189, -1
183, 201, -1
183, 190, -1
183, 185, -1
183, 207, -1
183, 192, -1
183, 196, -1
183, 213, -1
183, 209, -1
183, 211, -1
183, 186, -1
183, 195, -1
183, 191, -1
183, 205, -1
183, 206, -1
183, 199, -1
183, 193, -1
183, 188, -1
183, 200, -1
183, 202, -1
183, 194, -1
183, 198, -1
183, 204, -1
183, 203, -1
183, 210, -1
183, 212, -1
183, 18, -1
183, 2, -1
183, 65, -1
183, 61, -1
183, 47, -1
183, 0, -1
183, 105, -1
183, 130, -1
183, 103, -1
183, 128, -1
183, 106, -1
183, 84, -1
183, 109, -1
183, 104, -1
183, 108, -1
183, 171, -1
183, 163, -1
183, 174, -1
183, 168, -1
183, 173, -1
105, 171, -1
197, 168, -1
105, 180, -1
189, 173, -1
180, 192, -1
105, 189, -1
202, 103, -1
105, 198, -1
128, 163, -1
211, 179, -1
105, 207, -1
194, 108, -1
200, 179, -1
109, 168, -1
128, 181, -1
202, 130, -1
192, 184, -1
128, 190, -1
184, 189, -1
184, 198, -1
195, 109, -1
181, 174, -1
184, 207, -1
0, 108, -1
196, 181, -1
181, 192, -1
180, 84, -1
185, 171, -1
104, 183, -1
185, 180, -1
179, 204, -1
186, 163, -1
188, 182, -1
210, 182, -1
179, 213, -1
197, 163, -1
199, 182, -1
105, 184, -1
2, 171, -1
180, 196, -1
211, 174, -1
2, 180, -1
180, 205, -1
200, 174, -1
194, 103, -1
109, 163, -1
211, 183, -1
128, 176, -1
203, 179, -1
192, 179, -1
130, 204, -1
109, 181, -1
130, 213, -1
184, 193, -1
184, 202, -1
180, 61, -1
0, 103, -1
209, 106, -1
173, 183, -1
0, 130, -1
213, 103, -1
179, 199, -1
207, 181, -1
179, 208, -1
180, 173, -1
202, 84, -1
105, 179, -1
65, 106, -1
191, 182, -1
105, 188, -1
180, 191, -1
180, 200, -1
128, 171, -1
203, 174, -1
192, 174, -1
130, 190, -1
130, 199, -1
203, 183, -1
130, 208, -1
128, 0, -1
184, 188, -1
180, 47, -1
184, 197, -1
181, 173, -1
128, 18, -1
47, 182, -1
186, 108, -1
201, 106, -1
210, 163, -1
181, 47, -1
205, 103, -1
188, 181, -1
210, 181, -1
179, 212, -1
105, 174, -1
199, 181, -1
194, 84, -1
171, 128, -1
211, 173, -1
180, 204, -1
211, 182, -1
184, 174, -1
130, 203, -1
208, 104, -1
130, 212, -1
171, 213, -1
61, 103, -1
0, 84, -1
209, 105, -1
197, 103, -1
186, 103, -1
195, 179, -1
186, 130, -1
179, 189, -1
179, 198, -1
207, 180, -1
179, 207, -1
103, 199, -1
65, 105, -1
191, 181, -1
103, 208, -1
180, 190, -1
130, 171, -1
106, 204, -1
200, 168, -1
106, 213, -1
130, 180, -1
84, 213, -1
203, 173, -1
130, 189, -1
18, 109, -1
130, 198, -1
171, 199, -1
130, 207, -1
182, 208, -1
171, 208, -1
185, 106, -1
163, 204, -1
194, 182, -1
163, 213, -1
0, 106, -1
209, 109, -1
195, 174, -1
201, 105, -1
189, 103, -1
61, 183, -1
195, 183, -1
206, 183, -1
210, 171, -1
210, 180, -1
199, 180, -1
184, 128, -1
106, 190, -1
84, 190, -1
168, 183, -1
106, 199, -1
84, 199, -1
213, 182, -1
106, 208, -1
105, 2, -1
84, 208, -1
130, 184, -1
193, 105, -1
208, 103, -1
171, 203, -1
202, 181, -1
163, 199, -1
171, 212, -1
163, 208, -1
184, 2, -1
186, 84, -1
188, 130, -1
198, 183, -1
179, 188, -1
179, 197, -1
84, 176, -1
213, 168, -1
103, 207, -1
106, 203, -1
205, 173, -1
106, 212, -1
130, 179, -1
205, 182, -1
171, 180, -1
65, 171, -1
130, 188, -1
171, 189, -1
65, 180, -1
18, 108, -1
182, 198, -1
171, 198, -1
194, 163, -1
193, 109, -1
185, 105, -1
182, 207, -1
171, 207, -1
163, 203, -1
194, 181, -1
163, 212, -1
61, 173, -1
195, 173, -1
61, 182, -1
180, 130, -1
211, 108, -1
179, 174, -1
174, 208, -1
0, 181, -1
192, 104, -1
201, 180, -1
184, 109, -1
106, 171, -1
106, 180, -1
213, 163, -1
106, 189, -1
84, 189, -1
181, 103, -1
212, 109, -1
106, 198, -1
84, 198, -1
205, 168, -1
213, 181, -1
106, 207, -1
130, 174, -1
84, 207, -1
128, 204, -1
208, 84, -1
171, 184, -1
128, 213, -1
163, 180, -1
202, 171, -1
163, 189, -1
202, 180, -1
163, 198, -1
171, 211, -1
185, 109, -1
163, 207, -1
211, 103, -1
2, 109, -1
200, 103, -1
0, 176, -1
209, 179, -1
203, 108, -1
184, 104, -1
189, 182, -1
200, 130, -1
106, 184, -1
84, 184, -1
205, 163, -1
204, 109, -1
128, 199, -1
190, 183, -1
171, 179, -1
205, 181, -1
128, 208, -1
171, 188, -1
65, 179, -1
163, 184, -1
171, 197, -1
109, 213, -1
194, 171, -1
194, 180, -1
18, 174, -1
179, 128, -1
210, 106, -1
188, 106, -1
18, 183, -1
208, 182, -1
174, 189, -1
174, 198, -1
0, 171, -1
174, 207, -1
209, 174, -1
0, 180, -1
203, 103, -1
192, 103, -1
197, 181, -1
186, 181, -1
209, 183, -1
201, 179, -1
184, 108, -1
103, 183, -1
105, 202, -1
106, 179, -1
105, 211, -1
106, 188, -1
213, 171, -1
128, 185, -1
194, 130, -1
128, 194, -1
182, 174, -1
109, 190, -1
128, 203, -1
171, 183, -1
109, 199, -1
65, 174, -1
163, 179, -1
128, 212, -1
182, 192, -1
184, 211, -1
171, 192, -1
163, 188, -1
109, 208, -1
65, 183, -1
181, 205, -1
208, 168, -1
193, 179, -1
168, 104, -1
180, 106, -1
211, 84, -1
174, 184, -1
200, 84, -1
181, 61, -1
201, 174, -1
184, 103, -1
189, 181, -1
105, 197, -1
106, 174, -1
84, 174, -1
201, 183, -1
105, 206, -1
106, 183, -1
128, 180, -1
109, 176, -1
128, 189, -1
205, 171, -1
128, 198, -1
128, 207, -1
195, 108, -1
176, 104, -1
184, 206, -1
163, 183, -1
179, 109, -1
181, 191, -1
181, 200, -1
18, 173, -1
208, 163, -1
193, 174, -1
18, 182, -1
193, 183, -1
185, 179, -1
168, 108, -1
208, 181, -1
203, 84, -1
192, 84, -1
174, 206, -1
186, 171, -1
197, 171, -1
209, 173, -1
105, 183, -1
186, 180, -1
105, 192, -1
202, 106, -1
2, 179, -1
200, 182, -1
105, 210, -1
180, 213, -1
109, 171, -1
128, 184, -1
128, 193, -1
109, 189, -1
184, 192, -1
212, 174, -1
195, 103, -1
206, 103, -1
128, 202, -1
184, 201, -1
109, 198, -1
212, 183, -1
176, 108, -1
184, 210, -1
109, 207, -1
181, 213, -1
188, 109, -1
210, 109, -1
185, 174, -1
208, 176, -1
174, 183, -1
185, 183, -1
174, 192, -1
184, 84, -1
108, 183, -1
2, 174, -1
180, 199, -1
163, 128, -1
105, 196, -1
105, 205, -1
180, 208, -1
194, 106, -1
2, 183, -1
128, 179, -1
203, 182, -1
192, 182, -1
128, 188, -1
109, 184, -1
128, 197, -1
184, 196, -1
204, 174, -1
198, 103, -1
184, 205, -1
105, 61, -1
204, 183, -1
179, 108, -1
181, 190, -1
18, 163, -1
181, 199, -1
181, 208, -1
193, 173, -1
208, 171, -1
193, 182, -1
184, 61, -1
208, 180, -1
171, 109, -1
105, 173, -1
105, 182, -1
65, 109, -1
211, 163, -1
200, 163, -1
105, 191, -1
105, 200, -1
192, 168, -1
211, 181, -1
200, 181, -1
180, 212, -1
128, 174, -1
184, 173, -1
128, 183, -1
195, 84, -1
130, 211, -1
184, 191, -1
212, 173, -1
105, 47, -1
212, 182, -1
184, 200, -1
208, 130, -1
184, 209, -1
196, 174, -1
179, 103, -1
196, 183, -1
201, 109, -1
0, 128, -1
184, 47, -1
185, 173, -1
184, 65, -1
207, 179, -1
179, 206, -1
105, 168, -1
191, 180, -1
163, 109, -1
105, 186, -1
180, 189, -1
2, 173, -1
180, 198, -1
203, 163, -1
192, 163, -1
105, 195, -1
2, 182, -1
180, 207, -1
202, 109, -1
200, 176, -1
184, 168, -1
203, 181, -1
130, 197, -1
109, 174, -1
192, 181, -1
130, 206, -1
184, 186, -1
184, 195, -1
204, 173, -1
0, 105, -1
186, 106, -1
209, 108, -1
193, 163, -1
195, 182, -1
179, 192, -1
190, 103, -1
105, 163, -1
210, 179, -1
171, 108, -1
199, 179, -1
105, 181, -1
65, 108, -1
211, 171, -1
200, 171, -1
130, 183, -1
211, 180, -1
184, 163, -1
18, 103, -1
130, 192, -1
194, 109, -1
200, 180, -1
192, 176, -1
128, 2, -1
184, 190, -1
18, 130, -1
179, 84, -1
209, 103, -1
0, 109, -1
201, 108, -1
176, 173, -1
179, 196, -1
188, 174, -1
182, 103, -1
179, 205, -1
171, 103, -1
210, 174, -1
188, 183, -1
210, 183, -1
105, 176, -1
65, 103, -1
163, 108, -1
191, 179, -1
2, 163, -1
180, 188, -1
180, 197, -1
106, 211, -1
203, 171, -1
192, 171, -1
179, 61, -1
203, 180, -1
130, 196, -1
193, 108, -1
130, 205, -1
182, 206, -1
171, 206, -1
208, 106, -1
163, 211, -1
0, 104, -1
195, 163, -1
201, 103, -1
61, 181, -1
176, 168, -1
130, 61, -1
195, 181, -1
179, 173, -1
179, 191, -1
179, 200, -1
207, 182, -1
192, 130, -1
103, 192, -1
180, 174, -1
163, 103, -1
106, 197, -1
84, 197, -1
18, 84, -1
106, 206, -1
130, 173, -1
84, 206, -1
196, 109, -1
179, 47, -1
130, 182, -1
105, 18, -1
130, 191, -1
193, 103, -1
184, 171, -1
130, 200, -1
202, 179, -1
163, 197, -1
185, 108, -1
163, 206, -1
184, 0, -1
209, 84, -1
193, 130, -1
208, 128, -1
184, 18, -1
130, 47, -1
186, 109, -1
2, 108, -1
0, 184, -1
171, 84, -1
65, 84, -1
188, 173, -1
210, 173, -1
212, 103, -1
84, 183, -1
184, 130, -1
106, 192, -1
84, 192, -1
130, 168, -1
18, 106, -1
130, 195, -1
171, 196, -1
163, 192, -1
202, 174, -1
171, 205, -1
174, 103, -1
185, 103, -1
208, 105, -1
202, 183, -1
194, 179, -1
201, 84, -1
185, 130, -1
195, 171, -1
195, 180, -1
171, 61, -1
180, 128, -1
179, 163, -1
2, 103, -1
200, 106, -1
0, 179, -1
209, 182, -1
179, 190, -1
2, 130, -1
163, 84, -1
103, 182, -1
103, 191, -1
103, 200, -1
204, 103, -1
106, 196, -1
130, 163, -1
106, 205, -1
84, 205, -1
193, 84, -1
130, 181, -1
171, 182, -1
65, 173, -1
128, 211, -1
182, 191, -1
171, 191, -1
65, 182, -1
103, 47, -1
182, 200, -1
171, 200, -1
163, 196, -1
208, 109, -1
194, 174, -1
163, 205, -1
106, 61, -1
84, 61, -1
194, 183, -1
182, 47, -1
171, 47, -1
163, 61, -1
0, 174, -1
192, 106, -1
0, 183, -1
201, 173, -1
212, 84, -1
201, 182, -1
200, 128, -1
106, 173, -1
84, 173, -1
106, 182, -1
84, 182, -1
106, 191, -1
84, 191, -1
213, 174, -1
196, 103, -1
106, 200, -1
84, 200, -1
213, 183, -1
130, 176, -1
128, 206, -1
185, 84, -1
163, 182, -1
171, 195, -1
193, 106, -1
163, 191, -1
202, 173, -1
171, 204, -1
106, 47, -1
84, 47, -1
202, 182, -1
163, 200, -1
18, 181, -1
2, 84, -1
180, 109, -1
163, 47, -1
209, 163, -1
200, 105, -1
179, 171, -1
186, 179, -1
209, 181, -1
184, 106, -1
106, 168, -1
84, 168, -1
204, 84, -1
103, 181, -1
192, 128, -1
106, 195, -1
181, 109, -1
128, 192, -1
205, 174, -1
65, 163, -1
128, 201, -1
171, 181, -1
109, 197, -1
128, 210, -1
205, 183, -1
182, 190, -1
171, 190, -1
65, 181, -1
109, 206, -1
182, 199, -1
163, 195, -1
194, 173, -1
210, 108, -1
185, 182, -1
61, 174, -1
174, 182, -1
208, 184, -1
174, 191, -1
174, 200, -1
2, 106, -1
0, 173, -1
201, 163, -1
211, 109, -1
197, 174, -1
0, 182, -1
186, 174, -1
192, 105, -1
200, 109, -1
106, 163, -1
197, 183, -1
186, 183, -1
201, 181, -1
105, 204, -1
106, 181, -1
84, 181, -1
174, 47, -1
105, 213, -1
196, 84, -1
213, 173, -1
109, 183, -1
128, 196, -1
171, 176, -1
109, 192, -1
128, 205, -1
184, 204, -1
163, 181, -1
204, 182, -1
202, 163, -1
184, 213, -1
163, 190, -1
181, 189, -1
181, 198, -1
18, 171, -1
181, 207, -1
18, 180, -1
188, 103, -1
210, 103, -1
128, 61, -1
193, 181, -1
208, 179, -1
180, 108, -1
210, 130, -1
0, 168, -1
200, 104, -1
209, 171, -1
209, 180, -1
203, 109, -1
192, 109, -1
189, 174, -1
184, 105, -1
105, 190, -1
105, 199, -1
189, 183, -1
106, 176, -1
105, 208, -1
128, 173, -1
128, 182, -1
128, 191, -1
128, 200, -1
184, 199, -1
212, 181, -1
163, 176, -1
128, 209, -1
109, 205, -1
184, 208, -1
196, 173, -1
196, 182, -1
128, 47, -1
185, 163, -1
209, 130, -1
208, 174, -1
180, 103, -1
128, 65, -1
109, 61, -1
185, 181, -1
174, 181, -1
174, 190, -1
0, 163, -1
174, 199, -1
197, 173, -1
186, 173, -1
201, 171, -1
197, 182, -1
186, 182, -1
105, 194, -1
202, 108, -1
2, 181, -1
180, 206, -1
128, 168, -1
105, 203, -1
65, 130, -1
105, 212, -1
200, 184, -1
192, 180, -1
109, 173, -1
128, 186, -1
109, 182, -1
184, 185, -1
128, 195, -1
109, 191, -1
184, 194, -1
109, 200, -1
184, 203, -1
204, 181, -1
184, 212, -1
188, 84, -1
210, 84, -1
181, 197, -1
181, 206, -1
193, 171, -1
18, 179, -1
109, 47, -1
193, 180, -1
201, 130, -1
174, 176, -1
186, 104, -1
197, 104, -1
196, 106, -1
61, 180, -1
196, 179, -1
198, 176, -1
211, 106, -1
182, 189, -1
2, 176, -1
202, 176, -1
103, 173, -1
210, 104, -1
213, 106, -1
212, 171, -1
196, 163, -1
213, 179, -1
204, 176, -1
206, 173, -1
179, 211, -1
205, 184, -1
191, 130, -1
200, 108, -1
203, 104, -1
191, 84, -1
84, 171, -1
208, 173, -1
109, 179, -1
213, 108, -1
190, 106, -1
205, 104, -1
209, 104, -1
181, 130, -1
193, 104, -1
203, 106, -1
197, 184, -1
200, 183, -1
194, 176, -1
207, 106, -1
195, 104, -1
171, 104, -1
204, 171, -1
205, 106, -1
182, 168, -1
190, 181, -1
65, 104, -1
205, 179, -1
196, 176, -1
198, 173, -1
213, 128, -1
174, 203, -1
211, 176, -1
192, 108, -1
207, 108, -1
212, 104, -1
188, 104, -1
61, 106, -1
191, 109, -1
213, 176, -1
205, 108, -1
171, 106, -1
182, 106, -1
197, 106, -1
201, 104, -1
197, 179, -1
185, 104, -1
192, 183, -1
199, 106, -1
213, 105, -1
61, 108, -1
188, 179, -1
190, 176, -1
163, 104, -1
196, 171, -1
2, 104, -1
197, 108, -1
202, 104, -1
203, 176, -1
181, 84, -1
18, 176, -1
212, 163, -1
188, 163, -1
199, 108, -1
180, 104, -1
179, 203, -1
180, 168, -1
207, 130, -1
213, 180, -1
205, 176, -1
163, 106, -1
209, 176, -1
200, 173, -1
189, 106, -1
84, 163, -1
197, 128, -1
191, 106, -1
205, 105, -1
181, 168, -1
206, 106, -1
195, 106, -1
65, 176, -1
174, 211, -1
197, 176, -1
186, 176, -1
194, 104, -1
213, 130, -1
213, 84, -1
197, 130, -1
180, 163, -1
188, 176, -1
210, 176, -1
190, 173, -1
191, 108, -1
212, 106, -1
174, 195, -1
212, 179, -1
197, 105, -1
211, 104, -1
206, 181, -1
205, 128, -1
201, 176, -1
192, 173, -1
207, 109, -1
208, 108, -1
174, 106, -1
204, 104, -1
198, 106, -1
207, 84, -1
197, 180, -1
205, 130, -1
189, 176, -1
205, 84, -1
193, 176, -1
188, 171, -1
208, 183, -1
109, 180, -1
182, 173, -1
204, 106, -1
61, 176, -1
204, 179, -1
206, 176, -1
195, 176, -1
179, 104, -1
179, 168, -1
18, 104, -1
198, 181, -1
61, 84, -1
182, 84, -1
179, 195, -1
199, 109, -1
191, 105, -1
197, 84, -1
204, 163, -1
212, 176, -1
181, 106, -1
196, 104, -1
213, 184, -1
199, 130, -1
205, 180, -1
179, 106, -1
199, 84, -1
185, 176, -1
103, 189, -1
180, 171, -1
213, 104, -1
188, 184, -1
174, 130, -1
210, 184, -1
190, 184, -1
212, 184, -1
204, 128, -1
180, 195, -1
195, 128, -1
182, 195, -1
186, 128, -1
196, 130, -1
163, 130, -1
65, 128, -1
211, 130, -1
198, 130, -1
181, 211, -1
201, 184, -1
18, 184, -1
203, 184, -1
189, 130, -1
194, 184, -1
185, 184, -1
188, 128, -1
210, 128, -1
212, 128, -1
61, 130, -1
206, 130, -1
171, 130, -1
181, 195, -1
204, 130, -1
180, 203, -1
182, 130, -1
195, 130, -1
196, 184, -1
209, 184, -1
182, 203, -1
189, 184, -1
211, 184, -1
198, 184, -1
203, 128, -1
179, 130, -1
201, 128, -1
202, 184, -1
194, 128, -1
18, 128, -1
2, 184, -1
193, 184, -1
185, 128, -1
190, 130, -1
212, 130, -1
61, 184, -1
204, 184, -1
195, 184, -1
206, 184, -1
65, 184, -1
209, 128, -1
196, 128, -1
186, 184, -1
211, 128, -1
181, 203, -1
182, 211, -1
180, 211, -1
2, 128, -1
202, 128, -1
193, 128, -1
203, 130, -1

