107, 108, 1
39, 28, 1
84, 95, 1
88, 209, -1
0, 87, -1
156, 131, -1
123, 49, -1
144, 47, -1
65, 183, -1
45, 192, -1

72, 75, 1
92, 172, -1
119, 25, -1
32, 193, -1
190, 61, -1
132, 16, -1
124, 192, -1
124, 162, -1
77, 196, -1
178, 1, -1

136, 139, 1
15, 16, 1
12, 159, -1
154, 10, -1
195, 128, -1
82, 60, -1
88, 58, -1
204, 106, -1
191, 64, -1
97, 192, -1

102, 109, 1
6, 16, 1
25, 95, -1
166, 142, -1
56, 149, -1
84, 22, -1
81, 147, -1
24, 148, -1
54, 124, -1
77, 200, -1

97, 76, 1
119, 140, 1
99, 204, -1
126, 52, -1
153, 65, -1
56, 75, -1
76, 6, -1
105, 29, -1
71, 179, -1
45, 200, -1
97, 6, -1

198, 190, 1
30, 57, 1
17, 34, 1
157, 30, -1
35, 161, -1
180, 128, -1
169, 177, -1
146, 3, -1
2, 210, -1
5, 81, -1
57, 157, -1

109, 117, 1
203, 207, 1
75, 141, 1
144, 61, -1
191, 163, -1
42, 161, -1
50, 86, -1
169, 56, -1
157, 66, -1
192, 27, -1

57, 42, 1
121, 80, 1
5, 20, 1
186, 47, -1
88, 66, -1
199, 160, -1
71, 174, -1
148, 123, -1
49, 102, -1
149, 51, -1

198, 210, 1
110, 100, 1
189, 209, 1
38, 190, -1
212, 55, -1
176, 116, -1
162, 144, -1
74, 65, -1
93, 7, -1
3, 188, -1

134, 140, 1
91, 108, 1
157, 45, -1
126, 199, -1
75, 59, -1
72, 20, -1
193, 172, -1
199, 95, -1
76, 191, -1
68, 70, -1

