174, 175, 1
166, 175, 1
166, 174, 1
169, 175, 1
169, 174, 1
169, 166, 1
173, 175, 1
173, 174, 1
173, 166, 1
173, 169, 1
167, 175, 1
167, 174, 1
167, 166, 1
167, 169, 1
167, 173, 1
175, 174, 1
175, 167, 1
166, 167, 1
175, 173, 1
173, 167, 1
174, 167, 1
174, 173, 1
169, 173, 1
169, 167, 1
175, 166, 1
174, 166, 1
166, 173, 1
182, 175, -1
174, 182, -1
166, 182, -1
169, 182, -1
173, 182, -1
106, 175, -1
106, 174, -1
106, 166, -1
106, 169, -1
106, 173, -1
106, 182, -1
167, 182, -1
167, 106, -1
182, 174, -1
175, 106, -1
182, 167, -1
182, 173, -1
106, 167, -1
182, 166, -1
175, 182, -1
169, 106, -1

170, 175, 1
170, 174, 1
170, 166, 1
170, 169, 1
170, 173, 1
170, 167, 1
168, 175, 1
168, 174, 1
168, 166, 1
168, 169, 1
168, 173, 1
168, 167, 1
168, 170, 1
166, 175, 1
173, 175, 1
174, 175, 1
175, 167, 1
169, 175, 1
173, 174, 1
166, 167, 1
169, 174, 1
173, 167, 1
174, 167, 1
169, 167, 1
169, 173, 1
173, 166, 1
169, 170, 1
174, 166, 1
169, 166, 1
166, 174, 1
167, 174, 1
166, 173, 1
167, 173, 1
167, 170, 1
167, 166, 1
174, 173, 1
2, 175, -1
2, 174, -1
2, 166, -1
2, 169, -1
2, 173, -1
2, 167, -1
2, 182, -1
2, 106, -1
170, 182, -1
170, 106, -1
170, 2, -1
168, 182, -1
168, 106, -1
168, 2, -1
188, 175, -1
188, 174, -1
188, 166, -1
188, 169, -1
188, 173, -1
188, 167, -1
188, 170, -1
188, 168, -1
188, 182, -1
188, 106, -1
188, 2, -1
174, 182, -1
169, 106, -1
106, 166, -1
106, 175, -1
169, 182, -1
169, 2, -1
169, 188, -1
182, 167, -1
173, 106, -1
173, 182, -1
106, 174, -1
166, 106, -1
166, 182, -1
182, 175, -1
168, 188, -1
106, 167, -1
106, 173, -1
174, 106, -1
170, 188, -1
182, 174, -1
182, 173, -1
167, 106, -1
167, 2, -1
182, 166, -1
167, 182, -1
167, 188, -1

164, 175, 1
164, 174, 1
164, 166, 1
164, 169, 1
164, 173, 1
164, 167, 1
164, 170, 1
164, 168, 1
129, 106, 1
109, 106, 1
109, 129, 1
165, 175, 1
165, 174, 1
165, 166, 1
165, 169, 1
165, 173, 1
165, 167, 1
165, 170, 1
165, 168, 1
165, 164, 1
166, 175, 1
168, 175, 1
164, 165, 1
173, 174, 1
170, 166, 1
169, 164, 1
169, 167, 1
169, 173, 1
169, 170, 1
174, 166, 1
170, 175, 1
174, 175, 1
168, 165, 1
168, 174, 1
173, 167, 1
129, 109, 1
169, 166, 1
170, 165, 1
170, 174, 1
175, 167, 1
169, 175, 1
166, 167, 1
166, 173, 1
168, 164, 1
175, 173, 1
168, 167, 1
168, 173, 1
168, 170, 1
173, 166, 1
173, 175, 1
170, 164, 1
170, 167, 1
169, 165, 1
169, 174, 1
170, 173, 1
106, 109, 1
174, 167, 1
174, 173, 1
168, 166, 1
168, 169, 1
166, 165, 1
167, 175, 1
167, 165, 1
173, 165, 1
166, 174, 1
174, 165, 1
167, 174, 1
167, 164, 1
167, 173, 1
167, 170, 1
167, 166, 1
175, 174, 1
175, 164, 1
175, 170, 1
175, 169, 1
175, 166, 1
175, 165, 1
164, 182, -1
164, 106, -1
164, 2, -1
164, 188, -1
129, 175, -1
129, 174, -1
129, 166, -1
129, 169, -1
129, 173, -1
129, 167, -1
129, 170, -1
129, 168, -1
129, 164, -1
129, 182, -1
129, 2, -1
129, 188, -1
109, 175, -1
109, 174, -1
109, 166, -1
109, 169, -1
109, 173, -1
109, 167, -1
109, 170, -1
109, 168, -1
109, 164, -1
109, 182, -1
109, 2, -1
109, 188, -1
165, 182, -1
165, 106, -1
165, 129, -1
165, 109, -1
165, 2, -1
165, 188, -1
188, 175, -1
174, 182, -1
129, 165, -1
2, 106, -1
168, 129, -1
2, 164, -1
170, 188, -1
2, 109, -1
2, 167, -1
2, 173, -1
169, 109, -1
169, 106, -1
106, 169, -1
106, 166, -1
109, 165, -1
106, 175, -1
169, 182, -1
169, 2, -1
169, 188, -1
188, 165, -1
188, 174, -1
182, 167, -1
164, 109, -1
2, 166, -1
2, 175, -1
173, 182, -1
106, 165, -1
106, 174, -1
188, 109, -1
188, 167, -1
188, 173, -1
168, 109, -1
169, 129, -1
168, 106, -1
166, 182, -1
182, 175, -1
168, 182, -1
168, 2, -1
168, 188, -1
2, 165, -1
106, 164, -1
170, 106, -1
2, 174, -1
106, 167, -1
170, 109, -1
106, 173, -1
188, 166, -1
170, 182, -1
170, 2, -1
106, 182, -1
106, 188, -1
182, 165, -1
170, 129, -1
182, 174, -1
167, 182, -1
182, 173, -1
166, 106, -1
173, 109, -1
167, 109, -1
167, 106, -1
166, 109, -1
182, 166, -1
173, 106, -1
174, 106, -1
167, 2, -1
167, 188, -1
175, 106, -1
175, 109, -1
174, 109, -1
175, 182, -1
175, 2, -1
175, 188, -1

171, 175, 1
171, 174, 1
171, 166, 1
171, 169, 1
171, 173, 1
171, 167, 1
171, 170, 1
171, 168, 1
171, 164, 1
171, 165, 1
67, 2, 1
172, 175, 1
172, 174, 1
172, 166, 1
172, 169, 1
172, 173, 1
172, 167, 1
172, 170, 1
172, 168, 1
172, 164, 1
172, 165, 1
172, 171, 1
166, 175, 1
168, 172, 1
168, 175, 1
165, 167, 1
173, 174, 1
164, 165, 1
164, 171, 1
164, 174, 1
170, 166, 1
169, 164, 1
165, 173, 1
169, 167, 1
169, 173, 1
170, 172, 1
169, 170, 1
174, 166, 1
170, 175, 1
174, 175, 1
168, 165, 1
168, 171, 1
168, 174, 1
165, 166, 1
173, 167, 1
164, 167, 1
164, 173, 1
169, 166, 1
165, 175, 1
170, 165, 1
170, 171, 1
170, 174, 1
169, 172, 1
175, 167, 1
169, 175, 1
166, 167, 1
168, 164, 1
168, 167, 1
168, 173, 1
168, 170, 1
173, 166, 1
171, 172, 1
164, 166, 1
164, 175, 1
173, 175, 1
165, 174, 1
170, 164, 1
164, 172, 1
170, 167, 1
169, 165, 1
169, 171, 1
169, 174, 1
170, 173, 1
174, 167, 1
168, 166, 1
168, 169, 1
166, 165, 1
167, 175, 1
167, 165, 1
167, 171, 1
166, 174, 1
173, 165, 1
167, 174, 1
167, 164, 1
166, 173, 1
167, 173, 1
167, 170, 1
167, 166, 1
167, 172, 1
175, 174, 1
175, 164, 1
174, 165, 1
175, 170, 1
175, 173, 1
175, 169, 1
174, 173, 1
175, 166, 1
175, 172, 1
175, 165, 1
175, 171, 1
171, 182, -1
171, 106, -1
171, 129, -1
171, 109, -1
171, 2, -1
171, 188, -1
67, 175, -1
67, 174, -1
67, 166, -1
67, 169, -1
67, 173, -1
67, 167, -1
67, 170, -1
67, 168, -1
67, 164, -1
67, 165, -1
67, 171, -1
67, 182, -1
67, 106, -1
67, 129, -1
67, 109, -1
67, 188, -1
159, 175, -1
159, 174, -1
159, 166, -1
159, 169, -1
159, 173, -1
159, 167, -1
159, 170, -1
159, 168, -1
159, 164, -1
159, 165, -1
159, 171, -1
159, 182, -1
159, 106, -1
159, 129, -1
159, 109, -1
159, 2, -1
159, 67, -1
159, 188, -1
172, 182, -1
172, 106, -1
172, 129, -1
172, 109, -1
172, 2, -1
172, 67, -1
172, 188, -1
172, 159, -1
129, 171, -1
2, 167, -1
165, 182, -1
169, 182, -1
129, 164, -1
129, 2, -1
106, 171, -1
169, 129, -1
168, 109, -1
167, 159, -1
182, 175, -1
168, 2, -1
2, 171, -1
106, 173, -1
170, 2, -1
169, 67, -1
188, 175, -1
2, 164, -1
171, 67, -1
2, 109, -1
2, 173, -1
169, 106, -1
2, 182, -1
106, 166, -1
109, 165, -1
67, 159, -1
106, 175, -1
109, 174, -1
168, 159, -1
169, 188, -1
164, 109, -1
170, 159, -1
2, 166, -1
129, 173, -1
2, 175, -1
174, 159, -1
109, 167, -1
129, 166, -1
168, 182, -1
2, 159, -1
129, 175, -1
170, 109, -1
170, 182, -1
67, 172, -1
174, 182, -1
164, 159, -1
2, 106, -1
168, 129, -1
2, 170, -1
166, 159, -1
106, 172, -1
188, 165, -1
188, 174, -1
182, 167, -1
129, 170, -1
168, 67, -1
2, 172, -1
106, 165, -1
164, 182, -1
106, 174, -1
170, 67, -1
188, 167, -1
168, 106, -1
166, 182, -1
2, 165, -1
168, 188, -1
129, 172, -1
170, 106, -1
106, 167, -1
170, 188, -1
171, 159, -1
173, 159, -1
129, 165, -1
129, 174, -1
169, 109, -1
175, 159, -1
164, 67, -1
2, 188, -1
169, 2, -1
188, 171, -1
129, 167, -1
173, 182, -1
164, 188, -1
188, 164, -1
109, 173, -1
188, 173, -1
165, 159, -1
129, 169, -1
169, 159, -1
106, 164, -1
2, 174, -1
109, 166, -1
188, 166, -1
109, 175, -1
182, 165, -1
182, 174, -1
165, 106, -1
167, 109, -1
165, 109, -1
167, 106, -1
129, 67, -1
159, 172, -1
167, 182, -1
167, 2, -1
167, 188, -1
170, 129, -1
182, 173, -1
173, 109, -1
173, 106, -1
164, 106, -1
166, 106, -1
166, 109, -1
182, 166, -1
2, 168, -1
167, 67, -1
174, 106, -1
188, 172, -1
109, 171, -1
109, 164, -1
175, 67, -1
175, 106, -1
175, 109, -1
174, 109, -1
175, 2, -1
109, 172, -1
175, 182, -1
175, 188, -1

180, 182, 1
201, 188, 1
105, 106, 1
105, 129, 1
105, 109, 1
130, 106, 1
130, 129, 1
130, 109, 1
130, 105, 1
129, 130, 1
129, 106, 1
106, 109, 1
129, 109, 1
105, 130, 1
106, 105, 1
109, 105, 1
129, 105, 1
109, 130, 1
106, 130, 1
180, 175, -1
180, 174, -1
180, 166, -1
180, 169, -1
180, 173, -1
180, 167, -1
180, 170, -1
180, 168, -1
180, 164, -1
180, 165, -1
180, 171, -1
180, 172, -1
180, 106, -1
180, 129, -1
180, 109, -1
180, 2, -1
180, 67, -1
180, 188, -1
180, 159, -1
201, 175, -1
201, 174, -1
201, 166, -1
201, 169, -1
201, 173, -1
201, 167, -1
201, 170, -1
201, 168, -1
201, 164, -1
201, 165, -1
201, 171, -1
201, 172, -1
201, 182, -1
201, 180, -1
201, 106, -1
201, 129, -1
201, 109, -1
201, 2, -1
201, 67, -1
201, 159, -1
105, 175, -1
105, 174, -1
105, 166, -1
105, 169, -1
105, 173, -1
105, 167, -1
105, 170, -1
105, 168, -1
105, 164, -1
105, 165, -1
105, 171, -1
105, 172, -1
105, 182, -1
105, 180, -1
105, 2, -1
105, 67, -1
105, 188, -1
105, 201, -1
105, 159, -1
130, 175, -1
130, 174, -1
130, 166, -1
130, 169, -1
130, 173, -1
130, 167, -1
130, 170, -1
130, 168, -1
130, 164, -1
130, 165, -1
130, 171, -1
130, 172, -1
130, 182, -1
130, 180, -1
130, 2, -1
130, 67, -1
130, 188, -1
130, 201, -1
130, 159, -1
129, 171, -1
170, 105, -1
165, 182, -1
109, 159, -1
188, 159, -1
2, 130, -1
129, 201, -1
169, 182, -1
129, 164, -1
171, 109, -1
171, 182, -1
180, 130, -1
129, 2, -1
106, 171, -1
106, 180, -1
67, 109, -1
168, 109, -1
169, 129, -1
67, 182, -1
188, 182, -1
182, 175, -1
168, 130, -1
106, 173, -1
106, 182, -1
172, 182, -1
170, 130, -1
129, 159, -1
188, 175, -1
2, 109, -1
129, 180, -1
169, 106, -1
2, 182, -1
106, 166, -1
109, 165, -1
106, 175, -1
109, 174, -1
169, 188, -1
164, 109, -1
129, 173, -1
171, 188, -1
129, 182, -1
106, 159, -1
109, 167, -1
106, 67, -1
129, 166, -1
168, 182, -1
129, 175, -1
170, 109, -1
170, 182, -1
106, 188, -1
188, 172, -1
182, 174, -1
2, 106, -1
168, 129, -1
129, 67, -1
106, 172, -1
188, 165, -1
170, 129, -1
188, 174, -1
182, 167, -1
129, 170, -1
106, 2, -1
129, 188, -1
169, 105, -1
106, 165, -1
164, 182, -1
106, 174, -1
188, 167, -1
168, 106, -1
67, 188, -1
168, 188, -1
129, 172, -1
170, 106, -1
106, 167, -1
170, 188, -1
129, 165, -1
129, 174, -1
201, 105, -1
169, 109, -1
106, 169, -1
2, 188, -1
188, 180, -1
129, 167, -1
182, 159, -1
173, 182, -1
188, 164, -1
188, 109, -1
109, 173, -1
188, 173, -1
180, 105, -1
182, 166, -1
109, 182, -1
129, 169, -1
106, 201, -1
106, 164, -1
172, 109, -1
109, 166, -1
188, 166, -1
201, 130, -1
109, 175, -1
168, 105, -1
172, 130, -1
169, 201, -1
174, 130, -1
171, 180, -1
172, 105, -1
174, 105, -1
165, 130, -1
169, 130, -1
67, 180, -1
168, 180, -1
165, 105, -1
2, 105, -1
171, 130, -1
182, 130, -1
168, 201, -1
164, 130, -1
173, 130, -1
170, 180, -1
171, 105, -1
182, 105, -1
173, 105, -1
67, 130, -1
164, 105, -1
166, 130, -1
188, 130, -1
2, 180, -1
169, 180, -1
166, 105, -1
188, 105, -1
67, 105, -1
2, 129, -1
165, 106, -1
171, 106, -1
166, 106, -1
172, 106, -1
182, 106, -1
67, 106, -1
173, 106, -1
188, 106, -1
174, 106, -1
164, 106, -1

108, 106, 1
108, 129, 1
108, 109, 1
108, 105, 1
108, 130, 1
163, 175, 1
163, 174, 1
163, 166, 1
163, 169, 1
163, 173, 1
163, 167, 1
163, 170, 1
163, 168, 1
163, 164, 1
163, 165, 1
163, 171, 1
163, 172, 1
183, 182, 1
183, 180, 1
186, 188, 1
186, 201, 1
189, 188, 1
189, 201, 1
189, 186, 1
130, 106, 1
164, 165, 1
164, 174, 1
165, 173, 1
172, 166, 1
186, 189, 1
168, 171, 1
105, 109, 1
188, 189, 1
164, 167, 1
165, 175, 1
170, 171, 1
129, 130, 1
169, 175, 1
201, 189, 1
166, 167, 1
168, 164, 1
168, 173, 1
171, 175, 1
105, 129, 1
170, 164, 1
106, 109, 1
168, 166, 1
173, 174, 1
164, 171, 1
170, 166, 1
169, 170, 1
174, 166, 1
172, 175, 1
105, 106, 1
173, 167, 1
180, 182, 1
129, 109, 1
164, 173, 1
169, 172, 1
175, 167, 1
201, 186, 1
171, 172, 1
164, 166, 1
164, 175, 1
165, 174, 1
169, 165, 1
169, 174, 1
170, 173, 1
201, 188, 1
171, 165, 1
168, 175, 1
171, 174, 1
165, 167, 1
169, 167, 1
170, 175, 1
174, 175, 1
171, 167, 1
129, 106, 1
172, 165, 1
172, 174, 1
168, 170, 1
173, 166, 1
169, 171, 1
172, 167, 1
166, 175, 1
168, 172, 1
130, 109, 1
169, 164, 1
169, 173, 1
170, 172, 1
168, 165, 1
168, 174, 1
171, 173, 1
165, 166, 1
169, 166, 1
105, 130, 1
170, 165, 1
170, 174, 1
168, 167, 1
171, 166, 1
173, 175, 1
164, 172, 1
170, 167, 1
172, 173, 1
174, 167, 1
168, 169, 1
180, 183, 1
173, 165, 1
182, 183, 1
167, 164, 1
167, 173, 1
170, 163, 1
106, 105, 1
167, 170, 1
172, 163, 1
106, 108, 1
166, 165, 1
166, 174, 1
171, 164, 1
130, 108, 1
167, 166, 1
167, 163, 1
167, 169, 1
169, 163, 1
167, 172, 1
167, 175, 1
172, 171, 1
174, 165, 1
166, 173, 1
105, 108, 1
171, 163, 1
129, 105, 1
109, 130, 1
129, 108, 1
164, 163, 1
167, 165, 1
167, 171, 1
172, 164, 1
167, 174, 1
109, 105, 1
168, 163, 1
106, 130, 1
175, 174, 1
175, 164, 1
130, 105, 1
175, 170, 1
175, 173, 1
175, 163, 1
175, 169, 1
174, 173, 1
175, 166, 1
175, 172, 1
175, 165, 1
175, 171, 1
130, 129, 1
108, 175, -1
108, 174, -1
108, 166, -1
108, 169, -1
108, 173, -1
108, 167, -1
108, 170, -1
108, 168, -1
108, 164, -1
108, 165, -1
108, 171, -1
108, 172, -1
108, 182, -1
108, 180, -1
108, 2, -1
108, 67, -1
108, 188, -1
108, 201, -1
108, 159, -1
163, 182, -1
163, 180, -1
163, 106, -1
163, 129, -1
163, 109, -1
163, 105, -1
163, 130, -1
163, 108, -1
163, 2, -1
163, 67, -1
163, 188, -1
163, 201, -1
163, 159, -1
183, 175, -1
183, 174, -1
183, 166, -1
183, 169, -1
183, 173, -1
183, 167, -1
183, 170, -1
183, 168, -1
183, 164, -1
183, 165, -1
183, 171, -1
183, 172, -1
183, 163, -1
183, 106, -1
183, 129, -1
183, 109, -1
183, 105, -1
183, 130, -1
183, 108, -1
183, 2, -1
183, 67, -1
183, 188, -1
183, 201, -1
183, 159, -1
186, 175, -1
186, 174, -1
186, 166, -1
186, 169, -1
186, 173, -1
186, 167, -1
186, 170, -1
186, 168, -1
186, 164, -1
186, 165, -1
186, 171, -1
186, 172, -1
186, 163, -1
186, 182, -1
186, 180, -1
186, 183, -1
186, 106, -1
186, 129, -1
186, 109, -1
186, 105, -1
186, 130, -1
186, 108, -1
186, 2, -1
186, 67, -1
186, 159, -1
189, 175, -1
189, 174, -1
189, 166, -1
189, 169, -1
189, 173, -1
189, 167, -1
189, 170, -1
189, 168, -1
189, 164, -1
189, 165, -1
189, 171, -1
189, 172, -1
189, 163, -1
189, 182, -1
189, 180, -1
189, 183, -1
189, 106, -1
189, 129, -1
189, 109, -1
189, 105, -1
189, 130, -1
189, 108, -1
189, 2, -1
189, 67, -1
189, 159, -1
172, 130, -1
129, 171, -1
105, 171, -1
105, 180, -1
201, 166, -1
171, 180, -1
105, 189, -1
2, 167, -1
171, 189, -1
130, 188, -1
164, 183, -1
165, 182, -1
109, 159, -1
188, 159, -1
2, 130, -1
129, 201, -1
169, 182, -1
180, 164, -1
67, 171, -1
129, 164, -1
105, 164, -1
130, 163, -1
166, 183, -1
168, 180, -1
171, 109, -1
105, 173, -1
130, 172, -1
67, 180, -1
201, 159, -1
67, 189, -1
105, 182, -1
171, 182, -1
180, 130, -1
172, 159, -1
129, 2, -1
164, 130, -1
168, 201, -1
201, 180, -1
106, 171, -1
67, 164, -1
106, 180, -1
169, 129, -1
168, 109, -1
67, 109, -1
67, 173, -1
106, 189, -1
109, 188, -1
172, 189, -1
67, 182, -1
105, 166, -1
130, 165, -1
170, 201, -1
188, 182, -1
105, 175, -1
130, 174, -1
182, 175, -1
167, 159, -1
168, 2, -1
168, 130, -1
2, 171, -1
108, 189, -1
201, 109, -1
163, 189, -1
130, 67, -1
201, 173, -1
2, 180, -1
2, 189, -1
201, 182, -1
106, 173, -1
170, 2, -1
169, 67, -1
67, 166, -1
106, 182, -1
169, 186, -1
172, 182, -1
170, 130, -1
129, 159, -1
105, 159, -1
67, 175, -1
188, 175, -1
130, 167, -1
105, 186, -1
2, 164, -1
2, 109, -1
173, 183, -1
164, 180, -1
129, 180, -1
2, 173, -1
180, 189, -1
169, 106, -1
129, 189, -1
201, 175, -1
2, 182, -1
106, 166, -1
109, 165, -1
167, 182, -1
106, 175, -1
201, 129, -1
109, 174, -1
168, 159, -1
169, 188, -1
175, 183, -1
180, 109, -1
105, 170, -1
180, 173, -1
164, 109, -1
170, 159, -1
129, 173, -1
105, 188, -1
2, 166, -1
168, 189, -1
171, 188, -1
129, 182, -1
2, 175, -1
106, 159, -1
174, 159, -1
169, 108, -1
109, 167, -1
201, 67, -1
170, 180, -1
159, 180, -1
106, 67, -1
188, 106, -1
170, 189, -1
105, 163, -1
180, 166, -1
171, 108, -1
105, 172, -1
180, 175, -1
129, 166, -1
168, 182, -1
129, 175, -1
201, 106, -1
201, 170, -1
130, 183, -1
165, 183, -1
170, 109, -1
172, 106, -1
169, 183, -1
170, 182, -1
159, 182, -1
67, 172, -1
188, 108, -1
106, 188, -1
172, 188, -1
188, 172, -1
105, 165, -1
174, 182, -1
164, 159, -1
105, 174, -1
182, 174, -1
2, 106, -1
168, 129, -1
171, 183, -1
201, 163, -1
201, 108, -1
129, 67, -1
129, 186, -1
105, 67, -1
201, 172, -1
106, 163, -1
166, 159, -1
106, 172, -1
172, 108, -1
164, 189, -1
67, 165, -1
188, 165, -1
67, 174, -1
180, 106, -1
188, 174, -1
105, 167, -1
109, 183, -1
182, 167, -1
108, 163, -1
188, 183, -1
129, 170, -1
168, 67, -1
168, 186, -1
180, 188, -1
2, 172, -1
201, 165, -1
169, 105, -1
129, 188, -1
201, 174, -1
106, 165, -1
164, 182, -1
201, 183, -1
106, 174, -1
67, 167, -1
106, 183, -1
170, 67, -1
170, 186, -1
188, 167, -1
172, 183, -1
168, 106, -1
180, 108, -1
180, 172, -1
129, 163, -1
166, 182, -1
129, 172, -1
168, 188, -1
130, 171, -1
2, 165, -1
67, 188, -1
163, 183, -1
201, 167, -1
130, 180, -1
170, 106, -1
130, 189, -1
106, 167, -1
167, 183, -1
169, 180, -1
170, 188, -1
180, 165, -1
171, 159, -1
173, 159, -1
168, 108, -1
180, 174, -1
129, 165, -1
169, 201, -1
130, 164, -1
129, 174, -1
130, 173, -1
201, 105, -1
129, 183, -1
105, 183, -1
130, 182, -1
169, 109, -1
175, 159, -1
170, 108, -1
173, 189, -1
105, 201, -1
2, 188, -1
169, 2, -1
180, 167, -1
169, 130, -1
188, 180, -1
175, 180, -1
109, 189, -1
129, 167, -1
168, 183, -1
130, 166, -1
164, 106, -1
105, 2, -1
130, 175, -1
201, 171, -1
173, 182, -1
164, 188, -1
170, 183, -1
172, 180, -1
188, 164, -1
188, 109, -1
109, 173, -1
188, 173, -1
109, 182, -1
174, 183, -1
175, 182, -1
182, 166, -1
165, 159, -1
130, 159, -1
188, 130, -1
169, 159, -1
164, 108, -1
201, 164, -1
106, 164, -1
108, 183, -1
2, 174, -1
172, 109, -1
167, 180, -1
165, 189, -1
201, 2, -1
109, 166, -1
188, 166, -1
201, 130, -1
109, 175, -1
168, 105, -1
169, 189, -1
167, 109, -1
165, 109, -1
170, 105, -1
159, 169, -1
174, 105, -1
167, 2, -1
167, 130, -1
173, 106, -1
2, 105, -1
159, 171, -1
164, 105, -1
159, 164, -1
180, 159, -1
166, 105, -1
167, 189, -1
174, 130, -1
165, 106, -1
171, 67, -1
164, 201, -1
171, 106, -1
172, 67, -1
173, 105, -1
174, 189, -1
166, 130, -1
108, 186, -1
159, 173, -1
167, 67, -1
167, 186, -1
67, 163, -1
130, 201, -1
67, 108, -1
188, 163, -1
182, 165, -1
167, 106, -1
159, 166, -1
159, 175, -1
167, 188, -1
170, 129, -1
67, 105, -1
173, 109, -1
165, 105, -1
2, 163, -1
166, 189, -1
167, 108, -1
159, 168, -1
173, 130, -1
180, 163, -1
166, 109, -1
171, 105, -1
105, 169, -1
182, 105, -1
175, 130, -1
159, 170, -1
174, 106, -1
188, 105, -1
201, 169, -1
159, 163, -1
172, 105, -1
159, 172, -1
171, 201, -1
165, 130, -1
188, 171, -1
182, 173, -1
175, 189, -1
67, 183, -1
2, 108, -1
159, 165, -1
182, 130, -1
171, 130, -1
159, 174, -1
166, 106, -1
180, 105, -1
129, 169, -1
106, 201, -1
67, 130, -1
172, 201, -1
159, 167, -1
2, 183, -1
182, 159, -1
180, 171, -1
109, 171, -1
164, 67, -1
109, 164, -1
175, 67, -1
175, 186, -1
175, 106, -1
175, 109, -1
2, 129, -1
130, 169, -1
109, 163, -1
67, 106, -1
174, 109, -1
182, 106, -1
175, 108, -1
109, 172, -1
175, 2, -1
106, 169, -1
175, 188, -1

196, 188, 1
196, 201, 1
196, 186, 1
196, 189, 1
128, 106, 1
128, 129, 1
128, 109, 1
128, 105, 1
128, 130, 1
128, 108, 1
0, 2, 1
0, 67, 1
185, 188, 1
185, 201, 1
185, 186, 1
185, 189, 1
185, 196, 1
110, 106, 1
110, 129, 1
110, 109, 1
110, 105, 1
110, 130, 1
110, 108, 1
110, 128, 1
181, 182, 1
181, 180, 1
181, 183, 1
105, 110, 1
130, 106, 1
180, 183, 1
129, 110, 1
108, 109, 1
130, 109, 1
182, 183, 1
188, 196, 1
106, 108, 1
109, 110, 1
186, 189, 1
201, 196, 1
105, 106, 1
105, 109, 1
130, 108, 1
129, 106, 1
180, 182, 1
188, 189, 1
129, 109, 1
105, 130, 1
188, 201, 1
106, 110, 1
128, 110, 1
186, 188, 1
129, 130, 1
201, 186, 1
201, 189, 1
105, 108, 1
108, 110, 1
130, 110, 1
129, 108, 1
105, 129, 1
106, 109, 1
201, 188, 1
2, 67, 1
186, 196, 1
186, 185, 1
201, 185, 1
108, 130, 1
129, 105, 1
109, 130, 1
180, 181, 1
106, 130, 1
108, 105, 1
130, 105, 1
106, 105, 1
109, 105, 1
106, 129, 1
130, 129, 1
196, 175, -1
196, 174, -1
196, 166, -1
196, 169, -1
196, 173, -1
196, 167, -1
196, 170, -1
196, 168, -1
196, 164, -1
196, 165, -1
196, 171, -1
196, 172, -1
196, 163, -1
196, 182, -1
196, 180, -1
196, 183, -1
196, 106, -1
196, 129, -1
196, 109, -1
196, 105, -1
196, 130, -1
196, 108, -1
196, 2, -1
196, 67, -1
196, 159, -1
128, 175, -1
128, 174, -1
128, 166, -1
128, 169, -1
128, 173, -1
128, 167, -1
128, 170, -1
128, 168, -1
128, 164, -1
128, 165, -1
128, 171, -1
128, 172, -1
128, 163, -1
128, 182, -1
128, 180, -1
128, 183, -1
128, 2, -1
128, 67, -1
128, 188, -1
128, 201, -1
128, 186, -1
128, 189, -1
128, 196, -1
128, 159, -1
0, 175, -1
0, 174, -1
0, 166, -1
0, 169, -1
0, 173, -1
0, 167, -1
0, 170, -1
0, 168, -1
0, 164, -1
0, 165, -1
0, 171, -1
0, 172, -1
0, 163, -1
0, 182, -1
0, 180, -1
0, 183, -1
0, 106, -1
0, 129, -1
0, 109, -1
0, 105, -1
0, 130, -1
0, 108, -1
0, 128, -1
0, 188, -1
0, 201, -1
0, 186, -1
0, 189, -1
0, 196, -1
0, 159, -1
185, 175, -1
185, 174, -1
185, 166, -1
185, 169, -1
185, 173, -1
185, 167, -1
185, 170, -1
185, 168, -1
185, 164, -1
185, 165, -1
185, 171, -1
185, 172, -1
185, 163, -1
185, 182, -1
185, 180, -1
185, 183, -1
185, 106, -1
185, 129, -1
185, 109, -1
185, 105, -1
185, 130, -1
185, 108, -1
185, 128, -1
185, 2, -1
185, 67, -1
185, 0, -1
185, 159, -1
110, 175, -1
110, 174, -1
110, 166, -1
110, 169, -1
110, 173, -1
110, 167, -1
110, 170, -1
110, 168, -1
110, 164, -1
110, 165, -1
110, 171, -1
110, 172, -1
110, 163, -1
110, 182, -1
110, 180, -1
110, 183, -1
110, 2, -1
110, 67, -1
110, 0, -1
110, 188, -1
110, 201, -1
110, 186, -1
110, 189, -1
110, 196, -1
110, 185, -1
110, 159, -1
181, 175, -1
181, 174, -1
181, 166, -1
181, 169, -1
181, 173, -1
181, 167, -1
181, 170, -1
181, 168, -1
181, 164, -1
181, 165, -1
181, 171, -1
181, 172, -1
181, 163, -1
181, 106, -1
181, 129, -1
181, 109, -1
181, 105, -1
181, 130, -1
181, 108, -1
181, 128, -1
181, 110, -1
181, 2, -1
181, 67, -1
181, 0, -1
181, 188, -1
181, 201, -1
181, 186, -1
181, 189, -1
181, 196, -1
181, 185, -1
181, 159, -1
186, 159, -1
105, 171, -1
201, 166, -1
105, 180, -1
105, 189, -1
2, 167, -1
108, 185, -1
109, 159, -1
109, 168, -1
128, 181, -1
169, 182, -1
67, 171, -1
129, 164, -1
67, 180, -1
67, 189, -1
196, 181, -1
129, 2, -1
168, 109, -1
105, 166, -1
186, 163, -1
188, 182, -1
189, 159, -1
105, 175, -1
108, 180, -1
2, 171, -1
180, 196, -1
108, 189, -1
2, 180, -1
2, 189, -1
170, 2, -1
169, 186, -1
67, 166, -1
109, 181, -1
172, 182, -1
129, 159, -1
67, 175, -1
201, 129, -1
105, 170, -1
180, 173, -1
108, 166, -1
108, 175, -1
105, 188, -1
168, 189, -1
2, 166, -1
2, 175, -1
109, 167, -1
128, 0, -1
186, 108, -1
201, 106, -1
170, 109, -1
188, 163, -1
188, 172, -1
105, 165, -1
188, 181, -1
171, 110, -1
105, 174, -1
182, 110, -1
67, 165, -1
169, 185, -1
67, 174, -1
201, 110, -1
186, 130, -1
164, 182, -1
188, 167, -1
180, 172, -1
108, 165, -1
163, 110, -1
108, 174, -1
2, 165, -1
168, 188, -1
130, 171, -1
130, 180, -1
130, 189, -1
169, 180, -1
201, 105, -1
170, 108, -1
188, 171, -1
180, 167, -1
169, 130, -1
188, 180, -1
182, 109, -1
168, 183, -1
130, 166, -1
67, 128, -1
105, 2, -1
130, 175, -1
185, 110, -1
2, 110, -1
2, 128, -1
188, 166, -1
171, 180, -1
130, 188, -1
171, 189, -1
182, 189, -1
129, 201, -1
0, 181, -1
201, 180, -1
106, 171, -1
106, 180, -1
169, 129, -1
67, 109, -1
106, 189, -1
130, 165, -1
196, 110, -1
130, 174, -1
182, 175, -1
163, 180, -1
163, 189, -1
183, 167, -1
129, 196, -1
174, 109, -1
2, 109, -1
169, 106, -1
0, 185, -1
201, 175, -1
106, 166, -1
189, 182, -1
106, 175, -1
170, 196, -1
129, 173, -1
171, 188, -1
129, 182, -1
201, 67, -1
106, 67, -1
186, 172, -1
201, 170, -1
186, 181, -1
169, 110, -1
67, 108, -1
170, 182, -1
106, 188, -1
128, 185, -1
182, 165, -1
182, 174, -1
129, 168, -1
171, 183, -1
130, 2, -1
129, 186, -1
105, 67, -1
163, 188, -1
188, 110, -1
186, 167, -1
201, 165, -1
169, 105, -1
201, 174, -1
106, 165, -1
201, 183, -1
172, 110, -1
106, 174, -1
106, 183, -1
129, 163, -1
129, 172, -1
67, 188, -1
129, 181, -1
163, 183, -1
188, 105, -1
168, 108, -1
180, 110, -1
186, 171, -1
189, 167, -1
105, 183, -1
186, 180, -1
169, 109, -1
201, 169, -1
108, 188, -1
105, 201, -1
2, 188, -1
109, 180, -1
109, 189, -1
182, 173, -1
129, 167, -1
67, 183, -1
188, 109, -1
174, 183, -1
186, 166, -1
201, 164, -1
186, 175, -1
106, 164, -1
108, 183, -1
105, 196, -1
172, 109, -1
2, 174, -1
2, 183, -1
201, 2, -1
108, 201, -1
109, 166, -1
106, 2, -1
109, 175, -1
182, 159, -1
169, 189, -1
129, 171, -1
67, 196, -1
164, 110, -1
166, 183, -1
105, 164, -1
171, 109, -1
201, 159, -1
105, 173, -1
189, 166, -1
105, 182, -1
168, 201, -1
108, 196, -1
2, 196, -1
67, 164, -1
67, 173, -1
172, 189, -1
67, 182, -1
0, 110, -1
201, 109, -1
130, 67, -1
186, 129, -1
169, 67, -1
170, 130, -1
105, 159, -1
188, 175, -1
105, 168, -1
108, 164, -1
163, 109, -1
108, 173, -1
105, 186, -1
180, 189, -1
2, 164, -1
108, 182, -1
2, 173, -1
168, 196, -1
2, 182, -1
109, 165, -1
67, 159, -1
109, 174, -1
169, 188, -1
67, 168, -1
188, 67, -1
164, 109, -1
186, 106, -1
105, 163, -1
180, 166, -1
108, 159, -1
171, 108, -1
105, 172, -1
180, 175, -1
108, 168, -1
105, 181, -1
2, 159, -1
168, 182, -1
2, 168, -1
108, 186, -1
130, 183, -1
196, 128, -1
67, 163, -1
169, 183, -1
67, 172, -1
172, 188, -1
67, 181, -1
186, 110, -1
201, 108, -1
164, 189, -1
188, 165, -1
188, 174, -1
105, 167, -1
188, 183, -1
163, 108, -1
108, 172, -1
2, 163, -1
180, 188, -1
168, 186, -1
108, 181, -1
2, 172, -1
186, 2, -1
130, 196, -1
67, 167, -1
172, 183, -1
166, 109, -1
183, 189, -1
186, 105, -1
189, 110, -1
170, 106, -1
180, 165, -1
180, 174, -1
108, 167, -1
130, 164, -1
130, 173, -1
130, 182, -1
169, 2, -1
183, 175, -1
186, 109, -1
189, 105, -1
2, 108, -1
170, 110, -1
164, 188, -1
188, 164, -1
188, 173, -1
130, 159, -1
168, 185, -1
130, 168, -1
171, 196, -1
164, 183, -1
188, 159, -1
2, 130, -1
180, 164, -1
106, 196, -1
130, 163, -1
168, 180, -1
130, 172, -1
130, 181, -1
171, 182, -1
129, 185, -1
183, 165, -1
163, 196, -1
168, 130, -1
201, 173, -1
201, 182, -1
106, 173, -1
180, 159, -1
106, 182, -1
130, 167, -1
173, 110, -1
129, 180, -1
163, 182, -1
129, 189, -1
186, 67, -1
180, 109, -1
186, 170, -1
106, 159, -1
169, 108, -1
189, 175, -1
106, 168, -1
170, 180, -1
170, 189, -1
129, 166, -1
165, 110, -1
129, 175, -1
183, 173, -1
188, 108, -1
2, 106, -1
186, 165, -1
168, 129, -1
201, 163, -1
186, 174, -1
129, 67, -1
201, 172, -1
186, 183, -1
106, 163, -1
201, 181, -1
106, 172, -1
106, 181, -1
67, 110, -1
109, 183, -1
182, 167, -1
129, 170, -1
183, 159, -1
129, 188, -1
170, 67, -1
168, 106, -1
180, 108, -1
186, 169, -1
201, 167, -1
189, 174, -1
106, 167, -1
189, 183, -1
170, 188, -1
169, 201, -1
129, 165, -1
129, 174, -1
129, 183, -1
173, 189, -1
185, 181, -1
186, 164, -1
168, 128, -1
186, 173, -1
201, 171, -1
105, 185, -1
186, 182, -1
2, 181, -1
170, 183, -1
109, 173, -1
109, 182, -1
182, 166, -1
169, 196, -1
165, 189, -1
201, 130, -1
168, 105, -1
166, 181, -1
172, 130, -1
168, 181, -1
174, 130, -1
2, 170, -1
180, 128, -1
173, 183, -1
189, 106, -1
170, 105, -1
130, 185, -1
172, 105, -1
165, 182, -1
163, 130, -1
2, 185, -1
174, 105, -1
170, 181, -1
159, 181, -1
165, 130, -1
167, 182, -1
172, 181, -1
189, 130, -1
174, 181, -1
168, 110, -1
175, 180, -1
110, 181, -1
180, 106, -1
168, 0, -1
182, 106, -1
188, 128, -1
172, 196, -1
163, 105, -1
165, 105, -1
168, 67, -1
164, 106, -1
163, 181, -1
180, 130, -1
2, 105, -1
165, 181, -1
182, 130, -1
171, 130, -1
173, 182, -1
164, 130, -1
189, 181, -1
167, 181, -1
173, 130, -1
169, 181, -1
159, 180, -1
67, 106, -1
188, 106, -1
180, 105, -1
182, 105, -1
175, 182, -1
171, 105, -1
170, 201, -1
173, 105, -1
106, 201, -1
67, 130, -1
164, 105, -1
168, 2, -1
171, 181, -1
166, 130, -1
188, 130, -1
173, 181, -1
165, 183, -1
164, 181, -1
167, 180, -1
172, 106, -1
170, 185, -1
130, 201, -1
166, 105, -1
159, 182, -1
164, 196, -1
2, 186, -1
67, 105, -1
175, 181, -1
106, 185, -1
67, 201, -1
170, 129, -1
164, 201, -1
163, 106, -1
170, 0, -1
2, 129, -1
171, 106, -1
166, 106, -1
165, 106, -1
186, 0, -1
173, 106, -1
163, 201, -1
174, 106, -1
180, 201, -1
2, 201, -1
171, 201, -1
172, 201, -1

127, 106, 1
127, 129, 1
127, 109, 1
127, 105, 1
127, 130, 1
127, 108, 1
127, 128, 1
127, 110, 1
184, 182, 1
184, 180, 1
184, 183, 1
184, 181, 1
178, 182, 1
178, 180, 1
178, 183, 1
178, 181, 1
178, 184, 1
179, 182, 1
179, 180, 1
179, 183, 1
179, 181, 1
179, 184, 1
179, 178, 1
128, 130, 1
105, 110, 1
130, 106, 1
180, 183, 1
129, 110, 1
108, 109, 1
130, 109, 1
182, 183, 1
128, 105, 1
106, 108, 1
128, 108, 1
178, 179, 1
109, 110, 1
128, 129, 1
105, 106, 1
105, 109, 1
130, 108, 1
129, 106, 1
180, 182, 1
129, 109, 1
181, 183, 1
105, 130, 1
106, 110, 1
129, 130, 1
128, 110, 1
184, 179, 1
105, 108, 1
108, 110, 1
130, 110, 1
129, 108, 1
180, 181, 1
181, 182, 1
105, 129, 1
128, 106, 1
106, 109, 1
128, 109, 1
184, 178, 1
106, 130, 1
110, 127, 1
109, 130, 1
110, 130, 1
108, 127, 1
130, 127, 1
109, 127, 1
108, 130, 1
129, 105, 1
105, 127, 1
106, 127, 1
128, 127, 1
129, 127, 1
108, 106, 1
109, 106, 1
130, 105, 1
108, 105, 1
106, 105, 1
109, 105, 1
110, 106, 1
110, 105, 1
106, 129, 1
130, 129, 1
127, 175, -1
127, 174, -1
127, 166, -1
127, 169, -1
127, 173, -1
127, 167, -1
127, 170, -1
127, 168, -1
127, 164, -1
127, 165, -1
127, 171, -1
127, 172, -1
127, 163, -1
127, 182, -1
127, 180, -1
127, 183, -1
127, 181, -1
127, 2, -1
127, 67, -1
127, 0, -1
127, 188, -1
127, 201, -1
127, 186, -1
127, 189, -1
127, 196, -1
127, 185, -1
127, 159, -1
184, 175, -1
184, 174, -1
184, 166, -1
184, 169, -1
184, 173, -1
184, 167, -1
184, 170, -1
184, 168, -1
184, 164, -1
184, 165, -1
184, 171, -1
184, 172, -1
184, 163, -1
184, 106, -1
184, 129, -1
184, 109, -1
184, 105, -1
184, 130, -1
184, 108, -1
184, 128, -1
184, 110, -1
184, 127, -1
184, 2, -1
184, 67, -1
184, 0, -1
184, 188, -1
184, 201, -1
184, 186, -1
184, 189, -1
184, 196, -1
184, 185, -1
184, 159, -1
178, 175, -1
178, 174, -1
178, 166, -1
178, 169, -1
178, 173, -1
178, 167, -1
178, 170, -1
178, 168, -1
178, 164, -1
178, 165, -1
178, 171, -1
178, 172, -1
178, 163, -1
178, 106, -1
178, 129, -1
178, 109, -1
178, 105, -1
178, 130, -1
178, 108, -1
178, 128, -1
178, 110, -1
178, 127, -1
178, 2, -1
178, 67, -1
178, 0, -1
178, 188, -1
178, 201, -1
178, 186, -1
178, 189, -1
178, 196, -1
178, 185, -1
178, 159, -1
179, 175, -1
179, 174, -1
179, 166, -1
179, 169, -1
179, 173, -1
179, 167, -1
179, 170, -1
179, 168, -1
179, 164, -1
179, 165, -1
179, 171, -1
179, 172, -1
179, 163, -1
179, 106, -1
179, 129, -1
179, 109, -1
179, 105, -1
179, 130, -1
179, 108, -1
179, 128, -1
179, 110, -1
179, 127, -1
179, 2, -1
179, 67, -1
179, 0, -1
179, 188, -1
179, 201, -1
179, 186, -1
179, 189, -1
179, 196, -1
179, 185, -1
179, 159, -1
105, 171, -1
105, 180, -1
105, 189, -1
128, 163, -1
183, 108, -1
128, 172, -1
128, 181, -1
169, 182, -1
129, 164, -1
67, 180, -1
181, 174, -1
0, 108, -1
196, 181, -1
129, 2, -1
185, 180, -1
168, 109, -1
159, 128, -1
105, 166, -1
188, 182, -1
108, 180, -1
180, 196, -1
108, 189, -1
2, 180, -1
128, 167, -1
175, 108, -1
109, 181, -1
172, 182, -1
173, 183, -1
0, 130, -1
201, 129, -1
182, 106, -1
105, 170, -1
180, 173, -1
108, 166, -1
105, 179, -1
105, 188, -1
128, 171, -1
169, 181, -1
67, 179, -1
186, 108, -1
201, 106, -1
165, 183, -1
170, 109, -1
159, 109, -1
105, 165, -1
180, 168, -1
188, 181, -1
171, 110, -1
105, 174, -1
182, 110, -1
168, 184, -1
172, 181, -1
181, 159, -1
181, 168, -1
185, 129, -1
167, 108, -1
201, 110, -1
186, 130, -1
164, 182, -1
180, 163, -1
180, 172, -1
108, 165, -1
168, 179, -1
163, 110, -1
108, 174, -1
130, 171, -1
130, 180, -1
181, 127, -1
130, 189, -1
169, 180, -1
185, 106, -1
0, 106, -1
201, 105, -1
170, 108, -1
159, 108, -1
180, 167, -1
169, 130, -1
168, 183, -1
130, 166, -1
105, 2, -1
185, 110, -1
2, 110, -1
164, 181, -1
180, 171, -1
168, 178, -1
130, 179, -1
171, 180, -1
130, 188, -1
185, 105, -1
180, 130, -1
0, 181, -1
201, 180, -1
106, 171, -1
106, 180, -1
169, 129, -1
67, 109, -1
106, 189, -1
130, 165, -1
196, 110, -1
130, 174, -1
182, 175, -1
181, 130, -1
163, 180, -1
183, 167, -1
129, 196, -1
185, 109, -1
110, 182, -1
2, 109, -1
169, 106, -1
106, 166, -1
189, 182, -1
171, 179, -1
129, 173, -1
129, 182, -1
106, 67, -1
0, 180, -1
186, 181, -1
169, 110, -1
201, 179, -1
106, 179, -1
67, 108, -1
170, 182, -1
106, 188, -1
128, 185, -1
183, 130, -1
182, 174, -1
171, 183, -1
163, 179, -1
129, 186, -1
105, 67, -1
188, 110, -1
180, 106, -1
169, 105, -1
106, 165, -1
201, 183, -1
172, 110, -1
106, 174, -1
189, 181, -1
106, 183, -1
128, 180, -1
128, 189, -1
129, 163, -1
175, 130, -1
129, 172, -1
129, 181, -1
163, 183, -1
185, 179, -1
168, 108, -1
180, 110, -1
105, 183, -1
186, 180, -1
169, 109, -1
201, 178, -1
108, 188, -1
2, 179, -1
128, 166, -1
170, 181, -1
128, 175, -1
128, 184, -1
183, 129, -1
109, 189, -1
67, 183, -1
173, 182, -1
0, 129, -1
188, 109, -1
128, 67, -1
174, 183, -1
185, 183, -1
105, 178, -1
106, 164, -1
108, 183, -1
105, 196, -1
172, 109, -1
183, 106, -1
128, 170, -1
2, 183, -1
109, 166, -1
128, 179, -1
182, 159, -1
128, 188, -1
175, 129, -1
129, 171, -1
164, 110, -1
165, 182, -1
110, 166, -1
167, 130, -1
185, 178, -1
166, 183, -1
105, 164, -1
171, 109, -1
105, 173, -1
105, 182, -1
182, 127, -1
128, 165, -1
108, 196, -1
183, 110, -1
128, 174, -1
175, 106, -1
128, 183, -1
67, 182, -1
181, 167, -1
0, 110, -1
196, 183, -1
173, 181, -1
201, 109, -1
130, 67, -1
0, 128, -1
170, 130, -1
159, 130, -1
108, 164, -1
163, 109, -1
108, 173, -1
105, 186, -1
180, 189, -1
108, 182, -1
183, 105, -1
128, 169, -1
2, 182, -1
109, 165, -1
169, 179, -1
175, 110, -1
109, 174, -1
164, 109, -1
0, 105, -1
186, 106, -1
165, 181, -1
167, 129, -1
105, 163, -1
180, 166, -1
171, 108, -1
105, 172, -1
180, 175, -1
105, 181, -1
168, 182, -1
128, 164, -1
130, 183, -1
183, 109, -1
175, 105, -1
169, 183, -1
128, 2, -1
67, 181, -1
181, 166, -1
181, 175, -1
0, 109, -1
186, 110, -1
167, 106, -1
201, 108, -1
159, 129, -1
188, 183, -1
163, 108, -1
108, 172, -1
180, 188, -1
108, 181, -1
130, 196, -1
169, 178, -1
172, 183, -1
167, 110, -1
189, 110, -1
170, 106, -1
159, 106, -1
180, 165, -1
180, 174, -1
168, 181, -1
130, 164, -1
196, 109, -1
130, 173, -1
130, 182, -1
185, 108, -1
183, 175, -1
186, 109, -1
167, 105, -1
2, 108, -1
170, 110, -1
159, 110, -1
0, 184, -1
181, 106, -1
185, 130, -1
167, 109, -1
180, 128, -1
159, 105, -1
164, 183, -1
0, 179, -1
2, 130, -1
180, 164, -1
106, 196, -1
130, 163, -1
181, 110, -1
168, 180, -1
130, 172, -1
130, 181, -1
171, 182, -1
168, 130, -1
0, 183, -1
186, 184, -1
201, 182, -1
106, 173, -1
180, 159, -1
106, 182, -1
182, 168, -1
173, 110, -1
129, 180, -1
163, 182, -1
129, 189, -1
180, 109, -1
180, 127, -1
0, 178, -1
186, 179, -1
169, 108, -1
170, 180, -1
128, 201, -1
129, 166, -1
171, 181, -1
165, 110, -1
185, 182, -1
2, 106, -1
168, 129, -1
129, 67, -1
0, 182, -1
106, 163, -1
186, 183, -1
201, 181, -1
106, 172, -1
106, 181, -1
67, 110, -1
170, 184, -1
128, 178, -1
182, 167, -1
109, 183, -1
128, 196, -1
129, 170, -1
129, 179, -1
163, 181, -1
183, 159, -1
129, 188, -1
110, 174, -1
168, 106, -1
180, 108, -1
110, 183, -1
189, 183, -1
170, 179, -1
128, 173, -1
128, 182, -1
183, 127, -1
129, 165, -1
129, 174, -1
129, 183, -1
196, 182, -1
185, 181, -1
168, 110, -1
168, 128, -1
186, 182, -1
182, 130, -1
2, 181, -1
170, 183, -1
175, 109, -1
109, 173, -1
128, 186, -1
109, 182, -1
182, 166, -1
129, 178, -1
201, 130, -1
168, 105, -1
172, 130, -1
166, 181, -1
196, 179, -1
170, 105, -1
163, 130, -1
165, 127, -1
109, 159, -1
159, 178, -1
174, 105, -1
189, 130, -1
169, 127, -1
181, 165, -1
2, 105, -1
108, 178, -1
171, 127, -1
164, 130, -1
110, 159, -1
186, 127, -1
175, 179, -1
67, 127, -1
110, 180, -1
188, 127, -1
105, 175, -1
110, 189, -1
164, 105, -1
105, 184, -1
174, 109, -1
201, 127, -1
166, 105, -1
175, 181, -1
129, 159, -1
172, 127, -1
105, 159, -1
110, 173, -1
181, 105, -1
130, 167, -1
174, 130, -1
163, 127, -1
2, 127, -1
167, 182, -1
189, 127, -1
106, 175, -1
106, 184, -1
110, 175, -1
196, 105, -1
110, 184, -1
108, 175, -1
108, 184, -1
106, 159, -1
109, 167, -1
159, 180, -1
188, 106, -1
181, 109, -1
188, 179, -1
108, 159, -1
181, 173, -1
173, 105, -1
166, 130, -1
168, 127, -1
129, 175, -1
129, 184, -1
172, 106, -1
159, 182, -1
172, 179, -1
175, 178, -1
170, 127, -1
110, 179, -1
185, 127, -1
174, 127, -1
108, 179, -1
167, 179, -1
196, 130, -1
159, 184, -1
105, 167, -1
110, 181, -1
67, 105, -1
165, 105, -1
181, 189, -1
173, 130, -1
164, 127, -1
167, 181, -1
110, 165, -1
166, 109, -1
182, 105, -1
171, 105, -1
166, 127, -1
186, 105, -1
106, 167, -1
159, 179, -1
188, 105, -1
110, 167, -1
108, 167, -1
196, 127, -1
172, 105, -1
0, 127, -1
165, 130, -1
159, 181, -1
174, 181, -1
175, 180, -1
182, 109, -1
163, 105, -1
129, 167, -1
130, 175, -1
164, 106, -1
189, 105, -1
130, 184, -1
164, 179, -1
173, 127, -1
167, 178, -1
128, 159, -1
171, 130, -1
180, 105, -1
175, 182, -1
130, 159, -1
67, 130, -1
188, 130, -1
167, 180, -1
109, 175, -1
109, 184, -1
182, 165, -1
163, 106, -1
196, 106, -1
165, 106, -1
189, 106, -1
182, 189, -1
170, 129, -1
109, 180, -1
182, 173, -1
171, 106, -1
173, 106, -1
183, 165, -1
2, 129, -1
67, 106, -1
166, 106, -1
109, 179, -1
183, 189, -1
183, 173, -1
186, 129, -1
174, 106, -1

112, 106, 1
112, 129, 1
112, 109, 1
112, 105, 1
112, 130, 1
112, 108, 1
112, 128, 1
112, 110, 1
112, 127, 1
107, 106, 1
107, 129, 1
107, 109, 1
107, 105, 1
107, 130, 1
107, 108, 1
107, 128, 1
107, 110, 1
107, 127, 1
107, 112, 1
124, 106, 1
124, 129, 1
124, 109, 1
124, 105, 1
124, 130, 1
124, 108, 1
124, 128, 1
124, 110, 1
124, 127, 1
124, 112, 1
124, 107, 1
128, 130, 1
105, 110, 1
129, 107, 1
105, 107, 1
130, 106, 1
110, 127, 1
129, 110, 1
108, 109, 1
130, 109, 1
108, 106, 1
130, 124, 1
105, 128, 1
130, 127, 1
108, 127, 1
108, 124, 1
128, 105, 1
108, 130, 1
129, 128, 1
106, 108, 1
112, 124, 1
128, 108, 1
109, 110, 1
128, 129, 1
105, 106, 1
109, 128, 1
105, 109, 1
130, 108, 1
129, 106, 1
108, 105, 1
129, 109, 1
105, 124, 1
105, 127, 1
107, 124, 1
129, 124, 1
105, 130, 1
108, 129, 1
129, 127, 1
128, 107, 1
106, 110, 1
129, 130, 1
128, 110, 1
106, 107, 1
106, 128, 1
109, 127, 1
105, 108, 1
108, 110, 1
130, 110, 1
129, 108, 1
108, 107, 1
130, 107, 1
105, 129, 1
112, 107, 1
108, 128, 1
130, 128, 1
128, 106, 1
106, 109, 1
128, 109, 1
106, 124, 1
128, 124, 1
106, 127, 1
128, 127, 1
110, 130, 1
108, 112, 1
130, 112, 1
106, 112, 1
128, 112, 1
129, 112, 1
105, 112, 1
129, 105, 1
109, 130, 1
106, 130, 1
130, 105, 1
106, 105, 1
109, 105, 1
127, 130, 1
110, 105, 1
106, 129, 1
130, 129, 1
112, 175, -1
112, 174, -1
112, 166, -1
112, 169, -1
112, 173, -1
112, 167, -1
112, 170, -1
112, 168, -1
112, 164, -1
112, 165, -1
112, 171, -1
112, 172, -1
112, 163, -1
112, 182, -1
112, 180, -1
112, 183, -1
112, 181, -1
112, 184, -1
112, 178, -1
112, 179, -1
112, 2, -1
112, 67, -1
112, 0, -1
112, 188, -1
112, 201, -1
112, 186, -1
112, 189, -1
112, 196, -1
112, 185, -1
112, 159, -1
107, 175, -1
107, 174, -1
107, 166, -1
107, 169, -1
107, 173, -1
107, 167, -1
107, 170, -1
107, 168, -1
107, 164, -1
107, 165, -1
107, 171, -1
107, 172, -1
107, 163, -1
107, 182, -1
107, 180, -1
107, 183, -1
107, 181, -1
107, 184, -1
107, 178, -1
107, 179, -1
107, 2, -1
107, 67, -1
107, 0, -1
107, 188, -1
107, 201, -1
107, 186, -1
107, 189, -1
107, 196, -1
107, 185, -1
107, 159, -1
124, 175, -1
124, 174, -1
124, 166, -1
124, 169, -1
124, 173, -1
124, 167, -1
124, 170, -1
124, 168, -1
124, 164, -1
124, 165, -1
124, 171, -1
124, 172, -1
124, 163, -1
124, 182, -1
124, 180, -1
124, 183, -1
124, 181, -1
124, 184, -1
124, 178, -1
124, 179, -1
124, 2, -1
124, 67, -1
124, 0, -1
124, 188, -1
124, 201, -1
124, 186, -1
124, 189, -1
124, 196, -1
124, 185, -1
124, 159, -1
105, 171, -1
105, 180, -1
105, 189, -1
108, 185, -1
128, 163, -1
109, 159, -1
128, 172, -1
109, 168, -1
128, 181, -1
129, 164, -1
0, 108, -1
179, 110, -1
129, 2, -1
164, 130, -1
110, 159, -1
186, 127, -1
168, 109, -1
105, 166, -1
105, 175, -1
127, 175, -1
108, 171, -1
105, 184, -1
108, 180, -1
108, 189, -1
128, 167, -1
109, 163, -1
109, 181, -1
129, 159, -1
164, 107, -1
0, 112, -1
0, 130, -1
201, 129, -1
178, 127, -1
189, 127, -1
105, 170, -1
108, 166, -1
105, 179, -1
108, 175, -1
171, 124, -1
105, 188, -1
108, 184, -1
128, 171, -1
109, 167, -1
128, 0, -1
0, 107, -1
186, 108, -1
201, 106, -1
170, 109, -1
201, 124, -1
170, 127, -1
105, 165, -1
171, 110, -1
105, 174, -1
108, 170, -1
127, 183, -1
108, 179, -1
163, 124, -1
185, 129, -1
178, 108, -1
201, 110, -1
186, 130, -1
108, 165, -1
163, 110, -1
108, 174, -1
67, 124, -1
130, 171, -1
130, 180, -1
181, 127, -1
130, 189, -1
185, 106, -1
185, 124, -1
0, 106, -1
186, 107, -1
201, 105, -1
170, 108, -1
2, 124, -1
169, 130, -1
184, 128, -1
130, 166, -1
105, 2, -1
130, 175, -1
130, 184, -1
173, 127, -1
185, 110, -1
188, 130, -1
178, 107, -1
2, 110, -1
172, 130, -1
130, 179, -1
108, 2, -1
130, 188, -1
165, 127, -1
185, 105, -1
180, 130, -1
170, 107, -1
184, 109, -1
106, 171, -1
106, 180, -1
169, 129, -1
67, 109, -1
184, 127, -1
106, 189, -1
130, 165, -1
67, 127, -1
196, 110, -1
130, 174, -1
129, 196, -1
185, 109, -1
110, 182, -1
2, 109, -1
169, 106, -1
2, 127, -1
106, 166, -1
106, 175, -1
169, 124, -1
106, 184, -1
129, 173, -1
129, 182, -1
106, 67, -1
188, 106, -1
110, 168, -1
168, 127, -1
169, 110, -1
184, 108, -1
172, 106, -1
106, 179, -1
67, 108, -1
106, 188, -1
128, 185, -1
129, 168, -1
129, 186, -1
105, 67, -1
188, 110, -1
180, 106, -1
169, 105, -1
106, 165, -1
172, 110, -1
106, 174, -1
184, 112, -1
106, 183, -1
128, 180, -1
128, 189, -1
129, 163, -1
129, 172, -1
129, 181, -1
179, 109, -1
108, 67, -1
179, 127, -1
110, 167, -1
180, 110, -1
168, 108, -1
105, 183, -1
169, 109, -1
184, 107, -1
108, 188, -1
128, 166, -1
128, 175, -1
109, 171, -1
128, 184, -1
109, 189, -1
129, 167, -1
164, 106, -1
0, 129, -1
188, 109, -1
128, 67, -1
168, 112, -1
105, 178, -1
106, 164, -1
108, 183, -1
105, 196, -1
172, 109, -1
128, 170, -1
108, 201, -1
109, 166, -1
128, 179, -1
109, 175, -1
128, 188, -1
109, 184, -1
129, 171, -1
164, 110, -1
179, 108, -1
0, 124, -1
110, 166, -1
178, 130, -1
168, 107, -1
105, 164, -1
171, 109, -1
105, 173, -1
108, 169, -1
105, 182, -1
108, 178, -1
171, 127, -1
182, 127, -1
128, 165, -1
108, 196, -1
128, 174, -1
128, 183, -1
109, 179, -1
0, 110, -1
201, 109, -1
130, 67, -1
0, 128, -1
201, 127, -1
170, 130, -1
105, 159, -1
127, 159, -1
105, 168, -1
108, 164, -1
163, 109, -1
108, 173, -1
105, 186, -1
108, 182, -1
163, 127, -1
128, 169, -1
109, 165, -1
109, 174, -1
164, 109, -1
0, 105, -1
186, 106, -1
186, 124, -1
105, 163, -1
108, 159, -1
171, 108, -1
105, 172, -1
108, 168, -1
105, 181, -1
108, 186, -1
128, 164, -1
130, 183, -1
128, 2, -1
174, 127, -1
185, 127, -1
0, 109, -1
186, 110, -1
178, 106, -1
201, 108, -1
178, 124, -1
105, 167, -1
127, 167, -1
108, 163, -1
163, 108, -1
108, 172, -1
108, 181, -1
130, 196, -1
166, 127, -1
178, 110, -1
189, 110, -1
170, 106, -1
170, 124, -1
108, 167, -1
130, 164, -1
196, 109, -1
130, 173, -1
130, 182, -1
196, 127, -1
185, 108, -1
186, 109, -1
201, 107, -1
2, 108, -1
170, 110, -1
184, 130, -1
130, 159, -1
130, 168, -1
67, 130, -1
185, 130, -1
178, 109, -1
2, 130, -1
169, 127, -1
106, 196, -1
130, 163, -1
181, 110, -1
130, 172, -1
130, 181, -1
185, 107, -1
188, 127, -1
2, 107, -1
168, 130, -1
106, 173, -1
106, 182, -1
172, 127, -1
184, 129, -1
130, 167, -1
173, 110, -1
129, 180, -1
129, 189, -1
110, 175, -1
180, 109, -1
110, 184, -1
180, 127, -1
106, 159, -1
169, 108, -1
184, 106, -1
106, 168, -1
67, 106, -1
184, 124, -1
128, 201, -1
129, 166, -1
165, 110, -1
129, 175, -1
129, 184, -1
2, 106, -1
168, 129, -1
129, 67, -1
106, 163, -1
184, 110, -1
106, 172, -1
106, 181, -1
67, 110, -1
180, 107, -1
128, 178, -1
109, 183, -1
128, 196, -1
129, 170, -1
129, 179, -1
129, 188, -1
164, 127, -1
110, 174, -1
168, 106, -1
110, 183, -1
168, 124, -1
169, 107, -1
184, 105, -1
106, 167, -1
128, 173, -1
128, 182, -1
129, 165, -1
129, 174, -1
129, 183, -1
0, 127, -1
188, 107, -1
168, 110, -1
168, 128, -1
128, 159, -1
172, 107, -1
128, 168, -1
109, 173, -1
128, 186, -1
109, 182, -1
129, 178, -1
179, 124, -1
201, 130, -1
168, 105, -1
175, 129, -1
167, 109, -1
196, 124, -1
159, 105, -1
2, 112, -1
127, 189, -1
170, 105, -1
163, 130, -1
183, 108, -1
174, 105, -1
189, 130, -1
167, 130, -1
196, 108, -1
127, 173, -1
164, 112, -1
2, 105, -1
159, 107, -1
183, 110, -1
175, 106, -1
159, 128, -1
175, 124, -1
110, 189, -1
164, 105, -1
181, 130, -1
179, 112, -1
174, 109, -1
175, 108, -1
166, 105, -1
159, 130, -1
110, 173, -1
181, 105, -1
174, 130, -1
196, 112, -1
179, 105, -1
183, 105, -1
175, 110, -1
196, 105, -1
183, 107, -1
167, 129, -1
188, 124, -1
173, 105, -1
127, 181, -1
166, 130, -1
183, 109, -1
159, 109, -1
175, 105, -1
179, 130, -1
172, 124, -1
188, 108, -1
127, 165, -1
183, 130, -1
167, 106, -1
169, 112, -1
196, 130, -1
172, 108, -1
175, 107, -1
167, 124, -1
159, 129, -1
110, 181, -1
171, 112, -1
180, 124, -1
165, 105, -1
186, 112, -1
167, 108, -1
173, 130, -1
110, 165, -1
188, 112, -1
166, 109, -1
180, 108, -1
182, 105, -1
171, 105, -1
175, 130, -1
186, 105, -1
201, 112, -1
167, 110, -1
159, 106, -1
172, 112, -1
159, 124, -1
188, 105, -1
163, 112, -1
178, 112, -1
159, 108, -1
172, 105, -1
165, 130, -1
180, 112, -1
182, 109, -1
183, 129, -1
163, 105, -1
167, 105, -1
189, 105, -1
178, 105, -1
171, 130, -1
182, 130, -1
164, 124, -1
159, 110, -1
175, 109, -1
180, 105, -1
67, 112, -1
164, 108, -1
167, 107, -1
170, 112, -1
159, 112, -1
183, 106, -1
185, 112, -1
67, 105, -1
183, 124, -1
163, 106, -1
196, 106, -1
165, 106, -1
171, 128, -1
180, 128, -1
189, 106, -1
164, 128, -1
186, 128, -1
170, 129, -1
171, 106, -1
182, 106, -1
188, 128, -1
67, 128, -1
173, 106, -1
178, 129, -1
2, 129, -1
179, 128, -1
201, 128, -1
166, 106, -1
172, 128, -1
170, 128, -1
185, 128, -1
181, 106, -1
179, 106, -1
163, 128, -1
196, 128, -1
178, 128, -1
2, 128, -1
186, 129, -1
174, 106, -1
169, 128, -1

131, 106, 1
131, 129, 1
131, 109, 1
131, 105, 1
131, 130, 1
131, 108, 1
131, 128, 1
131, 110, 1
131, 127, 1
131, 112, 1
131, 107, 1
131, 124, 1
51, 2, 1
51, 67, 1
51, 0, 1
207, 188, 1
207, 201, 1
207, 186, 1
207, 189, 1
207, 196, 1
207, 185, 1
177, 182, 1
177, 180, 1
177, 183, 1
177, 181, 1
177, 184, 1
177, 178, 1
177, 179, 1
18, 2, 1
18, 67, 1
18, 0, 1
18, 51, 1
111, 106, 1
111, 129, 1
111, 109, 1
111, 105, 1
111, 130, 1
111, 108, 1
111, 128, 1
111, 110, 1
111, 127, 1
111, 112, 1
111, 107, 1
111, 124, 1
111, 131, 1
124, 111, 1
129, 107, 1
105, 107, 1
130, 106, 1
130, 124, 1
188, 196, 1
0, 51, 1
107, 131, 1
179, 181, 1
128, 108, 1
186, 189, 1
112, 130, 1
184, 180, 1
201, 196, 1
105, 109, 1
107, 106, 1
130, 108, 1
127, 109, 1
188, 189, 1
181, 183, 1
105, 127, 1
107, 124, 1
129, 130, 1
128, 110, 1
179, 183, 1
106, 107, 1
201, 189, 1
184, 182, 1
105, 111, 1
130, 110, 1
107, 108, 1
127, 111, 1
105, 129, 1
131, 111, 1
186, 196, 1
112, 107, 1
106, 109, 1
106, 127, 1
110, 127, 1
107, 110, 1
108, 109, 1
105, 131, 1
108, 127, 1
112, 109, 1
0, 2, 1
128, 105, 1
106, 111, 1
109, 110, 1
112, 127, 1
178, 182, 1
110, 111, 1
124, 110, 1
105, 106, 1
107, 112, 1
108, 111, 1
180, 182, 1
129, 109, 1
105, 124, 1
185, 196, 1
112, 111, 1
129, 127, 1
128, 107, 1
186, 188, 1
112, 129, 1
201, 186, 1
184, 179, 1
67, 51, 1
106, 131, 1
105, 108, 1
107, 105, 1
185, 189, 1
181, 182, 1
129, 111, 1
201, 188, 1
112, 131, 1
106, 124, 1
0, 18, 1
184, 181, 1
128, 130, 1
105, 110, 1
127, 110, 1
182, 183, 1
112, 106, 1
129, 131, 1
107, 128, 1
106, 108, 1
112, 124, 1
178, 179, 1
184, 183, 1
129, 106, 1
112, 108, 1
129, 124, 1
107, 130, 1
106, 110, 1
178, 181, 1
179, 180, 1
185, 186, 1
108, 110, 1
180, 181, 1
129, 108, 1
130, 107, 1
112, 110, 1
196, 189, 1
178, 183, 1
179, 182, 1
128, 109, 1
2, 67, 1
184, 178, 1
128, 127, 1
185, 188, 1
180, 183, 1
129, 110, 1
130, 109, 1
130, 127, 1
2, 51, 1
108, 124, 1
128, 111, 1
128, 129, 1
107, 109, 1
130, 111, 1
112, 105, 1
67, 18, 1
105, 130, 1
107, 127, 1
128, 131, 1
109, 127, 1
124, 109, 1
185, 201, 1
107, 111, 1
124, 127, 1
107, 129, 1
130, 131, 1
178, 180, 1
128, 106, 1
0, 67, 1
109, 111, 1
112, 128, 1
128, 124, 1
2, 18, 1
189, 207, 1
110, 130, 1
124, 129, 1
108, 112, 1
105, 128, 1
196, 188, 1
106, 105, 1
108, 130, 1
129, 128, 1
110, 105, 1
186, 201, 1
184, 177, 1
124, 107, 1
186, 207, 1
109, 128, 1
108, 105, 1
124, 131, 1
124, 128, 1
188, 201, 1
188, 207, 1
51, 18, 1
124, 106, 1
124, 112, 1
106, 128, 1
201, 207, 1
67, 2, 1
129, 105, 1
109, 130, 1
124, 130, 1
185, 207, 1
108, 128, 1
130, 128, 1
128, 112, 1
109, 105, 1
196, 201, 1
196, 207, 1
124, 105, 1
124, 108, 1
106, 130, 1
186, 185, 1
108, 107, 1
108, 106, 1
108, 129, 1
130, 105, 1
130, 112, 1
106, 112, 1
201, 185, 1
108, 131, 1
129, 112, 1
105, 112, 1
127, 130, 1
130, 129, 1
131, 175, -1
131, 174, -1
131, 166, -1
131, 169, -1
131, 173, -1
131, 167, -1
131, 170, -1
131, 168, -1
131, 164, -1
131, 165, -1
131, 171, -1
131, 172, -1
131, 163, -1
131, 182, -1
131, 180, -1
131, 183, -1
131, 181, -1
131, 184, -1
131, 178, -1
131, 179, -1
131, 2, -1
131, 67, -1
131, 0, -1
131, 188, -1
131, 201, -1
131, 186, -1
131, 189, -1
131, 196, -1
131, 185, -1
131, 159, -1
51, 175, -1
51, 174, -1
51, 166, -1
51, 169, -1
51, 173, -1
51, 167, -1
51, 170, -1
51, 168, -1
51, 164, -1
51, 165, -1
51, 171, -1
51, 172, -1
51, 163, -1
51, 182, -1
51, 180, -1
51, 183, -1
51, 181, -1
51, 184, -1
51, 178, -1
51, 179, -1
51, 106, -1
51, 129, -1
51, 109, -1
51, 105, -1
51, 130, -1
51, 108, -1
51, 128, -1
51, 110, -1
51, 127, -1
51, 112, -1
51, 107, -1
51, 124, -1
51, 131, -1
51, 188, -1
51, 201, -1
51, 186, -1
51, 189, -1
51, 196, -1
51, 185, -1
51, 159, -1
207, 175, -1
207, 174, -1
207, 166, -1
207, 169, -1
207, 173, -1
207, 167, -1
207, 170, -1
207, 168, -1
207, 164, -1
207, 165, -1
207, 171, -1
207, 172, -1
207, 163, -1
207, 182, -1
207, 180, -1
207, 183, -1
207, 181, -1
207, 184, -1
207, 178, -1
207, 179, -1
207, 106, -1
207, 129, -1
207, 109, -1
207, 105, -1
207, 130, -1
207, 108, -1
207, 128, -1
207, 110, -1
207, 127, -1
207, 112, -1
207, 107, -1
207, 124, -1
207, 131, -1
207, 2, -1
207, 67, -1
207, 0, -1
207, 51, -1
207, 159, -1
177, 175, -1
177, 174, -1
177, 166, -1
177, 169, -1
177, 173, -1
177, 167, -1
177, 170, -1
177, 168, -1
177, 164, -1
177, 165, -1
177, 171, -1
177, 172, -1
177, 163, -1
177, 106, -1
177, 129, -1
177, 109, -1
177, 105, -1
177, 130, -1
177, 108, -1
177, 128, -1
177, 110, -1
177, 127, -1
177, 112, -1
177, 107, -1
177, 124, -1
177, 131, -1
177, 2, -1
177, 67, -1
177, 0, -1
177, 51, -1
177, 188, -1
177, 201, -1
177, 186, -1
177, 189, -1
177, 196, -1
177, 185, -1
177, 207, -1
177, 159, -1
18, 175, -1
18, 174, -1
18, 166, -1
18, 169, -1
18, 173, -1
18, 167, -1
18, 170, -1
18, 168, -1
18, 164, -1
18, 165, -1
18, 171, -1
18, 172, -1
18, 163, -1
18, 182, -1
18, 180, -1
18, 183, -1
18, 181, -1
18, 184, -1
18, 178, -1
18, 179, -1
18, 177, -1
18, 106, -1
18, 129, -1
18, 109, -1
18, 105, -1
18, 130, -1
18, 108, -1
18, 128, -1
18, 110, -1
18, 127, -1
18, 112, -1
18, 107, -1
18, 124, -1
18, 131, -1
18, 188, -1
18, 201, -1
18, 186, -1
18, 189, -1
18, 196, -1
18, 185, -1
18, 207, -1
18, 159, -1
111, 175, -1
111, 174, -1
111, 166, -1
111, 169, -1
111, 173, -1
111, 167, -1
111, 170, -1
111, 168, -1
111, 164, -1
111, 165, -1
111, 171, -1
111, 172, -1
111, 163, -1
111, 182, -1
111, 180, -1
111, 183, -1
111, 181, -1
111, 184, -1
111, 178, -1
111, 179, -1
111, 177, -1
111, 2, -1
111, 67, -1
111, 0, -1
111, 51, -1
111, 18, -1
111, 188, -1
111, 201, -1
111, 186, -1
111, 189, -1
111, 196, -1
111, 185, -1
111, 207, -1
111, 159, -1
124, 175, -1
105, 171, -1
105, 180, -1
201, 166, -1
178, 164, -1
105, 189, -1
2, 167, -1
189, 173, -1
127, 189, -1
178, 173, -1
128, 163, -1
180, 201, -1
109, 159, -1
105, 207, -1
128, 172, -1
127, 207, -1
178, 2, -1
183, 108, -1
128, 181, -1
169, 182, -1
67, 171, -1
184, 189, -1
129, 164, -1
67, 180, -1
175, 131, -1
67, 189, -1
181, 174, -1
184, 207, -1
196, 172, -1
0, 108, -1
196, 181, -1
179, 110, -1
129, 2, -1
110, 159, -1
112, 178, -1
186, 127, -1
185, 171, -1
112, 196, -1
168, 109, -1
185, 180, -1
159, 128, -1
105, 166, -1
127, 166, -1
124, 179, -1
188, 182, -1
186, 163, -1
105, 175, -1
127, 175, -1
124, 188, -1
108, 171, -1
185, 18, -1
182, 111, -1
178, 159, -1
171, 111, -1
108, 180, -1
2, 171, -1
180, 196, -1
108, 189, -1
2, 180, -1
128, 167, -1
109, 163, -1
2, 189, -1
184, 166, -1
108, 207, -1
175, 108, -1
184, 175, -1
170, 2, -1
67, 166, -1
169, 186, -1
109, 181, -1
172, 182, -1
129, 159, -1
67, 175, -1
179, 105, -1
0, 112, -1
173, 183, -1
201, 111, -1
112, 173, -1
0, 130, -1
169, 51, -1
112, 182, -1
186, 131, -1
185, 166, -1
201, 129, -1
178, 127, -1
189, 127, -1
167, 127, -1
184, 67, -1
124, 165, -1
124, 174, -1
105, 170, -1
180, 173, -1
124, 183, -1
108, 166, -1
105, 179, -1
163, 111, -1
108, 175, -1
171, 124, -1
105, 188, -1
2, 166, -1
168, 189, -1
177, 18, -1
2, 175, -1
183, 107, -1
128, 171, -1
109, 167, -1
184, 170, -1
169, 181, -1
51, 207, -1
67, 170, -1
128, 0, -1
184, 188, -1
67, 179, -1
128, 18, -1
0, 107, -1
183, 201, -1
112, 159, -1
186, 108, -1
201, 106, -1
165, 183, -1
112, 177, -1
170, 109, -1
159, 109, -1
201, 124, -1
112, 186, -1
178, 131, -1
167, 131, -1
170, 127, -1
159, 127, -1
188, 172, -1
105, 165, -1
127, 165, -1
188, 181, -1
171, 110, -1
105, 174, -1
182, 110, -1
127, 174, -1
127, 183, -1
168, 184, -1
108, 179, -1
2, 170, -1
163, 124, -1
112, 51, -1
186, 0, -1
184, 165, -1
175, 107, -1
184, 174, -1
107, 201, -1
67, 165, -1
169, 185, -1
172, 181, -1
67, 174, -1
181, 159, -1
174, 111, -1
196, 166, -1
185, 129, -1
183, 196, -1
168, 67, -1
0, 111, -1
112, 163, -1
175, 201, -1
178, 108, -1
201, 110, -1
112, 172, -1
167, 108, -1
112, 181, -1
186, 130, -1
164, 182, -1
179, 189, -1
124, 164, -1
170, 131, -1
159, 131, -1
182, 105, -1
179, 207, -1
180, 172, -1
108, 165, -1
168, 179, -1
163, 110, -1
108, 174, -1
67, 124, -1
2, 165, -1
168, 188, -1
130, 171, -1
130, 180, -1
181, 127, -1
107, 178, -1
130, 189, -1
178, 0, -1
184, 169, -1
107, 196, -1
169, 180, -1
185, 106, -1
130, 207, -1
177, 111, -1
166, 111, -1
185, 124, -1
169, 18, -1
0, 106, -1
175, 196, -1
186, 107, -1
201, 105, -1
112, 167, -1
179, 166, -1
170, 108, -1
159, 108, -1
179, 175, -1
2, 124, -1
124, 159, -1
180, 167, -1
169, 130, -1
188, 180, -1
184, 128, -1
168, 183, -1
130, 166, -1
196, 111, -1
105, 2, -1
130, 175, -1
107, 173, -1
107, 182, -1
184, 164, -1
173, 127, -1
185, 110, -1
184, 2, -1
183, 186, -1
186, 111, -1
178, 107, -1
112, 171, -1
167, 107, -1
2, 110, -1
164, 181, -1
159, 112, -1
0, 186, -1
112, 0, -1
179, 188, -1
188, 166, -1
112, 18, -1
167, 201, -1
178, 201, -1
168, 178, -1
107, 159, -1
130, 179, -1
107, 177, -1
171, 180, -1
196, 124, -1
130, 188, -1
107, 186, -1
171, 189, -1
165, 127, -1
185, 105, -1
182, 207, -1
129, 201, -1
175, 186, -1
107, 51, -1
179, 165, -1
0, 172, -1
170, 107, -1
159, 107, -1
179, 174, -1
0, 181, -1
169, 111, -1
201, 180, -1
184, 109, -1
106, 171, -1
106, 180, -1
169, 129, -1
67, 109, -1
167, 196, -1
184, 127, -1
106, 189, -1
178, 196, -1
130, 165, -1
67, 127, -1
107, 163, -1
159, 201, -1
106, 207, -1
130, 174, -1
196, 110, -1
107, 172, -1
168, 2, -1
182, 175, -1
107, 181, -1
163, 180, -1
163, 189, -1
183, 167, -1
129, 196, -1
185, 109, -1
183, 185, -1
188, 111, -1
110, 182, -1
0, 167, -1
2, 109, -1
169, 106, -1
0, 185, -1
2, 127, -1
106, 166, -1
189, 182, -1
172, 111, -1
106, 175, -1
169, 124, -1
184, 131, -1
170, 196, -1
159, 196, -1
107, 167, -1
171, 179, -1
129, 173, -1
171, 188, -1
186, 51, -1
129, 182, -1
67, 207, -1
201, 67, -1
106, 67, -1
175, 185, -1
180, 111, -1
188, 124, -1
179, 164, -1
168, 127, -1
0, 171, -1
186, 172, -1
0, 180, -1
201, 170, -1
186, 181, -1
169, 110, -1
0, 189, -1
201, 179, -1
184, 108, -1
167, 186, -1
178, 186, -1
106, 179, -1
67, 108, -1
170, 182, -1
106, 188, -1
128, 185, -1
181, 111, -1
2, 207, -1
183, 130, -1
107, 171, -1
182, 174, -1
171, 183, -1
163, 179, -1
107, 0, -1
129, 186, -1
105, 67, -1
163, 188, -1
178, 51, -1
107, 18, -1
188, 110, -1
180, 124, -1
129, 51, -1
0, 166, -1
168, 131, -1
0, 175, -1
201, 165, -1
178, 163, -1
169, 105, -1
201, 174, -1
178, 172, -1
106, 165, -1
189, 181, -1
172, 110, -1
106, 174, -1
184, 112, -1
201, 183, -1
106, 183, -1
159, 186, -1
128, 180, -1
128, 189, -1
185, 67, -1
129, 163, -1
175, 130, -1
128, 207, -1
129, 172, -1
67, 188, -1
129, 181, -1
163, 183, -1
164, 111, -1
196, 180, -1
179, 109, -1
170, 51, -1
179, 127, -1
110, 167, -1
185, 170, -1
185, 179, -1
168, 108, -1
180, 110, -1
0, 170, -1
186, 171, -1
105, 183, -1
178, 167, -1
124, 196, -1
169, 109, -1
186, 180, -1
201, 178, -1
184, 107, -1
108, 188, -1
2, 179, -1
128, 166, -1
105, 201, -1
167, 185, -1
170, 181, -1
2, 188, -1
128, 175, -1
183, 111, -1
178, 185, -1
109, 171, -1
186, 18, -1
128, 184, -1
183, 129, -1
109, 189, -1
168, 0, -1
129, 167, -1
67, 183, -1
184, 201, -1
109, 207, -1
173, 182, -1
0, 129, -1
185, 165, -1
179, 131, -1
188, 109, -1
185, 174, -1
128, 67, -1
180, 105, -1
174, 183, -1
168, 112, -1
185, 183, -1
124, 173, -1
124, 182, -1
186, 166, -1
105, 178, -1
201, 164, -1
178, 171, -1
106, 164, -1
108, 183, -1
105, 196, -1
172, 109, -1
2, 174, -1
2, 183, -1
128, 170, -1
201, 2, -1
183, 106, -1
109, 166, -1
128, 179, -1
109, 175, -1
182, 159, -1
128, 188, -1
169, 189, -1
178, 18, -1
183, 124, -1
67, 178, -1
175, 129, -1
184, 196, -1
129, 171, -1
67, 196, -1
164, 110, -1
179, 108, -1
0, 124, -1
165, 182, -1
129, 18, -1
110, 166, -1
112, 185, -1
178, 130, -1
185, 178, -1
168, 107, -1
131, 207, -1
167, 130, -1
166, 183, -1
105, 164, -1
171, 109, -1
105, 173, -1
127, 173, -1
105, 182, -1
189, 166, -1
178, 166, -1
127, 182, -1
171, 127, -1
182, 127, -1
2, 178, -1
128, 165, -1
168, 201, -1
108, 196, -1
183, 110, -1
128, 174, -1
175, 106, -1
2, 196, -1
128, 183, -1
67, 164, -1
184, 173, -1
109, 179, -1
170, 0, -1
67, 173, -1
175, 124, -1
172, 189, -1
67, 182, -1
181, 167, -1
196, 165, -1
196, 174, -1
0, 110, -1
196, 183, -1
173, 181, -1
201, 109, -1
0, 128, -1
130, 67, -1
112, 180, -1
185, 164, -1
201, 127, -1
112, 189, -1
185, 173, -1
169, 67, -1
124, 163, -1
170, 130, -1
159, 130, -1
105, 159, -1
127, 159, -1
112, 207, -1
124, 172, -1
185, 2, -1
124, 181, -1
108, 164, -1
163, 109, -1
108, 173, -1
105, 186, -1
2, 164, -1
180, 189, -1
108, 182, -1
171, 131, -1
2, 173, -1
168, 196, -1
163, 127, -1
2, 182, -1
128, 169, -1
180, 207, -1
184, 159, -1
109, 165, -1
183, 105, -1
67, 159, -1
169, 179, -1
109, 174, -1
175, 110, -1
169, 188, -1
184, 186, -1
105, 51, -1
67, 186, -1
164, 109, -1
0, 105, -1
186, 106, -1
112, 166, -1
165, 181, -1
189, 111, -1
112, 175, -1
186, 124, -1
178, 111, -1
112, 184, -1
184, 51, -1
201, 131, -1
178, 129, -1
167, 129, -1
124, 167, -1
105, 163, -1
180, 166, -1
179, 201, -1
108, 159, -1
171, 108, -1
105, 172, -1
180, 175, -1
105, 181, -1
2, 159, -1
168, 182, -1
127, 181, -1
128, 164, -1
130, 183, -1
163, 131, -1
184, 163, -1
183, 109, -1
112, 67, -1
175, 105, -1
184, 172, -1
67, 163, -1
169, 183, -1
67, 172, -1
128, 2, -1
67, 181, -1
181, 166, -1
196, 164, -1
174, 127, -1
185, 127, -1
181, 175, -1
0, 109, -1
186, 110, -1
178, 106, -1
201, 108, -1
112, 170, -1
167, 106, -1
112, 179, -1
170, 111, -1
178, 124, -1
112, 188, -1
164, 189, -1
167, 124, -1
188, 165, -1
159, 129, -1
179, 196, -1
124, 171, -1
188, 174, -1
105, 167, -1
127, 167, -1
108, 163, -1
188, 183, -1
163, 108, -1
108, 172, -1
2, 163, -1
168, 186, -1
67, 131, -1
108, 181, -1
180, 188, -1
2, 172, -1
186, 2, -1
107, 185, -1
184, 167, -1
130, 196, -1
67, 167, -1
172, 183, -1
168, 51, -1
183, 189, -1
185, 131, -1
166, 127, -1
183, 207, -1
112, 165, -1
178, 110, -1
189, 110, -1
112, 174, -1
170, 106, -1
159, 106, -1
179, 173, -1
112, 183, -1
167, 110, -1
170, 124, -1
159, 124, -1
2, 131, -1
180, 165, -1
0, 207, -1
180, 174, -1
108, 167, -1
168, 181, -1
130, 164, -1
196, 109, -1
130, 173, -1
130, 182, -1
107, 180, -1
196, 127, -1
105, 18, -1
107, 189, -1
184, 171, -1
18, 111, -1
185, 108, -1
107, 207, -1
169, 2, -1
183, 175, -1
184, 0, -1
175, 189, -1
184, 18, -1
186, 109, -1
201, 107, -1
112, 169, -1
178, 105, -1
179, 159, -1
167, 105, -1
2, 108, -1
170, 110, -1
159, 110, -1
0, 184, -1
188, 164, -1
188, 173, -1
184, 130, -1
130, 159, -1
168, 185, -1
67, 130, -1
107, 166, -1
173, 111, -1
107, 175, -1
171, 196, -1
183, 188, -1
185, 130, -1
130, 51, -1
112, 164, -1
178, 109, -1
189, 109, -1
167, 109, -1
107, 67, -1
159, 105, -1
179, 172, -1
0, 179, -1
164, 183, -1
0, 188, -1
112, 2, -1
2, 130, -1
180, 164, -1
169, 127, -1
67, 107, -1
106, 196, -1
130, 163, -1
181, 110, -1
168, 180, -1
196, 108, -1
130, 172, -1
107, 170, -1
130, 181, -1
107, 179, -1
171, 182, -1
165, 111, -1
107, 188, -1
168, 18, -1
129, 185, -1
163, 196, -1
185, 107, -1
175, 188, -1
188, 127, -1
0, 165, -1
179, 167, -1
168, 130, -1
0, 174, -1
2, 107, -1
110, 207, -1
0, 183, -1
201, 173, -1
201, 182, -1
184, 111, -1
106, 173, -1
0, 201, -1
180, 159, -1
167, 189, -1
178, 189, -1
106, 182, -1
67, 111, -1
159, 185, -1
169, 131, -1
184, 129, -1
172, 127, -1
181, 105, -1
178, 207, -1
130, 167, -1
107, 165, -1
173, 110, -1
107, 174, -1
107, 183, -1
129, 180, -1
163, 182, -1
129, 189, -1
186, 67, -1
185, 111, -1
129, 207, -1
110, 175, -1
180, 109, -1
180, 127, -1
0, 169, -1
2, 111, -1
186, 170, -1
0, 178, -1
106, 159, -1
169, 108, -1
186, 179, -1
178, 175, -1
184, 106, -1
0, 196, -1
67, 106, -1
170, 180, -1
184, 124, -1
170, 189, -1
159, 189, -1
107, 169, -1
128, 201, -1
129, 166, -1
171, 181, -1
165, 110, -1
129, 175, -1
201, 51, -1
106, 51, -1
178, 67, -1
188, 108, -1
185, 182, -1
168, 111, -1
0, 164, -1
51, 111, -1
2, 106, -1
168, 129, -1
0, 173, -1
186, 165, -1
201, 163, -1
186, 174, -1
129, 67, -1
0, 182, -1
201, 172, -1
178, 170, -1
106, 163, -1
186, 183, -1
201, 181, -1
184, 110, -1
106, 172, -1
167, 188, -1
178, 188, -1
106, 181, -1
67, 110, -1
128, 178, -1
107, 164, -1
109, 183, -1
182, 167, -1
128, 196, -1
129, 170, -1
129, 179, -1
163, 181, -1
107, 2, -1
183, 159, -1
129, 188, -1
164, 127, -1
181, 207, -1
170, 67, -1
110, 174, -1
168, 106, -1
180, 108, -1
110, 183, -1
0, 159, -1
168, 124, -1
0, 177, -1
189, 165, -1
178, 165, -1
186, 178, -1
169, 107, -1
189, 174, -1
184, 105, -1
106, 167, -1
178, 174, -1
189, 183, -1
170, 179, -1
2, 186, -1
128, 173, -1
170, 188, -1
159, 188, -1
185, 51, -1
128, 182, -1
183, 127, -1
129, 165, -1
169, 201, -1
129, 174, -1
196, 173, -1
129, 183, -1
196, 182, -1
179, 111, -1
0, 127, -1
207, 111, -1
185, 163, -1
185, 172, -1
185, 181, -1
168, 110, -1
0, 163, -1
168, 128, -1
124, 180, -1
186, 164, -1
124, 189, -1
186, 173, -1
201, 171, -1
105, 185, -1
186, 182, -1
178, 169, -1
128, 159, -1
124, 207, -1
2, 181, -1
170, 183, -1
128, 177, -1
175, 109, -1
109, 173, -1
128, 186, -1
201, 18, -1
109, 182, -1
184, 185, -1
182, 166, -1
169, 196, -1
175, 127, -1
183, 131, -1
129, 178, -1
179, 124, -1
128, 51, -1
0, 131, -1
201, 130, -1
168, 105, -1
112, 201, -1
124, 166, -1
172, 130, -1
166, 181, -1
186, 159, -1
169, 207, -1
196, 106, -1
196, 51, -1
124, 184, -1
179, 163, -1
196, 179, -1
180, 128, -1
170, 105, -1
2, 112, -1
108, 185, -1
163, 130, -1
159, 178, -1
188, 159, -1
174, 105, -1
171, 207, -1
2, 185, -1
189, 130, -1
175, 177, -1
181, 165, -1
124, 177, -1
172, 196, -1
196, 163, -1
201, 159, -1
124, 67, -1
124, 186, -1
164, 112, -1
2, 105, -1
180, 130, -1
108, 178, -1
164, 130, -1
175, 179, -1
109, 188, -1
170, 18, -1
124, 51, -1
124, 170, -1
110, 180, -1
170, 201, -1
189, 159, -1
164, 105, -1
172, 207, -1
110, 189, -1
105, 184, -1
181, 130, -1
179, 112, -1
186, 184, -1
186, 129, -1
174, 109, -1
169, 177, -1
166, 105, -1
163, 207, -1
175, 181, -1
110, 173, -1
188, 175, -1
67, 184, -1
196, 167, -1
174, 130, -1
105, 177, -1
164, 107, -1
196, 112, -1
186, 177, -1
201, 175, -1
167, 182, -1
185, 175, -1
106, 184, -1
182, 106, -1
196, 105, -1
110, 184, -1
188, 131, -1
179, 107, -1
179, 171, -1
108, 184, -1
167, 111, -1
185, 159, -1
2, 184, -1
168, 207, -1
201, 177, -1
189, 175, -1
159, 180, -1
179, 128, -1
188, 106, -1
172, 131, -1
181, 109, -1
188, 179, -1
196, 107, -1
170, 207, -1
181, 173, -1
196, 171, -1
173, 105, -1
124, 185, -1
166, 130, -1
108, 177, -1
174, 207, -1
108, 186, -1
129, 184, -1
167, 177, -1
196, 128, -1
130, 18, -1
172, 106, -1
130, 201, -1
159, 182, -1
164, 196, -1
179, 130, -1
172, 179, -1
175, 178, -1
172, 188, -1
124, 169, -1
110, 179, -1
124, 178, -1
180, 131, -1
129, 177, -1
189, 106, -1
130, 2, -1
130, 185, -1
169, 112, -1
159, 111, -1
196, 130, -1
167, 179, -1
172, 108, -1
159, 184, -1
170, 184, -1
164, 207, -1
180, 106, -1
110, 181, -1
171, 112, -1
188, 128, -1
168, 177, -1
165, 105, -1
186, 167, -1
186, 112, -1
106, 2, -1
166, 207, -1
181, 189, -1
124, 18, -1
124, 201, -1
173, 130, -1
167, 181, -1
169, 178, -1
159, 177, -1
170, 177, -1
110, 165, -1
188, 167, -1
188, 112, -1
185, 177, -1
196, 159, -1
171, 105, -1
166, 109, -1
124, 2, -1
186, 105, -1
201, 167, -1
201, 112, -1
172, 112, -1
178, 128, -1
159, 179, -1
188, 105, -1
109, 196, -1
163, 112, -1
189, 167, -1
178, 112, -1
172, 105, -1
173, 189, -1
164, 131, -1
165, 130, -1
159, 181, -1
188, 107, -1
173, 207, -1
174, 181, -1
180, 112, -1
182, 109, -1
175, 180, -1
163, 105, -1
67, 128, -1
164, 106, -1
189, 105, -1
196, 175, -1
130, 184, -1
171, 130, -1
182, 130, -1
172, 107, -1
164, 179, -1
167, 178, -1
164, 188, -1
179, 67, -1
67, 112, -1
175, 182, -1
106, 18, -1
181, 106, -1
106, 201, -1
188, 130, -1
164, 108, -1
186, 175, -1
179, 106, -1
179, 51, -1
196, 67, -1
107, 184, -1
196, 131, -1
167, 180, -1
170, 112, -1
165, 189, -1
2, 128, -1
108, 201, -1
185, 167, -1
170, 185, -1
185, 112, -1
175, 111, -1
67, 105, -1
180, 107, -1
165, 207, -1
106, 185, -1
109, 184, -1
182, 165, -1
108, 51, -1
108, 170, -1
163, 106, -1
165, 106, -1
171, 128, -1
108, 2, -1
182, 189, -1
164, 128, -1
186, 128, -1
170, 129, -1
188, 171, -1
109, 180, -1
182, 173, -1
171, 106, -1
188, 67, -1
173, 106, -1
108, 169, -1
164, 124, -1
183, 165, -1
106, 177, -1
2, 129, -1
201, 128, -1
166, 106, -1
172, 128, -1
180, 163, -1
188, 51, -1
170, 128, -1
185, 128, -1
130, 177, -1
108, 67, -1
163, 128, -1
108, 18, -1
183, 173, -1
174, 106, -1
169, 128, -1
188, 163, -1
172, 124, -1
180, 171, -1
2, 201, -1
164, 201, -1
163, 201, -1
67, 201, -1
171, 201, -1
172, 201, -1

