133, 101, 1
105, 111, 1
0, 15, 1
190, 188, 1
129, 184, -1
86, 0, -1
94, 2, -1
174, 27, -1
105, 44, -1
165, 101, -1
86, 15, -1
165, 133, -1
44, 111, -1
0, 86, -1
101, 165, -1
133, 165, -1

210, 213, 1
135, 120, 1
73, 138, 1
177, 213, -1
13, 154, -1
81, 57, -1
34, 138, -1
113, 175, -1
52, 121, -1
183, 124, -1
177, 210, -1
73, 34, -1

151, 157, 1
204, 195, 1
129, 123, 1
201, 179, -1
162, 80, -1
5, 143, -1
72, 149, -1
4, 72, -1
145, 151, -1
158, 118, -1
145, 157, -1

5, 59, 1
137, 123, 1
21, 64, 1
118, 177, -1
173, 108, -1
69, 188, -1
144, 48, -1
35, 127, -1
20, 210, -1
171, 13, -1

125, 85, 1
117, 92, 1
23, 53, 1
203, 174, -1
20, 132, -1
19, 127, -1
177, 130, -1
166, 116, -1
129, 184, -1
132, 32, -1

33, 162, -1
146, 131, -1
189, 19, -1
149, 48, -1
145, 152, -1
170, 25, -1
202, 86, -1
133, 148, -1
198, 59, -1
201, 22, -1

133, 99, 1
133, 98, 1
30, 8, 1
98, 99, 1
98, 133, 1
99, 133, 1
61, 140, -1
112, 62, -1
146, 8, -1
21, 204, -1
3, 113, -1
124, 210, -1
163, 117, -1
146, 30, -1
8, 146, -1

29, 4, 1
143, 119, 1
26, 72, -1
146, 118, -1
111, 7, -1
125, 59, -1
135, 53, -1
36, 161, -1
72, 7, -1
183, 141, -1

87, 86, 1
30, 16, 1
122, 145, 1
94, 103, 1
51, 61, 1
186, 69, -1
31, 171, -1
78, 60, -1
24, 111, -1
211, 147, -1

198, 194, 1
76, 28, -1
45, 98, -1
198, 42, -1
164, 196, -1
27, 203, -1
15, 197, -1
154, 62, -1
172, 91, -1
149, 51, -1
194, 42, -1
42, 198, -1

