201, 194, 1
133, 102, 1
102, 194, -1
201, 102, -1
61, 194, -1
61, 201, -1
61, 102, -1
163, 194, -1
163, 201, -1
163, 102, -1
163, 61, -1
133, 194, -1
133, 201, -1
133, 61, -1
133, 163, -1
201, 61, -1
201, 163, -1
194, 61, -1
194, 102, -1
201, 133, -1
61, 133, -1
194, 163, -1
163, 133, -1
194, 133, -1

164, 163, 1
109, 102, 1
109, 133, 1
207, 194, 1
207, 201, 1
201, 194, 1
102, 133, 1
194, 207, 1
201, 207, 1
160, 194, -1
160, 201, -1
160, 102, -1
160, 133, -1
160, 61, -1
160, 163, -1
164, 194, -1
164, 201, -1
164, 102, -1
164, 133, -1
164, 61, -1
164, 160, -1
109, 194, -1
109, 201, -1
109, 61, -1
109, 163, -1
109, 164, -1
109, 160, -1
207, 102, -1
207, 133, -1
207, 109, -1
207, 61, -1
207, 163, -1
207, 164, -1
207, 160, -1
201, 102, -1
163, 109, -1
201, 163, -1
194, 102, -1
194, 163, -1
163, 133, -1
160, 207, -1
160, 164, -1
164, 207, -1
163, 102, -1
160, 109, -1
164, 109, -1
109, 207, -1
133, 207, -1
61, 133, -1
102, 207, -1
201, 61, -1
194, 61, -1
61, 102, -1
201, 164, -1
163, 61, -1
201, 109, -1
194, 164, -1
194, 109, -1
201, 133, -1
163, 207, -1
194, 133, -1
61, 207, -1

190, 194, 1
190, 201, 1
190, 207, 1
189, 194, 1
189, 201, 1
189, 207, 1
189, 190, 1
188, 194, 1
188, 201, 1
188, 207, 1
188, 190, 1
188, 189, 1
174, 163, 1
174, 164, 1
194, 207, 1
163, 164, 1
194, 190, 1
201, 189, 1
201, 188, 1
201, 207, 1
194, 189, 1
201, 194, 1
194, 188, 1
201, 190, 1
164, 174, 1
163, 174, 1
182, 194, -1
182, 201, -1
182, 207, -1
182, 102, -1
182, 133, -1
182, 109, -1
182, 61, -1
182, 163, -1
182, 164, -1
182, 160, -1
190, 102, -1
190, 133, -1
190, 109, -1
190, 61, -1
190, 163, -1
190, 164, -1
190, 160, -1
190, 182, -1
189, 102, -1
189, 133, -1
189, 109, -1
189, 61, -1
189, 163, -1
189, 164, -1
189, 160, -1
189, 182, -1
188, 102, -1
188, 133, -1
188, 109, -1
188, 61, -1
188, 163, -1
188, 164, -1
188, 160, -1
188, 182, -1
174, 194, -1
174, 201, -1
174, 207, -1
174, 190, -1
174, 189, -1
174, 188, -1
174, 102, -1
174, 133, -1
174, 109, -1
174, 61, -1
174, 160, -1
174, 182, -1
133, 190, -1
109, 190, -1
201, 102, -1
163, 109, -1
201, 163, -1
61, 189, -1
160, 189, -1
194, 102, -1
182, 189, -1
163, 188, -1
163, 182, -1
164, 61, -1
194, 163, -1
160, 201, -1
160, 207, -1
164, 189, -1
163, 133, -1
61, 207, -1
164, 207, -1
188, 174, -1
160, 164, -1
190, 174, -1
109, 189, -1
133, 189, -1
164, 109, -1
109, 207, -1
102, 189, -1
160, 188, -1
133, 207, -1
163, 190, -1
201, 174, -1
61, 188, -1
160, 194, -1
102, 207, -1
164, 182, -1
164, 188, -1
201, 61, -1
164, 133, -1
194, 174, -1
102, 164, -1
194, 61, -1
109, 188, -1
160, 163, -1
102, 188, -1
201, 164, -1
160, 190, -1
163, 61, -1
61, 190, -1
201, 109, -1
194, 164, -1
189, 174, -1
194, 109, -1
163, 189, -1
164, 190, -1
201, 182, -1
201, 133, -1
163, 207, -1
102, 163, -1
194, 182, -1
194, 133, -1
109, 174, -1
61, 174, -1
160, 174, -1
133, 174, -1
163, 102, -1
164, 102, -1

168, 163, 1
168, 164, 1
168, 174, 1
184, 182, 1
171, 163, 1
171, 164, 1
171, 174, 1
171, 168, 1
168, 171, 1
163, 164, 1
164, 174, 1
163, 174, 1
163, 171, 1
164, 171, 1
164, 163, 1
168, 194, -1
168, 201, -1
168, 207, -1
168, 190, -1
168, 189, -1
168, 188, -1
168, 102, -1
168, 133, -1
168, 109, -1
168, 61, -1
168, 160, -1
168, 182, -1
184, 194, -1
184, 201, -1
184, 207, -1
184, 190, -1
184, 189, -1
184, 188, -1
184, 102, -1
184, 133, -1
184, 109, -1
184, 61, -1
184, 163, -1
184, 164, -1
184, 174, -1
184, 168, -1
184, 160, -1
171, 194, -1
171, 201, -1
171, 207, -1
171, 190, -1
171, 189, -1
171, 188, -1
171, 102, -1
171, 133, -1
171, 109, -1
171, 61, -1
171, 160, -1
171, 182, -1
171, 184, -1
174, 182, -1
61, 174, -1
160, 168, -1
182, 168, -1
182, 174, -1
160, 174, -1
163, 109, -1
168, 184, -1
201, 163, -1
163, 182, -1
163, 188, -1
164, 61, -1
174, 102, -1
194, 163, -1
174, 160, -1
184, 171, -1
163, 133, -1
164, 189, -1
182, 207, -1
189, 182, -1
109, 174, -1
133, 174, -1
164, 207, -1
188, 174, -1
160, 164, -1
163, 160, -1
174, 190, -1
163, 102, -1
164, 109, -1
61, 182, -1
201, 171, -1
163, 190, -1
201, 174, -1
164, 182, -1
164, 188, -1
194, 171, -1
164, 133, -1
194, 174, -1
182, 102, -1
182, 160, -1
109, 182, -1
160, 163, -1
133, 182, -1
164, 102, -1
188, 182, -1
164, 160, -1
201, 164, -1
174, 207, -1
163, 61, -1
182, 190, -1
189, 174, -1
194, 164, -1
163, 189, -1
164, 190, -1
201, 182, -1
163, 207, -1
194, 182, -1
160, 171, -1
160, 184, -1
188, 171, -1
102, 171, -1
174, 184, -1
102, 164, -1
164, 184, -1
188, 163, -1
102, 163, -1
163, 184, -1
160, 182, -1

130, 102, 1
130, 133, 1
130, 109, 1
128, 102, 1
128, 133, 1
128, 109, 1
128, 130, 1
129, 102, 1
129, 133, 1
129, 109, 1
129, 130, 1
129, 128, 1
131, 102, 1
131, 133, 1
131, 109, 1
131, 130, 1
131, 128, 1
131, 129, 1
127, 102, 1
127, 133, 1
127, 109, 1
127, 130, 1
127, 128, 1
127, 129, 1
127, 131, 1
179, 182, 1
179, 184, 1
129, 127, 1
131, 127, 1
128, 129, 1
130, 131, 1
184, 182, 1
109, 102, 1
128, 131, 1
130, 127, 1
109, 127, 1
129, 131, 1
133, 102, 1
133, 127, 1
128, 127, 1
109, 133, 1
102, 127, 1
184, 179, 1
102, 133, 1
130, 194, -1
130, 201, -1
130, 207, -1
130, 190, -1
130, 189, -1
130, 188, -1
130, 61, -1
130, 163, -1
130, 164, -1
130, 174, -1
130, 168, -1
130, 171, -1
130, 160, -1
130, 182, -1
130, 184, -1
128, 194, -1
128, 201, -1
128, 207, -1
128, 190, -1
128, 189, -1
128, 188, -1
128, 61, -1
128, 163, -1
128, 164, -1
128, 174, -1
128, 168, -1
128, 171, -1
128, 160, -1
128, 182, -1
128, 184, -1
129, 194, -1
129, 201, -1
129, 207, -1
129, 190, -1
129, 189, -1
129, 188, -1
129, 61, -1
129, 163, -1
129, 164, -1
129, 174, -1
129, 168, -1
129, 171, -1
129, 160, -1
129, 182, -1
129, 184, -1
131, 194, -1
131, 201, -1
131, 207, -1
131, 190, -1
131, 189, -1
131, 188, -1
131, 61, -1
131, 163, -1
131, 164, -1
131, 174, -1
131, 168, -1
131, 171, -1
131, 160, -1
131, 182, -1
131, 184, -1
127, 194, -1
127, 201, -1
127, 207, -1
127, 190, -1
127, 189, -1
127, 188, -1
127, 61, -1
127, 163, -1
127, 164, -1
127, 174, -1
127, 168, -1
127, 171, -1
127, 160, -1
127, 182, -1
127, 184, -1
179, 194, -1
179, 201, -1
179, 207, -1
179, 190, -1
179, 189, -1
179, 188, -1
179, 102, -1
179, 133, -1
179, 109, -1
179, 130, -1
179, 128, -1
179, 129, -1
179, 131, -1
179, 127, -1
179, 61, -1
179, 163, -1
179, 164, -1
179, 174, -1
179, 168, -1
179, 171, -1
179, 160, -1
201, 102, -1
130, 179, -1
182, 207, -1
109, 168, -1
184, 61, -1
184, 189, -1
171, 109, -1
189, 102, -1
61, 182, -1
184, 207, -1
61, 127, -1
171, 182, -1
171, 127, -1
182, 127, -1
133, 207, -1
184, 109, -1
168, 109, -1
184, 127, -1
61, 102, -1
133, 182, -1
207, 131, -1
188, 182, -1
188, 127, -1
168, 130, -1
201, 109, -1
184, 102, -1
109, 163, -1
201, 182, -1
201, 127, -1
168, 102, -1
184, 129, -1
133, 184, -1
207, 133, -1
163, 109, -1
171, 131, -1
163, 182, -1
160, 128, -1
163, 127, -1
189, 182, -1
201, 129, -1
109, 174, -1
189, 127, -1
133, 168, -1
184, 131, -1
163, 102, -1
164, 109, -1
171, 133, -1
160, 130, -1
131, 179, -1
102, 207, -1
201, 131, -1
184, 188, -1
184, 133, -1
164, 102, -1
102, 182, -1
188, 133, -1
168, 182, -1
168, 127, -1
182, 190, -1
163, 131, -1
109, 160, -1
194, 109, -1
184, 163, -1
201, 133, -1
184, 190, -1
207, 130, -1
194, 130, -1
174, 127, -1
133, 190, -1
109, 190, -1
182, 174, -1
102, 184, -1
168, 184, -1
168, 129, -1
194, 102, -1
184, 174, -1
189, 133, -1
133, 174, -1
102, 168, -1
160, 109, -1
168, 131, -1
160, 182, -1
129, 179, -1
160, 127, -1
61, 133, -1
164, 182, -1
164, 127, -1
160, 102, -1
168, 133, -1
160, 184, -1
160, 129, -1
133, 160, -1
207, 109, -1
194, 182, -1
194, 127, -1
102, 190, -1
160, 131, -1
207, 102, -1
184, 171, -1
163, 133, -1
109, 171, -1
109, 61, -1
194, 129, -1
102, 174, -1
184, 128, -1
109, 189, -1
168, 128, -1
184, 201, -1
109, 207, -1
160, 133, -1
184, 164, -1
164, 133, -1
188, 109, -1
171, 102, -1
182, 102, -1
109, 182, -1
194, 131, -1
184, 130, -1
184, 194, -1
190, 127, -1
188, 102, -1
102, 160, -1
128, 179, -1
201, 130, -1
109, 184, -1
194, 133, -1
174, 133, -1
163, 179, -1
61, 131, -1
182, 109, -1
133, 189, -1
160, 179, -1
171, 179, -1
102, 189, -1
182, 133, -1
182, 130, -1
109, 164, -1
109, 179, -1
190, 109, -1
109, 188, -1
102, 179, -1
168, 179, -1
190, 133, -1
201, 179, -1
174, 109, -1
194, 179, -1

105, 102, 1
105, 133, 1
105, 109, 1
105, 130, 1
105, 128, 1
105, 129, 1
105, 131, 1
105, 127, 1
112, 102, 1
112, 133, 1
112, 109, 1
112, 130, 1
112, 128, 1
112, 129, 1
112, 131, 1
112, 127, 1
112, 105, 1
167, 163, 1
167, 164, 1
167, 174, 1
167, 168, 1
167, 171, 1
108, 102, 1
108, 133, 1
108, 109, 1
108, 130, 1
108, 128, 1
108, 129, 1
108, 131, 1
108, 127, 1
108, 105, 1
108, 112, 1
110, 102, 1
110, 133, 1
110, 109, 1
110, 130, 1
110, 128, 1
110, 129, 1
110, 131, 1
110, 127, 1
110, 105, 1
110, 112, 1
110, 108, 1
166, 163, 1
166, 164, 1
166, 174, 1
166, 168, 1
166, 171, 1
166, 167, 1
128, 130, 1
105, 110, 1
163, 164, 1
128, 133, 1
163, 167, 1
171, 174, 1
129, 110, 1
130, 109, 1
131, 110, 1
164, 174, 1
130, 127, 1
129, 131, 1
128, 105, 1
128, 102, 1
128, 108, 1
130, 133, 1
174, 166, 1
109, 110, 1
133, 110, 1
102, 110, 1
128, 129, 1
171, 164, 1
168, 171, 1
168, 174, 1
171, 167, 1
109, 128, 1
130, 102, 1
130, 108, 1
102, 109, 1
131, 109, 1
163, 166, 1
129, 109, 1
102, 131, 1
164, 167, 1
102, 108, 1
112, 108, 1
129, 127, 1
129, 133, 1
129, 130, 1
128, 110, 1
131, 133, 1
131, 127, 1
168, 164, 1
128, 131, 1
171, 166, 1
168, 167, 1
109, 127, 1
105, 108, 1
171, 163, 1
168, 163, 1
131, 102, 1
108, 110, 1
133, 127, 1
129, 102, 1
109, 133, 1
130, 110, 1
102, 127, 1
129, 108, 1
131, 108, 1
163, 174, 1
164, 166, 1
112, 110, 1
102, 133, 1
130, 131, 1
130, 128, 1
109, 102, 1
128, 109, 1
174, 167, 1
133, 102, 1
168, 166, 1
128, 127, 1
164, 163, 1
102, 130, 1
102, 105, 1
130, 105, 1
130, 112, 1
128, 112, 1
129, 112, 1
105, 112, 1
133, 105, 1
109, 105, 1
131, 112, 1
129, 105, 1
163, 171, 1
131, 105, 1
129, 128, 1
164, 171, 1
131, 128, 1
105, 194, -1
105, 201, -1
105, 207, -1
105, 190, -1
105, 189, -1
105, 188, -1
105, 61, -1
105, 163, -1
105, 164, -1
105, 174, -1
105, 168, -1
105, 171, -1
105, 160, -1
105, 182, -1
105, 184, -1
105, 179, -1
112, 194, -1
112, 201, -1
112, 207, -1
112, 190, -1
112, 189, -1
112, 188, -1
112, 61, -1
112, 163, -1
112, 164, -1
112, 174, -1
112, 168, -1
112, 171, -1
112, 160, -1
112, 182, -1
112, 184, -1
112, 179, -1
167, 194, -1
167, 201, -1
167, 207, -1
167, 190, -1
167, 189, -1
167, 188, -1
167, 102, -1
167, 133, -1
167, 109, -1
167, 130, -1
167, 128, -1
167, 129, -1
167, 131, -1
167, 127, -1
167, 105, -1
167, 112, -1
167, 61, -1
167, 160, -1
167, 182, -1
167, 184, -1
167, 179, -1
108, 194, -1
108, 201, -1
108, 207, -1
108, 190, -1
108, 189, -1
108, 188, -1
108, 61, -1
108, 163, -1
108, 164, -1
108, 174, -1
108, 168, -1
108, 171, -1
108, 167, -1
108, 160, -1
108, 182, -1
108, 184, -1
108, 179, -1
110, 194, -1
110, 201, -1
110, 207, -1
110, 190, -1
110, 189, -1
110, 188, -1
110, 61, -1
110, 163, -1
110, 164, -1
110, 174, -1
110, 168, -1
110, 171, -1
110, 167, -1
110, 160, -1
110, 182, -1
110, 184, -1
110, 179, -1
166, 194, -1
166, 201, -1
166, 207, -1
166, 190, -1
166, 189, -1
166, 188, -1
166, 102, -1
166, 133, -1
166, 109, -1
166, 130, -1
166, 128, -1
166, 129, -1
166, 131, -1
166, 127, -1
166, 105, -1
166, 112, -1
166, 108, -1
166, 110, -1
166, 61, -1
166, 160, -1
166, 182, -1
166, 184, -1
166, 179, -1
160, 110, -1
160, 174, -1
129, 171, -1
201, 102, -1
201, 166, -1
130, 179, -1
179, 163, -1
164, 110, -1
171, 61, -1
179, 108, -1
130, 188, -1
171, 189, -1
131, 61, -1
128, 163, -1
207, 163, -1
194, 163, -1
127, 207, -1
131, 189, -1
194, 108, -1
110, 166, -1
109, 168, -1
129, 201, -1
171, 207, -1
128, 190, -1
131, 207, -1
102, 171, -1
160, 167, -1
129, 164, -1
160, 112, -1
130, 163, -1
171, 109, -1
189, 102, -1
61, 127, -1
189, 166, -1
171, 182, -1
171, 127, -1
182, 127, -1
133, 207, -1
179, 174, -1
179, 110, -1
131, 182, -1
168, 201, -1
164, 130, -1
129, 194, -1
128, 174, -1
184, 109, -1
194, 174, -1
194, 110, -1
102, 164, -1
168, 109, -1
184, 127, -1
61, 102, -1
160, 105, -1
61, 166, -1
105, 166, -1
133, 182, -1
127, 166, -1
188, 127, -1
130, 174, -1
190, 133, -1
179, 167, -1
168, 130, -1
163, 61, -1
168, 194, -1
201, 109, -1
163, 189, -1
128, 167, -1
184, 102, -1
131, 184, -1
194, 167, -1
184, 166, -1
174, 109, -1
201, 127, -1
168, 102, -1
163, 207, -1
133, 166, -1
184, 129, -1
160, 171, -1
130, 167, -1
133, 184, -1
163, 109, -1
131, 168, -1
129, 61, -1
171, 131, -1
160, 128, -1
163, 127, -1
128, 160, -1
163, 182, -1
129, 189, -1
174, 102, -1
184, 168, -1
189, 127, -1
109, 174, -1
129, 207, -1
201, 129, -1
133, 168, -1
160, 164, -1
184, 131, -1
130, 160, -1
190, 174, -1
163, 102, -1
108, 166, -1
102, 61, -1
168, 61, -1
164, 109, -1
188, 131, -1
102, 189, -1
168, 189, -1
171, 188, -1
179, 171, -1
171, 133, -1
129, 182, -1
160, 130, -1
112, 166, -1
182, 133, -1
102, 207, -1
128, 171, -1
130, 190, -1
131, 188, -1
109, 167, -1
168, 207, -1
194, 171, -1
201, 131, -1
207, 174, -1
160, 166, -1
184, 133, -1
190, 167, -1
174, 61, -1
171, 108, -1
164, 102, -1
174, 189, -1
102, 182, -1
188, 133, -1
128, 201, -1
129, 166, -1
168, 127, -1
131, 163, -1
179, 164, -1
168, 182, -1
171, 190, -1
174, 207, -1
129, 184, -1
128, 164, -1
163, 131, -1
194, 164, -1
109, 160, -1
194, 109, -1
131, 190, -1
184, 163, -1
184, 108, -1
130, 201, -1
201, 133, -1
102, 166, -1
174, 182, -1
194, 130, -1
128, 194, -1
174, 127, -1
133, 190, -1
109, 190, -1
127, 174, -1
102, 184, -1
129, 168, -1
61, 174, -1
171, 110, -1
168, 129, -1
182, 174, -1
131, 174, -1
201, 163, -1
201, 108, -1
194, 102, -1
163, 188, -1
194, 166, -1
164, 61, -1
184, 110, -1
164, 189, -1
184, 174, -1
189, 133, -1
188, 110, -1
133, 174, -1
164, 207, -1
188, 174, -1
102, 168, -1
105, 167, -1
127, 167, -1
61, 167, -1
182, 167, -1
160, 109, -1
163, 108, -1
131, 167, -1
168, 131, -1
129, 179, -1
160, 127, -1
201, 110, -1
129, 188, -1
61, 133, -1
163, 190, -1
201, 174, -1
164, 182, -1
184, 167, -1
164, 127, -1
184, 112, -1
207, 171, -1
133, 167, -1
128, 61, -1
188, 167, -1
190, 109, -1
128, 189, -1
160, 102, -1
102, 179, -1
129, 163, -1
131, 160, -1
163, 110, -1
168, 179, -1
128, 207, -1
102, 188, -1
168, 188, -1
130, 171, -1
168, 133, -1
130, 61, -1
160, 129, -1
189, 110, -1
201, 167, -1
179, 109, -1
129, 190, -1
130, 189, -1
189, 174, -1
184, 105, -1
207, 164, -1
133, 160, -1
179, 127, -1
130, 207, -1
128, 182, -1
102, 163, -1
194, 127, -1
168, 108, -1
160, 168, -1
174, 133, -1
61, 110, -1
130, 164, -1
102, 190, -1
129, 174, -1
168, 190, -1
131, 171, -1
201, 105, -1
112, 167, -1
179, 102, -1
160, 131, -1
130, 182, -1
179, 166, -1
189, 167, -1
184, 171, -1
128, 166, -1
163, 133, -1
164, 131, -1
207, 166, -1
131, 201, -1
128, 184, -1
109, 61, -1
168, 110, -1
102, 174, -1
184, 128, -1
182, 109, -1
109, 189, -1
174, 190, -1
129, 167, -1
131, 164, -1
130, 166, -1
168, 128, -1
109, 207, -1
160, 133, -1
130, 184, -1
201, 171, -1
184, 164, -1
164, 188, -1
164, 133, -1
128, 168, -1
179, 131, -1
174, 110, -1
188, 109, -1
171, 102, -1
102, 167, -1
109, 182, -1
194, 131, -1
168, 112, -1
184, 130, -1
129, 160, -1
160, 163, -1
160, 108, -1
131, 166, -1
130, 168, -1
201, 164, -1
190, 127, -1
164, 108, -1
188, 130, -1
164, 190, -1
188, 102, -1
179, 133, -1
109, 166, -1
128, 179, -1
102, 160, -1
201, 130, -1
188, 166, -1
168, 105, -1
128, 188, -1
109, 184, -1
194, 133, -1
207, 130, -1
182, 110, -1
207, 133, -1
163, 112, -1
174, 130, -1
179, 105, -1
171, 128, -1
127, 189, -1
61, 131, -1
194, 105, -1
164, 128, -1
207, 102, -1
174, 105, -1
207, 108, -1
109, 171, -1
188, 171, -1
190, 110, -1
163, 105, -1
171, 112, -1
133, 189, -1
171, 179, -1
189, 105, -1
164, 112, -1
167, 108, -1
109, 164, -1
207, 110, -1
109, 179, -1
188, 112, -1
182, 102, -1
182, 166, -1
171, 105, -1
182, 105, -1
61, 108, -1
61, 105, -1
109, 188, -1
207, 131, -1
164, 105, -1
179, 112, -1
201, 112, -1
167, 110, -1
163, 128, -1
109, 163, -1
194, 112, -1
207, 109, -1
188, 105, -1
190, 102, -1
188, 163, -1
190, 166, -1
190, 105, -1
190, 130, -1
194, 129, -1
179, 128, -1
201, 128, -1
163, 179, -1
188, 128, -1
194, 128, -1
182, 130, -1
164, 179, -1

106, 102, 1
106, 133, 1
106, 109, 1
106, 130, 1
106, 128, 1
106, 129, 1
106, 131, 1
106, 127, 1
106, 105, 1
106, 112, 1
106, 108, 1
106, 110, 1
183, 182, 1
183, 184, 1
183, 179, 1
211, 194, 1
211, 201, 1
211, 207, 1
211, 190, 1
211, 189, 1
211, 188, 1
196, 194, 1
196, 201, 1
196, 207, 1
196, 190, 1
196, 189, 1
196, 188, 1
196, 211, 1
175, 163, 1
175, 164, 1
175, 174, 1
175, 168, 1
175, 171, 1
175, 167, 1
175, 166, 1
169, 163, 1
169, 164, 1
169, 174, 1
169, 168, 1
169, 171, 1
169, 167, 1
169, 166, 1
169, 175, 1
163, 164, 1
167, 164, 1
188, 196, 1
164, 174, 1
128, 108, 1
112, 130, 1
201, 196, 1
194, 190, 1
168, 171, 1
105, 109, 1
130, 108, 1
188, 189, 1
164, 167, 1
167, 166, 1
105, 127, 1
188, 207, 1
129, 130, 1
128, 110, 1
131, 127, 1
201, 189, 1
166, 167, 1
168, 164, 1
184, 182, 1
105, 102, 1
201, 207, 1
133, 127, 1
130, 110, 1
171, 175, 1
102, 130, 1
105, 129, 1
133, 102, 1
168, 166, 1
189, 207, 1
128, 133, 1
110, 127, 1
108, 109, 1
105, 131, 1
108, 127, 1
112, 109, 1
128, 105, 1
188, 211, 1
174, 166, 1
109, 110, 1
112, 127, 1
201, 211, 1
108, 102, 1
163, 166, 1
129, 109, 1
163, 175, 1
112, 102, 1
129, 127, 1
167, 175, 1
131, 133, 1
112, 129, 1
184, 179, 1
105, 108, 1
171, 163, 1
129, 102, 1
109, 133, 1
164, 166, 1
102, 127, 1
131, 108, 1
164, 175, 1
112, 131, 1
201, 188, 1
128, 130, 1
105, 110, 1
168, 175, 1
171, 174, 1
188, 190, 1
131, 110, 1
129, 131, 1
201, 190, 1
133, 110, 1
174, 175, 1
171, 167, 1
194, 196, 1
112, 108, 1
167, 163, 1
129, 133, 1
105, 133, 1
189, 190, 1
211, 196, 1
194, 189, 1
109, 130, 1
108, 110, 1
129, 108, 1
163, 174, 1
194, 207, 1
112, 110, 1
167, 174, 1
179, 182, 1
128, 109, 1
128, 127, 1
168, 163, 1
166, 175, 1
163, 167, 1
129, 110, 1
130, 127, 1
128, 102, 1
108, 133, 1
112, 133, 1
102, 110, 1
128, 129, 1
171, 164, 1
168, 174, 1
131, 109, 1
112, 105, 1
194, 211, 1
105, 130, 1
168, 169, 1
190, 207, 1
128, 131, 1
168, 167, 1
171, 166, 1
109, 127, 1
131, 102, 1
133, 130, 1
167, 171, 1
130, 131, 1
109, 102, 1
174, 167, 1
112, 128, 1
201, 194, 1
194, 188, 1
108, 106, 1
130, 106, 1
110, 133, 1
130, 109, 1
110, 130, 1
182, 183, 1
112, 106, 1
105, 128, 1
131, 128, 1
129, 128, 1
130, 133, 1
110, 102, 1
110, 105, 1
184, 183, 1
110, 108, 1
166, 174, 1
105, 106, 1
109, 128, 1
130, 102, 1
129, 106, 1
108, 105, 1
131, 106, 1
179, 183, 1
109, 106, 1
102, 105, 1
133, 106, 1
102, 106, 1
129, 105, 1
163, 171, 1
110, 131, 1
131, 105, 1
108, 128, 1
130, 128, 1
128, 106, 1
128, 112, 1
109, 108, 1
175, 169, 1
133, 105, 1
109, 105, 1
110, 106, 1
110, 109, 1
102, 133, 1
131, 130, 1
130, 105, 1
164, 171, 1
108, 112, 1
130, 112, 1
129, 112, 1
105, 112, 1
102, 109, 1
102, 131, 1
131, 112, 1
102, 108, 1
164, 163, 1
130, 129, 1
106, 194, -1
106, 201, -1
106, 207, -1
106, 190, -1
106, 189, -1
106, 188, -1
106, 61, -1
106, 163, -1
106, 164, -1
106, 174, -1
106, 168, -1
106, 171, -1
106, 167, -1
106, 166, -1
106, 160, -1
106, 182, -1
106, 184, -1
106, 179, -1
183, 194, -1
183, 201, -1
183, 207, -1
183, 190, -1
183, 189, -1
183, 188, -1
183, 102, -1
183, 133, -1
183, 109, -1
183, 130, -1
183, 128, -1
183, 129, -1
183, 131, -1
183, 127, -1
183, 105, -1
183, 112, -1
183, 108, -1
183, 110, -1
183, 106, -1
183, 61, -1
183, 163, -1
183, 164, -1
183, 174, -1
183, 168, -1
183, 171, -1
183, 167, -1
183, 166, -1
183, 160, -1
211, 102, -1
211, 133, -1
211, 109, -1
211, 130, -1
211, 128, -1
211, 129, -1
211, 131, -1
211, 127, -1
211, 105, -1
211, 112, -1
211, 108, -1
211, 110, -1
211, 106, -1
211, 61, -1
211, 163, -1
211, 164, -1
211, 174, -1
211, 168, -1
211, 171, -1
211, 167, -1
211, 166, -1
211, 160, -1
211, 182, -1
211, 184, -1
211, 179, -1
211, 183, -1
196, 102, -1
196, 133, -1
196, 109, -1
196, 130, -1
196, 128, -1
196, 129, -1
196, 131, -1
196, 127, -1
196, 105, -1
196, 112, -1
196, 108, -1
196, 110, -1
196, 106, -1
196, 61, -1
196, 163, -1
196, 164, -1
196, 174, -1
196, 168, -1
196, 171, -1
196, 167, -1
196, 166, -1
196, 160, -1
196, 182, -1
196, 184, -1
196, 179, -1
196, 183, -1
175, 194, -1
175, 201, -1
175, 207, -1
175, 190, -1
175, 189, -1
175, 188, -1
175, 211, -1
175, 196, -1
175, 102, -1
175, 133, -1
175, 109, -1
175, 130, -1
175, 128, -1
175, 129, -1
175, 131, -1
175, 127, -1
175, 105, -1
175, 112, -1
175, 108, -1
175, 110, -1
175, 106, -1
175, 61, -1
175, 160, -1
175, 182, -1
175, 184, -1
175, 179, -1
175, 183, -1
169, 194, -1
169, 201, -1
169, 207, -1
169, 190, -1
169, 189, -1
169, 188, -1
169, 211, -1
169, 196, -1
169, 102, -1
169, 133, -1
169, 109, -1
169, 130, -1
169, 128, -1
169, 129, -1
169, 131, -1
169, 127, -1
169, 105, -1
169, 112, -1
169, 108, -1
169, 110, -1
169, 106, -1
169, 61, -1
169, 160, -1
169, 182, -1
169, 184, -1
169, 179, -1
169, 183, -1
160, 110, -1
166, 190, -1
105, 171, -1
201, 166, -1
105, 189, -1
131, 61, -1
128, 163, -1
108, 194, -1
127, 207, -1
105, 207, -1
194, 108, -1
128, 190, -1
184, 189, -1
129, 164, -1
188, 61, -1
184, 207, -1
61, 127, -1
179, 110, -1
131, 182, -1
112, 196, -1
168, 109, -1
160, 105, -1
105, 166, -1
127, 166, -1
188, 182, -1
127, 175, -1
105, 175, -1
168, 194, -1
108, 189, -1
128, 167, -1
112, 61, -1
184, 166, -1
108, 207, -1
184, 175, -1
112, 182, -1
201, 129, -1
189, 127, -1
61, 207, -1
167, 127, -1
164, 201, -1
190, 110, -1
163, 102, -1
108, 166, -1
105, 179, -1
108, 175, -1
105, 188, -1
168, 189, -1
171, 133, -1
160, 194, -1
128, 171, -1
130, 190, -1
168, 207, -1
109, 167, -1
184, 188, -1
164, 102, -1
131, 163, -1
201, 106, -1
112, 168, -1
131, 190, -1
201, 133, -1
207, 167, -1
164, 196, -1
188, 163, -1
167, 131, -1
171, 110, -1
105, 174, -1
182, 110, -1
127, 174, -1
127, 183, -1
168, 184, -1
160, 189, -1
194, 102, -1
164, 61, -1
168, 211, -1
160, 207, -1
184, 174, -1
131, 167, -1
112, 163, -1
201, 110, -1
167, 108, -1
164, 182, -1
112, 190, -1
179, 189, -1
207, 171, -1
188, 167, -1
194, 61, -1
171, 105, -1
179, 207, -1
105, 169, -1
168, 179, -1
163, 110, -1
108, 174, -1
160, 175, -1
168, 188, -1
130, 171, -1
160, 184, -1
130, 189, -1
184, 169, -1
160, 211, -1
130, 207, -1
194, 182, -1
129, 211, -1
131, 171, -1
201, 105, -1
112, 167, -1
179, 166, -1
179, 175, -1
207, 166, -1
207, 175, -1
188, 171, -1
184, 128, -1
163, 105, -1
168, 183, -1
130, 166, -1
160, 179, -1
130, 175, -1
160, 188, -1
184, 164, -1
174, 110, -1
131, 166, -1
112, 171, -1
164, 190, -1
179, 188, -1
188, 166, -1
160, 174, -1
130, 179, -1
130, 188, -1
171, 189, -1
194, 163, -1
174, 105, -1
171, 207, -1
182, 207, -1
129, 201, -1
166, 110, -1
133, 189, -1
189, 102, -1
61, 182, -1
167, 102, -1
133, 207, -1
179, 174, -1
184, 109, -1
167, 196, -1
184, 127, -1
160, 169, -1
130, 174, -1
182, 175, -1
163, 189, -1
194, 167, -1
129, 196, -1
167, 61, -1
171, 211, -1
166, 105, -1
163, 207, -1
133, 166, -1
133, 175, -1
110, 182, -1
129, 61, -1
160, 128, -1
201, 175, -1
189, 182, -1
167, 182, -1
106, 175, -1
160, 164, -1
184, 131, -1
190, 174, -1
190, 183, -1
171, 179, -1
171, 188, -1
129, 182, -1
194, 171, -1
102, 182, -1
188, 133, -1
179, 164, -1
168, 127, -1
174, 207, -1
201, 179, -1
184, 108, -1
105, 211, -1
194, 130, -1
128, 194, -1
109, 190, -1
182, 174, -1
171, 183, -1
163, 179, -1
184, 211, -1
163, 188, -1
194, 166, -1
188, 110, -1
133, 174, -1
61, 167, -1
133, 183, -1
160, 109, -1
110, 190, -1
168, 131, -1
160, 127, -1
166, 207, -1
201, 174, -1
201, 183, -1
184, 112, -1
167, 190, -1
106, 183, -1
108, 211, -1
128, 189, -1
129, 163, -1
128, 207, -1
163, 183, -1
179, 109, -1
129, 190, -1
179, 127, -1
110, 167, -1
168, 108, -1
102, 190, -1
160, 131, -1
105, 183, -1
189, 167, -1
201, 169, -1
108, 188, -1
105, 201, -1
128, 166, -1
163, 133, -1
128, 175, -1
128, 184, -1
194, 129, -1
109, 189, -1
129, 167, -1
184, 201, -1
109, 207, -1
196, 175, -1
164, 133, -1
179, 131, -1
188, 109, -1
102, 167, -1
174, 183, -1
168, 112, -1
160, 108, -1
201, 164, -1
190, 127, -1
108, 183, -1
105, 196, -1
194, 106, -1
108, 201, -1
109, 166, -1
128, 179, -1
109, 175, -1
128, 188, -1
194, 133, -1
184, 196, -1
129, 171, -1
105, 61, -1
164, 110, -1
179, 108, -1
131, 189, -1
110, 166, -1
167, 130, -1
112, 194, -1
184, 61, -1
131, 207, -1
166, 183, -1
105, 164, -1
160, 112, -1
171, 109, -1
179, 211, -1
105, 182, -1
127, 182, -1
189, 166, -1
171, 127, -1
182, 127, -1
168, 201, -1
108, 196, -1
194, 110, -1
128, 174, -1
128, 183, -1
130, 211, -1
61, 102, -1
164, 105, -1
108, 61, -1
131, 175, -1
201, 109, -1
201, 127, -1
112, 189, -1
168, 102, -1
131, 211, -1
207, 179, -1
112, 207, -1
188, 175, -1
108, 164, -1
163, 109, -1
108, 182, -1
171, 131, -1
168, 196, -1
163, 127, -1
194, 105, -1
128, 169, -1
160, 201, -1
184, 168, -1
109, 174, -1
168, 61, -1
164, 109, -1
112, 166, -1
131, 179, -1
112, 175, -1
131, 188, -1
112, 184, -1
201, 131, -1
207, 174, -1
105, 163, -1
207, 183, -1
188, 179, -1
171, 108, -1
168, 182, -1
128, 164, -1
130, 183, -1
163, 131, -1
160, 196, -1
194, 109, -1
184, 163, -1
184, 190, -1
174, 127, -1
131, 174, -1
201, 108, -1
167, 106, -1
131, 183, -1
112, 179, -1
112, 188, -1
164, 189, -1
189, 133, -1
167, 133, -1
179, 196, -1
164, 207, -1
188, 174, -1
127, 167, -1
105, 167, -1
188, 183, -1
163, 108, -1
160, 182, -1
106, 211, -1
211, 175, -1
184, 167, -1
130, 196, -1
179, 61, -1
163, 211, -1
166, 127, -1
130, 61, -1
189, 110, -1
112, 174, -1
61, 190, -1
167, 110, -1
112, 183, -1
207, 164, -1
190, 102, -1
207, 182, -1
164, 211, -1
108, 167, -1
160, 168, -1
130, 164, -1
168, 190, -1
130, 182, -1
184, 171, -1
171, 201, -1
183, 175, -1
194, 175, -1
131, 164, -1
112, 169, -1
164, 188, -1
188, 164, -1
171, 102, -1
182, 102, -1
160, 163, -1
184, 130, -1
190, 182, -1
160, 190, -1
171, 196, -1
163, 201, -1
194, 179, -1
207, 127, -1
201, 102, -1
112, 164, -1
171, 61, -1
179, 163, -1
61, 189, -1
167, 109, -1
164, 183, -1
207, 163, -1
179, 190, -1
167, 194, -1
160, 167, -1
106, 196, -1
130, 163, -1
171, 182, -1
128, 211, -1
129, 194, -1
201, 61, -1
163, 196, -1
194, 174, -1
194, 183, -1
61, 166, -1
133, 182, -1
61, 175, -1
188, 127, -1
179, 167, -1
168, 130, -1
163, 61, -1
110, 207, -1
184, 102, -1
201, 182, -1
167, 189, -1
184, 129, -1
160, 171, -1
167, 207, -1
130, 167, -1
163, 182, -1
129, 189, -1
174, 102, -1
183, 169, -1
129, 207, -1
110, 175, -1
188, 131, -1
179, 171, -1
160, 130, -1
102, 207, -1
189, 175, -1
184, 106, -1
160, 166, -1
184, 133, -1
190, 167, -1
167, 211, -1
128, 201, -1
129, 166, -1
129, 175, -1
182, 190, -1
171, 190, -1
194, 164, -1
166, 102, -1
188, 108, -1
102, 166, -1
174, 182, -1
61, 174, -1
102, 175, -1
133, 190, -1
168, 129, -1
201, 163, -1
167, 179, -1
184, 110, -1
167, 188, -1
109, 183, -1
182, 167, -1
128, 196, -1
129, 179, -1
129, 188, -1
61, 133, -1
163, 190, -1
164, 127, -1
133, 167, -1
128, 61, -1
110, 174, -1
168, 106, -1
160, 102, -1
110, 183, -1
166, 182, -1
112, 211, -1
168, 133, -1
160, 129, -1
201, 167, -1
105, 190, -1
184, 105, -1
189, 174, -1
189, 183, -1
167, 183, -1
128, 182, -1
190, 166, -1
194, 127, -1
190, 175, -1
61, 110, -1
129, 174, -1
179, 102, -1
129, 183, -1
109, 61, -1
168, 110, -1
102, 174, -1
174, 190, -1
102, 183, -1
168, 128, -1
160, 133, -1
201, 171, -1
105, 194, -1
108, 190, -1
128, 168, -1
109, 182, -1
194, 131, -1
182, 166, -1
184, 194, -1
129, 169, -1
164, 108, -1
188, 102, -1
179, 133, -1
131, 196, -1
201, 130, -1
168, 105, -1
112, 201, -1
167, 201, -1
160, 183, -1
189, 109, -1
127, 189, -1
182, 189, -1
164, 128, -1
109, 168, -1
189, 130, -1
102, 171, -1
108, 169, -1
110, 196, -1
164, 112, -1
164, 130, -1
102, 164, -1
109, 179, -1
190, 106, -1
109, 188, -1
110, 61, -1
207, 131, -1
110, 189, -1
108, 171, -1
105, 184, -1
190, 133, -1
171, 184, -1
179, 112, -1
131, 184, -1
109, 163, -1
189, 61, -1
174, 109, -1
182, 211, -1
194, 112, -1
207, 106, -1
105, 168, -1
133, 184, -1
182, 168, -1
207, 133, -1
174, 130, -1
179, 105, -1
131, 168, -1
102, 196, -1
109, 211, -1
194, 169, -1
207, 108, -1
133, 168, -1
61, 106, -1
182, 106, -1
171, 106, -1
130, 169, -1
110, 184, -1
102, 189, -1
108, 184, -1
182, 133, -1
163, 184, -1
110, 211, -1
167, 129, -1
207, 110, -1
179, 128, -1
188, 106, -1
110, 168, -1
61, 108, -1
174, 189, -1
108, 168, -1
190, 130, -1
166, 130, -1
127, 190, -1
129, 184, -1
130, 201, -1
190, 105, -1
110, 179, -1
207, 130, -1
110, 188, -1
163, 106, -1
102, 184, -1
129, 168, -1
108, 179, -1
171, 128, -1
189, 106, -1
61, 131, -1
133, 211, -1
110, 163, -1
102, 168, -1
174, 184, -1
108, 163, -1
171, 112, -1
188, 128, -1
183, 196, -1
166, 61, -1
166, 189, -1
174, 211, -1
188, 112, -1
190, 109, -1
166, 109, -1
182, 105, -1
102, 179, -1
102, 188, -1
201, 112, -1
164, 184, -1
207, 109, -1
174, 106, -1
188, 105, -1
102, 163, -1
174, 133, -1
166, 184, -1
109, 196, -1
163, 112, -1
61, 183, -1
166, 211, -1
106, 169, -1
207, 102, -1
164, 131, -1
102, 211, -1
109, 171, -1
131, 201, -1
182, 109, -1
160, 106, -1
183, 211, -1
164, 106, -1
167, 105, -1
189, 105, -1
130, 184, -1
179, 168, -1
164, 179, -1
182, 130, -1
109, 164, -1
110, 171, -1
166, 106, -1
61, 105, -1
130, 168, -1
166, 133, -1
188, 130, -1
179, 106, -1
163, 128, -1
110, 164, -1
109, 184, -1
61, 196, -1
201, 128, -1
194, 128, -1
102, 61, -1
174, 61, -1
61, 211, -1
179, 130, -1
163, 130, -1
61, 130, -1
61, 188, -1
171, 130, -1

170, 163, 1
170, 164, 1
170, 174, 1
170, 168, 1
170, 171, 1
170, 167, 1
170, 166, 1
170, 175, 1
170, 169, 1
111, 102, 1
111, 133, 1
111, 109, 1
111, 130, 1
111, 128, 1
111, 129, 1
111, 131, 1
111, 127, 1
111, 105, 1
111, 112, 1
111, 108, 1
111, 110, 1
111, 106, 1
172, 163, 1
172, 164, 1
172, 174, 1
172, 168, 1
172, 171, 1
172, 167, 1
172, 166, 1
172, 175, 1
172, 169, 1
172, 170, 1
173, 163, 1
173, 164, 1
173, 174, 1
173, 168, 1
173, 171, 1
173, 167, 1
173, 166, 1
173, 175, 1
173, 169, 1
173, 170, 1
173, 172, 1
165, 163, 1
165, 164, 1
165, 174, 1
165, 168, 1
165, 171, 1
165, 167, 1
165, 166, 1
165, 175, 1
165, 169, 1
165, 170, 1
165, 172, 1
165, 173, 1
209, 194, 1
209, 201, 1
209, 207, 1
209, 190, 1
209, 189, 1
209, 188, 1
209, 211, 1
209, 196, 1
177, 182, 1
177, 184, 1
177, 179, 1
177, 183, 1
163, 164, 1
164, 165, 1
188, 196, 1
164, 174, 1
167, 173, 1
128, 108, 1
211, 188, 1
112, 130, 1
201, 196, 1
168, 171, 1
194, 190, 1
127, 109, 1
105, 109, 1
130, 108, 1
188, 189, 1
164, 167, 1
105, 127, 1
188, 207, 1
196, 190, 1
129, 130, 1
128, 110, 1
131, 127, 1
179, 183, 1
169, 175, 1
211, 190, 1
201, 189, 1
166, 167, 1
168, 164, 1
184, 182, 1
168, 173, 1
127, 102, 1
105, 102, 1
201, 207, 1
130, 110, 1
171, 175, 1
105, 129, 1
106, 109, 1
174, 173, 1
133, 102, 1
168, 166, 1
106, 127, 1
189, 207, 1
128, 133, 1
173, 165, 1
108, 109, 1
164, 171, 1
163, 173, 1
105, 131, 1
108, 127, 1
112, 109, 1
128, 105, 1
106, 102, 1
169, 170, 1
174, 166, 1
130, 133, 1
109, 110, 1
112, 127, 1
105, 106, 1
201, 211, 1
108, 102, 1
163, 166, 1
129, 109, 1
164, 173, 1
163, 175, 1
112, 102, 1
169, 163, 1
129, 127, 1
167, 175, 1
169, 172, 1
131, 133, 1
112, 129, 1
184, 179, 1
166, 173, 1
106, 131, 1
171, 163, 1
105, 108, 1
171, 172, 1
129, 102, 1
164, 166, 1
109, 133, 1
194, 201, 1
131, 108, 1
164, 175, 1
194, 188, 1
169, 165, 1
169, 174, 1
170, 173, 1
112, 131, 1
201, 188, 1
128, 130, 1
171, 165, 1
127, 110, 1
105, 110, 1
168, 175, 1
171, 174, 1
188, 190, 1
182, 183, 1
131, 110, 1
112, 106, 1
169, 167, 1
129, 131, 1
106, 108, 1
201, 190, 1
184, 183, 1
133, 110, 1
174, 175, 1
171, 167, 1
194, 196, 1
129, 106, 1
163, 172, 1
112, 108, 1
129, 133, 1
127, 133, 1
105, 133, 1
106, 110, 1
172, 165, 1
189, 190, 1
211, 196, 1
168, 170, 1
194, 189, 1
163, 165, 1
108, 110, 1
129, 108, 1
163, 174, 1
194, 207, 1
112, 110, 1
169, 171, 1
196, 189, 1
179, 182, 1
128, 109, 1
196, 207, 1
211, 189, 1
168, 163, 1
128, 127, 1
166, 175, 1
168, 172, 1
211, 207, 1
106, 133, 1
163, 167, 1
129, 110, 1
130, 109, 1
169, 164, 1
130, 127, 1
169, 173, 1
170, 172, 1
128, 102, 1
108, 133, 1
112, 133, 1
168, 165, 1
171, 164, 1
102, 110, 1
128, 129, 1
168, 174, 1
171, 173, 1
130, 102, 1
131, 109, 1
112, 105, 1
194, 211, 1
169, 166, 1
105, 130, 1
170, 165, 1
190, 207, 1
175, 173, 1
168, 167, 1
171, 166, 1
128, 131, 1
131, 102, 1
163, 171, 1
164, 163, 1
164, 172, 1
130, 131, 1
128, 106, 1
172, 173, 1
109, 102, 1
174, 167, 1
112, 128, 1
168, 169, 1
106, 130, 1
102, 111, 1
201, 209, 1
130, 106, 1
110, 127, 1
110, 133, 1
110, 130, 1
194, 209, 1
105, 128, 1
196, 188, 1
106, 105, 1
131, 128, 1
108, 130, 1
129, 128, 1
110, 102, 1
106, 111, 1
128, 111, 1
175, 165, 1
110, 105, 1
175, 171, 1
184, 177, 1
166, 165, 1
196, 209, 1
110, 108, 1
175, 174, 1
110, 111, 1
166, 174, 1
211, 209, 1
109, 128, 1
110, 109, 1
108, 105, 1
108, 111, 1
130, 111, 1
127, 130, 1
112, 111, 1
110, 106, 1
175, 164, 1
175, 167, 1
174, 165, 1
102, 105, 1
131, 130, 1
175, 170, 1
196, 211, 1
102, 106, 1
106, 128, 1
109, 127, 1
129, 105, 1
109, 130, 1
105, 111, 1
133, 127, 1
110, 131, 1
131, 105, 1
102, 127, 1
129, 111, 1
133, 130, 1
102, 130, 1
131, 111, 1
167, 165, 1
188, 209, 1
108, 128, 1
130, 128, 1
128, 112, 1
175, 163, 1
109, 108, 1
133, 105, 1
109, 105, 1
109, 111, 1
175, 172, 1
175, 166, 1
201, 194, 1
133, 111, 1
108, 106, 1
108, 112, 1
167, 164, 1
130, 112, 1
167, 170, 1
188, 211, 1
130, 105, 1
129, 112, 1
105, 112, 1
102, 131, 1
131, 106, 1
167, 166, 1
131, 112, 1
167, 163, 1
167, 169, 1
188, 201, 1
167, 172, 1
109, 106, 1
133, 106, 1
102, 109, 1
127, 111, 1
167, 171, 1
102, 133, 1
167, 174, 1
106, 112, 1
196, 201, 1
211, 201, 1
102, 108, 1
130, 129, 1
170, 194, -1
170, 201, -1
170, 207, -1
170, 190, -1
170, 189, -1
170, 188, -1
170, 211, -1
170, 196, -1
170, 102, -1
170, 133, -1
170, 109, -1
170, 130, -1
170, 128, -1
170, 129, -1
170, 131, -1
170, 127, -1
170, 105, -1
170, 112, -1
170, 108, -1
170, 110, -1
170, 106, -1
170, 61, -1
170, 160, -1
170, 182, -1
170, 184, -1
170, 179, -1
170, 183, -1
111, 194, -1
111, 201, -1
111, 207, -1
111, 190, -1
111, 189, -1
111, 188, -1
111, 211, -1
111, 196, -1
111, 61, -1
111, 163, -1
111, 164, -1
111, 174, -1
111, 168, -1
111, 171, -1
111, 167, -1
111, 166, -1
111, 175, -1
111, 169, -1
111, 170, -1
111, 160, -1
111, 182, -1
111, 184, -1
111, 179, -1
111, 183, -1
172, 194, -1
172, 201, -1
172, 207, -1
172, 190, -1
172, 189, -1
172, 188, -1
172, 211, -1
172, 196, -1
172, 102, -1
172, 133, -1
172, 109, -1
172, 130, -1
172, 128, -1
172, 129, -1
172, 131, -1
172, 127, -1
172, 105, -1
172, 112, -1
172, 108, -1
172, 110, -1
172, 106, -1
172, 111, -1
172, 61, -1
172, 160, -1
172, 182, -1
172, 184, -1
172, 179, -1
172, 183, -1
173, 194, -1
173, 201, -1
173, 207, -1
173, 190, -1
173, 189, -1
173, 188, -1
173, 211, -1
173, 196, -1
173, 102, -1
173, 133, -1
173, 109, -1
173, 130, -1
173, 128, -1
173, 129, -1
173, 131, -1
173, 127, -1
173, 105, -1
173, 112, -1
173, 108, -1
173, 110, -1
173, 106, -1
173, 111, -1
173, 61, -1
173, 160, -1
173, 182, -1
173, 184, -1
173, 179, -1
173, 183, -1
165, 194, -1
165, 201, -1
165, 207, -1
165, 190, -1
165, 189, -1
165, 188, -1
165, 211, -1
165, 196, -1
165, 102, -1
165, 133, -1
165, 109, -1
165, 130, -1
165, 128, -1
165, 129, -1
165, 131, -1
165, 127, -1
165, 105, -1
165, 112, -1
165, 108, -1
165, 110, -1
165, 106, -1
165, 111, -1
165, 61, -1
165, 160, -1
165, 182, -1
165, 184, -1
165, 179, -1
165, 183, -1
209, 102, -1
209, 133, -1
209, 109, -1
209, 130, -1
209, 128, -1
209, 129, -1
209, 131, -1
209, 127, -1
209, 105, -1
209, 112, -1
209, 108, -1
209, 110, -1
209, 106, -1
209, 111, -1
209, 61, -1
209, 163, -1
209, 164, -1
209, 174, -1
209, 168, -1
209, 171, -1
209, 167, -1
209, 166, -1
209, 175, -1
209, 169, -1
209, 170, -1
209, 172, -1
209, 173, -1
209, 165, -1
209, 160, -1
209, 182, -1
209, 184, -1
209, 179, -1
209, 183, -1
177, 194, -1
177, 201, -1
177, 207, -1
177, 190, -1
177, 189, -1
177, 188, -1
177, 211, -1
177, 196, -1
177, 209, -1
177, 102, -1
177, 133, -1
177, 109, -1
177, 130, -1
177, 128, -1
177, 129, -1
177, 131, -1
177, 127, -1
177, 105, -1
177, 112, -1
177, 108, -1
177, 110, -1
177, 106, -1
177, 111, -1
177, 61, -1
177, 163, -1
177, 164, -1
177, 174, -1
177, 168, -1
177, 171, -1
177, 167, -1
177, 166, -1
177, 175, -1
177, 169, -1
177, 170, -1
177, 172, -1
177, 173, -1
177, 165, -1
177, 160, -1
160, 110, -1
166, 190, -1
105, 171, -1
201, 166, -1
127, 189, -1
105, 189, -1
189, 173, -1
131, 61, -1
128, 163, -1
163, 130, -1
211, 179, -1
105, 207, -1
128, 172, -1
194, 108, -1
183, 108, -1
169, 182, -1
128, 190, -1
184, 189, -1
129, 164, -1
175, 131, -1
188, 61, -1
196, 163, -1
184, 207, -1
196, 172, -1
179, 110, -1
164, 130, -1
131, 182, -1
112, 196, -1
168, 109, -1
160, 105, -1
105, 166, -1
127, 166, -1
188, 182, -1
171, 111, -1
105, 175, -1
182, 111, -1
108, 171, -1
211, 165, -1
168, 194, -1
108, 189, -1
211, 174, -1
128, 167, -1
112, 61, -1
109, 163, -1
184, 166, -1
211, 183, -1
175, 108, -1
109, 172, -1
184, 175, -1
108, 207, -1
196, 167, -1
174, 130, -1
172, 209, -1
179, 105, -1
201, 111, -1
112, 173, -1
112, 182, -1
167, 127, -1
201, 129, -1
61, 207, -1
189, 127, -1
112, 209, -1
190, 110, -1
171, 106, -1
105, 170, -1
163, 102, -1
108, 166, -1
105, 179, -1
163, 111, -1
108, 175, -1
105, 188, -1
168, 189, -1
171, 133, -1
160, 194, -1
168, 207, -1
128, 171, -1
130, 190, -1
109, 167, -1
184, 170, -1
169, 190, -1
184, 188, -1
164, 102, -1
196, 171, -1
131, 163, -1
166, 130, -1
131, 172, -1
201, 106, -1
112, 168, -1
112, 177, -1
131, 190, -1
201, 133, -1
167, 131, -1
164, 196, -1
188, 163, -1
207, 167, -1
190, 105, -1
188, 172, -1
127, 165, -1
105, 165, -1
171, 110, -1
105, 174, -1
127, 174, -1
163, 106, -1
108, 170, -1
182, 110, -1
168, 184, -1
211, 164, -1
211, 173, -1
194, 102, -1
183, 102, -1
160, 189, -1
164, 61, -1
184, 165, -1
168, 211, -1
211, 182, -1
160, 207, -1
184, 174, -1
174, 111, -1
169, 194, -1
196, 166, -1
131, 167, -1
112, 163, -1
167, 108, -1
112, 172, -1
201, 110, -1
164, 182, -1
112, 190, -1
179, 189, -1
188, 167, -1
194, 61, -1
182, 105, -1
105, 169, -1
179, 207, -1
108, 165, -1
168, 179, -1
163, 110, -1
108, 174, -1
160, 175, -1
168, 188, -1
130, 171, -1
160, 184, -1
130, 189, -1
184, 169, -1
160, 211, -1
174, 106, -1
130, 207, -1
194, 182, -1
166, 111, -1
129, 211, -1
174, 133, -1
131, 171, -1
201, 105, -1
112, 167, -1
61, 183, -1
179, 166, -1
179, 175, -1
211, 127, -1
207, 175, -1
188, 171, -1
169, 130, -1
184, 128, -1
106, 190, -1
160, 170, -1
168, 183, -1
130, 166, -1
160, 179, -1
196, 111, -1
130, 175, -1
160, 188, -1
184, 164, -1
174, 110, -1
166, 106, -1
131, 166, -1
166, 133, -1
112, 171, -1
164, 190, -1
179, 188, -1
188, 166, -1
211, 131, -1
160, 165, -1
160, 174, -1
160, 183, -1
130, 179, -1
130, 188, -1
171, 189, -1
196, 133, -1
194, 163, -1
171, 207, -1
194, 172, -1
182, 207, -1
166, 110, -1
61, 164, -1
61, 173, -1
133, 189, -1
189, 102, -1
167, 102, -1
61, 182, -1
179, 165, -1
211, 108, -1
179, 174, -1
133, 207, -1
169, 111, -1
184, 109, -1
106, 171, -1
169, 129, -1
184, 127, -1
106, 189, -1
160, 169, -1
130, 165, -1
196, 110, -1
130, 174, -1
182, 175, -1
106, 207, -1
163, 189, -1
194, 167, -1
183, 167, -1
129, 196, -1
171, 211, -1
163, 207, -1
207, 106, -1
133, 166, -1
188, 111, -1
133, 175, -1
110, 182, -1
207, 133, -1
129, 61, -1
160, 128, -1
169, 106, -1
201, 175, -1
106, 166, -1
189, 182, -1
106, 175, -1
169, 133, -1
160, 164, -1
184, 131, -1
190, 165, -1
190, 174, -1
196, 105, -1
190, 183, -1
171, 179, -1
129, 173, -1
171, 188, -1
129, 182, -1
194, 171, -1
207, 110, -1
61, 172, -1
174, 189, -1
102, 182, -1
188, 133, -1
179, 164, -1
168, 127, -1
174, 207, -1
201, 170, -1
169, 110, -1
201, 179, -1
184, 108, -1
106, 179, -1
105, 211, -1
106, 188, -1
182, 165, -1
194, 130, -1
183, 130, -1
128, 194, -1
170, 209, -1
109, 190, -1
182, 174, -1
171, 183, -1
163, 179, -1
184, 211, -1
163, 188, -1
194, 166, -1
133, 165, -1
188, 110, -1
133, 174, -1
61, 167, -1
133, 183, -1
160, 109, -1
110, 190, -1
166, 189, -1
211, 102, -1
168, 131, -1
160, 127, -1
201, 165, -1
211, 111, -1
169, 105, -1
166, 207, -1
201, 174, -1
106, 165, -1
201, 183, -1
184, 112, -1
106, 174, -1
106, 183, -1
128, 189, -1
129, 163, -1
175, 130, -1
128, 207, -1
129, 172, -1
163, 183, -1
164, 111, -1
179, 109, -1
129, 190, -1
211, 61, -1
207, 109, -1
179, 127, -1
188, 105, -1
110, 167, -1
168, 108, -1
102, 190, -1
189, 167, -1
201, 169, -1
160, 131, -1
169, 109, -1
105, 183, -1
108, 188, -1
128, 166, -1
163, 133, -1
194, 111, -1
128, 175, -1
183, 111, -1
109, 171, -1
128, 184, -1
183, 129, -1
194, 129, -1
109, 189, -1
129, 167, -1
184, 201, -1
164, 106, -1
109, 207, -1
196, 175, -1
164, 133, -1
179, 131, -1
188, 109, -1
102, 167, -1
174, 183, -1
168, 112, -1
160, 108, -1
201, 164, -1
190, 127, -1
106, 164, -1
108, 183, -1
105, 196, -1
194, 106, -1
128, 170, -1
183, 106, -1
175, 102, -1
109, 166, -1
128, 179, -1
175, 111, -1
109, 175, -1
128, 188, -1
169, 189, -1
183, 133, -1
194, 133, -1
175, 129, -1
184, 196, -1
129, 171, -1
169, 207, -1
127, 61, -1
105, 61, -1
164, 110, -1
179, 108, -1
131, 189, -1
110, 166, -1
167, 130, -1
112, 194, -1
184, 61, -1
131, 207, -1
166, 183, -1
105, 164, -1
160, 112, -1
171, 109, -1
127, 173, -1
105, 173, -1
179, 211, -1
108, 169, -1
189, 166, -1
127, 182, -1
105, 182, -1
211, 163, -1
171, 127, -1
182, 127, -1
211, 172, -1
168, 201, -1
128, 165, -1
108, 196, -1
194, 110, -1
128, 174, -1
183, 110, -1
175, 106, -1
184, 173, -1
128, 183, -1
130, 211, -1
61, 102, -1
175, 133, -1
196, 165, -1
169, 211, -1
184, 209, -1
196, 174, -1
108, 61, -1
196, 183, -1
131, 175, -1
201, 109, -1
201, 127, -1
112, 189, -1
168, 102, -1
131, 211, -1
112, 207, -1
188, 175, -1
108, 164, -1
163, 109, -1
108, 173, -1
108, 182, -1
211, 167, -1
171, 131, -1
168, 196, -1
163, 127, -1
183, 105, -1
128, 169, -1
194, 105, -1
109, 165, -1
184, 168, -1
160, 201, -1
169, 179, -1
175, 110, -1
109, 174, -1
169, 188, -1
168, 61, -1
164, 109, -1
112, 166, -1
131, 179, -1
167, 111, -1
112, 175, -1
189, 111, -1
131, 188, -1
112, 184, -1
167, 129, -1
201, 131, -1
105, 163, -1
207, 183, -1
179, 201, -1
171, 108, -1
105, 172, -1
108, 168, -1
168, 182, -1
127, 190, -1
211, 171, -1
128, 164, -1
163, 131, -1
130, 183, -1
160, 196, -1
184, 163, -1
168, 209, -1
194, 109, -1
183, 109, -1
175, 105, -1
184, 172, -1
169, 183, -1
184, 190, -1
196, 164, -1
174, 127, -1
131, 165, -1
131, 174, -1
201, 108, -1
112, 170, -1
167, 106, -1
131, 183, -1
112, 179, -1
170, 111, -1
112, 188, -1
164, 189, -1
189, 133, -1
167, 133, -1
188, 165, -1
179, 196, -1
164, 207, -1
188, 174, -1
105, 167, -1
108, 163, -1
188, 183, -1
168, 177, -1
163, 108, -1
108, 172, -1
160, 173, -1
211, 166, -1
160, 182, -1
106, 211, -1
211, 175, -1
184, 167, -1
130, 196, -1
179, 61, -1
163, 211, -1
166, 127, -1
183, 207, -1
112, 165, -1
130, 61, -1
189, 110, -1
112, 174, -1
167, 110, -1
61, 190, -1
179, 173, -1
112, 183, -1
190, 102, -1
190, 111, -1
164, 211, -1
179, 209, -1
108, 167, -1
160, 168, -1
130, 164, -1
168, 190, -1
196, 109, -1
130, 173, -1
130, 182, -1
196, 127, -1
184, 171, -1
194, 175, -1
183, 175, -1
175, 189, -1
131, 164, -1
131, 173, -1
167, 105, -1
175, 207, -1
112, 169, -1
189, 105, -1
164, 179, -1
164, 188, -1
188, 164, -1
188, 173, -1
171, 102, -1
182, 102, -1
160, 163, -1
184, 130, -1
160, 172, -1
190, 182, -1
160, 190, -1
171, 196, -1
194, 170, -1
194, 179, -1
207, 127, -1
201, 102, -1
112, 164, -1
171, 61, -1
179, 163, -1
167, 109, -1
61, 189, -1
179, 172, -1
164, 183, -1
179, 190, -1
211, 133, -1
169, 127, -1
160, 167, -1
106, 196, -1
130, 163, -1
196, 108, -1
130, 172, -1
171, 182, -1
128, 211, -1
194, 165, -1
163, 196, -1
129, 194, -1
201, 61, -1
194, 174, -1
106, 61, -1
194, 183, -1
133, 173, -1
61, 166, -1
133, 182, -1
207, 131, -1
61, 175, -1
188, 127, -1
179, 167, -1
168, 130, -1
163, 61, -1
211, 110, -1
110, 207, -1
209, 177, -1
201, 173, -1
184, 102, -1
201, 182, -1
184, 111, -1
106, 173, -1
167, 189, -1
106, 182, -1
169, 131, -1
184, 129, -1
160, 171, -1
167, 207, -1
130, 167, -1
163, 182, -1
129, 189, -1
174, 102, -1
194, 169, -1
129, 207, -1
207, 108, -1
175, 183, -1
110, 175, -1
211, 105, -1
179, 171, -1
160, 130, -1
169, 108, -1
102, 207, -1
189, 175, -1
184, 106, -1
160, 166, -1
190, 167, -1
184, 133, -1
128, 201, -1
129, 166, -1
129, 175, -1
171, 190, -1
182, 190, -1
194, 164, -1
194, 173, -1
166, 102, -1
188, 108, -1
61, 165, -1
102, 166, -1
174, 182, -1
61, 174, -1
168, 111, -1
102, 175, -1
133, 190, -1
207, 130, -1
168, 129, -1
201, 163, -1
211, 109, -1
201, 172, -1
106, 163, -1
184, 110, -1
106, 172, -1
196, 102, -1
182, 167, -1
109, 183, -1
128, 196, -1
129, 170, -1
129, 179, -1
163, 190, -1
61, 133, -1
129, 188, -1
164, 127, -1
133, 167, -1
110, 165, -1
128, 61, -1
110, 174, -1
168, 106, -1
160, 102, -1
110, 183, -1
166, 182, -1
112, 211, -1
168, 133, -1
201, 167, -1
160, 129, -1
189, 165, -1
196, 61, -1
189, 174, -1
105, 190, -1
106, 167, -1
184, 105, -1
167, 183, -1
189, 183, -1
128, 173, -1
128, 182, -1
190, 166, -1
194, 127, -1
190, 175, -1
183, 127, -1
129, 165, -1
61, 110, -1
128, 209, -1
129, 174, -1
196, 173, -1
179, 102, -1
129, 183, -1
196, 182, -1
179, 111, -1
207, 102, -1
164, 131, -1
207, 111, -1
102, 165, -1
109, 61, -1
168, 110, -1
102, 174, -1
160, 106, -1
174, 190, -1
102, 183, -1
168, 128, -1
169, 102, -1
201, 171, -1
160, 133, -1
171, 130, -1
105, 194, -1
108, 190, -1
128, 168, -1
109, 164, -1
128, 177, -1
175, 109, -1
109, 173, -1
109, 182, -1
194, 131, -1
183, 131, -1
169, 196, -1
175, 127, -1
182, 166, -1
184, 194, -1
129, 169, -1
164, 108, -1
188, 102, -1
179, 133, -1
169, 61, -1
131, 196, -1
201, 130, -1
168, 105, -1
112, 201, -1
167, 201, -1
196, 106, -1
189, 109, -1
196, 179, -1
211, 106, -1
182, 189, -1
164, 128, -1
207, 163, -1
183, 163, -1
108, 194, -1
127, 207, -1
174, 105, -1
183, 172, -1
109, 168, -1
111, 165, -1
129, 201, -1
189, 130, -1
175, 177, -1
130, 209, -1
102, 171, -1
167, 194, -1
183, 190, -1
169, 209, -1
61, 127, -1
110, 196, -1
164, 112, -1
183, 165, -1
171, 209, -1
183, 174, -1
102, 164, -1
169, 184, -1
109, 179, -1
131, 209, -1
175, 179, -1
167, 196, -1
190, 106, -1
109, 188, -1
175, 188, -1
61, 111, -1
110, 61, -1
127, 175, -1
164, 105, -1
110, 189, -1
105, 184, -1
190, 133, -1
171, 184, -1
179, 112, -1
131, 184, -1
189, 61, -1
174, 109, -1
169, 177, -1
182, 211, -1
166, 105, -1
194, 112, -1
207, 179, -1
110, 173, -1
175, 190, -1
105, 168, -1
133, 184, -1
182, 168, -1
106, 209, -1
105, 177, -1
196, 112, -1
131, 168, -1
102, 196, -1
211, 112, -1
109, 211, -1
175, 211, -1
183, 169, -1
167, 182, -1
211, 130, -1
163, 209, -1
207, 172, -1
133, 168, -1
106, 184, -1
61, 106, -1
167, 209, -1
182, 106, -1
130, 169, -1
110, 184, -1
188, 131, -1
102, 189, -1
108, 184, -1
182, 133, -1
163, 184, -1
110, 211, -1
201, 177, -1
183, 171, -1
106, 168, -1
207, 165, -1
129, 209, -1
105, 209, -1
179, 128, -1
188, 106, -1
110, 168, -1
207, 174, -1
61, 108, -1
188, 179, -1
102, 173, -1
167, 211, -1
190, 130, -1
183, 201, -1
129, 184, -1
183, 164, -1
167, 177, -1
196, 128, -1
183, 173, -1
169, 128, -1
110, 179, -1
110, 188, -1
183, 194, -1
102, 184, -1
127, 183, -1
129, 168, -1
108, 179, -1
171, 128, -1
129, 177, -1
189, 106, -1
61, 131, -1
183, 166, -1
169, 112, -1
167, 179, -1
133, 211, -1
196, 130, -1
167, 188, -1
110, 163, -1
110, 172, -1
108, 209, -1
102, 168, -1
127, 167, -1
174, 184, -1
171, 112, -1
188, 128, -1
166, 61, -1
183, 196, -1
175, 201, -1
174, 211, -1
194, 168, -1
160, 209, -1
167, 190, -1
207, 171, -1
188, 112, -1
108, 211, -1
164, 209, -1
111, 173, -1
190, 173, -1
171, 105, -1
183, 189, -1
166, 109, -1
190, 109, -1
102, 179, -1
160, 111, -1
175, 194, -1
102, 188, -1
201, 112, -1
164, 184, -1
207, 164, -1
207, 173, -1
102, 163, -1
207, 182, -1
102, 172, -1
169, 201, -1
166, 184, -1
109, 196, -1
163, 112, -1
160, 177, -1
175, 196, -1
183, 209, -1
166, 211, -1
106, 169, -1
105, 201, -1
207, 166, -1
102, 211, -1
175, 61, -1
182, 109, -1
182, 173, -1
163, 105, -1
183, 211, -1
130, 184, -1
179, 168, -1
182, 130, -1
194, 177, -1
110, 171, -1
175, 182, -1
61, 105, -1
130, 168, -1
188, 130, -1
175, 209, -1
179, 106, -1
196, 131, -1
163, 128, -1
183, 170, -1
110, 164, -1
108, 201, -1
183, 188, -1
109, 184, -1
171, 201, -1
131, 201, -1
164, 201, -1
102, 61, -1
61, 130, -1
61, 188, -1
170, 177, -1
106, 177, -1
201, 128, -1
194, 128, -1
174, 61, -1
106, 201, -1
130, 177, -1
61, 196, -1
167, 61, -1
211, 128, -1
130, 201, -1
163, 201, -1
61, 211, -1
179, 130, -1

107, 102, 1
107, 133, 1
107, 109, 1
107, 130, 1
107, 128, 1
107, 129, 1
107, 131, 1
107, 127, 1
107, 105, 1
107, 112, 1
107, 108, 1
107, 110, 1
107, 106, 1
107, 111, 1
181, 182, 1
181, 184, 1
181, 179, 1
181, 183, 1
181, 177, 1
208, 194, 1
208, 201, 1
208, 207, 1
208, 190, 1
208, 189, 1
208, 188, 1
208, 211, 1
208, 196, 1
208, 209, 1
70, 102, 1
70, 133, 1
70, 109, 1
70, 130, 1
70, 128, 1
70, 129, 1
70, 131, 1
70, 127, 1
70, 105, 1
70, 112, 1
70, 108, 1
70, 110, 1
70, 106, 1
70, 111, 1
70, 107, 1
205, 194, 1
205, 201, 1
205, 207, 1
205, 190, 1
205, 189, 1
205, 188, 1
205, 211, 1
205, 196, 1
205, 209, 1
205, 208, 1
129, 107, 1
105, 107, 1
110, 130, 1
188, 196, 1
105, 70, 1
188, 205, 1
128, 108, 1
131, 70, 1
110, 102, 1
211, 188, 1
112, 130, 1
201, 196, 1
194, 190, 1
201, 205, 1
177, 183, 1
105, 109, 1
130, 108, 1
133, 70, 1
188, 189, 1
105, 127, 1
188, 207, 1
196, 190, 1
129, 130, 1
128, 110, 1
131, 127, 1
179, 183, 1
106, 107, 1
211, 190, 1
201, 189, 1
184, 182, 1
106, 70, 1
209, 211, 1
105, 102, 1
201, 207, 1
127, 111, 1
133, 127, 1
130, 110, 1
105, 111, 1
110, 70, 1
105, 129, 1
131, 111, 1
112, 107, 1
108, 70, 1
106, 109, 1
112, 70, 1
133, 102, 1
106, 127, 1
133, 111, 1
110, 109, 1
189, 207, 1
128, 133, 1
110, 127, 1
108, 109, 1
105, 131, 1
208, 205, 1
108, 127, 1
112, 109, 1
128, 105, 1
129, 70, 1
106, 102, 1
209, 188, 1
130, 133, 1
106, 111, 1
109, 110, 1
112, 127, 1
184, 177, 1
110, 111, 1
102, 107, 1
105, 106, 1
201, 211, 1
108, 102, 1
108, 111, 1
129, 109, 1
102, 70, 1
112, 102, 1
112, 111, 1
129, 127, 1
128, 107, 1
131, 133, 1
209, 190, 1
112, 129, 1
184, 179, 1
106, 131, 1
102, 109, 1
105, 108, 1
129, 102, 1
110, 131, 1
109, 133, 1
102, 127, 1
129, 111, 1
131, 108, 1
112, 131, 1
201, 188, 1
102, 111, 1
128, 130, 1
105, 110, 1
188, 190, 1
110, 133, 1
182, 183, 1
131, 110, 1
112, 106, 1
129, 131, 1
106, 108, 1
201, 190, 1
184, 183, 1
133, 110, 1
110, 108, 1
194, 196, 1
129, 106, 1
194, 205, 1
102, 131, 1
112, 108, 1
129, 133, 1
105, 133, 1
106, 110, 1
189, 190, 1
196, 205, 1
211, 196, 1
128, 70, 1
207, 189, 1
194, 189, 1
211, 205, 1
108, 110, 1
177, 182, 1
129, 108, 1
130, 107, 1
194, 207, 1
112, 110, 1
130, 70, 1
196, 189, 1
179, 182, 1
128, 109, 1
196, 207, 1
211, 189, 1
128, 127, 1
209, 201, 1
102, 108, 1
211, 207, 1
106, 133, 1
129, 110, 1
130, 109, 1
130, 127, 1
107, 70, 1
128, 102, 1
108, 133, 1
128, 111, 1
209, 194, 1
112, 133, 1
102, 110, 1
128, 129, 1
109, 70, 1
130, 102, 1
131, 109, 1
130, 111, 1
112, 105, 1
194, 211, 1
190, 189, 1
105, 130, 1
209, 207, 1
190, 207, 1
110, 107, 1
209, 196, 1
128, 131, 1
209, 205, 1
109, 127, 1
177, 179, 1
131, 102, 1
102, 133, 1
130, 131, 1
128, 106, 1
109, 102, 1
209, 189, 1
109, 111, 1
112, 128, 1
201, 194, 1
194, 188, 1
106, 130, 1
177, 181, 1
201, 209, 1
130, 106, 1
194, 209, 1
105, 128, 1
196, 188, 1
106, 105, 1
131, 128, 1
108, 130, 1
179, 181, 1
129, 128, 1
110, 105, 1
111, 110, 1
109, 128, 1
111, 70, 1
108, 105, 1
127, 130, 1
188, 201, 1
110, 106, 1
131, 130, 1
196, 211, 1
111, 109, 1
102, 106, 1
106, 128, 1
129, 105, 1
109, 130, 1
131, 105, 1
111, 130, 1
133, 130, 1
111, 133, 1
102, 130, 1
108, 128, 1
130, 128, 1
128, 112, 1
109, 108, 1
133, 105, 1
109, 105, 1
111, 102, 1
184, 181, 1
102, 105, 1
211, 201, 1
196, 209, 1
108, 106, 1
109, 106, 1
188, 209, 1
130, 105, 1
108, 112, 1
133, 106, 1
211, 209, 1
130, 112, 1
106, 112, 1
129, 112, 1
105, 112, 1
188, 211, 1
131, 106, 1
131, 112, 1
111, 127, 1
194, 201, 1
127, 133, 1
127, 110, 1
127, 109, 1
127, 70, 1
127, 102, 1
196, 201, 1
130, 129, 1
107, 194, -1
107, 201, -1
107, 207, -1
107, 190, -1
107, 189, -1
107, 188, -1
107, 211, -1
107, 196, -1
107, 209, -1
107, 61, -1
107, 163, -1
107, 164, -1
107, 174, -1
107, 168, -1
107, 171, -1
107, 167, -1
107, 166, -1
107, 175, -1
107, 169, -1
107, 170, -1
107, 172, -1
107, 173, -1
107, 165, -1
107, 160, -1
107, 182, -1
107, 184, -1
107, 179, -1
107, 183, -1
107, 177, -1
181, 194, -1
181, 201, -1
181, 207, -1
181, 190, -1
181, 189, -1
181, 188, -1
181, 211, -1
181, 196, -1
181, 209, -1
181, 102, -1
181, 133, -1
181, 109, -1
181, 130, -1
181, 128, -1
181, 129, -1
181, 131, -1
181, 127, -1
181, 105, -1
181, 112, -1
181, 108, -1
181, 110, -1
181, 106, -1
181, 111, -1
181, 107, -1
181, 61, -1
181, 163, -1
181, 164, -1
181, 174, -1
181, 168, -1
181, 171, -1
181, 167, -1
181, 166, -1
181, 175, -1
181, 169, -1
181, 170, -1
181, 172, -1
181, 173, -1
181, 165, -1
181, 160, -1
208, 102, -1
208, 133, -1
208, 109, -1
208, 130, -1
208, 128, -1
208, 129, -1
208, 131, -1
208, 127, -1
208, 105, -1
208, 112, -1
208, 108, -1
208, 110, -1
208, 106, -1
208, 111, -1
208, 107, -1
208, 61, -1
208, 163, -1
208, 164, -1
208, 174, -1
208, 168, -1
208, 171, -1
208, 167, -1
208, 166, -1
208, 175, -1
208, 169, -1
208, 170, -1
208, 172, -1
208, 173, -1
208, 165, -1
208, 160, -1
208, 182, -1
208, 184, -1
208, 179, -1
208, 183, -1
208, 177, -1
208, 181, -1
70, 194, -1
70, 201, -1
70, 207, -1
70, 190, -1
70, 189, -1
70, 188, -1
70, 211, -1
70, 196, -1
70, 209, -1
70, 208, -1
70, 61, -1
70, 163, -1
70, 164, -1
70, 174, -1
70, 168, -1
70, 171, -1
70, 167, -1
70, 166, -1
70, 175, -1
70, 169, -1
70, 170, -1
70, 172, -1
70, 173, -1
70, 165, -1
70, 160, -1
70, 182, -1
70, 184, -1
70, 179, -1
70, 183, -1
70, 177, -1
70, 181, -1
205, 102, -1
205, 133, -1
205, 109, -1
205, 130, -1
205, 128, -1
205, 129, -1
205, 131, -1
205, 127, -1
205, 105, -1
205, 112, -1
205, 108, -1
205, 110, -1
205, 106, -1
205, 111, -1
205, 107, -1
205, 70, -1
205, 61, -1
205, 163, -1
205, 164, -1
205, 174, -1
205, 168, -1
205, 171, -1
205, 167, -1
205, 166, -1
205, 175, -1
205, 169, -1
205, 170, -1
205, 172, -1
205, 173, -1
205, 165, -1
205, 160, -1
205, 182, -1
205, 184, -1
205, 179, -1
205, 183, -1
205, 177, -1
205, 181, -1
160, 110, -1
177, 190, -1
105, 171, -1
201, 166, -1
105, 189, -1
172, 102, -1
189, 173, -1
131, 61, -1
128, 163, -1
127, 207, -1
128, 172, -1
105, 207, -1
194, 108, -1
168, 208, -1
128, 181, -1
169, 182, -1
128, 190, -1
184, 189, -1
129, 164, -1
188, 61, -1
169, 209, -1
184, 207, -1
188, 70, -1
196, 172, -1
61, 127, -1
172, 205, -1
196, 181, -1
179, 110, -1
209, 111, -1
131, 182, -1
209, 129, -1
102, 164, -1
177, 167, -1
112, 196, -1
168, 109, -1
160, 105, -1
112, 205, -1
172, 70, -1
105, 166, -1
188, 182, -1
171, 111, -1
127, 175, -1
105, 175, -1
182, 111, -1
108, 171, -1
189, 168, -1
190, 133, -1
211, 165, -1
168, 194, -1
108, 189, -1
211, 174, -1
128, 167, -1
112, 61, -1
109, 163, -1
184, 166, -1
211, 183, -1
169, 177, -1
108, 207, -1
194, 112, -1
184, 175, -1
160, 208, -1
109, 181, -1
172, 182, -1
196, 167, -1
209, 106, -1
201, 111, -1
112, 173, -1
112, 182, -1
209, 133, -1
201, 129, -1
189, 127, -1
61, 207, -1
177, 171, -1
188, 168, -1
207, 181, -1
112, 209, -1
190, 110, -1
105, 170, -1
163, 102, -1
108, 166, -1
105, 179, -1
163, 111, -1
108, 175, -1
211, 160, -1
105, 188, -1
168, 189, -1
171, 133, -1
182, 133, -1
160, 194, -1
194, 107, -1
128, 171, -1
130, 190, -1
168, 207, -1
109, 167, -1
184, 170, -1
169, 190, -1
184, 188, -1
164, 102, -1
131, 163, -1
177, 130, -1
209, 110, -1
131, 172, -1
201, 106, -1
131, 181, -1
112, 177, -1
209, 128, -1
170, 109, -1
131, 190, -1
177, 166, -1
201, 133, -1
207, 167, -1
61, 211, -1
170, 127, -1
164, 205, -1
188, 172, -1
105, 165, -1
188, 181, -1
171, 110, -1
105, 174, -1
182, 110, -1
127, 183, -1
168, 184, -1
108, 179, -1
211, 164, -1
211, 173, -1
194, 102, -1
160, 189, -1
211, 182, -1
184, 165, -1
168, 211, -1
160, 207, -1
184, 174, -1
164, 70, -1
174, 111, -1
169, 194, -1
172, 190, -1
196, 166, -1
209, 105, -1
131, 167, -1
112, 163, -1
201, 110, -1
112, 172, -1
111, 207, -1
61, 188, -1
112, 181, -1
164, 182, -1
112, 190, -1
179, 189, -1
170, 131, -1
188, 167, -1
194, 61, -1
190, 109, -1
179, 207, -1
194, 70, -1
108, 165, -1
168, 179, -1
163, 110, -1
108, 174, -1
168, 188, -1
130, 171, -1
160, 184, -1
211, 168, -1
130, 189, -1
184, 169, -1
160, 211, -1
107, 205, -1
130, 207, -1
194, 182, -1
166, 111, -1
129, 211, -1
111, 175, -1
177, 111, -1
174, 133, -1
177, 129, -1
209, 109, -1
131, 171, -1
201, 105, -1
112, 167, -1
61, 183, -1
179, 166, -1
170, 108, -1
179, 175, -1
102, 211, -1
211, 127, -1
207, 175, -1
169, 130, -1
182, 109, -1
184, 128, -1
106, 190, -1
168, 183, -1
130, 166, -1
160, 179, -1
196, 111, -1
130, 175, -1
160, 188, -1
184, 164, -1
173, 127, -1
177, 106, -1
131, 166, -1
177, 133, -1
166, 133, -1
112, 171, -1
61, 196, -1
164, 190, -1
179, 188, -1
188, 166, -1
211, 131, -1
160, 183, -1
190, 184, -1
130, 179, -1
61, 70, -1
130, 188, -1
182, 189, -1
171, 189, -1
196, 133, -1
165, 127, -1
194, 163, -1
182, 207, -1
194, 172, -1
171, 207, -1
129, 201, -1
194, 181, -1
177, 110, -1
111, 183, -1
133, 189, -1
189, 102, -1
61, 182, -1
189, 165, -1
110, 196, -1
179, 165, -1
170, 107, -1
133, 207, -1
179, 174, -1
211, 108, -1
209, 175, -1
110, 205, -1
209, 184, -1
169, 111, -1
184, 109, -1
106, 171, -1
169, 129, -1
184, 127, -1
106, 189, -1
110, 61, -1
130, 165, -1
196, 110, -1
130, 174, -1
106, 207, -1
182, 175, -1
107, 181, -1
163, 189, -1
183, 167, -1
194, 167, -1
129, 196, -1
174, 109, -1
171, 211, -1
177, 105, -1
129, 205, -1
163, 207, -1
189, 70, -1
133, 166, -1
188, 111, -1
133, 175, -1
110, 173, -1
110, 182, -1
209, 170, -1
129, 61, -1
102, 196, -1
160, 128, -1
211, 112, -1
209, 179, -1
169, 106, -1
102, 205, -1
201, 175, -1
106, 166, -1
201, 184, -1
172, 111, -1
106, 175, -1
189, 182, -1
169, 133, -1
184, 131, -1
190, 165, -1
170, 196, -1
190, 174, -1
208, 70, -1
170, 205, -1
102, 61, -1
190, 183, -1
128, 208, -1
129, 173, -1
171, 188, -1
129, 182, -1
194, 171, -1
177, 109, -1
129, 209, -1
170, 70, -1
102, 173, -1
102, 182, -1
188, 133, -1
179, 164, -1
168, 127, -1
209, 165, -1
177, 194, -1
174, 207, -1
209, 174, -1
201, 170, -1
209, 183, -1
169, 110, -1
201, 179, -1
184, 108, -1
106, 179, -1
170, 182, -1
105, 211, -1
190, 160, -1
106, 188, -1
172, 133, -1
182, 165, -1
194, 130, -1
128, 194, -1
109, 190, -1
182, 174, -1
171, 183, -1
129, 177, -1
184, 211, -1
163, 188, -1
194, 166, -1
181, 205, -1
110, 163, -1
188, 110, -1
133, 174, -1
110, 172, -1
133, 183, -1
110, 181, -1
188, 128, -1
160, 109, -1
110, 190, -1
209, 160, -1
177, 189, -1
211, 102, -1
168, 131, -1
160, 127, -1
211, 111, -1
201, 165, -1
169, 105, -1
181, 70, -1
177, 207, -1
201, 174, -1
106, 165, -1
166, 207, -1
201, 183, -1
184, 112, -1
172, 110, -1
106, 174, -1
189, 181, -1
106, 183, -1
108, 211, -1
128, 189, -1
173, 102, -1
190, 173, -1
129, 163, -1
128, 207, -1
129, 172, -1
129, 181, -1
163, 183, -1
164, 111, -1
129, 190, -1
179, 109, -1
211, 61, -1
179, 127, -1
110, 167, -1
211, 70, -1
102, 163, -1
168, 108, -1
102, 172, -1
177, 175, -1
102, 181, -1
209, 164, -1
102, 190, -1
201, 160, -1
209, 173, -1
160, 131, -1
105, 183, -1
189, 167, -1
169, 109, -1
177, 211, -1
184, 107, -1
173, 70, -1
108, 188, -1
105, 201, -1
128, 166, -1
163, 133, -1
194, 111, -1
128, 175, -1
183, 111, -1
170, 190, -1
109, 171, -1
128, 184, -1
190, 168, -1
109, 189, -1
182, 173, -1
129, 167, -1
184, 201, -1
109, 207, -1
196, 175, -1
196, 184, -1
164, 133, -1
179, 131, -1
188, 109, -1
201, 128, -1
110, 171, -1
102, 167, -1
177, 170, -1
174, 183, -1
168, 112, -1
160, 108, -1
112, 208, -1
177, 188, -1
209, 168, -1
201, 164, -1
190, 127, -1
106, 164, -1
108, 183, -1
105, 196, -1
172, 109, -1
105, 205, -1
128, 170, -1
194, 106, -1
165, 70, -1
109, 166, -1
128, 179, -1
109, 175, -1
128, 188, -1
169, 189, -1
194, 133, -1
184, 196, -1
129, 171, -1
169, 207, -1
184, 205, -1
105, 61, -1
164, 110, -1
179, 108, -1
209, 127, -1
131, 189, -1
110, 166, -1
177, 165, -1
112, 194, -1
184, 61, -1
131, 207, -1
177, 174, -1
165, 207, -1
184, 70, -1
102, 171, -1
168, 107, -1
166, 183, -1
105, 164, -1
160, 112, -1
171, 109, -1
105, 173, -1
179, 211, -1
105, 182, -1
189, 166, -1
171, 127, -1
182, 127, -1
211, 172, -1
128, 165, -1
168, 201, -1
108, 196, -1
211, 181, -1
194, 110, -1
128, 174, -1
108, 205, -1
184, 173, -1
128, 183, -1
109, 179, -1
194, 128, -1
130, 211, -1
61, 102, -1
109, 188, -1
172, 189, -1
61, 111, -1
196, 165, -1
169, 211, -1
184, 209, -1
172, 207, -1
196, 174, -1
108, 61, -1
196, 183, -1
131, 175, -1
201, 109, -1
173, 190, -1
209, 131, -1
201, 127, -1
112, 189, -1
168, 102, -1
170, 130, -1
131, 211, -1
160, 107, -1
112, 207, -1
188, 175, -1
108, 164, -1
188, 184, -1
105, 177, -1
163, 109, -1
108, 173, -1
108, 182, -1
211, 167, -1
171, 131, -1
168, 196, -1
163, 127, -1
128, 169, -1
109, 165, -1
160, 201, -1
169, 179, -1
109, 174, -1
169, 188, -1
196, 160, -1
164, 109, -1
179, 107, -1
209, 108, -1
168, 70, -1
112, 166, -1
131, 179, -1
189, 111, -1
112, 175, -1
131, 188, -1
165, 190, -1
112, 184, -1
177, 164, -1
201, 131, -1
207, 165, -1
177, 173, -1
105, 163, -1
207, 183, -1
171, 108, -1
105, 172, -1
105, 181, -1
168, 182, -1
169, 70, -1
128, 164, -1
130, 183, -1
163, 131, -1
160, 196, -1
194, 109, -1
184, 163, -1
196, 128, -1
168, 209, -1
184, 172, -1
169, 183, -1
184, 190, -1
196, 164, -1
174, 127, -1
131, 165, -1
209, 112, -1
131, 174, -1
201, 108, -1
112, 170, -1
160, 70, -1
170, 102, -1
131, 183, -1
112, 179, -1
170, 111, -1
133, 211, -1
112, 188, -1
164, 189, -1
189, 133, -1
188, 165, -1
179, 196, -1
164, 207, -1
188, 174, -1
127, 167, -1
105, 167, -1
179, 205, -1
108, 163, -1
188, 183, -1
168, 177, -1
163, 108, -1
108, 172, -1
108, 181, -1
160, 182, -1
211, 166, -1
106, 211, -1
211, 175, -1
184, 167, -1
130, 196, -1
179, 61, -1
160, 209, -1
130, 205, -1
179, 70, -1
172, 183, -1
166, 109, -1
163, 211, -1
183, 189, -1
166, 127, -1
177, 127, -1
209, 107, -1
183, 207, -1
112, 165, -1
130, 61, -1
189, 110, -1
112, 174, -1
201, 112, -1
170, 106, -1
61, 190, -1
179, 173, -1
112, 183, -1
188, 160, -1
207, 173, -1
190, 102, -1
170, 133, -1
190, 111, -1
108, 167, -1
130, 164, -1
160, 177, -1
196, 109, -1
130, 173, -1
168, 190, -1
130, 182, -1
196, 127, -1
184, 171, -1
183, 175, -1
194, 175, -1
194, 184, -1
209, 102, -1
131, 164, -1
177, 131, -1
131, 173, -1
201, 107, -1
112, 169, -1
190, 70, -1
170, 110, -1
188, 164, -1
188, 173, -1
171, 102, -1
182, 102, -1
184, 130, -1
190, 182, -1
173, 111, -1
160, 190, -1
171, 196, -1
209, 61, -1
209, 70, -1
194, 170, -1
171, 205, -1
194, 179, -1
177, 108, -1
207, 127, -1
201, 102, -1
112, 164, -1
179, 163, -1
61, 189, -1
182, 70, -1
179, 172, -1
171, 70, -1
164, 183, -1
209, 182, -1
179, 190, -1
211, 133, -1
169, 127, -1
106, 196, -1
130, 163, -1
106, 205, -1
130, 172, -1
196, 108, -1
165, 102, -1
130, 181, -1
171, 182, -1
165, 111, -1
128, 211, -1
173, 133, -1
183, 165, -1
194, 165, -1
129, 194, -1
201, 61, -1
163, 196, -1
194, 174, -1
111, 167, -1
201, 70, -1
106, 61, -1
194, 183, -1
163, 205, -1
133, 182, -1
188, 127, -1
110, 189, -1
179, 167, -1
168, 130, -1
110, 207, -1
211, 110, -1
209, 177, -1
163, 70, -1
201, 173, -1
184, 102, -1
201, 182, -1
184, 111, -1
106, 173, -1
211, 128, -1
106, 182, -1
169, 131, -1
184, 129, -1
172, 127, -1
130, 167, -1
190, 181, -1
173, 110, -1
196, 112, -1
163, 182, -1
109, 211, -1
194, 160, -1
129, 189, -1
165, 133, -1
177, 107, -1
129, 207, -1
110, 175, -1
209, 163, -1
102, 189, -1
179, 171, -1
209, 172, -1
177, 201, -1
160, 130, -1
110, 211, -1
201, 168, -1
102, 207, -1
169, 108, -1
201, 177, -1
184, 106, -1
189, 175, -1
209, 181, -1
189, 184, -1
105, 209, -1
170, 189, -1
184, 133, -1
190, 167, -1
170, 207, -1
128, 201, -1
129, 166, -1
165, 110, -1
129, 175, -1
182, 190, -1
171, 190, -1
194, 164, -1
183, 173, -1
177, 102, -1
194, 173, -1
188, 108, -1
102, 166, -1
110, 179, -1
168, 111, -1
102, 175, -1
133, 190, -1
110, 188, -1
168, 129, -1
209, 167, -1
177, 196, -1
201, 163, -1
211, 109, -1
177, 205, -1
201, 172, -1
106, 163, -1
201, 181, -1
184, 110, -1
106, 172, -1
106, 181, -1
196, 102, -1
109, 183, -1
182, 167, -1
128, 196, -1
177, 61, -1
170, 211, -1
128, 205, -1
129, 170, -1
177, 70, -1
129, 179, -1
129, 188, -1
61, 133, -1
163, 190, -1
194, 168, -1
164, 127, -1
133, 167, -1
110, 165, -1
128, 61, -1
188, 112, -1
110, 174, -1
168, 106, -1
160, 102, -1
110, 183, -1
102, 179, -1
160, 111, -1
112, 211, -1
102, 188, -1
168, 133, -1
209, 171, -1
160, 129, -1
201, 167, -1
196, 61, -1
169, 107, -1
177, 209, -1
105, 190, -1
184, 105, -1
106, 167, -1
189, 174, -1
196, 70, -1
189, 183, -1
170, 179, -1
128, 173, -1
170, 188, -1
128, 182, -1
190, 166, -1
194, 127, -1
183, 127, -1
190, 175, -1
129, 165, -1
61, 110, -1
169, 201, -1
109, 196, -1
128, 209, -1
129, 174, -1
109, 205, -1
184, 208, -1
196, 173, -1
179, 102, -1
129, 183, -1
196, 182, -1
179, 111, -1
173, 189, -1
207, 111, -1
209, 130, -1
173, 207, -1
102, 165, -1
109, 61, -1
168, 110, -1
102, 174, -1
160, 106, -1
102, 183, -1
168, 128, -1
209, 166, -1
189, 160, -1
169, 102, -1
160, 133, -1
201, 171, -1
105, 194, -1
108, 190, -1
170, 183, -1
211, 184, -1
128, 177, -1
109, 173, -1
109, 182, -1
194, 131, -1
182, 166, -1
169, 196, -1
184, 194, -1
169, 205, -1
196, 168, -1
165, 189, -1
188, 102, -1
110, 164, -1
179, 133, -1
131, 196, -1
177, 163, -1
201, 130, -1
168, 105, -1
131, 205, -1
177, 172, -1
112, 201, -1
167, 201, -1
166, 181, -1
172, 130, -1
175, 129, -1
196, 106, -1
189, 109, -1
196, 179, -1
167, 109, -1
127, 189, -1
170, 105, -1
211, 106, -1
165, 182, -1
108, 194, -1
211, 179, -1
181, 208, -1
174, 105, -1
183, 108, -1
102, 208, -1
111, 165, -1
189, 130, -1
166, 110, -1
111, 174, -1
175, 177, -1
130, 209, -1
167, 194, -1
167, 130, -1
183, 190, -1
175, 131, -1
177, 128, -1
172, 196, -1
196, 163, -1
127, 173, -1
170, 208, -1
167, 102, -1
173, 106, -1
127, 182, -1
164, 112, -1
164, 130, -1
183, 110, -1
171, 209, -1
175, 106, -1
177, 112, -1
175, 179, -1
131, 209, -1
167, 196, -1
190, 106, -1
133, 173, -1
167, 205, -1
175, 188, -1
175, 133, -1
170, 201, -1
207, 131, -1
164, 105, -1
105, 184, -1
173, 181, -1
179, 112, -1
70, 205, -1
131, 184, -1
189, 61, -1
182, 211, -1
175, 108, -1
166, 105, -1
167, 70, -1
207, 106, -1
167, 189, -1
109, 172, -1
177, 169, -1
175, 181, -1
207, 179, -1
175, 190, -1
133, 184, -1
207, 133, -1
106, 209, -1
164, 107, -1
172, 209, -1
111, 190, -1
179, 105, -1
165, 106, -1
173, 183, -1
111, 208, -1
175, 211, -1
183, 105, -1
168, 205, -1
194, 105, -1
177, 208, -1
183, 133, -1
174, 102, -1
167, 182, -1
211, 130, -1
167, 127, -1
175, 110, -1
207, 108, -1
163, 209, -1
106, 184, -1
61, 106, -1
167, 209, -1
182, 106, -1
196, 105, -1
110, 184, -1
179, 208, -1
171, 106, -1
188, 131, -1
172, 211, -1
171, 179, -1
211, 105, -1
174, 205, -1
108, 184, -1
183, 208, -1
165, 181, -1
167, 111, -1
183, 107, -1
169, 181, -1
106, 177, -1
167, 129, -1
179, 128, -1
207, 110, -1
130, 208, -1
188, 106, -1
172, 131, -1
61, 108, -1
179, 201, -1
167, 211, -1
196, 107, -1
174, 70, -1
173, 105, -1
196, 171, -1
174, 189, -1
127, 181, -1
190, 130, -1
171, 181, -1
183, 201, -1
127, 190, -1
129, 184, -1
165, 183, -1
183, 109, -1
167, 177, -1
172, 106, -1
175, 105, -1
160, 205, -1
166, 102, -1
130, 201, -1
167, 131, -1
164, 196, -1
107, 208, -1
190, 105, -1
172, 188, -1
127, 165, -1
133, 181, -1
207, 130, -1
183, 130, -1
183, 194, -1
170, 209, -1
163, 106, -1
102, 184, -1
163, 179, -1
109, 208, -1
111, 205, -1
167, 106, -1
166, 205, -1
183, 102, -1
189, 106, -1
61, 131, -1
169, 112, -1
167, 179, -1
196, 130, -1
175, 107, -1
167, 188, -1
167, 133, -1
133, 165, -1
172, 181, -1
108, 209, -1
111, 61, -1
171, 112, -1
183, 196, -1
111, 189, -1
166, 70, -1
165, 105, -1
183, 205, -1
166, 189, -1
175, 201, -1
163, 181, -1
167, 108, -1
167, 181, -1
207, 107, -1
167, 190, -1
164, 209, -1
111, 173, -1
182, 105, -1
183, 70, -1
171, 105, -1
111, 182, -1
175, 130, -1
175, 194, -1
61, 181, -1
167, 110, -1
172, 112, -1
207, 109, -1
105, 208, -1
127, 208, -1
182, 208, -1
188, 105, -1
174, 106, -1
111, 166, -1
207, 182, -1
164, 211, -1
131, 208, -1
179, 209, -1
168, 181, -1
163, 112, -1
175, 196, -1
183, 209, -1
175, 205, -1
172, 105, -1
133, 208, -1
207, 102, -1
164, 131, -1
170, 181, -1
188, 107, -1
131, 201, -1
174, 181, -1
183, 129, -1
194, 129, -1
163, 105, -1
175, 70, -1
175, 189, -1
106, 208, -1
164, 106, -1
167, 105, -1
189, 105, -1
183, 211, -1
130, 184, -1
173, 182, -1
182, 130, -1
172, 107, -1
110, 208, -1
164, 188, -1
109, 164, -1
174, 110, -1
108, 208, -1
194, 177, -1
175, 109, -1
166, 106, -1
183, 131, -1
175, 182, -1
175, 127, -1
61, 105, -1
207, 70, -1
106, 201, -1
160, 181, -1
188, 130, -1
130, 177, -1
167, 107, -1
175, 209, -1
179, 106, -1
164, 181, -1
196, 131, -1
170, 112, -1
127, 205, -1
183, 106, -1
182, 205, -1
108, 201, -1
175, 102, -1
175, 111, -1
129, 208, -1
183, 188, -1
109, 184, -1
111, 181, -1
174, 130, -1
171, 128, -1
164, 128, -1
163, 130, -1
171, 201, -1
165, 130, -1
170, 129, -1
188, 171, -1
164, 201, -1
61, 130, -1
171, 130, -1
173, 130, -1
172, 128, -1
170, 128, -1
188, 179, -1
172, 201, -1
166, 130, -1
163, 128, -1
163, 201, -1
169, 128, -1
179, 130, -1
188, 163, -1
127, 166, -1
127, 61, -1
127, 174, -1

103, 102, 1
103, 133, 1
103, 109, 1
103, 130, 1
103, 128, 1
103, 129, 1
103, 131, 1
103, 127, 1
103, 105, 1
103, 112, 1
103, 108, 1
103, 110, 1
103, 106, 1
103, 111, 1
103, 107, 1
103, 70, 1
186, 194, 1
186, 201, 1
186, 207, 1
186, 190, 1
186, 189, 1
186, 188, 1
186, 211, 1
186, 196, 1
186, 209, 1
186, 208, 1
186, 205, 1
192, 194, 1
192, 201, 1
192, 207, 1
192, 190, 1
192, 189, 1
192, 188, 1
192, 211, 1
192, 196, 1
192, 209, 1
192, 208, 1
192, 205, 1
192, 186, 1
185, 194, 1
185, 201, 1
185, 207, 1
185, 190, 1
185, 189, 1
185, 188, 1
185, 211, 1
185, 196, 1
185, 209, 1
185, 208, 1
185, 205, 1
185, 186, 1
185, 192, 1
206, 194, 1
206, 201, 1
206, 207, 1
206, 190, 1
206, 189, 1
206, 188, 1
206, 211, 1
206, 196, 1
206, 209, 1
206, 208, 1
206, 205, 1
206, 186, 1
206, 192, 1
206, 185, 1
104, 102, 1
104, 133, 1
104, 109, 1
104, 130, 1
104, 128, 1
104, 129, 1
104, 131, 1
104, 127, 1
104, 105, 1
104, 112, 1
104, 108, 1
104, 110, 1
104, 106, 1
104, 111, 1
104, 107, 1
104, 70, 1
104, 103, 1
129, 107, 1
105, 107, 1
194, 206, 1
188, 196, 1
127, 70, 1
105, 70, 1
107, 131, 1
188, 205, 1
128, 108, 1
131, 70, 1
211, 188, 1
112, 130, 1
111, 110, 1
201, 196, 1
70, 103, 1
194, 190, 1
211, 206, 1
201, 205, 1
127, 109, 1
105, 109, 1
130, 108, 1
133, 70, 1
188, 189, 1
105, 127, 1
208, 201, 1
188, 207, 1
196, 190, 1
129, 130, 1
128, 110, 1
131, 127, 1
106, 107, 1
111, 103, 1
211, 190, 1
201, 189, 1
106, 70, 1
209, 211, 1
127, 102, 1
105, 102, 1
201, 207, 1
105, 111, 1
130, 110, 1
107, 108, 1
110, 70, 1
133, 127, 1
208, 194, 1
127, 111, 1
111, 133, 1
105, 129, 1
131, 111, 1
112, 107, 1
108, 70, 1
188, 209, 1
190, 206, 1
128, 103, 1
209, 186, 1
128, 112, 1
106, 109, 1
112, 70, 1
133, 102, 1
106, 127, 1
133, 111, 1
189, 207, 1
201, 209, 1
130, 103, 1
128, 133, 1
107, 110, 1
110, 127, 1
108, 109, 1
208, 196, 1
105, 131, 1
208, 205, 1
108, 127, 1
112, 109, 1
128, 105, 1
129, 70, 1
106, 102, 1
209, 188, 1
130, 133, 1
106, 111, 1
109, 110, 1
112, 127, 1
209, 206, 1
196, 206, 1
110, 111, 1
105, 106, 1
201, 211, 1
107, 103, 1
108, 102, 1
208, 189, 1
70, 127, 1
108, 111, 1
129, 109, 1
102, 70, 1
207, 208, 1
112, 102, 1
208, 207, 1
205, 190, 1
194, 208, 1
112, 111, 1
129, 127, 1
128, 107, 1
109, 103, 1
131, 133, 1
107, 133, 1
209, 190, 1
112, 129, 1
201, 186, 1
186, 206, 1
196, 208, 1
106, 131, 1
70, 111, 1
105, 108, 1
129, 102, 1
211, 208, 1
109, 133, 1
194, 201, 1
129, 111, 1
131, 108, 1
102, 127, 1
208, 209, 1
188, 206, 1
130, 128, 1
112, 131, 1
201, 188, 1
192, 185, 1
128, 130, 1
127, 110, 1
105, 110, 1
102, 111, 1
188, 190, 1
192, 206, 1
131, 110, 1
130, 112, 1
112, 106, 1
208, 211, 1
129, 131, 1
106, 108, 1
190, 208, 1
201, 190, 1
205, 206, 1
133, 110, 1
127, 103, 1
189, 206, 1
105, 103, 1
208, 186, 1
109, 128, 1
194, 196, 1
129, 106, 1
111, 70, 1
131, 103, 1
194, 205, 1
131, 112, 1
112, 108, 1
129, 133, 1
127, 133, 1
105, 133, 1
106, 110, 1
189, 190, 1
133, 103, 1
196, 205, 1
111, 109, 1
211, 196, 1
128, 70, 1
194, 189, 1
208, 188, 1
211, 205, 1
209, 208, 1
111, 127, 1
108, 110, 1
129, 108, 1
130, 107, 1
194, 207, 1
208, 206, 1
112, 110, 1
106, 103, 1
130, 70, 1
196, 189, 1
128, 109, 1
110, 103, 1
111, 102, 1
196, 207, 1
211, 189, 1
128, 127, 1
209, 201, 1
108, 103, 1
211, 207, 1
106, 133, 1
201, 206, 1
208, 190, 1
129, 110, 1
130, 109, 1
194, 209, 1
185, 206, 1
112, 103, 1
130, 127, 1
107, 70, 1
128, 102, 1
188, 208, 1
108, 133, 1
190, 205, 1
128, 111, 1
209, 194, 1
196, 209, 1
112, 133, 1
102, 110, 1
128, 129, 1
109, 70, 1
211, 209, 1
129, 103, 1
130, 102, 1
201, 208, 1
129, 112, 1
131, 109, 1
107, 109, 1
130, 111, 1
112, 105, 1
194, 211, 1
105, 112, 1
190, 189, 1
105, 130, 1
107, 127, 1
209, 207, 1
190, 207, 1
209, 196, 1
102, 103, 1
128, 131, 1
209, 205, 1
208, 185, 1
194, 186, 1
109, 127, 1
131, 102, 1
107, 102, 1
189, 208, 1
107, 111, 1
205, 189, 1
130, 131, 1
128, 106, 1
109, 102, 1
205, 207, 1
209, 189, 1
112, 128, 1
109, 111, 1
201, 194, 1
194, 188, 1
106, 130, 1
70, 110, 1
130, 106, 1
107, 104, 1
110, 130, 1
108, 112, 1
196, 188, 1
108, 130, 1
129, 128, 1
110, 102, 1
205, 209, 1
107, 106, 1
108, 105, 1
70, 130, 1
70, 105, 1
194, 192, 1
189, 205, 1
102, 130, 1
196, 192, 1
109, 108, 1
211, 192, 1
194, 185, 1
211, 201, 1
110, 109, 1
70, 107, 1
105, 104, 1
131, 104, 1
70, 109, 1
190, 192, 1
106, 104, 1
70, 102, 1
107, 105, 1
108, 104, 1
110, 131, 1
111, 130, 1
112, 104, 1
209, 192, 1
196, 201, 1
110, 106, 1
129, 104, 1
110, 133, 1
209, 185, 1
107, 128, 1
131, 128, 1
186, 192, 1
110, 108, 1
70, 106, 1
188, 192, 1
186, 185, 1
107, 130, 1
201, 192, 1
70, 108, 1
102, 106, 1
109, 130, 1
131, 105, 1
205, 192, 1
201, 185, 1
189, 192, 1
109, 105, 1
133, 105, 1
70, 131, 1
105, 128, 1
106, 105, 1
110, 105, 1
208, 192, 1
70, 133, 1
127, 130, 1
188, 201, 1
128, 104, 1
131, 130, 1
110, 107, 1
196, 211, 1
106, 128, 1
129, 105, 1
130, 104, 1
133, 130, 1
107, 129, 1
108, 128, 1
102, 105, 1
108, 106, 1
205, 188, 1
205, 185, 1
188, 211, 1
205, 194, 1
102, 107, 1
130, 105, 1
107, 112, 1
102, 131, 1
131, 106, 1
205, 196, 1
109, 106, 1
205, 208, 1
133, 106, 1
205, 211, 1
102, 109, 1
207, 192, 1
205, 186, 1
102, 133, 1
106, 112, 1
205, 201, 1
102, 108, 1
130, 129, 1
103, 194, -1
103, 201, -1
103, 207, -1
103, 190, -1
103, 189, -1
103, 188, -1
103, 211, -1
103, 196, -1
103, 209, -1
103, 208, -1
103, 205, -1
103, 61, -1
103, 163, -1
103, 164, -1
103, 174, -1
103, 168, -1
103, 171, -1
103, 167, -1
103, 166, -1
103, 175, -1
103, 169, -1
103, 170, -1
103, 172, -1
103, 173, -1
103, 165, -1
103, 160, -1
103, 182, -1
103, 184, -1
103, 179, -1
103, 183, -1
103, 177, -1
103, 181, -1
186, 102, -1
186, 133, -1
186, 109, -1
186, 130, -1
186, 128, -1
186, 129, -1
186, 131, -1
186, 127, -1
186, 105, -1
186, 112, -1
186, 108, -1
186, 110, -1
186, 106, -1
186, 111, -1
186, 107, -1
186, 70, -1
186, 103, -1
186, 61, -1
186, 163, -1
186, 164, -1
186, 174, -1
186, 168, -1
186, 171, -1
186, 167, -1
186, 166, -1
186, 175, -1
186, 169, -1
186, 170, -1
186, 172, -1
186, 173, -1
186, 165, -1
186, 160, -1
186, 182, -1
186, 184, -1
186, 179, -1
186, 183, -1
186, 177, -1
186, 181, -1
192, 102, -1
192, 133, -1
192, 109, -1
192, 130, -1
192, 128, -1
192, 129, -1
192, 131, -1
192, 127, -1
192, 105, -1
192, 112, -1
192, 108, -1
192, 110, -1
192, 106, -1
192, 111, -1
192, 107, -1
192, 70, -1
192, 103, -1
192, 61, -1
192, 163, -1
192, 164, -1
192, 174, -1
192, 168, -1
192, 171, -1
192, 167, -1
192, 166, -1
192, 175, -1
192, 169, -1
192, 170, -1
192, 172, -1
192, 173, -1
192, 165, -1
192, 160, -1
192, 182, -1
192, 184, -1
192, 179, -1
192, 183, -1
192, 177, -1
192, 181, -1
185, 102, -1
185, 133, -1
185, 109, -1
185, 130, -1
185, 128, -1
185, 129, -1
185, 131, -1
185, 127, -1
185, 105, -1
185, 112, -1
185, 108, -1
185, 110, -1
185, 106, -1
185, 111, -1
185, 107, -1
185, 70, -1
185, 103, -1
185, 61, -1
185, 163, -1
185, 164, -1
185, 174, -1
185, 168, -1
185, 171, -1
185, 167, -1
185, 166, -1
185, 175, -1
185, 169, -1
185, 170, -1
185, 172, -1
185, 173, -1
185, 165, -1
185, 160, -1
185, 182, -1
185, 184, -1
185, 179, -1
185, 183, -1
185, 177, -1
185, 181, -1
206, 102, -1
206, 133, -1
206, 109, -1
206, 130, -1
206, 128, -1
206, 129, -1
206, 131, -1
206, 127, -1
206, 105, -1
206, 112, -1
206, 108, -1
206, 110, -1
206, 106, -1
206, 111, -1
206, 107, -1
206, 70, -1
206, 103, -1
206, 61, -1
206, 163, -1
206, 164, -1
206, 174, -1
206, 168, -1
206, 171, -1
206, 167, -1
206, 166, -1
206, 175, -1
206, 169, -1
206, 170, -1
206, 172, -1
206, 173, -1
206, 165, -1
206, 160, -1
206, 182, -1
206, 184, -1
206, 179, -1
206, 183, -1
206, 177, -1
206, 181, -1
104, 194, -1
104, 201, -1
104, 207, -1
104, 190, -1
104, 189, -1
104, 188, -1
104, 211, -1
104, 196, -1
104, 209, -1
104, 208, -1
104, 205, -1
104, 186, -1
104, 192, -1
104, 185, -1
104, 206, -1
104, 61, -1
104, 163, -1
104, 164, -1
104, 174, -1
104, 168, -1
104, 171, -1
104, 167, -1
104, 166, -1
104, 175, -1
104, 169, -1
104, 170, -1
104, 172, -1
104, 173, -1
104, 165, -1
104, 160, -1
104, 182, -1
104, 184, -1
104, 179, -1
104, 183, -1
104, 177, -1
104, 181, -1
160, 110, -1
177, 190, -1
105, 171, -1
205, 109, -1
166, 190, -1
201, 166, -1
205, 127, -1
127, 189, -1
172, 102, -1
105, 189, -1
131, 61, -1
128, 163, -1
105, 207, -1
128, 172, -1
194, 108, -1
183, 108, -1
168, 208, -1
109, 168, -1
128, 181, -1
127, 207, -1
128, 190, -1
184, 189, -1
129, 164, -1
175, 131, -1
188, 61, -1
169, 209, -1
164, 103, -1
188, 70, -1
184, 207, -1
196, 172, -1
172, 205, -1
70, 185, -1
70, 194, -1
196, 181, -1
179, 110, -1
209, 111, -1
61, 127, -1
131, 182, -1
208, 164, -1
209, 129, -1
173, 206, -1
208, 173, -1
112, 196, -1
168, 109, -1
160, 105, -1
112, 205, -1
172, 70, -1
190, 106, -1
177, 185, -1
127, 166, -1
105, 166, -1
188, 182, -1
171, 111, -1
127, 175, -1
105, 175, -1
182, 111, -1
189, 168, -1
190, 133, -1
105, 184, -1
211, 165, -1
168, 194, -1
108, 189, -1
211, 174, -1
194, 103, -1
128, 167, -1
112, 61, -1
211, 183, -1
194, 112, -1
175, 108, -1
108, 207, -1
160, 208, -1
169, 186, -1
109, 181, -1
107, 211, -1
196, 167, -1
70, 189, -1
111, 190, -1
209, 106, -1
131, 168, -1
201, 111, -1
112, 173, -1
111, 208, -1
112, 182, -1
209, 133, -1
201, 129, -1
167, 127, -1
61, 207, -1
189, 127, -1
188, 168, -1
112, 209, -1
190, 110, -1
105, 170, -1
163, 102, -1
108, 166, -1
105, 179, -1
163, 111, -1
108, 175, -1
211, 160, -1
105, 188, -1
168, 189, -1
108, 184, -1
171, 133, -1
160, 194, -1
194, 107, -1
128, 171, -1
130, 190, -1
183, 107, -1
168, 207, -1
109, 167, -1
107, 206, -1
169, 190, -1
130, 208, -1
70, 166, -1
184, 188, -1
70, 175, -1
208, 127, -1
164, 102, -1
70, 184, -1
177, 130, -1
209, 110, -1
131, 172, -1
201, 106, -1
112, 168, -1
131, 181, -1
112, 177, -1
209, 128, -1
170, 109, -1
131, 190, -1
112, 186, -1
201, 133, -1
167, 131, -1
207, 167, -1
170, 127, -1
190, 105, -1
164, 205, -1
188, 172, -1
205, 103, -1
105, 165, -1
127, 165, -1
188, 181, -1
171, 110, -1
127, 174, -1
105, 174, -1
127, 183, -1
211, 164, -1
160, 189, -1
194, 102, -1
183, 102, -1
211, 173, -1
211, 182, -1
168, 211, -1
196, 130, -1
175, 107, -1
164, 70, -1
160, 207, -1
107, 192, -1
169, 185, -1
208, 104, -1
169, 194, -1
174, 111, -1
61, 103, -1
172, 190, -1
196, 166, -1
208, 131, -1
111, 189, -1
209, 105, -1
131, 167, -1
112, 163, -1
167, 108, -1
112, 172, -1
201, 110, -1
111, 207, -1
112, 181, -1
128, 160, -1
112, 190, -1
61, 206, -1
179, 189, -1
170, 131, -1
188, 167, -1
194, 61, -1
190, 109, -1
105, 160, -1
194, 70, -1
183, 70, -1
179, 207, -1
108, 165, -1
163, 110, -1
108, 174, -1
168, 188, -1
130, 171, -1
211, 168, -1
181, 127, -1
168, 206, -1
130, 189, -1
107, 196, -1
160, 211, -1
208, 108, -1
107, 205, -1
130, 207, -1
111, 166, -1
194, 182, -1
177, 111, -1
129, 211, -1
166, 111, -1
111, 175, -1
177, 129, -1
209, 109, -1
201, 105, -1
112, 167, -1
189, 103, -1
107, 61, -1
170, 108, -1
110, 206, -1
133, 208, -1
102, 211, -1
211, 127, -1
207, 175, -1
169, 130, -1
108, 160, -1
184, 128, -1
106, 190, -1
175, 70, -1
130, 166, -1
196, 111, -1
107, 173, -1
168, 192, -1
160, 188, -1
130, 175, -1
106, 208, -1
107, 182, -1
130, 184, -1
173, 127, -1
208, 103, -1
70, 160, -1
208, 112, -1
194, 177, -1
177, 106, -1
129, 206, -1
131, 166, -1
177, 133, -1
188, 130, -1
205, 61, -1
167, 107, -1
112, 171, -1
170, 103, -1
205, 70, -1
102, 206, -1
164, 190, -1
179, 188, -1
188, 166, -1
211, 131, -1
196, 106, -1
170, 206, -1
205, 173, -1
107, 168, -1
190, 184, -1
130, 179, -1
61, 70, -1
205, 182, -1
130, 188, -1
171, 189, -1
182, 189, -1
196, 133, -1
194, 163, -1
165, 127, -1
129, 192, -1
208, 107, -1
171, 207, -1
194, 172, -1
182, 207, -1
111, 165, -1
129, 201, -1
194, 181, -1
177, 110, -1
111, 174, -1
111, 183, -1
133, 189, -1
189, 102, -1
167, 102, -1
110, 196, -1
102, 192, -1
170, 107, -1
211, 108, -1
133, 207, -1
209, 175, -1
110, 205, -1
192, 104, -1
209, 184, -1
169, 111, -1
184, 109, -1
106, 171, -1
169, 129, -1
184, 127, -1
106, 189, -1
170, 192, -1
181, 103, -1
130, 165, -1
107, 163, -1
170, 201, -1
205, 168, -1
196, 110, -1
130, 174, -1
107, 172, -1
106, 207, -1
107, 181, -1
107, 190, -1
163, 189, -1
208, 102, -1
194, 167, -1
129, 196, -1
171, 211, -1
177, 105, -1
129, 205, -1
207, 106, -1
189, 70, -1
167, 70, -1
133, 166, -1
163, 207, -1
188, 111, -1
133, 175, -1
110, 182, -1
207, 133, -1
133, 184, -1
211, 103, -1
209, 170, -1
129, 61, -1
102, 196, -1
160, 128, -1
211, 112, -1
209, 179, -1
169, 106, -1
102, 205, -1
201, 175, -1
184, 104, -1
106, 166, -1
189, 182, -1
172, 111, -1
211, 130, -1
201, 184, -1
106, 175, -1
106, 184, -1
169, 133, -1
184, 131, -1
190, 165, -1
170, 196, -1
208, 61, -1
130, 160, -1
190, 174, -1
196, 105, -1
208, 70, -1
170, 205, -1
107, 167, -1
190, 183, -1
173, 103, -1
205, 181, -1
128, 208, -1
129, 173, -1
171, 188, -1
129, 182, -1
185, 104, -1
194, 171, -1
177, 109, -1
207, 110, -1
129, 209, -1
170, 70, -1
188, 106, -1
110, 168, -1
208, 182, -1
174, 189, -1
102, 182, -1
188, 133, -1
168, 127, -1
209, 165, -1
177, 194, -1
174, 207, -1
209, 174, -1
201, 170, -1
209, 183, -1
169, 110, -1
201, 179, -1
184, 108, -1
106, 179, -1
105, 211, -1
190, 160, -1
106, 188, -1
181, 102, -1
172, 133, -1
128, 185, -1
205, 167, -1
194, 130, -1
183, 130, -1
128, 194, -1
107, 171, -1
109, 190, -1
170, 209, -1
181, 111, -1
129, 168, -1
165, 103, -1
109, 208, -1
184, 211, -1
129, 186, -1
163, 188, -1
194, 166, -1
70, 207, -1
208, 168, -1
188, 110, -1
133, 174, -1
208, 177, -1
168, 104, -1
165, 206, -1
102, 168, -1
133, 183, -1
188, 128, -1
160, 109, -1
110, 190, -1
209, 160, -1
177, 189, -1
211, 102, -1
166, 189, -1
168, 131, -1
209, 169, -1
160, 127, -1
211, 111, -1
201, 165, -1
169, 105, -1
181, 70, -1
201, 174, -1
166, 207, -1
106, 165, -1
177, 207, -1
184, 103, -1
201, 183, -1
184, 112, -1
172, 110, -1
106, 174, -1
127, 206, -1
105, 206, -1
106, 183, -1
128, 189, -1
173, 102, -1
190, 173, -1
129, 163, -1
175, 130, -1
128, 207, -1
129, 172, -1
184, 206, -1
129, 181, -1
164, 111, -1
179, 109, -1
129, 190, -1
70, 211, -1
211, 61, -1
207, 109, -1
179, 127, -1
208, 163, -1
188, 105, -1
211, 70, -1
208, 172, -1
133, 160, -1
110, 167, -1
208, 181, -1
168, 108, -1
131, 208, -1
160, 104, -1
209, 164, -1
102, 190, -1
201, 160, -1
209, 173, -1
160, 131, -1
189, 167, -1
201, 169, -1
169, 109, -1
177, 211, -1
205, 130, -1
184, 107, -1
173, 70, -1
108, 188, -1
127, 192, -1
105, 201, -1
128, 166, -1
163, 133, -1
105, 192, -1
194, 111, -1
128, 175, -1
183, 111, -1
108, 206, -1
170, 190, -1
190, 168, -1
128, 184, -1
183, 129, -1
194, 129, -1
109, 189, -1
184, 192, -1
129, 167, -1
184, 201, -1
109, 207, -1
70, 188, -1
196, 175, -1
196, 184, -1
70, 206, -1
164, 133, -1
179, 131, -1
208, 167, -1
188, 109, -1
201, 128, -1
168, 103, -1
102, 167, -1
168, 112, -1
160, 108, -1
112, 208, -1
177, 188, -1
209, 168, -1
201, 164, -1
190, 127, -1
106, 164, -1
108, 183, -1
105, 196, -1
172, 109, -1
108, 192, -1
105, 205, -1
127, 205, -1
128, 170, -1
175, 102, -1
109, 166, -1
194, 106, -1
128, 179, -1
183, 106, -1
175, 111, -1
165, 70, -1
170, 185, -1
128, 188, -1
169, 189, -1
109, 175, -1
109, 184, -1
194, 133, -1
183, 133, -1
175, 129, -1
70, 174, -1
184, 196, -1
129, 171, -1
169, 207, -1
184, 205, -1
70, 183, -1
127, 61, -1
105, 61, -1
164, 110, -1
70, 192, -1
179, 108, -1
181, 190, -1
70, 201, -1
209, 127, -1
131, 189, -1
110, 166, -1
112, 185, -1
208, 171, -1
167, 130, -1
112, 194, -1
168, 107, -1
131, 207, -1
165, 207, -1
189, 130, -1
184, 70, -1
160, 103, -1
205, 102, -1
105, 164, -1
160, 112, -1
171, 109, -1
127, 173, -1
105, 173, -1
179, 211, -1
205, 111, -1
127, 182, -1
105, 182, -1
189, 166, -1
171, 127, -1
182, 127, -1
211, 172, -1
128, 165, -1
168, 201, -1
108, 196, -1
211, 181, -1
194, 110, -1
128, 174, -1
183, 110, -1
108, 205, -1
175, 106, -1
160, 206, -1
128, 183, -1
194, 128, -1
130, 211, -1
61, 102, -1
172, 189, -1
175, 133, -1
61, 111, -1
196, 165, -1
208, 130, -1
169, 211, -1
172, 207, -1
196, 174, -1
184, 209, -1
179, 103, -1
108, 61, -1
196, 183, -1
70, 196, -1
131, 175, -1
70, 205, -1
201, 109, -1
111, 206, -1
173, 190, -1
131, 184, -1
208, 166, -1
209, 131, -1
201, 127, -1
112, 189, -1
168, 102, -1
170, 130, -1
131, 211, -1
160, 107, -1
112, 207, -1
188, 175, -1
205, 106, -1
179, 206, -1
105, 168, -1
108, 164, -1
188, 184, -1
163, 109, -1
108, 173, -1
105, 186, -1
108, 182, -1
205, 133, -1
171, 131, -1
211, 167, -1
163, 127, -1
168, 196, -1
160, 192, -1
183, 105, -1
128, 169, -1
168, 205, -1
194, 105, -1
109, 165, -1
160, 201, -1
175, 110, -1
109, 174, -1
130, 206, -1
169, 188, -1
184, 186, -1
196, 160, -1
169, 206, -1
70, 182, -1
164, 109, -1
111, 192, -1
209, 108, -1
168, 70, -1
112, 166, -1
167, 111, -1
112, 175, -1
189, 111, -1
131, 188, -1
165, 190, -1
112, 184, -1
167, 129, -1
201, 131, -1
190, 103, -1
105, 163, -1
207, 183, -1
171, 108, -1
105, 172, -1
205, 110, -1
108, 168, -1
127, 181, -1
105, 181, -1
190, 130, -1
127, 190, -1
169, 70, -1
128, 164, -1
163, 131, -1
130, 183, -1
160, 196, -1
194, 109, -1
183, 109, -1
168, 209, -1
175, 105, -1
160, 205, -1
196, 128, -1
109, 160, -1
130, 192, -1
208, 111, -1
107, 208, -1
184, 190, -1
70, 168, -1
196, 164, -1
208, 129, -1
174, 127, -1
70, 186, -1
209, 103, -1
131, 165, -1
209, 112, -1
131, 174, -1
201, 108, -1
112, 170, -1
167, 106, -1
170, 102, -1
111, 205, -1
160, 70, -1
112, 179, -1
189, 106, -1
170, 111, -1
131, 192, -1
131, 183, -1
112, 188, -1
164, 189, -1
189, 133, -1
167, 133, -1
188, 165, -1
179, 196, -1
164, 207, -1
188, 174, -1
205, 105, -1
179, 205, -1
127, 167, -1
111, 61, -1
188, 183, -1
105, 167, -1
171, 103, -1
182, 103, -1
163, 108, -1
108, 172, -1
168, 186, -1
108, 181, -1
211, 166, -1
106, 211, -1
211, 175, -1
130, 196, -1
160, 209, -1
130, 205, -1
208, 106, -1
179, 70, -1
171, 206, -1
111, 173, -1
163, 211, -1
111, 182, -1
208, 133, -1
131, 160, -1
177, 127, -1
166, 127, -1
209, 107, -1
201, 103, -1
112, 165, -1
130, 61, -1
189, 110, -1
112, 174, -1
167, 110, -1
170, 106, -1
133, 206, -1
61, 190, -1
112, 183, -1
201, 112, -1
188, 160, -1
190, 102, -1
170, 133, -1
190, 111, -1
103, 192, -1
163, 103, -1
108, 167, -1
130, 164, -1
196, 109, -1
130, 173, -1
106, 206, -1
168, 190, -1
160, 186, -1
130, 182, -1
196, 127, -1
107, 189, -1
208, 110, -1
107, 207, -1
194, 175, -1
70, 167, -1
163, 206, -1
194, 184, -1
208, 128, -1
209, 102, -1
131, 164, -1
177, 131, -1
190, 61, -1
112, 160, -1
131, 173, -1
133, 192, -1
167, 105, -1
112, 169, -1
201, 107, -1
190, 70, -1
189, 105, -1
170, 110, -1
110, 208, -1
188, 164, -1
164, 206, -1
188, 173, -1
171, 102, -1
184, 130, -1
106, 192, -1
168, 185, -1
107, 166, -1
130, 168, -1
190, 182, -1
173, 111, -1
107, 175, -1
160, 190, -1
107, 184, -1
181, 133, -1
171, 196, -1
209, 61, -1
208, 105, -1
209, 70, -1
171, 205, -1
194, 170, -1
182, 205, -1
174, 103, -1
194, 179, -1
177, 108, -1
129, 208, -1
111, 181, -1
207, 127, -1
186, 104, -1
201, 102, -1
112, 164, -1
167, 109, -1
61, 189, -1
171, 70, -1
211, 106, -1
209, 182, -1
102, 208, -1
179, 190, -1
211, 133, -1
169, 127, -1
106, 196, -1
130, 163, -1
181, 110, -1
205, 166, -1
106, 205, -1
130, 172, -1
196, 108, -1
165, 102, -1
170, 208, -1
205, 175, -1
130, 181, -1
107, 179, -1
205, 184, -1
128, 211, -1
160, 185, -1
107, 188, -1
165, 111, -1
173, 133, -1
129, 185, -1
194, 165, -1
129, 194, -1
208, 109, -1
201, 61, -1
194, 174, -1
163, 196, -1
201, 70, -1
163, 205, -1
106, 61, -1
194, 183, -1
111, 167, -1
166, 103, -1
177, 103, -1
133, 182, -1
207, 131, -1
188, 127, -1
110, 189, -1
168, 130, -1
211, 110, -1
110, 207, -1
209, 177, -1
163, 70, -1
177, 206, -1
201, 173, -1
184, 102, -1
201, 182, -1
184, 111, -1
106, 173, -1
211, 128, -1
106, 182, -1
169, 131, -1
184, 129, -1
172, 127, -1
170, 194, -1
196, 103, -1
107, 165, -1
130, 167, -1
190, 181, -1
173, 110, -1
107, 174, -1
196, 112, -1
128, 206, -1
107, 183, -1
194, 160, -1
129, 189, -1
165, 133, -1
194, 169, -1
177, 107, -1
129, 207, -1
207, 108, -1
133, 168, -1
110, 175, -1
110, 184, -1
209, 163, -1
102, 189, -1
211, 105, -1
174, 205, -1
209, 172, -1
177, 201, -1
160, 130, -1
201, 168, -1
209, 181, -1
169, 108, -1
102, 207, -1
189, 175, -1
184, 106, -1
201, 177, -1
110, 211, -1
106, 168, -1
189, 184, -1
105, 209, -1
170, 189, -1
184, 133, -1
190, 167, -1
107, 160, -1
205, 165, -1
128, 192, -1
170, 207, -1
205, 174, -1
128, 201, -1
129, 166, -1
205, 183, -1
165, 110, -1
129, 175, -1
109, 206, -1
171, 190, -1
182, 190, -1
129, 184, -1
194, 164, -1
194, 173, -1
177, 102, -1
207, 103, -1
188, 108, -1
208, 175, -1
102, 166, -1
207, 130, -1
168, 111, -1
208, 184, -1
102, 175, -1
133, 190, -1
110, 188, -1
102, 184, -1
168, 129, -1
209, 167, -1
177, 196, -1
211, 109, -1
201, 163, -1
169, 103, -1
177, 205, -1
201, 172, -1
166, 205, -1
106, 163, -1
201, 181, -1
184, 110, -1
106, 172, -1
106, 181, -1
205, 160, -1
196, 102, -1
107, 164, -1
109, 183, -1
128, 196, -1
170, 211, -1
109, 192, -1
128, 205, -1
129, 170, -1
177, 70, -1
129, 179, -1
129, 188, -1
61, 133, -1
163, 190, -1
181, 189, -1
194, 168, -1
164, 127, -1
70, 209, -1
207, 107, -1
181, 207, -1
188, 103, -1
133, 167, -1
208, 170, -1
128, 61, -1
188, 112, -1
110, 174, -1
208, 179, -1
168, 106, -1
131, 206, -1
160, 102, -1
110, 183, -1
160, 111, -1
112, 211, -1
110, 192, -1
102, 188, -1
168, 133, -1
209, 171, -1
160, 129, -1
201, 167, -1
196, 61, -1
169, 107, -1
177, 209, -1
105, 190, -1
184, 105, -1
196, 70, -1
189, 174, -1
205, 128, -1
189, 183, -1
106, 167, -1
172, 103, -1
127, 208, -1
128, 173, -1
105, 208, -1
170, 188, -1
106, 160, -1
128, 182, -1
190, 166, -1
194, 127, -1
183, 127, -1
190, 175, -1
129, 165, -1
61, 110, -1
169, 201, -1
128, 209, -1
129, 174, -1
109, 205, -1
184, 208, -1
196, 173, -1
179, 102, -1
172, 206, -1
129, 183, -1
196, 182, -1
179, 111, -1
173, 189, -1
207, 102, -1
110, 160, -1
207, 111, -1
209, 130, -1
208, 165, -1
173, 207, -1
208, 174, -1
109, 61, -1
208, 183, -1
168, 110, -1
102, 174, -1
160, 106, -1
112, 206, -1
174, 190, -1
102, 183, -1
177, 186, -1
168, 128, -1
209, 166, -1
189, 160, -1
169, 102, -1
160, 133, -1
201, 171, -1
105, 185, -1
105, 194, -1
108, 190, -1
128, 168, -1
211, 184, -1
128, 177, -1
175, 109, -1
109, 173, -1
108, 208, -1
128, 186, -1
109, 182, -1
194, 131, -1
183, 131, -1
169, 196, -1
175, 127, -1
184, 185, -1
184, 194, -1
129, 160, -1
207, 70, -1
169, 205, -1
196, 168, -1
70, 190, -1
105, 183, -1
70, 208, -1
208, 160, -1
181, 206, -1
165, 189, -1
188, 102, -1
179, 133, -1
208, 169, -1
131, 196, -1
102, 160, -1
201, 130, -1
112, 192, -1
168, 105, -1
131, 205, -1
112, 201, -1
167, 201, -1
172, 130, -1
183, 206, -1
107, 177, -1
189, 109, -1
196, 179, -1
170, 105, -1
107, 186, -1
189, 173, -1
108, 185, -1
164, 128, -1
108, 194, -1
164, 192, -1
174, 105, -1
166, 110, -1
167, 194, -1
130, 209, -1
183, 190, -1
175, 186, -1
177, 128, -1
172, 196, -1
196, 163, -1
177, 192, -1
166, 192, -1
107, 170, -1
173, 106, -1
164, 112, -1
205, 129, -1
181, 192, -1
164, 130, -1
171, 209, -1
109, 179, -1
177, 112, -1
170, 128, -1
131, 209, -1
167, 196, -1
109, 188, -1
133, 173, -1
175, 188, -1
205, 104, -1
110, 61, -1
167, 205, -1
164, 105, -1
205, 177, -1
108, 171, -1
209, 104, -1
205, 131, -1
179, 112, -1
183, 103, -1
166, 206, -1
109, 163, -1
189, 61, -1
174, 109, -1
166, 105, -1
109, 172, -1
167, 189, -1
183, 185, -1
110, 173, -1
70, 171, -1
181, 105, -1
171, 104, -1
175, 190, -1
70, 61, -1
205, 170, -1
106, 209, -1
164, 107, -1
172, 209, -1
205, 179, -1
179, 105, -1
165, 106, -1
109, 211, -1
173, 192, -1
175, 211, -1
174, 102, -1
183, 188, -1
163, 209, -1
188, 104, -1
70, 164, -1
164, 201, -1
207, 181, -1
61, 106, -1
70, 173, -1
167, 209, -1
205, 108, -1
205, 163, -1
171, 106, -1
205, 172, -1
182, 106, -1
188, 131, -1
172, 211, -1
201, 104, -1
182, 133, -1
131, 179, -1
172, 104, -1
175, 103, -1
207, 165, -1
179, 128, -1
179, 192, -1
175, 185, -1
172, 131, -1
179, 201, -1
61, 108, -1
167, 211, -1
102, 173, -1
196, 107, -1
107, 169, -1
163, 104, -1
196, 171, -1
173, 105, -1
131, 163, -1
183, 201, -1
108, 186, -1
175, 206, -1
172, 106, -1
166, 102, -1
167, 186, -1
130, 201, -1
169, 128, -1
164, 196, -1
61, 211, -1
169, 192, -1
172, 188, -1
133, 181, -1
110, 179, -1
182, 110, -1
205, 112, -1
164, 104, -1
183, 194, -1
163, 106, -1
108, 179, -1
171, 128, -1
182, 192, -1
171, 192, -1
61, 131, -1
130, 185, -1
169, 112, -1
133, 211, -1
167, 188, -1
107, 201, -1
133, 165, -1
110, 163, -1
108, 209, -1
70, 170, -1
110, 172, -1
110, 181, -1
70, 179, -1
108, 163, -1
205, 169, -1
171, 112, -1
183, 196, -1
103, 206, -1
165, 105, -1
183, 205, -1
175, 201, -1
61, 188, -1
194, 104, -1
170, 104, -1
107, 185, -1
189, 181, -1
107, 194, -1
167, 190, -1
182, 206, -1
170, 186, -1
70, 163, -1
110, 165, -1
172, 128, -1
108, 211, -1
172, 192, -1
70, 172, -1
182, 105, -1
171, 105, -1
183, 189, -1
166, 109, -1
164, 209, -1
205, 107, -1
205, 171, -1
175, 194, -1
211, 104, -1
189, 165, -1
172, 112, -1
165, 192, -1
207, 173, -1
174, 106, -1
70, 165, -1
164, 211, -1
205, 164, -1
179, 209, -1
174, 133, -1
102, 181, -1
109, 196, -1
163, 112, -1
175, 196, -1
131, 171, -1
174, 206, -1
167, 103, -1
183, 209, -1
175, 205, -1
61, 192, -1
172, 105, -1
167, 185, -1
164, 131, -1
171, 201, -1
188, 107, -1
177, 104, -1
109, 171, -1
131, 201, -1
102, 165, -1
182, 109, -1
163, 105, -1
167, 206, -1
175, 189, -1
183, 211, -1
164, 106, -1
179, 104, -1
172, 107, -1
164, 188, -1
109, 164, -1
107, 209, -1
174, 110, -1
110, 171, -1
166, 106, -1
182, 102, -1
183, 186, -1
61, 105, -1
174, 192, -1
181, 106, -1
196, 104, -1
166, 133, -1
70, 181, -1
106, 201, -1
172, 201, -1
169, 104, -1
175, 209, -1
179, 106, -1
61, 196, -1
196, 131, -1
170, 112, -1
163, 128, -1
163, 192, -1
108, 201, -1
110, 164, -1
163, 201, -1
106, 185, -1
164, 208, -1
174, 130, -1
182, 70, -1
166, 208, -1
163, 130, -1
177, 208, -1
181, 208, -1
165, 130, -1
170, 129, -1
188, 171, -1
102, 171, -1
179, 208, -1
102, 61, -1
166, 70, -1
172, 208, -1
61, 130, -1
174, 208, -1
171, 130, -1
182, 130, -1
173, 130, -1
102, 164, -1
163, 208, -1
165, 208, -1
188, 179, -1
102, 179, -1
174, 70, -1
169, 208, -1
166, 130, -1
181, 130, -1
61, 208, -1
171, 208, -1
179, 130, -1
188, 163, -1
182, 208, -1
102, 163, -1
173, 208, -1
102, 172, -1

