8, 44, 1
85, 208, -1
118, 64, -1
137, 1, -1
62, 151, -1
211, 33, -1
154, 187, -1
76, 32, -1
99, 169, -1
175, 94, -1

53, 7, 1
99, 183, -1
173, 76, -1
102, 210, -1
183, 49, -1
201, 119, -1
129, 15, -1
170, 78, -1
132, 5, -1
174, 78, -1

80, 88, 1
193, 199, 1
97, 113, 1
20, 127, -1
131, 52, -1
155, 18, -1
82, 32, -1
164, 6, -1
203, 88, -1
187, 139, -1
80, 203, -1
88, 203, -1

208, 211, 1
121, 104, 1
37, 40, 1
82, 110, 1
45, 49, 1
3, 38, 1
27, 39, 1
116, 186, -1
127, 206, -1
186, 14, -1

172, 171, 1
119, 116, 1
86, 118, 1
159, 76, -1
85, 178, -1
157, 48, -1
126, 196, -1
162, 76, -1
18, 172, -1
31, 74, -1
18, 171, -1

193, 67, -1
45, 89, -1
135, 190, -1
86, 11, -1
119, 170, -1
41, 157, -1
209, 39, -1
156, 136, -1
5, 164, -1
37, 188, -1

168, 169, 1
209, 194, 1
28, 152, -1
210, 124, -1
183, 46, -1
0, 78, -1
149, 124, -1
212, 9, -1
114, 153, -1
176, 37, -1

105, 125, 1
74, 104, 1
78, 111, 1
93, 106, 1
95, 147, -1
69, 169, -1
107, 55, -1
180, 8, -1
185, 0, -1
158, 99, -1

59, 111, -1
199, 82, -1
134, 158, -1
60, 110, -1
56, 78, -1
176, 144, -1
140, 188, -1
86, 162, -1
9, 122, -1
39, 158, -1

151, 150, 1
65, 142, -1
38, 84, -1
146, 25, -1
202, 135, -1
106, 38, -1
123, 196, -1
161, 66, -1
177, 124, -1
187, 153, -1

