65, 46, 1
49, 46, 1
49, 65, 1
36, 46, 1
36, 65, 1
36, 49, 1
0, 46, 1
0, 65, 1
0, 49, 1
0, 36, 1
65, 36, 1
49, 36, 1
65, 49, 1
46, 49, 1
181, 46, -1
65, 181, -1
189, 46, -1
189, 65, -1
189, 181, -1
70, 46, -1
70, 65, -1
70, 181, -1
70, 189, -1
49, 181, -1
49, 189, -1
49, 70, -1
36, 181, -1
36, 189, -1
36, 70, -1
0, 181, -1
0, 189, -1
0, 70, -1
65, 70, -1
65, 189, -1
46, 70, -1
70, 36, -1
70, 49, -1

50, 46, 1
50, 65, 1
50, 49, 1
50, 36, 1
50, 0, 1
61, 46, 1
61, 65, 1
61, 49, 1
61, 36, 1
61, 0, 1
61, 50, 1
43, 46, 1
43, 65, 1
43, 49, 1
43, 36, 1
43, 0, 1
43, 50, 1
43, 61, 1
201, 189, 1
0, 36, 1
65, 46, 1
50, 61, 1
65, 43, 1
65, 49, 1
65, 61, 1
49, 50, 1
36, 46, 1
36, 61, 1
65, 36, 1
0, 50, 1
49, 43, 1
49, 46, 1
0, 65, 1
49, 61, 1
0, 43, 1
0, 46, 1
49, 36, 1
0, 49, 1
65, 50, 1
0, 61, 1
50, 43, 1
46, 49, 1
50, 181, -1
50, 189, -1
50, 70, -1
61, 181, -1
61, 189, -1
61, 70, -1
43, 181, -1
43, 189, -1
43, 70, -1
201, 46, -1
201, 65, -1
201, 49, -1
201, 36, -1
201, 0, -1
201, 50, -1
201, 61, -1
201, 43, -1
201, 181, -1
201, 70, -1
162, 46, -1
162, 65, -1
162, 49, -1
162, 36, -1
162, 0, -1
162, 50, -1
162, 61, -1
162, 43, -1
162, 181, -1
162, 189, -1
162, 201, -1
162, 70, -1
65, 162, -1
36, 181, -1
65, 70, -1
65, 189, -1
49, 181, -1
65, 201, -1
181, 46, -1
36, 70, -1
36, 189, -1
201, 162, -1
49, 162, -1
181, 189, -1
0, 181, -1
46, 181, -1
49, 70, -1
49, 189, -1
0, 162, -1
189, 46, -1
65, 181, -1
189, 49, -1
0, 189, -1
46, 70, -1
0, 70, -1
46, 189, -1
0, 201, -1
189, 70, -1
70, 36, -1
43, 201, -1
70, 61, -1
70, 50, -1
49, 201, -1
50, 201, -1
70, 43, -1
70, 49, -1

180, 181, 1
55, 46, 1
55, 65, 1
55, 49, 1
55, 36, 1
55, 0, 1
55, 50, 1
55, 61, 1
55, 43, 1
177, 181, 1
177, 180, 1
182, 181, 1
182, 180, 1
182, 177, 1
209, 189, 1
209, 201, 1
184, 181, 1
184, 180, 1
184, 177, 1
184, 182, 1
0, 36, 1
50, 46, 1
61, 46, 1
43, 46, 1
65, 46, 1
50, 61, 1
65, 43, 1
65, 49, 1
43, 61, 1
65, 61, 1
49, 50, 1
50, 36, 1
36, 46, 1
36, 61, 1
65, 36, 1
43, 36, 1
180, 182, 1
0, 50, 1
49, 43, 1
49, 46, 1
0, 65, 1
49, 61, 1
201, 189, 1
177, 182, 1
0, 43, 1
181, 182, 1
0, 46, 1
49, 36, 1
65, 50, 1
0, 49, 1
0, 61, 1
50, 43, 1
201, 209, 1
46, 49, 1
49, 55, 1
0, 55, 1
50, 55, 1
61, 55, 1
43, 49, 1
46, 55, 1
36, 55, 1
43, 55, 1
65, 55, 1
180, 46, -1
180, 65, -1
180, 49, -1
180, 36, -1
180, 0, -1
180, 50, -1
180, 61, -1
180, 43, -1
180, 189, -1
180, 201, -1
180, 70, -1
180, 162, -1
55, 181, -1
55, 180, -1
55, 189, -1
55, 201, -1
55, 70, -1
55, 162, -1
177, 46, -1
177, 65, -1
177, 49, -1
177, 36, -1
177, 0, -1
177, 50, -1
177, 61, -1
177, 43, -1
177, 55, -1
177, 189, -1
177, 201, -1
177, 70, -1
177, 162, -1
182, 46, -1
182, 65, -1
182, 49, -1
182, 36, -1
182, 0, -1
182, 50, -1
182, 61, -1
182, 43, -1
182, 55, -1
182, 189, -1
182, 201, -1
182, 70, -1
182, 162, -1
209, 46, -1
209, 65, -1
209, 49, -1
209, 36, -1
209, 0, -1
209, 50, -1
209, 61, -1
209, 43, -1
209, 55, -1
209, 181, -1
209, 180, -1
209, 177, -1
209, 182, -1
209, 70, -1
209, 162, -1
184, 46, -1
184, 65, -1
184, 49, -1
184, 36, -1
184, 0, -1
184, 50, -1
184, 61, -1
184, 43, -1
184, 55, -1
184, 189, -1
184, 201, -1
184, 209, -1
184, 70, -1
184, 162, -1
36, 181, -1
50, 180, -1
50, 70, -1
50, 189, -1
61, 189, -1
61, 70, -1
65, 180, -1
65, 70, -1
65, 189, -1
49, 181, -1
181, 46, -1
181, 55, -1
50, 182, -1
61, 182, -1
0, 181, -1
65, 182, -1
201, 61, -1
201, 180, -1
201, 70, -1
162, 181, -1
65, 184, -1
46, 180, -1
46, 70, -1
201, 182, -1
0, 201, -1
189, 70, -1
162, 46, -1
70, 180, -1
65, 177, -1
46, 182, -1
189, 182, -1
36, 70, -1
36, 189, -1
201, 49, -1
49, 162, -1
201, 177, -1
180, 209, -1
46, 184, -1
49, 180, -1
49, 70, -1
49, 189, -1
181, 36, -1
65, 209, -1
36, 182, -1
162, 50, -1
0, 162, -1
65, 181, -1
0, 180, -1
189, 49, -1
46, 177, -1
0, 189, -1
49, 182, -1
162, 43, -1
70, 177, -1
162, 180, -1
0, 182, -1
43, 180, -1
43, 70, -1
201, 181, -1
43, 189, -1
162, 36, -1
201, 46, -1
181, 70, -1
43, 182, -1
181, 189, -1
201, 55, -1
49, 177, -1
189, 181, -1
50, 181, -1
61, 181, -1
189, 46, -1
0, 177, -1
177, 209, -1
189, 55, -1
0, 70, -1
180, 55, -1
65, 162, -1
201, 50, -1
162, 61, -1
162, 189, -1
65, 201, -1
0, 209, -1
181, 49, -1
201, 43, -1
201, 162, -1
162, 182, -1
0, 184, -1
46, 181, -1
201, 36, -1
70, 181, -1
43, 181, -1
70, 55, -1
70, 61, -1
36, 184, -1
50, 177, -1
49, 209, -1
162, 55, -1
43, 177, -1
50, 201, -1
49, 184, -1
70, 36, -1
43, 201, -1
50, 209, -1
162, 209, -1
70, 50, -1
43, 209, -1
49, 201, -1
50, 184, -1
61, 184, -1
43, 184, -1
36, 209, -1
46, 189, -1
70, 43, -1
70, 49, -1
162, 201, -1
36, 201, -1

131, 70, 1
129, 70, 1
129, 131, 1
131, 46, -1
131, 65, -1
131, 49, -1
131, 36, -1
131, 0, -1
131, 50, -1
131, 61, -1
131, 43, -1
131, 55, -1
131, 181, -1
131, 180, -1
131, 177, -1
131, 182, -1
131, 184, -1
131, 189, -1
131, 201, -1
131, 209, -1
131, 162, -1
129, 46, -1
129, 65, -1
129, 49, -1
129, 36, -1
129, 0, -1
129, 50, -1
129, 61, -1
129, 43, -1
129, 55, -1
129, 181, -1
129, 180, -1
129, 177, -1
129, 182, -1
129, 184, -1
129, 189, -1
129, 201, -1
129, 209, -1
129, 162, -1
70, 55, -1
177, 129, -1
180, 70, -1
50, 70, -1
61, 70, -1
50, 131, -1
162, 131, -1
162, 70, -1
43, 70, -1
65, 70, -1
65, 131, -1
43, 131, -1
201, 129, -1
49, 129, -1
184, 131, -1
184, 70, -1
70, 182, -1
177, 131, -1
177, 70, -1
36, 70, -1
181, 70, -1
0, 129, -1
209, 129, -1
49, 70, -1
201, 70, -1
43, 129, -1
65, 129, -1
0, 131, -1
0, 70, -1
209, 70, -1
189, 70, -1
70, 49, -1
184, 129, -1
70, 46, -1
46, 129, -1
201, 131, -1
49, 131, -1
209, 131, -1
46, 131, -1

199, 189, 1
199, 201, 1
199, 209, 1
200, 189, 1
200, 201, 1
200, 209, 1
200, 199, 1
208, 189, 1
208, 201, 1
208, 209, 1
208, 199, 1
208, 200, 1
201, 200, 1
209, 200, 1
199, 200, 1
189, 200, 1
201, 199, 1
209, 199, 1
201, 189, 1
189, 199, 1
209, 189, 1
209, 201, 1
201, 209, 1
201, 208, 1
209, 208, 1
189, 208, 1
200, 208, 1
199, 208, 1
168, 46, -1
168, 65, -1
168, 49, -1
168, 36, -1
168, 0, -1
168, 50, -1
168, 61, -1
168, 43, -1
168, 55, -1
168, 181, -1
168, 180, -1
168, 177, -1
168, 182, -1
168, 184, -1
168, 189, -1
168, 201, -1
168, 209, -1
168, 70, -1
168, 131, -1
168, 129, -1
168, 162, -1
199, 46, -1
199, 65, -1
199, 49, -1
199, 36, -1
199, 0, -1
199, 50, -1
199, 61, -1
199, 43, -1
199, 55, -1
199, 181, -1
199, 180, -1
199, 177, -1
199, 182, -1
199, 184, -1
199, 70, -1
199, 131, -1
199, 129, -1
199, 162, -1
199, 168, -1
200, 46, -1
200, 65, -1
200, 49, -1
200, 36, -1
200, 0, -1
200, 50, -1
200, 61, -1
200, 43, -1
200, 55, -1
200, 181, -1
200, 180, -1
200, 177, -1
200, 182, -1
200, 184, -1
200, 70, -1
200, 131, -1
200, 129, -1
200, 162, -1
200, 168, -1
208, 46, -1
208, 65, -1
208, 49, -1
208, 36, -1
208, 0, -1
208, 50, -1
208, 61, -1
208, 43, -1
208, 55, -1
208, 181, -1
208, 180, -1
208, 177, -1
208, 182, -1
208, 184, -1
208, 70, -1
208, 131, -1
208, 129, -1
208, 162, -1
208, 168, -1
177, 199, -1
50, 189, -1
61, 189, -1
36, 199, -1
181, 199, -1
36, 208, -1
209, 182, -1
65, 189, -1
181, 208, -1
131, 189, -1
168, 208, -1
129, 201, -1
184, 189, -1
49, 199, -1
49, 208, -1
209, 184, -1
201, 61, -1
201, 180, -1
0, 199, -1
201, 70, -1
0, 208, -1
49, 201, -1
184, 200, -1
184, 209, -1
189, 168, -1
162, 199, -1
189, 61, -1
201, 182, -1
209, 131, -1
0, 201, -1
189, 70, -1
43, 199, -1
43, 208, -1
180, 189, -1
129, 189, -1
177, 208, -1
189, 182, -1
201, 184, -1
36, 189, -1
177, 201, -1
201, 168, -1
209, 181, -1
189, 184, -1
201, 131, -1
49, 189, -1
129, 209, -1
65, 209, -1
209, 46, -1
209, 55, -1
168, 200, -1
182, 199, -1
0, 189, -1
131, 199, -1
162, 208, -1
43, 189, -1
201, 181, -1
177, 189, -1
209, 50, -1
201, 46, -1
201, 55, -1
181, 189, -1
189, 181, -1
209, 43, -1
209, 162, -1
189, 46, -1
209, 180, -1
189, 55, -1
177, 209, -1
50, 199, -1
61, 199, -1
50, 208, -1
61, 208, -1
182, 208, -1
65, 199, -1
65, 208, -1
131, 208, -1
209, 36, -1
49, 209, -1
184, 199, -1
184, 208, -1
201, 50, -1
168, 199, -1
162, 189, -1
65, 201, -1
0, 200, -1
0, 209, -1
184, 201, -1
201, 43, -1
201, 162, -1
46, 199, -1
46, 208, -1
201, 36, -1
209, 168, -1
70, 199, -1
180, 199, -1
209, 61, -1
70, 208, -1
180, 208, -1
209, 70, -1
129, 199, -1
129, 208, -1
180, 209, -1
50, 209, -1
162, 209, -1
131, 209, -1
36, 209, -1
43, 209, -1
49, 200, -1
180, 201, -1
50, 201, -1
162, 201, -1
43, 201, -1
131, 201, -1
46, 200, -1
180, 200, -1
36, 201, -1
70, 200, -1
182, 200, -1
50, 200, -1
61, 200, -1
129, 200, -1
43, 200, -1
65, 200, -1
162, 200, -1
131, 200, -1
177, 200, -1
36, 200, -1
181, 200, -1

207, 189, 1
207, 201, 1
207, 209, 1
207, 199, 1
207, 200, 1
207, 208, 1
179, 181, 1
179, 180, 1
179, 177, 1
179, 182, 1
179, 184, 1
185, 189, 1
185, 201, 1
185, 209, 1
185, 199, 1
185, 200, 1
185, 208, 1
185, 207, 1
106, 70, 1
106, 131, 1
106, 129, 1
200, 201, 1
177, 181, 1
189, 207, 1
201, 209, 1
200, 207, 1
208, 199, 1
129, 131, 1
129, 70, 1
200, 185, 1
131, 70, 1
184, 177, 1
184, 180, 1
177, 180, 1
201, 199, 1
200, 209, 1
208, 189, 1
180, 182, 1
199, 189, 1
208, 201, 1
208, 207, 1
199, 207, 1
209, 199, 1
201, 189, 1
189, 199, 1
200, 199, 1
184, 182, 1
208, 185, 1
201, 207, 1
177, 182, 1
180, 181, 1
181, 182, 1
208, 200, 1
208, 209, 1
209, 189, 1
184, 181, 1
200, 189, 1
209, 201, 1
209, 207, 1
199, 200, 1
189, 200, 1
184, 179, 1
201, 185, 1
129, 106, 1
209, 185, 1
177, 179, 1
189, 208, 1
200, 208, 1
201, 200, 1
199, 208, 1
209, 208, 1
201, 208, 1
209, 200, 1
207, 46, -1
207, 65, -1
207, 49, -1
207, 36, -1
207, 0, -1
207, 50, -1
207, 61, -1
207, 43, -1
207, 55, -1
207, 181, -1
207, 180, -1
207, 177, -1
207, 182, -1
207, 184, -1
207, 70, -1
207, 131, -1
207, 129, -1
207, 162, -1
207, 168, -1
179, 46, -1
179, 65, -1
179, 49, -1
179, 36, -1
179, 0, -1
179, 50, -1
179, 61, -1
179, 43, -1
179, 55, -1
179, 189, -1
179, 201, -1
179, 209, -1
179, 199, -1
179, 200, -1
179, 208, -1
179, 207, -1
179, 70, -1
179, 131, -1
179, 129, -1
179, 162, -1
179, 168, -1
185, 46, -1
185, 65, -1
185, 49, -1
185, 36, -1
185, 0, -1
185, 50, -1
185, 61, -1
185, 43, -1
185, 55, -1
185, 181, -1
185, 180, -1
185, 177, -1
185, 182, -1
185, 184, -1
185, 179, -1
185, 70, -1
185, 131, -1
185, 129, -1
185, 162, -1
185, 168, -1
106, 46, -1
106, 65, -1
106, 49, -1
106, 36, -1
106, 0, -1
106, 50, -1
106, 61, -1
106, 43, -1
106, 55, -1
106, 181, -1
106, 180, -1
106, 177, -1
106, 182, -1
106, 184, -1
106, 179, -1
106, 189, -1
106, 201, -1
106, 209, -1
106, 199, -1
106, 200, -1
106, 208, -1
106, 207, -1
106, 185, -1
106, 162, -1
106, 168, -1
129, 43, -1
70, 55, -1
36, 181, -1
50, 180, -1
177, 199, -1
50, 70, -1
50, 189, -1
61, 189, -1
61, 70, -1
200, 106, -1
182, 70, -1
36, 199, -1
65, 180, -1
181, 199, -1
131, 61, -1
131, 180, -1
209, 182, -1
65, 189, -1
200, 179, -1
131, 189, -1
208, 43, -1
208, 162, -1
168, 208, -1
129, 201, -1
49, 181, -1
180, 36, -1
177, 46, -1
208, 180, -1
182, 207, -1
177, 55, -1
184, 61, -1
65, 207, -1
184, 70, -1
184, 189, -1
49, 199, -1
181, 46, -1
168, 180, -1
131, 207, -1
199, 61, -1
181, 55, -1
199, 70, -1
50, 182, -1
61, 182, -1
184, 207, -1
208, 36, -1
0, 181, -1
65, 182, -1
168, 201, -1
131, 182, -1
129, 185, -1
200, 181, -1
201, 61, -1
201, 180, -1
209, 129, -1
0, 199, -1
201, 70, -1
65, 200, -1
0, 208, -1
49, 201, -1
177, 185, -1
184, 200, -1
199, 182, -1
184, 209, -1
209, 49, -1
200, 46, -1
162, 181, -1
200, 55, -1
209, 177, -1
65, 129, -1
162, 199, -1
189, 61, -1
201, 182, -1
209, 131, -1
0, 201, -1
189, 70, -1
177, 50, -1
43, 199, -1
49, 185, -1
184, 65, -1
184, 129, -1
180, 61, -1
209, 106, -1
180, 189, -1
180, 70, -1
129, 61, -1
129, 180, -1
209, 179, -1
0, 185, -1
129, 189, -1
180, 207, -1
65, 131, -1
184, 49, -1
189, 182, -1
177, 43, -1
177, 162, -1
201, 129, -1
50, 207, -1
61, 207, -1
129, 207, -1
199, 49, -1
184, 131, -1
208, 61, -1
208, 70, -1
70, 182, -1
199, 131, -1
36, 70, -1
36, 189, -1
168, 70, -1
168, 189, -1
200, 50, -1
177, 201, -1
129, 182, -1
201, 49, -1
209, 181, -1
177, 36, -1
184, 106, -1
201, 177, -1
168, 207, -1
49, 180, -1
201, 131, -1
49, 70, -1
49, 189, -1
129, 209, -1
65, 209, -1
199, 179, -1
208, 182, -1
36, 182, -1
168, 182, -1
209, 46, -1
200, 43, -1
200, 162, -1
129, 36, -1
209, 55, -1
201, 106, -1
65, 181, -1
0, 180, -1
168, 200, -1
131, 181, -1
182, 199, -1
0, 189, -1
200, 180, -1
201, 179, -1
168, 209, -1
189, 49, -1
49, 182, -1
131, 199, -1
208, 65, -1
182, 46, -1
199, 181, -1
208, 129, -1
208, 184, -1
182, 55, -1
46, 207, -1
200, 36, -1
131, 46, -1
168, 184, -1
180, 131, -1
162, 180, -1
131, 55, -1
168, 129, -1
0, 182, -1
43, 180, -1
184, 46, -1
43, 70, -1
43, 189, -1
201, 181, -1
70, 207, -1
184, 55, -1
208, 49, -1
199, 46, -1
43, 207, -1
199, 55, -1
208, 177, -1
208, 131, -1
177, 61, -1
168, 177, -1
177, 70, -1
177, 189, -1
209, 50, -1
168, 131, -1
201, 46, -1
129, 179, -1
201, 55, -1
181, 70, -1
177, 207, -1
43, 182, -1
181, 189, -1
162, 131, -1
189, 181, -1
36, 207, -1
181, 207, -1
208, 106, -1
208, 179, -1
209, 43, -1
209, 162, -1
131, 50, -1
50, 181, -1
189, 46, -1
61, 181, -1
129, 181, -1
209, 180, -1
0, 177, -1
189, 55, -1
177, 209, -1
50, 199, -1
61, 199, -1
200, 61, -1
0, 70, -1
185, 106, -1
200, 70, -1
65, 199, -1
180, 46, -1
208, 181, -1
65, 208, -1
0, 207, -1
180, 55, -1
209, 36, -1
177, 65, -1
129, 46, -1
168, 181, -1
177, 129, -1
49, 209, -1
184, 199, -1
129, 55, -1
184, 208, -1
201, 50, -1
168, 199, -1
184, 43, -1
184, 162, -1
162, 70, -1
162, 189, -1
208, 46, -1
199, 43, -1
200, 182, -1
208, 55, -1
65, 201, -1
0, 200, -1
177, 49, -1
162, 207, -1
49, 129, -1
0, 209, -1
199, 180, -1
131, 36, -1
65, 70, -1
177, 131, -1
184, 201, -1
201, 43, -1
201, 162, -1
184, 36, -1
162, 182, -1
199, 36, -1
0, 184, -1
65, 185, -1
43, 131, -1
200, 65, -1
200, 184, -1
0, 129, -1
200, 129, -1
177, 106, -1
46, 199, -1
49, 131, -1
184, 185, -1
129, 50, -1
201, 36, -1
168, 185, -1
43, 181, -1
70, 199, -1
200, 49, -1
162, 129, -1
180, 199, -1
209, 61, -1
200, 177, -1
0, 131, -1
209, 70, -1
208, 50, -1
184, 50, -1
129, 199, -1
200, 131, -1
70, 46, -1
129, 162, -1
182, 189, -1
0, 179, -1
180, 201, -1
36, 208, -1
181, 208, -1
49, 208, -1
162, 106, -1
162, 179, -1
36, 201, -1
182, 200, -1
209, 184, -1
131, 209, -1
55, 207, -1
65, 184, -1
46, 180, -1
43, 208, -1
207, 179, -1
182, 49, -1
70, 180, -1
65, 177, -1
177, 208, -1
201, 184, -1
43, 201, -1
50, 106, -1
50, 179, -1
65, 106, -1
162, 185, -1
65, 179, -1
131, 179, -1
180, 200, -1
180, 209, -1
46, 184, -1
46, 129, -1
189, 184, -1
50, 209, -1
181, 36, -1
46, 177, -1
162, 208, -1
180, 49, -1
70, 177, -1
46, 106, -1
129, 177, -1
50, 131, -1
46, 179, -1
162, 201, -1
70, 179, -1
49, 177, -1
168, 106, -1
168, 179, -1
49, 207, -1
177, 200, -1
49, 106, -1
49, 179, -1
181, 200, -1
36, 209, -1
50, 208, -1
61, 208, -1
182, 208, -1
46, 131, -1
131, 208, -1
0, 106, -1
50, 201, -1
182, 36, -1
131, 201, -1
181, 49, -1
50, 185, -1
55, 199, -1
43, 179, -1
46, 181, -1
162, 209, -1
43, 209, -1
46, 208, -1
70, 181, -1
70, 208, -1
180, 208, -1
129, 208, -1
70, 200, -1
49, 200, -1
36, 200, -1
61, 200, -1
129, 200, -1
162, 200, -1
43, 200, -1
46, 200, -1
50, 200, -1
131, 200, -1

186, 189, 1
186, 201, 1
186, 209, 1
186, 199, 1
186, 200, 1
186, 208, 1
186, 207, 1
186, 185, 1
170, 168, 1
128, 70, 1
128, 131, 1
128, 129, 1
128, 106, 1
190, 189, 1
190, 201, 1
190, 209, 1
190, 199, 1
190, 200, 1
190, 208, 1
190, 207, 1
190, 185, 1
190, 186, 1
165, 168, 1
165, 170, 1
189, 207, 1
200, 201, 1
200, 207, 1
208, 190, 1
208, 199, 1
185, 209, 1
129, 131, 1
129, 70, 1
200, 185, 1
131, 70, 1
201, 190, 1
168, 165, 1
201, 199, 1
208, 186, 1
200, 209, 1
185, 190, 1
208, 189, 1
129, 106, 1
185, 199, 1
208, 201, 1
208, 207, 1
170, 165, 1
199, 207, 1
209, 190, 1
201, 186, 1
189, 190, 1
209, 199, 1
200, 190, 1
201, 189, 1
189, 199, 1
200, 199, 1
106, 131, 1
106, 70, 1
208, 185, 1
201, 207, 1
185, 186, 1
168, 170, 1
185, 189, 1
185, 201, 1
208, 200, 1
208, 209, 1
185, 207, 1
209, 186, 1
186, 190, 1
209, 189, 1
200, 186, 1
200, 189, 1
209, 201, 1
209, 207, 1
201, 209, 1
199, 200, 1
189, 200, 1
185, 200, 1
207, 200, 1
207, 190, 1
201, 185, 1
207, 199, 1
207, 189, 1
209, 185, 1
189, 208, 1
200, 208, 1
201, 200, 1
199, 190, 1
201, 208, 1
199, 189, 1
209, 208, 1
199, 208, 1
207, 208, 1
185, 208, 1
209, 200, 1
186, 46, -1
186, 65, -1
186, 49, -1
186, 36, -1
186, 0, -1
186, 50, -1
186, 61, -1
186, 43, -1
186, 55, -1
186, 181, -1
186, 180, -1
186, 177, -1
186, 182, -1
186, 184, -1
186, 179, -1
186, 70, -1
186, 131, -1
186, 129, -1
186, 106, -1
186, 162, -1
186, 168, -1
170, 46, -1
170, 65, -1
170, 49, -1
170, 36, -1
170, 0, -1
170, 50, -1
170, 61, -1
170, 43, -1
170, 55, -1
170, 181, -1
170, 180, -1
170, 177, -1
170, 182, -1
170, 184, -1
170, 179, -1
170, 189, -1
170, 201, -1
170, 209, -1
170, 199, -1
170, 200, -1
170, 208, -1
170, 207, -1
170, 185, -1
170, 186, -1
170, 70, -1
170, 131, -1
170, 129, -1
170, 106, -1
170, 162, -1
128, 46, -1
128, 65, -1
128, 49, -1
128, 36, -1
128, 0, -1
128, 50, -1
128, 61, -1
128, 43, -1
128, 55, -1
128, 181, -1
128, 180, -1
128, 177, -1
128, 182, -1
128, 184, -1
128, 179, -1
128, 189, -1
128, 201, -1
128, 209, -1
128, 199, -1
128, 200, -1
128, 208, -1
128, 207, -1
128, 185, -1
128, 186, -1
128, 162, -1
128, 168, -1
128, 170, -1
190, 46, -1
190, 65, -1
190, 49, -1
190, 36, -1
190, 0, -1
190, 50, -1
190, 61, -1
190, 43, -1
190, 55, -1
190, 181, -1
190, 180, -1
190, 177, -1
190, 182, -1
190, 184, -1
190, 179, -1
190, 70, -1
190, 131, -1
190, 129, -1
190, 106, -1
190, 128, -1
190, 162, -1
190, 168, -1
190, 170, -1
165, 46, -1
165, 65, -1
165, 49, -1
165, 36, -1
165, 0, -1
165, 50, -1
165, 61, -1
165, 43, -1
165, 55, -1
165, 181, -1
165, 180, -1
165, 177, -1
165, 182, -1
165, 184, -1
165, 179, -1
165, 189, -1
165, 201, -1
165, 209, -1
165, 199, -1
165, 200, -1
165, 208, -1
165, 207, -1
165, 185, -1
165, 186, -1
165, 190, -1
165, 70, -1
165, 131, -1
165, 129, -1
165, 106, -1
165, 128, -1
165, 162, -1
129, 43, -1
70, 55, -1
177, 190, -1
177, 199, -1
200, 170, -1
131, 61, -1
208, 43, -1
200, 179, -1
168, 208, -1
185, 50, -1
128, 190, -1
184, 189, -1
181, 165, -1
184, 207, -1
70, 185, -1
131, 182, -1
185, 162, -1
209, 129, -1
131, 200, -1
185, 180, -1
177, 185, -1
200, 165, -1
185, 36, -1
65, 129, -1
43, 190, -1
43, 199, -1
162, 165, -1
70, 189, -1
209, 106, -1
180, 70, -1
131, 168, -1
201, 129, -1
50, 207, -1
61, 207, -1
179, 199, -1
36, 70, -1
65, 106, -1
168, 189, -1
168, 207, -1
184, 170, -1
207, 55, -1
65, 209, -1
70, 184, -1
200, 43, -1
201, 106, -1
131, 181, -1
131, 190, -1
131, 199, -1
131, 46, -1
131, 55, -1
184, 165, -1
43, 189, -1
43, 207, -1
199, 55, -1
168, 49, -1
46, 200, -1
208, 131, -1
185, 129, -1
46, 209, -1
179, 189, -1
179, 207, -1
168, 179, -1
180, 190, -1
200, 168, -1
49, 106, -1
0, 70, -1
65, 190, -1
185, 106, -1
65, 199, -1
0, 106, -1
177, 129, -1
49, 209, -1
0, 200, -1
0, 209, -1
131, 36, -1
106, 190, -1
106, 199, -1
106, 208, -1
65, 185, -1
106, 55, -1
177, 106, -1
49, 186, -1
46, 199, -1
46, 208, -1
0, 186, -1
200, 131, -1
43, 165, -1
50, 70, -1
61, 70, -1
182, 189, -1
162, 131, -1
65, 189, -1
182, 207, -1
46, 185, -1
129, 201, -1
168, 43, -1
65, 207, -1
49, 190, -1
49, 199, -1
179, 165, -1
0, 190, -1
201, 180, -1
0, 199, -1
106, 180, -1
0, 208, -1
106, 189, -1
106, 207, -1
106, 36, -1
46, 189, -1
189, 70, -1
49, 185, -1
209, 170, -1
129, 61, -1
209, 179, -1
0, 185, -1
189, 182, -1
106, 184, -1
208, 61, -1
208, 70, -1
65, 170, -1
129, 182, -1
129, 200, -1
49, 189, -1
129, 209, -1
208, 182, -1
209, 165, -1
201, 170, -1
0, 189, -1
201, 179, -1
106, 179, -1
208, 65, -1
65, 165, -1
129, 168, -1
129, 186, -1
50, 131, -1
70, 207, -1
162, 201, -1
208, 168, -1
208, 177, -1
177, 189, -1
168, 131, -1
201, 165, -1
177, 207, -1
181, 70, -1
106, 165, -1
209, 43, -1
189, 46, -1
129, 181, -1
189, 55, -1
129, 190, -1
49, 170, -1
200, 61, -1
200, 70, -1
185, 170, -1
208, 181, -1
185, 179, -1
131, 208, -1
129, 46, -1
129, 55, -1
0, 170, -1
162, 70, -1
208, 46, -1
200, 182, -1
208, 55, -1
170, 190, -1
49, 129, -1
184, 201, -1
201, 43, -1
49, 165, -1
0, 129, -1
200, 65, -1
162, 200, -1
185, 165, -1
179, 131, -1
162, 209, -1
177, 170, -1
129, 50, -1
180, 199, -1
200, 177, -1
208, 50, -1
129, 162, -1
162, 168, -1
36, 190, -1
181, 190, -1
36, 199, -1
70, 201, -1
181, 199, -1
131, 180, -1
208, 162, -1
131, 189, -1
177, 165, -1
208, 180, -1
131, 207, -1
129, 36, -1
208, 36, -1
168, 201, -1
128, 165, -1
185, 43, -1
200, 181, -1
184, 200, -1
184, 209, -1
200, 46, -1
200, 55, -1
162, 190, -1
131, 184, -1
162, 199, -1
209, 131, -1
180, 189, -1
180, 207, -1
65, 131, -1
184, 168, -1
184, 186, -1
50, 106, -1
70, 182, -1
168, 61, -1
36, 189, -1
168, 70, -1
200, 50, -1
162, 185, -1
201, 131, -1
168, 182, -1
200, 162, -1
168, 200, -1
200, 180, -1
168, 209, -1
70, 168, -1
184, 190, -1
208, 129, -1
46, 207, -1
70, 186, -1
200, 36, -1
168, 65, -1
131, 165, -1
189, 106, -1
43, 70, -1
168, 177, -1
168, 186, -1
208, 106, -1
179, 70, -1
185, 131, -1
49, 207, -1
50, 190, -1
61, 190, -1
50, 199, -1
61, 199, -1
180, 165, -1
0, 207, -1
168, 181, -1
168, 190, -1
168, 199, -1
65, 201, -1
36, 165, -1
168, 46, -1
168, 55, -1
177, 131, -1
200, 129, -1
168, 185, -1
209, 61, -1
209, 70, -1
129, 199, -1
129, 208, -1
46, 201, -1
168, 50, -1
50, 189, -1
61, 189, -1
200, 106, -1
209, 182, -1
65, 70, -1
179, 190, -1
43, 131, -1
168, 162, -1
168, 180, -1
162, 106, -1
129, 185, -1
106, 43, -1
201, 61, -1
168, 36, -1
201, 70, -1
106, 61, -1
49, 201, -1
0, 165, -1
201, 182, -1
0, 201, -1
106, 182, -1
106, 200, -1
129, 180, -1
65, 186, -1
129, 189, -1
129, 207, -1
186, 170, -1
177, 201, -1
209, 181, -1
106, 168, -1
49, 70, -1
185, 61, -1
185, 70, -1
209, 46, -1
209, 55, -1
129, 184, -1
182, 199, -1
46, 186, -1
162, 208, -1
50, 165, -1
61, 165, -1
185, 182, -1
186, 165, -1
168, 129, -1
201, 181, -1
106, 181, -1
208, 49, -1
177, 70, -1
129, 170, -1
209, 50, -1
201, 46, -1
129, 179, -1
201, 55, -1
181, 189, -1
106, 46, -1
70, 200, -1
36, 207, -1
70, 209, -1
181, 207, -1
208, 170, -1
208, 179, -1
168, 106, -1
209, 162, -1
0, 168, -1
189, 165, -1
209, 180, -1
177, 209, -1
209, 36, -1
129, 165, -1
184, 199, -1
184, 208, -1
201, 50, -1
162, 189, -1
208, 165, -1
162, 207, -1
185, 181, -1
177, 186, -1
201, 162, -1
185, 46, -1
185, 55, -1
49, 131, -1
184, 185, -1
201, 36, -1
70, 190, -1
70, 199, -1
200, 49, -1
70, 208, -1
0, 131, -1
70, 46, -1
179, 209, -1
106, 185, -1
106, 209, -1
46, 106, -1
177, 208, -1
36, 208, -1
181, 208, -1
199, 165, -1
131, 201, -1
190, 165, -1
184, 131, -1
208, 128, -1
184, 128, -1
184, 70, -1
207, 181, -1
179, 208, -1
49, 208, -1
168, 128, -1
55, 190, -1
50, 185, -1
55, 199, -1
65, 208, -1
201, 168, -1
180, 209, -1
189, 181, -1
184, 106, -1
46, 129, -1
185, 168, -1
207, 43, -1
207, 46, -1
207, 165, -1
50, 209, -1
207, 180, -1
131, 209, -1
43, 209, -1
207, 61, -1
207, 131, -1
207, 70, -1
106, 201, -1
209, 168, -1
189, 168, -1
207, 36, -1
0, 128, -1
189, 61, -1
200, 128, -1
61, 208, -1
46, 128, -1
50, 208, -1
182, 208, -1
180, 208, -1
46, 131, -1
36, 209, -1
207, 182, -1
43, 208, -1
184, 129, -1
207, 179, -1
199, 181, -1
49, 200, -1
180, 201, -1
50, 201, -1
186, 128, -1
199, 43, -1
43, 201, -1
199, 46, -1
199, 180, -1
199, 61, -1
199, 131, -1
199, 70, -1
36, 201, -1
180, 200, -1
182, 200, -1
199, 36, -1
61, 200, -1
50, 200, -1
43, 200, -1
65, 200, -1
201, 128, -1
170, 128, -1
179, 201, -1
185, 128, -1
199, 179, -1
199, 182, -1
177, 200, -1
36, 200, -1
55, 207, -1
209, 128, -1
181, 200, -1
179, 200, -1

163, 168, 1
163, 170, 1
163, 165, 1
103, 70, 1
103, 131, 1
103, 129, 1
103, 106, 1
103, 128, 1
168, 165, 1
128, 129, 1
128, 106, 1
106, 131, 1
106, 70, 1
128, 70, 1
128, 131, 1
129, 131, 1
129, 70, 1
168, 170, 1
129, 106, 1
131, 70, 1
170, 165, 1
70, 103, 1
106, 103, 1
128, 103, 1
129, 103, 1
131, 103, 1
170, 163, 1
168, 163, 1
163, 46, -1
163, 65, -1
163, 49, -1
163, 36, -1
163, 0, -1
163, 50, -1
163, 61, -1
163, 43, -1
163, 55, -1
163, 181, -1
163, 180, -1
163, 177, -1
163, 182, -1
163, 184, -1
163, 179, -1
163, 189, -1
163, 201, -1
163, 209, -1
163, 199, -1
163, 200, -1
163, 208, -1
163, 207, -1
163, 185, -1
163, 186, -1
163, 190, -1
163, 70, -1
163, 131, -1
163, 129, -1
163, 106, -1
163, 128, -1
163, 162, -1
103, 46, -1
103, 65, -1
103, 49, -1
103, 36, -1
103, 0, -1
103, 50, -1
103, 61, -1
103, 43, -1
103, 55, -1
103, 181, -1
103, 180, -1
103, 177, -1
103, 182, -1
103, 184, -1
103, 179, -1
103, 189, -1
103, 201, -1
103, 209, -1
103, 199, -1
103, 200, -1
103, 208, -1
103, 207, -1
103, 185, -1
103, 186, -1
103, 190, -1
103, 162, -1
103, 168, -1
103, 170, -1
103, 165, -1
103, 163, -1
129, 43, -1
129, 162, -1
43, 165, -1
50, 70, -1
61, 70, -1
200, 106, -1
170, 50, -1
200, 170, -1
131, 61, -1
165, 182, -1
131, 180, -1
65, 70, -1
162, 131, -1
128, 163, -1
131, 189, -1
186, 70, -1
43, 131, -1
128, 181, -1
168, 43, -1
168, 162, -1
177, 165, -1
129, 36, -1
128, 190, -1
184, 70, -1
168, 180, -1
170, 199, -1
181, 165, -1
162, 106, -1
199, 70, -1
179, 165, -1
170, 162, -1
128, 46, -1
168, 201, -1
128, 165, -1
131, 182, -1
106, 43, -1
209, 129, -1
128, 55, -1
168, 36, -1
201, 70, -1
106, 61, -1
106, 180, -1
106, 189, -1
207, 131, -1
55, 70, -1
170, 36, -1
0, 165, -1
200, 165, -1
106, 36, -1
65, 129, -1
0, 128, -1
209, 131, -1
200, 128, -1
189, 70, -1
207, 106, -1
106, 182, -1
184, 129, -1
162, 165, -1
180, 70, -1
209, 106, -1
209, 170, -1
129, 61, -1
129, 180, -1
129, 189, -1
65, 131, -1
184, 168, -1
186, 131, -1
201, 129, -1
129, 207, -1
184, 131, -1
50, 106, -1
208, 70, -1
70, 182, -1
128, 199, -1
168, 61, -1
36, 70, -1
199, 131, -1
65, 106, -1
65, 170, -1
168, 70, -1
168, 189, -1
186, 106, -1
129, 182, -1
128, 43, -1
128, 162, -1
168, 207, -1
165, 190, -1
184, 106, -1
184, 170, -1
170, 61, -1
170, 180, -1
49, 70, -1
201, 131, -1
170, 70, -1
170, 189, -1
199, 106, -1
170, 207, -1
185, 70, -1
128, 201, -1
165, 46, -1
168, 182, -1
209, 165, -1
165, 55, -1
128, 36, -1
201, 106, -1
201, 170, -1
131, 181, -1
168, 209, -1
131, 190, -1
106, 179, -1
170, 182, -1
61, 165, -1
50, 165, -1
128, 185, -1
208, 129, -1
165, 103, -1
65, 165, -1
168, 65, -1
131, 165, -1
131, 46, -1
168, 129, -1
186, 165, -1
131, 55, -1
129, 186, -1
50, 131, -1
106, 163, -1
184, 165, -1
43, 70, -1
128, 50, -1
106, 181, -1
208, 168, -1
168, 49, -1
208, 131, -1
185, 129, -1
168, 177, -1
177, 70, -1
129, 170, -1
168, 186, -1
168, 131, -1
129, 179, -1
201, 165, -1
181, 70, -1
106, 46, -1
106, 165, -1
179, 70, -1
208, 106, -1
170, 186, -1
208, 170, -1
170, 131, -1
165, 199, -1
128, 61, -1
128, 180, -1
168, 106, -1
128, 189, -1
185, 131, -1
129, 163, -1
168, 179, -1
0, 168, -1
128, 207, -1
200, 168, -1
129, 181, -1
189, 165, -1
49, 106, -1
49, 170, -1
170, 106, -1
129, 190, -1
170, 179, -1
0, 70, -1
185, 106, -1
200, 70, -1
185, 170, -1
128, 182, -1
180, 165, -1
163, 103, -1
129, 46, -1
129, 165, -1
168, 181, -1
177, 129, -1
0, 106, -1
0, 170, -1
129, 55, -1
168, 190, -1
128, 209, -1
168, 199, -1
162, 70, -1
170, 181, -1
208, 165, -1
170, 190, -1
36, 165, -1
128, 65, -1
168, 46, -1
49, 129, -1
208, 128, -1
168, 55, -1
131, 36, -1
106, 190, -1
184, 128, -1
177, 131, -1
168, 128, -1
43, 170, -1
49, 165, -1
170, 46, -1
170, 55, -1
128, 49, -1
128, 168, -1
0, 129, -1
185, 165, -1
179, 131, -1
200, 129, -1
106, 55, -1
128, 177, -1
177, 106, -1
168, 103, -1
128, 186, -1
177, 170, -1
49, 131, -1
129, 50, -1
207, 70, -1
168, 185, -1
70, 190, -1
170, 103, -1
165, 70, -1
128, 170, -1
209, 70, -1
0, 131, -1
129, 199, -1
200, 131, -1
128, 179, -1
165, 207, -1
168, 50, -1
70, 46, -1
70, 55, -1
0, 103, -1
209, 103, -1
46, 103, -1
129, 168, -1
189, 103, -1
179, 163, -1
201, 163, -1
49, 163, -1
200, 103, -1
46, 106, -1
131, 168, -1
162, 168, -1
70, 207, -1
185, 163, -1
180, 103, -1
61, 103, -1
131, 207, -1
182, 103, -1
50, 103, -1
162, 103, -1
0, 163, -1
65, 103, -1
43, 103, -1
106, 199, -1
186, 103, -1
209, 163, -1
170, 43, -1
200, 163, -1
184, 103, -1
106, 168, -1
208, 103, -1
46, 129, -1
177, 103, -1
36, 103, -1
190, 103, -1
170, 128, -1
50, 163, -1
181, 103, -1
186, 163, -1
162, 163, -1
43, 163, -1
65, 163, -1
106, 207, -1
131, 163, -1
179, 103, -1
201, 103, -1
70, 199, -1
49, 103, -1
165, 106, -1
184, 163, -1
186, 168, -1
185, 103, -1
208, 163, -1
131, 199, -1
46, 128, -1
177, 163, -1
46, 131, -1
70, 168, -1

104, 70, 1
104, 131, 1
104, 129, 1
104, 106, 1
104, 128, 1
104, 103, 1
84, 70, 1
84, 131, 1
84, 129, 1
84, 106, 1
84, 128, 1
84, 103, 1
84, 104, 1
69, 46, 1
69, 65, 1
69, 49, 1
69, 36, 1
69, 0, 1
69, 50, 1
69, 61, 1
69, 43, 1
69, 55, 1
172, 168, 1
172, 170, 1
172, 165, 1
172, 163, 1
104, 84, 1
0, 36, 1
50, 46, 1
61, 46, 1
106, 84, 1
128, 84, 1
65, 46, 1
43, 46, 1
65, 43, 1
65, 49, 1
50, 61, 1
50, 55, 1
61, 55, 1
43, 55, 1
65, 55, 1
65, 61, 1
129, 131, 1
129, 70, 1
131, 128, 1
129, 128, 1
49, 50, 1
170, 163, 1
131, 70, 1
50, 36, 1
61, 36, 1
70, 103, 1
128, 129, 1
36, 46, 1
168, 165, 1
129, 103, 1
36, 55, 1
43, 36, 1
65, 36, 1
129, 106, 1
131, 103, 1
0, 50, 1
49, 43, 1
170, 165, 1
49, 46, 1
0, 65, 1
49, 55, 1
49, 61, 1
129, 84, 1
61, 43, 1
131, 84, 1
106, 131, 1
106, 70, 1
128, 70, 1
106, 128, 1
128, 131, 1
168, 170, 1
163, 165, 1
0, 43, 1
0, 46, 1
49, 36, 1
65, 50, 1
0, 49, 1
0, 61, 1
0, 55, 1
106, 103, 1
128, 103, 1
46, 55, 1
128, 106, 1
168, 163, 1
50, 43, 1
168, 172, 1
106, 104, 1
128, 104, 1
36, 69, 1
46, 49, 1
129, 104, 1
65, 69, 1
43, 69, 1
43, 49, 1
131, 104, 1
0, 69, 1
36, 61, 1
43, 61, 1
163, 172, 1
170, 172, 1
49, 69, 1
50, 69, 1
61, 69, 1
104, 46, -1
104, 65, -1
104, 49, -1
104, 36, -1
104, 0, -1
104, 50, -1
104, 61, -1
104, 43, -1
104, 55, -1
104, 181, -1
104, 180, -1
104, 177, -1
104, 182, -1
104, 184, -1
104, 179, -1
104, 189, -1
104, 201, -1
104, 209, -1
104, 199, -1
104, 200, -1
104, 208, -1
104, 207, -1
104, 185, -1
104, 186, -1
104, 190, -1
104, 162, -1
104, 168, -1
104, 170, -1
104, 165, -1
104, 163, -1
84, 46, -1
84, 65, -1
84, 49, -1
84, 36, -1
84, 0, -1
84, 50, -1
84, 61, -1
84, 43, -1
84, 55, -1
84, 181, -1
84, 180, -1
84, 177, -1
84, 182, -1
84, 184, -1
84, 179, -1
84, 189, -1
84, 201, -1
84, 209, -1
84, 199, -1
84, 200, -1
84, 208, -1
84, 207, -1
84, 185, -1
84, 186, -1
84, 190, -1
84, 162, -1
84, 168, -1
84, 170, -1
84, 165, -1
84, 163, -1
69, 181, -1
69, 180, -1
69, 177, -1
69, 182, -1
69, 184, -1
69, 179, -1
69, 189, -1
69, 201, -1
69, 209, -1
69, 199, -1
69, 200, -1
69, 208, -1
69, 207, -1
69, 185, -1
69, 186, -1
69, 190, -1
69, 70, -1
69, 131, -1
69, 129, -1
69, 106, -1
69, 128, -1
69, 103, -1
69, 104, -1
69, 84, -1
69, 162, -1
69, 168, -1
69, 170, -1
69, 165, -1
69, 163, -1
172, 46, -1
172, 65, -1
172, 49, -1
172, 36, -1
172, 0, -1
172, 50, -1
172, 61, -1
172, 43, -1
172, 55, -1
172, 69, -1
172, 181, -1
172, 180, -1
172, 177, -1
172, 182, -1
172, 184, -1
172, 179, -1
172, 189, -1
172, 201, -1
172, 209, -1
172, 199, -1
172, 200, -1
172, 208, -1
172, 207, -1
172, 185, -1
172, 186, -1
172, 190, -1
172, 70, -1
172, 131, -1
172, 129, -1
172, 106, -1
172, 128, -1
172, 103, -1
172, 104, -1
172, 84, -1
172, 162, -1
129, 43, -1
70, 55, -1
200, 170, -1
131, 61, -1
128, 163, -1
208, 43, -1
128, 172, -1
185, 50, -1
128, 181, -1
177, 46, -1
128, 190, -1
177, 55, -1
181, 165, -1
170, 43, -1
128, 46, -1
131, 182, -1
180, 84, -1
209, 129, -1
128, 55, -1
131, 200, -1
186, 163, -1
200, 165, -1
36, 84, -1
49, 103, -1
185, 36, -1
65, 129, -1
43, 190, -1
177, 50, -1
43, 199, -1
162, 165, -1
0, 103, -1
180, 70, -1
131, 168, -1
209, 106, -1
184, 49, -1
186, 131, -1
201, 129, -1
70, 36, -1
50, 207, -1
61, 207, -1
36, 70, -1
65, 106, -1
168, 189, -1
128, 162, -1
131, 69, -1
177, 36, -1
168, 207, -1
184, 170, -1
128, 0, -1
65, 209, -1
70, 184, -1
36, 182, -1
131, 163, -1
200, 43, -1
128, 36, -1
131, 172, -1
201, 106, -1
131, 181, -1
131, 190, -1
131, 199, -1
162, 43, -1
49, 84, -1
131, 46, -1
131, 55, -1
43, 180, -1
184, 165, -1
43, 189, -1
208, 104, -1
43, 207, -1
61, 103, -1
0, 84, -1
55, 181, -1
168, 49, -1
185, 129, -1
208, 131, -1
186, 103, -1
170, 131, -1
180, 163, -1
103, 199, -1
168, 179, -1
103, 208, -1
200, 168, -1
49, 106, -1
0, 70, -1
65, 190, -1
185, 106, -1
65, 199, -1
180, 46, -1
106, 69, -1
84, 69, -1
180, 55, -1
0, 106, -1
177, 129, -1
189, 103, -1
184, 43, -1
104, 172, -1
163, 69, -1
208, 0, -1
0, 209, -1
131, 36, -1
106, 190, -1
184, 128, -1
106, 199, -1
106, 208, -1
43, 179, -1
61, 84, -1
65, 185, -1
208, 103, -1
46, 181, -1
163, 199, -1
46, 190, -1
106, 55, -1
177, 106, -1
49, 186, -1
186, 84, -1
46, 199, -1
170, 103, -1
0, 186, -1
200, 131, -1
103, 207, -1
43, 165, -1
50, 70, -1
61, 70, -1
65, 180, -1
162, 131, -1
186, 61, -1
65, 189, -1
186, 70, -1
180, 36, -1
106, 50, -1
49, 181, -1
168, 43, -1
65, 207, -1
49, 190, -1
49, 199, -1
50, 182, -1
61, 182, -1
179, 165, -1
0, 172, -1
0, 181, -1
0, 190, -1
0, 199, -1
106, 180, -1
106, 189, -1
181, 103, -1
106, 207, -1
209, 49, -1
106, 36, -1
200, 0, -1
163, 189, -1
46, 189, -1
189, 70, -1
163, 207, -1
128, 69, -1
170, 84, -1
200, 103, -1
209, 170, -1
129, 61, -1
0, 185, -1
184, 104, -1
106, 184, -1
184, 131, -1
208, 61, -1
162, 103, -1
208, 70, -1
128, 199, -1
128, 208, -1
65, 170, -1
65, 179, -1
129, 182, -1
201, 49, -1
49, 162, -1
129, 200, -1
49, 180, -1
170, 61, -1
49, 189, -1
170, 70, -1
50, 163, -1
61, 163, -1
50, 172, -1
61, 172, -1
0, 162, -1
209, 165, -1
0, 180, -1
201, 170, -1
0, 189, -1
106, 179, -1
170, 182, -1
128, 185, -1
208, 65, -1
165, 103, -1
65, 165, -1
129, 168, -1
186, 46, -1
186, 55, -1
129, 186, -1
50, 131, -1
61, 131, -1
70, 207, -1
128, 50, -1
208, 168, -1
180, 106, -1
168, 104, -1
168, 131, -1
201, 165, -1
129, 69, -1
181, 70, -1
184, 103, -1
106, 165, -1
162, 84, -1
185, 49, -1
170, 186, -1
128, 180, -1
128, 189, -1
129, 163, -1
209, 43, -1
128, 207, -1
129, 172, -1
46, 165, -1
186, 50, -1
129, 181, -1
129, 190, -1
49, 170, -1
49, 179, -1
200, 61, -1
208, 163, -1
170, 69, -1
200, 70, -1
185, 170, -1
131, 208, -1
129, 46, -1
129, 55, -1
0, 170, -1
162, 61, -1
162, 70, -1
208, 46, -1
170, 181, -1
208, 55, -1
170, 190, -1
165, 84, -1
177, 49, -1
128, 184, -1
49, 129, -1
50, 103, -1
186, 36, -1
168, 0, -1
201, 43, -1
49, 165, -1
55, 199, -1
170, 46, -1
170, 55, -1
128, 49, -1
0, 129, -1
200, 65, -1
179, 131, -1
185, 165, -1
168, 103, -1
177, 170, -1
129, 50, -1
165, 70, -1
128, 170, -1
208, 50, -1
128, 179, -1
104, 69, -1
129, 162, -1
36, 181, -1
36, 190, -1
36, 199, -1
170, 50, -1
131, 180, -1
165, 182, -1
131, 189, -1
177, 165, -1
184, 61, -1
131, 207, -1
129, 36, -1
165, 207, -1
184, 70, -1
43, 103, -1
170, 162, -1
200, 163, -1
208, 36, -1
128, 165, -1
168, 201, -1
185, 43, -1
50, 84, -1
162, 163, -1
55, 189, -1
170, 36, -1
179, 103, -1
200, 46, -1
55, 207, -1
200, 55, -1
168, 84, -1
131, 184, -1
0, 128, -1
209, 131, -1
184, 65, -1
162, 46, -1
162, 55, -1
65, 131, -1
184, 168, -1
177, 43, -1
50, 106, -1
70, 182, -1
168, 61, -1
36, 189, -1
186, 106, -1
168, 70, -1
200, 50, -1
128, 43, -1
165, 190, -1
201, 131, -1
43, 84, -1
190, 103, -1
162, 50, -1
165, 46, -1
168, 182, -1
165, 55, -1
163, 131, -1
184, 163, -1
168, 209, -1
70, 168, -1
179, 84, -1
208, 129, -1
46, 207, -1
200, 36, -1
209, 103, -1
131, 165, -1
168, 65, -1
184, 46, -1
43, 70, -1
184, 55, -1
162, 36, -1
182, 103, -1
65, 103, -1
168, 177, -1
168, 186, -1
43, 182, -1
179, 70, -1
208, 106, -1
55, 165, -1
185, 131, -1
0, 104, -1
49, 207, -1
168, 69, -1
201, 103, -1
50, 181, -1
61, 181, -1
50, 190, -1
61, 190, -1
170, 106, -1
50, 199, -1
61, 199, -1
180, 165, -1
0, 207, -1
165, 36, -1
163, 103, -1
168, 181, -1
46, 103, -1
168, 190, -1
168, 199, -1
65, 201, -1
36, 165, -1
184, 0, -1
209, 84, -1
168, 46, -1
208, 128, -1
168, 55, -1
177, 131, -1
184, 36, -1
200, 129, -1
65, 84, -1
43, 163, -1
168, 185, -1
43, 172, -1
43, 181, -1
209, 61, -1
185, 103, -1
209, 70, -1
129, 199, -1
129, 208, -1
168, 50, -1
201, 84, -1
50, 180, -1
61, 180, -1
179, 163, -1
50, 189, -1
61, 189, -1
200, 106, -1
0, 179, -1
65, 70, -1
43, 131, -1
163, 84, -1
168, 162, -1
103, 200, -1
168, 180, -1
170, 199, -1
162, 106, -1
179, 46, -1
179, 55, -1
65, 182, -1
106, 43, -1
201, 61, -1
168, 36, -1
177, 103, -1
201, 70, -1
106, 61, -1
0, 165, -1
163, 61, -1
163, 70, -1
200, 128, -1
46, 70, -1
0, 201, -1
106, 182, -1
184, 129, -1
106, 200, -1
185, 84, -1
65, 177, -1
129, 180, -1
163, 182, -1
65, 186, -1
129, 189, -1
46, 182, -1
129, 207, -1
190, 55, -1
50, 179, -1
61, 179, -1
209, 163, -1
184, 106, -1
106, 168, -1
49, 70, -1
170, 180, -1
170, 189, -1
185, 61, -1
185, 70, -1
179, 36, -1
170, 207, -1
128, 201, -1
65, 163, -1
209, 46, -1
65, 172, -1
209, 55, -1
177, 84, -1
129, 184, -1
65, 181, -1
103, 55, -1
49, 182, -1
50, 165, -1
61, 165, -1
182, 55, -1
129, 49, -1
180, 131, -1
168, 129, -1
186, 165, -1
201, 163, -1
0, 182, -1
106, 163, -1
106, 172, -1
106, 181, -1
208, 49, -1
177, 61, -1
177, 70, -1
129, 170, -1
209, 50, -1
129, 179, -1
201, 46, -1
163, 181, -1
201, 55, -1
163, 190, -1
106, 46, -1
70, 200, -1
36, 207, -1
208, 170, -1
128, 61, -1
165, 199, -1
168, 106, -1
163, 46, -1
163, 55, -1
0, 168, -1
200, 104, -1
0, 177, -1
189, 165, -1
55, 103, -1
170, 179, -1
128, 182, -1
209, 36, -1
65, 162, -1
129, 165, -1
128, 200, -1
186, 43, -1
128, 209, -1
49, 163, -1
201, 50, -1
49, 172, -1
208, 165, -1
185, 163, -1
128, 65, -1
180, 103, -1
0, 163, -1
168, 128, -1
128, 168, -1
185, 46, -1
128, 177, -1
36, 103, -1
185, 55, -1
128, 186, -1
49, 131, -1
201, 36, -1
70, 190, -1
70, 199, -1
200, 49, -1
70, 208, -1
0, 131, -1
184, 50, -1
177, 163, -1
163, 36, -1
70, 46, -1
186, 104, -1
162, 104, -1
186, 168, -1
162, 168, -1
182, 61, -1
55, 84, -1
179, 172, -1
200, 69, -1
46, 84, -1
181, 46, -1
199, 61, -1
181, 55, -1
199, 70, -1
36, 128, -1
163, 50, -1
162, 69, -1
200, 172, -1
49, 128, -1
170, 128, -1
70, 50, -1
49, 201, -1
207, 131, -1
55, 70, -1
163, 43, -1
190, 69, -1
162, 172, -1
209, 104, -1
208, 84, -1
163, 180, -1
103, 49, -1
49, 185, -1
207, 106, -1
179, 69, -1
70, 43, -1
50, 104, -1
50, 168, -1
207, 69, -1
61, 168, -1
70, 61, -1
50, 177, -1
180, 61, -1
65, 104, -1
165, 106, -1
65, 168, -1
131, 49, -1
209, 69, -1
43, 128, -1
43, 201, -1
61, 106, -1
199, 131, -1
182, 69, -1
201, 104, -1
209, 172, -1
185, 104, -1
186, 69, -1
43, 185, -1
46, 129, -1
106, 49, -1
207, 46, -1
50, 209, -1
199, 106, -1
163, 104, -1
199, 69, -1
46, 104, -1
46, 168, -1
186, 172, -1
103, 46, -1
201, 69, -1
184, 172, -1
70, 49, -1
180, 104, -1
163, 106, -1
46, 106, -1
163, 179, -1
201, 172, -1
207, 50, -1
199, 46, -1
36, 104, -1
103, 69, -1
36, 168, -1
200, 84, -1
180, 69, -1
49, 104, -1
49, 168, -1
170, 104, -1
49, 177, -1
179, 61, -1
207, 43, -1
190, 36, -1
36, 106, -1
208, 69, -1
184, 69, -1
36, 179, -1
131, 50, -1
189, 46, -1
189, 55, -1
207, 36, -1
190, 84, -1
199, 50, -1
208, 172, -1
46, 131, -1
36, 163, -1
185, 69, -1
43, 104, -1
49, 209, -1
103, 36, -1
43, 168, -1
207, 84, -1
43, 177, -1
50, 128, -1
61, 128, -1
50, 201, -1
65, 128, -1
199, 43, -1
182, 36, -1
177, 104, -1
185, 172, -1
43, 106, -1
190, 61, -1
70, 69, -1
50, 185, -1
179, 104, -1
199, 36, -1
182, 84, -1
43, 209, -1
207, 61, -1
177, 69, -1
207, 70, -1
184, 84, -1
199, 84, -1
163, 128, -1
103, 61, -1
46, 128, -1
177, 172, -1
179, 128, -1
201, 128, -1
177, 128, -1
180, 128, -1
209, 128, -1
162, 128, -1
185, 128, -1
43, 170, -1
186, 128, -1
163, 49, -1
69, 172, -1

117, 70, 1
117, 131, 1
117, 129, 1
117, 106, 1
117, 128, 1
117, 103, 1
117, 104, 1
117, 84, 1
100, 70, 1
100, 131, 1
100, 129, 1
100, 106, 1
100, 128, 1
100, 103, 1
100, 104, 1
100, 84, 1
100, 117, 1
188, 189, 1
188, 201, 1
188, 209, 1
188, 199, 1
188, 200, 1
188, 208, 1
188, 207, 1
188, 185, 1
188, 186, 1
188, 190, 1
47, 46, 1
47, 65, 1
47, 49, 1
47, 36, 1
47, 0, 1
47, 50, 1
47, 61, 1
47, 43, 1
47, 55, 1
47, 69, 1
106, 84, 1
43, 46, 1
50, 61, 1
65, 43, 1
65, 61, 1
0, 69, 1
131, 70, 1
128, 117, 1
186, 189, 1
50, 36, 1
70, 103, 1
186, 207, 1
129, 100, 1
36, 46, 1
36, 55, 1
65, 36, 1
208, 201, 1
199, 207, 1
49, 46, 1
49, 55, 1
43, 69, 1
129, 84, 1
200, 190, 1
201, 189, 1
104, 128, 1
200, 199, 1
106, 70, 1
84, 70, 1
201, 207, 1
0, 46, 1
0, 55, 1
128, 103, 1
106, 100, 1
209, 186, 1
104, 84, 1
189, 207, 1
65, 49, 1
190, 199, 1
43, 55, 1
129, 70, 1
49, 50, 1
200, 185, 1
69, 46, 1
36, 61, 1
208, 189, 1
0, 50, 1
208, 207, 1
49, 43, 1
70, 84, 1
209, 190, 1
49, 61, 1
201, 186, 1
209, 199, 1
104, 70, 1
106, 131, 1
185, 189, 1
0, 43, 1
208, 200, 1
49, 36, 1
208, 209, 1
128, 100, 1
104, 100, 1
131, 117, 1
185, 207, 1
0, 61, 1
186, 190, 1
186, 199, 1
200, 201, 1
0, 36, 1
128, 84, 1
65, 46, 1
185, 209, 1
43, 61, 1
129, 131, 1
106, 117, 1
84, 117, 1
201, 190, 1
104, 129, 1
208, 186, 1
43, 36, 1
129, 106, 1
131, 103, 1
50, 69, 1
61, 69, 1
65, 69, 1
189, 190, 1
55, 46, 1
189, 199, 1
128, 70, 1
185, 186, 1
129, 117, 1
104, 106, 1
106, 103, 1
84, 103, 1
200, 189, 1
209, 201, 1
200, 207, 1
208, 190, 1
50, 46, 1
61, 46, 1
208, 199, 1
50, 55, 1
61, 55, 1
55, 69, 1
65, 55, 1
104, 117, 1
128, 129, 1
201, 199, 1
129, 103, 1
131, 100, 1
103, 84, 1
200, 209, 1
185, 190, 1
185, 199, 1
0, 65, 1
190, 207, 1
131, 84, 1
128, 131, 1
104, 131, 1
208, 185, 1
185, 201, 1
36, 69, 1
104, 103, 1
65, 50, 1
0, 49, 1
128, 106, 1
209, 189, 1
200, 186, 1
49, 69, 1
209, 207, 1
50, 43, 1
61, 49, 1
201, 209, 1
185, 188, 1
207, 188, 1
129, 104, 1
43, 49, 1
131, 104, 1
207, 200, 1
49, 47, 1
209, 185, 1
209, 188, 1
200, 188, 1
186, 201, 1
36, 49, 1
189, 200, 1
207, 190, 1
69, 55, 1
69, 61, 1
201, 208, 1
0, 47, 1
207, 199, 1
46, 47, 1
84, 104, 1
128, 104, 1
106, 104, 1
186, 188, 1
69, 36, 1
50, 47, 1
61, 47, 1
208, 188, 1
207, 189, 1
209, 208, 1
189, 208, 1
200, 208, 1
43, 47, 1
65, 47, 1
201, 200, 1
46, 55, 1
201, 185, 1
201, 188, 1
186, 208, 1
36, 47, 1
69, 47, 1
186, 185, 1
55, 47, 1
61, 36, 1
199, 190, 1
186, 200, 1
207, 208, 1
186, 209, 1
106, 128, 1
199, 189, 1
55, 61, 1
199, 208, 1
199, 188, 1
190, 208, 1
185, 208, 1
190, 200, 1
185, 200, 1
117, 46, -1
117, 65, -1
117, 49, -1
117, 36, -1
117, 0, -1
117, 50, -1
117, 61, -1
117, 43, -1
117, 55, -1
117, 69, -1
117, 181, -1
117, 180, -1
117, 177, -1
117, 182, -1
117, 184, -1
117, 179, -1
117, 189, -1
117, 201, -1
117, 209, -1
117, 199, -1
117, 200, -1
117, 208, -1
117, 207, -1
117, 185, -1
117, 186, -1
117, 190, -1
117, 162, -1
117, 168, -1
117, 170, -1
117, 165, -1
117, 163, -1
117, 172, -1
100, 46, -1
100, 65, -1
100, 49, -1
100, 36, -1
100, 0, -1
100, 50, -1
100, 61, -1
100, 43, -1
100, 55, -1
100, 69, -1
100, 181, -1
100, 180, -1
100, 177, -1
100, 182, -1
100, 184, -1
100, 179, -1
100, 189, -1
100, 201, -1
100, 209, -1
100, 199, -1
100, 200, -1
100, 208, -1
100, 207, -1
100, 185, -1
100, 186, -1
100, 190, -1
100, 162, -1
100, 168, -1
100, 170, -1
100, 165, -1
100, 163, -1
100, 172, -1
188, 46, -1
188, 65, -1
188, 49, -1
188, 36, -1
188, 0, -1
188, 50, -1
188, 61, -1
188, 43, -1
188, 55, -1
188, 69, -1
188, 181, -1
188, 180, -1
188, 177, -1
188, 182, -1
188, 184, -1
188, 179, -1
188, 70, -1
188, 131, -1
188, 129, -1
188, 106, -1
188, 128, -1
188, 103, -1
188, 104, -1
188, 84, -1
188, 117, -1
188, 100, -1
188, 162, -1
188, 168, -1
188, 170, -1
188, 165, -1
188, 163, -1
188, 172, -1
47, 181, -1
47, 180, -1
47, 177, -1
47, 182, -1
47, 184, -1
47, 179, -1
47, 189, -1
47, 201, -1
47, 209, -1
47, 199, -1
47, 200, -1
47, 208, -1
47, 207, -1
47, 185, -1
47, 186, -1
47, 190, -1
47, 188, -1
47, 70, -1
47, 131, -1
47, 129, -1
47, 106, -1
47, 128, -1
47, 103, -1
47, 104, -1
47, 84, -1
47, 117, -1
47, 100, -1
47, 162, -1
47, 168, -1
47, 170, -1
47, 165, -1
47, 163, -1
47, 172, -1
129, 43, -1
70, 55, -1
177, 190, -1
172, 84, -1
177, 199, -1
200, 170, -1
131, 61, -1
128, 163, -1
208, 43, -1
200, 179, -1
128, 172, -1
49, 117, -1
168, 208, -1
185, 50, -1
128, 181, -1
177, 46, -1
128, 190, -1
177, 55, -1
50, 100, -1
61, 100, -1
184, 189, -1
199, 61, -1
184, 207, -1
170, 43, -1
0, 117, -1
128, 46, -1
131, 182, -1
180, 84, -1
185, 162, -1
209, 129, -1
128, 55, -1
168, 100, -1
185, 180, -1
172, 61, -1
172, 70, -1
104, 201, -1
177, 185, -1
186, 163, -1
55, 70, -1
131, 47, -1
200, 165, -1
36, 84, -1
49, 103, -1
185, 36, -1
65, 129, -1
43, 190, -1
43, 199, -1
177, 50, -1
179, 69, -1
188, 47, -1
199, 47, -1
69, 117, -1
55, 182, -1
207, 69, -1
180, 61, -1
0, 103, -1
70, 189, -1
180, 70, -1
209, 106, -1
184, 49, -1
186, 131, -1
201, 129, -1
70, 36, -1
50, 207, -1
61, 207, -1
179, 199, -1
36, 70, -1
65, 106, -1
168, 189, -1
128, 162, -1
104, 43, -1
131, 69, -1
168, 207, -1
177, 36, -1
104, 61, -1
207, 46, -1
69, 103, -1
207, 55, -1
128, 0, -1
65, 209, -1
36, 182, -1
199, 69, -1
179, 100, -1
200, 43, -1
128, 36, -1
131, 172, -1
201, 106, -1
186, 117, -1
131, 181, -1
131, 190, -1
131, 199, -1
104, 182, -1
172, 69, -1
104, 200, -1
162, 43, -1
49, 84, -1
131, 46, -1
131, 55, -1
104, 47, -1
43, 180, -1
43, 189, -1
104, 65, -1
208, 104, -1
207, 50, -1
199, 46, -1
43, 207, -1
61, 103, -1
0, 84, -1
199, 55, -1
172, 190, -1
55, 181, -1
168, 49, -1
103, 69, -1
172, 199, -1
208, 131, -1
185, 129, -1
186, 103, -1
180, 69, -1
50, 188, -1
172, 46, -1
104, 177, -1
172, 55, -1
104, 186, -1
179, 189, -1
170, 131, -1
179, 207, -1
103, 199, -1
180, 190, -1
49, 106, -1
69, 84, -1
207, 36, -1
0, 70, -1
65, 190, -1
185, 106, -1
70, 165, -1
65, 199, -1
208, 117, -1
180, 46, -1
199, 50, -1
106, 69, -1
84, 69, -1
180, 55, -1
209, 100, -1
0, 106, -1
177, 129, -1
49, 209, -1
189, 103, -1
104, 163, -1
184, 43, -1
104, 172, -1
163, 69, -1
170, 117, -1
104, 181, -1
0, 200, -1
208, 0, -1
163, 36, -1
0, 209, -1
131, 36, -1
106, 190, -1
184, 128, -1
84, 190, -1
106, 199, -1
84, 199, -1
69, 70, -1
104, 46, -1
43, 179, -1
43, 188, -1
61, 84, -1
65, 185, -1
199, 36, -1
208, 103, -1
163, 199, -1
106, 55, -1
84, 55, -1
177, 106, -1
49, 186, -1
46, 190, -1
186, 84, -1
46, 199, -1
100, 188, -1
69, 182, -1
201, 100, -1
172, 36, -1
170, 103, -1
0, 186, -1
200, 131, -1
103, 189, -1
163, 100, -1
103, 207, -1
36, 117, -1
43, 165, -1
50, 70, -1
61, 70, -1
65, 180, -1
162, 131, -1
186, 61, -1
65, 189, -1
186, 70, -1
182, 207, -1
180, 36, -1
129, 201, -1
49, 181, -1
106, 50, -1
168, 43, -1
65, 207, -1
49, 190, -1
189, 84, -1
49, 199, -1
50, 182, -1
61, 182, -1
104, 162, -1
0, 172, -1
0, 181, -1
200, 117, -1
0, 190, -1
201, 180, -1
104, 0, -1
0, 199, -1
106, 180, -1
0, 208, -1
106, 189, -1
84, 189, -1
181, 103, -1
106, 207, -1
84, 207, -1
162, 117, -1
208, 84, -1
209, 49, -1
106, 36, -1
84, 36, -1
163, 189, -1
185, 100, -1
200, 0, -1
189, 70, -1
163, 207, -1
49, 185, -1
128, 69, -1
170, 84, -1
69, 181, -1
200, 103, -1
209, 170, -1
129, 61, -1
209, 179, -1
0, 185, -1
184, 104, -1
189, 182, -1
184, 131, -1
208, 61, -1
162, 103, -1
208, 70, -1
128, 199, -1
128, 208, -1
65, 170, -1
65, 179, -1
129, 182, -1
189, 47, -1
201, 49, -1
49, 162, -1
65, 188, -1
186, 69, -1
177, 100, -1
49, 180, -1
170, 61, -1
49, 189, -1
129, 209, -1
170, 70, -1
50, 163, -1
208, 182, -1
50, 172, -1
129, 47, -1
0, 162, -1
209, 165, -1
186, 172, -1
0, 180, -1
103, 165, -1
201, 170, -1
186, 181, -1
0, 189, -1
201, 179, -1
172, 106, -1
184, 117, -1
106, 179, -1
208, 47, -1
106, 188, -1
128, 185, -1
208, 65, -1
165, 103, -1
65, 165, -1
186, 46, -1
186, 55, -1
129, 186, -1
50, 131, -1
61, 131, -1
70, 207, -1
128, 50, -1
208, 177, -1
168, 104, -1
180, 106, -1
200, 84, -1
43, 100, -1
177, 189, -1
168, 131, -1
201, 165, -1
129, 69, -1
181, 70, -1
177, 207, -1
184, 103, -1
106, 165, -1
84, 165, -1
162, 84, -1
185, 49, -1
128, 180, -1
128, 189, -1
208, 69, -1
129, 163, -1
209, 43, -1
128, 207, -1
129, 172, -1
50, 117, -1
186, 50, -1
61, 117, -1
129, 181, -1
189, 46, -1
129, 190, -1
189, 55, -1
49, 170, -1
49, 179, -1
200, 61, -1
208, 163, -1
170, 69, -1
200, 70, -1
208, 172, -1
185, 170, -1
208, 181, -1
185, 179, -1
168, 117, -1
129, 46, -1
186, 162, -1
129, 55, -1
104, 209, -1
0, 170, -1
186, 180, -1
162, 61, -1
162, 70, -1
208, 46, -1
200, 182, -1
208, 55, -1
170, 190, -1
177, 49, -1
49, 129, -1
50, 103, -1
186, 36, -1
168, 0, -1
184, 201, -1
201, 43, -1
55, 190, -1
49, 165, -1
170, 46, -1
200, 47, -1
170, 55, -1
128, 49, -1
0, 129, -1
200, 65, -1
179, 131, -1
185, 165, -1
168, 103, -1
129, 50, -1
184, 84, -1
43, 117, -1
180, 199, -1
200, 177, -1
165, 70, -1
128, 170, -1
208, 50, -1
128, 179, -1
104, 69, -1
128, 188, -1
129, 162, -1
189, 36, -1
36, 181, -1
36, 190, -1
181, 190, -1
36, 199, -1
170, 50, -1
179, 117, -1
181, 199, -1
131, 180, -1
208, 162, -1
131, 189, -1
200, 69, -1
208, 180, -1
184, 61, -1
131, 207, -1
129, 36, -1
104, 190, -1
184, 70, -1
104, 199, -1
181, 46, -1
43, 103, -1
104, 208, -1
65, 100, -1
200, 163, -1
162, 69, -1
208, 36, -1
200, 172, -1
128, 165, -1
168, 201, -1
185, 43, -1
200, 181, -1
104, 55, -1
50, 84, -1
172, 189, -1
184, 200, -1
55, 189, -1
184, 209, -1
172, 207, -1
179, 103, -1
170, 36, -1
200, 46, -1
200, 55, -1
162, 190, -1
168, 84, -1
0, 128, -1
162, 199, -1
209, 131, -1
104, 185, -1
184, 65, -1
162, 46, -1
162, 55, -1
180, 189, -1
65, 131, -1
104, 50, -1
180, 207, -1
177, 43, -1
184, 186, -1
50, 106, -1
70, 182, -1
168, 61, -1
36, 189, -1
168, 70, -1
186, 106, -1
200, 50, -1
128, 43, -1
209, 117, -1
131, 188, -1
165, 190, -1
104, 180, -1
201, 131, -1
43, 84, -1
104, 189, -1
70, 47, -1
190, 103, -1
104, 207, -1
162, 50, -1
165, 46, -1
200, 162, -1
104, 36, -1
49, 100, -1
65, 117, -1
168, 200, -1
163, 131, -1
200, 180, -1
168, 209, -1
184, 190, -1
179, 84, -1
208, 129, -1
46, 207, -1
0, 100, -1
200, 36, -1
209, 103, -1
131, 165, -1
168, 65, -1
69, 190, -1
69, 199, -1
201, 117, -1
184, 46, -1
43, 70, -1
184, 55, -1
162, 36, -1
182, 103, -1
65, 103, -1
168, 186, -1
163, 117, -1
104, 49, -1
43, 182, -1
179, 61, -1
207, 43, -1
179, 70, -1
208, 106, -1
55, 165, -1
185, 131, -1
0, 104, -1
49, 207, -1
168, 69, -1
201, 103, -1
50, 181, -1
61, 181, -1
50, 190, -1
61, 190, -1
170, 106, -1
104, 170, -1
50, 199, -1
61, 199, -1
190, 84, -1
104, 179, -1
104, 188, -1
100, 47, -1
0, 207, -1
163, 103, -1
46, 103, -1
168, 190, -1
168, 199, -1
207, 47, -1
199, 43, -1
65, 201, -1
36, 165, -1
185, 117, -1
209, 84, -1
168, 46, -1
184, 0, -1
208, 128, -1
168, 55, -1
186, 100, -1
177, 131, -1
69, 189, -1
190, 70, -1
184, 36, -1
104, 165, -1
69, 207, -1
200, 129, -1
65, 84, -1
168, 185, -1
43, 163, -1
190, 182, -1
43, 172, -1
43, 181, -1
209, 61, -1
185, 103, -1
209, 70, -1
103, 61, -1
129, 199, -1
49, 188, -1
168, 50, -1
177, 117, -1
201, 84, -1
190, 47, -1
50, 180, -1
50, 189, -1
61, 189, -1
200, 106, -1
0, 179, -1
65, 70, -1
209, 182, -1
0, 188, -1
179, 190, -1
43, 131, -1
163, 84, -1
170, 199, -1
162, 106, -1
179, 46, -1
209, 47, -1
179, 55, -1
103, 47, -1
129, 185, -1
208, 100, -1
106, 43, -1
65, 182, -1
201, 61, -1
168, 36, -1
177, 103, -1
201, 70, -1
106, 61, -1
84, 61, -1
49, 201, -1
0, 165, -1
170, 100, -1
163, 61, -1
163, 70, -1
200, 128, -1
201, 182, -1
46, 70, -1
0, 201, -1
106, 182, -1
84, 182, -1
184, 129, -1
185, 84, -1
65, 177, -1
129, 180, -1
201, 47, -1
65, 186, -1
129, 189, -1
106, 47, -1
84, 47, -1
209, 69, -1
46, 182, -1
129, 207, -1
69, 165, -1
190, 46, -1
190, 55, -1
50, 179, -1
209, 163, -1
209, 172, -1
186, 170, -1
177, 201, -1
209, 181, -1
186, 179, -1
184, 106, -1
103, 181, -1
49, 70, -1
170, 189, -1
172, 131, -1
185, 61, -1
185, 70, -1
170, 207, -1
179, 36, -1
128, 201, -1
65, 163, -1
209, 46, -1
65, 172, -1
209, 55, -1
177, 84, -1
103, 46, -1
65, 181, -1
182, 199, -1
103, 55, -1
201, 69, -1
207, 103, -1
49, 182, -1
50, 165, -1
61, 165, -1
185, 182, -1
129, 49, -1
200, 100, -1
168, 129, -1
180, 131, -1
186, 165, -1
201, 163, -1
0, 182, -1
201, 172, -1
106, 163, -1
201, 181, -1
106, 172, -1
172, 117, -1
106, 181, -1
84, 181, -1
208, 49, -1
185, 47, -1
55, 117, -1
162, 100, -1
177, 61, -1
177, 70, -1
129, 170, -1
209, 50, -1
129, 179, -1
201, 46, -1
129, 188, -1
181, 189, -1
106, 46, -1
84, 46, -1
201, 55, -1
163, 190, -1
36, 207, -1
181, 207, -1
190, 36, -1
199, 103, -1
208, 170, -1
128, 61, -1
165, 199, -1
208, 179, -1
168, 106, -1
184, 69, -1
180, 117, -1
163, 46, -1
209, 162, -1
163, 55, -1
200, 104, -1
0, 177, -1
209, 180, -1
177, 209, -1
172, 103, -1
128, 182, -1
185, 69, -1
209, 36, -1
128, 200, -1
129, 165, -1
65, 162, -1
186, 43, -1
184, 199, -1
128, 209, -1
103, 36, -1
184, 208, -1
201, 50, -1
207, 84, -1
49, 163, -1
49, 172, -1
162, 189, -1
117, 47, -1
128, 47, -1
208, 165, -1
185, 163, -1
162, 207, -1
185, 172, -1
128, 65, -1
180, 103, -1
185, 181, -1
0, 163, -1
177, 186, -1
168, 128, -1
201, 162, -1
184, 100, -1
186, 182, -1
185, 46, -1
128, 177, -1
36, 103, -1
185, 55, -1
128, 186, -1
49, 131, -1
184, 185, -1
207, 61, -1
177, 69, -1
201, 36, -1
186, 47, -1
70, 181, -1
70, 190, -1
70, 199, -1
199, 84, -1
200, 49, -1
0, 131, -1
165, 189, -1
184, 50, -1
165, 207, -1
70, 46, -1
186, 104, -1
162, 104, -1
182, 61, -1
55, 84, -1
70, 201, -1
182, 189, -1
207, 163, -1
36, 208, -1
181, 208, -1
46, 185, -1
46, 84, -1
103, 200, -1
190, 49, -1
49, 208, -1
181, 55, -1
170, 208, -1
199, 70, -1
70, 185, -1
36, 128, -1
165, 47, -1
162, 188, -1
65, 200, -1
131, 200, -1
207, 49, -1
49, 128, -1
69, 106, -1
131, 209, -1
190, 106, -1
70, 50, -1
180, 209, -1
69, 179, -1
182, 47, -1
207, 131, -1
170, 201, -1
69, 188, -1
190, 69, -1
209, 104, -1
55, 207, -1
106, 49, -1
103, 49, -1
184, 47, -1
186, 129, -1
189, 61, -1
46, 189, -1
207, 106, -1
69, 163, -1
70, 43, -1
43, 208, -1
207, 179, -1
50, 104, -1
69, 172, -1
84, 200, -1
190, 117, -1
106, 200, -1
70, 61, -1
50, 177, -1
106, 209, -1
65, 104, -1
172, 209, -1
46, 100, -1
55, 200, -1
131, 49, -1
186, 49, -1
177, 208, -1
43, 128, -1
172, 47, -1
163, 209, -1
43, 201, -1
207, 172, -1
207, 117, -1
199, 49, -1
61, 106, -1
207, 181, -1
179, 208, -1
61, 179, -1
163, 47, -1
199, 131, -1
182, 69, -1
201, 104, -1
162, 185, -1
43, 185, -1
84, 49, -1
172, 104, -1
185, 104, -1
46, 129, -1
50, 200, -1
61, 200, -1
207, 165, -1
50, 209, -1
103, 190, -1
129, 200, -1
199, 106, -1
184, 188, -1
61, 163, -1
180, 47, -1
163, 104, -1
182, 117, -1
46, 104, -1
165, 55, -1
36, 200, -1
189, 49, -1
209, 128, -1
46, 186, -1
70, 49, -1
162, 208, -1
180, 104, -1
181, 47, -1
168, 47, -1
199, 117, -1
170, 200, -1
182, 55, -1
170, 209, -1
70, 186, -1
46, 106, -1
84, 209, -1
189, 106, -1
163, 188, -1
170, 47, -1
186, 128, -1
69, 208, -1
189, 69, -1
162, 201, -1
36, 104, -1
46, 200, -1
46, 209, -1
69, 128, -1
49, 104, -1
170, 104, -1
189, 117, -1
70, 200, -1
49, 177, -1
189, 181, -1
70, 209, -1
43, 200, -1
36, 106, -1
207, 180, -1
165, 208, -1
36, 179, -1
103, 208, -1
131, 50, -1
168, 188, -1
46, 165, -1
189, 165, -1
207, 100, -1
36, 209, -1
55, 103, -1
50, 208, -1
61, 208, -1
182, 208, -1
170, 188, -1
46, 131, -1
36, 163, -1
177, 47, -1
207, 182, -1
65, 208, -1
131, 208, -1
179, 209, -1
49, 200, -1
43, 104, -1
43, 177, -1
179, 47, -1
50, 128, -1
61, 128, -1
50, 201, -1
65, 128, -1
46, 188, -1
182, 36, -1
177, 104, -1
131, 201, -1
69, 180, -1
43, 106, -1
190, 61, -1
84, 208, -1
70, 69, -1
70, 188, -1
50, 185, -1
55, 199, -1
179, 104, -1
172, 208, -1
106, 208, -1
55, 208, -1
46, 117, -1
182, 84, -1
199, 100, -1
46, 181, -1
162, 200, -1
201, 128, -1
162, 209, -1
163, 208, -1
69, 100, -1
43, 209, -1
46, 208, -1
185, 128, -1
177, 188, -1
207, 70, -1
106, 201, -1
162, 47, -1
69, 200, -1
70, 208, -1
180, 208, -1
179, 188, -1
170, 185, -1
46, 128, -1
129, 208, -1
46, 201, -1
106, 185, -1
199, 181, -1
172, 200, -1
190, 181, -1
61, 180, -1
180, 128, -1
162, 128, -1
179, 200, -1
180, 201, -1
163, 200, -1
165, 200, -1
199, 165, -1
190, 165, -1
199, 180, -1
177, 128, -1
61, 188, -1
36, 201, -1
180, 200, -1
182, 200, -1
179, 128, -1
172, 128, -1
170, 128, -1
179, 201, -1
61, 172, -1
199, 179, -1
199, 182, -1
84, 201, -1
172, 201, -1
177, 200, -1
163, 128, -1
181, 200, -1
163, 201, -1
199, 163, -1
117, 188, -1
199, 172, -1

