69, 0, 1
25, 16, 1
91, 125, 1
93, 120, 1
171, 115, -1
188, 17, -1
64, 74, -1
139, 28, -1
133, 34, -1
184, 139, -1

64, 24, 1
2, 52, 1
30, 180, -1
96, 63, -1
188, 66, -1
136, 17, -1
174, 7, -1
96, 196, -1
89, 152, -1
16, 127, -1

153, 162, 1
115, 72, 1
128, 104, 1
76, 107, 1
118, 210, -1
187, 55, -1
10, 120, -1
38, 192, -1
14, 78, -1
103, 21, -1

120, 145, 1
96, 119, 1
32, 19, 1
16, 27, 1
84, 189, -1
202, 41, -1
143, 147, -1
121, 60, -1
2, 196, -1
160, 207, -1

116, 143, 1
192, 212, 1
197, 22, -1
85, 172, -1
171, 38, -1
153, 185, -1
125, 27, -1
129, 203, -1
94, 18, -1
72, 166, -1

107, 144, 1
27, 60, 1
107, 112, 1
112, 144, 1
112, 107, 1
144, 107, 1
144, 112, 1
122, 207, -1
43, 136, -1
15, 111, -1
209, 58, -1
91, 50, -1
35, 130, -1
74, 20, -1

1, 47, 1
28, 9, 1
206, 188, 1
6, 49, 1
178, 34, -1
147, 121, -1
178, 162, -1
167, 192, -1
95, 19, -1
155, 7, -1

128, 79, 1
68, 31, 1
59, 34, 1
58, 95, -1
28, 155, -1
162, 198, -1
132, 34, -1
64, 82, -1
84, 27, -1
153, 97, -1
59, 132, -1
34, 132, -1

96, 114, 1
157, 158, 1
3, 142, -1
208, 96, -1
25, 90, -1
42, 74, -1
126, 209, -1
112, 4, -1
143, 170, -1
46, 165, -1
208, 114, -1

69, 43, 1
100, 145, 1
14, 35, 1
212, 101, -1
179, 3, -1
166, 148, -1
200, 157, -1
61, 194, -1
83, 61, -1
102, 205, -1

