62, 66, 1
8, 66, 1
8, 62, 1
128, 102, 1
66, 62, 1
166, 66, -1
166, 62, -1
102, 66, -1
102, 62, -1
102, 166, -1
8, 166, -1
8, 102, -1
128, 66, -1
128, 62, -1
128, 8, -1
128, 166, -1
66, 102, -1
62, 128, -1
8, 128, -1
66, 166, -1
62, 102, -1
62, 166, -1
66, 128, -1

24, 66, 1
24, 62, 1
24, 8, 1
51, 66, 1
51, 62, 1
51, 8, 1
51, 24, 1
65, 66, 1
65, 62, 1
65, 8, 1
65, 24, 1
65, 51, 1
66, 62, 1
8, 62, 1
24, 65, 1
66, 51, 1
8, 65, 1
24, 51, 1
8, 51, 1
8, 66, 1
8, 24, 1
24, 166, -1
24, 102, -1
24, 128, -1
51, 166, -1
51, 102, -1
51, 128, -1
189, 66, -1
189, 62, -1
189, 8, -1
189, 24, -1
189, 51, -1
189, 166, -1
189, 102, -1
189, 128, -1
65, 166, -1
65, 102, -1
65, 128, -1
65, 189, -1
148, 66, -1
148, 62, -1
148, 8, -1
148, 24, -1
148, 51, -1
148, 65, -1
148, 166, -1
148, 102, -1
148, 128, -1
148, 189, -1
8, 189, -1
8, 128, -1
62, 102, -1
62, 166, -1
128, 62, -1
66, 148, -1
128, 65, -1
24, 148, -1
66, 102, -1
66, 166, -1
51, 189, -1
8, 148, -1
65, 148, -1
8, 102, -1
8, 166, -1
128, 24, -1
66, 189, -1
66, 128, -1
128, 51, -1
24, 189, -1
51, 148, -1
128, 8, -1
128, 66, -1
102, 66, -1
102, 51, -1

60, 66, 1
60, 62, 1
60, 8, 1
60, 24, 1
60, 51, 1
60, 65, 1
45, 66, 1
45, 62, 1
45, 8, 1
45, 24, 1
45, 51, 1
45, 65, 1
45, 60, 1
70, 102, 1
70, 128, 1
66, 45, 1
66, 51, 1
24, 45, 1
24, 51, 1
51, 62, 1
66, 60, 1
128, 102, 1
24, 60, 1
24, 66, 1
24, 8, 1
8, 45, 1
65, 45, 1
8, 51, 1
65, 51, 1
8, 60, 1
8, 66, 1
65, 60, 1
66, 62, 1
65, 66, 1
24, 62, 1
24, 65, 1
60, 45, 1
51, 45, 1
51, 60, 1
8, 62, 1
8, 65, 1
65, 62, 1
8, 24, 1
128, 70, 1
65, 24, 1
65, 8, 1
102, 70, 1
60, 166, -1
60, 102, -1
60, 128, -1
60, 189, -1
60, 148, -1
45, 166, -1
45, 102, -1
45, 128, -1
45, 189, -1
45, 148, -1
70, 66, -1
70, 62, -1
70, 8, -1
70, 24, -1
70, 51, -1
70, 65, -1
70, 60, -1
70, 45, -1
70, 166, -1
70, 189, -1
70, 148, -1
51, 102, -1
51, 166, -1
148, 62, -1
128, 148, -1
8, 189, -1
8, 128, -1
62, 102, -1
8, 70, -1
62, 166, -1
65, 189, -1
65, 70, -1
128, 166, -1
128, 62, -1
128, 65, -1
66, 148, -1
24, 148, -1
45, 70, -1
66, 102, -1
66, 166, -1
24, 102, -1
102, 189, -1
24, 166, -1
60, 70, -1
51, 70, -1
51, 189, -1
189, 62, -1
8, 148, -1
62, 70, -1
65, 148, -1
62, 189, -1
148, 45, -1
102, 51, -1
102, 45, -1
8, 102, -1
102, 60, -1
62, 128, -1
8, 166, -1
148, 51, -1
128, 189, -1
65, 102, -1
148, 60, -1
128, 24, -1
65, 166, -1
148, 66, -1
66, 70, -1
66, 189, -1
128, 45, -1
128, 51, -1
24, 70, -1
24, 189, -1
102, 148, -1
24, 128, -1
128, 60, -1
51, 148, -1
128, 8, -1
128, 66, -1
102, 166, -1
102, 66, -1
51, 128, -1
65, 128, -1
102, 62, -1
166, 45, -1
66, 128, -1
166, 70, -1
189, 102, -1
166, 60, -1
189, 70, -1
148, 102, -1
148, 70, -1
166, 102, -1

187, 189, 1
146, 148, 1
187, 66, -1
187, 62, -1
187, 8, -1
187, 24, -1
187, 51, -1
187, 65, -1
187, 60, -1
187, 45, -1
187, 166, -1
187, 102, -1
187, 128, -1
187, 70, -1
187, 148, -1
146, 66, -1
146, 62, -1
146, 8, -1
146, 24, -1
146, 51, -1
146, 65, -1
146, 60, -1
146, 45, -1
146, 166, -1
146, 102, -1
146, 128, -1
146, 70, -1
146, 189, -1
146, 187, -1
148, 62, -1
128, 148, -1
8, 189, -1
65, 189, -1
24, 148, -1
45, 189, -1
189, 102, -1
189, 166, -1
60, 189, -1
148, 70, -1
148, 189, -1
51, 189, -1
189, 62, -1
8, 148, -1
65, 148, -1
148, 45, -1
128, 189, -1
148, 60, -1
148, 66, -1
66, 189, -1
24, 189, -1
189, 70, -1
51, 148, -1
148, 102, -1
148, 166, -1
66, 187, -1
65, 146, -1
24, 187, -1
8, 187, -1
128, 187, -1
65, 187, -1
66, 146, -1
24, 146, -1
8, 146, -1
128, 146, -1
66, 148, -1

104, 102, 1
104, 128, 1
104, 70, 1
64, 66, 1
64, 62, 1
64, 8, 1
64, 24, 1
64, 51, 1
64, 65, 1
64, 60, 1
64, 45, 1
36, 66, 1
36, 62, 1
36, 8, 1
36, 24, 1
36, 51, 1
36, 65, 1
36, 60, 1
36, 45, 1
36, 64, 1
48, 66, 1
48, 62, 1
48, 8, 1
48, 24, 1
48, 51, 1
48, 65, 1
48, 60, 1
48, 45, 1
48, 64, 1
48, 36, 1
43, 66, 1
43, 62, 1
43, 8, 1
43, 24, 1
43, 51, 1
43, 65, 1
43, 60, 1
43, 45, 1
43, 64, 1
43, 36, 1
43, 48, 1
50, 66, 1
50, 62, 1
50, 8, 1
50, 24, 1
50, 51, 1
50, 65, 1
50, 60, 1
50, 45, 1
50, 64, 1
50, 36, 1
50, 48, 1
50, 43, 1
45, 62, 1
66, 36, 1
8, 43, 1
24, 36, 1
66, 45, 1
66, 51, 1
65, 43, 1
51, 50, 1
24, 45, 1
60, 62, 1
24, 51, 1
8, 64, 1
51, 62, 1
66, 60, 1
128, 102, 1
65, 64, 1
24, 60, 1
24, 66, 1
8, 24, 1
64, 50, 1
24, 8, 1
8, 36, 1
8, 45, 1
51, 43, 1
65, 36, 1
65, 45, 1
102, 70, 1
8, 51, 1
65, 51, 1
8, 60, 1
8, 66, 1
24, 50, 1
65, 60, 1
51, 64, 1
66, 62, 1
48, 50, 1
65, 66, 1
24, 62, 1
64, 43, 1
24, 65, 1
51, 36, 1
128, 70, 1
60, 45, 1
51, 45, 1
8, 50, 1
66, 43, 1
51, 60, 1
24, 43, 1
65, 50, 1
8, 62, 1
48, 43, 1
51, 66, 1
8, 65, 1
66, 64, 1
64, 36, 1
65, 62, 1
24, 64, 1
62, 60, 1
65, 8, 1
128, 104, 1
43, 50, 1
60, 50, 1
45, 36, 1
65, 24, 1
62, 36, 1
66, 48, 1
60, 36, 1
24, 48, 1
8, 48, 1
65, 48, 1
64, 48, 1
66, 50, 1
36, 50, 1
104, 66, -1
104, 62, -1
104, 8, -1
104, 24, -1
104, 51, -1
104, 65, -1
104, 60, -1
104, 45, -1
104, 166, -1
104, 189, -1
104, 187, -1
104, 148, -1
104, 146, -1
64, 166, -1
64, 102, -1
64, 128, -1
64, 70, -1
64, 104, -1
64, 189, -1
64, 187, -1
64, 148, -1
64, 146, -1
36, 166, -1
36, 102, -1
36, 128, -1
36, 70, -1
36, 104, -1
36, 189, -1
36, 187, -1
36, 148, -1
36, 146, -1
48, 166, -1
48, 102, -1
48, 128, -1
48, 70, -1
48, 104, -1
48, 189, -1
48, 187, -1
48, 148, -1
48, 146, -1
43, 166, -1
43, 102, -1
43, 128, -1
43, 70, -1
43, 104, -1
43, 189, -1
43, 187, -1
43, 148, -1
43, 146, -1
50, 166, -1
50, 102, -1
50, 128, -1
50, 70, -1
50, 104, -1
50, 189, -1
50, 187, -1
50, 148, -1
50, 146, -1
102, 62, -1
8, 128, -1
146, 50, -1
65, 70, -1
65, 189, -1
8, 146, -1
128, 62, -1
189, 102, -1
146, 43, -1
148, 70, -1
51, 128, -1
146, 70, -1
51, 146, -1
104, 64, -1
65, 102, -1
146, 36, -1
65, 166, -1
146, 45, -1
8, 187, -1
128, 48, -1
104, 48, -1
66, 128, -1
189, 70, -1
51, 148, -1
66, 146, -1
187, 36, -1
65, 104, -1
146, 102, -1
8, 189, -1
51, 187, -1
104, 50, -1
66, 148, -1
187, 102, -1
45, 128, -1
45, 146, -1
60, 128, -1
128, 43, -1
104, 43, -1
51, 70, -1
51, 189, -1
66, 187, -1
60, 146, -1
8, 148, -1
70, 166, -1
128, 64, -1
8, 102, -1
8, 166, -1
148, 51, -1
62, 146, -1
128, 146, -1
148, 60, -1
128, 36, -1
104, 36, -1
146, 51, -1
146, 60, -1
66, 70, -1
66, 189, -1
187, 70, -1
24, 128, -1
24, 146, -1
128, 66, -1
102, 166, -1
8, 104, -1
51, 102, -1
45, 187, -1
51, 166, -1
128, 148, -1
148, 62, -1
187, 45, -1
60, 187, -1
8, 70, -1
128, 50, -1
128, 187, -1
45, 70, -1
51, 104, -1
45, 189, -1
66, 102, -1
66, 166, -1
60, 70, -1
60, 189, -1
189, 62, -1
24, 187, -1
62, 70, -1
128, 189, -1
66, 104, -1
146, 48, -1
128, 45, -1
24, 70, -1
24, 189, -1
45, 102, -1
45, 166, -1
128, 8, -1
60, 102, -1
148, 50, -1
60, 166, -1
187, 60, -1
62, 102, -1
62, 166, -1
128, 166, -1
65, 128, -1
146, 62, -1
128, 65, -1
65, 146, -1
148, 43, -1
24, 148, -1
24, 102, -1
24, 166, -1
187, 62, -1
148, 36, -1
65, 148, -1
148, 45, -1
70, 62, -1
128, 24, -1
24, 104, -1
148, 66, -1
65, 187, -1
128, 51, -1
146, 66, -1
128, 60, -1
148, 102, -1
102, 50, -1
189, 36, -1
70, 189, -1
70, 146, -1
70, 36, -1
70, 45, -1
70, 51, -1
102, 43, -1
60, 104, -1
148, 104, -1
70, 60, -1
70, 66, -1
187, 50, -1
146, 104, -1
62, 104, -1
166, 36, -1
102, 36, -1
70, 148, -1
146, 64, -1
166, 45, -1
62, 189, -1
102, 45, -1
70, 50, -1
166, 60, -1
102, 51, -1
62, 128, -1
102, 60, -1
70, 187, -1
102, 66, -1
187, 104, -1
166, 102, -1
70, 43, -1
146, 128, -1
187, 128, -1
189, 60, -1
148, 128, -1
187, 66, -1

159, 148, 1
159, 146, 1
96, 102, 1
96, 128, 1
96, 70, 1
96, 104, 1
186, 189, 1
186, 187, 1
103, 102, 1
103, 128, 1
103, 70, 1
103, 104, 1
103, 96, 1
146, 148, 1
128, 104, 1
104, 103, 1
70, 103, 1
128, 103, 1
96, 103, 1
102, 103, 1
104, 70, 1
104, 128, 1
104, 102, 1
128, 70, 1
187, 189, 1
102, 70, 1
128, 102, 1
148, 159, 1
104, 96, 1
70, 102, 1
128, 96, 1
146, 159, 1
159, 66, -1
159, 62, -1
159, 8, -1
159, 24, -1
159, 51, -1
159, 65, -1
159, 60, -1
159, 45, -1
159, 64, -1
159, 36, -1
159, 48, -1
159, 43, -1
159, 50, -1
159, 166, -1
159, 102, -1
159, 128, -1
159, 70, -1
159, 104, -1
159, 189, -1
159, 187, -1
96, 66, -1
96, 62, -1
96, 8, -1
96, 24, -1
96, 51, -1
96, 65, -1
96, 60, -1
96, 45, -1
96, 64, -1
96, 36, -1
96, 48, -1
96, 43, -1
96, 50, -1
96, 166, -1
96, 189, -1
96, 187, -1
96, 148, -1
96, 146, -1
96, 159, -1
186, 66, -1
186, 62, -1
186, 8, -1
186, 24, -1
186, 51, -1
186, 65, -1
186, 60, -1
186, 45, -1
186, 64, -1
186, 36, -1
186, 48, -1
186, 43, -1
186, 50, -1
186, 166, -1
186, 102, -1
186, 128, -1
186, 70, -1
186, 104, -1
186, 96, -1
186, 148, -1
186, 146, -1
186, 159, -1
103, 66, -1
103, 62, -1
103, 8, -1
103, 24, -1
103, 51, -1
103, 65, -1
103, 60, -1
103, 45, -1
103, 64, -1
103, 36, -1
103, 48, -1
103, 43, -1
103, 50, -1
103, 166, -1
103, 189, -1
103, 187, -1
103, 186, -1
103, 148, -1
103, 146, -1
103, 159, -1
189, 146, -1
66, 103, -1
187, 103, -1
102, 62, -1
159, 96, -1
50, 70, -1
50, 189, -1
96, 186, -1
64, 96, -1
8, 128, -1
65, 70, -1
65, 189, -1
8, 146, -1
146, 187, -1
128, 62, -1
104, 62, -1
43, 103, -1
8, 103, -1
189, 102, -1
187, 50, -1
189, 166, -1
146, 43, -1
48, 102, -1
148, 70, -1
148, 189, -1
45, 103, -1
146, 70, -1
146, 189, -1
166, 103, -1
50, 148, -1
104, 64, -1
60, 103, -1
50, 102, -1
8, 96, -1
64, 128, -1
104, 146, -1
189, 159, -1
65, 102, -1
146, 36, -1
64, 146, -1
146, 45, -1
48, 104, -1
8, 187, -1
62, 103, -1
128, 48, -1
104, 48, -1
51, 148, -1
189, 70, -1
104, 66, -1
66, 146, -1
187, 146, -1
187, 36, -1
104, 148, -1
64, 148, -1
146, 102, -1
146, 166, -1
8, 189, -1
51, 187, -1
104, 50, -1
187, 66, -1
104, 187, -1
66, 148, -1
187, 148, -1
64, 187, -1
24, 96, -1
187, 102, -1
187, 166, -1
36, 70, -1
36, 189, -1
128, 43, -1
104, 43, -1
51, 70, -1
51, 189, -1
104, 189, -1
43, 148, -1
8, 148, -1
70, 166, -1
128, 64, -1
64, 70, -1
8, 102, -1
64, 189, -1
187, 159, -1
148, 60, -1
128, 146, -1
128, 36, -1
104, 36, -1
146, 51, -1
104, 45, -1
146, 60, -1
66, 70, -1
66, 189, -1
43, 187, -1
187, 70, -1
24, 128, -1
104, 8, -1
70, 159, -1
36, 102, -1
128, 66, -1
102, 166, -1
24, 146, -1
8, 104, -1
51, 102, -1
148, 62, -1
128, 148, -1
187, 45, -1
48, 103, -1
24, 103, -1
104, 166, -1
43, 70, -1
8, 70, -1
43, 189, -1
64, 102, -1
128, 50, -1
104, 65, -1
102, 159, -1
128, 187, -1
45, 70, -1
45, 189, -1
65, 103, -1
66, 102, -1
186, 103, -1
48, 96, -1
60, 70, -1
104, 159, -1
60, 189, -1
189, 62, -1
64, 104, -1
24, 187, -1
104, 186, -1
148, 103, -1
128, 189, -1
104, 24, -1
43, 102, -1
146, 103, -1
104, 51, -1
128, 45, -1
24, 70, -1
24, 189, -1
45, 102, -1
48, 128, -1
128, 8, -1
60, 102, -1
48, 146, -1
189, 103, -1
187, 60, -1
50, 146, -1
128, 166, -1
146, 62, -1
128, 65, -1
65, 146, -1
50, 103, -1
48, 148, -1
24, 148, -1
24, 102, -1
187, 62, -1
128, 159, -1
36, 103, -1
148, 36, -1
48, 187, -1
65, 148, -1
128, 186, -1
148, 45, -1
51, 103, -1
70, 62, -1
128, 24, -1
24, 104, -1
159, 103, -1
64, 103, -1
65, 187, -1
128, 51, -1
128, 60, -1
104, 60, -1
48, 70, -1
48, 189, -1
148, 102, -1
148, 166, -1
8, 159, -1
43, 159, -1
65, 159, -1
146, 96, -1
43, 104, -1
65, 104, -1
70, 186, -1
70, 189, -1
70, 43, -1
62, 96, -1
187, 51, -1
50, 128, -1
70, 146, -1
65, 186, -1
8, 186, -1
62, 102, -1
166, 159, -1
43, 128, -1
65, 128, -1
45, 159, -1
70, 36, -1
36, 159, -1
36, 104, -1
70, 45, -1
70, 51, -1
60, 159, -1
66, 96, -1
60, 104, -1
51, 159, -1
187, 96, -1
148, 104, -1
51, 104, -1
70, 60, -1
70, 66, -1
36, 128, -1
148, 128, -1
146, 104, -1
60, 128, -1
62, 159, -1
51, 128, -1
62, 104, -1
66, 187, -1
64, 159, -1
70, 148, -1
50, 96, -1
146, 128, -1
62, 70, -1
64, 186, -1
62, 128, -1
43, 96, -1
65, 96, -1
70, 50, -1
66, 159, -1
187, 43, -1
66, 104, -1
24, 159, -1
70, 187, -1
187, 104, -1
50, 187, -1
48, 159, -1
51, 96, -1
187, 128, -1
24, 186, -1
66, 128, -1
36, 96, -1
166, 102, -1
48, 186, -1
60, 96, -1
148, 96, -1
50, 159, -1
50, 104, -1
102, 36, -1
102, 43, -1
102, 187, -1
102, 148, -1
102, 45, -1
102, 51, -1
166, 70, -1
43, 186, -1
102, 189, -1
102, 60, -1
51, 186, -1

127, 102, 1
127, 128, 1
127, 70, 1
127, 104, 1
127, 96, 1
127, 103, 1
49, 66, 1
49, 62, 1
49, 8, 1
49, 24, 1
49, 51, 1
49, 65, 1
49, 60, 1
49, 45, 1
49, 64, 1
49, 36, 1
49, 48, 1
49, 43, 1
49, 50, 1
61, 66, 1
61, 62, 1
61, 8, 1
61, 24, 1
61, 51, 1
61, 65, 1
61, 60, 1
61, 45, 1
61, 64, 1
61, 36, 1
61, 48, 1
61, 43, 1
61, 50, 1
61, 49, 1
109, 102, 1
109, 128, 1
109, 70, 1
109, 104, 1
109, 96, 1
109, 103, 1
109, 127, 1
96, 104, 1
36, 62, 1
50, 61, 1
65, 43, 1
24, 51, 1
48, 36, 1
51, 62, 1
65, 61, 1
48, 45, 1
66, 60, 1
103, 109, 1
48, 8, 1
24, 8, 1
103, 127, 1
50, 36, 1
70, 103, 1
64, 62, 1
50, 45, 1
65, 36, 1
65, 45, 1
8, 66, 1
103, 102, 1
66, 62, 1
65, 8, 1
43, 60, 1
48, 65, 1
24, 65, 1
104, 128, 1
51, 36, 1
45, 60, 1
8, 50, 1
48, 49, 1
128, 103, 1
43, 62, 1
64, 66, 1
45, 62, 1
8, 43, 1
48, 24, 1
65, 49, 1
8, 61, 1
60, 62, 1
48, 51, 1
24, 60, 1
64, 50, 1
65, 24, 1
8, 36, 1
50, 51, 1
96, 103, 1
8, 45, 1
36, 61, 1
51, 43, 1
70, 127, 1
102, 70, 1
65, 51, 1
51, 61, 1
65, 60, 1
24, 62, 1
49, 61, 1
64, 43, 1
104, 70, 1
36, 45, 1
64, 61, 1
51, 45, 1
66, 43, 1
102, 127, 1
66, 61, 1
104, 109, 1
64, 36, 1
64, 45, 1
104, 127, 1
64, 8, 1
66, 36, 1
8, 49, 1
66, 45, 1
104, 102, 1
43, 61, 1
96, 128, 1
24, 66, 1
48, 60, 1
45, 43, 1
64, 65, 1
45, 61, 1
43, 36, 1
43, 45, 1
60, 61, 1
50, 60, 1
24, 50, 1
45, 36, 1
64, 49, 1
48, 62, 1
128, 70, 1
60, 45, 1
51, 60, 1
50, 62, 1
24, 43, 1
64, 24, 1
8, 65, 1
24, 61, 1
65, 62, 1
128, 109, 1
64, 51, 1
48, 64, 1
64, 60, 1
128, 127, 1
24, 36, 1
66, 51, 1
24, 45, 1
96, 70, 1
128, 102, 1
48, 66, 1
96, 109, 1
8, 51, 1
50, 66, 1
8, 60, 1
96, 127, 1
48, 50, 1
65, 66, 1
102, 103, 1
96, 102, 1
36, 60, 1
24, 49, 1
104, 103, 1
65, 50, 1
8, 62, 1
48, 43, 1
48, 61, 1
103, 70, 1
50, 43, 1
104, 96, 1
43, 49, 1
66, 48, 1
128, 96, 1
8, 64, 1
24, 48, 1
65, 64, 1
8, 24, 1
45, 49, 1
36, 49, 1
70, 109, 1
50, 48, 1
127, 109, 1
51, 49, 1
8, 48, 1
65, 48, 1
43, 51, 1
66, 50, 1
51, 64, 1
43, 66, 1
128, 104, 1
45, 51, 1
70, 102, 1
60, 36, 1
45, 66, 1
36, 66, 1
43, 50, 1
60, 66, 1
51, 66, 1
24, 64, 1
64, 48, 1
62, 60, 1
60, 50, 1
62, 36, 1
51, 50, 1
66, 64, 1
50, 64, 1
102, 109, 1
43, 64, 1
36, 50, 1
127, 66, -1
127, 62, -1
127, 8, -1
127, 24, -1
127, 51, -1
127, 65, -1
127, 60, -1
127, 45, -1
127, 64, -1
127, 36, -1
127, 48, -1
127, 43, -1
127, 50, -1
127, 166, -1
127, 189, -1
127, 187, -1
127, 186, -1
127, 148, -1
127, 146, -1
127, 159, -1
49, 166, -1
49, 102, -1
49, 128, -1
49, 70, -1
49, 104, -1
49, 96, -1
49, 103, -1
49, 127, -1
49, 189, -1
49, 187, -1
49, 186, -1
49, 148, -1
49, 146, -1
49, 159, -1
61, 166, -1
61, 102, -1
61, 128, -1
61, 70, -1
61, 104, -1
61, 96, -1
61, 103, -1
61, 127, -1
61, 189, -1
61, 187, -1
61, 186, -1
61, 148, -1
61, 146, -1
61, 159, -1
177, 66, -1
177, 62, -1
177, 8, -1
177, 24, -1
177, 51, -1
177, 65, -1
177, 60, -1
177, 45, -1
177, 64, -1
177, 36, -1
177, 48, -1
177, 43, -1
177, 50, -1
177, 49, -1
177, 61, -1
177, 166, -1
177, 102, -1
177, 128, -1
177, 70, -1
177, 104, -1
177, 96, -1
177, 103, -1
177, 127, -1
177, 189, -1
177, 187, -1
177, 186, -1
177, 148, -1
177, 146, -1
177, 159, -1
109, 66, -1
109, 62, -1
109, 8, -1
109, 24, -1
109, 51, -1
109, 65, -1
109, 60, -1
109, 45, -1
109, 64, -1
109, 36, -1
109, 48, -1
109, 43, -1
109, 50, -1
109, 49, -1
109, 61, -1
109, 166, -1
109, 189, -1
109, 187, -1
109, 186, -1
109, 148, -1
109, 146, -1
109, 159, -1
109, 177, -1
96, 159, -1
66, 103, -1
96, 49, -1
187, 103, -1
102, 62, -1
159, 96, -1
96, 177, -1
50, 70, -1
50, 189, -1
96, 186, -1
64, 96, -1
8, 128, -1
103, 45, -1
48, 109, -1
146, 50, -1
186, 61, -1
65, 70, -1
65, 189, -1
186, 70, -1
8, 146, -1
128, 62, -1
104, 62, -1
48, 127, -1
96, 24, -1
50, 109, -1
61, 109, -1
43, 103, -1
8, 103, -1
96, 51, -1
189, 102, -1
96, 60, -1
65, 109, -1
50, 127, -1
146, 43, -1
148, 61, -1
48, 102, -1
148, 70, -1
48, 166, -1
103, 166, -1
65, 127, -1
146, 61, -1
45, 103, -1
186, 127, -1
146, 70, -1
166, 103, -1
104, 64, -1
50, 148, -1
159, 128, -1
60, 103, -1
50, 102, -1
8, 96, -1
50, 166, -1
64, 128, -1
104, 146, -1
65, 102, -1
146, 36, -1
65, 166, -1
64, 146, -1
146, 45, -1
48, 159, -1
48, 104, -1
62, 103, -1
8, 187, -1
103, 159, -1
146, 109, -1
128, 48, -1
104, 48, -1
148, 127, -1
48, 177, -1
146, 127, -1
48, 186, -1
189, 70, -1
104, 66, -1
51, 148, -1
50, 159, -1
187, 36, -1
104, 148, -1
65, 159, -1
187, 109, -1
70, 189, -1
64, 148, -1
146, 102, -1
65, 177, -1
8, 189, -1
51, 187, -1
65, 186, -1
104, 50, -1
104, 187, -1
66, 148, -1
64, 187, -1
24, 96, -1
187, 102, -1
96, 48, -1
8, 109, -1
36, 70, -1
36, 189, -1
102, 189, -1
186, 51, -1
8, 127, -1
128, 43, -1
104, 43, -1
51, 70, -1
51, 189, -1
186, 60, -1
66, 187, -1
103, 62, -1
104, 61, -1
177, 109, -1
104, 189, -1
159, 70, -1
8, 148, -1
70, 166, -1
128, 64, -1
36, 109, -1
43, 148, -1
64, 70, -1
8, 102, -1
64, 189, -1
8, 166, -1
36, 127, -1
51, 109, -1
128, 146, -1
148, 60, -1
128, 36, -1
104, 36, -1
146, 51, -1
45, 148, -1
51, 127, -1
104, 45, -1
96, 62, -1
49, 109, -1
186, 62, -1
66, 70, -1
66, 189, -1
146, 60, -1
43, 187, -1
187, 70, -1
187, 61, -1
24, 128, -1
159, 109, -1
104, 8, -1
64, 109, -1
70, 159, -1
36, 102, -1
36, 166, -1
128, 66, -1
102, 166, -1
24, 146, -1
8, 159, -1
64, 127, -1
8, 104, -1
51, 102, -1
45, 187, -1
51, 166, -1
128, 148, -1
148, 62, -1
66, 109, -1
8, 177, -1
48, 103, -1
24, 103, -1
187, 45, -1
159, 102, -1
104, 166, -1
66, 127, -1
96, 64, -1
43, 70, -1
8, 70, -1
43, 189, -1
64, 102, -1
187, 127, -1
128, 50, -1
104, 65, -1
64, 166, -1
96, 146, -1
36, 159, -1
102, 159, -1
128, 187, -1
51, 159, -1
45, 70, -1
65, 103, -1
45, 189, -1
66, 102, -1
48, 96, -1
186, 103, -1
66, 166, -1
43, 109, -1
60, 70, -1
60, 189, -1
104, 159, -1
159, 104, -1
104, 49, -1
96, 66, -1
186, 66, -1
189, 62, -1
64, 159, -1
104, 177, -1
64, 104, -1
24, 187, -1
43, 127, -1
104, 186, -1
96, 148, -1
128, 61, -1
45, 109, -1
64, 177, -1
62, 70, -1
62, 189, -1
64, 186, -1
128, 189, -1
148, 103, -1
45, 127, -1
60, 109, -1
66, 159, -1
104, 24, -1
43, 102, -1
166, 127, -1
96, 50, -1
146, 103, -1
43, 166, -1
60, 127, -1
186, 50, -1
104, 51, -1
96, 187, -1
128, 45, -1
24, 70, -1
24, 189, -1
45, 102, -1
45, 166, -1
48, 128, -1
62, 127, -1
128, 8, -1
60, 102, -1
60, 166, -1
48, 146, -1
96, 43, -1
186, 43, -1
43, 159, -1
96, 61, -1
24, 109, -1
187, 60, -1
96, 189, -1
62, 102, -1
8, 186, -1
62, 166, -1
24, 127, -1
128, 166, -1
146, 62, -1
45, 159, -1
128, 65, -1
65, 146, -1
60, 159, -1
96, 36, -1
50, 103, -1
186, 36, -1
24, 148, -1
48, 148, -1
96, 45, -1
186, 45, -1
186, 109, -1
24, 102, -1
24, 166, -1
96, 8, -1
187, 62, -1
62, 159, -1
128, 159, -1
128, 49, -1
128, 177, -1
36, 103, -1
148, 36, -1
48, 187, -1
128, 186, -1
65, 148, -1
148, 45, -1
148, 109, -1
51, 103, -1
186, 102, -1
70, 62, -1
96, 166, -1
24, 159, -1
24, 104, -1
128, 24, -1
50, 187, -1
96, 65, -1
159, 103, -1
24, 177, -1
64, 103, -1
24, 186, -1
65, 187, -1
128, 51, -1
146, 66, -1
103, 61, -1
128, 60, -1
104, 60, -1
48, 70, -1
48, 189, -1
103, 189, -1
148, 102, -1
186, 104, -1
189, 36, -1
127, 61, -1
70, 146, -1
66, 96, -1
187, 96, -1
70, 66, -1
187, 50, -1
36, 128, -1
51, 128, -1
102, 36, -1
70, 50, -1
43, 96, -1
70, 187, -1
102, 66, -1
66, 128, -1
60, 96, -1
70, 43, -1
50, 104, -1
102, 50, -1
70, 61, -1
50, 177, -1
65, 104, -1
36, 187, -1
62, 96, -1
43, 128, -1
189, 127, -1
70, 36, -1
43, 146, -1
70, 45, -1
102, 43, -1
148, 104, -1
102, 61, -1
45, 128, -1
146, 104, -1
60, 128, -1
166, 36, -1
70, 148, -1
102, 45, -1
62, 128, -1
166, 102, -1
159, 127, -1
70, 49, -1
70, 186, -1
60, 187, -1
186, 64, -1
36, 104, -1
70, 51, -1
166, 61, -1
51, 104, -1
186, 48, -1
51, 177, -1
49, 177, -1
50, 96, -1
166, 45, -1
166, 109, -1
102, 51, -1
65, 96, -1
102, 60, -1
186, 96, -1
66, 104, -1
187, 104, -1
146, 48, -1
66, 177, -1
62, 109, -1
148, 96, -1
148, 50, -1
146, 96, -1
43, 104, -1
189, 103, -1
43, 177, -1
50, 128, -1
43, 186, -1
65, 128, -1
60, 104, -1
70, 60, -1
62, 104, -1
146, 64, -1
166, 60, -1
36, 96, -1
51, 96, -1
148, 128, -1
148, 66, -1
146, 128, -1
187, 128, -1
51, 146, -1
102, 148, -1
102, 187, -1
189, 60, -1
166, 70, -1
186, 128, -1
187, 66, -1
51, 186, -1

18, 66, 1
18, 62, 1
18, 8, 1
18, 24, 1
18, 51, 1
18, 65, 1
18, 60, 1
18, 45, 1
18, 64, 1
18, 36, 1
18, 48, 1
18, 43, 1
18, 50, 1
18, 49, 1
18, 61, 1
67, 66, 1
67, 62, 1
67, 8, 1
67, 24, 1
67, 51, 1
67, 65, 1
67, 60, 1
67, 45, 1
67, 64, 1
67, 36, 1
67, 48, 1
67, 43, 1
67, 50, 1
67, 49, 1
67, 61, 1
67, 18, 1
161, 148, 1
161, 146, 1
161, 159, 1
47, 66, 1
47, 62, 1
47, 8, 1
47, 24, 1
47, 51, 1
47, 65, 1
47, 60, 1
47, 45, 1
47, 64, 1
47, 36, 1
47, 48, 1
47, 43, 1
47, 50, 1
47, 49, 1
47, 61, 1
47, 18, 1
47, 67, 1
168, 166, 1
131, 102, 1
131, 128, 1
131, 70, 1
131, 104, 1
131, 96, 1
131, 103, 1
131, 127, 1
131, 109, 1
170, 166, 1
170, 168, 1
69, 66, 1
69, 62, 1
69, 8, 1
69, 24, 1
69, 51, 1
69, 65, 1
69, 60, 1
69, 45, 1
69, 64, 1
69, 36, 1
69, 48, 1
69, 43, 1
69, 50, 1
69, 49, 1
69, 61, 1
69, 18, 1
69, 67, 1
69, 47, 1
146, 148, 1
64, 69, 1
96, 104, 1
36, 62, 1
50, 61, 1
65, 43, 1
24, 51, 1
48, 36, 1
51, 62, 1
65, 61, 1
48, 45, 1
66, 60, 1
8, 18, 1
66, 69, 1
43, 67, 1
49, 62, 1
24, 8, 1
48, 8, 1
103, 127, 1
148, 159, 1
50, 36, 1
61, 36, 1
70, 103, 1
64, 62, 1
50, 45, 1
65, 36, 1
45, 67, 1
65, 45, 1
8, 66, 1
48, 47, 1
66, 62, 1
43, 60, 1
51, 18, 1
43, 69, 1
48, 65, 1
24, 65, 1
51, 36, 1
104, 128, 1
49, 18, 1
18, 67, 1
50, 47, 1
61, 47, 1
45, 60, 1
64, 18, 1
8, 50, 1
45, 69, 1
65, 47, 1
60, 69, 1
48, 49, 1
51, 66, 1
128, 103, 1
43, 62, 1
24, 67, 1
49, 66, 1
67, 47, 1
18, 69, 1
64, 66, 1
45, 62, 1
8, 43, 1
48, 24, 1
51, 50, 1
65, 49, 1
8, 61, 1
60, 62, 1
48, 51, 1
65, 67, 1
49, 50, 1
24, 60, 1
43, 18, 1
24, 69, 1
64, 50, 1
8, 36, 1
50, 51, 1
96, 103, 1
8, 45, 1
36, 61, 1
51, 43, 1
70, 127, 1
65, 51, 1
146, 159, 1
66, 50, 1
102, 70, 1
51, 61, 1
65, 60, 1
49, 43, 1
43, 66, 1
109, 103, 1
24, 62, 1
49, 61, 1
64, 43, 1
104, 70, 1
36, 45, 1
64, 61, 1
8, 47, 1
51, 45, 1
66, 43, 1
102, 127, 1
49, 36, 1
43, 50, 1
49, 45, 1
66, 61, 1
104, 109, 1
64, 36, 1
64, 45, 1
104, 127, 1
24, 18, 1
48, 67, 1
36, 47, 1
64, 8, 1
66, 36, 1
8, 49, 1
51, 47, 1
66, 45, 1
50, 67, 1
49, 47, 1
43, 61, 1
104, 102, 1
61, 67, 1
96, 128, 1
24, 66, 1
64, 47, 1
48, 60, 1
45, 43, 1
48, 69, 1
64, 65, 1
45, 61, 1
43, 36, 1
66, 47, 1
60, 61, 1
43, 45, 1
50, 60, 1
61, 60, 1
51, 67, 1
24, 50, 1
50, 69, 1
61, 69, 1
45, 36, 1
65, 69, 1
64, 49, 1
48, 62, 1
128, 70, 1
60, 45, 1
168, 170, 1
67, 69, 1
43, 47, 1
51, 60, 1
50, 62, 1
61, 62, 1
64, 24, 1
24, 43, 1
8, 65, 1
24, 61, 1
65, 62, 1
128, 109, 1
64, 51, 1
45, 47, 1
48, 64, 1
64, 60, 1
128, 127, 1
48, 18, 1
60, 47, 1
24, 36, 1
66, 51, 1
24, 45, 1
8, 67, 1
18, 47, 1
96, 70, 1
62, 47, 1
128, 102, 1
65, 18, 1
48, 66, 1
109, 70, 1
96, 109, 1
43, 51, 1
8, 51, 1
24, 47, 1
50, 66, 1
8, 60, 1
96, 127, 1
8, 69, 1
48, 50, 1
65, 66, 1
102, 103, 1
49, 67, 1
109, 127, 1
64, 67, 1
96, 102, 1
36, 60, 1
36, 69, 1
24, 49, 1
65, 50, 1
104, 103, 1
8, 62, 1
48, 43, 1
51, 69, 1
49, 51, 1
66, 67, 1
109, 102, 1
48, 61, 1
49, 60, 1
49, 69, 1
50, 43, 1
61, 49, 1
43, 49, 1
104, 96, 1
66, 48, 1
70, 131, 1
127, 70, 1
8, 64, 1
24, 48, 1
50, 18, 1
96, 131, 1
65, 64, 1
8, 24, 1
45, 49, 1
36, 49, 1
65, 24, 1
70, 109, 1
127, 103, 1
61, 45, 1
61, 51, 1
50, 48, 1
127, 109, 1
51, 49, 1
8, 48, 1
65, 48, 1
61, 66, 1
51, 64, 1
128, 104, 1
49, 64, 1
45, 51, 1
70, 102, 1
60, 36, 1
128, 131, 1
104, 131, 1
127, 102, 1
49, 24, 1
45, 66, 1
36, 66, 1
60, 66, 1
49, 48, 1
24, 64, 1
66, 18, 1
64, 48, 1
62, 60, 1
61, 43, 1
65, 8, 1
60, 50, 1
62, 36, 1
66, 64, 1
50, 64, 1
128, 96, 1
102, 131, 1
102, 109, 1
43, 64, 1
103, 109, 1
103, 70, 1
49, 8, 1
103, 102, 1
36, 50, 1
18, 166, -1
18, 102, -1
18, 128, -1
18, 70, -1
18, 104, -1
18, 96, -1
18, 103, -1
18, 127, -1
18, 109, -1
18, 189, -1
18, 187, -1
18, 186, -1
18, 148, -1
18, 146, -1
18, 159, -1
18, 177, -1
67, 166, -1
67, 102, -1
67, 128, -1
67, 70, -1
67, 104, -1
67, 96, -1
67, 103, -1
67, 127, -1
67, 109, -1
67, 189, -1
67, 187, -1
67, 186, -1
67, 148, -1
67, 146, -1
67, 159, -1
67, 177, -1
161, 66, -1
161, 62, -1
161, 8, -1
161, 24, -1
161, 51, -1
161, 65, -1
161, 60, -1
161, 45, -1
161, 64, -1
161, 36, -1
161, 48, -1
161, 43, -1
161, 50, -1
161, 49, -1
161, 61, -1
161, 18, -1
161, 67, -1
161, 166, -1
161, 102, -1
161, 128, -1
161, 70, -1
161, 104, -1
161, 96, -1
161, 103, -1
161, 127, -1
161, 109, -1
161, 189, -1
161, 187, -1
161, 186, -1
161, 177, -1
47, 166, -1
47, 102, -1
47, 128, -1
47, 70, -1
47, 104, -1
47, 96, -1
47, 103, -1
47, 127, -1
47, 109, -1
47, 189, -1
47, 187, -1
47, 186, -1
47, 148, -1
47, 146, -1
47, 159, -1
47, 161, -1
47, 177, -1
168, 66, -1
168, 62, -1
168, 8, -1
168, 24, -1
168, 51, -1
168, 65, -1
168, 60, -1
168, 45, -1
168, 64, -1
168, 36, -1
168, 48, -1
168, 43, -1
168, 50, -1
168, 49, -1
168, 61, -1
168, 18, -1
168, 67, -1
168, 47, -1
168, 102, -1
168, 128, -1
168, 70, -1
168, 104, -1
168, 96, -1
168, 103, -1
168, 127, -1
168, 109, -1
168, 189, -1
168, 187, -1
168, 186, -1
168, 148, -1
168, 146, -1
168, 159, -1
168, 161, -1
168, 177, -1
131, 66, -1
131, 62, -1
131, 8, -1
131, 24, -1
131, 51, -1
131, 65, -1
131, 60, -1
131, 45, -1
131, 64, -1
131, 36, -1
131, 48, -1
131, 43, -1
131, 50, -1
131, 49, -1
131, 61, -1
131, 18, -1
131, 67, -1
131, 47, -1
131, 166, -1
131, 168, -1
131, 189, -1
131, 187, -1
131, 186, -1
131, 148, -1
131, 146, -1
131, 159, -1
131, 161, -1
131, 177, -1
170, 66, -1
170, 62, -1
170, 8, -1
170, 24, -1
170, 51, -1
170, 65, -1
170, 60, -1
170, 45, -1
170, 64, -1
170, 36, -1
170, 48, -1
170, 43, -1
170, 50, -1
170, 49, -1
170, 61, -1
170, 18, -1
170, 67, -1
170, 47, -1
170, 102, -1
170, 128, -1
170, 70, -1
170, 104, -1
170, 96, -1
170, 103, -1
170, 127, -1
170, 109, -1
170, 131, -1
170, 189, -1
170, 187, -1
170, 186, -1
170, 148, -1
170, 146, -1
170, 159, -1
170, 161, -1
170, 177, -1
69, 166, -1
69, 168, -1
69, 170, -1
69, 102, -1
69, 128, -1
69, 70, -1
69, 104, -1
69, 96, -1
69, 103, -1
69, 127, -1
69, 109, -1
69, 131, -1
69, 189, -1
69, 187, -1
69, 186, -1
69, 148, -1
69, 146, -1
69, 159, -1
69, 161, -1
69, 177, -1
66, 103, -1
186, 159, -1
186, 168, -1
146, 50, -1
109, 159, -1
104, 62, -1
186, 24, -1
127, 45, -1
50, 109, -1
61, 109, -1
8, 103, -1
50, 127, -1
61, 127, -1
159, 43, -1
48, 166, -1
186, 127, -1
109, 51, -1
146, 189, -1
64, 128, -1
189, 159, -1
65, 102, -1
146, 36, -1
64, 146, -1
146, 45, -1
148, 127, -1
49, 103, -1
104, 48, -1
104, 66, -1
177, 50, -1
36, 187, -1
48, 161, -1
146, 166, -1
48, 170, -1
161, 47, -1
189, 127, -1
104, 187, -1
24, 96, -1
36, 70, -1
177, 18, -1
45, 146, -1
146, 49, -1
104, 43, -1
51, 189, -1
131, 69, -1
66, 187, -1
177, 36, -1
146, 67, -1
177, 45, -1
104, 61, -1
70, 166, -1
159, 24, -1
8, 102, -1
128, 18, -1
128, 36, -1
96, 62, -1
177, 148, -1
66, 70, -1
177, 166, -1
64, 109, -1
159, 127, -1
161, 69, -1
64, 127, -1
51, 166, -1
128, 148, -1
187, 45, -1
49, 102, -1
104, 47, -1
8, 70, -1
43, 189, -1
104, 65, -1
36, 159, -1
61, 103, -1
103, 69, -1
109, 18, -1
186, 103, -1
104, 159, -1
96, 66, -1
104, 168, -1
104, 177, -1
64, 104, -1
104, 186, -1
45, 109, -1
62, 189, -1
148, 103, -1
64, 131, -1
45, 127, -1
66, 159, -1
104, 24, -1
51, 170, -1
43, 166, -1
104, 51, -1
96, 187, -1
24, 189, -1
48, 128, -1
128, 8, -1
60, 102, -1
48, 146, -1
96, 43, -1
189, 103, -1
96, 61, -1
8, 186, -1
62, 166, -1
24, 148, -1
43, 170, -1
24, 166, -1
187, 62, -1
49, 186, -1
186, 102, -1
96, 47, -1
50, 187, -1
61, 187, -1
96, 65, -1
159, 103, -1
64, 103, -1
66, 131, -1
148, 102, -1
96, 159, -1
96, 168, -1
24, 161, -1
102, 62, -1
96, 177, -1
50, 70, -1
24, 170, -1
61, 70, -1
96, 186, -1
103, 45, -1
48, 109, -1
186, 61, -1
65, 189, -1
186, 70, -1
48, 127, -1
96, 24, -1
96, 51, -1
189, 102, -1
96, 60, -1
148, 61, -1
148, 70, -1
45, 103, -1
51, 146, -1
104, 18, -1
65, 166, -1
48, 104, -1
146, 109, -1
186, 65, -1
146, 127, -1
189, 70, -1
159, 66, -1
50, 159, -1
61, 159, -1
128, 69, -1
104, 148, -1
148, 47, -1
8, 189, -1
66, 148, -1
43, 146, -1
64, 187, -1
65, 161, -1
65, 170, -1
186, 51, -1
189, 47, -1
186, 60, -1
186, 69, -1
103, 62, -1
146, 131, -1
159, 61, -1
177, 109, -1
49, 189, -1
8, 148, -1
128, 64, -1
109, 60, -1
64, 70, -1
187, 159, -1
8, 166, -1
109, 69, -1
62, 146, -1
51, 109, -1
148, 60, -1
148, 69, -1
51, 127, -1
24, 128, -1
104, 8, -1
36, 102, -1
24, 146, -1
102, 47, -1
45, 187, -1
49, 148, -1
48, 103, -1
49, 166, -1
50, 131, -1
186, 64, -1
159, 47, -1
61, 131, -1
187, 127, -1
96, 18, -1
128, 50, -1
159, 65, -1
102, 159, -1
8, 161, -1
45, 70, -1
8, 170, -1
66, 102, -1
43, 109, -1
168, 131, -1
60, 189, -1
51, 131, -1
43, 127, -1
64, 159, -1
64, 168, -1
96, 148, -1
64, 177, -1
64, 186, -1
128, 189, -1
146, 103, -1
186, 50, -1
127, 62, -1
49, 170, -1
159, 51, -1
128, 45, -1
159, 60, -1
170, 69, -1
109, 50, -1
159, 69, -1
62, 127, -1
60, 166, -1
24, 109, -1
24, 127, -1
128, 166, -1
45, 159, -1
146, 62, -1
186, 18, -1
65, 146, -1
177, 49, -1
50, 103, -1
186, 36, -1
109, 189, -1
177, 67, -1
186, 45, -1
96, 8, -1
109, 36, -1
128, 49, -1
61, 148, -1
109, 45, -1
148, 36, -1
48, 187, -1
128, 67, -1
177, 170, -1
148, 45, -1
186, 148, -1
51, 103, -1
70, 62, -1
186, 166, -1
24, 104, -1
128, 161, -1
128, 170, -1
146, 66, -1
109, 166, -1
104, 60, -1
48, 70, -1
104, 69, -1
148, 166, -1
177, 62, -1
166, 62, -1
187, 103, -1
127, 61, -1
8, 128, -1
8, 146, -1
146, 187, -1
128, 62, -1
43, 103, -1
45, 131, -1
189, 166, -1
65, 109, -1
146, 43, -1
65, 127, -1
146, 61, -1
186, 8, -1
146, 70, -1
104, 64, -1
50, 102, -1
61, 102, -1
18, 131, -1
159, 18, -1
49, 146, -1
8, 96, -1
127, 47, -1
159, 36, -1
48, 159, -1
62, 103, -1
48, 168, -1
128, 48, -1
48, 177, -1
48, 186, -1
127, 159, -1
64, 148, -1
146, 47, -1
51, 187, -1
65, 131, -1
104, 50, -1
177, 43, -1
187, 102, -1
8, 109, -1
127, 60, -1
36, 189, -1
8, 127, -1
128, 43, -1
51, 70, -1
166, 146, -1
146, 177, -1
96, 69, -1
60, 146, -1
104, 189, -1
70, 47, -1
128, 146, -1
104, 36, -1
146, 51, -1
45, 148, -1
104, 45, -1
49, 109, -1
146, 60, -1
187, 61, -1
66, 189, -1
43, 187, -1
187, 70, -1
161, 170, -1
49, 127, -1
70, 159, -1
159, 8, -1
36, 166, -1
48, 131, -1
8, 104, -1
96, 64, -1
104, 166, -1
43, 70, -1
166, 159, -1
64, 102, -1
177, 159, -1
51, 159, -1
65, 103, -1
66, 166, -1
67, 131, -1
187, 47, -1
51, 186, -1
104, 49, -1
24, 187, -1
62, 70, -1
60, 109, -1
166, 127, -1
177, 127, -1
168, 69, -1
96, 50, -1
60, 127, -1
104, 161, -1
104, 170, -1
24, 70, -1
45, 102, -1
43, 159, -1
187, 60, -1
43, 186, -1
96, 189, -1
187, 69, -1
127, 36, -1
96, 36, -1
48, 148, -1
96, 45, -1
186, 109, -1
62, 159, -1
146, 18, -1
148, 109, -1
96, 166, -1
24, 159, -1
24, 168, -1
24, 177, -1
24, 186, -1
65, 187, -1
103, 61, -1
96, 49, -1
50, 189, -1
61, 189, -1
96, 67, -1
64, 96, -1
65, 70, -1
43, 131, -1
96, 161, -1
96, 170, -1
48, 102, -1
148, 189, -1
36, 146, -1
103, 47, -1
166, 103, -1
177, 103, -1
50, 148, -1
159, 64, -1
60, 103, -1
50, 166, -1
61, 166, -1
104, 146, -1
103, 159, -1
8, 187, -1
51, 148, -1
24, 131, -1
66, 146, -1
187, 36, -1
65, 159, -1
146, 102, -1
186, 49, -1
65, 177, -1
65, 186, -1
186, 67, -1
159, 50, -1
103, 60, -1
49, 187, -1
187, 148, -1
96, 48, -1
148, 49, -1
109, 67, -1
187, 166, -1
49, 70, -1
43, 148, -1
36, 109, -1
161, 131, -1
64, 189, -1
177, 66, -1
36, 127, -1
186, 62, -1
159, 45, -1
166, 102, -1
177, 102, -1
128, 66, -1
102, 166, -1
109, 62, -1
8, 159, -1
51, 102, -1
8, 168, -1
148, 62, -1
8, 177, -1
66, 109, -1
24, 103, -1
60, 187, -1
66, 127, -1
64, 166, -1
96, 146, -1
128, 187, -1
177, 61, -1
45, 189, -1
166, 70, -1
177, 70, -1
48, 96, -1
186, 48, -1
49, 159, -1
60, 70, -1
127, 69, -1
186, 66, -1
159, 49, -1
189, 62, -1
159, 67, -1
128, 61, -1
109, 66, -1
43, 102, -1
64, 161, -1
64, 170, -1
45, 166, -1
146, 69, -1
166, 47, -1
177, 47, -1
109, 187, -1
186, 43, -1
103, 36, -1
62, 102, -1
8, 131, -1
50, 146, -1
61, 146, -1
159, 62, -1
128, 47, -1
109, 43, -1
128, 65, -1
109, 61, -1
60, 159, -1
186, 146, -1
24, 102, -1
128, 159, -1
128, 168, -1
36, 103, -1
128, 177, -1
177, 51, -1
65, 148, -1
49, 131, -1
104, 67, -1
128, 186, -1
177, 60, -1
177, 69, -1
186, 47, -1
128, 24, -1
159, 48, -1
18, 170, -1
128, 51, -1
109, 47, -1
128, 60, -1
48, 189, -1
186, 104, -1
189, 36, -1
159, 96, -1
70, 18, -1
127, 189, -1
70, 146, -1
109, 168, -1
66, 96, -1
177, 64, -1
187, 96, -1
70, 66, -1
187, 50, -1
36, 128, -1
102, 18, -1
51, 128, -1
102, 36, -1
177, 48, -1
49, 128, -1
159, 128, -1
70, 50, -1
43, 96, -1
62, 131, -1
127, 166, -1
70, 187, -1
102, 66, -1
66, 128, -1
177, 96, -1
60, 96, -1
70, 43, -1
50, 104, -1
50, 168, -1
61, 168, -1
102, 50, -1
70, 61, -1
50, 177, -1
65, 104, -1
70, 189, -1
187, 109, -1
65, 168, -1
62, 96, -1
49, 96, -1
43, 128, -1
187, 66, -1
186, 131, -1
70, 36, -1
67, 168, -1
70, 45, -1
102, 43, -1
50, 161, -1
148, 104, -1
45, 128, -1
102, 61, -1
102, 189, -1
146, 104, -1
60, 128, -1
177, 146, -1
166, 36, -1
70, 148, -1
67, 161, -1
67, 170, -1
159, 70, -1
102, 45, -1
62, 128, -1
159, 109, -1
70, 49, -1
70, 168, -1
70, 186, -1
159, 102, -1
36, 104, -1
70, 51, -1
70, 170, -1
36, 168, -1
102, 168, -1
166, 61, -1
51, 104, -1
102, 67, -1
51, 168, -1
51, 177, -1
177, 24, -1
49, 104, -1
49, 168, -1
159, 104, -1
49, 177, -1
50, 96, -1
159, 131, -1
166, 45, -1
166, 109, -1
102, 51, -1
65, 96, -1
102, 60, -1
51, 161, -1
186, 96, -1
66, 104, -1
66, 168, -1
187, 104, -1
146, 48, -1
49, 161, -1
66, 177, -1
187, 131, -1
62, 109, -1
148, 96, -1
148, 50, -1
146, 96, -1
66, 161, -1
43, 104, -1
43, 168, -1
70, 67, -1
43, 177, -1
50, 128, -1
61, 128, -1
65, 128, -1
45, 168, -1
177, 104, -1
60, 104, -1
60, 168, -1
43, 161, -1
177, 131, -1
70, 60, -1
70, 69, -1
62, 104, -1
18, 168, -1
62, 168, -1
146, 64, -1
177, 161, -1
166, 60, -1
166, 69, -1
102, 69, -1
148, 66, -1
18, 161, -1
62, 170, -1
36, 96, -1
103, 189, -1
51, 96, -1
103, 166, -1
148, 128, -1
146, 128, -1
187, 128, -1
102, 148, -1
177, 128, -1
102, 187, -1
189, 60, -1
186, 128, -1
177, 8, -1

133, 102, 1
133, 128, 1
133, 70, 1
133, 104, 1
133, 96, 1
133, 103, 1
133, 127, 1
133, 109, 1
133, 131, 1
71, 102, 1
71, 128, 1
71, 70, 1
71, 104, 1
71, 96, 1
71, 103, 1
71, 127, 1
71, 109, 1
71, 131, 1
71, 133, 1
21, 66, 1
21, 62, 1
21, 8, 1
21, 24, 1
21, 51, 1
21, 65, 1
21, 60, 1
21, 45, 1
21, 64, 1
21, 36, 1
21, 48, 1
21, 43, 1
21, 50, 1
21, 49, 1
21, 61, 1
21, 18, 1
21, 67, 1
21, 47, 1
21, 69, 1
152, 148, 1
152, 146, 1
152, 159, 1
152, 161, 1
146, 148, 1
64, 69, 1
96, 104, 1
36, 62, 1
50, 61, 1
65, 43, 1
161, 148, 1
24, 51, 1
102, 71, 1
127, 70, 1
48, 36, 1
51, 62, 1
96, 131, 1
65, 61, 1
66, 60, 1
48, 45, 1
103, 109, 1
8, 18, 1
131, 70, 1
66, 69, 1
43, 67, 1
49, 62, 1
24, 8, 1
48, 8, 1
103, 127, 1
148, 159, 1
50, 36, 1
104, 71, 1
70, 103, 1
61, 36, 1
64, 62, 1
50, 45, 1
127, 109, 1
65, 36, 1
45, 67, 1
65, 45, 1
161, 159, 1
8, 66, 1
103, 102, 1
48, 47, 1
66, 62, 1
43, 60, 1
131, 127, 1
43, 69, 1
67, 36, 1
48, 65, 1
24, 65, 1
104, 128, 1
51, 36, 1
49, 18, 1
18, 67, 1
127, 102, 1
50, 47, 1
69, 60, 1
45, 60, 1
61, 47, 1
64, 18, 1
8, 50, 1
45, 69, 1
65, 47, 1
48, 49, 1
128, 103, 1
43, 62, 1
18, 51, 1
24, 67, 1
49, 66, 1
67, 47, 1
18, 60, 1
18, 69, 1
64, 66, 1
45, 62, 1
128, 133, 1
8, 43, 1
48, 24, 1
65, 49, 1
8, 61, 1
60, 62, 1
48, 51, 1
65, 67, 1
49, 50, 1
24, 60, 1
24, 69, 1
64, 50, 1
103, 133, 1
18, 62, 1
8, 36, 1
50, 51, 1
128, 71, 1
96, 103, 1
8, 45, 1
49, 69, 1
51, 43, 1
70, 127, 1
109, 131, 1
102, 70, 1
65, 51, 1
146, 159, 1
51, 61, 1
65, 60, 1
49, 43, 1
109, 103, 1
131, 133, 1
96, 133, 1
24, 62, 1
64, 43, 1
49, 61, 1
104, 70, 1
64, 61, 1
8, 47, 1
51, 45, 1
109, 133, 1
66, 43, 1
102, 127, 1
49, 36, 1
49, 45, 1
66, 61, 1
104, 109, 1
64, 36, 1
96, 71, 1
64, 45, 1
104, 127, 1
24, 18, 1
18, 66, 1
48, 67, 1
36, 47, 1
64, 8, 1
66, 36, 1
109, 71, 1
8, 49, 1
51, 47, 1
66, 45, 1
69, 62, 1
50, 67, 1
104, 102, 1
43, 61, 1
49, 47, 1
61, 67, 1
96, 128, 1
18, 50, 1
24, 66, 1
64, 47, 1
48, 60, 1
45, 43, 1
48, 69, 1
127, 103, 1
64, 65, 1
45, 61, 1
43, 36, 1
131, 103, 1
66, 47, 1
50, 60, 1
61, 60, 1
51, 67, 1
24, 50, 1
50, 69, 1
61, 69, 1
18, 43, 1
127, 133, 1
45, 36, 1
65, 69, 1
64, 49, 1
18, 61, 1
48, 62, 1
103, 71, 1
128, 70, 1
67, 60, 1
67, 69, 1
43, 47, 1
51, 60, 1
50, 62, 1
61, 62, 1
64, 24, 1
24, 43, 1
18, 36, 1
127, 71, 1
8, 65, 1
18, 45, 1
24, 61, 1
65, 62, 1
128, 109, 1
64, 51, 1
131, 71, 1
45, 47, 1
48, 64, 1
64, 60, 1
128, 127, 1
48, 18, 1
60, 47, 1
67, 62, 1
24, 36, 1
66, 51, 1
133, 71, 1
24, 45, 1
96, 70, 1
8, 67, 1
18, 47, 1
128, 102, 1
62, 47, 1
65, 18, 1
48, 66, 1
109, 70, 1
131, 109, 1
96, 109, 1
8, 51, 1
50, 66, 1
24, 47, 1
8, 60, 1
96, 127, 1
8, 69, 1
48, 50, 1
65, 66, 1
69, 36, 1
102, 103, 1
49, 67, 1
128, 131, 1
104, 131, 1
109, 127, 1
131, 102, 1
96, 102, 1
64, 67, 1
36, 60, 1
161, 146, 1
70, 71, 1
24, 49, 1
104, 103, 1
65, 50, 1
8, 62, 1
48, 43, 1
51, 69, 1
49, 51, 1
66, 67, 1
109, 102, 1
48, 61, 1
49, 60, 1
103, 70, 1
69, 47, 1
104, 133, 1
50, 43, 1
104, 96, 1
8, 64, 1
67, 43, 1
43, 21, 1
61, 45, 1
67, 61, 1
8, 48, 1
51, 64, 1
60, 21, 1
49, 64, 1
67, 45, 1
18, 21, 1
36, 66, 1
60, 69, 1
51, 66, 1
49, 48, 1
66, 18, 1
64, 48, 1
62, 60, 1
24, 21, 1
61, 49, 1
51, 50, 1
131, 104, 1
66, 48, 1
128, 96, 1
43, 18, 1
65, 24, 1
70, 109, 1
36, 61, 1
66, 50, 1
69, 21, 1
43, 66, 1
67, 51, 1
70, 102, 1
36, 45, 1
45, 66, 1
43, 50, 1
60, 66, 1
18, 48, 1
24, 64, 1
48, 21, 1
24, 48, 1
131, 128, 1
50, 21, 1
61, 21, 1
8, 24, 1
65, 21, 1
36, 49, 1
47, 49, 1
65, 48, 1
43, 45, 1
60, 61, 1
67, 21, 1
60, 36, 1
60, 45, 1
131, 96, 1
49, 24, 1
69, 66, 1
43, 49, 1
70, 131, 1
50, 18, 1
65, 64, 1
8, 21, 1
45, 49, 1
50, 48, 1
67, 64, 1
69, 61, 1
43, 51, 1
67, 18, 1
61, 66, 1
70, 133, 1
36, 21, 1
128, 104, 1
51, 21, 1
69, 45, 1
49, 21, 1
67, 66, 1
64, 21, 1
36, 69, 1
66, 21, 1
67, 50, 1
60, 50, 1
50, 64, 1
43, 64, 1
67, 49, 1
61, 51, 1
51, 49, 1
102, 131, 1
45, 21, 1
65, 8, 1
51, 18, 1
61, 43, 1
45, 51, 1
18, 64, 1
102, 109, 1
102, 133, 1
62, 36, 1
66, 64, 1
49, 8, 1
36, 50, 1
133, 66, -1
133, 62, -1
133, 8, -1
133, 24, -1
133, 51, -1
133, 65, -1
133, 60, -1
133, 45, -1
133, 64, -1
133, 36, -1
133, 48, -1
133, 43, -1
133, 50, -1
133, 49, -1
133, 61, -1
133, 18, -1
133, 67, -1
133, 47, -1
133, 69, -1
133, 166, -1
133, 168, -1
133, 170, -1
133, 189, -1
133, 187, -1
133, 186, -1
133, 148, -1
133, 146, -1
133, 159, -1
133, 161, -1
133, 177, -1
71, 66, -1
71, 62, -1
71, 8, -1
71, 24, -1
71, 51, -1
71, 65, -1
71, 60, -1
71, 45, -1
71, 64, -1
71, 36, -1
71, 48, -1
71, 43, -1
71, 50, -1
71, 49, -1
71, 61, -1
71, 18, -1
71, 67, -1
71, 47, -1
71, 69, -1
71, 166, -1
71, 168, -1
71, 170, -1
71, 189, -1
71, 187, -1
71, 186, -1
71, 148, -1
71, 146, -1
71, 159, -1
71, 161, -1
71, 177, -1
21, 166, -1
21, 168, -1
21, 170, -1
21, 102, -1
21, 128, -1
21, 70, -1
21, 104, -1
21, 96, -1
21, 103, -1
21, 127, -1
21, 109, -1
21, 131, -1
21, 133, -1
21, 71, -1
21, 189, -1
21, 187, -1
21, 186, -1
21, 148, -1
21, 146, -1
21, 159, -1
21, 161, -1
21, 177, -1
152, 66, -1
152, 62, -1
152, 8, -1
152, 24, -1
152, 51, -1
152, 65, -1
152, 60, -1
152, 45, -1
152, 64, -1
152, 36, -1
152, 48, -1
152, 43, -1
152, 50, -1
152, 49, -1
152, 61, -1
152, 18, -1
152, 67, -1
152, 47, -1
152, 69, -1
152, 21, -1
152, 166, -1
152, 168, -1
152, 170, -1
152, 102, -1
152, 128, -1
152, 70, -1
152, 104, -1
152, 96, -1
152, 103, -1
152, 127, -1
152, 109, -1
152, 131, -1
152, 133, -1
152, 71, -1
152, 189, -1
152, 187, -1
152, 186, -1
152, 177, -1
66, 103, -1
186, 159, -1
64, 133, -1
36, 71, -1
47, 71, -1
127, 189, -1
161, 102, -1
146, 50, -1
131, 61, -1
109, 159, -1
104, 62, -1
148, 168, -1
161, 187, -1
127, 45, -1
50, 109, -1
8, 103, -1
67, 189, -1
50, 127, -1
61, 127, -1
170, 43, -1
48, 166, -1
186, 127, -1
66, 71, -1
109, 51, -1
146, 189, -1
161, 61, -1
168, 109, -1
159, 128, -1
161, 70, -1
64, 128, -1
127, 166, -1
170, 146, -1
189, 159, -1
65, 102, -1
45, 133, -1
146, 36, -1
131, 47, -1
64, 146, -1
146, 45, -1
148, 127, -1
49, 103, -1
104, 48, -1
104, 66, -1
177, 50, -1
67, 166, -1
18, 133, -1
187, 109, -1
70, 189, -1
48, 161, -1
146, 166, -1
48, 170, -1
161, 47, -1
186, 131, -1
104, 187, -1
148, 104, -1
24, 96, -1
36, 70, -1
47, 70, -1
170, 159, -1
177, 18, -1
131, 60, -1
104, 43, -1
51, 189, -1
131, 69, -1
66, 187, -1
177, 36, -1
146, 67, -1
161, 168, -1
104, 61, -1
177, 45, -1
69, 103, -1
70, 166, -1
161, 186, -1
8, 102, -1
128, 18, -1
18, 146, -1
128, 36, -1
96, 62, -1
177, 148, -1
66, 70, -1
170, 109, -1
159, 109, -1
161, 51, -1
64, 109, -1
161, 60, -1
170, 127, -1
159, 127, -1
161, 69, -1
64, 127, -1
51, 166, -1
128, 148, -1
69, 71, -1
49, 102, -1
104, 47, -1
8, 70, -1
127, 21, -1
43, 189, -1
104, 65, -1
36, 159, -1
47, 159, -1
61, 103, -1
103, 69, -1
48, 133, -1
168, 49, -1
109, 18, -1
186, 103, -1
168, 67, -1
104, 159, -1
96, 66, -1
159, 104, -1
104, 177, -1
64, 104, -1
104, 186, -1
170, 131, -1
159, 131, -1
62, 189, -1
146, 21, -1
148, 103, -1
64, 131, -1
45, 127, -1
66, 159, -1
104, 24, -1
43, 166, -1
67, 133, -1
109, 148, -1
50, 71, -1
61, 71, -1
104, 51, -1
96, 187, -1
18, 109, -1
24, 189, -1
18, 127, -1
48, 128, -1
146, 133, -1
128, 8, -1
60, 102, -1
48, 146, -1
168, 62, -1
96, 43, -1
168, 71, -1
96, 61, -1
8, 186, -1
161, 50, -1
62, 166, -1
131, 36, -1
24, 148, -1
69, 70, -1
24, 166, -1
187, 62, -1
146, 128, -1
49, 186, -1
168, 48, -1
131, 148, -1
161, 18, -1
186, 102, -1
96, 47, -1
131, 166, -1
177, 133, -1
161, 36, -1
50, 187, -1
96, 65, -1
170, 103, -1
159, 103, -1
61, 187, -1
64, 103, -1
51, 133, -1
66, 131, -1
103, 189, -1
148, 102, -1
96, 159, -1
102, 62, -1
24, 161, -1
96, 177, -1
50, 70, -1
61, 70, -1
24, 170, -1
96, 186, -1
103, 45, -1
48, 109, -1
161, 166, -1
186, 61, -1
65, 189, -1
186, 70, -1
48, 127, -1
168, 43, -1
96, 24, -1
69, 159, -1
170, 71, -1
159, 71, -1
64, 71, -1
96, 51, -1
189, 102, -1
96, 60, -1
148, 61, -1
148, 70, -1
103, 166, -1
45, 103, -1
43, 133, -1
67, 109, -1
104, 18, -1
67, 127, -1
65, 166, -1
48, 104, -1
146, 109, -1
146, 127, -1
189, 70, -1
170, 66, -1
50, 159, -1
61, 159, -1
128, 69, -1
62, 133, -1
104, 148, -1
148, 47, -1
45, 71, -1
8, 189, -1
168, 159, -1
24, 133, -1
66, 148, -1
18, 71, -1
64, 187, -1
65, 161, -1
65, 170, -1
146, 104, -1
186, 51, -1
168, 24, -1
186, 60, -1
186, 69, -1
103, 62, -1
146, 131, -1
170, 61, -1
177, 109, -1
49, 189, -1
170, 70, -1
159, 70, -1
8, 148, -1
128, 64, -1
109, 60, -1
64, 70, -1
187, 159, -1
109, 69, -1
8, 166, -1
51, 109, -1
148, 60, -1
168, 127, -1
148, 69, -1
51, 127, -1
24, 128, -1
104, 8, -1
36, 102, -1
47, 102, -1
102, 47, -1
161, 133, -1
24, 146, -1
103, 21, -1
45, 187, -1
49, 148, -1
48, 103, -1
49, 166, -1
50, 131, -1
61, 131, -1
170, 47, -1
159, 47, -1
187, 127, -1
96, 18, -1
128, 50, -1
102, 159, -1
18, 187, -1
168, 104, -1
8, 161, -1
45, 70, -1
8, 170, -1
66, 102, -1
168, 131, -1
43, 109, -1
60, 189, -1
51, 131, -1
43, 127, -1
64, 159, -1
67, 103, -1
65, 133, -1
96, 148, -1
64, 177, -1
161, 128, -1
48, 71, -1
64, 186, -1
128, 189, -1
146, 103, -1
186, 50, -1
127, 62, -1
49, 161, -1
49, 170, -1
170, 51, -1
69, 148, -1
128, 45, -1
187, 131, -1
170, 60, -1
170, 69, -1
109, 50, -1
62, 127, -1
60, 166, -1
67, 71, -1
24, 109, -1
161, 96, -1
24, 127, -1
128, 166, -1
146, 62, -1
45, 159, -1
146, 71, -1
186, 18, -1
65, 146, -1
177, 49, -1
50, 103, -1
109, 189, -1
186, 36, -1
177, 67, -1
186, 45, -1
96, 8, -1
18, 159, -1
109, 36, -1
8, 133, -1
128, 49, -1
61, 148, -1
109, 45, -1
177, 161, -1
148, 36, -1
48, 187, -1
128, 67, -1
168, 103, -1
148, 45, -1
161, 64, -1
186, 148, -1
51, 103, -1
70, 62, -1
24, 104, -1
128, 161, -1
128, 170, -1
146, 66, -1
109, 166, -1
104, 60, -1
48, 70, -1
69, 102, -1
104, 69, -1
49, 133, -1
148, 166, -1
177, 62, -1
67, 187, -1
187, 103, -1
127, 61, -1
170, 50, -1
8, 128, -1
51, 71, -1
131, 189, -1
8, 146, -1
146, 187, -1
128, 62, -1
43, 103, -1
67, 70, -1
45, 131, -1
131, 45, -1
65, 109, -1
146, 43, -1
65, 127, -1
146, 61, -1
146, 70, -1
187, 71, -1
104, 64, -1
50, 102, -1
61, 102, -1
18, 131, -1
8, 96, -1
127, 47, -1
49, 146, -1
170, 18, -1
161, 189, -1
128, 21, -1
170, 36, -1
168, 66, -1
48, 159, -1
62, 103, -1
60, 133, -1
128, 48, -1
48, 177, -1
161, 45, -1
43, 71, -1
48, 186, -1
168, 102, -1
127, 159, -1
170, 148, -1
64, 148, -1
146, 47, -1
51, 187, -1
104, 50, -1
65, 131, -1
177, 43, -1
67, 159, -1
62, 71, -1
187, 102, -1
8, 109, -1
168, 61, -1
36, 189, -1
109, 21, -1
47, 189, -1
168, 70, -1
8, 127, -1
146, 168, -1
128, 43, -1
51, 70, -1
177, 146, -1
96, 69, -1
161, 49, -1
186, 133, -1
24, 71, -1
104, 189, -1
70, 47, -1
161, 67, -1
128, 146, -1
104, 36, -1
146, 51, -1
148, 133, -1
131, 62, -1
104, 45, -1
49, 109, -1
146, 60, -1
45, 148, -1
18, 103, -1
66, 189, -1
43, 187, -1
187, 70, -1
161, 170, -1
49, 127, -1
70, 159, -1
36, 166, -1
48, 131, -1
168, 47, -1
8, 104, -1
168, 65, -1
170, 102, -1
104, 166, -1
159, 102, -1
96, 64, -1
43, 70, -1
166, 159, -1
64, 102, -1
177, 159, -1
189, 133, -1
161, 62, -1
131, 21, -1
51, 159, -1
65, 103, -1
66, 166, -1
67, 131, -1
187, 47, -1
148, 128, -1
104, 49, -1
24, 187, -1
62, 70, -1
168, 51, -1
60, 109, -1
168, 60, -1
166, 127, -1
177, 127, -1
161, 21, -1
168, 69, -1
96, 50, -1
60, 127, -1
104, 161, -1
104, 170, -1
161, 48, -1
24, 70, -1
65, 71, -1
45, 102, -1
170, 133, -1
159, 133, -1
148, 96, -1
43, 159, -1
187, 60, -1
18, 102, -1
96, 189, -1
187, 69, -1
96, 36, -1
48, 148, -1
168, 64, -1
96, 45, -1
177, 131, -1
186, 109, -1
69, 189, -1
161, 43, -1
62, 159, -1
146, 18, -1
148, 109, -1
18, 70, -1
104, 21, -1
96, 166, -1
24, 159, -1
36, 133, -1
47, 133, -1
67, 148, -1
24, 177, -1
8, 71, -1
24, 186, -1
65, 187, -1
103, 61, -1
168, 50, -1
69, 166, -1
131, 159, -1
96, 49, -1
159, 96, -1
50, 189, -1
61, 189, -1
96, 67, -1
64, 96, -1
65, 70, -1
43, 131, -1
66, 133, -1
49, 71, -1
96, 161, -1
96, 170, -1
48, 102, -1
168, 18, -1
148, 189, -1
103, 47, -1
168, 36, -1
166, 103, -1
177, 103, -1
50, 148, -1
168, 45, -1
60, 103, -1
50, 166, -1
61, 166, -1
104, 146, -1
103, 159, -1
8, 187, -1
161, 109, -1
67, 102, -1
51, 148, -1
24, 131, -1
66, 146, -1
161, 127, -1
187, 36, -1
65, 159, -1
166, 71, -1
177, 71, -1
146, 102, -1
65, 177, -1
60, 71, -1
65, 186, -1
186, 67, -1
96, 21, -1
49, 187, -1
187, 148, -1
96, 48, -1
109, 67, -1
102, 189, -1
161, 104, -1
49, 70, -1
43, 148, -1
161, 131, -1
36, 109, -1
64, 189, -1
36, 127, -1
177, 66, -1
47, 127, -1
168, 8, -1
69, 133, -1
186, 62, -1
170, 45, -1
186, 71, -1
177, 102, -1
128, 66, -1
102, 166, -1
109, 62, -1
8, 159, -1
51, 102, -1
148, 62, -1
8, 177, -1
66, 109, -1
24, 103, -1
148, 71, -1
66, 127, -1
64, 166, -1
96, 146, -1
128, 187, -1
177, 61, -1
45, 189, -1
177, 70, -1
48, 96, -1
49, 159, -1
60, 70, -1
127, 69, -1
50, 133, -1
61, 133, -1
186, 66, -1
148, 21, -1
170, 67, -1
128, 61, -1
18, 189, -1
109, 66, -1
43, 102, -1
168, 133, -1
161, 103, -1
64, 161, -1
64, 170, -1
45, 166, -1
146, 69, -1
166, 47, -1
177, 47, -1
109, 187, -1
146, 96, -1
186, 43, -1
18, 148, -1
62, 102, -1
18, 166, -1
8, 131, -1
128, 47, -1
187, 133, -1
170, 62, -1
109, 43, -1
50, 146, -1
128, 65, -1
109, 61, -1
60, 159, -1
186, 146, -1
161, 71, -1
168, 128, -1
24, 102, -1
128, 159, -1
146, 64, -1
128, 177, -1
36, 103, -1
47, 103, -1
128, 186, -1
104, 67, -1
49, 131, -1
177, 51, -1
65, 148, -1
177, 60, -1
177, 69, -1
186, 47, -1
69, 127, -1
128, 24, -1
128, 51, -1
109, 47, -1
128, 60, -1
168, 96, -1
48, 189, -1
161, 66, -1
24, 152, -1
186, 104, -1
189, 36, -1
170, 96, -1
70, 18, -1
70, 146, -1
96, 152, -1
66, 96, -1
177, 64, -1
61, 109, -1
187, 96, -1
70, 66, -1
187, 50, -1
36, 128, -1
159, 43, -1
102, 18, -1
177, 21, -1
166, 21, -1
36, 146, -1
51, 128, -1
47, 146, -1
168, 146, -1
102, 36, -1
51, 146, -1
177, 48, -1
49, 128, -1
170, 64, -1
159, 64, -1
18, 186, -1
70, 50, -1
43, 96, -1
159, 18, -1
62, 131, -1
161, 24, -1
70, 187, -1
102, 66, -1
159, 36, -1
168, 148, -1
177, 96, -1
66, 128, -1
60, 96, -1
159, 66, -1
70, 43, -1
50, 104, -1
102, 50, -1
70, 61, -1
50, 177, -1
65, 104, -1
36, 187, -1
48, 152, -1
62, 96, -1
49, 96, -1
159, 50, -1
43, 128, -1
103, 60, -1
189, 127, -1
186, 21, -1
70, 36, -1
67, 104, -1
43, 146, -1
70, 45, -1
102, 43, -1
67, 177, -1
50, 161, -1
67, 186, -1
148, 49, -1
45, 128, -1
102, 61, -1
127, 60, -1
45, 146, -1
60, 128, -1
189, 47, -1
146, 49, -1
166, 36, -1
168, 152, -1
60, 146, -1
70, 148, -1
67, 161, -1
168, 161, -1
159, 61, -1
67, 170, -1
18, 128, -1
102, 45, -1
62, 128, -1
159, 24, -1
62, 146, -1
159, 45, -1
187, 61, -1
166, 102, -1
159, 8, -1
70, 49, -1
70, 186, -1
187, 45, -1
60, 187, -1
18, 96, -1
186, 64, -1
159, 65, -1
36, 104, -1
8, 152, -1
70, 51, -1
70, 170, -1
166, 61, -1
51, 104, -1
102, 67, -1
186, 48, -1
69, 128, -1
51, 177, -1
177, 24, -1
49, 104, -1
170, 104, -1
69, 146, -1
159, 49, -1
189, 62, -1
49, 177, -1
189, 71, -1
50, 96, -1
159, 67, -1
45, 109, -1
166, 45, -1
166, 109, -1
102, 51, -1
65, 96, -1
102, 60, -1
51, 161, -1
186, 96, -1
66, 104, -1
131, 50, -1
128, 152, -1
104, 152, -1
146, 48, -1
187, 104, -1
66, 177, -1
64, 152, -1
159, 51, -1
67, 96, -1
62, 109, -1
159, 60, -1
159, 69, -1
148, 50, -1
66, 161, -1
43, 104, -1
103, 36, -1
69, 187, -1
70, 67, -1
189, 103, -1
43, 177, -1
50, 128, -1
61, 128, -1
70, 21, -1
43, 186, -1
61, 146, -1
65, 128, -1
159, 62, -1
127, 36, -1
177, 104, -1
60, 104, -1
43, 161, -1
67, 128, -1
70, 60, -1
43, 170, -1
70, 69, -1
67, 146, -1
18, 104, -1
102, 21, -1
62, 104, -1
168, 21, -1
18, 177, -1
69, 109, -1
166, 60, -1
170, 21, -1
159, 21, -1
166, 69, -1
166, 133, -1
102, 69, -1
148, 66, -1
170, 48, -1
159, 48, -1
18, 161, -1
18, 170, -1
36, 96, -1
187, 21, -1
51, 96, -1
66, 152, -1
102, 187, -1
186, 49, -1
186, 128, -1
189, 60, -1
187, 66, -1
170, 65, -1
50, 152, -1
61, 152, -1
186, 24, -1
131, 152, -1
43, 152, -1
65, 152, -1
177, 128, -1
166, 70, -1
51, 186, -1
21, 152, -1
109, 152, -1
170, 49, -1
45, 152, -1
67, 152, -1
186, 8, -1
131, 66, -1
36, 152, -1
69, 152, -1
60, 152, -1
170, 128, -1
51, 152, -1
170, 24, -1
177, 8, -1
51, 170, -1
49, 152, -1
18, 152, -1
187, 128, -1
102, 148, -1
186, 65, -1
170, 8, -1
161, 8, -1

68, 66, 1
68, 62, 1
68, 8, 1
68, 24, 1
68, 51, 1
68, 65, 1
68, 60, 1
68, 45, 1
68, 64, 1
68, 36, 1
68, 48, 1
68, 43, 1
68, 50, 1
68, 49, 1
68, 61, 1
68, 18, 1
68, 67, 1
68, 47, 1
68, 69, 1
68, 21, 1
157, 148, 1
157, 146, 1
157, 159, 1
157, 161, 1
157, 152, 1
0, 66, 1
0, 62, 1
0, 8, 1
0, 24, 1
0, 51, 1
0, 65, 1
0, 60, 1
0, 45, 1
0, 64, 1
0, 36, 1
0, 48, 1
0, 43, 1
0, 50, 1
0, 49, 1
0, 61, 1
0, 18, 1
0, 67, 1
0, 47, 1
0, 69, 1
0, 21, 1
0, 68, 1
182, 177, 1
146, 148, 1
64, 69, 1
67, 68, 1
36, 62, 1
50, 61, 1
65, 43, 1
161, 148, 1
24, 51, 1
48, 36, 1
8, 64, 1
51, 62, 1
65, 61, 1
48, 45, 1
66, 60, 1
8, 18, 1
66, 69, 1
43, 67, 1
49, 62, 1
24, 8, 1
48, 8, 1
43, 21, 1
148, 159, 1
50, 36, 1
64, 62, 1
50, 45, 1
67, 61, 1
65, 36, 1
8, 48, 1
65, 45, 1
45, 21, 1
161, 159, 1
8, 66, 1
48, 47, 1
51, 64, 1
66, 62, 1
43, 60, 1
60, 21, 1
43, 69, 1
67, 36, 1
48, 65, 1
24, 65, 1
67, 45, 1
51, 36, 1
49, 18, 1
18, 67, 1
50, 47, 1
61, 47, 1
18, 21, 1
64, 18, 1
8, 50, 1
45, 69, 1
65, 47, 1
8, 68, 1
60, 69, 1
48, 49, 1
43, 62, 1
66, 64, 1
18, 51, 1
24, 67, 1
49, 66, 1
64, 48, 1
67, 47, 1
18, 60, 1
62, 60, 1
24, 21, 1
18, 69, 1
64, 66, 1
45, 62, 1
8, 43, 1
48, 24, 1
65, 49, 1
8, 61, 1
60, 62, 1
48, 51, 1
65, 67, 1
49, 50, 1
51, 68, 1
24, 60, 1
24, 69, 1
49, 68, 1
64, 50, 1
18, 62, 1
8, 36, 1
50, 51, 1
64, 68, 1
8, 45, 1
36, 61, 1
51, 43, 1
65, 51, 1
146, 159, 1
51, 61, 1
65, 60, 1
49, 43, 1
69, 21, 1
66, 68, 1
24, 62, 1
49, 61, 1
64, 43, 1
36, 45, 1
64, 61, 1
8, 47, 1
51, 45, 1
66, 43, 1
49, 36, 1
49, 45, 1
66, 61, 1
64, 36, 1
43, 68, 1
21, 47, 1
24, 64, 1
64, 45, 1
24, 18, 1
18, 66, 1
48, 67, 1
36, 47, 1
64, 8, 1
48, 21, 1
66, 36, 1
8, 49, 1
51, 47, 1
66, 45, 1
69, 62, 1
50, 67, 1
49, 47, 1
43, 61, 1
24, 48, 1
50, 21, 1
61, 21, 1
18, 50, 1
24, 66, 1
64, 47, 1
48, 60, 1
8, 24, 1
65, 21, 1
18, 68, 1
48, 69, 1
64, 65, 1
45, 61, 1
43, 36, 1
65, 48, 1
66, 47, 1
60, 61, 1
43, 45, 1
50, 60, 1
67, 21, 1
51, 67, 1
24, 50, 1
50, 69, 1
61, 69, 1
18, 43, 1
45, 36, 1
65, 69, 1
64, 49, 1
24, 68, 1
18, 61, 1
48, 62, 1
60, 36, 1
60, 45, 1
67, 60, 1
67, 69, 1
43, 47, 1
51, 60, 1
50, 62, 1
61, 62, 1
64, 24, 1
24, 43, 1
18, 36, 1
152, 146, 1
62, 36, 1
8, 65, 1
18, 45, 1
24, 61, 1
65, 62, 1
64, 51, 1
45, 47, 1
48, 64, 1
64, 60, 1
48, 18, 1
60, 47, 1
67, 62, 1
24, 36, 1
66, 51, 1
24, 45, 1
152, 148, 1
8, 67, 1
18, 47, 1
62, 47, 1
65, 64, 1
8, 21, 1
65, 18, 1
48, 66, 1
8, 51, 1
50, 66, 1
24, 47, 1
8, 60, 1
36, 21, 1
8, 69, 1
152, 159, 1
48, 50, 1
65, 66, 1
51, 21, 1
48, 68, 1
49, 67, 1
49, 21, 1
64, 67, 1
36, 60, 1
64, 21, 1
161, 146, 1
36, 69, 1
24, 49, 1
65, 50, 1
50, 68, 1
8, 62, 1
48, 43, 1
152, 161, 1
51, 69, 1
65, 68, 1
49, 51, 1
66, 67, 1
48, 61, 1
49, 60, 1
66, 21, 1
49, 69, 1
69, 47, 1
21, 62, 1
50, 43, 1
61, 49, 1
45, 68, 1
146, 157, 1
36, 68, 1
69, 68, 1
43, 49, 1
51, 50, 1
66, 48, 1
8, 0, 1
60, 68, 1
161, 157, 1
50, 64, 1
50, 18, 1
152, 157, 1
65, 0, 1
21, 43, 1
43, 18, 1
67, 43, 1
45, 49, 1
21, 61, 1
61, 36, 1
62, 68, 1
65, 24, 1
36, 49, 1
47, 49, 1
61, 45, 1
21, 67, 1
50, 48, 1
67, 64, 1
69, 61, 1
43, 51, 1
67, 18, 1
61, 60, 1
66, 50, 1
61, 66, 1
21, 18, 1
21, 36, 1
65, 8, 1
43, 66, 1
21, 45, 1
49, 0, 1
49, 64, 1
69, 36, 1
67, 51, 1
21, 51, 1
18, 64, 1
69, 45, 1
64, 0, 1
21, 66, 1
21, 60, 1
21, 69, 1
69, 60, 1
49, 24, 1
67, 66, 1
45, 66, 1
45, 60, 1
36, 66, 1
69, 66, 1
61, 68, 1
60, 66, 1
43, 50, 1
51, 66, 1
49, 48, 1
24, 0, 1
18, 48, 1
66, 18, 1
48, 0, 1
21, 50, 1
148, 157, 1
49, 8, 1
67, 50, 1
21, 68, 1
61, 43, 1
45, 43, 1
67, 49, 1
51, 18, 1
60, 50, 1
47, 68, 1
61, 51, 1
45, 51, 1
51, 49, 1
61, 67, 1
36, 50, 1
45, 67, 1
68, 166, -1
68, 168, -1
68, 170, -1
68, 102, -1
68, 128, -1
68, 70, -1
68, 104, -1
68, 96, -1
68, 103, -1
68, 127, -1
68, 109, -1
68, 131, -1
68, 133, -1
68, 71, -1
68, 189, -1
68, 187, -1
68, 186, -1
68, 148, -1
68, 146, -1
68, 159, -1
68, 161, -1
68, 152, -1
68, 177, -1
157, 66, -1
157, 62, -1
157, 8, -1
157, 24, -1
157, 51, -1
157, 65, -1
157, 60, -1
157, 45, -1
157, 64, -1
157, 36, -1
157, 48, -1
157, 43, -1
157, 50, -1
157, 49, -1
157, 61, -1
157, 18, -1
157, 67, -1
157, 47, -1
157, 69, -1
157, 21, -1
157, 68, -1
157, 166, -1
157, 168, -1
157, 170, -1
157, 102, -1
157, 128, -1
157, 70, -1
157, 104, -1
157, 96, -1
157, 103, -1
157, 127, -1
157, 109, -1
157, 131, -1
157, 133, -1
157, 71, -1
157, 189, -1
157, 187, -1
157, 186, -1
157, 177, -1
0, 166, -1
0, 168, -1
0, 170, -1
0, 102, -1
0, 128, -1
0, 70, -1
0, 104, -1
0, 96, -1
0, 103, -1
0, 127, -1
0, 109, -1
0, 131, -1
0, 133, -1
0, 71, -1
0, 189, -1
0, 187, -1
0, 186, -1
0, 148, -1
0, 146, -1
0, 159, -1
0, 161, -1
0, 152, -1
0, 157, -1
0, 177, -1
182, 66, -1
182, 62, -1
182, 8, -1
182, 24, -1
182, 51, -1
182, 65, -1
182, 60, -1
182, 45, -1
182, 64, -1
182, 36, -1
182, 48, -1
182, 43, -1
182, 50, -1
182, 49, -1
182, 61, -1
182, 18, -1
182, 67, -1
182, 47, -1
182, 69, -1
182, 21, -1
182, 68, -1
182, 0, -1
182, 166, -1
182, 168, -1
182, 170, -1
182, 102, -1
182, 128, -1
182, 70, -1
182, 104, -1
182, 96, -1
182, 103, -1
182, 127, -1
182, 109, -1
182, 131, -1
182, 133, -1
182, 71, -1
182, 189, -1
182, 187, -1
182, 186, -1
182, 148, -1
182, 146, -1
182, 159, -1
182, 161, -1
182, 152, -1
182, 157, -1
152, 8, -1
66, 103, -1
186, 159, -1
64, 133, -1
36, 71, -1
47, 71, -1
161, 102, -1
146, 50, -1
131, 61, -1
109, 159, -1
146, 68, -1
104, 62, -1
161, 187, -1
50, 109, -1
61, 109, -1
8, 103, -1
67, 189, -1
50, 127, -1
61, 127, -1
170, 43, -1
48, 157, -1
48, 166, -1
66, 71, -1
146, 189, -1
161, 61, -1
161, 70, -1
43, 96, -1
64, 128, -1
170, 146, -1
65, 102, -1
45, 133, -1
146, 36, -1
64, 146, -1
131, 47, -1
146, 45, -1
148, 127, -1
49, 103, -1
104, 48, -1
67, 157, -1
104, 66, -1
177, 50, -1
67, 166, -1
161, 182, -1
50, 104, -1
18, 133, -1
152, 133, -1
48, 152, -1
48, 161, -1
146, 166, -1
48, 170, -1
161, 47, -1
21, 189, -1
24, 96, -1
45, 128, -1
36, 70, -1
170, 159, -1
177, 18, -1
131, 60, -1
104, 43, -1
51, 189, -1
131, 69, -1
66, 187, -1
177, 36, -1
146, 67, -1
67, 152, -1
187, 68, -1
177, 45, -1
104, 61, -1
69, 103, -1
161, 177, -1
128, 0, -1
161, 186, -1
18, 128, -1
8, 102, -1
128, 18, -1
36, 182, -1
18, 146, -1
128, 36, -1
21, 148, -1
96, 62, -1
177, 148, -1
21, 157, -1
66, 70, -1
177, 157, -1
161, 51, -1
21, 166, -1
177, 166, -1
64, 109, -1
161, 60, -1
60, 157, -1
159, 127, -1
161, 69, -1
64, 127, -1
51, 166, -1
128, 148, -1
187, 45, -1
69, 71, -1
49, 102, -1
18, 96, -1
66, 182, -1
104, 47, -1
8, 70, -1
43, 189, -1
104, 65, -1
36, 159, -1
47, 159, -1
61, 103, -1
36, 168, -1
48, 133, -1
168, 49, -1
168, 67, -1
104, 159, -1
21, 152, -1
96, 66, -1
104, 177, -1
64, 104, -1
45, 109, -1
146, 21, -1
148, 103, -1
64, 131, -1
51, 152, -1
65, 96, -1
45, 127, -1
66, 159, -1
104, 24, -1
43, 157, -1
43, 166, -1
67, 133, -1
128, 152, -1
109, 148, -1
66, 168, -1
50, 71, -1
61, 71, -1
104, 51, -1
18, 109, -1
152, 109, -1
24, 189, -1
18, 127, -1
48, 128, -1
146, 133, -1
128, 8, -1
60, 102, -1
48, 146, -1
168, 62, -1
96, 43, -1
96, 61, -1
8, 186, -1
161, 50, -1
62, 166, -1
131, 36, -1
43, 152, -1
152, 68, -1
24, 148, -1
67, 128, -1
24, 157, -1
69, 70, -1
24, 166, -1
187, 62, -1
18, 104, -1
168, 21, -1
49, 186, -1
168, 48, -1
131, 148, -1
161, 18, -1
21, 133, -1
96, 47, -1
69, 182, -1
152, 189, -1
177, 133, -1
161, 36, -1
50, 187, -1
96, 65, -1
148, 66, -1
159, 103, -1
64, 103, -1
51, 133, -1
66, 131, -1
187, 21, -1
148, 102, -1
96, 159, -1
24, 152, -1
24, 161, -1
96, 177, -1
50, 70, -1
24, 170, -1
61, 70, -1
161, 166, -1
48, 109, -1
186, 61, -1
65, 189, -1
48, 127, -1
168, 43, -1
96, 24, -1
69, 159, -1
159, 71, -1
69, 168, -1
21, 128, -1
64, 71, -1
96, 51, -1
50, 182, -1
61, 182, -1
96, 60, -1
148, 61, -1
148, 70, -1
51, 128, -1
168, 146, -1
45, 103, -1
43, 133, -1
104, 0, -1
152, 49, -1
67, 109, -1
104, 18, -1
152, 67, -1
67, 127, -1
65, 166, -1
148, 182, -1
48, 104, -1
146, 127, -1
152, 170, -1
170, 66, -1
50, 159, -1
61, 159, -1
128, 69, -1
50, 168, -1
61, 168, -1
148, 47, -1
104, 148, -1
45, 71, -1
8, 189, -1
43, 128, -1
168, 159, -1
67, 104, -1
24, 133, -1
66, 148, -1
152, 62, -1
18, 71, -1
152, 71, -1
64, 187, -1
65, 152, -1
65, 161, -1
68, 157, -1
65, 170, -1
186, 51, -1
189, 47, -1
168, 24, -1
186, 60, -1
186, 69, -1
21, 109, -1
146, 131, -1
170, 61, -1
177, 109, -1
49, 189, -1
8, 148, -1
128, 64, -1
8, 157, -1
64, 70, -1
187, 159, -1
8, 166, -1
148, 51, -1
51, 109, -1
148, 60, -1
152, 21, -1
148, 69, -1
51, 127, -1
152, 48, -1
24, 128, -1
104, 8, -1
36, 102, -1
24, 146, -1
64, 182, -1
133, 62, -1
102, 47, -1
161, 133, -1
177, 68, -1
49, 148, -1
48, 103, -1
49, 157, -1
96, 0, -1
49, 166, -1
50, 131, -1
170, 47, -1
159, 47, -1
96, 18, -1
128, 50, -1
102, 159, -1
18, 187, -1
8, 152, -1
8, 161, -1
45, 70, -1
8, 170, -1
51, 104, -1
66, 102, -1
177, 189, -1
43, 109, -1
60, 189, -1
51, 131, -1
43, 127, -1
152, 43, -1
64, 159, -1
67, 103, -1
64, 168, -1
65, 133, -1
96, 148, -1
64, 177, -1
48, 71, -1
64, 186, -1
45, 182, -1
49, 152, -1
146, 103, -1
186, 50, -1
49, 161, -1
49, 170, -1
170, 51, -1
128, 45, -1
170, 60, -1
18, 182, -1
170, 69, -1
62, 127, -1
148, 50, -1
60, 166, -1
43, 104, -1
67, 71, -1
24, 109, -1
24, 127, -1
65, 128, -1
146, 62, -1
45, 159, -1
146, 71, -1
186, 18, -1
45, 168, -1
65, 146, -1
177, 49, -1
50, 103, -1
186, 36, -1
168, 0, -1
177, 67, -1
186, 45, -1
96, 8, -1
18, 159, -1
18, 168, -1
8, 133, -1
148, 18, -1
128, 49, -1
61, 148, -1
177, 161, -1
148, 36, -1
48, 187, -1
128, 67, -1
60, 152, -1
177, 170, -1
148, 45, -1
186, 148, -1
51, 103, -1
152, 24, -1
24, 104, -1
128, 161, -1
131, 68, -1
146, 66, -1
104, 60, -1
48, 70, -1
69, 102, -1
104, 69, -1
49, 133, -1
148, 166, -1
177, 62, -1
21, 71, -1
152, 127, -1
67, 187, -1
170, 50, -1
8, 128, -1
51, 71, -1
8, 146, -1
48, 182, -1
128, 62, -1
146, 187, -1
161, 68, -1
66, 96, -1
43, 103, -1
67, 70, -1
131, 45, -1
65, 109, -1
146, 43, -1
177, 21, -1
65, 127, -1
146, 61, -1
146, 70, -1
104, 64, -1
49, 128, -1
50, 102, -1
61, 102, -1
170, 18, -1
18, 131, -1
49, 146, -1
67, 182, -1
161, 189, -1
152, 131, -1
8, 96, -1
128, 21, -1
170, 36, -1
168, 66, -1
48, 159, -1
62, 103, -1
48, 168, -1
60, 133, -1
128, 48, -1
48, 177, -1
161, 45, -1
43, 71, -1
146, 182, -1
48, 186, -1
170, 148, -1
65, 104, -1
64, 148, -1
49, 96, -1
146, 47, -1
51, 187, -1
65, 131, -1
104, 50, -1
177, 43, -1
67, 159, -1
186, 21, -1
104, 68, -1
67, 168, -1
62, 71, -1
8, 109, -1
168, 61, -1
36, 189, -1
8, 127, -1
21, 146, -1
128, 43, -1
60, 128, -1
51, 70, -1
177, 146, -1
96, 69, -1
161, 49, -1
24, 71, -1
152, 0, -1
161, 67, -1
70, 47, -1
21, 182, -1
157, 182, -1
128, 146, -1
104, 36, -1
146, 51, -1
51, 182, -1
131, 62, -1
104, 45, -1
49, 109, -1
146, 60, -1
187, 61, -1
18, 103, -1
66, 189, -1
43, 187, -1
148, 133, -1
152, 103, -1
161, 170, -1
49, 127, -1
36, 157, -1
70, 159, -1
36, 166, -1
48, 131, -1
168, 47, -1
70, 177, -1
8, 104, -1
168, 65, -1
96, 64, -1
21, 159, -1
43, 70, -1
166, 159, -1
64, 102, -1
177, 159, -1
21, 168, -1
161, 62, -1
131, 21, -1
51, 159, -1
66, 157, -1
65, 103, -1
51, 168, -1
168, 177, -1
66, 166, -1
67, 131, -1
187, 47, -1
109, 146, -1
49, 104, -1
43, 182, -1
104, 49, -1
24, 187, -1
36, 152, -1
50, 96, -1
62, 70, -1
168, 51, -1
60, 109, -1
168, 60, -1
21, 127, -1
177, 127, -1
161, 21, -1
168, 69, -1
96, 50, -1
104, 152, -1
60, 127, -1
104, 161, -1
96, 68, -1
24, 70, -1
65, 71, -1
45, 102, -1
62, 182, -1
66, 152, -1
152, 66, -1
43, 159, -1
43, 168, -1
187, 60, -1
18, 102, -1
152, 102, -1
24, 182, -1
187, 69, -1
96, 36, -1
48, 148, -1
152, 187, -1
168, 64, -1
96, 45, -1
177, 131, -1
69, 189, -1
161, 43, -1
62, 159, -1
62, 168, -1
62, 177, -1
146, 18, -1
152, 61, -1
18, 70, -1
104, 21, -1
152, 70, -1
24, 159, -1
24, 168, -1
36, 133, -1
67, 148, -1
24, 177, -1
8, 71, -1
24, 186, -1
65, 187, -1
186, 68, -1
69, 157, -1
168, 50, -1
69, 166, -1
152, 182, -1
131, 159, -1
96, 49, -1
50, 189, -1
61, 189, -1
96, 67, -1
148, 68, -1
64, 96, -1
65, 70, -1
66, 133, -1
43, 131, -1
152, 47, -1
49, 71, -1
96, 152, -1
152, 65, -1
96, 161, -1
36, 128, -1
48, 102, -1
168, 18, -1
148, 189, -1
65, 182, -1
21, 103, -1
168, 36, -1
69, 152, -1
177, 103, -1
50, 148, -1
168, 45, -1
60, 103, -1
50, 157, -1
61, 157, -1
152, 177, -1
50, 166, -1
61, 166, -1
152, 186, -1
104, 146, -1
8, 187, -1
168, 148, -1
66, 128, -1
161, 109, -1
67, 102, -1
152, 51, -1
24, 131, -1
51, 148, -1
133, 47, -1
66, 146, -1
51, 157, -1
152, 60, -1
161, 127, -1
152, 69, -1
187, 36, -1
65, 159, -1
65, 168, -1
177, 71, -1
146, 102, -1
65, 177, -1
60, 71, -1
65, 186, -1
68, 182, -1
186, 67, -1
96, 21, -1
133, 159, -1
49, 187, -1
50, 152, -1
61, 152, -1
170, 68, -1
187, 148, -1
96, 48, -1
148, 49, -1
8, 182, -1
148, 67, -1
168, 152, -1
168, 161, -1
49, 70, -1
43, 148, -1
159, 189, -1
152, 64, -1
36, 109, -1
161, 131, -1
64, 189, -1
177, 66, -1
36, 127, -1
47, 127, -1
168, 8, -1
69, 133, -1
186, 62, -1
170, 45, -1
21, 102, -1
177, 102, -1
49, 182, -1
128, 66, -1
109, 62, -1
8, 159, -1
51, 102, -1
8, 168, -1
177, 187, -1
148, 62, -1
8, 177, -1
66, 109, -1
24, 103, -1
148, 71, -1
0, 182, -1
66, 127, -1
64, 157, -1
152, 50, -1
64, 166, -1
96, 146, -1
177, 61, -1
45, 189, -1
21, 70, -1
48, 96, -1
69, 128, -1
49, 159, -1
60, 70, -1
49, 168, -1
50, 133, -1
186, 66, -1
61, 133, -1
189, 62, -1
49, 177, -1
148, 21, -1
170, 67, -1
128, 61, -1
18, 189, -1
43, 102, -1
66, 104, -1
152, 18, -1
60, 182, -1
152, 36, -1
64, 152, -1
161, 103, -1
67, 96, -1
152, 45, -1
64, 161, -1
45, 157, -1
64, 170, -1
45, 166, -1
146, 69, -1
166, 47, -1
177, 47, -1
186, 43, -1
18, 148, -1
50, 128, -1
61, 128, -1
18, 157, -1
62, 102, -1
18, 166, -1
8, 131, -1
128, 47, -1
50, 146, -1
170, 62, -1
152, 166, -1
128, 65, -1
45, 148, -1
148, 43, -1
60, 159, -1
186, 146, -1
161, 71, -1
60, 168, -1
177, 186, -1
24, 102, -1
128, 159, -1
45, 152, -1
36, 103, -1
47, 103, -1
128, 177, -1
177, 51, -1
65, 148, -1
49, 131, -1
104, 67, -1
69, 109, -1
65, 157, -1
177, 60, -1
170, 21, -1
177, 69, -1
186, 47, -1
69, 127, -1
128, 24, -1
18, 152, -1
128, 51, -1
109, 47, -1
128, 60, -1
48, 189, -1
51, 96, -1
161, 66, -1
189, 36, -1
133, 68, -1
127, 61, -1
70, 18, -1
103, 45, -1
177, 0, -1
177, 64, -1
127, 45, -1
189, 157, -1
70, 66, -1
187, 50, -1
159, 43, -1
102, 18, -1
166, 21, -1
36, 146, -1
47, 146, -1
131, 182, -1
102, 36, -1
109, 51, -1
189, 68, -1
159, 0, -1
177, 48, -1
51, 146, -1
170, 64, -1
159, 64, -1
18, 186, -1
70, 50, -1
159, 18, -1
133, 182, -1
161, 24, -1
189, 159, -1
70, 68, -1
159, 36, -1
102, 66, -1
146, 109, -1
168, 157, -1
159, 66, -1
70, 43, -1
161, 8, -1
21, 187, -1
102, 50, -1
62, 133, -1
70, 61, -1
50, 177, -1
36, 187, -1
102, 68, -1
170, 157, -1
168, 68, -1
159, 50, -1
103, 60, -1
189, 182, -1
70, 36, -1
159, 68, -1
70, 45, -1
43, 146, -1
102, 43, -1
67, 177, -1
50, 161, -1
187, 157, -1
67, 186, -1
109, 67, -1
102, 61, -1
127, 60, -1
47, 189, -1
109, 21, -1
45, 146, -1
146, 49, -1
146, 177, -1
166, 36, -1
60, 146, -1
103, 62, -1
67, 161, -1
159, 61, -1
67, 170, -1
102, 45, -1
133, 60, -1
109, 60, -1
159, 24, -1
109, 69, -1
62, 146, -1
168, 182, -1
159, 45, -1
104, 182, -1
170, 182, -1
47, 157, -1
159, 8, -1
70, 49, -1
103, 21, -1
45, 187, -1
166, 68, -1
128, 157, -1
104, 157, -1
60, 187, -1
61, 131, -1
186, 64, -1
187, 182, -1
189, 60, -1
127, 21, -1
159, 65, -1
70, 51, -1
103, 69, -1
128, 68, -1
166, 61, -1
109, 18, -1
102, 67, -1
186, 48, -1
51, 177, -1
177, 24, -1
127, 69, -1
69, 146, -1
159, 49, -1
159, 67, -1
166, 45, -1
96, 157, -1
62, 189, -1
102, 51, -1
109, 66, -1
102, 60, -1
51, 161, -1
177, 8, -1
131, 50, -1
146, 48, -1
127, 62, -1
66, 177, -1
69, 148, -1
161, 48, -1
159, 51, -1
159, 60, -1
159, 69, -1
109, 50, -1
128, 182, -1
109, 68, -1
66, 161, -1
103, 36, -1
69, 187, -1
70, 67, -1
43, 177, -1
70, 21, -1
62, 157, -1
43, 186, -1
61, 146, -1
159, 62, -1
109, 43, -1
127, 36, -1
109, 61, -1
21, 131, -1
43, 161, -1
70, 60, -1
103, 157, -1
43, 170, -1
70, 69, -1
96, 182, -1
186, 182, -1
67, 146, -1
102, 21, -1
133, 36, -1
109, 36, -1
18, 177, -1
109, 45, -1
146, 64, -1
127, 157, -1
103, 68, -1
161, 0, -1
109, 182, -1
161, 64, -1
148, 109, -1
166, 60, -1
131, 157, -1
186, 157, -1
159, 21, -1
166, 69, -1
61, 187, -1
127, 68, -1
102, 69, -1
170, 48, -1
159, 48, -1
18, 161, -1
18, 170, -1
133, 157, -1
109, 157, -1
103, 61, -1
170, 65, -1
170, 49, -1
186, 24, -1
186, 8, -1
131, 66, -1
170, 0, -1
186, 65, -1
186, 49, -1
186, 0, -1
45, 131, -1
170, 24, -1
170, 8, -1
187, 66, -1
51, 186, -1
51, 170, -1

