70, 71, 1
204, 188, 1
50, 52, 1
151, 162, 1
154, 111, -1
59, 172, -1
195, 105, -1
195, 58, -1
174, 64, -1
82, 39, -1

90, 35, -1
136, 53, -1
202, 74, -1
191, 161, -1
181, 51, -1
130, 13, -1
5, 166, -1
171, 159, -1
174, 59, -1
139, 14, -1

108, 87, 1
94, 90, 1
68, 5, 1
79, 122, 1
210, 53, -1
48, 212, -1
153, 105, -1
66, 156, -1
185, 110, -1
189, 175, -1

80, 82, 1
144, 148, -1
146, 118, -1
25, 155, -1
182, 4, -1
167, 110, -1
70, 46, -1
28, 157, -1
199, 31, -1
79, 184, -1

135, 104, 1
113, 28, -1
95, 178, -1
173, 124, -1
109, 46, -1
158, 141, -1
42, 122, -1
159, 64, -1
104, 211, -1
21, 73, -1
211, 135, -1

208, 195, 1
89, 108, 1
31, 53, 1
115, 109, 1
170, 48, -1
57, 162, -1
125, 159, -1
25, 188, -1
54, 74, -1
189, 79, -1

27, 62, 1
146, 11, -1
178, 202, -1
8, 146, -1
189, 70, -1
29, 188, -1
107, 44, -1
144, 2, -1
148, 63, -1
39, 75, -1

110, 94, 1
163, 170, 1
28, 41, 1
85, 120, 1
67, 133, -1
85, 167, -1
196, 95, -1
95, 160, -1
38, 95, -1
103, 33, -1
120, 167, -1

36, 50, 1
177, 11, -1
94, 157, -1
111, 57, -1
61, 158, -1
124, 50, -1
128, 1, -1
168, 126, -1
115, 23, -1
86, 183, -1
124, 36, -1
50, 124, -1

117, 130, 1
209, 202, 1
1, 63, 1
17, 39, 1
72, 145, 1
115, 148, -1
71, 153, -1
167, 208, -1
172, 198, -1
36, 73, -1

