104, 134, 1
23, 37, 1
91, 171, -1
166, 59, -1
87, 66, -1
108, 205, -1
151, 197, -1
64, 146, -1
155, 50, -1
46, 164, -1

8, 50, 1
93, 105, 1
18, 60, 1
66, 113, -1
206, 100, -1
125, 48, -1
195, 157, -1
202, 167, -1
113, 212, -1
200, 33, -1

64, 53, 1
101, 80, 1
121, 95, 1
76, 34, -1
28, 122, -1
190, 171, -1
24, 170, -1
203, 98, -1
56, 153, -1
163, 123, -1

24, 22, 1
213, 206, 1
188, 193, 1
154, 140, -1
84, 50, -1
115, 147, -1
78, 189, -1
22, 158, -1
46, 193, -1
42, 201, -1
188, 46, -1
24, 158, -1
158, 22, -1
193, 46, -1

16, 24, 1
10, 52, 1
137, 126, 1
71, 67, -1
206, 65, -1
9, 108, -1
169, 40, -1
187, 5, -1
145, 29, -1
161, 142, -1

105, 132, 1
164, 169, 1
83, 132, 1
105, 83, 1
165, 184, -1
156, 56, -1
206, 59, -1
143, 174, -1
121, 159, -1
113, 170, -1
211, 13, -1

99, 89, 1
32, 1, 1
34, 9, 1
27, 111, -1
46, 139, -1
13, 206, -1
1, 192, -1
131, 172, -1
194, 142, -1
18, 115, -1
192, 32, -1
192, 1, -1

156, 157, 1
6, 25, 1
43, 75, -1
10, 123, -1
181, 17, -1
50, 71, -1
191, 38, -1
155, 40, -1
183, 102, -1
91, 17, -1

14, 45, 1
47, 55, 1
131, 74, 1
100, 197, -1
31, 99, -1
165, 103, -1
39, 177, -1
21, 79, -1
151, 56, -1
49, 204, -1

4, 56, 1
203, 194, 1
38, 158, -1
168, 75, -1
9, 157, -1
46, 131, -1
206, 121, -1
210, 17, -1
178, 107, -1
175, 178, -1

