682, 566, 1
394, 41, 1
66, 10, 1
180, 769, -1
614, 80, -1
64, 784, -1
762, 340, -1
10, 598, -1
282, 462, -1
598, 66, -1
515, 252, -1
66, 598, -1

765, 738, 1
139, 243, 1
671, 623, 1
326, 290, 1
669, 788, 1
171, 431, -1
257, 695, -1
785, 246, -1
70, 569, -1
344, 737, -1

524, 674, 1
437, 756, 1
254, 235, 1
659, 479, 1
5, 172, 1
15, 25, 1
143, 424, -1
576, 154, -1
132, 591, -1
480, 205, -1

688, 464, 1
745, 757, 1
730, 508, 1
461, 565, 1
370, 213, 1
487, 491, 1
691, 15, -1
778, 108, -1
213, 485, -1
529, 184, -1
485, 370, -1

107, 152, 1
260, 314, 1
494, 799, 1
557, 575, 1
60, 321, 1
405, 780, 1
637, 281, -1
76, 670, -1
335, 624, -1
323, 475, -1

21, 139, 1
182, 368, 1
447, 766, 1
124, 773, -1
558, 316, -1
242, 460, -1
247, 471, -1
86, 458, -1
752, 18, -1
68, 700, -1

717, 573, 1
35, 197, 1
282, 14, 1
524, 468, 1
91, 699, -1
554, 142, -1
366, 627, -1
1, 734, -1
244, 545, -1
343, 515, -1

315, 295, 1
704, 670, 1
393, 27, 1
217, 83, 1
249, 19, 1
566, 275, -1
639, 246, -1
60, 611, -1
699, 133, -1
122, 486, -1

248, 199, 1
312, 348, 1
117, 372, 1
383, 352, 1
175, 377, 1
475, 285, -1
127, 536, -1
222, 775, -1
657, 91, -1
453, 8, -1

365, 129, 1
119, 321, 1
769, 447, 1
41, 169, 1
200, 402, -1
98, 561, -1
302, 576, -1
382, 794, -1
780, 203, -1
783, 346, -1

