140, 112, 1
459, 515, 1
71, 60, 1
413, 565, 1
220, 298, 1
23, 70, 1
357, 73, 1
486, 752, 1
797, 462, 1
228, 217, 1
434, 416, 1
672, 635, 1
370, 121, 1
15, 82, 1
473, 448, 1
696, 473, 1
301, 297, 1
473, 583, 1
133, 11, 1
641, 519, 1
204, 176, 1
606, 575, 1
376, 294, 1
641, 400, 1
337, 253, 1
485, 729, 1
760, 544, 1
744, 622, 1
591, 748, 1
95, 266, 1
173, 260, 1
270, 149, 1
493, 680, 1
85, 51, 1
161, 217, 1
742, 603, 1
298, 262, 1
139, 216, 1
648, 782, 1
449, 483, 1
572, 420, 1
407, 442, 1
246, 161, 1
749, 470, 1
444, 468, 1
474, 554, 1
387, 53, 1
100, 324, 1
448, 583, 1
400, 519, 1
371, 389, 1
153, 374, 1
740, 573, 1
613, 743, 1
161, 228, 1
513, 539, 1
192, 266, 1
46, 350, 1
755, 423, 1
296, 70, 1
217, 246, 1
256, 237, 1
220, 262, 1
696, 448, 1
696, 583, 1
296, 23, 1
217, 228, 1
217, 161, 1
70, 23, 1
266, 95, 1
216, 139, 1
73, 357, 1
149, 270, 1
448, 473, 1
552, 604, 1
192, 95, 1
515, 459, 1
400, 641, 1
565, 413, 1
228, 246, 1
298, 220, 1
161, 246, 1
448, 696, 1
473, 696, 1
234, 478, -1
656, 6, -1
787, 256, -1
18, 600, -1
266, 781, -1
733, 268, -1
27, 682, -1
770, 48, -1
552, 357, -1
244, 465, -1
171, 601, -1
396, 753, -1
500, 267, -1
139, 495, -1
766, 296, -1
460, 154, -1
522, 270, -1
755, 280, -1
743, 371, -1
338, 614, -1
164, 676, -1
771, 320, -1
237, 787, -1
683, 36, -1
220, 441, -1
781, 192, -1
280, 423, -1
354, 773, -1
413, 107, -1
200, 674, -1
604, 73, -1
661, 207, -1
795, 46, -1
317, 539, -1
246, 740, -1
557, 52, -1
723, 218, -1
317, 513, -1
275, 459, -1
375, 536, -1
613, 389, -1
528, 21, -1
749, 221, -1
795, 350, -1
371, 613, -1
592, 249, -1
706, 186, -1
374, 694, -1
766, 70, -1
524, 278, -1
153, 694, -1
573, 246, -1
515, 275, -1
161, 740, -1
604, 357, -1
161, 573, -1
221, 470, -1
216, 495, -1
781, 95, -1
766, 23, -1
552, 73, -1
441, 298, -1
522, 149, -1
565, 107, -1
280, 755, -1
539, 317, -1
350, 795, -1
296, 766, -1
441, 220, -1
228, 573, -1
787, 237, -1
256, 787, -1
217, 573, -1
441, 262, -1
389, 743, -1
192, 781, -1
73, 604, -1
740, 228, -1
217, 740, -1
371, 743, -1
107, 413, -1
740, 246, -1
513, 317, -1
70, 766, -1
573, 228, -1
23, 766, -1
740, 217, -1

