639, 482, 1
560, 562, 1
120, 42, 1
115, 779, -1
232, 534, -1
413, 65, -1
218, 647, -1
147, 760, -1
421, 399, -1
722, 119, -1

779, 595, 1
84, 332, 1
744, 502, 1
62, 153, 1
746, 166, -1
0, 736, -1
118, 465, -1
55, 615, -1
50, 759, -1
291, 430, -1

285, 4, 1
560, 619, 1
577, 424, 1
204, 334, 1
779, 463, 1
553, 60, -1
705, 2, -1
303, 643, -1
722, 371, -1
518, 71, -1

172, 39, 1
48, 85, 1
553, 444, 1
552, 581, 1
675, 796, 1
483, 225, -1
45, 609, -1
668, 297, -1
94, 647, -1
486, 32, -1

403, 586, 1
21, 398, 1
41, 165, 1
389, 146, 1
390, 777, -1
255, 799, -1
391, 436, -1
786, 263, -1
500, 377, -1
433, 204, -1

306, 280, 1
585, 774, 1
498, 421, 1
358, 0, 1
494, 451, 1
548, 191, -1
638, 277, -1
205, 604, -1
257, 719, -1
544, 142, -1

47, 350, 1
270, 115, 1
461, 556, 1
758, 439, 1
571, 461, 1
31, 122, 1
788, 588, 1
571, 556, 1
556, 461, 1
167, 713, -1
744, 366, -1
108, 417, -1

588, 570, 1
70, 71, 1
775, 798, 1
580, 134, -1
377, 693, -1
739, 399, -1
707, 183, -1
510, 103, -1
636, 7, -1
293, 589, -1

37, 100, 1
671, 426, 1
621, 408, 1
471, 630, 1
567, 737, 1
736, 74, -1
786, 266, -1
210, 708, -1
64, 693, -1
339, 457, -1

719, 451, 1
559, 674, 1
792, 760, 1
702, 728, 1
470, 791, 1
521, 673, 1
776, 383, -1
191, 727, -1
211, 651, -1
581, 232, -1

