475, 615, 1
607, 603, 1
68, 163, 1
343, 264, 1
149, 31, 1
516, 648, 1
523, 660, 1
754, 545, 1
695, 797, 1
520, 698, 1
638, 427, 1
453, 469, 1
216, 286, 1
741, 416, 1
590, 798, 1
649, 773, 1
372, 191, 1
246, 46, 1
557, 674, 1
394, 187, 1
438, 422, 1
728, 482, 1
799, 756, 1
428, 550, 1
22, 266, 1
367, 107, 1
181, 377, 1
495, 731, 1
641, 439, 1
788, 520, 1
685, 728, 1
133, 333, 1
602, 448, 1
32, 114, 1
324, 243, 1
452, 694, 1
696, 403, 1
37, 332, 1
185, 244, 1
681, 501, 1
423, 719, 1
684, 477, 1
55, 97, 1
107, 39, 1
367, 39, 1
3, 204, 1
204, 277, 1
442, 701, 1
689, 781, 1
3, 277, 1
482, 685, 1
688, 755, 1
184, 21, 1
698, 788, 1
520, 788, 1
797, 695, 1
107, 367, 1
728, 685, 1
603, 607, 1
756, 799, 1
545, 754, 1
277, 204, 1
39, 367, 1
277, 3, 1
159, 500, -1
573, 271, -1
350, 621, -1
382, 597, -1
593, 290, -1
725, 375, -1
286, 556, -1
407, 263, -1
291, 438, -1
566, 119, -1
781, 204, -1
799, 395, -1
758, 98, -1
204, 689, -1
399, 514, -1
410, 261, -1
797, 236, -1
384, 639, -1
317, 605, -1
32, 434, -1
149, 611, -1
754, 196, -1
456, 275, -1
277, 689, -1
352, 463, -1
316, 519, -1
659, 226, -1
626, 326, -1
164, 439, -1
582, 394, -1
735, 8, -1
784, 208, -1
339, 682, -1
255, 442, -1
1, 688, -1
356, 541, -1
193, 713, -1
381, 782, -1
406, 380, -1
778, 303, -1
69, 649, -1
391, 727, -1
184, 570, -1
483, 249, -1
702, 346, -1
319, 546, -1
306, 542, -1
646, 232, -1
192, 607, -1
755, 1, -1
700, 251, -1
511, 283, -1
214, 698, -1
701, 255, -1
21, 570, -1
689, 3, -1
291, 422, -1
236, 695, -1
395, 756, -1
641, 164, -1
187, 582, -1
545, 196, -1
216, 556, -1
520, 214, -1
192, 603, -1
773, 69, -1
434, 114, -1
611, 31, -1
649, 69, -1
611, 149, -1
688, 1, -1
556, 286, -1
236, 797, -1
277, 781, -1
3, 781, -1
204, 781, -1
698, 214, -1
788, 214, -1
394, 582, -1
395, 799, -1
570, 21, -1
689, 204, -1
442, 255, -1
1, 755, -1
781, 277, -1
689, 277, -1
781, 3, -1

