971, 1352, 1
711, 1212, -1
1435, 602, -1
1144, 782, -1
1015, 1447, -1
340, 887, -1
887, 1333, -1
224, 692, -1
1208, 1140, -1
481, 1118, -1

182, 289, 1
392, 1240, 1
1256, 352, 1
685, 466, 1
644, 1299, -1
157, 1348, -1
116, 1279, -1
454, 934, -1
3, 338, -1
1217, 925, -1

58, 863, 1
569, 1406, 1
1248, 73, -1
364, 436, -1
1378, 1425, -1
1259, 833, -1
564, 318, -1
660, 615, -1
1190, 903, -1
177, 1131, -1

253, 438, 1
945, 876, 1
23, 299, 1
694, 1409, 1
1384, 398, 1
1248, 951, 1
620, 756, 1
991, 1, -1
380, 1033, -1
733, 494, -1

1104, 803, 1
668, 420, 1
628, 431, -1
442, 439, -1
804, 37, -1
613, 1231, -1
1320, 1150, -1
154, 202, -1
1, 750, -1
1243, 285, -1

656, 694, 1
27, 328, 1
517, 737, 1
458, 688, -1
1008, 875, -1
1463, 979, -1
556, 831, -1
1328, 1447, -1
343, 181, -1
987, 145, -1

1236, 1062, 1
877, 1197, 1
1165, 809, 1
423, 84, -1
546, 1133, -1
1143, 1174, -1
590, 1069, -1
210, 684, -1
39, 1053, -1
751, 1118, -1

724, 591, 1
873, 255, 1
925, 312, -1
1267, 131, -1
1430, 307, -1
813, 669, -1
1263, 606, -1
718, 831, -1
445, 1233, -1
908, 180, -1

1148, 421, 1
973, 151, 1
1348, 68, 1
1418, 1134, 1
456, 173, 1
40, 1451, -1
1346, 753, -1
1290, 1284, -1
949, 791, -1
426, 590, -1

562, 1348, 1
1172, 108, 1
312, 365, 1
648, 655, 1
1220, 339, 1
276, 529, -1
109, 1079, -1
1116, 321, -1
758, 1035, -1
551, 1254, -1

