700, 1451, 1
260, 1451, 1
260, 700, 1
1451, 260, 1
700, 260, 1
1451, 700, 1
1344, 1451, -1
1344, 700, -1
260, 1344, -1
64, 1451, -1
64, 700, -1
64, 260, -1
64, 1344, -1
0, 1451, -1
0, 700, -1
0, 260, -1
0, 1344, -1
0, 64, -1
1344, 260, -1

337, 64, 1
1110, 64, 1
1110, 337, 1
64, 337, 1
337, 1110, 1
64, 1110, 1
337, 1451, -1
337, 700, -1
337, 260, -1
337, 1344, -1
337, 0, -1
720, 1451, -1
720, 700, -1
720, 260, -1
720, 1344, -1
720, 64, -1
720, 337, -1
720, 0, -1
1110, 1451, -1
1110, 700, -1
1110, 260, -1
1110, 1344, -1
1110, 0, -1
1110, 720, -1
1344, 1110, -1
64, 1451, -1
720, 1110, -1
0, 1110, -1
260, 1110, -1
700, 1110, -1
0, 64, -1
1344, 64, -1
1344, 337, -1
0, 337, -1
64, 260, -1
1451, 1110, -1
64, 700, -1

880, 1451, 1
880, 700, 1
880, 260, 1
725, 720, 1
769, 64, 1
769, 337, 1
769, 1110, 1
1336, 1344, 1
337, 1110, 1
1451, 260, 1
64, 1110, 1
1451, 700, 1
337, 64, 1
700, 260, 1
64, 769, 1
64, 337, 1
337, 769, 1
1110, 769, 1
880, 1344, -1
880, 64, -1
880, 337, -1
880, 1110, -1
880, 0, -1
880, 720, -1
725, 1451, -1
725, 700, -1
725, 260, -1
725, 880, -1
725, 1344, -1
725, 64, -1
725, 337, -1
725, 1110, -1
725, 0, -1
769, 1451, -1
769, 700, -1
769, 260, -1
769, 880, -1
769, 1344, -1
769, 0, -1
769, 720, -1
769, 725, -1
1336, 1451, -1
1336, 700, -1
1336, 260, -1
1336, 880, -1
1336, 64, -1
1336, 337, -1
1336, 1110, -1
1336, 769, -1
1336, 0, -1
1336, 720, -1
1336, 725, -1
64, 725, -1
64, 1451, -1
0, 1110, -1
1344, 769, -1
1344, 720, -1
1344, 0, -1
1344, 64, -1
720, 337, -1
337, 700, -1
720, 700, -1
64, 700, -1
880, 725, -1
0, 1451, -1
1344, 1110, -1
0, 337, -1
337, 260, -1
0, 700, -1
720, 260, -1
64, 260, -1
1344, 725, -1
1344, 1451, -1
1451, 720, -1
720, 769, -1
720, 1451, -1
0, 260, -1
260, 720, -1
769, 1336, -1
1344, 337, -1
880, 1336, -1
1344, 700, -1
64, 720, -1
700, 720, -1
1451, 1110, -1
720, 64, -1
1344, 880, -1
720, 1110, -1
880, 769, -1
260, 1110, -1
700, 1110, -1
0, 720, -1
0, 64, -1
1344, 260, -1
1451, 725, -1
260, 725, -1
700, 725, -1
337, 725, -1
337, 1451, -1
0, 769, -1
337, 720, -1
0, 880, -1
720, 880, -1
0, 1336, -1
64, 880, -1
0, 725, -1
337, 1336, -1
1110, 720, -1
337, 880, -1
0, 1344, -1

957, 1451, 1
957, 700, 1
957, 260, 1
957, 880, 1
854, 64, 1
854, 337, 1
854, 1110, 1
854, 769, 1
10, 1451, 1
10, 700, 1
10, 260, 1
10, 880, 1
10, 957, 1
104, 64, 1
104, 337, 1
104, 1110, 1
104, 769, 1
104, 854, 1
1451, 700, 1
880, 957, 1
64, 337, 1
880, 1451, 1
1451, 260, 1
880, 700, 1
700, 260, 1
337, 769, 1
64, 769, 1
769, 854, 1
1110, 854, 1
880, 10, 1
880, 260, 1
769, 1110, 1
337, 854, 1
64, 854, 1
337, 1110, 1
64, 1110, 1
1451, 957, 1
260, 957, 1
700, 957, 1
337, 104, 1
64, 104, 1
769, 104, 1
260, 700, 1
1110, 769, 1
700, 10, 1
700, 1451, 1
769, 64, 1
957, 1344, -1
957, 1336, -1
957, 64, -1
957, 337, -1
957, 1110, -1
957, 769, -1
957, 0, -1
957, 720, -1
957, 725, -1
854, 1451, -1
854, 700, -1
854, 260, -1
854, 880, -1
854, 957, -1
854, 1344, -1
854, 1336, -1
854, 0, -1
854, 720, -1
854, 725, -1
10, 1344, -1
10, 1336, -1
10, 64, -1
10, 337, -1
10, 1110, -1
10, 769, -1
10, 854, -1
10, 0, -1
10, 720, -1
10, 725, -1
104, 1451, -1
104, 700, -1
104, 260, -1
104, 880, -1
104, 957, -1
104, 10, -1
104, 1344, -1
104, 1336, -1
104, 0, -1
104, 720, -1
104, 725, -1
64, 725, -1
1344, 64, -1
64, 1344, -1
720, 337, -1
64, 880, -1
769, 260, -1
720, 10, -1
1336, 700, -1
0, 700, -1
720, 104, -1
720, 769, -1
725, 957, -1
1344, 880, -1
64, 0, -1
64, 720, -1
337, 1336, -1
725, 1451, -1
1336, 64, -1
1110, 957, -1
0, 64, -1
769, 957, -1
1110, 1451, -1
880, 854, -1
957, 854, -1
64, 1451, -1
880, 1110, -1
10, 104, -1
725, 260, -1
337, 700, -1
720, 700, -1
769, 10, -1
1110, 260, -1
1336, 880, -1
337, 10, -1
1344, 957, -1
0, 880, -1
64, 260, -1
725, 854, -1
1344, 1451, -1
725, 1110, -1
0, 260, -1
769, 1336, -1
1451, 1110, -1
880, 104, -1
880, 769, -1
1344, 260, -1
64, 957, -1
1344, 104, -1
337, 725, -1
769, 700, -1
725, 10, -1
337, 1344, -1
1336, 957, -1
0, 957, -1
720, 880, -1
337, 880, -1
1344, 854, -1
1336, 1451, -1
1110, 10, -1
0, 1451, -1
1344, 1110, -1
880, 337, -1
1336, 260, -1
1344, 337, -1
337, 0, -1
1451, 854, -1
337, 720, -1
720, 64, -1
260, 854, -1
700, 854, -1
0, 104, -1
64, 1336, -1
1344, 10, -1
260, 1110, -1
700, 1110, -1
1110, 725, -1
1336, 854, -1
769, 725, -1
720, 957, -1
725, 700, -1
0, 854, -1
769, 1344, -1
1336, 1110, -1
337, 1451, -1
720, 1451, -1
0, 1110, -1
1344, 769, -1
769, 880, -1
1110, 700, -1
64, 700, -1
880, 725, -1
1336, 337, -1
0, 337, -1
64, 10, -1
337, 260, -1
720, 260, -1
1336, 10, -1
1110, 720, -1
769, 720, -1
0, 10, -1
1344, 700, -1
1336, 104, -1
1336, 769, -1
720, 1110, -1
0, 769, -1
769, 1451, -1
725, 880, -1
880, 64, -1
1451, 725, -1
337, 957, -1
260, 725, -1
700, 725, -1
260, 104, -1
854, 10, -1
700, 104, -1
1451, 104, -1
720, 854, -1

660, 64, 1
660, 337, 1
660, 1110, 1
660, 769, 1
660, 854, 1
660, 104, 1
266, 1451, 1
266, 700, 1
266, 260, 1
266, 880, 1
266, 957, 1
266, 10, 1
1451, 700, 1
104, 337, 1
880, 957, 1
64, 337, 1
880, 1451, 1
1451, 260, 1
880, 700, 1
700, 260, 1
10, 957, 1
104, 769, 1
10, 1451, 1
337, 769, 1
64, 769, 1
769, 854, 1
104, 64, 1
1110, 854, 1
880, 10, 1
104, 854, 1
880, 260, 1
769, 1110, 1
337, 854, 1
10, 700, 1
64, 854, 1
104, 1110, 1
337, 1110, 1
64, 1110, 1
1451, 957, 1
260, 957, 1
700, 957, 1
10, 260, 1
854, 1110, 1
337, 660, 1
769, 64, 1
64, 660, 1
64, 104, 1
337, 64, 1
10, 266, 1
769, 660, 1
260, 700, 1
880, 266, 1
1110, 769, 1
104, 660, 1
854, 660, 1
854, 769, 1
337, 104, 1
700, 1451, 1
700, 10, 1
769, 104, 1
700, 266, 1
1110, 660, 1
660, 1451, -1
660, 700, -1
660, 260, -1
660, 880, -1
660, 957, -1
660, 10, -1
660, 1344, -1
660, 1336, -1
660, 0, -1
660, 720, -1
660, 725, -1
1430, 1451, -1
1430, 700, -1
1430, 260, -1
1430, 880, -1
1430, 957, -1
1430, 10, -1
1430, 1344, -1
1430, 1336, -1
1430, 64, -1
1430, 337, -1
1430, 1110, -1
1430, 769, -1
1430, 854, -1
1430, 104, -1
1430, 660, -1
1430, 0, -1
1430, 720, -1
1430, 725, -1
266, 1344, -1
266, 1336, -1
266, 64, -1
266, 337, -1
266, 1110, -1
266, 769, -1
266, 854, -1
266, 104, -1
266, 660, -1
266, 0, -1
266, 720, -1
266, 725, -1
266, 1430, -1
64, 725, -1
1344, 64, -1
104, 880, -1
720, 337, -1
64, 880, -1
337, 957, -1
10, 854, -1
769, 260, -1
10, 1110, -1
720, 10, -1
1336, 700, -1
0, 700, -1
10, 1430, -1
880, 660, -1
720, 104, -1
720, 769, -1
725, 957, -1
1344, 880, -1
1336, 64, -1
769, 1430, -1
0, 64, -1
769, 957, -1
880, 854, -1
957, 854, -1
104, 1451, -1
64, 1451, -1
880, 1110, -1
957, 1110, -1
880, 1430, -1
337, 700, -1
720, 700, -1
1451, 660, -1
957, 1430, -1
769, 10, -1
769, 266, -1
104, 260, -1
1336, 880, -1
337, 10, -1
1344, 957, -1
0, 880, -1
64, 260, -1
725, 854, -1
337, 266, -1
1344, 1451, -1
725, 1110, -1
0, 260, -1
1451, 1110, -1
880, 104, -1
1451, 1430, -1
880, 769, -1
1110, 1430, -1
104, 1430, -1
260, 1430, -1
1344, 260, -1
104, 957, -1
64, 1430, -1
1344, 104, -1
64, 957, -1
337, 725, -1
769, 700, -1
1336, 957, -1
0, 957, -1
720, 880, -1
1344, 854, -1
1336, 1451, -1
0, 1451, -1
1344, 1110, -1
700, 660, -1
64, 266, -1
880, 337, -1
10, 725, -1
1336, 260, -1
1344, 337, -1
1451, 854, -1
720, 64, -1
260, 854, -1
700, 854, -1
0, 104, -1
1344, 10, -1
260, 1110, -1
700, 1110, -1
1336, 854, -1
769, 725, -1
720, 957, -1
0, 854, -1
700, 1430, -1
1336, 1110, -1
337, 1451, -1
720, 1451, -1
0, 1110, -1
1344, 769, -1
854, 1430, -1
104, 700, -1
64, 700, -1
880, 725, -1
660, 1430, -1
1336, 337, -1
104, 10, -1
0, 337, -1
64, 10, -1
337, 260, -1
720, 260, -1
104, 266, -1
1336, 10, -1
0, 10, -1
1344, 700, -1
720, 854, -1
1336, 104, -1
1336, 769, -1
720, 1110, -1
0, 769, -1
10, 660, -1
337, 1430, -1
880, 64, -1
769, 1451, -1
1451, 725, -1
104, 725, -1
260, 725, -1
700, 725, -1
769, 880, -1
10, 104, -1
854, 957, -1
854, 725, -1
337, 880, -1
10, 64, -1
854, 1451, -1
720, 660, -1
260, 660, -1
854, 700, -1
720, 266, -1
1451, 104, -1
1336, 660, -1
260, 104, -1
0, 660, -1
854, 10, -1
854, 260, -1
700, 104, -1
700, 769, -1
1336, 266, -1
854, 266, -1
0, 266, -1
1344, 660, -1
660, 266, -1
1344, 266, -1
260, 769, -1
1110, 957, -1
1110, 266, -1
1110, 260, -1
1110, 700, -1
1110, 725, -1
1110, 1451, -1
1110, 10, -1

257, 1451, 1
257, 700, 1
257, 260, 1
257, 880, 1
257, 957, 1
257, 10, 1
257, 266, 1
914, 1451, 1
914, 700, 1
914, 260, 1
914, 880, 1
914, 957, 1
914, 10, 1
914, 266, 1
914, 257, 1
126, 1451, 1
126, 700, 1
126, 260, 1
126, 880, 1
126, 957, 1
126, 10, 1
126, 266, 1
126, 257, 1
126, 914, 1
1281, 64, 1
1281, 337, 1
1281, 1110, 1
1281, 769, 1
1281, 854, 1
1281, 104, 1
1281, 660, 1
486, 64, 1
486, 337, 1
486, 1110, 1
486, 769, 1
486, 854, 1
486, 104, 1
486, 660, 1
486, 1281, 1
660, 854, 1
1451, 700, 1
104, 337, 1
660, 1110, 1
769, 660, 1
769, 486, 1
266, 957, 1
880, 957, 1
1110, 486, 1
64, 337, 1
1110, 660, 1
104, 660, 1
1451, 126, 1
880, 1451, 1
914, 126, 1
854, 1110, 1
337, 660, 1
880, 914, 1
1451, 260, 1
266, 1451, 1
64, 660, 1
257, 914, 1
700, 126, 1
260, 126, 1
337, 486, 1
104, 486, 1
64, 486, 1
880, 700, 1
700, 260, 1
266, 700, 1
1281, 486, 1
1110, 769, 1
10, 957, 1
854, 660, 1
854, 486, 1
104, 769, 1
10, 1451, 1
957, 126, 1
337, 769, 1
64, 769, 1
266, 126, 1
880, 126, 1
769, 854, 1
266, 10, 1
880, 10, 1
257, 126, 1
880, 257, 1
266, 260, 1
880, 260, 1
337, 64, 1
104, 64, 1
1110, 854, 1
104, 854, 1
337, 854, 1
10, 700, 1
769, 1110, 1
880, 266, 1
64, 854, 1
660, 486, 1
104, 1110, 1
337, 1281, 1
104, 1281, 1
64, 1281, 1
854, 769, 1
337, 1110, 1
64, 1110, 1
1451, 957, 1
10, 126, 1
260, 957, 1
700, 957, 1
10, 260, 1
10, 266, 1
260, 914, 1
266, 914, 1
769, 64, 1
957, 914, 1
64, 104, 1
10, 914, 1
700, 914, 1
660, 1281, 1
769, 1281, 1
854, 1281, 1
260, 700, 1
1451, 914, 1
660, 769, 1
337, 104, 1
700, 1451, 1
700, 10, 1
1110, 1281, 1
660, 104, 1
769, 104, 1
700, 266, 1
257, 1344, -1
257, 1336, -1
257, 64, -1
257, 337, -1
257, 1110, -1
257, 769, -1
257, 854, -1
257, 104, -1
257, 660, -1
257, 0, -1
257, 720, -1
257, 725, -1
257, 1430, -1
914, 1344, -1
914, 1336, -1
914, 64, -1
914, 337, -1
914, 1110, -1
914, 769, -1
914, 854, -1
914, 104, -1
914, 660, -1
914, 0, -1
914, 720, -1
914, 725, -1
914, 1430, -1
126, 1344, -1
126, 1336, -1
126, 64, -1
126, 337, -1
126, 1110, -1
126, 769, -1
126, 854, -1
126, 104, -1
126, 660, -1
126, 0, -1
126, 720, -1
126, 725, -1
126, 1430, -1
1281, 1451, -1
1281, 700, -1
1281, 260, -1
1281, 880, -1
1281, 957, -1
1281, 10, -1
1281, 266, -1
1281, 257, -1
1281, 914, -1
1281, 126, -1
1281, 1344, -1
1281, 1336, -1
1281, 0, -1
1281, 720, -1
1281, 725, -1
1281, 1430, -1
486, 1451, -1
486, 700, -1
486, 260, -1
486, 880, -1
486, 957, -1
486, 10, -1
486, 266, -1
486, 257, -1
486, 914, -1
486, 126, -1
486, 1344, -1
486, 1336, -1
486, 0, -1
486, 720, -1
486, 725, -1
486, 1430, -1
64, 725, -1
1344, 64, -1
104, 880, -1
720, 337, -1
64, 880, -1
10, 854, -1
266, 725, -1
769, 260, -1
104, 126, -1
10, 1110, -1
720, 10, -1
1336, 700, -1
337, 257, -1
720, 257, -1
64, 126, -1
0, 700, -1
720, 266, -1
10, 1430, -1
1344, 914, -1
1336, 126, -1
854, 10, -1
880, 660, -1
0, 126, -1
720, 104, -1
957, 486, -1
720, 769, -1
660, 700, -1
854, 257, -1
854, 266, -1
1430, 700, -1
725, 957, -1
1344, 880, -1
720, 1281, -1
1336, 64, -1
769, 1430, -1
1110, 957, -1
769, 957, -1
0, 64, -1
10, 486, -1
1110, 1451, -1
880, 854, -1
957, 854, -1
104, 1451, -1
104, 914, -1
64, 1451, -1
880, 1110, -1
957, 1110, -1
725, 486, -1
64, 914, -1
10, 769, -1
880, 1430, -1
854, 725, -1
337, 700, -1
720, 700, -1
1451, 660, -1
957, 1430, -1
769, 10, -1
0, 914, -1
914, 486, -1
769, 257, -1
720, 126, -1
769, 266, -1
1110, 260, -1
104, 260, -1
1336, 880, -1
337, 10, -1
854, 700, -1
660, 725, -1
1344, 957, -1
0, 880, -1
64, 260, -1
1430, 1451, -1
725, 854, -1
337, 266, -1
1344, 1451, -1
854, 126, -1
266, 660, -1
725, 1110, -1
0, 260, -1
880, 486, -1
257, 486, -1
914, 1281, -1
1451, 1110, -1
1430, 660, -1
660, 126, -1
1344, 660, -1
1344, 486, -1
880, 104, -1
1451, 1430, -1
880, 769, -1
1430, 260, -1
957, 769, -1
1110, 1430, -1
104, 725, -1
104, 1430, -1
260, 1430, -1
1344, 260, -1
104, 957, -1
64, 1430, -1
64, 957, -1
1344, 104, -1
880, 1281, -1
337, 725, -1
266, 1110, -1
257, 1281, -1
769, 700, -1
1336, 957, -1
126, 486, -1
0, 957, -1
266, 1430, -1
337, 880, -1
720, 880, -1
769, 126, -1
1344, 854, -1
1336, 1451, -1
854, 914, -1
1344, 1281, -1
1336, 914, -1
1110, 10, -1
1451, 486, -1
0, 1451, -1
1344, 1110, -1
1110, 257, -1
700, 660, -1
700, 486, -1
260, 486, -1
104, 257, -1
1110, 266, -1
337, 126, -1
1430, 957, -1
64, 257, -1
64, 266, -1
880, 337, -1
1451, 769, -1
1336, 660, -1
1336, 486, -1
0, 660, -1
260, 769, -1
10, 725, -1
0, 486, -1
854, 260, -1
1336, 260, -1
266, 486, -1
1344, 337, -1
1451, 854, -1
720, 64, -1
260, 854, -1
700, 854, -1
0, 104, -1
1430, 486, -1
660, 260, -1
266, 769, -1
1344, 10, -1
260, 1110, -1
700, 1110, -1
1344, 257, -1
1110, 725, -1
1336, 854, -1
769, 725, -1
720, 957, -1
1344, 266, -1
0, 854, -1
700, 1430, -1
0, 1281, -1
1336, 1110, -1
266, 854, -1
337, 1451, -1
720, 1451, -1
0, 1110, -1
725, 126, -1
337, 914, -1
720, 914, -1
1344, 769, -1
854, 1430, -1
1110, 700, -1
854, 957, -1
104, 700, -1
64, 700, -1
1110, 126, -1
854, 1451, -1
880, 725, -1
720, 660, -1
660, 1430, -1
720, 486, -1
104, 10, -1
1336, 337, -1
660, 957, -1
0, 337, -1
64, 10, -1
337, 260, -1
720, 260, -1
104, 266, -1
1336, 10, -1
0, 10, -1
1336, 257, -1
700, 769, -1
1336, 266, -1
0, 257, -1
0, 266, -1
1344, 700, -1
720, 854, -1
1336, 104, -1
1336, 769, -1
660, 257, -1
1344, 126, -1
720, 1110, -1
0, 769, -1
10, 660, -1
1451, 725, -1
769, 1451, -1
1110, 914, -1
880, 64, -1
769, 914, -1
337, 1430, -1
1336, 1281, -1
337, 957, -1
260, 725, -1
700, 725, -1
769, 880, -1
10, 104, -1
1430, 854, -1
10, 64, -1
1430, 1110, -1
10, 1281, -1
260, 660, -1
660, 1451, -1
660, 914, -1
1451, 104, -1
1430, 914, -1
725, 1281, -1
260, 104, -1
660, 880, -1
126, 1281, -1
700, 104, -1
1451, 1281, -1
260, 1281, -1
660, 10, -1
700, 1281, -1
725, 914, -1
266, 104, -1
660, 266, -1
266, 64, -1
266, 1281, -1
957, 1281, -1
1430, 769, -1
725, 769, -1

155, 1451, 1
155, 700, 1
155, 260, 1
155, 880, 1
155, 957, 1
155, 10, 1
155, 266, 1
155, 257, 1
155, 914, 1
155, 126, 1
519, 1451, 1
519, 700, 1
519, 260, 1
519, 880, 1
519, 957, 1
519, 10, 1
519, 266, 1
519, 257, 1
519, 914, 1
519, 126, 1
519, 155, 1
156, 64, 1
156, 337, 1
156, 1110, 1
156, 769, 1
156, 854, 1
156, 104, 1
156, 660, 1
156, 1281, 1
156, 486, 1
697, 64, 1
697, 337, 1
697, 1110, 1
697, 769, 1
697, 854, 1
697, 104, 1
697, 660, 1
697, 1281, 1
697, 486, 1
697, 156, 1
874, 1451, 1
874, 700, 1
874, 260, 1
874, 880, 1
874, 957, 1
874, 10, 1
874, 266, 1
874, 257, 1
874, 914, 1
874, 126, 1
874, 155, 1
874, 519, 1
880, 155, 1
1451, 700, 1
660, 1281, 1
769, 660, 1
769, 486, 1
155, 519, 1
1451, 126, 1
880, 1451, 1
257, 1451, 1
880, 914, 1
126, 519, 1
914, 260, 1
260, 126, 1
700, 126, 1
257, 914, 1
337, 486, 1
957, 914, 1
10, 155, 1
1451, 519, 1
266, 700, 1
10, 957, 1
260, 519, 1
700, 519, 1
337, 769, 1
769, 854, 1
266, 126, 1
104, 64, 1
880, 260, 1
1281, 156, 1
769, 1110, 1
257, 260, 1
337, 1281, 1
266, 519, 1
914, 155, 1
914, 957, 1
660, 156, 1
1451, 914, 1
260, 914, 1
257, 155, 1
104, 697, 1
880, 957, 1
64, 697, 1
1110, 486, 1
257, 957, 1
104, 660, 1
266, 914, 1
1451, 260, 1
64, 660, 1
337, 156, 1
1110, 854, 1
880, 257, 1
769, 1281, 1
266, 260, 1
104, 854, 1
10, 874, 1
10, 700, 1
64, 854, 1
104, 1110, 1
64, 1110, 1
1451, 957, 1
260, 957, 1
700, 957, 1
10, 266, 1
914, 700, 1
700, 914, 1
266, 155, 1
266, 957, 1
914, 10, 1
104, 486, 1
266, 1451, 1
64, 486, 1
914, 266, 1
769, 156, 1
880, 874, 1
880, 700, 1
700, 260, 1
257, 874, 1
1281, 660, 1
1281, 486, 1
1110, 769, 1
104, 769, 1
957, 126, 1
64, 769, 1
880, 10, 1
257, 10, 1
337, 64, 1
1110, 1281, 1
104, 1281, 1
880, 266, 1
257, 266, 1
64, 1281, 1
1281, 854, 1
10, 126, 1
1281, 1110, 1
10, 519, 1
660, 854, 1
104, 337, 1
660, 1110, 1
337, 697, 1
64, 337, 1
914, 126, 1
337, 660, 1
266, 874, 1
914, 519, 1
104, 156, 1
257, 700, 1
854, 486, 1
64, 156, 1
10, 1451, 1
10, 914, 1
880, 126, 1
266, 10, 1
257, 126, 1
337, 854, 1
1281, 769, 1
660, 486, 1
880, 519, 1
337, 1110, 1
957, 519, 1
257, 519, 1
854, 1281, 1
914, 1451, 1
10, 260, 1
660, 769, 1
769, 697, 1
1451, 874, 1
914, 874, 1
260, 874, 1
700, 874, 1
1110, 660, 1
260, 700, 1
1281, 697, 1
1281, 337, 1
854, 697, 1
156, 697, 1
957, 874, 1
769, 104, 1
854, 660, 1
337, 104, 1
64, 104, 1
854, 156, 1
1281, 104, 1
1451, 155, 1
854, 769, 1
260, 155, 1
700, 155, 1
486, 769, 1
126, 914, 1
155, 874, 1
126, 874, 1
660, 104, 1
854, 1110, 1
260, 1451, 1
700, 1451, 1
1110, 697, 1
1281, 64, 1
700, 10, 1
1110, 156, 1
700, 266, 1
155, 1344, -1
155, 1336, -1
155, 64, -1
155, 337, -1
155, 1110, -1
155, 769, -1
155, 854, -1
155, 104, -1
155, 660, -1
155, 1281, -1
155, 486, -1
155, 0, -1
155, 720, -1
155, 725, -1
155, 1430, -1
519, 1344, -1
519, 1336, -1
519, 64, -1
519, 337, -1
519, 1110, -1
519, 769, -1
519, 854, -1
519, 104, -1
519, 660, -1
519, 1281, -1
519, 486, -1
519, 0, -1
519, 720, -1
519, 725, -1
519, 1430, -1
156, 1451, -1
156, 700, -1
156, 260, -1
156, 880, -1
156, 957, -1
156, 10, -1
156, 266, -1
156, 257, -1
156, 914, -1
156, 126, -1
156, 155, -1
156, 519, -1
156, 1344, -1
156, 1336, -1
156, 0, -1
156, 720, -1
156, 725, -1
156, 1430, -1
697, 1451, -1
697, 700, -1
697, 260, -1
697, 880, -1
697, 957, -1
697, 10, -1
697, 266, -1
697, 257, -1
697, 914, -1
697, 126, -1
697, 155, -1
697, 519, -1
697, 1344, -1
697, 1336, -1
697, 0, -1
697, 720, -1
697, 725, -1
697, 1430, -1
874, 1344, -1
874, 1336, -1
874, 64, -1
874, 337, -1
874, 1110, -1
874, 769, -1
874, 854, -1
874, 104, -1
874, 660, -1
874, 1281, -1
874, 486, -1
874, 156, -1
874, 697, -1
874, 0, -1
874, 720, -1
874, 725, -1
874, 1430, -1
64, 725, -1
1344, 64, -1
104, 880, -1
720, 337, -1
64, 880, -1
914, 660, -1
10, 854, -1
155, 156, -1
266, 725, -1
769, 260, -1
104, 126, -1
10, 1110, -1
720, 10, -1
1281, 874, -1
1281, 700, -1
1336, 700, -1
337, 257, -1
720, 257, -1
64, 126, -1
0, 700, -1
720, 266, -1
156, 874, -1
10, 1430, -1
880, 697, -1
1281, 126, -1
257, 697, -1
1344, 914, -1
1336, 126, -1
104, 519, -1
700, 156, -1
880, 660, -1
0, 126, -1
957, 486, -1
257, 660, -1
64, 519, -1
720, 769, -1
720, 104, -1
660, 700, -1
914, 854, -1
660, 874, -1
854, 257, -1
1344, 697, -1
725, 957, -1
1344, 880, -1
1336, 519, -1
1336, 156, -1
914, 1110, -1
0, 519, -1
720, 1281, -1
104, 155, -1
660, 10, -1
1336, 64, -1
769, 1430, -1
914, 1430, -1
64, 155, -1
769, 957, -1
0, 64, -1
660, 266, -1
10, 486, -1
880, 854, -1
1430, 519, -1
957, 854, -1
104, 1451, -1
104, 914, -1
64, 1451, -1
880, 1110, -1
957, 1110, -1
725, 486, -1
257, 1110, -1
64, 914, -1
880, 1430, -1
337, 874, -1
337, 700, -1
720, 700, -1
1451, 660, -1
957, 1430, -1
257, 1430, -1
769, 10, -1
1281, 725, -1
720, 874, -1
0, 914, -1
769, 257, -1
914, 486, -1
720, 126, -1
769, 266, -1
1344, 155, -1
1336, 697, -1
104, 260, -1
1336, 880, -1
337, 10, -1
0, 697, -1
660, 725, -1
1344, 957, -1
0, 880, -1
64, 260, -1
725, 854, -1
337, 266, -1
720, 519, -1
720, 156, -1
1344, 1451, -1
854, 126, -1
266, 660, -1
725, 1110, -1
0, 260, -1
880, 486, -1
257, 486, -1
1451, 1110, -1
854, 519, -1
1281, 519, -1
660, 126, -1
486, 519, -1
1344, 660, -1
1344, 486, -1
880, 104, -1
1451, 1430, -1
880, 769, -1
1110, 1430, -1
257, 769, -1
104, 725, -1
104, 1430, -1
260, 1430, -1
1344, 260, -1
104, 957, -1
660, 519, -1
64, 1430, -1
1281, 155, -1
64, 957, -1
1336, 155, -1
880, 1281, -1
337, 725, -1
1344, 104, -1
10, 156, -1
266, 1110, -1
257, 854, -1
0, 155, -1
769, 700, -1
769, 874, -1
257, 1281, -1
1336, 957, -1
126, 486, -1
720, 697, -1
0, 957, -1
266, 1430, -1
720, 880, -1
1281, 1451, -1
769, 126, -1
1336, 1451, -1
1344, 854, -1
1281, 914, -1
1344, 1281, -1
1336, 914, -1
1451, 486, -1
0, 1451, -1
1344, 1110, -1
1110, 257, -1
700, 660, -1
700, 486, -1
260, 486, -1
104, 257, -1
337, 126, -1
769, 519, -1
64, 257, -1
660, 1451, -1
914, 156, -1
660, 914, -1
64, 266, -1
880, 337, -1
1336, 660, -1
1336, 486, -1
126, 854, -1
337, 519, -1
10, 725, -1
0, 660, -1
0, 486, -1
1281, 260, -1
1336, 260, -1
266, 486, -1
126, 1110, -1
1344, 874, -1
1344, 337, -1
697, 874, -1
1451, 854, -1
720, 64, -1
260, 854, -1
700, 854, -1
126, 1430, -1
880, 156, -1
0, 104, -1
1430, 486, -1
257, 156, -1
660, 260, -1
337, 155, -1
1344, 10, -1
260, 1110, -1
700, 1110, -1
720, 155, -1
1344, 257, -1
1336, 854, -1
769, 725, -1
720, 957, -1
1344, 266, -1
914, 725, -1
0, 854, -1
700, 1430, -1
0, 1281, -1
1344, 156, -1
1336, 1110, -1
266, 854, -1
337, 1451, -1
720, 1451, -1
0, 1110, -1
725, 126, -1
337, 914, -1
720, 914, -1
1344, 769, -1
854, 1430, -1
1281, 1430, -1
104, 874, -1
104, 700, -1
1281, 957, -1
64, 874, -1
64, 700, -1
725, 519, -1
1110, 126, -1
660, 155, -1
880, 725, -1
957, 725, -1
257, 725, -1
720, 660, -1
660, 1430, -1
720, 486, -1
1336, 874, -1
104, 10, -1
1336, 337, -1
660, 957, -1
0, 874, -1
0, 337, -1
1451, 156, -1
337, 260, -1
720, 260, -1
64, 10, -1
104, 266, -1
1110, 519, -1
1281, 10, -1
1336, 10, -1
1281, 257, -1
0, 10, -1
1336, 257, -1
1281, 266, -1
1336, 266, -1
0, 257, -1
0, 266, -1
1344, 700, -1
0, 156, -1
769, 155, -1
720, 854, -1
1336, 104, -1
266, 156, -1
1336, 769, -1
660, 257, -1
1344, 126, -1
720, 1110, -1
0, 769, -1
10, 660, -1
769, 1451, -1
1451, 725, -1
880, 64, -1
337, 1430, -1
769, 914, -1
1336, 1281, -1
337, 957, -1
1344, 519, -1
260, 725, -1
700, 725, -1
914, 697, -1
126, 156, -1
854, 874, -1
486, 874, -1
854, 10, -1
725, 155, -1
854, 266, -1
1430, 700, -1
1110, 155, -1
725, 1451, -1
725, 914, -1
1110, 957, -1
266, 64, -1
1110, 1451, -1
10, 104, -1
10, 769, -1
725, 260, -1
854, 725, -1
10, 1281, -1
1110, 260, -1
1281, 880, -1
854, 700, -1
1430, 1451, -1
266, 697, -1
914, 104, -1
1430, 914, -1
914, 769, -1
660, 880, -1
914, 1281, -1
1430, 660, -1
1430, 260, -1
257, 104, -1
957, 769, -1
957, 1281, -1
1110, 874, -1
725, 10, -1
126, 660, -1
725, 257, -1
725, 266, -1
337, 880, -1
854, 914, -1
1430, 1110, -1
1110, 10, -1
1430, 155, -1
486, 914, -1
725, 769, -1
260, 660, -1
1110, 266, -1
1430, 957, -1
1451, 104, -1
1451, 769, -1
725, 1281, -1
260, 104, -1
260, 769, -1
854, 260, -1
1451, 1281, -1
260, 1281, -1
266, 104, -1
266, 769, -1
1110, 725, -1
725, 874, -1
725, 700, -1
1430, 769, -1
266, 1281, -1
854, 155, -1
769, 880, -1
1110, 700, -1
854, 957, -1
10, 64, -1
854, 1451, -1
126, 769, -1
260, 156, -1
126, 1281, -1
1430, 874, -1
914, 64, -1
700, 104, -1
700, 769, -1
10, 697, -1
700, 1281, -1
1430, 156, -1
725, 880, -1
1110, 914, -1
257, 64, -1
1430, 854, -1

91, 0, 1
502, 1451, 1
502, 700, 1
502, 260, 1
502, 880, 1
502, 957, 1
502, 10, 1
502, 266, 1
502, 257, 1
502, 914, 1
502, 126, 1
502, 155, 1
502, 519, 1
502, 874, 1
693, 1451, 1
693, 700, 1
693, 260, 1
693, 880, 1
693, 957, 1
693, 10, 1
693, 266, 1
693, 257, 1
693, 914, 1
693, 126, 1
693, 155, 1
693, 519, 1
693, 874, 1
693, 502, 1
874, 914, 1
155, 126, 1
880, 155, 1
1451, 700, 1
155, 693, 1
155, 519, 1
1451, 126, 1
880, 1451, 1
126, 693, 1
257, 1451, 1
880, 914, 1
126, 519, 1
914, 260, 1
257, 914, 1
700, 126, 1
260, 126, 1
874, 260, 1
10, 155, 1
1451, 519, 1
266, 700, 1
10, 957, 1
260, 693, 1
700, 693, 1
700, 519, 1
260, 519, 1
266, 126, 1
10, 502, 1
880, 260, 1
257, 260, 1
266, 693, 1
266, 519, 1
914, 155, 1
874, 155, 1
914, 957, 1
874, 957, 1
914, 502, 1
874, 502, 1
257, 155, 1
880, 957, 1
257, 957, 1
1451, 260, 1
880, 502, 1
957, 502, 1
257, 502, 1
880, 257, 1
126, 155, 1
266, 260, 1
10, 700, 1
126, 957, 1
1451, 155, 1
155, 1451, 1
126, 1451, 1
1451, 957, 1
126, 914, 1
260, 957, 1
700, 957, 1
1451, 502, 1
10, 693, 1
260, 502, 1
914, 700, 1
266, 155, 1
874, 700, 1
155, 260, 1
266, 957, 1
126, 260, 1
914, 10, 1
266, 1451, 1
266, 502, 1
874, 10, 1
914, 266, 1
914, 693, 1
880, 874, 1
880, 700, 1
700, 260, 1
874, 266, 1
257, 874, 1
874, 693, 1
957, 126, 1
880, 10, 1
257, 10, 1
155, 957, 1
880, 266, 1
880, 693, 1
257, 266, 1
257, 693, 1
155, 502, 1
10, 126, 1
126, 502, 1
10, 519, 1
700, 502, 1
126, 10, 1
126, 266, 1
914, 126, 1
874, 126, 1
1451, 693, 1
914, 519, 1
257, 700, 1
874, 519, 1
10, 1451, 1
880, 126, 1
266, 10, 1
257, 126, 1
880, 519, 1
957, 519, 1
257, 519, 1
155, 700, 1
914, 1451, 1
10, 260, 1
126, 700, 1
874, 1451, 1
260, 914, 1
260, 1451, 1
700, 1451, 1
1451, 874, 1
914, 874, 1
260, 874, 1
260, 700, 1
700, 874, 1
266, 914, 1
519, 502, 1
266, 874, 1
957, 874, 1
502, 693, 1
10, 914, 1
10, 874, 1
957, 693, 1
700, 155, 1
155, 874, 1
126, 874, 1
1451, 914, 1
10, 266, 1
519, 693, 1
519, 914, 1
155, 914, 1
957, 914, 1
700, 914, 1
260, 155, 1
700, 10, 1
700, 266, 1
91, 1451, -1
91, 700, -1
91, 260, -1
91, 880, -1
91, 957, -1
91, 10, -1
91, 266, -1
91, 257, -1
91, 914, -1
91, 126, -1
91, 155, -1
91, 519, -1
91, 874, -1
91, 1344, -1
91, 1336, -1
91, 64, -1
91, 337, -1
91, 1110, -1
91, 769, -1
91, 854, -1
91, 104, -1
91, 660, -1
91, 1281, -1
91, 486, -1
91, 156, -1
91, 697, -1
91, 720, -1
91, 725, -1
91, 1430, -1
502, 1344, -1
502, 1336, -1
502, 64, -1
502, 337, -1
502, 1110, -1
502, 769, -1
502, 854, -1
502, 104, -1
502, 660, -1
502, 1281, -1
502, 486, -1
502, 156, -1
502, 697, -1
502, 0, -1
502, 91, -1
502, 720, -1
502, 725, -1
502, 1430, -1
693, 1344, -1
693, 1336, -1
693, 64, -1
693, 337, -1
693, 1110, -1
693, 769, -1
693, 854, -1
693, 104, -1
693, 660, -1
693, 1281, -1
693, 486, -1
693, 156, -1
693, 697, -1
693, 0, -1
693, 91, -1
693, 720, -1
693, 725, -1
693, 1430, -1
880, 91, -1
104, 880, -1
10, 854, -1
10, 1110, -1
1281, 874, -1
880, 697, -1
854, 10, -1
0, 126, -1
64, 519, -1
156, 126, -1
854, 257, -1
854, 266, -1
1430, 700, -1
725, 957, -1
1336, 693, -1
725, 1451, -1
874, 91, -1
64, 155, -1
660, 693, -1
874, 1430, -1
880, 854, -1
1110, 502, -1
880, 1110, -1
64, 914, -1
725, 260, -1
337, 700, -1
1451, 660, -1
874, 486, -1
1344, 957, -1
0, 880, -1
697, 957, -1
720, 693, -1
1344, 1451, -1
854, 126, -1
0, 260, -1
660, 126, -1
725, 502, -1
1344, 260, -1
10, 156, -1
155, 660, -1
1110, 874, -1
266, 91, -1
1336, 957, -1
266, 1430, -1
1336, 1451, -1
1430, 155, -1
0, 502, -1
700, 486, -1
769, 693, -1
64, 257, -1
64, 266, -1
337, 519, -1
854, 260, -1
1336, 260, -1
266, 486, -1
720, 0, -1
697, 700, -1
700, 854, -1
880, 156, -1
660, 260, -1
337, 155, -1
700, 1110, -1
720, 957, -1
725, 874, -1
266, 854, -1
720, 1451, -1
337, 914, -1
1281, 957, -1
725, 519, -1
854, 502, -1
1336, 502, -1
104, 10, -1
486, 502, -1
0, 874, -1
1110, 693, -1
720, 260, -1
104, 266, -1
104, 693, -1
660, 502, -1
126, 725, -1
769, 1451, -1
1451, 725, -1
1344, 519, -1
697, 519, -1
720, 502, -1
0, 725, -1
64, 880, -1
914, 660, -1
697, 155, -1
769, 260, -1
104, 126, -1
854, 874, -1
1281, 700, -1
10, 91, -1
337, 257, -1
10, 1430, -1
1344, 914, -1
697, 914, -1
700, 156, -1
957, 486, -1
257, 660, -1
104, 0, -1
1336, 519, -1
0, 693, -1
156, 693, -1
1110, 957, -1
10, 486, -1
1110, 1451, -1
957, 854, -1
104, 1451, -1
769, 502, -1
957, 1110, -1
880, 1430, -1
720, 874, -1
1110, 260, -1
104, 260, -1
0, 697, -1
1430, 1451, -1
720, 519, -1
880, 486, -1
854, 693, -1
1451, 1110, -1
1281, 519, -1
697, 10, -1
880, 769, -1
1430, 260, -1
697, 257, -1
697, 266, -1
1281, 155, -1
880, 1281, -1
155, 486, -1
769, 874, -1
104, 502, -1
126, 660, -1
0, 957, -1
156, 957, -1
1281, 914, -1
0, 1451, -1
769, 519, -1
880, 337, -1
155, 854, -1
1430, 502, -1
0, 660, -1
155, 1110, -1
156, 260, -1
697, 126, -1
725, 700, -1
914, 725, -1
700, 1430, -1
854, 957, -1
104, 874, -1
854, 1451, -1
91, 693, -1
257, 725, -1
660, 957, -1
156, 502, -1
1451, 156, -1
64, 10, -1
1110, 519, -1
1281, 10, -1
64, 693, -1
1281, 257, -1
1281, 266, -1
1344, 700, -1
0, 156, -1
1110, 914, -1
260, 725, -1
337, 957, -1
155, 156, -1
874, 660, -1
1336, 700, -1
64, 126, -1
1281, 126, -1
725, 155, -1
914, 854, -1
64, 0, -1
914, 1110, -1
0, 519, -1
156, 519, -1
725, 914, -1
769, 957, -1
1430, 693, -1
64, 1451, -1
257, 1110, -1
720, 700, -1
957, 1430, -1
0, 914, -1
1344, 155, -1
337, 10, -1
64, 260, -1
337, 266, -1
337, 693, -1
266, 660, -1
126, 91, -1
854, 519, -1
1451, 91, -1
486, 519, -1
1451, 1430, -1
91, 502, -1
104, 957, -1
660, 519, -1
1336, 155, -1
769, 700, -1
725, 10, -1
0, 1430, -1
126, 486, -1
725, 257, -1
64, 502, -1
725, 266, -1
854, 914, -1
1336, 914, -1
1451, 486, -1
260, 660, -1
337, 126, -1
1430, 957, -1
914, 156, -1
126, 854, -1
0, 486, -1
126, 1110, -1
1451, 854, -1
155, 1430, -1
257, 156, -1
720, 155, -1
1344, 10, -1
1344, 257, -1
1344, 266, -1
0, 854, -1
0, 1281, -1
697, 693, -1
874, 725, -1
337, 1451, -1
0, 1110, -1
725, 126, -1
720, 914, -1
1110, 700, -1
104, 700, -1
64, 874, -1
0, 337, -1
337, 260, -1
260, 156, -1
1336, 10, -1
1336, 257, -1
1336, 266, -1
769, 155, -1
1344, 126, -1
10, 660, -1
880, 0, -1
725, 880, -1
769, 914, -1
700, 725, -1
1344, 0, -1
337, 502, -1
266, 725, -1
720, 10, -1
126, 156, -1
720, 257, -1
0, 700, -1
720, 266, -1
1336, 126, -1
697, 1451, -1
104, 519, -1
880, 660, -1
1281, 693, -1
1344, 880, -1
874, 854, -1
1110, 155, -1
914, 91, -1
104, 155, -1
1336, 0, -1
874, 1110, -1
914, 1430, -1
697, 260, -1
1430, 519, -1
104, 914, -1
257, 91, -1
337, 874, -1
257, 1430, -1
769, 10, -1
769, 257, -1
914, 486, -1
720, 126, -1
769, 266, -1
1336, 880, -1
854, 700, -1
1344, 502, -1
697, 502, -1
519, 486, -1
257, 486, -1
260, 1430, -1
64, 957, -1
257, 854, -1
266, 1110, -1
0, 155, -1
720, 880, -1
1281, 1451, -1
769, 126, -1
1110, 10, -1
1110, 257, -1
700, 660, -1
260, 486, -1
1110, 266, -1
104, 257, -1
874, 156, -1
10, 725, -1
1281, 260, -1
1344, 874, -1
697, 874, -1
126, 1430, -1
260, 854, -1
260, 1110, -1
854, 155, -1
64, 700, -1
725, 693, -1
1110, 126, -1
880, 725, -1
1281, 502, -1
1336, 874, -1
0, 10, -1
0, 257, -1
0, 266, -1
155, 725, -1
266, 156, -1
0, 769, -1
1344, 693, -1
156, 155, -1
660, 155, -1
697, 91, -1
1344, 91, -1
156, 1451, -1
486, 914, -1
957, 725, -1
156, 914, -1
660, 1451, -1
486, 874, -1
156, 874, -1
660, 914, -1
156, 700, -1
1430, 914, -1
660, 874, -1
660, 700, -1
1430, 874, -1
156, 10, -1
156, 257, -1
769, 91, -1
156, 266, -1
104, 91, -1
660, 257, -1
486, 693, -1
660, 10, -1
720, 91, -1
337, 91, -1
64, 91, -1
700, 91, -1
660, 266, -1
1281, 91, -1
1336, 91, -1
486, 957, -1

440, 64, 1
440, 337, 1
440, 1110, 1
440, 769, 1
440, 854, 1
440, 104, 1
440, 660, 1
440, 1281, 1
440, 486, 1
440, 156, 1
440, 697, 1
863, 64, 1
863, 337, 1
863, 1110, 1
863, 769, 1
863, 854, 1
863, 104, 1
863, 660, 1
863, 1281, 1
863, 486, 1
863, 156, 1
863, 697, 1
863, 440, 1
804, 1451, 1
804, 700, 1
804, 260, 1
804, 880, 1
804, 957, 1
804, 10, 1
804, 266, 1
804, 257, 1
804, 914, 1
804, 126, 1
804, 155, 1
804, 519, 1
804, 874, 1
804, 502, 1
804, 693, 1
1163, 1451, 1
1163, 700, 1
1163, 260, 1
1163, 880, 1
1163, 957, 1
1163, 10, 1
1163, 266, 1
1163, 257, 1
1163, 914, 1
1163, 126, 1
1163, 155, 1
1163, 519, 1
1163, 874, 1
1163, 502, 1
1163, 693, 1
1163, 804, 1
545, 1451, 1
545, 700, 1
545, 260, 1
545, 880, 1
545, 957, 1
545, 10, 1
545, 266, 1
545, 257, 1
545, 914, 1
545, 126, 1
545, 155, 1
545, 519, 1
545, 874, 1
545, 502, 1
545, 693, 1
545, 804, 1
545, 1163, 1
486, 863, 1
874, 914, 1
155, 126, 1
880, 155, 1
1451, 700, 1
660, 863, 1
769, 660, 1
769, 486, 1
155, 693, 1
155, 519, 1
1451, 126, 1
880, 1451, 1
257, 1451, 1
880, 914, 1
126, 519, 1
914, 260, 1
260, 126, 1
700, 126, 1
257, 914, 1
337, 486, 1
914, 1163, 1
880, 804, 1
874, 260, 1
10, 155, 1
874, 1163, 1
1451, 519, 1
266, 700, 1
10, 957, 1
260, 693, 1
700, 693, 1
700, 519, 1
260, 519, 1
337, 104, 1
337, 769, 1
769, 854, 1
266, 126, 1
104, 64, 1
769, 863, 1
10, 502, 1
880, 260, 1
10, 804, 1
1281, 156, 1
769, 1110, 1
257, 260, 1
880, 1163, 1
257, 1163, 1
337, 1281, 1
697, 660, 1
697, 486, 1
266, 519, 1
337, 863, 1
266, 693, 1
914, 155, 1
874, 155, 1
914, 957, 1
660, 156, 1
10, 257, 1
874, 957, 1
440, 863, 1
914, 502, 1
914, 804, 1
874, 502, 1
874, 804, 1
257, 155, 1
104, 697, 1
697, 854, 1
697, 863, 1
64, 697, 1
1110, 486, 1
880, 957, 1
104, 660, 1
257, 957, 1
697, 1110, 1
266, 914, 1
1451, 260, 1
64, 660, 1
880, 502, 1
693, 957, 1
957, 502, 1
257, 502, 1
257, 804, 1
700, 1163, 1
769, 104, 1
693, 502, 1
337, 156, 1
1110, 854, 1
880, 257, 1
957, 257, 1
104, 854, 1
1110, 863, 1
266, 260, 1
266, 1163, 1
104, 863, 1
10, 874, 1
10, 700, 1
64, 854, 1
104, 1110, 1
64, 863, 1
155, 1451, 1
1451, 155, 1
64, 1110, 1
155, 804, 1
700, 155, 1
1451, 957, 1
260, 957, 1
700, 957, 1
1451, 502, 1
10, 693, 1
10, 266, 1
1451, 804, 1
697, 769, 1
700, 1451, 1
260, 502, 1
914, 700, 1
266, 155, 1
700, 804, 1
874, 700, 1
155, 260, 1
266, 957, 1
697, 1281, 1
880, 545, 1
914, 10, 1
104, 486, 1
266, 1451, 1
266, 502, 1
874, 10, 1
64, 486, 1
914, 266, 1
769, 156, 1
914, 693, 1
266, 804, 1
880, 874, 1
880, 700, 1
700, 260, 1
874, 266, 1
1281, 660, 1
1281, 486, 1
257, 874, 1
874, 693, 1
104, 769, 1
156, 486, 1
64, 104, 1
957, 126, 1
64, 769, 1
880, 10, 1
257, 10, 1
104, 1281, 1
155, 957, 1
880, 266, 1
880, 693, 1
257, 266, 1
257, 693, 1
64, 1281, 1
155, 502, 1
1281, 854, 1
10, 126, 1
1281, 863, 1
126, 502, 1
156, 854, 1
1281, 1110, 1
697, 156, 1
156, 863, 1
156, 1110, 1
10, 519, 1
660, 854, 1
700, 502, 1
104, 337, 1
660, 1110, 1
337, 697, 1
64, 337, 1
914, 126, 1
337, 660, 1
1451, 257, 1
874, 126, 1
1451, 693, 1
266, 874, 1
700, 257, 1
260, 257, 1
914, 519, 1
104, 156, 1
854, 486, 1
257, 700, 1
64, 156, 1
874, 519, 1
502, 519, 1
10, 1451, 1
10, 914, 1
880, 126, 1
266, 10, 1
257, 126, 1
266, 257, 1
337, 854, 1
1281, 769, 1
660, 486, 1
693, 126, 1
880, 519, 1
337, 1110, 1
957, 519, 1
257, 519, 1
693, 519, 1
914, 1451, 1
10, 260, 1
854, 863, 1
155, 700, 1
10, 1163, 1
874, 1451, 1
502, 914, 1
486, 1110, 1
660, 1281, 1
700, 874, 1
260, 700, 1
126, 693, 1
519, 914, 1
957, 914, 1
957, 804, 1
337, 440, 1
693, 914, 1
693, 804, 1
854, 156, 1
486, 440, 1
854, 769, 1
1451, 914, 1
260, 914, 1
502, 804, 1
804, 1163, 1
1110, 660, 1
769, 440, 1
1281, 697, 1
1451, 1163, 1
519, 502, 1
156, 697, 1
260, 1163, 1
10, 545, 1
769, 1281, 1
1163, 545, 1
155, 914, 1
1281, 64, 1
126, 914, 1
697, 440, 1
126, 804, 1
914, 545, 1
502, 545, 1
874, 545, 1
697, 104, 1
260, 1451, 1
914, 874, 1
700, 914, 1
260, 804, 1
502, 874, 1
155, 1163, 1
957, 545, 1
257, 545, 1
1110, 440, 1
854, 697, 1
104, 440, 1
1110, 156, 1
693, 545, 1
64, 440, 1
957, 874, 1
1110, 769, 1
156, 660, 1
693, 874, 1
337, 64, 1
1110, 1281, 1
155, 545, 1
957, 693, 1
804, 545, 1
126, 545, 1
1451, 545, 1
126, 874, 1
260, 545, 1
700, 545, 1
769, 697, 1
1451, 874, 1
260, 874, 1
126, 700, 1
266, 545, 1
1281, 337, 1
854, 660, 1
502, 693, 1
854, 440, 1
1281, 440, 1
156, 440, 1
1281, 104, 1
660, 440, 1
156, 104, 1
156, 769, 1
854, 1281, 1
155, 874, 1
660, 104, 1
660, 769, 1
486, 854, 1
854, 1110, 1
519, 693, 1
1110, 697, 1
660, 697, 1
260, 155, 1
486, 769, 1
700, 10, 1
155, 257, 1
697, 64, 1
693, 257, 1
126, 257, 1
700, 266, 1
502, 957, 1
519, 545, 1
156, 1281, 1
126, 957, 1
440, 1451, -1
440, 700, -1
440, 260, -1
440, 880, -1
440, 957, -1
440, 10, -1
440, 266, -1
440, 257, -1
440, 914, -1
440, 126, -1
440, 155, -1
440, 519, -1
440, 874, -1
440, 502, -1
440, 693, -1
440, 1344, -1
440, 1336, -1
440, 0, -1
440, 91, -1
440, 720, -1
440, 725, -1
440, 1430, -1
863, 1451, -1
863, 700, -1
863, 260, -1
863, 880, -1
863, 957, -1
863, 10, -1
863, 266, -1
863, 257, -1
863, 914, -1
863, 126, -1
863, 155, -1
863, 519, -1
863, 874, -1
863, 502, -1
863, 693, -1
863, 1344, -1
863, 1336, -1
863, 0, -1
863, 91, -1
863, 720, -1
863, 725, -1
863, 1430, -1
804, 1344, -1
804, 1336, -1
804, 64, -1
804, 337, -1
804, 1110, -1
804, 769, -1
804, 854, -1
804, 104, -1
804, 660, -1
804, 1281, -1
804, 486, -1
804, 156, -1
804, 697, -1
804, 440, -1
804, 863, -1
804, 0, -1
804, 91, -1
804, 720, -1
804, 725, -1
804, 1430, -1
1163, 1344, -1
1163, 1336, -1
1163, 64, -1
1163, 337, -1
1163, 1110, -1
1163, 769, -1
1163, 854, -1
1163, 104, -1
1163, 660, -1
1163, 1281, -1
1163, 486, -1
1163, 156, -1
1163, 697, -1
1163, 440, -1
1163, 863, -1
1163, 0, -1
1163, 91, -1
1163, 720, -1
1163, 725, -1
1163, 1430, -1
545, 1344, -1
545, 1336, -1
545, 64, -1
545, 337, -1
545, 1110, -1
545, 769, -1
545, 854, -1
545, 104, -1
545, 660, -1
545, 1281, -1
545, 486, -1
545, 156, -1
545, 697, -1
545, 440, -1
545, 863, -1
545, 0, -1
545, 91, -1
545, 720, -1
545, 725, -1
545, 1430, -1
880, 91, -1
1344, 64, -1
697, 720, -1
104, 880, -1
486, 1430, -1
10, 854, -1
697, 91, -1
91, 519, -1
10, 1110, -1
1281, 874, -1
660, 545, -1
880, 697, -1
0, 126, -1
64, 519, -1
156, 126, -1
91, 155, -1
1344, 697, -1
725, 957, -1
1336, 693, -1
660, 10, -1
1336, 64, -1
874, 91, -1
64, 155, -1
91, 914, -1
660, 693, -1
660, 266, -1
874, 1430, -1
880, 854, -1
1110, 502, -1
880, 1110, -1
64, 914, -1
337, 700, -1
1281, 725, -1
1451, 660, -1
440, 545, -1
1336, 697, -1
874, 486, -1
1344, 957, -1
0, 880, -1
156, 880, -1
697, 957, -1
720, 693, -1
854, 126, -1
1344, 1451, -1
874, 769, -1
1344, 804, -1
486, 126, -1
0, 260, -1
769, 1336, -1
0, 1163, -1
880, 440, -1
660, 126, -1
874, 1281, -1
874, 863, -1
1344, 660, -1
1281, 720, -1
700, 91, -1
725, 502, -1
1344, 260, -1
769, 545, -1
64, 1430, -1
1281, 91, -1
10, 156, -1
155, 660, -1
266, 91, -1
1336, 957, -1
91, 486, -1
720, 697, -1
266, 1430, -1
1336, 1451, -1
1336, 804, -1
0, 502, -1
700, 486, -1
769, 693, -1
64, 257, -1
660, 1451, -1
64, 266, -1
1336, 660, -1
337, 519, -1
266, 486, -1
1336, 260, -1
697, 700, -1
104, 1336, -1
700, 854, -1
880, 156, -1
700, 863, -1
660, 260, -1
337, 155, -1
266, 769, -1
660, 1163, -1
700, 1110, -1
720, 957, -1
1344, 156, -1
104, 545, -1
769, 1344, -1
266, 854, -1
266, 1281, -1
720, 1451, -1
266, 863, -1
337, 914, -1
720, 804, -1
1281, 957, -1
725, 519, -1
854, 502, -1
1336, 502, -1
720, 660, -1
104, 10, -1
486, 502, -1
0, 874, -1
720, 260, -1
104, 266, -1
104, 693, -1
720, 1163, -1
660, 502, -1
1110, 720, -1
337, 1430, -1
769, 1451, -1
1451, 725, -1
769, 804, -1
1344, 519, -1
697, 519, -1
104, 1344, -1
720, 502, -1
64, 880, -1
914, 660, -1
156, 725, -1
697, 155, -1
769, 260, -1
104, 126, -1
769, 1163, -1
1281, 700, -1
10, 91, -1
337, 257, -1
10, 1430, -1
1344, 914, -1
697, 914, -1
700, 156, -1
660, 874, -1
957, 486, -1
257, 660, -1
104, 0, -1
1336, 519, -1
0, 693, -1
156, 693, -1
0, 64, -1
10, 486, -1
957, 854, -1
104, 1451, -1
769, 502, -1
957, 863, -1
104, 804, -1
725, 486, -1
957, 1110, -1
10, 769, -1
880, 1430, -1
720, 874, -1
10, 1281, -1
10, 863, -1
104, 260, -1
0, 697, -1
104, 1163, -1
660, 725, -1
697, 1430, -1
725, 854, -1
725, 863, -1
720, 519, -1
725, 1110, -1
880, 486, -1
1451, 1110, -1
1281, 519, -1
1344, 486, -1
854, 720, -1
697, 10, -1
880, 769, -1
880, 104, -1
697, 257, -1
486, 720, -1
697, 266, -1
1281, 155, -1
1344, 104, -1
880, 1281, -1
660, 720, -1
880, 863, -1
104, 502, -1
769, 874, -1
155, 486, -1
0, 957, -1
337, 880, -1
156, 957, -1
1344, 854, -1
1344, 1281, -1
1281, 914, -1
1344, 863, -1
0, 1451, -1
1344, 1110, -1
156, 1451, -1
0, 804, -1
156, 804, -1
769, 519, -1
155, 854, -1
880, 337, -1
1336, 486, -1
155, 863, -1
1430, 502, -1
0, 660, -1
155, 1110, -1
0, 440, -1
1344, 337, -1
720, 64, -1
156, 260, -1
156, 1163, -1
64, 1336, -1
697, 126, -1
1336, 854, -1
769, 725, -1
1344, 440, -1
1336, 863, -1
914, 725, -1
700, 1430, -1
1336, 1110, -1
64, 545, -1
1281, 1430, -1
104, 874, -1
91, 693, -1
257, 725, -1
720, 486, -1
1336, 337, -1
660, 957, -1
156, 502, -1
64, 10, -1
1110, 519, -1
1451, 156, -1
64, 693, -1
1281, 10, -1
660, 804, -1
769, 720, -1
1281, 257, -1
1281, 266, -1
1336, 440, -1
700, 769, -1
697, 880, -1
1344, 700, -1
769, 91, -1
0, 156, -1
720, 854, -1
720, 1110, -1
700, 1281, -1
104, 725, -1
260, 725, -1
64, 1344, -1
914, 697, -1
91, 126, -1
720, 337, -1
155, 156, -1
874, 660, -1
440, 804, -1
1336, 700, -1
64, 126, -1
720, 440, -1
156, 874, -1
1281, 126, -1
257, 697, -1
660, 700, -1
104, 720, -1
914, 854, -1
64, 0, -1
440, 1163, -1
1336, 156, -1
914, 1110, -1
0, 519, -1
337, 1336, -1
104, 91, -1
156, 519, -1
91, 1451, -1
769, 957, -1
91, 804, -1
337, 545, -1
64, 1451, -1
91, 660, -1
257, 1110, -1
693, 854, -1
64, 804, -1
693, 863, -1
720, 700, -1
693, 1110, -1
91, 260, -1
957, 1430, -1
91, 1163, -1
0, 914, -1
1344, 155, -1
502, 486, -1
1281, 880, -1
337, 10, -1
64, 260, -1
64, 1163, -1
337, 266, -1
337, 693, -1
720, 156, -1
266, 660, -1
854, 519, -1
486, 519, -1
502, 863, -1
1451, 1430, -1
957, 769, -1
91, 502, -1
156, 720, -1
104, 957, -1
660, 519, -1
1336, 155, -1
957, 1281, -1
769, 700, -1
337, 1344, -1
64, 502, -1
126, 486, -1
697, 1336, -1
1336, 914, -1
1451, 486, -1
337, 126, -1
914, 156, -1
660, 914, -1
1344, 545, -1
1451, 769, -1
697, 545, -1
126, 854, -1
0, 486, -1
126, 863, -1
126, 1110, -1
337, 0, -1
1451, 854, -1
155, 1430, -1
1451, 1281, -1
1451, 863, -1
0, 104, -1
257, 156, -1
720, 155, -1
1344, 10, -1
1344, 257, -1
1344, 266, -1
0, 854, -1
0, 1281, -1
697, 693, -1
91, 874, -1
0, 863, -1
874, 725, -1
337, 1451, -1
0, 1110, -1
725, 126, -1
720, 914, -1
1344, 769, -1
854, 1430, -1
337, 804, -1
104, 700, -1
1336, 545, -1
64, 874, -1
660, 1430, -1
155, 769, -1
0, 337, -1
337, 260, -1
337, 1163, -1
155, 1281, -1
1336, 10, -1
697, 1344, -1
1336, 257, -1
1336, 266, -1
769, 155, -1
1336, 104, -1
1336, 769, -1
660, 257, -1
1344, 126, -1
10, 660, -1
1281, 1336, -1
769, 914, -1
1336, 1281, -1
720, 545, -1
700, 725, -1
64, 725, -1
337, 502, -1
874, 697, -1
1281, 545, -1
266, 725, -1
720, 10, -1
720, 257, -1
0, 700, -1
720, 266, -1
156, 700, -1
104, 519, -1
697, 1451, -1
1336, 126, -1
880, 660, -1
720, 104, -1
697, 804, -1
720, 769, -1
1281, 693, -1
64, 720, -1
1344, 880, -1
874, 854, -1
1344, 693, -1
720, 1281, -1
104, 155, -1
914, 91, -1
874, 1110, -1
769, 1430, -1
64, 91, -1
914, 1430, -1
1344, 1163, -1
697, 260, -1
697, 1163, -1
1430, 519, -1
104, 914, -1
257, 91, -1
337, 874, -1
257, 1430, -1
769, 10, -1
1281, 1344, -1
914, 486, -1
769, 257, -1
720, 126, -1
769, 266, -1
693, 1430, -1
1336, 880, -1
266, 697, -1
91, 854, -1
914, 769, -1
91, 863, -1
1344, 502, -1
660, 880, -1
91, 1110, -1
697, 502, -1
1336, 1163, -1
519, 486, -1
257, 486, -1
914, 1281, -1
914, 863, -1
91, 957, -1
693, 486, -1
1110, 1430, -1
257, 769, -1
104, 1430, -1
260, 1430, -1
693, 769, -1
64, 957, -1
519, 854, -1
337, 725, -1
266, 1110, -1
257, 854, -1
257, 1281, -1
0, 155, -1
519, 863, -1
257, 863, -1
156, 155, -1
519, 1110, -1
693, 1281, -1
720, 880, -1
769, 126, -1
1281, 1451, -1
1281, 804, -1
156, 914, -1
104, 257, -1
260, 486, -1
700, 660, -1
874, 156, -1
10, 725, -1
260, 769, -1
1281, 260, -1
1344, 874, -1
1281, 1163, -1
337, 720, -1
697, 874, -1
260, 854, -1
126, 1430, -1
260, 1281, -1
1430, 486, -1
260, 863, -1
337, 91, -1
260, 1110, -1
91, 700, -1
769, 880, -1
156, 1430, -1
64, 700, -1
1430, 863, -1
725, 693, -1
1110, 126, -1
156, 545, -1
0, 545, -1
660, 155, -1
880, 725, -1
1281, 502, -1
91, 156, -1
1336, 874, -1
126, 769, -1
697, 725, -1
0, 10, -1
126, 1281, -1
156, 10, -1
0, 257, -1
156, 257, -1
0, 266, -1
156, 266, -1
155, 725, -1
10, 697, -1
266, 156, -1
0, 769, -1
880, 64, -1
337, 957, -1
854, 545, -1
486, 545, -1
1110, 1163, -1
854, 874, -1
126, 156, -1
486, 874, -1
854, 10, -1
854, 257, -1
854, 266, -1
1430, 700, -1
1110, 91, -1
1110, 155, -1
725, 914, -1
725, 804, -1
1110, 957, -1
266, 64, -1
10, 440, -1
1110, 1451, -1
1430, 693, -1
1110, 804, -1
10, 104, -1
854, 725, -1
914, 440, -1
1110, 260, -1
854, 700, -1
502, 440, -1
874, 440, -1
1430, 1451, -1
914, 104, -1
1430, 914, -1
874, 104, -1
126, 91, -1
957, 440, -1
854, 693, -1
257, 440, -1
725, 545, -1
1430, 660, -1
1451, 91, -1
502, 854, -1
486, 693, -1
693, 440, -1
1430, 260, -1
257, 104, -1
502, 1110, -1
1430, 1163, -1
1110, 545, -1
502, 1430, -1
863, 545, -1
1110, 874, -1
156, 91, -1
126, 660, -1
725, 440, -1
91, 440, -1
854, 914, -1
1430, 1110, -1
1110, 10, -1
1430, 155, -1
486, 914, -1
1110, 257, -1
1451, 440, -1
260, 660, -1
91, 104, -1
1110, 266, -1
1430, 957, -1
260, 440, -1
1451, 104, -1
725, 1281, -1
260, 104, -1
91, 1281, -1
1430, 804, -1
854, 260, -1
854, 1163, -1
266, 440, -1
91, 545, -1
266, 104, -1
1430, 440, -1
1110, 725, -1
725, 874, -1
854, 91, -1
854, 155, -1
1110, 700, -1
854, 957, -1
155, 440, -1
10, 64, -1
126, 440, -1
854, 1451, -1
957, 725, -1
854, 804, -1
155, 104, -1
486, 804, -1
1110, 693, -1
693, 725, -1
1430, 545, -1
700, 440, -1
260, 156, -1
1430, 874, -1
914, 64, -1
700, 104, -1
874, 64, -1
720, 863, -1
126, 725, -1
1110, 914, -1
1430, 156, -1
257, 64, -1
725, 10, -1
725, 257, -1
725, 260, -1
725, 266, -1
1430, 854, -1
91, 257, -1
725, 1163, -1
486, 957, -1
660, 91, -1
725, 769, -1
91, 769, -1
725, 155, -1
502, 769, -1
486, 257, -1
725, 1451, -1
1430, 257, -1
725, 700, -1
725, 880, -1
1430, 769, -1

1192, 64, 1
1192, 337, 1
1192, 1110, 1
1192, 769, 1
1192, 854, 1
1192, 104, 1
1192, 660, 1
1192, 1281, 1
1192, 486, 1
1192, 156, 1
1192, 697, 1
1192, 440, 1
1192, 863, 1
1200, 0, 1
1200, 91, 1
178, 1451, 1
178, 700, 1
178, 260, 1
178, 880, 1
178, 957, 1
178, 10, 1
178, 266, 1
178, 257, 1
178, 914, 1
178, 126, 1
178, 155, 1
178, 519, 1
178, 874, 1
178, 502, 1
178, 693, 1
178, 804, 1
178, 1163, 1
178, 545, 1
486, 863, 1
155, 126, 1
880, 155, 1
804, 126, 1
1163, 260, 1
1451, 700, 1
660, 863, 1
769, 660, 1
769, 486, 1
700, 874, 1
155, 693, 1
155, 519, 1
1451, 126, 1
880, 1451, 1
804, 693, 1
804, 519, 1
257, 1451, 1
880, 914, 1
957, 914, 1
126, 519, 1
260, 126, 1
700, 126, 1
880, 804, 1
337, 486, 1
257, 914, 1
914, 1163, 1
10, 155, 1
337, 440, 1
874, 1163, 1
1451, 519, 1
266, 700, 1
10, 957, 1
260, 693, 1
700, 693, 1
700, 519, 1
260, 519, 1
440, 486, 1
337, 104, 1
337, 769, 1
1163, 155, 1
769, 854, 1
266, 126, 1
769, 863, 1
10, 502, 1
880, 260, 1
1163, 957, 1
1281, 156, 1
769, 1110, 1
257, 260, 1
880, 1163, 1
545, 700, 1
10, 804, 1
257, 1163, 1
337, 1281, 1
697, 660, 1
697, 486, 1
266, 519, 1
337, 863, 1
266, 693, 1
914, 155, 1
1163, 502, 1
545, 126, 1
1163, 804, 1
660, 156, 1
1451, 914, 1
440, 863, 1
545, 693, 1
914, 502, 1
545, 519, 1
260, 914, 1
914, 804, 1
874, 502, 1
874, 804, 1
257, 155, 1
104, 697, 1
804, 260, 1
697, 854, 1
697, 863, 1
64, 697, 1
1110, 486, 1
880, 957, 1
104, 660, 1
257, 957, 1
697, 1110, 1
266, 914, 1
769, 440, 1
1451, 260, 1
64, 660, 1
880, 502, 1
693, 957, 1
957, 502, 1
257, 502, 1
257, 804, 1
769, 104, 1
693, 502, 1
337, 156, 1
545, 914, 1
1110, 854, 1
880, 257, 1
104, 854, 1
1110, 863, 1
266, 260, 1
266, 1163, 1
104, 863, 1
10, 874, 1
10, 700, 1
804, 957, 1
64, 854, 1
104, 1110, 1
64, 863, 1
155, 1451, 1
64, 1110, 1
155, 804, 1
804, 502, 1
1451, 957, 1
1163, 700, 1
697, 440, 1
545, 260, 1
545, 1163, 1
260, 957, 1
700, 957, 1
1451, 502, 1
10, 266, 1
10, 693, 1
0, 91, 1
1451, 804, 1
697, 769, 1
260, 502, 1
914, 874, 1
700, 914, 1
266, 155, 1
700, 804, 1
155, 260, 1
1163, 693, 1
266, 957, 1
697, 1281, 1
880, 545, 1
104, 486, 1
266, 1451, 1
1110, 440, 1
266, 502, 1
545, 155, 1
104, 440, 1
64, 486, 1
266, 804, 1
769, 156, 1
914, 693, 1
880, 874, 1
880, 700, 1
64, 440, 1
957, 874, 1
700, 260, 1
545, 957, 1
1281, 660, 1
1281, 486, 1
257, 874, 1
874, 693, 1
545, 1451, 1
156, 486, 1
64, 104, 1
957, 126, 1
64, 769, 1
545, 502, 1
545, 804, 1
880, 10, 1
257, 10, 1
104, 1281, 1
155, 957, 1
880, 266, 1
880, 693, 1
257, 266, 1
257, 693, 1
64, 1281, 1
155, 502, 1
1281, 854, 1
10, 126, 1
1281, 863, 1
126, 502, 1
126, 874, 1
156, 854, 1
1281, 1110, 1
697, 156, 1
156, 863, 1
156, 1110, 1
1451, 874, 1
10, 519, 1
660, 854, 1
1163, 126, 1
700, 502, 1
260, 874, 1
660, 1110, 1
337, 697, 1
64, 337, 1
1163, 519, 1
914, 126, 1
337, 660, 1
1451, 693, 1
266, 874, 1
914, 519, 1
104, 156, 1
854, 486, 1
257, 700, 1
64, 156, 1
874, 519, 1
502, 519, 1
10, 1451, 1
854, 440, 1
1281, 440, 1
10, 914, 1
880, 126, 1
257, 126, 1
545, 874, 1
156, 440, 1
337, 854, 1
1163, 1451, 1
1281, 769, 1
660, 486, 1
693, 126, 1
880, 519, 1
337, 1110, 1
660, 440, 1
957, 519, 1
257, 519, 1
545, 10, 1
545, 257, 1
155, 874, 1
155, 700, 1
693, 519, 1
10, 260, 1
854, 863, 1
545, 266, 1
10, 1163, 1
874, 914, 1
502, 914, 1
91, 1200, 1
486, 1110, 1
660, 1281, 1
260, 700, 1
126, 693, 1
519, 914, 1
914, 260, 1
660, 1192, 1
957, 804, 1
874, 260, 1
693, 914, 1
693, 804, 1
440, 660, 1
880, 178, 1
257, 178, 1
854, 156, 1
854, 769, 1
769, 1192, 1
804, 914, 1
874, 155, 1
914, 957, 1
10, 257, 1
440, 854, 1
337, 1192, 1
874, 957, 1
440, 1110, 1
1163, 257, 1
502, 804, 1
440, 1192, 1
804, 1163, 1
1110, 660, 1
914, 257, 1
1281, 697, 1
1451, 1163, 1
519, 502, 1
874, 257, 1
697, 1192, 1
440, 337, 1
156, 697, 1
260, 1163, 1
700, 1163, 1
0, 1200, 1
804, 155, 1
769, 1281, 1
957, 257, 1
1451, 155, 1
693, 257, 1
545, 178, 1
440, 104, 1
155, 914, 1
440, 769, 1
804, 1451, 1
1281, 64, 1
1163, 874, 1
126, 914, 1
126, 804, 1
440, 1281, 1
697, 104, 1
260, 1451, 1
700, 1451, 1
914, 700, 1
260, 804, 1
874, 700, 1
155, 1163, 1
914, 10, 1
257, 545, 1
854, 697, 1
874, 10, 1
1110, 156, 1
914, 266, 1
874, 266, 1
1110, 769, 1
104, 769, 1
156, 660, 1
693, 874, 1
874, 1451, 1
1110, 1281, 1
957, 693, 1
440, 156, 1
104, 1192, 1
804, 874, 1
64, 1192, 1
769, 697, 1
1281, 1192, 1
155, 257, 1
104, 337, 1
156, 1192, 1
804, 257, 1
126, 257, 1
126, 700, 1
1281, 337, 1
1451, 257, 1
874, 126, 1
440, 697, 1
260, 257, 1
700, 257, 1
854, 660, 1
502, 693, 1
266, 10, 1
1281, 104, 1
156, 104, 1
156, 769, 1
854, 1281, 1
440, 64, 1
914, 1451, 1
660, 104, 1
660, 769, 1
486, 854, 1
854, 1110, 1
1110, 697, 1
854, 1192, 1
697, 64, 1
502, 874, 1
266, 545, 1
519, 545, 1
957, 545, 1
700, 10, 1
693, 545, 1
700, 266, 1
10, 545, 1
769, 64, 1
874, 545, 1
660, 697, 1
700, 545, 1
104, 64, 1
337, 64, 1
155, 545, 1
1163, 545, 1
1163, 914, 1
804, 545, 1
126, 545, 1
519, 693, 1
1110, 1192, 1
260, 155, 1
700, 155, 1
486, 769, 1
1451, 545, 1
914, 545, 1
502, 957, 1
260, 545, 1
502, 545, 1
156, 1281, 1
126, 957, 1
266, 257, 1
502, 257, 1
1192, 1451, -1
1192, 700, -1
1192, 260, -1
1192, 880, -1
1192, 957, -1
1192, 10, -1
1192, 266, -1
1192, 257, -1
1192, 914, -1
1192, 126, -1
1192, 155, -1
1192, 519, -1
1192, 874, -1
1192, 502, -1
1192, 693, -1
1192, 804, -1
1192, 1163, -1
1192, 545, -1
1192, 1344, -1
1192, 1336, -1
1192, 0, -1
1192, 91, -1
1192, 720, -1
1192, 725, -1
1192, 1430, -1
1200, 1451, -1
1200, 700, -1
1200, 260, -1
1200, 880, -1
1200, 957, -1
1200, 10, -1
1200, 266, -1
1200, 257, -1
1200, 914, -1
1200, 126, -1
1200, 155, -1
1200, 519, -1
1200, 874, -1
1200, 502, -1
1200, 693, -1
1200, 804, -1
1200, 1163, -1
1200, 545, -1
1200, 1344, -1
1200, 1336, -1
1200, 64, -1
1200, 337, -1
1200, 1110, -1
1200, 769, -1
1200, 854, -1
1200, 104, -1
1200, 660, -1
1200, 1281, -1
1200, 486, -1
1200, 156, -1
1200, 697, -1
1200, 440, -1
1200, 863, -1
1200, 1192, -1
1200, 720, -1
1200, 725, -1
1200, 1430, -1
178, 1344, -1
178, 1336, -1
178, 64, -1
178, 337, -1
178, 1110, -1
178, 769, -1
178, 854, -1
178, 104, -1
178, 660, -1
178, 1281, -1
178, 486, -1
178, 156, -1
178, 697, -1
178, 440, -1
178, 863, -1
178, 1192, -1
178, 0, -1
178, 91, -1
178, 1200, -1
178, 720, -1
178, 725, -1
178, 1430, -1
880, 91, -1
440, 155, -1
697, 720, -1
104, 880, -1
10, 854, -1
697, 91, -1
440, 914, -1
91, 519, -1
10, 1110, -1
1281, 874, -1
880, 697, -1
545, 725, -1
0, 126, -1
64, 519, -1
156, 126, -1
91, 155, -1
1163, 1430, -1
725, 957, -1
1336, 693, -1
874, 91, -1
64, 155, -1
660, 693, -1
874, 1430, -1
440, 1336, -1
880, 854, -1
1110, 502, -1
880, 1110, -1
1163, 486, -1
64, 914, -1
440, 1430, -1
337, 700, -1
1281, 725, -1
1451, 660, -1
440, 545, -1
104, 178, -1
874, 486, -1
1344, 957, -1
0, 880, -1
156, 880, -1
697, 957, -1
720, 693, -1
1163, 863, -1
854, 126, -1
1344, 1451, -1
440, 10, -1
1344, 804, -1
0, 260, -1
440, 257, -1
769, 1336, -1
0, 1163, -1
440, 266, -1
91, 1192, -1
545, 697, -1
91, 1430, -1
660, 126, -1
874, 863, -1
1344, 660, -1
1192, 1200, -1
1281, 720, -1
725, 502, -1
1344, 260, -1
769, 545, -1
64, 1430, -1
1281, 91, -1
10, 156, -1
155, 660, -1
266, 91, -1
1336, 957, -1
91, 486, -1
266, 1430, -1
1336, 1451, -1
545, 1110, -1
1336, 804, -1
0, 502, -1
91, 104, -1
700, 486, -1
769, 693, -1
64, 257, -1
64, 266, -1
1336, 660, -1
337, 519, -1
440, 126, -1
266, 486, -1
1336, 260, -1
697, 700, -1
104, 1336, -1
700, 854, -1
880, 156, -1
700, 863, -1
660, 260, -1
337, 155, -1
700, 1110, -1
720, 957, -1
1344, 156, -1
104, 545, -1
769, 1344, -1
266, 854, -1
720, 1451, -1
266, 863, -1
337, 914, -1
720, 804, -1
1281, 957, -1
725, 519, -1
854, 502, -1
1336, 502, -1
104, 10, -1
486, 502, -1
0, 874, -1
720, 260, -1
440, 880, -1
104, 266, -1
104, 693, -1
720, 1163, -1
660, 502, -1
1110, 720, -1
337, 1430, -1
769, 1451, -1
1451, 725, -1
91, 880, -1
769, 804, -1
545, 156, -1
1344, 519, -1
697, 519, -1
104, 1344, -1
720, 502, -1
64, 880, -1
914, 660, -1
0, 725, -1
156, 725, -1
697, 155, -1
769, 260, -1
104, 126, -1
769, 1163, -1
1281, 700, -1
10, 91, -1
337, 257, -1
10, 1430, -1
1344, 914, -1
697, 914, -1
700, 156, -1
957, 486, -1
257, 660, -1
104, 0, -1
1336, 519, -1
0, 693, -1
156, 693, -1
0, 720, -1
0, 64, -1
10, 486, -1
957, 854, -1
104, 1451, -1
769, 502, -1
957, 863, -1
104, 804, -1
725, 486, -1
957, 1110, -1
880, 1430, -1
720, 874, -1
10, 863, -1
64, 178, -1
0, 1344, -1
104, 260, -1
0, 697, -1
104, 1163, -1
660, 725, -1
697, 1430, -1
725, 854, -1
725, 863, -1
720, 519, -1
725, 1110, -1
880, 486, -1
804, 1430, -1
1451, 1110, -1
1281, 519, -1
1344, 486, -1
854, 720, -1
697, 10, -1
880, 769, -1
697, 257, -1
486, 720, -1
697, 266, -1
1336, 91, -1
1281, 155, -1
880, 1281, -1
660, 720, -1
880, 863, -1
104, 502, -1
769, 874, -1
155, 486, -1
804, 486, -1
0, 957, -1
337, 880, -1
156, 957, -1
1344, 854, -1
440, 725, -1
1281, 914, -1
1344, 863, -1
0, 1451, -1
1344, 1110, -1
545, 91, -1
0, 804, -1
156, 804, -1
769, 519, -1
545, 1430, -1
155, 854, -1
880, 337, -1
1336, 486, -1
155, 863, -1
804, 854, -1
1430, 502, -1
0, 660, -1
155, 1110, -1
804, 863, -1
804, 1110, -1
0, 440, -1
156, 260, -1
440, 693, -1
64, 1336, -1
697, 126, -1
545, 486, -1
1336, 854, -1
769, 725, -1
1336, 863, -1
914, 725, -1
700, 1430, -1
1336, 1110, -1
64, 545, -1
545, 769, -1
1281, 1430, -1
104, 874, -1
545, 854, -1
545, 1281, -1
91, 693, -1
545, 863, -1
257, 725, -1
337, 178, -1
440, 1344, -1
660, 957, -1
156, 502, -1
64, 10, -1
1110, 519, -1
1451, 156, -1
64, 693, -1
1281, 10, -1
660, 804, -1
769, 720, -1
1281, 257, -1
1281, 266, -1
697, 880, -1
1344, 700, -1
769, 91, -1
0, 156, -1
91, 1344, -1
440, 0, -1
104, 725, -1
260, 725, -1
1163, 660, -1
64, 1344, -1
91, 126, -1
155, 156, -1
440, 1451, -1
874, 660, -1
440, 804, -1
1336, 700, -1
64, 126, -1
1281, 126, -1
257, 697, -1
660, 700, -1
104, 720, -1
914, 854, -1
440, 260, -1
64, 0, -1
440, 1163, -1
1336, 156, -1
914, 1110, -1
0, 519, -1
337, 1336, -1
104, 91, -1
156, 519, -1
697, 178, -1
91, 1451, -1
769, 957, -1
91, 804, -1
337, 545, -1
64, 1451, -1
91, 660, -1
257, 1110, -1
693, 854, -1
64, 804, -1
693, 863, -1
720, 700, -1
693, 1110, -1
91, 260, -1
957, 1430, -1
91, 1163, -1
0, 914, -1
1344, 155, -1
502, 486, -1
1281, 880, -1
440, 502, -1
337, 10, -1
64, 260, -1
64, 1163, -1
337, 266, -1
337, 693, -1
266, 660, -1
854, 519, -1
486, 519, -1
502, 863, -1
1451, 1430, -1
91, 502, -1
156, 720, -1
104, 957, -1
660, 519, -1
1336, 155, -1
769, 700, -1
337, 1344, -1
0, 1430, -1
64, 502, -1
126, 486, -1
697, 1336, -1
1336, 914, -1
1451, 486, -1
337, 126, -1
440, 874, -1
914, 156, -1
1344, 545, -1
1281, 178, -1
697, 545, -1
126, 854, -1
0, 486, -1
126, 863, -1
126, 1110, -1
337, 0, -1
1451, 854, -1
155, 1430, -1
1451, 863, -1
1163, 725, -1
440, 519, -1
0, 104, -1
257, 156, -1
720, 155, -1
1344, 10, -1
1344, 257, -1
1344, 266, -1
0, 854, -1
0, 1281, -1
697, 693, -1
0, 863, -1
874, 725, -1
337, 1451, -1
0, 1110, -1
725, 126, -1
720, 914, -1
854, 1430, -1
337, 804, -1
104, 700, -1
769, 178, -1
1336, 545, -1
64, 874, -1
660, 1430, -1
0, 337, -1
337, 260, -1
337, 1163, -1
1336, 10, -1
697, 1344, -1
1336, 257, -1
1336, 266, -1
863, 720, -1
769, 155, -1
91, 725, -1
1344, 126, -1
10, 660, -1
440, 720, -1
1281, 1336, -1
769, 914, -1
720, 545, -1
700, 725, -1
440, 91, -1
64, 725, -1
337, 502, -1
1281, 545, -1
266, 725, -1
720, 10, -1
720, 257, -1
1163, 854, -1
0, 700, -1
91, 720, -1
720, 266, -1
156, 700, -1
91, 64, -1
104, 519, -1
1163, 1110, -1
697, 1451, -1
1336, 126, -1
880, 660, -1
697, 804, -1
1281, 693, -1
64, 720, -1
1344, 880, -1
874, 854, -1
1344, 693, -1
914, 91, -1
104, 155, -1
874, 1110, -1
769, 1430, -1
64, 91, -1
914, 1430, -1
1344, 1163, -1
697, 260, -1
697, 1163, -1
1430, 519, -1
104, 914, -1
257, 91, -1
337, 874, -1
257, 1430, -1
440, 957, -1
769, 10, -1
1200, 178, -1
1281, 1344, -1
914, 486, -1
769, 257, -1
720, 126, -1
769, 266, -1
693, 1430, -1
1336, 880, -1
91, 854, -1
0, 178, -1
91, 863, -1
1344, 502, -1
660, 880, -1
91, 1110, -1
697, 502, -1
1336, 1163, -1
257, 486, -1
914, 863, -1
91, 957, -1
693, 486, -1
545, 660, -1
1110, 1430, -1
257, 769, -1
104, 1430, -1
260, 1430, -1
64, 957, -1
337, 725, -1
266, 1110, -1
257, 854, -1
257, 1281, -1
0, 155, -1
519, 863, -1
257, 863, -1
720, 880, -1
91, 440, -1
769, 126, -1
1281, 1451, -1
1163, 156, -1
1281, 804, -1
104, 257, -1
260, 486, -1
700, 660, -1
440, 700, -1
874, 156, -1
10, 725, -1
1281, 260, -1
1344, 874, -1
1281, 1163, -1
337, 720, -1
697, 874, -1
260, 854, -1
126, 1430, -1
1430, 486, -1
260, 863, -1
337, 91, -1
1192, 178, -1
260, 1110, -1
0, 1336, -1
91, 700, -1
769, 880, -1
0, 1192, -1
156, 1430, -1
64, 700, -1
1430, 863, -1
0, 545, -1
1110, 126, -1
725, 693, -1
880, 725, -1
1281, 502, -1
91, 156, -1
1336, 874, -1
697, 725, -1
440, 178, -1
863, 519, -1
0, 10, -1
0, 257, -1
0, 266, -1
155, 725, -1
266, 156, -1
804, 725, -1
0, 769, -1
337, 957, -1
725, 1200, -1
1344, 0, -1
1344, 64, -1
914, 697, -1
720, 337, -1
854, 545, -1
1110, 178, -1
874, 697, -1
1451, 1200, -1
486, 1430, -1
1110, 1200, -1
104, 1200, -1
486, 545, -1
1110, 1163, -1
64, 1200, -1
854, 874, -1
126, 156, -1
660, 545, -1
720, 440, -1
156, 874, -1
266, 1200, -1
854, 10, -1
660, 874, -1
720, 104, -1
720, 769, -1
854, 257, -1
854, 266, -1
1344, 697, -1
1430, 700, -1
1110, 91, -1
1110, 155, -1
1344, 178, -1
720, 1281, -1
660, 10, -1
545, 1200, -1
1336, 0, -1
1344, 1200, -1
725, 914, -1
1336, 64, -1
725, 804, -1
1110, 957, -1
91, 914, -1
660, 266, -1
266, 64, -1
1110, 1451, -1
1430, 693, -1
1110, 804, -1
155, 1200, -1
863, 502, -1
10, 104, -1
804, 1200, -1
10, 769, -1
545, 64, -1
957, 1192, -1
854, 725, -1
1163, 104, -1
1163, 769, -1
10, 1281, -1
260, 1200, -1
700, 1200, -1
1110, 260, -1
1336, 697, -1
854, 700, -1
1430, 1451, -1
1336, 178, -1
266, 697, -1
1163, 1281, -1
1281, 1200, -1
1430, 914, -1
10, 1192, -1
1336, 1200, -1
914, 769, -1
720, 156, -1
914, 104, -1
156, 178, -1
874, 104, -1
874, 769, -1
156, 1200, -1
486, 126, -1
519, 486, -1
126, 91, -1
725, 1192, -1
1163, 1192, -1
880, 440, -1
914, 1281, -1
660, 1200, -1
854, 693, -1
725, 545, -1
1430, 660, -1
1451, 91, -1
874, 1281, -1
502, 854, -1
486, 693, -1
880, 104, -1
1430, 260, -1
957, 769, -1
700, 91, -1
257, 104, -1
1430, 1163, -1
914, 1192, -1
502, 1110, -1
1110, 545, -1
874, 1192, -1
502, 1430, -1
693, 769, -1
1344, 104, -1
863, 545, -1
519, 854, -1
957, 1281, -1
1110, 874, -1
156, 91, -1
156, 155, -1
519, 1110, -1
126, 660, -1
720, 697, -1
693, 1281, -1
1344, 1281, -1
880, 1192, -1
854, 914, -1
1430, 1110, -1
257, 1192, -1
1110, 10, -1
720, 178, -1
1430, 155, -1
156, 1451, -1
337, 1200, -1
720, 1200, -1
1110, 257, -1
156, 914, -1
260, 660, -1
804, 769, -1
693, 1192, -1
1110, 266, -1
486, 914, -1
804, 104, -1
1430, 957, -1
1344, 1192, -1
660, 1451, -1
660, 914, -1
1451, 104, -1
854, 178, -1
1451, 769, -1
725, 1281, -1
854, 1200, -1
804, 1281, -1
260, 104, -1
91, 1281, -1
260, 769, -1
1430, 804, -1
854, 260, -1
854, 1163, -1
1344, 337, -1
155, 1192, -1
1451, 1281, -1
720, 0, -1
720, 64, -1
660, 178, -1
804, 1192, -1
156, 1163, -1
260, 1281, -1
91, 545, -1
266, 104, -1
266, 769, -1
10, 1200, -1
660, 1163, -1
1451, 1192, -1
1110, 725, -1
1344, 440, -1
260, 1192, -1
700, 1192, -1
1163, 1200, -1
854, 91, -1
266, 1281, -1
854, 155, -1
545, 104, -1
1344, 769, -1
1336, 1192, -1
1110, 700, -1
854, 957, -1
769, 1200, -1
266, 1192, -1
10, 64, -1
914, 1200, -1
156, 545, -1
854, 1451, -1
660, 155, -1
874, 1200, -1
957, 725, -1
854, 804, -1
720, 486, -1
720, 660, -1
155, 769, -1
155, 104, -1
1336, 337, -1
486, 804, -1
126, 769, -1
1110, 693, -1
693, 725, -1
545, 1192, -1
1430, 545, -1
260, 156, -1
155, 1281, -1
440, 1200, -1
880, 1200, -1
957, 1200, -1
257, 1200, -1
126, 1281, -1
156, 10, -1
1336, 440, -1
700, 769, -1
700, 104, -1
914, 64, -1
156, 257, -1
874, 64, -1
693, 1200, -1
156, 266, -1
720, 854, -1
10, 697, -1
720, 863, -1
1336, 104, -1
1336, 769, -1
660, 257, -1
697, 1200, -1
126, 725, -1
700, 1281, -1
720, 1110, -1
720, 1192, -1
880, 0, -1
880, 64, -1
1110, 914, -1
1430, 156, -1
1336, 1281, -1
257, 64, -1
725, 10, -1
1163, 440, -1
725, 257, -1
126, 1200, -1
545, 0, -1
697, 0, -1
725, 260, -1
155, 440, -1
804, 440, -1
725, 266, -1
725, 1163, -1
1430, 854, -1
725, 440, -1
91, 257, -1
486, 957, -1
660, 91, -1
126, 440, -1
1344, 91, -1
1451, 440, -1
725, 769, -1
914, 440, -1
91, 769, -1
260, 440, -1
874, 440, -1
502, 440, -1
486, 874, -1
700, 440, -1
769, 0, -1
725, 155, -1
1430, 874, -1
502, 769, -1
266, 440, -1
957, 440, -1
486, 257, -1
257, 440, -1
126, 1192, -1
725, 1451, -1
720, 91, -1
693, 440, -1
1281, 0, -1
1430, 440, -1
1430, 257, -1
545, 440, -1
725, 874, -1
725, 700, -1
725, 880, -1
257, 0, -1
10, 440, -1
91, 874, -1
1430, 769, -1
725, 178, -1

