271, 1112, 1
0, 117, 1
1, 117, 1
1, 0, 1
0, 1, 1
1142, 1112, -1
271, 1142, -1
117, 1112, -1
117, 271, -1
117, 1142, -1
0, 1112, -1
0, 271, -1
0, 1142, -1
1, 1112, -1
1, 271, -1
1, 1142, -1
1142, 271, -1
1112, 117, -1
1112, 1142, -1
1112, 1, -1
1112, 0, -1

589, 117, 1
589, 0, 1
589, 1, 1
3, 1112, 1
3, 271, 1
0, 1, 1
1112, 271, 1
0, 117, 1
1, 117, 1
1112, 3, 1
0, 589, 1
1, 589, 1
117, 589, 1
589, 1112, -1
589, 271, -1
589, 1142, -1
3, 1142, -1
3, 117, -1
3, 0, -1
3, 1, -1
3, 589, -1
9, 1112, -1
9, 271, -1
9, 3, -1
9, 1142, -1
9, 117, -1
9, 0, -1
9, 1, -1
9, 589, -1
0, 271, -1
117, 271, -1
1142, 271, -1
117, 1142, -1
1112, 117, -1
1112, 589, -1
1, 271, -1
0, 3, -1
117, 3, -1
0, 9, -1
1112, 1, -1
1112, 1142, -1
1, 1142, -1
0, 1112, -1
1112, 0, -1
1112, 9, -1
1, 3, -1
0, 1142, -1
1, 1112, -1

1414, 9, 1
889, 1112, 1
889, 271, 1
889, 3, 1
52, 1112, 1
52, 271, 1
52, 3, 1
52, 889, 1
217, 117, 1
217, 0, 1
217, 1, 1
217, 589, 1
0, 1, 1
117, 1, 1
1112, 889, 1
889, 52, 1
117, 589, 1
0, 589, 1
3, 271, 1
3, 52, 1
1112, 271, 1
1112, 52, 1
1, 589, 1
1112, 3, 1
0, 117, 1
589, 117, 1
0, 217, 1
1, 217, 1
1, 117, 1
1414, 1112, -1
1414, 271, -1
1414, 3, -1
1414, 1142, -1
1414, 117, -1
1414, 0, -1
1414, 1, -1
1414, 589, -1
889, 1142, -1
889, 117, -1
889, 0, -1
889, 1, -1
889, 589, -1
889, 9, -1
889, 1414, -1
52, 1142, -1
52, 117, -1
52, 0, -1
52, 1, -1
52, 589, -1
52, 9, -1
52, 1414, -1
217, 1112, -1
217, 271, -1
217, 3, -1
217, 889, -1
217, 52, -1
217, 1142, -1
217, 9, -1
217, 1414, -1
0, 271, -1
1142, 271, -1
3, 117, -1
3, 1142, -1
1112, 117, -1
3, 1, -1
1112, 1142, -1
1112, 1, -1
117, 1414, -1
1, 52, -1
117, 889, -1
1, 3, -1
1, 9, -1
1112, 217, -1
589, 9, -1
3, 589, -1
117, 1142, -1
1112, 589, -1
1, 271, -1
0, 1414, -1
0, 1112, -1
9, 889, -1
1112, 0, -1
3, 9, -1
1112, 9, -1
9, 117, -1
589, 271, -1
9, 1142, -1
0, 889, -1
0, 1142, -1
117, 9, -1
889, 217, -1
1, 1414, -1
9, 52, -1
9, 589, -1
117, 271, -1
0, 52, -1
589, 1414, -1
9, 3, -1
1, 889, -1
0, 3, -1
0, 9, -1
589, 889, -1
1, 1142, -1
3, 1414, -1
1112, 1414, -1
589, 1142, -1
9, 271, -1
52, 217, -1
1414, 889, -1
1, 1112, -1
9, 217, -1
589, 52, -1
9, 1, -1
3, 217, -1
117, 52, -1
117, 3, -1
1142, 1, -1

1019, 9, 1
1019, 1414, 1
1132, 117, 1
1132, 0, 1
1132, 1, 1
1132, 589, 1
1132, 217, 1
898, 1112, 1
898, 271, 1
898, 3, 1
898, 889, 1
898, 52, 1
1112, 889, 1
889, 271, 1
1, 589, 1
217, 589, 1
52, 271, 1
9, 1414, 1
3, 52, 1
1112, 52, 1
1112, 3, 1
0, 117, 1
0, 1, 1
117, 589, 1
3, 271, 1
1112, 271, 1
0, 217, 1
0, 589, 1
889, 52, 1
1, 117, 1
889, 3, 1
217, 117, 1
217, 1, 1
217, 1132, 1
0, 1132, 1
117, 1, 1
9, 1019, 1
1112, 898, 1
1, 1132, 1
589, 117, 1
589, 1, 1
889, 898, 1
117, 1132, 1
1, 217, 1
589, 1132, 1
1019, 1112, -1
1019, 271, -1
1019, 3, -1
1019, 889, -1
1019, 52, -1
1019, 1142, -1
1019, 117, -1
1019, 0, -1
1019, 1, -1
1019, 589, -1
1019, 217, -1
1132, 1112, -1
1132, 271, -1
1132, 3, -1
1132, 889, -1
1132, 52, -1
1132, 1142, -1
1132, 9, -1
1132, 1414, -1
1132, 1019, -1
898, 1142, -1
898, 117, -1
898, 0, -1
898, 1, -1
898, 589, -1
898, 217, -1
898, 1132, -1
898, 9, -1
898, 1414, -1
898, 1019, -1
3, 1142, -1
1112, 589, -1
1112, 1019, -1
9, 1, -1
889, 117, -1
889, 217, -1
9, 1132, -1
52, 117, -1
1019, 1132, -1
9, 3, -1
0, 9, -1
889, 9, -1
217, 889, -1
217, 898, -1
1112, 1414, -1
1414, 1142, -1
1112, 1142, -1
589, 52, -1
1, 3, -1
217, 1019, -1
3, 1132, -1
217, 9, -1
0, 889, -1
9, 117, -1
0, 898, -1
1414, 271, -1
889, 589, -1
0, 52, -1
589, 1414, -1
0, 1019, -1
889, 1019, -1
217, 1142, -1
589, 1142, -1
1142, 271, -1
3, 117, -1
1112, 1, -1
1, 9, -1
217, 52, -1
0, 1414, -1
1112, 1132, -1
889, 1414, -1
9, 889, -1
3, 9, -1
9, 898, -1
589, 271, -1
217, 271, -1
0, 1142, -1
889, 1142, -1
117, 52, -1
9, 217, -1
9, 52, -1
117, 271, -1
1, 889, -1
217, 1414, -1
1, 898, -1
0, 271, -1
52, 589, -1
1112, 117, -1
117, 1414, -1
1, 52, -1
1, 1019, -1
1112, 217, -1
217, 3, -1
3, 589, -1
117, 1142, -1
1, 271, -1
0, 1112, -1
3, 1019, -1
1112, 0, -1
1112, 9, -1
9, 1142, -1
889, 1, -1
52, 1414, -1
1, 1414, -1
9, 589, -1
889, 1132, -1
52, 1142, -1
0, 3, -1
1, 1142, -1
3, 1414, -1
9, 271, -1
52, 1, -1
589, 9, -1
217, 1112, -1
52, 217, -1
3, 1, -1
1142, 1019, -1
271, 1019, -1
589, 889, -1
52, 1019, -1
52, 9, -1
1414, 889, -1
1, 1112, -1
117, 9, -1
117, 889, -1
3, 217, -1
1414, 1, -1
117, 1019, -1
117, 3, -1
1142, 1, -1

886, 1112, 1
886, 271, 1
886, 3, 1
886, 889, 1
886, 52, 1
886, 898, 1
992, 9, 1
992, 1414, 1
992, 1019, 1
1323, 1112, 1
1323, 271, 1
1323, 3, 1
1323, 889, 1
1323, 52, 1
1323, 898, 1
1323, 886, 1
1112, 889, 1
889, 271, 1
3, 898, 1
1112, 898, 1
1112, 886, 1
898, 1323, 1
889, 1323, 1
52, 271, 1
9, 1414, 1
3, 52, 1
1112, 52, 1
1019, 1414, 1
898, 886, 1
1112, 3, 1
889, 886, 1
889, 898, 1
3, 271, 1
1112, 271, 1
3, 1323, 1
52, 886, 1
1112, 1323, 1
898, 52, 1
9, 1019, 1
889, 52, 1
898, 3, 1
889, 3, 1
3, 1112, 1
3, 886, 1
898, 271, 1
3, 889, 1
886, 1142, -1
886, 117, -1
886, 0, -1
886, 1, -1
886, 589, -1
886, 217, -1
886, 1132, -1
886, 9, -1
886, 1414, -1
886, 1019, -1
992, 1112, -1
992, 271, -1
992, 3, -1
992, 889, -1
992, 52, -1
992, 898, -1
992, 886, -1
992, 1142, -1
992, 117, -1
992, 0, -1
992, 1, -1
992, 589, -1
992, 217, -1
992, 1132, -1
1323, 1142, -1
1323, 117, -1
1323, 0, -1
1323, 1, -1
1323, 589, -1
1323, 217, -1
1323, 1132, -1
1323, 9, -1
1323, 1414, -1
1323, 1019, -1
1323, 992, -1
110, 1112, -1
110, 271, -1
110, 3, -1
110, 889, -1
110, 52, -1
110, 898, -1
110, 886, -1
110, 1323, -1
110, 1142, -1
110, 117, -1
110, 0, -1
110, 1, -1
110, 589, -1
110, 217, -1
110, 1132, -1
110, 9, -1
110, 1414, -1
110, 1019, -1
110, 992, -1
3, 1142, -1
1142, 1323, -1
1414, 52, -1
9, 1112, -1
1112, 589, -1
1112, 1019, -1
1019, 117, -1
889, 117, -1
1142, 898, -1
9, 1132, -1
52, 117, -1
898, 1132, -1
1019, 110, -1
1019, 1132, -1
1142, 52, -1
9, 3, -1
889, 110, -1
0, 9, -1
217, 889, -1
889, 9, -1
1414, 886, -1
217, 898, -1
1112, 1414, -1
1414, 1142, -1
992, 110, -1
52, 110, -1
886, 110, -1
3, 1, -1
1112, 1142, -1
1, 3, -1
217, 1019, -1
3, 1132, -1
217, 9, -1
0, 889, -1
9, 117, -1
898, 117, -1
0, 898, -1
1414, 271, -1
217, 1323, -1
9, 110, -1
889, 589, -1
0, 52, -1
589, 1414, -1
898, 110, -1
0, 1019, -1
889, 1019, -1
589, 886, -1
217, 886, -1
1142, 271, -1
3, 117, -1
1112, 1, -1
0, 1323, -1
3, 217, -1
1, 9, -1
217, 52, -1
0, 1414, -1
3, 110, -1
1112, 1132, -1
889, 1414, -1
9, 889, -1
992, 1323, -1
3, 9, -1
0, 886, -1
9, 898, -1
217, 271, -1
589, 271, -1
1132, 52, -1
1019, 1142, -1
889, 1142, -1
1, 1323, -1
898, 589, -1
9, 52, -1
1019, 589, -1
117, 271, -1
1019, 52, -1
898, 1019, -1
1, 889, -1
217, 1414, -1
1, 898, -1
1142, 3, -1
1019, 271, -1
0, 271, -1
1132, 1414, -1
52, 589, -1
1112, 117, -1
1132, 886, -1
52, 1019, -1
1, 52, -1
9, 1323, -1
117, 1414, -1
1, 1019, -1
117, 886, -1
1112, 217, -1
1414, 110, -1
217, 3, -1
3, 589, -1
898, 1414, -1
1, 271, -1
0, 1112, -1
1112, 110, -1
9, 886, -1
3, 1019, -1
1019, 886, -1
1112, 9, -1
9, 1142, -1
898, 1142, -1
271, 1019, -1
52, 1414, -1
1323, 110, -1
1132, 271, -1
1, 1414, -1
9, 589, -1
889, 1132, -1
1, 886, -1
52, 1142, -1
0, 3, -1
3, 1414, -1
9, 271, -1
898, 9, -1
1142, 1019, -1
0, 992, -1
1019, 889, -1
52, 9, -1
1414, 889, -1
1414, 898, -1
1112, 992, -1

1452, 1112, 1
1452, 271, 1
1452, 3, 1
1452, 889, 1
1452, 52, 1
1452, 898, 1
1452, 886, 1
1452, 1323, 1
724, 9, 1
724, 1414, 1
724, 1019, 1
724, 992, 1
1112, 889, 1
889, 271, 1
992, 1019, 1
1112, 898, 1
1112, 886, 1
992, 9, 1
898, 1323, 1
889, 1323, 1
52, 271, 1
886, 271, 1
9, 1414, 1
3, 52, 1
1112, 52, 1
1323, 886, 1
1019, 1414, 1
898, 886, 1
1112, 3, 1
889, 886, 1
889, 898, 1
3, 271, 1
1112, 271, 1
992, 1414, 1
3, 1323, 1
52, 886, 1
1112, 1323, 1
1323, 52, 1
898, 52, 1
9, 1019, 1
889, 52, 1
898, 3, 1
889, 3, 1
1323, 271, 1
3, 886, 1
898, 271, 1
1019, 724, 1
3, 889, 1
1323, 1452, 1
898, 1452, 1
1323, 898, 1
889, 1452, 1
3, 1452, 1
9, 724, 1
1112, 1452, 1
1323, 3, 1
992, 724, 1
3, 1112, 1
3, 898, 1
1452, 1142, -1
1452, 117, -1
1452, 0, -1
1452, 1, -1
1452, 589, -1
1452, 217, -1
1452, 1132, -1
1452, 9, -1
1452, 1414, -1
1452, 1019, -1
1452, 992, -1
1452, 110, -1
724, 1112, -1
724, 271, -1
724, 3, -1
724, 889, -1
724, 52, -1
724, 898, -1
724, 886, -1
724, 1323, -1
724, 1452, -1
724, 1142, -1
724, 117, -1
724, 0, -1
724, 1, -1
724, 589, -1
724, 217, -1
724, 1132, -1
724, 110, -1
593, 1112, -1
593, 271, -1
593, 3, -1
593, 889, -1
593, 52, -1
593, 898, -1
593, 886, -1
593, 1323, -1
593, 1452, -1
593, 1142, -1
593, 117, -1
593, 0, -1
593, 1, -1
593, 589, -1
593, 217, -1
593, 1132, -1
593, 9, -1
593, 1414, -1
593, 1019, -1
593, 992, -1
593, 724, -1
593, 110, -1
1132, 1112, -1
992, 3, -1
3, 1142, -1
1112, 724, -1
1414, 52, -1
1112, 589, -1
1112, 1019, -1
1019, 117, -1
889, 117, -1
1132, 3, -1
0, 992, -1
992, 117, -1
1323, 1019, -1
52, 117, -1
1019, 110, -1
9, 3, -1
889, 110, -1
110, 271, -1
9, 1452, -1
0, 9, -1
217, 889, -1
889, 9, -1
1414, 886, -1
217, 898, -1
1112, 1414, -1
1414, 1142, -1
992, 110, -1
52, 110, -1
886, 110, -1
1112, 1142, -1
992, 1452, -1
1, 3, -1
217, 1019, -1
1132, 992, -1
217, 9, -1
1323, 1142, -1
0, 889, -1
1323, 724, -1
9, 117, -1
898, 117, -1
0, 898, -1
1414, 271, -1
889, 724, -1
1132, 9, -1
217, 1323, -1
992, 889, -1
1323, 589, -1
9, 110, -1
889, 589, -1
0, 52, -1
898, 110, -1
589, 1414, -1
0, 1019, -1
889, 1019, -1
589, 886, -1
217, 886, -1
992, 217, -1
1142, 271, -1
1112, 593, -1
3, 117, -1
1112, 1, -1
1132, 889, -1
1132, 898, -1
0, 1323, -1
1, 9, -1
217, 52, -1
1323, 1414, -1
0, 1414, -1
3, 110, -1
889, 1414, -1
9, 889, -1
0, 886, -1
992, 1323, -1
9, 898, -1
589, 271, -1
217, 271, -1
1132, 52, -1
1019, 1142, -1
1132, 1019, -1
889, 1142, -1
1, 1323, -1
992, 1142, -1
898, 589, -1
9, 52, -1
992, 898, -1
1019, 589, -1
117, 271, -1
1019, 52, -1
898, 1019, -1
1, 889, -1
217, 1414, -1
1, 898, -1
1132, 1323, -1
1019, 271, -1
992, 589, -1
0, 271, -1
1132, 1414, -1
992, 52, -1
3, 724, -1
52, 589, -1
1112, 117, -1
1132, 886, -1
1, 52, -1
9, 1323, -1
117, 1414, -1
1, 1019, -1
992, 271, -1
117, 886, -1
1112, 992, -1
1112, 217, -1
1414, 110, -1
217, 3, -1
3, 589, -1
898, 1414, -1
1, 271, -1
0, 1112, -1
1112, 110, -1
9, 886, -1
3, 1019, -1
1323, 117, -1
1019, 886, -1
1112, 9, -1
9, 1142, -1
898, 1142, -1
992, 1112, -1
52, 1414, -1
886, 1414, -1
992, 886, -1
1323, 110, -1
992, 593, -1
1132, 271, -1
1452, 724, -1
1, 1414, -1
992, 1, -1
9, 589, -1
1, 886, -1
52, 1142, -1
886, 1142, -1
0, 3, -1
3, 1414, -1
9, 271, -1
992, 1132, -1
110, 1323, -1
52, 1019, -1
886, 1019, -1
52, 9, -1
1142, 1323, -1
886, 9, -1
1, 1452, -1
9, 1112, -1
217, 1452, -1
3, 1132, -1
110, 898, -1
1112, 1132, -1
1414, 1452, -1
110, 724, -1
1019, 889, -1
3, 9, -1
898, 724, -1
1142, 898, -1
1142, 724, -1
0, 724, -1
271, 1019, -1
110, 1019, -1
110, 52, -1
110, 3, -1
1323, 1132, -1
9, 1132, -1
898, 1132, -1
110, 1452, -1
1019, 1132, -1
889, 1132, -1
1142, 52, -1
886, 724, -1
1323, 9, -1
898, 9, -1
1142, 1019, -1
1, 724, -1
1142, 3, -1
0, 1452, -1
1019, 1452, -1
1142, 1452, -1
1414, 889, -1
1414, 898, -1
217, 724, -1
3, 1, -1
3, 593, -1
3, 217, -1

419, 1112, 1
419, 271, 1
419, 3, 1
419, 889, 1
419, 52, 1
419, 898, 1
419, 886, 1
419, 1323, 1
419, 1452, 1
596, 117, 1
596, 0, 1
596, 1, 1
596, 589, 1
596, 217, 1
596, 1132, 1
453, 9, 1
453, 1414, 1
453, 1019, 1
453, 992, 1
453, 724, 1
1112, 889, 1
889, 271, 1
3, 898, 1
992, 1019, 1
1112, 898, 1
1112, 886, 1
1452, 52, 1
1, 589, 1
992, 9, 1
1132, 117, 1
1132, 1, 1
217, 589, 1
1452, 271, 1
52, 271, 1
886, 271, 1
9, 1414, 1
3, 52, 1
1323, 889, 1
1112, 52, 1
1323, 886, 1
1019, 1414, 1
1323, 898, 1
724, 1414, 1
898, 886, 1
1132, 217, 1
889, 886, 1
3, 1452, 1
1112, 1452, 1
1132, 589, 1
0, 117, 1
889, 898, 1
0, 1, 1
1132, 0, 1
9, 724, 1
1019, 724, 1
117, 589, 1
3, 271, 1
1112, 271, 1
992, 1414, 1
1452, 886, 1
3, 1323, 1
52, 886, 1
1112, 1323, 1
1323, 52, 1
0, 217, 1
898, 52, 1
992, 724, 1
9, 1019, 1
889, 52, 1
0, 589, 1
1323, 1452, 1
898, 1452, 1
1, 117, 1
1323, 271, 1
3, 1112, 1
889, 1452, 1
217, 117, 1
217, 1, 1
3, 886, 1
898, 271, 1
3, 889, 1
3, 419, 1
1112, 419, 1
1452, 3, 1
898, 1323, 1
1, 1132, 1
889, 1323, 1
1132, 596, 1
117, 596, 1
217, 1132, 1
117, 1, 1
1019, 453, 1
9, 453, 1
724, 453, 1
1452, 1323, 1
1323, 419, 1
1112, 3, 1
898, 419, 1
0, 596, 1
889, 419, 1
992, 453, 1
1323, 3, 1
0, 1132, 1
1, 596, 1
898, 3, 1
889, 3, 1
589, 117, 1
589, 596, 1
217, 596, 1
589, 1, 1
117, 1132, 1
1452, 419, 1
52, 419, 1
1, 217, 1
589, 1132, 1
419, 1142, -1
419, 117, -1
419, 0, -1
419, 1, -1
419, 589, -1
419, 217, -1
419, 1132, -1
419, 9, -1
419, 1414, -1
419, 1019, -1
419, 992, -1
419, 724, -1
419, 110, -1
419, 593, -1
596, 1112, -1
596, 271, -1
596, 3, -1
596, 889, -1
596, 52, -1
596, 898, -1
596, 886, -1
596, 1323, -1
596, 1452, -1
596, 419, -1
596, 1142, -1
596, 9, -1
596, 1414, -1
596, 1019, -1
596, 992, -1
596, 724, -1
596, 110, -1
596, 593, -1
453, 1112, -1
453, 271, -1
453, 3, -1
453, 889, -1
453, 52, -1
453, 898, -1
453, 886, -1
453, 1323, -1
453, 1452, -1
453, 419, -1
453, 1142, -1
453, 117, -1
453, 0, -1
453, 1, -1
453, 589, -1
453, 217, -1
453, 1132, -1
453, 596, -1
453, 110, -1
453, 593, -1
593, 117, -1
1112, 596, -1
992, 3, -1
3, 1142, -1
1112, 724, -1
1452, 1019, -1
117, 453, -1
1132, 593, -1
1132, 419, -1
1452, 589, -1
593, 217, -1
589, 110, -1
217, 110, -1
1112, 589, -1
0, 453, -1
889, 453, -1
593, 9, -1
1112, 1019, -1
9, 419, -1
1019, 117, -1
724, 117, -1
9, 1, -1
889, 117, -1
1132, 3, -1
117, 110, -1
596, 453, -1
1452, 1414, -1
1132, 1452, -1
0, 992, -1
593, 1323, -1
889, 217, -1
992, 117, -1
1323, 1019, -1
9, 1132, -1
1452, 1142, -1
52, 117, -1
898, 1132, -1
1019, 110, -1
992, 419, -1
724, 110, -1
0, 110, -1
1019, 1132, -1
724, 1132, -1
889, 110, -1
9, 3, -1
110, 271, -1
9, 1452, -1
0, 9, -1
1, 419, -1
217, 889, -1
889, 9, -1
1414, 886, -1
1019, 1452, -1
217, 898, -1
1112, 1414, -1
724, 1452, -1
593, 889, -1
1414, 1142, -1
992, 110, -1
593, 898, -1
419, 596, -1
593, 724, -1
3, 593, -1
992, 1132, -1
52, 110, -1
886, 110, -1
1132, 453, -1
3, 1, -1
1112, 1142, -1
1, 110, -1
992, 1452, -1
589, 52, -1
1, 3, -1
593, 589, -1
1, 1452, -1
217, 1019, -1
593, 52, -1
3, 1132, -1
898, 453, -1
217, 9, -1
593, 1019, -1
1323, 596, -1
1323, 1142, -1
0, 889, -1
1323, 724, -1
9, 117, -1
889, 596, -1
898, 117, -1
0, 898, -1
1132, 110, -1
1414, 271, -1
889, 724, -1
1132, 9, -1
117, 1019, -1
217, 1323, -1
992, 889, -1
52, 453, -1
1323, 589, -1
1, 453, -1
9, 110, -1
889, 589, -1
0, 52, -1
898, 110, -1
589, 1414, -1
0, 1019, -1
889, 1019, -1
589, 886, -1
217, 886, -1
593, 1414, -1
3, 453, -1
593, 886, -1
589, 1142, -1
217, 1142, -1
992, 217, -1
217, 724, -1
1452, 1132, -1
1142, 271, -1
1112, 593, -1
3, 117, -1
992, 0, -1
1112, 1, -1
1132, 889, -1
1132, 898, -1
0, 1323, -1
3, 217, -1
1, 9, -1
217, 52, -1
1323, 1414, -1
117, 724, -1
0, 1414, -1
3, 110, -1
1112, 1132, -1
889, 1414, -1
9, 889, -1
0, 886, -1
3, 9, -1
898, 596, -1
992, 1323, -1
9, 898, -1
589, 271, -1
217, 271, -1
1132, 52, -1
898, 724, -1
1019, 1142, -1
1019, 596, -1
724, 1142, -1
0, 1142, -1
1132, 1019, -1
724, 596, -1
889, 1142, -1
593, 271, -1
1, 1323, -1
0, 724, -1
1452, 453, -1
117, 52, -1
9, 217, -1
992, 596, -1
992, 1142, -1
898, 589, -1
9, 52, -1
1452, 117, -1
992, 898, -1
1019, 589, -1
117, 271, -1
724, 589, -1
1019, 52, -1
724, 52, -1
898, 1019, -1
1, 889, -1
217, 1414, -1
419, 453, -1
1, 898, -1
1, 724, -1
1132, 1323, -1
1112, 453, -1
1019, 271, -1
724, 271, -1
3, 596, -1
0, 271, -1
1452, 110, -1
992, 589, -1
992, 52, -1
593, 1, -1
3, 724, -1
52, 589, -1
1132, 1414, -1
1112, 117, -1
1132, 886, -1
52, 1019, -1
886, 1019, -1
1, 52, -1
9, 1323, -1
117, 1414, -1
1132, 1142, -1
1, 1019, -1
992, 271, -1
117, 886, -1
1132, 724, -1
1323, 453, -1
1112, 217, -1
1112, 992, -1
1414, 110, -1
217, 3, -1
3, 589, -1
117, 1142, -1
898, 1414, -1
217, 1452, -1
1, 271, -1
0, 1112, -1
1112, 110, -1
9, 886, -1
3, 1019, -1
1323, 117, -1
1112, 0, -1
593, 1452, -1
1019, 886, -1
1112, 9, -1
724, 886, -1
9, 596, -1
0, 593, -1
0, 419, -1
9, 1142, -1
898, 1142, -1
889, 1, -1
992, 1112, -1
271, 1019, -1
52, 1414, -1
886, 1414, -1
992, 886, -1
1323, 110, -1
1452, 596, -1
1132, 271, -1
992, 593, -1
1323, 1132, -1
1452, 724, -1
1, 1414, -1
992, 1, -1
9, 589, -1
589, 453, -1
889, 1132, -1
1, 886, -1
217, 453, -1
52, 1142, -1
886, 1142, -1
0, 3, -1
0, 1452, -1
1, 1142, -1
3, 1414, -1
217, 419, -1
9, 271, -1
1414, 898, -1
110, 1323, -1
1132, 1112, -1
52, 217, -1
1452, 9, -1
589, 724, -1
1142, 1323, -1
110, 453, -1
886, 9, -1
52, 9, -1
117, 889, -1
271, 596, -1
1414, 52, -1
589, 9, -1
593, 1132, -1
9, 1112, -1
110, 898, -1
589, 1452, -1
1132, 992, -1
110, 419, -1
593, 3, -1
1142, 453, -1
110, 724, -1
1414, 1452, -1
1019, 889, -1
1323, 1, -1
724, 889, -1
724, 898, -1
1019, 1, -1
1019, 419, -1
898, 1, -1
724, 419, -1
1142, 419, -1
1142, 724, -1
1142, 898, -1
724, 1, -1
1323, 217, -1
593, 419, -1
110, 1019, -1
886, 453, -1
898, 217, -1
1, 1112, -1
110, 52, -1
724, 217, -1
1019, 217, -1
117, 9, -1
110, 3, -1
1452, 1, -1
52, 596, -1
886, 596, -1
52, 1, -1
886, 1, -1
110, 1452, -1
217, 1112, -1
1142, 52, -1
1323, 9, -1
886, 724, -1
898, 9, -1
1142, 1019, -1
593, 453, -1
589, 889, -1
1142, 3, -1
1452, 217, -1
1142, 1452, -1
1414, 889, -1
1414, 419, -1
593, 596, -1
1414, 596, -1
1414, 1, -1
117, 1452, -1
117, 1323, -1
117, 419, -1
117, 3, -1
110, 1, -1
1142, 1, -1

311, 9, 1
311, 1414, 1
311, 1019, 1
311, 992, 1
311, 724, 1
311, 453, 1
598, 117, 1
598, 0, 1
598, 1, 1
598, 589, 1
598, 217, 1
598, 1132, 1
598, 596, 1
635, 117, 1
635, 0, 1
635, 1, 1
635, 589, 1
635, 217, 1
635, 1132, 1
635, 596, 1
635, 598, 1
992, 1019, 1
596, 598, 1
1, 635, 1
992, 9, 1
1, 589, 1
217, 635, 1
1, 1132, 1
1, 598, 1
1132, 117, 1
1132, 596, 1
217, 589, 1
217, 1132, 1
589, 598, 1
217, 598, 1
9, 1414, 1
9, 453, 1
1019, 453, 1
724, 453, 1
1019, 1414, 1
724, 1414, 1
453, 1414, 1
1132, 589, 1
0, 117, 1
0, 596, 1
1019, 724, 1
9, 724, 1
0, 1, 1
1132, 598, 1
117, 589, 1
992, 453, 1
117, 598, 1
992, 1414, 1
0, 635, 1
596, 117, 1
0, 217, 1
992, 724, 1
0, 1132, 1
9, 1019, 1
0, 589, 1
1, 596, 1
0, 598, 1
1, 117, 1
217, 117, 1
217, 596, 1
217, 1, 1
596, 589, 1
117, 1, 1
1, 217, 1
1019, 311, 1
992, 311, 1
724, 311, 1
1414, 311, 1
9, 311, 1
1132, 217, 1
589, 1, 1
589, 117, 1
589, 596, 1
453, 311, 1
1132, 1, 1
596, 1, 1
117, 596, 1
117, 1132, 1
117, 635, 1
596, 217, 1
589, 1132, 1
311, 1112, -1
311, 271, -1
311, 3, -1
311, 889, -1
311, 52, -1
311, 898, -1
311, 886, -1
311, 1323, -1
311, 1452, -1
311, 419, -1
311, 1142, -1
311, 117, -1
311, 0, -1
311, 1, -1
311, 589, -1
311, 217, -1
311, 1132, -1
311, 596, -1
311, 110, -1
311, 593, -1
598, 1112, -1
598, 271, -1
598, 3, -1
598, 889, -1
598, 52, -1
598, 898, -1
598, 886, -1
598, 1323, -1
598, 1452, -1
598, 419, -1
598, 1142, -1
598, 9, -1
598, 1414, -1
598, 1019, -1
598, 992, -1
598, 724, -1
598, 453, -1
598, 311, -1
598, 110, -1
598, 593, -1
635, 1112, -1
635, 271, -1
635, 3, -1
635, 889, -1
635, 52, -1
635, 898, -1
635, 886, -1
635, 1323, -1
635, 1452, -1
635, 419, -1
635, 1142, -1
635, 9, -1
635, 1414, -1
635, 1019, -1
635, 992, -1
635, 724, -1
635, 453, -1
635, 311, -1
635, 110, -1
635, 593, -1
593, 117, -1
1112, 596, -1
992, 3, -1
1112, 724, -1
117, 453, -1
271, 1414, -1
1132, 419, -1
1452, 589, -1
593, 217, -1
1414, 589, -1
217, 110, -1
589, 110, -1
1112, 635, -1
117, 419, -1
1112, 589, -1
589, 311, -1
419, 1019, -1
0, 453, -1
217, 311, -1
110, 596, -1
889, 453, -1
593, 9, -1
3, 598, -1
1112, 1019, -1
9, 419, -1
1019, 117, -1
724, 117, -1
9, 1, -1
1142, 596, -1
889, 117, -1
117, 110, -1
596, 453, -1
1452, 1414, -1
1132, 1452, -1
1323, 217, -1
110, 589, -1
0, 992, -1
117, 311, -1
889, 217, -1
992, 117, -1
886, 635, -1
1142, 635, -1
1323, 1019, -1
9, 1132, -1
992, 419, -1
1019, 110, -1
52, 117, -1
724, 110, -1
886, 117, -1
1142, 589, -1
1019, 1132, -1
0, 110, -1
724, 1132, -1
9, 3, -1
898, 1132, -1
9, 1452, -1
0, 9, -1
1, 419, -1
889, 9, -1
1414, 886, -1
1019, 1452, -1
0, 311, -1
724, 1452, -1
1112, 1414, -1
217, 898, -1
593, 596, -1
1414, 596, -1
1414, 1142, -1
992, 110, -1
596, 110, -1
593, 724, -1
419, 596, -1
992, 1132, -1
1132, 453, -1
419, 724, -1
1452, 598, -1
3, 1, -1
886, 1132, -1
1, 110, -1
596, 311, -1
992, 1452, -1
593, 635, -1
1, 3, -1
217, 1019, -1
1, 1452, -1
593, 589, -1
589, 1019, -1
419, 589, -1
1414, 598, -1
898, 453, -1
3, 1132, -1
217, 9, -1
593, 1019, -1
419, 598, -1
1323, 596, -1
1112, 598, -1
1323, 724, -1
9, 117, -1
453, 886, -1
0, 889, -1
898, 117, -1
0, 898, -1
889, 596, -1
1132, 110, -1
889, 724, -1
453, 1142, -1
1132, 311, -1
117, 1019, -1
217, 1323, -1
992, 889, -1
52, 453, -1
1323, 589, -1
889, 635, -1
1, 453, -1
1323, 598, -1
9, 110, -1
889, 589, -1
0, 52, -1
589, 1414, -1
889, 598, -1
0, 1019, -1
453, 589, -1
889, 1019, -1
217, 886, -1
593, 1414, -1
589, 886, -1
453, 598, -1
419, 1414, -1
3, 453, -1
992, 217, -1
217, 1142, -1
589, 1142, -1
217, 724, -1
596, 1019, -1
3, 117, -1
992, 0, -1
1112, 1, -1
886, 596, -1
271, 453, -1
0, 1323, -1
3, 217, -1
1, 9, -1
1414, 1132, -1
217, 52, -1
1, 311, -1
1323, 1414, -1
110, 117, -1
0, 1414, -1
1112, 1132, -1
889, 1414, -1
593, 598, -1
3, 0, -1
992, 1323, -1
0, 886, -1
898, 596, -1
1323, 1, -1
9, 898, -1
589, 271, -1
1019, 596, -1
1019, 1142, -1
898, 724, -1
724, 1142, -1
724, 596, -1
217, 271, -1
0, 1142, -1
1132, 52, -1
1132, 1019, -1
1, 1323, -1
0, 724, -1
596, 1414, -1
1452, 453, -1
596, 886, -1
9, 635, -1
110, 1132, -1
898, 635, -1
9, 217, -1
992, 596, -1
992, 1142, -1
1452, 117, -1
9, 52, -1
898, 589, -1
992, 898, -1
1019, 589, -1
52, 596, -1
724, 589, -1
117, 271, -1
1019, 52, -1
1019, 598, -1
724, 52, -1
898, 1019, -1
724, 598, -1
1142, 1132, -1
217, 1414, -1
419, 453, -1
1, 724, -1
1, 898, -1
589, 419, -1
1112, 453, -1
992, 635, -1
1019, 271, -1
1414, 117, -1
724, 271, -1
992, 589, -1
419, 117, -1
0, 271, -1
1132, 1414, -1
992, 52, -1
992, 598, -1
3, 724, -1
593, 1, -1
52, 589, -1
1112, 117, -1
886, 589, -1
52, 598, -1
1132, 886, -1
117, 1414, -1
9, 1323, -1
1, 52, -1
1132, 1142, -1
1, 1019, -1
992, 271, -1
1132, 724, -1
1112, 992, -1
1323, 453, -1
1112, 217, -1
596, 271, -1
1414, 110, -1
117, 886, -1
217, 3, -1
593, 1132, -1
3, 589, -1
117, 1142, -1
898, 1414, -1
217, 1452, -1
1, 271, -1
419, 1132, -1
9, 886, -1
3, 1019, -1
1323, 117, -1
1112, 0, -1
1019, 886, -1
1112, 9, -1
724, 886, -1
9, 596, -1
9, 1142, -1
0, 419, -1
0, 593, -1
1142, 117, -1
110, 635, -1
453, 117, -1
889, 1, -1
52, 1414, -1
596, 1142, -1
992, 886, -1
992, 593, -1
1452, 596, -1
1132, 271, -1
596, 419, -1
1, 1414, -1
992, 1, -1
1323, 1132, -1
9, 589, -1
217, 453, -1
9, 598, -1
1, 886, -1
589, 453, -1
889, 1132, -1
898, 598, -1
453, 110, -1
0, 3, -1
593, 453, -1
0, 1452, -1
1, 1142, -1
3, 1414, -1
3, 596, -1
217, 419, -1
9, 271, -1
52, 217, -1
453, 271, -1
1452, 1019, -1
596, 9, -1
1452, 311, -1
1132, 889, -1
886, 1019, -1
1132, 593, -1
1132, 898, -1
110, 453, -1
52, 311, -1
886, 311, -1
589, 52, -1
419, 217, -1
1414, 52, -1
589, 9, -1
117, 724, -1
589, 1452, -1
1132, 992, -1
110, 724, -1
1142, 453, -1
419, 311, -1
593, 311, -1
3, 311, -1
1019, 1, -1
1112, 311, -1
724, 1, -1
1414, 271, -1
1142, 724, -1
1132, 3, -1
1132, 9, -1
453, 596, -1
453, 1, -1
117, 52, -1
898, 217, -1
110, 1019, -1
886, 453, -1
117, 9, -1
1019, 217, -1
724, 217, -1
453, 635, -1
110, 311, -1
453, 217, -1
1323, 311, -1
886, 724, -1
453, 1132, -1
453, 52, -1
1142, 1019, -1
453, 0, -1
898, 311, -1
1132, 1323, -1
1452, 217, -1
889, 311, -1
1142, 311, -1
1452, 635, -1
589, 724, -1
596, 52, -1
1414, 1, -1
52, 1, -1
886, 1, -1
419, 1, -1
1142, 1, -1
110, 1, -1
117, 3, -1
1452, 1, -1
117, 1452, -1
117, 1323, -1
898, 1, -1

873, 1112, 1
873, 271, 1
873, 3, 1
873, 889, 1
873, 52, 1
873, 898, 1
873, 886, 1
873, 1323, 1
873, 1452, 1
873, 419, 1
674, 9, 1
674, 1414, 1
674, 1019, 1
674, 992, 1
674, 724, 1
674, 453, 1
674, 311, 1
1139, 1112, 1
1139, 271, 1
1139, 3, 1
1139, 889, 1
1139, 52, 1
1139, 898, 1
1139, 886, 1
1139, 1323, 1
1139, 1452, 1
1139, 419, 1
1139, 873, 1
904, 1112, 1
904, 271, 1
904, 3, 1
904, 889, 1
904, 52, 1
904, 898, 1
904, 886, 1
904, 1323, 1
904, 1452, 1
904, 419, 1
904, 873, 1
904, 1139, 1
19, 1112, 1
19, 271, 1
19, 3, 1
19, 889, 1
19, 52, 1
19, 898, 1
19, 886, 1
19, 1323, 1
19, 1452, 1
19, 419, 1
19, 873, 1
19, 1139, 1
19, 904, 1
1112, 889, 1
1112, 898, 1
1019, 453, 1
724, 453, 1
1323, 889, 1
1112, 52, 1
1323, 898, 1
898, 419, 1
898, 1139, 1
992, 453, 1
3, 271, 1
898, 19, 1
1452, 886, 1
52, 419, 1
898, 3, 1
1019, 311, 1
898, 1452, 1
724, 311, 1
873, 1139, 1
3, 1112, 1
1112, 886, 1
873, 19, 1
3, 419, 1
3, 1139, 1
1139, 19, 1
992, 311, 1
3, 19, 1
889, 1323, 1
1452, 271, 1
9, 453, 1
419, 52, 1
453, 1414, 1
3, 1452, 1
889, 898, 1
419, 271, 1
1112, 271, 1
1452, 419, 1
1323, 52, 1
889, 52, 1
9, 311, 1
1323, 271, 1
419, 886, 1
992, 1019, 1
1112, 419, 1
1112, 1139, 1
992, 9, 1
898, 1323, 1
1112, 19, 1
3, 873, 1
1323, 886, 1
1112, 3, 1
889, 886, 1
1112, 1452, 1
1019, 724, 1
3, 1323, 1
898, 52, 1
992, 724, 1
9, 1019, 1
904, 19, 1
3, 889, 1
889, 271, 1
3, 898, 1
1112, 873, 1
52, 271, 1
886, 271, 1
9, 1414, 1
3, 52, 1
1019, 1414, 1
724, 1414, 1
1414, 311, 1
898, 886, 1
1323, 419, 1
1323, 1139, 1
419, 1452, 1
889, 419, 1
889, 1139, 1
9, 724, 1
1323, 19, 1
992, 1414, 1
889, 19, 1
52, 886, 1
1112, 1323, 1
1323, 1452, 1
889, 3, 1
889, 1452, 1
453, 311, 1
3, 886, 1
898, 271, 1
1452, 52, 1
3, 904, 1
419, 904, 1
1112, 904, 1
886, 52, 1
992, 674, 1
419, 873, 1
1323, 904, 1
898, 904, 1
889, 904, 1
1323, 873, 1
898, 873, 1
889, 873, 1
1452, 904, 1
1323, 3, 1
52, 904, 1
1139, 904, 1
1452, 873, 1
9, 674, 1
52, 873, 1
873, 904, 1
886, 873, 1
886, 889, 1
889, 1112, 1
898, 1112, 1
1452, 889, 1
52, 889, 1
873, 1142, -1
873, 117, -1
873, 0, -1
873, 1, -1
873, 589, -1
873, 217, -1
873, 1132, -1
873, 596, -1
873, 598, -1
873, 635, -1
873, 9, -1
873, 1414, -1
873, 1019, -1
873, 992, -1
873, 724, -1
873, 453, -1
873, 311, -1
873, 110, -1
873, 593, -1
674, 1112, -1
674, 271, -1
674, 3, -1
674, 889, -1
674, 52, -1
674, 898, -1
674, 886, -1
674, 1323, -1
674, 1452, -1
674, 419, -1
674, 873, -1
674, 1142, -1
674, 117, -1
674, 0, -1
674, 1, -1
674, 589, -1
674, 217, -1
674, 1132, -1
674, 596, -1
674, 598, -1
674, 635, -1
674, 110, -1
674, 593, -1
1139, 1142, -1
1139, 117, -1
1139, 0, -1
1139, 1, -1
1139, 589, -1
1139, 217, -1
1139, 1132, -1
1139, 596, -1
1139, 598, -1
1139, 635, -1
1139, 9, -1
1139, 1414, -1
1139, 1019, -1
1139, 992, -1
1139, 724, -1
1139, 453, -1
1139, 311, -1
1139, 674, -1
1139, 110, -1
1139, 593, -1
904, 1142, -1
904, 117, -1
904, 0, -1
904, 1, -1
904, 589, -1
904, 217, -1
904, 1132, -1
904, 596, -1
904, 598, -1
904, 635, -1
904, 9, -1
904, 1414, -1
904, 1019, -1
904, 992, -1
904, 724, -1
904, 453, -1
904, 311, -1
904, 674, -1
904, 110, -1
904, 593, -1
19, 1142, -1
19, 117, -1
19, 0, -1
19, 1, -1
19, 589, -1
19, 217, -1
19, 1132, -1
19, 596, -1
19, 598, -1
19, 635, -1
19, 9, -1
19, 1414, -1
19, 1019, -1
19, 992, -1
19, 724, -1
19, 453, -1
19, 311, -1
19, 674, -1
19, 110, -1
19, 593, -1
992, 3, -1
1112, 724, -1
419, 217, -1
635, 1019, -1
1112, 589, -1
889, 117, -1
453, 898, -1
117, 311, -1
593, 1323, -1
1323, 1019, -1
9, 1132, -1
1452, 1142, -1
1019, 110, -1
898, 1132, -1
992, 1139, -1
635, 1414, -1
110, 271, -1
0, 9, -1
889, 9, -1
889, 674, -1
1414, 886, -1
1414, 1142, -1
992, 110, -1
419, 1142, -1
886, 110, -1
419, 724, -1
1452, 598, -1
3, 1, -1
217, 873, -1
419, 589, -1
1414, 598, -1
898, 453, -1
419, 598, -1
1323, 596, -1
0, 889, -1
0, 898, -1
1, 453, -1
589, 1414, -1
0, 1019, -1
889, 1019, -1
217, 886, -1
992, 873, -1
593, 886, -1
992, 217, -1
635, 1139, -1
217, 724, -1
1452, 1132, -1
593, 904, -1
3, 117, -1
311, 898, -1
52, 9, -1
886, 311, -1
0, 1414, -1
674, 19, -1
889, 1414, -1
3, 9, -1
898, 596, -1
3, 674, -1
1019, 1142, -1
1452, 453, -1
596, 886, -1
992, 1142, -1
9, 52, -1
1019, 589, -1
1019, 598, -1
419, 453, -1
724, 271, -1
992, 589, -1
1132, 1414, -1
992, 598, -1
886, 598, -1
52, 1019, -1
635, 873, -1
117, 1414, -1
9, 1323, -1
1, 52, -1
0, 1112, -1
1112, 110, -1
3, 1019, -1
635, 311, -1
724, 886, -1
0, 1139, -1
52, 1414, -1
1452, 596, -1
992, 593, -1
217, 453, -1
1323, 311, -1
593, 453, -1
3, 1414, -1
598, 311, -1
9, 271, -1
635, 724, -1
1112, 635, -1
589, 311, -1
9, 419, -1
724, 117, -1
898, 1, -1
9, 19, -1
596, 453, -1
889, 217, -1
724, 1132, -1
1323, 9, -1
1323, 674, -1
9, 1452, -1
1, 419, -1
0, 311, -1
889, 311, -1
1, 19, -1
52, 110, -1
1112, 1142, -1
1, 1452, -1
593, 52, -1
1112, 598, -1
9, 117, -1
724, 898, -1
898, 117, -1
1414, 271, -1
889, 724, -1
1132, 311, -1
217, 1323, -1
1452, 1, -1
889, 589, -1
889, 598, -1
898, 9, -1
596, 52, -1
419, 1, -1
1112, 593, -1
52, 311, -1
3, 217, -1
1, 9, -1
674, 1139, -1
1323, 1414, -1
635, 3, -1
1112, 1132, -1
9, 889, -1
992, 1323, -1
9, 898, -1
217, 271, -1
3, 311, -1
724, 596, -1
593, 271, -1
1452, 117, -1
110, 311, -1
724, 52, -1
898, 1019, -1
1, 889, -1
1, 898, -1
1112, 453, -1
992, 635, -1
1019, 271, -1
593, 419, -1
419, 117, -1
217, 19, -1
3, 724, -1
52, 589, -1
52, 598, -1
1452, 9, -1
593, 19, -1
1, 1019, -1
992, 271, -1
596, 271, -1
1112, 992, -1
3, 589, -1
898, 1414, -1
217, 1452, -1
873, 674, -1
419, 1132, -1
593, 1452, -1
1019, 886, -1
9, 596, -1
271, 1019, -1
635, 1323, -1
992, 886, -1
1323, 110, -1
1, 1414, -1
992, 1, -1
992, 904, -1
886, 1, -1
886, 1142, -1
453, 110, -1
0, 3, -1
1414, 898, -1
1112, 596, -1
1452, 1019, -1
419, 1019, -1
593, 9, -1
9, 1139, -1
1019, 117, -1
1452, 1414, -1
1323, 217, -1
992, 117, -1
1019, 1132, -1
889, 110, -1
1, 1139, -1
217, 889, -1
635, 886, -1
724, 1452, -1
217, 898, -1
593, 889, -1
635, 904, -1
593, 898, -1
419, 596, -1
992, 1132, -1
217, 1019, -1
593, 1019, -1
1323, 1142, -1
1323, 724, -1
1019, 898, -1
453, 886, -1
453, 1142, -1
992, 889, -1
898, 217, -1
1323, 589, -1
0, 873, -1
889, 635, -1
1323, 598, -1
453, 589, -1
589, 886, -1
593, 1414, -1
898, 311, -1
453, 598, -1
1, 873, -1
1142, 271, -1
1112, 1, -1
217, 52, -1
1, 311, -1
3, 110, -1
0, 886, -1
1019, 596, -1
898, 724, -1
889, 1142, -1
0, 724, -1
311, 271, -1
596, 1414, -1
271, 311, -1
992, 596, -1
898, 589, -1
117, 271, -1
1019, 52, -1
635, 453, -1
1, 724, -1
593, 1112, -1
1452, 217, -1
593, 1139, -1
992, 52, -1
1112, 117, -1
1132, 886, -1
1452, 311, -1
117, 886, -1
3, 635, -1
1323, 453, -1
1112, 0, -1
419, 311, -1
1112, 9, -1
1112, 674, -1
992, 1112, -1
1452, 724, -1
52, 1, -1
889, 1132, -1
52, 1142, -1
217, 419, -1
1452, 589, -1
3, 1142, -1
593, 873, -1
635, 52, -1
217, 311, -1
0, 453, -1
889, 453, -1
3, 598, -1
1112, 1019, -1
593, 311, -1
419, 9, -1
1019, 419, -1
0, 992, -1
992, 419, -1
52, 117, -1
724, 110, -1
635, 1112, -1
9, 3, -1
992, 19, -1
1019, 1452, -1
1112, 1414, -1
593, 724, -1
3, 593, -1
1132, 453, -1
596, 311, -1
992, 1452, -1
1, 3, -1
674, 904, -1
3, 1132, -1
217, 9, -1
889, 596, -1
635, 271, -1
1323, 635, -1
52, 453, -1
9, 110, -1
0, 52, -1
898, 110, -1
3, 453, -1
419, 1414, -1
635, 419, -1
453, 271, -1
598, 271, -1
635, 19, -1
886, 9, -1
0, 1323, -1
635, 1452, -1
1323, 1, -1
589, 271, -1
1132, 52, -1
724, 1142, -1
1, 1323, -1
9, 635, -1
9, 873, -1
898, 635, -1
992, 898, -1
724, 589, -1
724, 598, -1
217, 1414, -1
3, 596, -1
0, 271, -1
1452, 110, -1
886, 1019, -1
1112, 217, -1
1414, 110, -1
217, 3, -1
419, 110, -1
1, 271, -1
593, 3, -1
9, 886, -1
1323, 117, -1
9, 1142, -1
0, 419, -1
1112, 311, -1
898, 1142, -1
889, 1, -1
453, 117, -1
0, 904, -1
0, 19, -1
886, 1414, -1
1132, 271, -1
1323, 1132, -1
9, 589, -1
9, 598, -1
1, 886, -1
898, 598, -1
0, 1452, -1
1142, 311, -1
635, 889, -1
217, 1139, -1
635, 898, -1
598, 1452, -1
110, 1323, -1
1132, 1112, -1
271, 1414, -1
1132, 1139, -1
1132, 419, -1
1142, 1323, -1
1414, 873, -1
1132, 904, -1
1414, 52, -1
1132, 19, -1
9, 1112, -1
110, 724, -1
593, 674, -1
598, 453, -1
453, 889, -1
9, 904, -1
598, 889, -1
1142, 724, -1
724, 419, -1
1132, 3, -1
1142, 898, -1
110, 52, -1
453, 873, -1
598, 873, -1
1142, 52, -1
453, 52, -1
1142, 1019, -1
598, 9, -1
1414, 596, -1
598, 674, -1
589, 873, -1
598, 1323, -1
1132, 992, -1
217, 674, -1
1019, 889, -1
724, 889, -1
117, 873, -1
453, 596, -1
1132, 9, -1
117, 1019, -1
598, 898, -1
598, 724, -1
1019, 873, -1
886, 453, -1
724, 873, -1
110, 3, -1
598, 52, -1
596, 873, -1
0, 674, -1
598, 1019, -1
1414, 419, -1
311, 596, -1
1132, 889, -1
271, 453, -1
1132, 898, -1
110, 453, -1
1, 674, -1
117, 724, -1
110, 1139, -1
1414, 1452, -1
110, 419, -1
1132, 873, -1
110, 19, -1
1142, 1139, -1
1142, 419, -1
1132, 1019, -1
453, 904, -1
1132, 674, -1
1142, 19, -1
596, 904, -1
52, 596, -1
886, 596, -1
110, 1452, -1
886, 724, -1
1142, 3, -1
1132, 1323, -1
1142, 1452, -1
217, 904, -1
311, 886, -1
271, 596, -1
110, 898, -1
1142, 453, -1
1019, 904, -1
724, 904, -1
110, 873, -1
453, 419, -1
598, 1139, -1
598, 419, -1
110, 1019, -1
1142, 873, -1
598, 19, -1
1, 904, -1
1452, 635, -1
1414, 889, -1
598, 3, -1
110, 889, -1
217, 1112, -1
589, 889, -1
596, 889, -1
1, 1112, -1
117, 889, -1
1142, 889, -1

756, 117, 1
756, 0, 1
756, 1, 1
756, 589, 1
756, 217, 1
756, 1132, 1
756, 596, 1
756, 598, 1
756, 635, 1
643, 1112, 1
643, 271, 1
643, 3, 1
643, 889, 1
643, 52, 1
643, 898, 1
643, 886, 1
643, 1323, 1
643, 1452, 1
643, 419, 1
643, 873, 1
643, 1139, 1
643, 904, 1
643, 19, 1
1245, 9, 1
1245, 1414, 1
1245, 1019, 1
1245, 992, 1
1245, 724, 1
1245, 453, 1
1245, 311, 1
1245, 674, 1
1095, 1112, 1
1095, 271, 1
1095, 3, 1
1095, 889, 1
1095, 52, 1
1095, 898, 1
1095, 886, 1
1095, 1323, 1
1095, 1452, 1
1095, 419, 1
1095, 873, 1
1095, 1139, 1
1095, 904, 1
1095, 19, 1
1095, 643, 1
1140, 1112, 1
1140, 271, 1
1140, 3, 1
1140, 889, 1
1140, 52, 1
1140, 898, 1
1140, 886, 1
1140, 1323, 1
1140, 1452, 1
1140, 419, 1
1140, 873, 1
1140, 1139, 1
1140, 904, 1
1140, 19, 1
1140, 643, 1
1140, 1095, 1
1112, 889, 1
1112, 898, 1
904, 1095, 1
1132, 1, 1
271, 886, 1
19, 1095, 1
635, 589, 1
674, 724, 1
635, 598, 1
1323, 889, 1
1112, 52, 1
1323, 898, 1
904, 1323, 1
1452, 1140, 1
873, 271, 1
19, 1323, 1
898, 419, 1
898, 1139, 1
1139, 271, 1
0, 117, 1
3, 271, 1
674, 1019, 1
898, 19, 1
1452, 886, 1
904, 889, 1
419, 1140, 1
904, 898, 1
19, 889, 1
1112, 1140, 1
453, 992, 1
52, 419, 1
19, 898, 1
898, 3, 1
1019, 311, 1
898, 1452, 1
453, 1019, 1
873, 419, 1
724, 311, 1
873, 1139, 1
3, 1112, 1
889, 1095, 1
1139, 419, 1
453, 9, 1
453, 674, 1
1112, 886, 1
873, 19, 1
904, 52, 1
3, 419, 1
3, 1139, 1
1139, 19, 1
1323, 1140, 1
19, 52, 1
898, 643, 1
674, 1414, 1
992, 311, 1
217, 635, 1
3, 19, 1
889, 1323, 1
1132, 117, 1
1452, 271, 1
873, 3, 1
873, 1452, 1
419, 52, 1
1139, 1452, 1
453, 1414, 1
904, 1140, 1
3, 1452, 1
19, 1140, 1
873, 643, 1
1132, 0, 1
889, 898, 1
419, 271, 1
904, 1112, 1
1139, 643, 1
453, 724, 1
1112, 271, 1
3, 643, 1
904, 886, 1
0, 635, 1
1452, 419, 1
19, 886, 1
0, 217, 1
1323, 52, 1
1452, 1139, 1
889, 52, 1
19, 904, 1
1452, 19, 1
9, 311, 1
1, 117, 1
898, 1095, 1
1323, 271, 1
589, 596, 1
217, 596, 1
419, 886, 1
992, 1019, 1
1112, 419, 1
1112, 1139, 1
1452, 3, 1
992, 9, 1
898, 1323, 1
992, 674, 1
1112, 19, 1
889, 1140, 1
3, 873, 1
217, 589, 1
52, 1095, 1
886, 1095, 1
117, 596, 1
904, 271, 1
589, 598, 1
217, 598, 1
904, 643, 1
19, 271, 1
1452, 643, 1
873, 1095, 1
1323, 886, 1
1132, 635, 1
1139, 1095, 1
1132, 217, 1
889, 886, 1
1112, 3, 1
1112, 1452, 1
3, 1095, 1
0, 596, 1
1019, 724, 1
117, 589, 1
117, 598, 1
674, 311, 1
19, 1112, 1
1112, 643, 1
3, 1323, 1
643, 1095, 1
271, 1095, 1
904, 419, 1
904, 1139, 1
898, 52, 1
992, 724, 1
19, 419, 1
19, 1139, 1
0, 589, 1
9, 1019, 1
1, 596, 1
0, 598, 1
904, 19, 1
873, 889, 1
9, 674, 1
873, 898, 1
1139, 889, 1
217, 1, 1
1139, 898, 1
635, 117, 1
1323, 643, 1
3, 889, 1
889, 271, 1
3, 898, 1
596, 598, 1
889, 643, 1
1, 635, 1
904, 3, 1
1, 589, 1
904, 1452, 1
19, 3, 1
1, 598, 1
898, 1140, 1
1452, 1095, 1
1132, 596, 1
873, 52, 1
19, 1452, 1
1139, 873, 1
1112, 873, 1
1139, 52, 1
52, 271, 1
886, 271, 1
9, 1414, 1
3, 52, 1
1019, 1414, 1
724, 1414, 1
1414, 311, 1
19, 643, 1
898, 886, 1
1452, 1323, 1
1323, 419, 1
419, 1095, 1
1323, 1139, 1
419, 1452, 1
1132, 589, 1
889, 419, 1
1112, 1095, 1
0, 1, 1
1132, 598, 1
9, 724, 1
889, 1139, 1
1323, 19, 1
873, 1140, 1
992, 1414, 1
873, 1323, 1
889, 19, 1
1139, 1140, 1
1139, 1323, 1
1452, 898, 1
52, 886, 1
1112, 1323, 1
3, 1140, 1
1323, 1095, 1
873, 886, 1
1323, 1452, 1
889, 3, 1
1139, 886, 1
904, 873, 1
889, 1452, 1
217, 117, 1
635, 596, 1
453, 311, 1
19, 873, 1
643, 1140, 1
3, 886, 1
898, 271, 1
1452, 52, 1
0, 756, 1
1, 217, 1
419, 904, 1
3, 904, 1
1112, 904, 1
886, 52, 1
674, 453, 1
1, 1132, 1
635, 217, 1
419, 873, 1
596, 756, 1
1323, 1112, 1
217, 1132, 1
635, 1132, 1
873, 904, 1
1019, 453, 1
1139, 3, 1
724, 453, 1
889, 1112, 1
52, 643, 1
898, 1112, 1
9, 453, 1
1, 756, 1
1323, 904, 1
217, 756, 1
674, 1245, 1
419, 889, 1
635, 756, 1
992, 453, 1
598, 1, 1
419, 643, 1
1323, 873, 1
889, 873, 1
1452, 889, 1
596, 117, 1
1132, 756, 1
1452, 904, 1
9, 1245, 1
1019, 1245, 1
1323, 3, 1
724, 1245, 1
596, 1, 1
0, 1132, 1
1139, 904, 1
1452, 873, 1
589, 117, 1
589, 1, 1
596, 589, 1
992, 1245, 1
635, 1, 1
889, 904, 1
873, 1112, 1
52, 904, 1
453, 1245, 1
117, 1132, 1
117, 756, 1
886, 873, 1
898, 873, 1
596, 217, 1
52, 873, 1
589, 756, 1
898, 904, 1
117, 635, 1
886, 889, 1
589, 1132, 1
898, 889, 1
52, 889, 1
756, 1112, -1
756, 271, -1
756, 3, -1
756, 889, -1
756, 52, -1
756, 898, -1
756, 886, -1
756, 1323, -1
756, 1452, -1
756, 419, -1
756, 873, -1
756, 1139, -1
756, 904, -1
756, 19, -1
756, 1142, -1
756, 9, -1
756, 1414, -1
756, 1019, -1
756, 992, -1
756, 724, -1
756, 453, -1
756, 311, -1
756, 674, -1
756, 110, -1
756, 593, -1
643, 1142, -1
643, 117, -1
643, 0, -1
643, 1, -1
643, 589, -1
643, 217, -1
643, 1132, -1
643, 596, -1
643, 598, -1
643, 635, -1
643, 756, -1
643, 9, -1
643, 1414, -1
643, 1019, -1
643, 992, -1
643, 724, -1
643, 453, -1
643, 311, -1
643, 674, -1
643, 110, -1
643, 593, -1
1245, 1112, -1
1245, 271, -1
1245, 3, -1
1245, 889, -1
1245, 52, -1
1245, 898, -1
1245, 886, -1
1245, 1323, -1
1245, 1452, -1
1245, 419, -1
1245, 873, -1
1245, 1139, -1
1245, 904, -1
1245, 19, -1
1245, 643, -1
1245, 1142, -1
1245, 117, -1
1245, 0, -1
1245, 1, -1
1245, 589, -1
1245, 217, -1
1245, 1132, -1
1245, 596, -1
1245, 598, -1
1245, 635, -1
1245, 756, -1
1245, 110, -1
1245, 593, -1
1095, 1142, -1
1095, 117, -1
1095, 0, -1
1095, 1, -1
1095, 589, -1
1095, 217, -1
1095, 1132, -1
1095, 596, -1
1095, 598, -1
1095, 635, -1
1095, 756, -1
1095, 9, -1
1095, 1414, -1
1095, 1019, -1
1095, 992, -1
1095, 724, -1
1095, 453, -1
1095, 311, -1
1095, 674, -1
1095, 1245, -1
1095, 110, -1
1095, 593, -1
1140, 1142, -1
1140, 117, -1
1140, 0, -1
1140, 1, -1
1140, 589, -1
1140, 217, -1
1140, 1132, -1
1140, 596, -1
1140, 598, -1
1140, 635, -1
1140, 756, -1
1140, 9, -1
1140, 1414, -1
1140, 1019, -1
1140, 992, -1
1140, 724, -1
1140, 453, -1
1140, 311, -1
1140, 674, -1
1140, 1245, -1
1140, 110, -1
1140, 593, -1
904, 110, -1
992, 3, -1
1112, 724, -1
0, 643, -1
1132, 419, -1
19, 9, -1
19, 674, -1
674, 596, -1
217, 110, -1
1132, 904, -1
1452, 756, -1
1132, 19, -1
1112, 1245, -1
271, 1142, -1
635, 1019, -1
1112, 589, -1
1, 643, -1
453, 889, -1
889, 117, -1
674, 52, -1
453, 898, -1
419, 756, -1
1132, 1452, -1
271, 598, -1
117, 311, -1
635, 1140, -1
593, 1323, -1
1323, 1019, -1
9, 1132, -1
1452, 1142, -1
992, 1139, -1
898, 1132, -1
1019, 110, -1
1132, 643, -1
635, 1414, -1
110, 271, -1
0, 9, -1
889, 9, -1
889, 674, -1
1414, 886, -1
724, 1095, -1
873, 1, -1
904, 635, -1
1414, 1142, -1
992, 110, -1
596, 110, -1
419, 1142, -1
886, 110, -1
419, 724, -1
1452, 598, -1
3, 1, -1
19, 1019, -1
217, 873, -1
593, 635, -1
453, 1140, -1
904, 756, -1
419, 1245, -1
419, 589, -1
1414, 598, -1
898, 453, -1
419, 598, -1
1323, 596, -1
0, 889, -1
0, 898, -1
1132, 9, -1
756, 643, -1
453, 596, -1
19, 1414, -1
1, 453, -1
904, 1142, -1
589, 1414, -1
0, 1019, -1
217, 886, -1
889, 1019, -1
9, 1095, -1
598, 52, -1
873, 117, -1
992, 873, -1
992, 217, -1
217, 1142, -1
593, 886, -1
635, 1139, -1
217, 724, -1
1019, 756, -1
1452, 1132, -1
3, 117, -1
1132, 889, -1
271, 453, -1
0, 1140, -1
1132, 898, -1
217, 1245, -1
886, 311, -1
674, 419, -1
992, 756, -1
1139, 110, -1
873, 9, -1
1, 1095, -1
0, 1414, -1
674, 19, -1
593, 598, -1
889, 1414, -1
3, 9, -1
898, 596, -1
3, 674, -1
1019, 1142, -1
1132, 1019, -1
1452, 453, -1
596, 886, -1
674, 1452, -1
904, 593, -1
992, 1142, -1
596, 1142, -1
9, 52, -1
1019, 589, -1
1019, 598, -1
1132, 1140, -1
419, 453, -1
724, 271, -1
992, 589, -1
904, 1132, -1
1132, 1414, -1
992, 598, -1
886, 598, -1
52, 1019, -1
635, 873, -1
117, 1414, -1
1, 52, -1
9, 1323, -1
1139, 635, -1
873, 1019, -1
271, 596, -1
0, 1112, -1
1112, 110, -1
635, 311, -1
3, 1019, -1
1414, 1095, -1
724, 886, -1
0, 1139, -1
1139, 756, -1
643, 1245, -1
453, 419, -1
904, 453, -1
756, 1140, -1
52, 1414, -1
1452, 596, -1
992, 593, -1
873, 1414, -1
217, 453, -1
1323, 311, -1
904, 992, -1
3, 1414, -1
873, 596, -1
598, 311, -1
9, 271, -1
635, 724, -1
1139, 1142, -1
19, 217, -1
1132, 1112, -1
724, 643, -1
1132, 1139, -1
19, 311, -1
635, 1245, -1
674, 898, -1
1139, 1245, -1
1112, 635, -1
1139, 598, -1
589, 311, -1
217, 1095, -1
9, 419, -1
593, 1095, -1
724, 117, -1
9, 1, -1
117, 110, -1
9, 19, -1
596, 453, -1
1112, 756, -1
904, 596, -1
889, 217, -1
19, 724, -1
724, 1132, -1
1323, 674, -1
9, 1452, -1
1, 419, -1
1019, 1095, -1
0, 311, -1
889, 311, -1
593, 596, -1
1, 19, -1
19, 1245, -1
19, 589, -1
52, 110, -1
9, 643, -1
1112, 1142, -1
992, 1095, -1
596, 1095, -1
1139, 1132, -1
1, 1452, -1
593, 52, -1
1112, 598, -1
9, 117, -1
898, 117, -1
1414, 271, -1
889, 724, -1
1132, 311, -1
217, 1323, -1
889, 1245, -1
889, 589, -1
889, 598, -1
1139, 453, -1
0, 674, -1
596, 52, -1
1112, 593, -1
724, 1140, -1
52, 311, -1
3, 217, -1
1, 9, -1
674, 1139, -1
1, 674, -1
271, 117, -1
1323, 1414, -1
117, 724, -1
873, 311, -1
1245, 1095, -1
635, 3, -1
1112, 1132, -1
9, 889, -1
992, 1323, -1
9, 898, -1
217, 271, -1
3, 311, -1
598, 1414, -1
724, 596, -1
674, 110, -1
117, 1245, -1
593, 271, -1
1132, 674, -1
1452, 117, -1
110, 311, -1
904, 1, -1
724, 52, -1
898, 1019, -1
1, 889, -1
1, 898, -1
453, 3, -1
1112, 453, -1
992, 635, -1
1019, 271, -1
593, 419, -1
419, 117, -1
217, 19, -1
593, 1, -1
52, 1245, -1
3, 724, -1
52, 589, -1
52, 598, -1
593, 19, -1
9, 1140, -1
1, 1019, -1
992, 271, -1
596, 271, -1
1112, 992, -1
635, 110, -1
3, 1245, -1
3, 589, -1
217, 1452, -1
898, 1414, -1
419, 1132, -1
873, 674, -1
593, 1452, -1
1019, 886, -1
9, 596, -1
217, 643, -1
1, 1140, -1
453, 1139, -1
593, 643, -1
271, 1019, -1
635, 1323, -1
992, 886, -1
1323, 110, -1
1, 1414, -1
904, 117, -1
992, 1, -1
992, 904, -1
886, 1142, -1
453, 110, -1
0, 3, -1
598, 110, -1
1142, 1095, -1
593, 117, -1
1112, 596, -1
1019, 643, -1
904, 0, -1
1452, 1019, -1
19, 110, -1
904, 9, -1
117, 453, -1
904, 674, -1
271, 1414, -1
589, 110, -1
992, 643, -1
419, 1019, -1
593, 9, -1
593, 674, -1
9, 1139, -1
1019, 117, -1
674, 589, -1
724, 419, -1
1132, 3, -1
674, 598, -1
1452, 1414, -1
117, 1095, -1
992, 117, -1
453, 635, -1
453, 873, -1
453, 217, -1
0, 110, -1
1019, 1132, -1
889, 110, -1
1, 1139, -1
217, 889, -1
635, 886, -1
217, 898, -1
1323, 756, -1
724, 1452, -1
593, 889, -1
635, 904, -1
19, 635, -1
635, 1142, -1
593, 898, -1
419, 596, -1
992, 1132, -1
904, 1019, -1
453, 756, -1
1, 110, -1
217, 1019, -1
19, 756, -1
593, 1019, -1
1323, 1142, -1
1323, 724, -1
453, 886, -1
1132, 110, -1
635, 643, -1
453, 1142, -1
904, 1414, -1
217, 1140, -1
992, 889, -1
1323, 1245, -1
1323, 589, -1
0, 873, -1
889, 635, -1
593, 1140, -1
1323, 598, -1
19, 1142, -1
453, 589, -1
589, 886, -1
593, 1414, -1
453, 598, -1
898, 311, -1
589, 1142, -1
1139, 117, -1
1, 873, -1
1142, 271, -1
889, 756, -1
1112, 1, -1
1019, 1140, -1
19, 598, -1
873, 110, -1
589, 1245, -1
217, 52, -1
1, 311, -1
3, 110, -1
992, 1140, -1
1132, 873, -1
0, 886, -1
1019, 596, -1
898, 724, -1
0, 1142, -1
453, 593, -1
889, 1142, -1
0, 724, -1
311, 271, -1
596, 1414, -1
674, 3, -1
674, 1095, -1
271, 311, -1
898, 1245, -1
992, 596, -1
898, 589, -1
886, 596, -1
117, 271, -1
0, 1245, -1
19, 593, -1
1019, 52, -1
453, 1132, -1
635, 453, -1
1, 724, -1
593, 1139, -1
311, 886, -1
992, 52, -1
1112, 117, -1
19, 1132, -1
1, 1245, -1
1132, 886, -1
873, 635, -1
1452, 311, -1
873, 217, -1
1132, 1142, -1
117, 886, -1
1132, 724, -1
1323, 453, -1
3, 635, -1
1139, 1019, -1
117, 1142, -1
52, 756, -1
1112, 0, -1
635, 1095, -1
419, 311, -1
1112, 9, -1
873, 756, -1
1132, 1245, -1
0, 593, -1
1112, 674, -1
271, 1245, -1
271, 589, -1
992, 1112, -1
3, 756, -1
19, 453, -1
1452, 724, -1
589, 453, -1
889, 1132, -1
1139, 1414, -1
52, 1142, -1
674, 1323, -1
904, 217, -1
873, 1142, -1
1452, 1245, -1
873, 724, -1
1139, 596, -1
217, 419, -1
1452, 589, -1
598, 1095, -1
453, 1095, -1
3, 1142, -1
904, 311, -1
1132, 593, -1
593, 873, -1
873, 1245, -1
593, 217, -1
873, 589, -1
756, 1245, -1
873, 598, -1
635, 52, -1
217, 311, -1
0, 453, -1
589, 1095, -1
889, 453, -1
3, 598, -1
1112, 1019, -1
593, 311, -1
674, 635, -1
1019, 419, -1
0, 992, -1
674, 271, -1
904, 724, -1
992, 419, -1
19, 596, -1
52, 117, -1
724, 110, -1
674, 756, -1
635, 1112, -1
9, 3, -1
453, 52, -1
992, 19, -1
1019, 1452, -1
0, 1095, -1
1112, 1414, -1
904, 1245, -1
904, 589, -1
593, 724, -1
904, 598, -1
3, 593, -1
1132, 453, -1
596, 311, -1
992, 1452, -1
674, 886, -1
873, 1132, -1
589, 52, -1
1, 3, -1
453, 1323, -1
593, 589, -1
674, 1142, -1
3, 1132, -1
217, 9, -1
217, 674, -1
889, 596, -1
635, 271, -1
311, 1095, -1
117, 1019, -1
1132, 1095, -1
1323, 635, -1
52, 453, -1
9, 110, -1
873, 453, -1
0, 52, -1
898, 110, -1
674, 643, -1
3, 453, -1
419, 1414, -1
596, 1245, -1
635, 419, -1
724, 756, -1
453, 271, -1
992, 0, -1
598, 271, -1
635, 19, -1
674, 117, -1
0, 1323, -1
1139, 311, -1
635, 1452, -1
756, 1095, -1
589, 271, -1
1132, 52, -1
724, 1142, -1
1, 1323, -1
598, 886, -1
674, 1132, -1
453, 1, -1
117, 52, -1
271, 110, -1
598, 1142, -1
453, 19, -1
9, 635, -1
9, 873, -1
898, 635, -1
9, 217, -1
992, 898, -1
110, 1095, -1
52, 596, -1
724, 589, -1
724, 598, -1
19, 1, -1
217, 1414, -1
1132, 1323, -1
453, 1452, -1
1139, 724, -1
9, 756, -1
3, 596, -1
0, 271, -1
898, 756, -1
1452, 110, -1
453, 643, -1
886, 1019, -1
1139, 589, -1
1112, 217, -1
1414, 110, -1
217, 3, -1
419, 110, -1
1, 271, -1
9, 886, -1
593, 3, -1
1323, 117, -1
1139, 674, -1
9, 1142, -1
0, 419, -1
1112, 311, -1
898, 1142, -1
889, 1, -1
0, 904, -1
453, 117, -1
0, 19, -1
886, 1414, -1
1132, 271, -1
1323, 1132, -1
9, 589, -1
19, 117, -1
1, 886, -1
9, 598, -1
898, 598, -1
674, 1140, -1
0, 1452, -1
1, 1142, -1
1452, 635, -1
1142, 311, -1
635, 889, -1
217, 1139, -1
635, 898, -1
598, 1452, -1
110, 1323, -1
19, 0, -1
1142, 1323, -1
1414, 873, -1
1414, 589, -1
419, 217, -1
1414, 52, -1
117, 419, -1
589, 9, -1
596, 643, -1
9, 1112, -1
110, 596, -1
110, 724, -1
419, 9, -1
598, 453, -1
1142, 596, -1
898, 1, -1
9, 904, -1
1414, 756, -1
598, 889, -1
1142, 724, -1
1142, 898, -1
110, 1245, -1
1323, 217, -1
110, 589, -1
1414, 1140, -1
110, 52, -1
1142, 635, -1
1142, 1245, -1
886, 117, -1
1142, 589, -1
598, 873, -1
1142, 52, -1
1323, 9, -1
1142, 1019, -1
589, 889, -1
1139, 1, -1
598, 9, -1
598, 674, -1
1414, 596, -1
1142, 756, -1
674, 1112, -1
596, 9, -1
886, 1132, -1
589, 873, -1
1142, 1140, -1
117, 889, -1
674, 1, -1
598, 1140, -1
593, 1245, -1
674, 904, -1
589, 1019, -1
598, 1323, -1
1132, 992, -1
1019, 889, -1
724, 889, -1
1019, 898, -1
724, 898, -1
117, 873, -1
593, 756, -1
589, 1140, -1
598, 724, -1
598, 898, -1
898, 217, -1
596, 889, -1
886, 453, -1
117, 9, -1
1019, 873, -1
1019, 217, -1
724, 873, -1
724, 217, -1
110, 3, -1
1452, 1, -1
598, 1245, -1
898, 9, -1
110, 643, -1
596, 873, -1
598, 1019, -1
1414, 419, -1
589, 724, -1
52, 217, -1
1414, 1, -1
593, 904, -1
419, 1, -1
311, 596, -1
596, 1019, -1
311, 898, -1
52, 9, -1
886, 9, -1
110, 453, -1
1414, 1132, -1
1139, 9, -1
110, 117, -1
110, 419, -1
1414, 1452, -1
3, 0, -1
110, 1139, -1
1323, 1, -1
110, 19, -1
1142, 419, -1
1142, 1139, -1
1414, 643, -1
453, 904, -1
1142, 19, -1
110, 1132, -1
596, 904, -1
110, 1452, -1
217, 1112, -1
1142, 1132, -1
886, 724, -1
1142, 3, -1
1452, 217, -1
589, 419, -1
1142, 1452, -1
1414, 117, -1
217, 904, -1
589, 904, -1
886, 635, -1
886, 1245, -1
886, 589, -1
1452, 9, -1
1142, 643, -1
674, 889, -1
598, 643, -1
1139, 217, -1
593, 1132, -1
117, 904, -1
110, 898, -1
589, 1452, -1
886, 756, -1
635, 9, -1
1142, 453, -1
674, 873, -1
674, 217, -1
1019, 1, -1
724, 1, -1
1019, 904, -1
724, 904, -1
110, 635, -1
1142, 117, -1
110, 873, -1
598, 419, -1
598, 1139, -1
110, 1019, -1
1142, 873, -1
1, 1112, -1
596, 419, -1
598, 19, -1
52, 1, -1
886, 1, -1
110, 756, -1
453, 0, -1
593, 453, -1
1, 904, -1
1414, 889, -1
1414, 898, -1
598, 3, -1
110, 1140, -1
110, 889, -1
117, 1139, -1
1142, 1, -1
117, 643, -1
110, 1, -1
117, 3, -1
593, 1112, -1
117, 19, -1
117, 1140, -1
117, 1452, -1
117, 1323, -1
1142, 889, -1
1245, 1140, -1

