91, 630, 1
1164, 1425, 1
1315, 1192, 1
916, 1282, 1
365, 123, -1
328, 281, -1
703, 679, -1
356, 962, -1
1261, 449, -1
311, 838, -1

1310, 1346, 1
701, 94, -1
596, 224, -1
1208, 615, -1
1351, 141, -1
883, 1233, -1
663, 1175, -1
1064, 998, -1
1077, 1325, -1
533, 1290, -1

977, 1316, 1
1381, 447, 1
508, 1330, -1
481, 736, -1
1047, 968, -1
278, 69, -1
310, 1407, -1
27, 813, -1
8, 1183, -1
139, 1106, -1

1194, 235, 1
645, 1246, 1
395, 423, -1
79, 233, -1
1283, 1080, -1
130, 1179, -1
899, 963, -1
152, 562, -1
1117, 86, -1
1380, 186, -1

770, 1348, 1
616, 428, 1
289, 311, 1
1148, 230, 1
821, 1237, 1
1162, 1185, -1
1413, 154, -1
845, 907, -1
94, 347, -1
326, 436, -1

1213, 532, 1
1028, 1158, 1
303, 487, 1
109, 306, 1
1024, 138, 1
538, 389, -1
283, 568, -1
533, 627, -1
1040, 133, -1
1261, 1395, -1

1296, 1055, 1
671, 143, -1
610, 269, -1
745, 471, -1
1166, 80, -1
869, 1461, -1
1, 1058, -1
154, 1344, -1
1249, 933, -1
988, 103, -1

630, 814, 1
224, 1328, 1
708, 621, -1
729, 607, -1
1159, 1145, -1
1354, 138, -1
0, 306, -1
76, 306, -1
58, 595, -1
647, 299, -1

245, 107, 1
132, 1131, 1
378, 25, -1
267, 22, -1
1043, 1479, -1
685, 820, -1
227, 1466, -1
981, 435, -1
44, 800, -1
703, 1115, -1

437, 1366, 1
1091, 481, -1
377, 751, -1
739, 534, -1
358, 507, -1
0, 170, -1
812, 79, -1
1466, 532, -1
1155, 77, -1
516, 239, -1

