999, 1209, -1
1299, 1209, -1
1299, 999, -1
1399, 1209, -1
1399, 999, -1
1399, 1299, -1
1442, 1209, -1
1442, 999, -1
1442, 1299, -1
1442, 1399, -1

322, 1399, 1
483, 1299, 1
46, 1299, 1
46, 483, 1
788, 1209, 1
789, 1209, 1
789, 788, 1
1299, 483, 1
1209, 789, 1
1209, 788, 1
788, 789, 1
1299, 46, 1
483, 46, 1
322, 1209, -1
322, 999, -1
322, 1299, -1
322, 1442, -1
483, 1209, -1
483, 999, -1
483, 1399, -1
483, 322, -1
483, 1442, -1
46, 1209, -1
46, 999, -1
46, 1399, -1
46, 322, -1
46, 1442, -1
788, 999, -1
788, 1299, -1
788, 483, -1
788, 46, -1
788, 1399, -1
788, 322, -1
788, 1442, -1
789, 999, -1
789, 1299, -1
789, 483, -1
789, 46, -1
789, 1399, -1
789, 322, -1
789, 1442, -1
1299, 1399, -1
1299, 322, -1
483, 788, -1
1209, 483, -1
1299, 999, -1
322, 483, -1
322, 788, -1
1442, 483, -1
1442, 788, -1
1299, 1209, -1
1299, 788, -1
1209, 46, -1
322, 46, -1
1442, 46, -1
1209, 1299, -1
483, 789, -1
1209, 1442, -1
1399, 999, -1
1209, 1399, -1
1442, 1299, -1
1209, 322, -1
1299, 1442, -1
322, 789, -1
1299, 789, -1
1209, 999, -1
1442, 789, -1
1442, 1399, -1
1442, 322, -1

234, 1209, 1
234, 788, 1
234, 789, 1
233, 1209, 1
233, 788, 1
233, 789, 1
233, 234, 1
1268, 1399, 1
1268, 322, 1
1036, 1399, 1
1036, 322, 1
1036, 1268, 1
787, 1209, 1
787, 788, 1
787, 789, 1
787, 234, 1
787, 233, 1
777, 1209, 1
777, 788, 1
777, 789, 1
777, 234, 1
777, 233, 1
777, 787, 1
1209, 789, 1
789, 233, 1
234, 787, 1
1209, 788, 1
1209, 787, 1
788, 789, 1
233, 787, 1
1209, 234, 1
788, 233, 1
322, 1268, 1
234, 233, 1
322, 1399, 1
1209, 233, 1
322, 1036, 1
1268, 1036, 1
788, 777, 1
234, 777, 1
789, 777, 1
787, 777, 1
233, 777, 1
1209, 777, 1
234, 999, -1
234, 1299, -1
234, 483, -1
234, 46, -1
234, 1399, -1
234, 322, -1
234, 1442, -1
233, 999, -1
233, 1299, -1
233, 483, -1
233, 46, -1
233, 1399, -1
233, 322, -1
233, 1442, -1
1268, 1209, -1
1268, 788, -1
1268, 789, -1
1268, 234, -1
1268, 233, -1
1268, 999, -1
1268, 1299, -1
1268, 483, -1
1268, 46, -1
1268, 1442, -1
1036, 1209, -1
1036, 788, -1
1036, 789, -1
1036, 234, -1
1036, 233, -1
1036, 999, -1
1036, 1299, -1
1036, 483, -1
1036, 46, -1
1036, 1442, -1
787, 999, -1
787, 1299, -1
787, 483, -1
787, 46, -1
787, 1399, -1
787, 322, -1
787, 1268, -1
787, 1036, -1
787, 1442, -1
777, 999, -1
777, 1299, -1
777, 483, -1
777, 46, -1
777, 1399, -1
777, 322, -1
777, 1268, -1
777, 1036, -1
777, 1442, -1
1299, 1399, -1
1442, 322, -1
1442, 1036, -1
789, 483, -1
483, 788, -1
1209, 483, -1
322, 999, -1
1299, 233, -1
46, 777, -1
1442, 233, -1
788, 322, -1
322, 483, -1
789, 46, -1
788, 1399, -1
322, 788, -1
1442, 788, -1
233, 1268, -1
1209, 46, -1
1299, 788, -1
46, 1399, -1
1299, 1209, -1
1442, 1209, -1
233, 1036, -1
788, 999, -1
1036, 777, -1
322, 46, -1
788, 483, -1
1209, 1299, -1
322, 787, -1
1442, 787, -1
483, 777, -1
483, 789, -1
483, 1268, -1
788, 46, -1
1209, 1442, -1
1209, 1268, -1
789, 322, -1
483, 1036, -1
789, 1399, -1
1209, 1036, -1
483, 1399, -1
322, 1299, -1
1209, 1399, -1
1399, 999, -1
322, 234, -1
1209, 322, -1
1442, 234, -1
322, 777, -1
1268, 777, -1
1299, 234, -1
789, 999, -1
1442, 777, -1
1299, 777, -1
234, 1268, -1
1209, 999, -1
1299, 789, -1
322, 789, -1
1299, 1268, -1
1442, 789, -1
234, 1036, -1
1442, 1268, -1
1299, 1036, -1
1442, 1399, -1
322, 1209, -1
483, 1209, -1
999, 1268, -1
788, 1268, -1
322, 233, -1
483, 233, -1
788, 1036, -1
999, 1036, -1
46, 1268, -1
789, 1036, -1
789, 1268, -1

1000, 999, 1
775, 1209, 1
775, 788, 1
775, 789, 1
775, 234, 1
775, 233, 1
775, 787, 1
775, 777, 1
1207, 1209, 1
1207, 788, 1
1207, 789, 1
1207, 234, 1
1207, 233, 1
1207, 787, 1
1207, 777, 1
1207, 775, 1
773, 1209, 1
773, 788, 1
773, 789, 1
773, 234, 1
773, 233, 1
773, 787, 1
773, 777, 1
773, 775, 1
773, 1207, 1
789, 788, 1
1209, 788, 1
787, 775, 1
777, 234, 1
233, 234, 1
788, 789, 1
777, 789, 1
788, 1207, 1
234, 773, 1
777, 1207, 1
775, 773, 1
233, 789, 1
234, 788, 1
233, 1207, 1
789, 775, 1
789, 787, 1
1209, 775, 1
1209, 787, 1
788, 773, 1
777, 233, 1
777, 773, 1
787, 789, 1
777, 1209, 1
777, 788, 1
233, 773, 1
787, 1207, 1
234, 775, 1
234, 787, 1
233, 1209, 1
233, 788, 1
1209, 234, 1
789, 1207, 1
1209, 1207, 1
777, 775, 1
787, 773, 1
788, 775, 1
1209, 789, 1
777, 787, 1
233, 775, 1
787, 788, 1
234, 789, 1
233, 787, 1
234, 1207, 1
789, 773, 1
1209, 773, 1
775, 1207, 1
234, 1209, 1
788, 777, 1
234, 777, 1
789, 777, 1
1207, 773, 1
234, 233, 1
233, 777, 1
789, 233, 1
787, 777, 1
1209, 777, 1
1209, 233, 1
787, 233, 1
788, 233, 1
787, 1209, 1
1000, 1209, -1
1000, 788, -1
1000, 789, -1
1000, 234, -1
1000, 233, -1
1000, 787, -1
1000, 777, -1
1000, 1299, -1
1000, 483, -1
1000, 46, -1
1000, 1399, -1
1000, 322, -1
1000, 1268, -1
1000, 1036, -1
1000, 1442, -1
775, 999, -1
775, 1000, -1
775, 1299, -1
775, 483, -1
775, 46, -1
775, 1399, -1
775, 322, -1
775, 1268, -1
775, 1036, -1
775, 1442, -1
1207, 999, -1
1207, 1000, -1
1207, 1299, -1
1207, 483, -1
1207, 46, -1
1207, 1399, -1
1207, 322, -1
1207, 1268, -1
1207, 1036, -1
1207, 1442, -1
1335, 1209, -1
1335, 788, -1
1335, 789, -1
1335, 234, -1
1335, 233, -1
1335, 787, -1
1335, 777, -1
1335, 775, -1
1335, 1207, -1
1335, 999, -1
1335, 1000, -1
1335, 1299, -1
1335, 483, -1
1335, 46, -1
1335, 1399, -1
1335, 322, -1
1335, 1268, -1
1335, 1036, -1
1335, 1442, -1
773, 999, -1
773, 1000, -1
773, 1299, -1
773, 483, -1
773, 46, -1
773, 1399, -1
773, 322, -1
773, 1268, -1
773, 1036, -1
773, 1442, -1
773, 1335, -1
787, 46, -1
1299, 999, -1
1268, 773, -1
789, 46, -1
234, 483, -1
1442, 788, -1
233, 1268, -1
483, 775, -1
1000, 775, -1
1036, 789, -1
234, 46, -1
1268, 775, -1
787, 1335, -1
1209, 1299, -1
787, 1399, -1
1036, 773, -1
483, 1207, -1
1000, 1207, -1
789, 1335, -1
483, 773, -1
789, 1399, -1
1209, 1036, -1
1000, 1335, -1
322, 234, -1
789, 999, -1
483, 999, -1
234, 1335, -1
1268, 1207, -1
234, 1399, -1
777, 1299, -1
1036, 775, -1
1209, 483, -1
234, 999, -1
1268, 999, -1
999, 789, -1
777, 1036, -1
788, 1036, -1
1209, 46, -1
1299, 788, -1
1036, 1207, -1
999, 773, -1
777, 483, -1
787, 1268, -1
233, 483, -1
322, 787, -1
1036, 999, -1
789, 1268, -1
788, 46, -1
777, 46, -1
1209, 1335, -1
999, 775, -1
1209, 1399, -1
1442, 234, -1
1207, 1335, -1
234, 1268, -1
1209, 999, -1
322, 789, -1
775, 1335, -1
483, 788, -1
322, 999, -1
233, 1299, -1
322, 773, -1
999, 1207, -1
788, 1335, -1
777, 1335, -1
788, 1399, -1
777, 1399, -1
999, 1335, -1
999, 1399, -1
233, 1036, -1
1268, 788, -1
788, 999, -1
777, 999, -1
233, 999, -1
322, 775, -1
1442, 787, -1
1209, 1442, -1
1209, 1268, -1
1036, 788, -1
787, 483, -1
233, 46, -1
1209, 322, -1
1442, 1207, -1
1299, 789, -1
322, 1207, -1
1442, 789, -1
789, 483, -1
1442, 999, -1
777, 1442, -1
777, 1268, -1
788, 1268, -1
1299, 773, -1
233, 1442, -1
1442, 773, -1
46, 1207, -1
322, 788, -1
777, 322, -1
233, 322, -1
233, 1335, -1
233, 1399, -1
787, 1299, -1
46, 999, -1
1299, 775, -1
789, 1299, -1
1442, 775, -1
999, 788, -1
787, 1036, -1
1399, 1207, -1
787, 999, -1
483, 789, -1
789, 1036, -1
234, 1299, -1
46, 775, -1
1299, 1207, -1
1268, 789, -1
234, 1036, -1
1000, 773, -1
1299, 233, -1
322, 233, -1
46, 777, -1
1399, 775, -1
1442, 233, -1
1268, 233, -1
1299, 1209, -1
1036, 777, -1
788, 483, -1
483, 777, -1
1036, 233, -1
322, 777, -1
1299, 234, -1
1442, 777, -1
1299, 777, -1
234, 1442, -1
1268, 777, -1
483, 233, -1
234, 322, -1
322, 1209, -1
483, 1209, -1
1442, 1209, -1
787, 322, -1
788, 322, -1
789, 322, -1

35, 1209, 1
35, 788, 1
35, 789, 1
35, 234, 1
35, 233, 1
35, 787, 1
35, 777, 1
35, 775, 1
35, 1207, 1
35, 773, 1
1143, 1209, 1
1143, 788, 1
1143, 789, 1
1143, 234, 1
1143, 233, 1
1143, 787, 1
1143, 777, 1
1143, 775, 1
1143, 1207, 1
1143, 773, 1
1143, 35, 1
96, 1209, 1
96, 788, 1
96, 789, 1
96, 234, 1
96, 233, 1
96, 787, 1
96, 777, 1
96, 775, 1
96, 1207, 1
96, 773, 1
96, 35, 1
96, 1143, 1
1461, 1442, 1
1085, 1399, 1
1085, 322, 1
1085, 1268, 1
1085, 1036, 1
234, 35, 1
787, 775, 1
234, 773, 1
789, 775, 1
1209, 787, 1
787, 777, 1
787, 1143, 1
234, 775, 1
787, 1207, 1
233, 788, 1
1209, 234, 1
789, 1143, 1
789, 1207, 1
787, 233, 1
1207, 234, 1
777, 787, 1
787, 1209, 1
234, 1143, 1
1209, 35, 1
234, 1207, 1
775, 789, 1
1209, 773, 1
1207, 35, 1
1268, 1399, 1
777, 234, 1
233, 234, 1
788, 789, 1
777, 789, 1
35, 1143, 1
775, 773, 1
777, 35, 1
233, 35, 1
788, 773, 1
777, 773, 1
1036, 1399, 1
1207, 787, 1
1209, 1143, 1
1209, 1207, 1
788, 775, 1
777, 775, 1
1209, 789, 1
1207, 1143, 1
787, 788, 1
1207, 789, 1
233, 787, 1
322, 1399, 1
775, 1143, 1
322, 1036, 1
775, 1207, 1
322, 1268, 1
1207, 773, 1
788, 1143, 1
777, 1143, 1
788, 1207, 1
777, 1207, 1
233, 789, 1
234, 788, 1
1209, 775, 1
787, 234, 1
777, 233, 1
1036, 1268, 1
1207, 775, 1
777, 1209, 1
233, 773, 1
773, 775, 1
787, 35, 1
1207, 777, 1
233, 775, 1
773, 1143, 1
773, 1207, 1
1209, 788, 1
1207, 233, 1
1207, 788, 1
1207, 1209, 1
233, 1143, 1
233, 1207, 1
775, 788, 1
787, 789, 1
777, 788, 1
234, 787, 1
233, 1209, 1
787, 773, 1
234, 789, 1
789, 773, 1
234, 1209, 1
1268, 1036, 1
773, 788, 1
789, 233, 1
788, 777, 1
773, 787, 1
773, 35, 1
773, 777, 1
773, 234, 1
1036, 1085, 1
322, 1085, 1
234, 233, 1
233, 777, 1
773, 789, 1
1268, 1085, 1
1209, 777, 1
773, 233, 1
1209, 233, 1
789, 788, 1
234, 777, 1
789, 787, 1
789, 35, 1
789, 777, 1
789, 234, 1
788, 233, 1
35, 999, -1
35, 1000, -1
35, 1299, -1
35, 483, -1
35, 46, -1
35, 1399, -1
35, 322, -1
35, 1268, -1
35, 1036, -1
35, 1442, -1
35, 1335, -1
1143, 999, -1
1143, 1000, -1
1143, 1299, -1
1143, 483, -1
1143, 46, -1
1143, 1399, -1
1143, 322, -1
1143, 1268, -1
1143, 1036, -1
1143, 1442, -1
1143, 1335, -1
96, 999, -1
96, 1000, -1
96, 1299, -1
96, 483, -1
96, 46, -1
96, 1399, -1
96, 322, -1
96, 1268, -1
96, 1036, -1
96, 1442, -1
96, 1335, -1
1461, 1209, -1
1461, 788, -1
1461, 789, -1
1461, 234, -1
1461, 233, -1
1461, 787, -1
1461, 777, -1
1461, 775, -1
1461, 1207, -1
1461, 773, -1
1461, 35, -1
1461, 1143, -1
1461, 96, -1
1461, 999, -1
1461, 1000, -1
1461, 1299, -1
1461, 483, -1
1461, 46, -1
1461, 1399, -1
1461, 322, -1
1461, 1268, -1
1461, 1036, -1
1461, 1335, -1
1085, 1209, -1
1085, 788, -1
1085, 789, -1
1085, 234, -1
1085, 233, -1
1085, 787, -1
1085, 777, -1
1085, 775, -1
1085, 1207, -1
1085, 773, -1
1085, 35, -1
1085, 1143, -1
1085, 96, -1
1085, 999, -1
1085, 1000, -1
1085, 1299, -1
1085, 483, -1
1085, 46, -1
1085, 1442, -1
1085, 1461, -1
1085, 1335, -1
1299, 1399, -1
1442, 322, -1
787, 46, -1
1299, 96, -1
1299, 233, -1
1268, 773, -1
233, 1085, -1
789, 46, -1
234, 483, -1
1442, 788, -1
233, 1268, -1
1299, 1209, -1
775, 483, -1
483, 775, -1
1000, 775, -1
1036, 789, -1
787, 1442, -1
789, 1461, -1
234, 46, -1
1268, 46, -1
1268, 775, -1
787, 322, -1
787, 1335, -1
1209, 1299, -1
787, 1399, -1
1000, 777, -1
234, 1461, -1
1036, 773, -1
775, 1461, -1
483, 1143, -1
1000, 1143, -1
483, 1207, -1
1268, 1461, -1
1000, 1207, -1
789, 1335, -1
483, 773, -1
789, 322, -1
789, 1399, -1
1209, 1036, -1
483, 1399, -1
1000, 1399, -1
322, 234, -1
789, 999, -1
1000, 96, -1
1299, 777, -1
1442, 1085, -1
1299, 1268, -1
1268, 1143, -1
1442, 1268, -1
234, 322, -1
234, 1335, -1
35, 1461, -1
1000, 233, -1
234, 1399, -1
1268, 1207, -1
777, 1299, -1
1036, 775, -1
1268, 1335, -1
1036, 46, -1
322, 35, -1
1209, 483, -1
1000, 1209, -1
234, 999, -1
1207, 483, -1
1268, 999, -1
999, 789, -1
1036, 1461, -1
777, 1036, -1
322, 483, -1
96, 1461, -1
1209, 46, -1
1299, 788, -1
1036, 1143, -1
1036, 1207, -1
999, 773, -1
787, 1085, -1
1209, 1461, -1
788, 483, -1
787, 1268, -1
777, 483, -1
1036, 1335, -1
775, 46, -1
233, 483, -1
1207, 1461, -1
322, 787, -1
1036, 999, -1
322, 1461, -1
789, 1085, -1
789, 1268, -1
483, 1268, -1
788, 46, -1
777, 46, -1
1207, 1299, -1
1000, 1442, -1
1000, 1268, -1
1209, 1335, -1
999, 775, -1
322, 1299, -1
1209, 1399, -1
1000, 322, -1
1442, 234, -1
1207, 1335, -1
234, 1085, -1
1207, 1399, -1
234, 1442, -1
234, 1268, -1
1209, 999, -1
788, 1461, -1
322, 789, -1
777, 1461, -1
1207, 1036, -1
322, 1335, -1
233, 1461, -1
773, 1036, -1
1207, 999, -1
775, 1335, -1
483, 788, -1
775, 1399, -1
1000, 788, -1
1442, 35, -1
322, 999, -1
233, 1299, -1
775, 999, -1
322, 773, -1
788, 1335, -1
777, 1335, -1
788, 1399, -1
777, 1399, -1
1442, 483, -1
773, 483, -1
233, 1036, -1
1268, 788, -1
788, 999, -1
777, 999, -1
233, 999, -1
1207, 46, -1
322, 46, -1
773, 46, -1
322, 775, -1
1299, 787, -1
1442, 787, -1
773, 1461, -1
1209, 1442, -1
1209, 1268, -1
1036, 788, -1
787, 483, -1
233, 46, -1
1207, 1442, -1
1442, 1299, -1
1209, 322, -1
1299, 234, -1
1442, 1143, -1
1442, 1207, -1
1299, 789, -1
1207, 322, -1
322, 1143, -1
322, 1207, -1
1442, 789, -1
775, 1085, -1
789, 483, -1
1442, 1335, -1
1442, 1399, -1
1299, 1036, -1
773, 1335, -1
1442, 1036, -1
773, 322, -1
773, 1399, -1
1442, 999, -1
788, 1085, -1
777, 1085, -1
773, 999, -1
777, 1442, -1
777, 1268, -1
788, 1268, -1
1299, 773, -1
233, 1442, -1
46, 1143, -1
1442, 773, -1
787, 1461, -1
35, 1085, -1
322, 788, -1
46, 1207, -1
1399, 775, -1
777, 322, -1
46, 1399, -1
233, 322, -1
233, 1335, -1
233, 1399, -1
787, 1299, -1
1399, 1461, -1
1000, 787, -1
96, 1085, -1
1299, 775, -1
1442, 46, -1
1442, 775, -1
787, 1036, -1
999, 788, -1
1399, 1143, -1
1399, 1207, -1
787, 999, -1
1399, 1335, -1
1000, 234, -1
483, 789, -1
1000, 789, -1
789, 1036, -1
1209, 1085, -1
234, 1299, -1
483, 1036, -1
1000, 1036, -1
1399, 999, -1
1207, 1085, -1
46, 775, -1
1207, 1268, -1
1000, 35, -1
773, 1085, -1
1299, 1143, -1
1299, 1207, -1
773, 1268, -1
1268, 789, -1
234, 1036, -1
1000, 773, -1
775, 1036, -1
1442, 96, -1
1299, 35, -1
999, 1085, -1
999, 1143, -1
46, 777, -1
999, 1268, -1
788, 1036, -1
1442, 233, -1
999, 1207, -1
1335, 775, -1
788, 322, -1
999, 1036, -1
1268, 233, -1
1442, 1209, -1
1036, 777, -1
483, 1461, -1
1000, 1461, -1
322, 233, -1
1143, 1461, -1
1335, 1143, -1
483, 777, -1
1335, 1207, -1
483, 1085, -1
1036, 233, -1
1000, 1085, -1
1299, 1461, -1
773, 1299, -1
322, 777, -1
1143, 1085, -1
1442, 777, -1
1299, 1085, -1
1268, 777, -1
483, 233, -1
775, 1268, -1
322, 1209, -1
46, 1268, -1
789, 1299, -1
483, 1209, -1

772, 1209, 1
772, 788, 1
772, 789, 1
772, 234, 1
772, 233, 1
772, 787, 1
772, 777, 1
772, 775, 1
772, 1207, 1
772, 773, 1
772, 35, 1
772, 1143, 1
772, 96, 1
216, 1209, 1
216, 788, 1
216, 789, 1
216, 234, 1
216, 233, 1
216, 787, 1
216, 777, 1
216, 775, 1
216, 1207, 1
216, 773, 1
216, 35, 1
216, 1143, 1
216, 96, 1
216, 772, 1
234, 35, 1
787, 775, 1
96, 787, 1
234, 773, 1
789, 775, 1
1209, 787, 1
96, 234, 1
787, 1143, 1
234, 775, 1
787, 1207, 1
233, 788, 1
96, 35, 1
1209, 234, 1
789, 1143, 1
787, 96, 1
789, 1207, 1
96, 773, 1
777, 787, 1
1209, 35, 1
234, 1143, 1
234, 1207, 1
1209, 773, 1
787, 772, 1
234, 96, 1
777, 234, 1
233, 234, 1
788, 789, 1
777, 789, 1
35, 1143, 1
35, 1207, 1
35, 789, 1
777, 35, 1
35, 96, 1
233, 35, 1
788, 773, 1
777, 773, 1
96, 1143, 1
234, 772, 1
96, 1207, 1
35, 773, 1
96, 789, 1
1209, 1143, 1
1209, 1207, 1
96, 233, 1
788, 775, 1
777, 775, 1
1209, 789, 1
1207, 1143, 1
96, 1209, 1
35, 775, 1
787, 788, 1
1209, 96, 1
233, 787, 1
775, 1143, 1
775, 1207, 1
96, 775, 1
788, 1143, 1
777, 1143, 1
788, 1207, 1
777, 1207, 1
233, 789, 1
234, 788, 1
777, 96, 1
1209, 775, 1
777, 233, 1
96, 777, 1
777, 1209, 1
233, 773, 1
773, 775, 1
35, 788, 1
787, 35, 1
35, 772, 1
96, 788, 1
233, 775, 1
773, 1143, 1
773, 1207, 1
1209, 788, 1
96, 772, 1
233, 1143, 1
233, 1207, 1
1209, 772, 1
233, 96, 1
787, 789, 1
777, 788, 1
234, 787, 1
233, 1209, 1
787, 773, 1
777, 772, 1
233, 772, 1
234, 789, 1
789, 773, 1
35, 216, 1
233, 216, 1
788, 777, 1
773, 35, 1
1207, 773, 1
1143, 773, 1
35, 234, 1
234, 233, 1
1207, 788, 1
233, 777, 1
35, 777, 1
773, 233, 1
772, 216, 1
234, 1209, 1
773, 788, 1
787, 216, 1
96, 216, 1
1209, 233, 1
1207, 772, 1
787, 777, 1
1207, 775, 1
1143, 775, 1
789, 216, 1
773, 772, 1
35, 233, 1
1207, 787, 1
1209, 216, 1
788, 216, 1
35, 1209, 1
773, 787, 1
1209, 777, 1
788, 772, 1
234, 216, 1
773, 216, 1
1207, 234, 1
787, 233, 1
1207, 777, 1
789, 233, 1
787, 1209, 1
1207, 789, 1
773, 777, 1
773, 234, 1
1143, 1207, 1
35, 787, 1
773, 789, 1
777, 216, 1
1207, 35, 1
789, 788, 1
1207, 233, 1
1207, 1209, 1
775, 773, 1
789, 772, 1
788, 96, 1
775, 788, 1
789, 787, 1
787, 234, 1
788, 233, 1
775, 772, 1
789, 777, 1
789, 234, 1
1207, 216, 1
1143, 216, 1
775, 216, 1
234, 777, 1
789, 35, 1
1143, 789, 1
775, 789, 1
712, 1209, -1
712, 788, -1
712, 789, -1
712, 234, -1
712, 233, -1
712, 787, -1
712, 777, -1
712, 775, -1
712, 1207, -1
712, 773, -1
712, 35, -1
712, 1143, -1
712, 96, -1
712, 999, -1
712, 1000, -1
712, 1299, -1
712, 483, -1
712, 46, -1
712, 1399, -1
712, 322, -1
712, 1268, -1
712, 1036, -1
712, 1085, -1
712, 1442, -1
712, 1461, -1
712, 1335, -1
772, 999, -1
772, 1000, -1
772, 1299, -1
772, 483, -1
772, 46, -1
772, 1399, -1
772, 322, -1
772, 1268, -1
772, 1036, -1
772, 1085, -1
772, 1442, -1
772, 1461, -1
772, 1335, -1
772, 712, -1
216, 999, -1
216, 1000, -1
216, 1299, -1
216, 483, -1
216, 46, -1
216, 1399, -1
216, 322, -1
216, 1268, -1
216, 1036, -1
216, 1085, -1
216, 1442, -1
216, 1461, -1
216, 1335, -1
216, 712, -1
787, 46, -1
1207, 712, -1
1143, 712, -1
1268, 773, -1
233, 1085, -1
789, 46, -1
775, 712, -1
234, 483, -1
1442, 788, -1
233, 1268, -1
712, 772, -1
483, 775, -1
1000, 775, -1
96, 1299, -1
96, 1000, -1
1461, 1143, -1
788, 712, -1
1036, 789, -1
777, 712, -1
789, 1461, -1
234, 46, -1
712, 216, -1
1442, 772, -1
96, 1036, -1
35, 483, -1
1268, 775, -1
787, 1335, -1
1209, 1299, -1
787, 1399, -1
1000, 777, -1
234, 1461, -1
483, 1143, -1
1036, 773, -1
483, 1207, -1
1000, 1143, -1
1000, 1207, -1
789, 1335, -1
789, 1399, -1
1209, 1036, -1
1085, 775, -1
96, 483, -1
322, 234, -1
789, 999, -1
1000, 96, -1
1268, 1143, -1
234, 1335, -1
1000, 233, -1
1268, 1207, -1
234, 1399, -1
35, 1461, -1
777, 1299, -1
1036, 775, -1
96, 46, -1
1143, 999, -1
322, 35, -1
1209, 483, -1
1000, 1209, -1
35, 1299, -1
234, 999, -1
1085, 1143, -1
1085, 1207, -1
773, 712, -1
788, 1036, -1
777, 1036, -1
96, 1461, -1
35, 1335, -1
483, 772, -1
1209, 46, -1
1299, 788, -1
35, 1399, -1
35, 1036, -1
35, 999, -1
1036, 1143, -1
1036, 1207, -1
787, 1085, -1
1209, 1461, -1
777, 483, -1
787, 1268, -1
233, 712, -1
233, 483, -1
96, 1335, -1
1299, 772, -1
96, 1399, -1
322, 787, -1
789, 1085, -1
96, 999, -1
789, 1268, -1
788, 46, -1
777, 46, -1
1209, 1335, -1
1209, 1399, -1
35, 46, -1
1442, 234, -1
1207, 1335, -1
234, 1085, -1
1207, 1399, -1
234, 1268, -1
1209, 999, -1
788, 1461, -1
322, 789, -1
777, 1461, -1
1143, 1335, -1
233, 1461, -1
1143, 1399, -1
773, 1036, -1
1207, 999, -1
775, 1335, -1
483, 788, -1
775, 1399, -1
1000, 788, -1
1442, 35, -1
233, 1299, -1
775, 999, -1
322, 773, -1
788, 1335, -1
777, 1335, -1
788, 1399, -1
777, 1399, -1
233, 1036, -1
1268, 788, -1
1000, 772, -1
788, 999, -1
777, 999, -1
233, 999, -1
96, 1442, -1
96, 1268, -1
773, 46, -1
322, 775, -1
1000, 216, -1
1268, 772, -1
96, 322, -1
1442, 787, -1
773, 1461, -1
1209, 1442, -1
1209, 1268, -1
787, 712, -1
787, 483, -1
1036, 788, -1
233, 46, -1
1209, 322, -1
1268, 789, -1
1442, 1143, -1
1442, 1207, -1
1299, 789, -1
322, 1143, -1
322, 1207, -1
1442, 789, -1
789, 712, -1
773, 1335, -1
773, 1399, -1
1036, 772, -1
788, 1085, -1
777, 1085, -1
773, 999, -1
777, 1442, -1
788, 1268, -1
777, 1268, -1
1299, 773, -1
234, 712, -1
233, 1442, -1
46, 1143, -1
1442, 773, -1
787, 1461, -1
46, 1207, -1
322, 788, -1
35, 1085, -1
35, 1268, -1
777, 322, -1
233, 322, -1
233, 1335, -1
233, 1399, -1
787, 1299, -1
1461, 1207, -1
1000, 787, -1
35, 712, -1
322, 772, -1
96, 1085, -1
1299, 775, -1
1442, 775, -1
787, 1036, -1
787, 999, -1
1000, 234, -1
483, 789, -1
1000, 789, -1
789, 1036, -1
96, 712, -1
1209, 1085, -1
234, 1299, -1
46, 775, -1
1000, 35, -1
773, 1085, -1
1299, 1143, -1
1299, 1207, -1
773, 1268, -1
483, 773, -1
234, 1036, -1
1000, 773, -1
1209, 712, -1
1461, 775, -1
789, 483, -1
46, 216, -1
1299, 96, -1
1299, 35, -1
1085, 777, -1
1207, 483, -1
1143, 483, -1
1299, 233, -1
999, 789, -1
999, 1143, -1
999, 1207, -1
1461, 216, -1
1335, 775, -1
1399, 775, -1
46, 777, -1
1036, 216, -1
35, 1442, -1
775, 483, -1
1299, 1209, -1
773, 483, -1
35, 322, -1
1085, 789, -1
1461, 777, -1
1036, 777, -1
1442, 233, -1
1207, 46, -1
1268, 233, -1
1143, 46, -1
999, 773, -1
788, 483, -1
322, 233, -1
483, 216, -1
1085, 788, -1
999, 788, -1
1207, 1461, -1
1299, 787, -1
1143, 1461, -1
1399, 1207, -1
483, 777, -1
1335, 1207, -1
1036, 233, -1
775, 1461, -1
1207, 1299, -1
1085, 772, -1
322, 216, -1
1299, 216, -1
1442, 216, -1
1268, 216, -1
999, 775, -1
773, 1299, -1
999, 772, -1
1207, 1442, -1
1207, 1085, -1
322, 777, -1
1143, 1085, -1
1299, 234, -1
1207, 1268, -1
1442, 777, -1
234, 1442, -1
1299, 777, -1
1207, 1036, -1
1207, 322, -1
1268, 777, -1
483, 233, -1
234, 322, -1
1085, 216, -1
483, 1209, -1
1442, 96, -1
322, 96, -1
1268, 96, -1
788, 322, -1
322, 1209, -1
1442, 1209, -1
1085, 773, -1
787, 1442, -1
775, 46, -1
789, 1299, -1
787, 322, -1
1399, 1143, -1
1036, 96, -1
1335, 1143, -1
789, 322, -1
483, 96, -1
775, 1085, -1
773, 322, -1

496, 1209, 1
496, 788, 1
496, 789, 1
496, 234, 1
496, 233, 1
496, 787, 1
496, 777, 1
496, 775, 1
496, 1207, 1
496, 773, 1
496, 35, 1
496, 1143, 1
496, 96, 1
496, 772, 1
496, 216, 1
1364, 1299, 1
1364, 483, 1
1364, 46, 1
772, 775, 1
35, 216, 1
234, 35, 1
787, 775, 1
234, 773, 1
483, 46, 1
789, 775, 1
96, 216, 1
1209, 787, 1
772, 1143, 1
772, 1207, 1
787, 1143, 1
234, 775, 1
787, 1207, 1
1209, 216, 1
233, 788, 1
1209, 234, 1
789, 1143, 1
787, 96, 1
789, 1207, 1
1207, 216, 1
96, 773, 1
773, 216, 1
777, 787, 1
1209, 35, 1
234, 1143, 1
234, 1207, 1
1209, 773, 1
787, 772, 1
233, 216, 1
234, 96, 1
777, 234, 1
233, 234, 1
788, 789, 1
777, 789, 1
35, 1143, 1
35, 1207, 1
35, 789, 1
777, 35, 1
35, 96, 1
233, 35, 1
788, 773, 1
777, 773, 1
234, 772, 1
96, 1143, 1
96, 1207, 1
35, 773, 1
96, 789, 1
1209, 1143, 1
1209, 1207, 1
788, 775, 1
777, 775, 1
1209, 789, 1
772, 788, 1
1207, 1143, 1
35, 775, 1
787, 788, 1
1209, 96, 1
233, 787, 1
775, 1143, 1
775, 1207, 1
96, 775, 1
788, 1143, 1
777, 1143, 1
788, 1207, 1
777, 1207, 1
772, 216, 1
233, 789, 1
234, 788, 1
787, 216, 1
777, 96, 1
1209, 775, 1
777, 233, 1
789, 216, 1
777, 1209, 1
233, 773, 1
773, 775, 1
35, 788, 1
788, 216, 1
787, 35, 1
234, 216, 1
35, 772, 1
96, 788, 1
233, 775, 1
773, 1143, 1
773, 1207, 1
1209, 788, 1
96, 772, 1
233, 1143, 1
233, 1207, 1
1299, 483, 1
1209, 772, 1
772, 789, 1
233, 96, 1
1299, 46, 1
787, 789, 1
777, 788, 1
234, 787, 1
233, 1209, 1
772, 773, 1
1143, 216, 1
787, 773, 1
777, 772, 1
775, 216, 1
233, 772, 1
234, 789, 1
789, 773, 1
777, 216, 1
216, 496, 1
788, 777, 1
773, 35, 1
1207, 773, 1
96, 787, 1
1143, 773, 1
216, 96, 1
216, 35, 1
234, 233, 1
233, 777, 1
35, 777, 1
773, 233, 1
1207, 788, 1
777, 496, 1
35, 234, 1
216, 233, 1
216, 773, 1
234, 1209, 1
483, 1364, 1
773, 788, 1
233, 496, 1
788, 96, 1
216, 1209, 1
216, 788, 1
772, 777, 1
1209, 233, 1
1207, 772, 1
96, 234, 1
787, 777, 1
96, 777, 1
1207, 775, 1
1143, 775, 1
1299, 1364, 1
773, 772, 1
35, 233, 1
96, 496, 1
1207, 787, 1
216, 772, 1
216, 775, 1
772, 96, 1
773, 789, 1
35, 1209, 1
773, 787, 1
216, 787, 1
96, 35, 1
1209, 777, 1
788, 772, 1
96, 233, 1
787, 233, 1
1207, 234, 1
1209, 496, 1
1207, 777, 1
789, 233, 1
96, 1209, 1
787, 1209, 1
1207, 789, 1
773, 777, 1
773, 234, 1
1143, 1207, 1
216, 777, 1
35, 787, 1
216, 234, 1
216, 1143, 1
216, 789, 1
1207, 35, 1
216, 1207, 1
775, 772, 1
789, 788, 1
787, 496, 1
234, 777, 1
775, 788, 1
789, 787, 1
789, 35, 1
789, 777, 1
1207, 233, 1
789, 234, 1
1143, 789, 1
787, 234, 1
788, 233, 1
772, 233, 1
1207, 1209, 1
775, 789, 1
775, 773, 1
789, 772, 1
219, 1209, -1
219, 788, -1
219, 789, -1
219, 234, -1
219, 233, -1
219, 787, -1
219, 777, -1
219, 775, -1
219, 1207, -1
219, 773, -1
219, 35, -1
219, 1143, -1
219, 96, -1
219, 772, -1
219, 216, -1
219, 999, -1
219, 1000, -1
219, 1299, -1
219, 483, -1
219, 46, -1
219, 1399, -1
219, 322, -1
219, 1268, -1
219, 1036, -1
219, 1085, -1
219, 1442, -1
219, 1461, -1
219, 1335, -1
219, 712, -1
496, 999, -1
496, 1000, -1
496, 1299, -1
496, 483, -1
496, 46, -1
496, 1399, -1
496, 322, -1
496, 1268, -1
496, 1036, -1
496, 1085, -1
496, 1442, -1
496, 1461, -1
496, 1335, -1
496, 712, -1
496, 219, -1
1364, 1209, -1
1364, 788, -1
1364, 789, -1
1364, 234, -1
1364, 233, -1
1364, 787, -1
1364, 777, -1
1364, 775, -1
1364, 1207, -1
1364, 773, -1
1364, 35, -1
1364, 1143, -1
1364, 96, -1
1364, 772, -1
1364, 216, -1
1364, 496, -1
1364, 999, -1
1364, 1000, -1
1364, 1399, -1
1364, 322, -1
1364, 1268, -1
1364, 1036, -1
1364, 1085, -1
1364, 1442, -1
1364, 1461, -1
1364, 1335, -1
1364, 712, -1
1364, 219, -1
1299, 1399, -1
787, 46, -1
1000, 483, -1
1207, 712, -1
233, 219, -1
1299, 999, -1
1143, 712, -1
772, 1461, -1
1268, 773, -1
233, 1085, -1
789, 46, -1
775, 712, -1
234, 483, -1
1442, 788, -1
233, 1268, -1
1000, 46, -1
483, 775, -1
1000, 775, -1
96, 1299, -1
96, 1000, -1
1461, 1143, -1
788, 712, -1
1036, 789, -1
777, 712, -1
789, 1461, -1
234, 46, -1
483, 1461, -1
772, 1335, -1
772, 1399, -1
1442, 772, -1
96, 1036, -1
35, 483, -1
1268, 775, -1
1461, 46, -1
787, 1335, -1
1209, 1299, -1
787, 1399, -1
772, 999, -1
1299, 1335, -1
1000, 777, -1
234, 1461, -1
1036, 773, -1
483, 1143, -1
483, 1207, -1
1000, 1143, -1
1000, 1207, -1
789, 1335, -1
483, 773, -1
483, 1335, -1
789, 1399, -1
1209, 1036, -1
1085, 775, -1
216, 1442, -1
1299, 219, -1
483, 1399, -1
96, 483, -1
322, 234, -1
216, 1000, -1
789, 999, -1
1299, 1085, -1
483, 999, -1
1299, 1268, -1
1268, 1143, -1
234, 1335, -1
1000, 233, -1
1268, 1207, -1
234, 1399, -1
35, 1461, -1
777, 1299, -1
787, 1364, -1
1036, 775, -1
96, 46, -1
1143, 999, -1
1036, 46, -1
322, 35, -1
1209, 483, -1
1000, 1209, -1
219, 1364, -1
35, 1299, -1
234, 999, -1
1085, 1143, -1
1085, 1207, -1
773, 712, -1
777, 1036, -1
322, 483, -1
96, 1461, -1
35, 1335, -1
483, 772, -1
1209, 46, -1
1299, 788, -1
35, 1399, -1
216, 483, -1
35, 1036, -1
216, 712, -1
46, 1268, -1
787, 219, -1
772, 1085, -1
35, 999, -1
1036, 1143, -1
1036, 1207, -1
787, 1085, -1
1209, 1461, -1
777, 483, -1
787, 1268, -1
233, 712, -1
712, 1299, -1
233, 483, -1
96, 1335, -1
1299, 772, -1
96, 1399, -1
322, 787, -1
789, 1085, -1
483, 1085, -1
96, 999, -1
216, 1461, -1
788, 46, -1
777, 46, -1
483, 1268, -1
234, 219, -1
1209, 1335, -1
322, 1299, -1
1209, 1399, -1
35, 46, -1
216, 1299, -1
1442, 234, -1
1207, 1335, -1
234, 1085, -1
1207, 1399, -1
234, 1268, -1
1209, 999, -1
788, 1461, -1
322, 789, -1
777, 1461, -1
1143, 1335, -1
233, 1461, -1
1143, 1399, -1
712, 483, -1
1207, 999, -1
775, 1335, -1
216, 1036, -1
483, 788, -1
775, 1399, -1
1000, 788, -1
1442, 35, -1
233, 1299, -1
1085, 46, -1
775, 999, -1
322, 773, -1
712, 46, -1
788, 1335, -1
777, 1335, -1
788, 1399, -1
777, 1399, -1
496, 1364, -1
1442, 483, -1
233, 1036, -1
1268, 788, -1
96, 219, -1
1000, 772, -1
788, 999, -1
777, 999, -1
233, 999, -1
234, 1364, -1
96, 1268, -1
773, 46, -1
96, 1442, -1
322, 46, -1
322, 775, -1
216, 46, -1
1209, 219, -1
1268, 772, -1
1299, 787, -1
96, 322, -1
1442, 787, -1
772, 712, -1
773, 1461, -1
1209, 1442, -1
1209, 1268, -1
787, 712, -1
35, 1364, -1
1036, 788, -1
787, 483, -1
233, 46, -1
1442, 1299, -1
1209, 322, -1
1442, 1143, -1
1442, 1207, -1
1299, 789, -1
322, 1143, -1
789, 712, -1
1442, 789, -1
322, 1207, -1
1299, 1036, -1
773, 1335, -1
777, 219, -1
773, 1399, -1
96, 1364, -1
1036, 772, -1
216, 322, -1
216, 1399, -1
216, 1335, -1
35, 219, -1
1299, 35, -1
788, 1085, -1
777, 1085, -1
773, 999, -1
777, 1442, -1
777, 1268, -1
234, 712, -1
1299, 773, -1
216, 999, -1
233, 1442, -1
46, 1143, -1
1442, 773, -1
787, 1461, -1
46, 1207, -1
322, 788, -1
35, 1085, -1
35, 1268, -1
46, 1335, -1
777, 322, -1
1209, 1364, -1
46, 1399, -1
216, 1268, -1
233, 322, -1
233, 1335, -1
233, 1399, -1
787, 1299, -1
1461, 1207, -1
1000, 787, -1
46, 999, -1
35, 712, -1
322, 772, -1
216, 1364, -1
96, 1085, -1
1299, 775, -1
1442, 46, -1
1442, 775, -1
787, 1036, -1
1000, 1299, -1
787, 999, -1
1000, 234, -1
483, 789, -1
1299, 1461, -1
1000, 789, -1
777, 1364, -1
96, 712, -1
1209, 1085, -1
234, 1299, -1
233, 1364, -1
216, 1085, -1
483, 1036, -1
216, 219, -1
46, 775, -1
1000, 35, -1
773, 1085, -1
1299, 1143, -1
1299, 1207, -1
1268, 789, -1
234, 1036, -1
772, 46, -1
1000, 773, -1
1209, 712, -1
1461, 775, -1
712, 788, -1
46, 219, -1
1299, 96, -1
1143, 483, -1
1299, 233, -1
46, 777, -1
1085, 789, -1
1442, 233, -1
712, 1364, -1
775, 483, -1
712, 772, -1
1299, 1209, -1
1461, 777, -1
1442, 1364, -1
712, 216, -1
1268, 46, -1
773, 1364, -1
1143, 1461, -1
483, 777, -1
775, 1461, -1
1000, 496, -1
483, 96, -1
1000, 96, -1
1299, 777, -1
1299, 1442, -1
483, 233, -1
234, 322, -1
1299, 322, -1
1085, 777, -1
1268, 96, -1
1207, 483, -1
999, 789, -1
788, 1036, -1
1268, 233, -1
772, 219, -1
712, 787, -1
1036, 777, -1
772, 1268, -1
1143, 46, -1
999, 773, -1
788, 483, -1
789, 219, -1
483, 219, -1
1207, 1461, -1
1036, 96, -1
712, 234, -1
1036, 233, -1
1207, 1299, -1
1299, 216, -1
1085, 772, -1
999, 775, -1
773, 1299, -1
712, 35, -1
234, 1442, -1
712, 773, -1
1207, 1036, -1
1268, 777, -1
772, 1364, -1
773, 1036, -1
999, 1143, -1
35, 1442, -1
999, 1207, -1
1335, 775, -1
712, 775, -1
773, 483, -1
1000, 1364, -1
35, 322, -1
1207, 46, -1
1268, 1364, -1
1000, 216, -1
1085, 788, -1
1335, 1207, -1
712, 1143, -1
712, 1207, -1
712, 496, -1
712, 789, -1
1207, 1442, -1
712, 96, -1
322, 777, -1
1143, 1085, -1
1299, 234, -1
712, 233, -1
1207, 322, -1
789, 483, -1
1036, 1364, -1
712, 1209, -1
788, 219, -1
1442, 96, -1
322, 96, -1
788, 1268, -1
322, 233, -1
1399, 775, -1
1207, 1364, -1
322, 1364, -1
772, 1036, -1
999, 788, -1
1399, 1207, -1
712, 777, -1
1207, 219, -1
788, 1364, -1
772, 483, -1
773, 219, -1
999, 772, -1
1207, 1085, -1
1207, 1268, -1
1442, 777, -1
773, 1268, -1
1299, 496, -1
1442, 496, -1
483, 1209, -1
773, 322, -1
46, 216, -1
788, 322, -1
1461, 216, -1
789, 1364, -1
1036, 216, -1
322, 1209, -1
1442, 1209, -1
1143, 1364, -1
1085, 773, -1
787, 1442, -1
775, 1364, -1
483, 216, -1
772, 322, -1
775, 46, -1
789, 1299, -1
787, 322, -1
1399, 1143, -1
1335, 1143, -1
789, 1268, -1
789, 1036, -1
789, 322, -1
322, 216, -1
1442, 216, -1
1268, 216, -1
775, 1085, -1
1085, 216, -1

1084, 1335, 1
1084, 1209, -1
1084, 788, -1
1084, 789, -1
1084, 234, -1
1084, 233, -1
1084, 787, -1
1084, 777, -1
1084, 775, -1
1084, 1207, -1
1084, 773, -1
1084, 35, -1
1084, 1143, -1
1084, 96, -1
1084, 772, -1
1084, 216, -1
1084, 496, -1
1084, 999, -1
1084, 1000, -1
1084, 1299, -1
1084, 483, -1
1084, 46, -1
1084, 1364, -1
1084, 1399, -1
1084, 322, -1
1084, 1268, -1
1084, 1036, -1
1084, 1085, -1
1084, 1442, -1
1084, 1461, -1
1084, 712, -1
1084, 219, -1
1268, 1335, -1
216, 1335, -1
1335, 1364, -1
1335, 775, -1
777, 1335, -1
788, 1335, -1
1085, 1335, -1
35, 1335, -1
46, 1335, -1
233, 1335, -1
1461, 1335, -1
772, 1335, -1
1036, 1335, -1
96, 1335, -1
787, 1335, -1
219, 1335, -1
1335, 1143, -1
1335, 1207, -1
1335, 1399, -1
712, 1335, -1
789, 1335, -1
483, 1335, -1
1209, 1335, -1
1000, 1335, -1
496, 1335, -1
1335, 999, -1
322, 1335, -1
1442, 1335, -1
234, 1335, -1
1299, 1335, -1
773, 1335, -1
483, 1084, -1
1209, 1084, -1
1000, 1084, -1
496, 1084, -1
1207, 1084, -1
322, 1084, -1
1442, 1084, -1
234, 1084, -1
1299, 1084, -1
1268, 1084, -1
775, 1084, -1
216, 1084, -1
788, 1084, -1
777, 1084, -1
35, 1084, -1
999, 1084, -1
233, 1084, -1
772, 1084, -1
1364, 1084, -1
1036, 1084, -1
96, 1084, -1
787, 1084, -1
219, 1084, -1
712, 1084, -1
1364, 1335, -1

1439, 1299, 1
1439, 483, 1
1439, 46, 1
1439, 1364, 1
483, 1364, 1
1299, 483, 1
1364, 46, 1
1299, 46, 1
1299, 1364, 1
483, 46, 1
1364, 1439, 1
1299, 1439, 1
483, 1439, 1
46, 1439, 1
1439, 1209, -1
1439, 788, -1
1439, 789, -1
1439, 234, -1
1439, 233, -1
1439, 787, -1
1439, 777, -1
1439, 775, -1
1439, 1207, -1
1439, 773, -1
1439, 35, -1
1439, 1143, -1
1439, 96, -1
1439, 772, -1
1439, 216, -1
1439, 496, -1
1439, 999, -1
1439, 1000, -1
1439, 1399, -1
1439, 322, -1
1439, 1268, -1
1439, 1036, -1
1439, 1085, -1
1439, 1442, -1
1439, 1461, -1
1439, 1335, -1
1439, 1084, -1
1439, 712, -1
1439, 219, -1
1299, 1399, -1
496, 483, -1
483, 1084, -1
787, 46, -1
1000, 483, -1
219, 46, -1
1299, 999, -1
712, 1364, -1
789, 46, -1
234, 483, -1
1000, 46, -1
483, 775, -1
96, 1299, -1
1364, 789, -1
234, 46, -1
483, 1461, -1
1442, 1364, -1
1268, 46, -1
35, 483, -1
1209, 1299, -1
496, 1299, -1
1364, 773, -1
483, 1143, -1
1085, 46, -1
1461, 46, -1
483, 1335, -1
1299, 219, -1
483, 1399, -1
96, 483, -1
1299, 1085, -1
1299, 1268, -1
1036, 46, -1
777, 1299, -1
787, 1364, -1
96, 46, -1
1209, 483, -1
219, 1364, -1
1207, 483, -1
1364, 1461, -1
322, 483, -1
483, 772, -1
216, 483, -1
1299, 788, -1
1209, 46, -1
496, 46, -1
1364, 1143, -1
1143, 46, -1
1364, 1335, -1
777, 483, -1
712, 1299, -1
1364, 1399, -1
775, 46, -1
1299, 772, -1
233, 483, -1
999, 483, -1
483, 1085, -1
483, 1268, -1
788, 46, -1
1207, 1299, -1
777, 46, -1
999, 46, -1
322, 1299, -1
35, 46, -1
216, 1299, -1
772, 1364, -1
712, 483, -1
483, 788, -1
233, 1299, -1
1335, 46, -1
1084, 46, -1
712, 46, -1
1442, 483, -1
496, 1364, -1
1000, 1364, -1
1364, 1085, -1
1207, 46, -1
234, 1364, -1
322, 46, -1
773, 46, -1
775, 1364, -1
1268, 1364, -1
216, 46, -1
1299, 787, -1
35, 1364, -1
787, 483, -1
1442, 1299, -1
233, 46, -1
219, 483, -1
1299, 789, -1
1299, 1036, -1
1036, 1364, -1
96, 1364, -1
1299, 35, -1
1399, 46, -1
1084, 1364, -1
1299, 773, -1
1299, 1084, -1
1209, 1364, -1
1207, 1364, -1
322, 1364, -1
216, 1364, -1
1442, 46, -1
1299, 775, -1
1000, 1299, -1
1299, 1461, -1
483, 789, -1
788, 1364, -1
777, 1364, -1
483, 1036, -1
234, 1299, -1
233, 1364, -1
999, 1364, -1
1299, 1143, -1
483, 773, -1
772, 46, -1
1299, 1335, -1
1364, 775, -1
1299, 322, -1
46, 219, -1
777, 1439, -1
788, 1439, -1
1085, 1439, -1
35, 1439, -1
1299, 233, -1
46, 1143, -1
233, 1439, -1
46, 1207, -1
46, 1335, -1
1299, 1209, -1
1364, 219, -1
46, 1399, -1
1461, 1439, -1
772, 1439, -1
1036, 1439, -1
46, 999, -1
1364, 1207, -1
96, 1439, -1
787, 1439, -1
219, 1439, -1
483, 219, -1
1364, 999, -1
712, 1439, -1
1084, 1439, -1
789, 1439, -1
1209, 1439, -1
1000, 1439, -1
496, 1439, -1
483, 1207, -1
46, 775, -1
1442, 1439, -1
234, 1439, -1
1299, 234, -1
322, 1439, -1
773, 1439, -1
483, 999, -1
1268, 1439, -1
1299, 777, -1
1299, 1207, -1
1299, 1442, -1
216, 1439, -1

1072, 999, 1
1072, 1000, 1
1000, 999, 1
1000, 1072, 1
1072, 1209, -1
1072, 788, -1
1072, 789, -1
1072, 234, -1
1072, 233, -1
1072, 787, -1
1072, 777, -1
1072, 775, -1
1072, 1207, -1
1072, 773, -1
1072, 35, -1
1072, 1143, -1
1072, 96, -1
1072, 772, -1
1072, 216, -1
1072, 496, -1
1072, 1299, -1
1072, 483, -1
1072, 46, -1
1072, 1364, -1
1072, 1439, -1
1072, 1399, -1
1072, 322, -1
1072, 1268, -1
1072, 1036, -1
1072, 1085, -1
1072, 1442, -1
1072, 1461, -1
1072, 1335, -1
1072, 1084, -1
1072, 712, -1
1072, 219, -1
1248, 1209, -1
1248, 788, -1
1248, 789, -1
1248, 234, -1
1248, 233, -1
1248, 787, -1
1248, 777, -1
1248, 775, -1
1248, 1207, -1
1248, 773, -1
1248, 35, -1
1248, 1143, -1
1248, 96, -1
1248, 772, -1
1248, 216, -1
1248, 496, -1
1248, 999, -1
1248, 1000, -1
1248, 1072, -1
1248, 1299, -1
1248, 483, -1
1248, 46, -1
1248, 1364, -1
1248, 1439, -1
1248, 1399, -1
1248, 322, -1
1248, 1268, -1
1248, 1036, -1
1248, 1085, -1
1248, 1442, -1
1248, 1461, -1
1248, 1335, -1
1248, 1084, -1
1248, 712, -1
1248, 219, -1
999, 216, -1
1000, 1084, -1
1000, 483, -1
1000, 1209, -1
322, 999, -1
1000, 788, -1
1442, 999, -1
234, 999, -1
1299, 999, -1
773, 999, -1
1268, 999, -1
999, 1439, -1
999, 1143, -1
999, 1207, -1
999, 1335, -1
1000, 46, -1
999, 1399, -1
1000, 1364, -1
1000, 775, -1
1000, 772, -1
788, 999, -1
777, 999, -1
1085, 999, -1
1000, 787, -1
233, 999, -1
35, 999, -1
46, 999, -1
999, 712, -1
1000, 1461, -1
1000, 216, -1
1461, 999, -1
1000, 1299, -1
1000, 219, -1
1000, 773, -1
772, 999, -1
1364, 999, -1
1036, 999, -1
787, 999, -1
1000, 777, -1
1000, 234, -1
96, 999, -1
1000, 1439, -1
219, 999, -1
1000, 1085, -1
1000, 1143, -1
1000, 789, -1
1000, 1268, -1
1000, 1207, -1
1000, 1442, -1
1000, 496, -1
1000, 1036, -1
999, 775, -1
1000, 1335, -1
1000, 1399, -1
1000, 322, -1
1084, 999, -1
789, 999, -1
1000, 96, -1
483, 999, -1
1000, 35, -1
1209, 999, -1
496, 999, -1
1000, 233, -1
1000, 712, -1
496, 1072, -1
233, 1072, -1
1439, 1000, -1
216, 1000, -1
712, 1000, -1
496, 1000, -1
96, 1000, -1
1439, 1072, -1
1442, 1072, -1
712, 1072, -1
777, 1072, -1
234, 1072, -1
322, 1072, -1
1209, 1072, -1
96, 1072, -1
216, 1072, -1
233, 1000, -1
712, 999, -1
1209, 1000, -1
216, 999, -1
777, 1000, -1

