956, 959, 1
0, 626, 1
1, 626, 1
1, 0, 1
0, 1, 1
626, 959, -1
626, 956, -1
986, 959, -1
986, 956, -1
986, 626, -1
0, 959, -1
0, 956, -1
0, 986, -1
1, 959, -1
1, 956, -1
1, 986, -1

5, 986, 1
17, 959, 1
17, 956, 1
368, 986, 1
368, 5, 1
150, 959, 1
150, 956, 1
150, 17, 1
956, 959, 1
956, 150, 1
17, 150, 1
986, 5, 1
5, 959, -1
5, 956, -1
5, 626, -1
5, 0, -1
5, 1, -1
17, 626, -1
17, 0, -1
17, 1, -1
17, 986, -1
17, 5, -1
368, 959, -1
368, 956, -1
368, 17, -1
368, 626, -1
368, 0, -1
368, 1, -1
1343, 959, -1
1343, 956, -1
1343, 17, -1
1343, 626, -1
1343, 0, -1
1343, 1, -1
1343, 986, -1
1343, 5, -1
1343, 368, -1
150, 626, -1
150, 0, -1
150, 1, -1
150, 986, -1
150, 5, -1
150, 368, -1
150, 1343, -1
1, 986, -1
956, 1, -1
0, 5, -1
626, 150, -1
5, 1343, -1
0, 368, -1
0, 17, -1
5, 150, -1
956, 1343, -1
368, 1343, -1
986, 956, -1
368, 150, -1
0, 959, -1
986, 959, -1
0, 956, -1
1, 5, -1
986, 626, -1
986, 1343, -1
986, 150, -1
1, 17, -1
0, 986, -1
0, 150, -1
626, 5, -1
1, 956, -1
1, 959, -1
959, 1343, -1
17, 1343, -1
956, 5, -1
626, 956, -1
626, 959, -1
1343, 150, -1
1, 150, -1

222, 959, 1
222, 956, 1
222, 17, 1
222, 150, 1
420, 959, 1
420, 956, 1
420, 17, 1
420, 150, 1
420, 222, 1
490, 959, 1
490, 956, 1
490, 17, 1
490, 150, 1
490, 222, 1
490, 420, 1
1367, 986, 1
1367, 5, 1
1367, 368, 1
1284, 986, 1
1284, 5, 1
1284, 368, 1
1284, 1367, 1
956, 959, 1
986, 1284, 1
986, 5, 1
150, 956, 1
150, 959, 1
17, 222, 1
5, 1367, 1
956, 150, 1
368, 986, 1
17, 420, 1
17, 490, 1
368, 1367, 1
17, 956, 1
956, 222, 1
368, 1284, 1
17, 959, 1
986, 1367, 1
150, 222, 1
956, 420, 1
17, 150, 1
150, 420, 1
368, 5, 1
420, 490, 1
222, 626, -1
222, 0, -1
222, 1, -1
222, 986, -1
222, 5, -1
222, 368, -1
222, 1343, -1
420, 626, -1
420, 0, -1
420, 1, -1
420, 986, -1
420, 5, -1
420, 368, -1
420, 1343, -1
490, 626, -1
490, 0, -1
490, 1, -1
490, 986, -1
490, 5, -1
490, 368, -1
490, 1343, -1
1367, 959, -1
1367, 956, -1
1367, 17, -1
1367, 150, -1
1367, 222, -1
1367, 420, -1
1367, 490, -1
1367, 626, -1
1367, 0, -1
1367, 1, -1
1367, 1343, -1
1284, 959, -1
1284, 956, -1
1284, 17, -1
1284, 150, -1
1284, 222, -1
1284, 420, -1
1284, 490, -1
1284, 626, -1
1284, 0, -1
1284, 1, -1
1284, 1343, -1
959, 1367, -1
368, 17, -1
0, 222, -1
1, 150, -1
986, 420, -1
0, 5, -1
626, 150, -1
368, 956, -1
956, 1343, -1
17, 5, -1
0, 956, -1
1, 490, -1
986, 150, -1
1, 17, -1
5, 222, -1
626, 490, -1
0, 1367, -1
222, 1367, -1
368, 222, -1
1, 956, -1
626, 956, -1
17, 1367, -1
490, 1367, -1
1, 986, -1
0, 368, -1
959, 1284, -1
1, 222, -1
150, 1343, -1
986, 959, -1
626, 222, -1
1, 5, -1
986, 1343, -1
626, 5, -1
420, 1367, -1
959, 986, -1
959, 1343, -1
956, 5, -1
17, 626, -1
150, 5, -1
0, 1284, -1
1, 1367, -1
0, 420, -1
986, 490, -1
17, 1284, -1
490, 1284, -1
986, 17, -1
626, 1367, -1
368, 626, -1
986, 956, -1
956, 1367, -1
0, 959, -1
150, 1367, -1
0, 150, -1
17, 1343, -1
368, 420, -1
420, 1284, -1
986, 222, -1
5, 959, -1
0, 490, -1
5, 1343, -1
368, 1, -1
368, 959, -1
0, 17, -1
5, 150, -1
956, 626, -1
1, 1284, -1
368, 1343, -1
150, 626, -1
959, 5, -1
368, 150, -1
626, 1284, -1
1, 420, -1
986, 626, -1
0, 986, -1
956, 1284, -1
626, 420, -1
150, 1284, -1
1, 959, -1
17, 986, -1
368, 490, -1
626, 959, -1
1343, 150, -1
5, 626, -1
1343, 222, -1

723, 959, 1
723, 956, 1
723, 17, 1
723, 150, 1
723, 222, 1
723, 420, 1
723, 490, 1
358, 959, 1
358, 956, 1
358, 17, 1
358, 150, 1
358, 222, 1
358, 420, 1
358, 490, 1
358, 723, 1
1234, 986, 1
1234, 5, 1
1234, 368, 1
1234, 1367, 1
1234, 1284, 1
416, 959, 1
416, 956, 1
416, 17, 1
416, 150, 1
416, 222, 1
416, 420, 1
416, 490, 1
416, 723, 1
416, 358, 1
951, 959, 1
951, 956, 1
951, 17, 1
951, 150, 1
951, 222, 1
951, 420, 1
951, 490, 1
951, 723, 1
951, 358, 1
951, 416, 1
902, 959, 1
902, 956, 1
902, 17, 1
902, 150, 1
902, 222, 1
902, 420, 1
902, 490, 1
902, 723, 1
902, 358, 1
902, 416, 1
902, 951, 1
152, 959, 1
152, 956, 1
152, 17, 1
152, 150, 1
152, 222, 1
152, 420, 1
152, 490, 1
152, 723, 1
152, 358, 1
152, 416, 1
152, 951, 1
152, 902, 1
17, 723, 1
490, 723, 1
416, 902, 1
956, 959, 1
956, 358, 1
150, 358, 1
420, 902, 1
17, 222, 1
956, 150, 1
959, 420, 1
368, 986, 1
420, 959, 1
723, 951, 1
17, 416, 1
490, 956, 1
959, 150, 1
723, 416, 1
368, 5, 1
986, 1284, 1
150, 902, 1
222, 951, 1
150, 959, 1
5, 1367, 1
490, 222, 1
358, 951, 1
17, 951, 1
490, 951, 1
959, 902, 1
368, 1367, 1
222, 416, 1
150, 723, 1
1284, 5, 1
956, 222, 1
959, 358, 1
358, 416, 1
956, 951, 1
490, 416, 1
723, 358, 1
416, 951, 1
420, 222, 1
956, 416, 1
420, 951, 1
222, 902, 1
1284, 1367, 1
150, 956, 1
17, 902, 1
17, 420, 1
490, 420, 1
959, 490, 1
222, 959, 1
222, 358, 1
420, 416, 1
723, 902, 1
959, 956, 1
17, 959, 1
490, 959, 1
17, 358, 1
490, 358, 1
368, 1284, 1
150, 222, 1
150, 951, 1
17, 150, 1
490, 150, 1
959, 723, 1
986, 5, 1
150, 416, 1
959, 222, 1
959, 951, 1
358, 902, 1
17, 490, 1
490, 902, 1
420, 358, 1
17, 956, 1
420, 150, 1
986, 1367, 1
956, 902, 1
956, 420, 1
150, 420, 1
416, 152, 1
17, 152, 1
490, 152, 1
420, 956, 1
420, 152, 1
420, 490, 1
368, 1234, 1
420, 723, 1
222, 723, 1
956, 152, 1
222, 150, 1
723, 152, 1
951, 902, 1
956, 490, 1
986, 1234, 1
956, 723, 1
723, 626, -1
723, 0, -1
723, 1, -1
723, 986, -1
723, 5, -1
723, 368, -1
723, 1367, -1
723, 1284, -1
723, 1343, -1
358, 626, -1
358, 0, -1
358, 1, -1
358, 986, -1
358, 5, -1
358, 368, -1
358, 1367, -1
358, 1284, -1
358, 1343, -1
1234, 959, -1
1234, 956, -1
1234, 17, -1
1234, 150, -1
1234, 222, -1
1234, 420, -1
1234, 490, -1
1234, 723, -1
1234, 358, -1
1234, 626, -1
1234, 0, -1
1234, 1, -1
1234, 1343, -1
416, 626, -1
416, 0, -1
416, 1, -1
416, 986, -1
416, 5, -1
416, 368, -1
416, 1367, -1
416, 1284, -1
416, 1234, -1
416, 1343, -1
951, 626, -1
951, 0, -1
951, 1, -1
951, 986, -1
951, 5, -1
951, 368, -1
951, 1367, -1
951, 1284, -1
951, 1234, -1
951, 1343, -1
902, 626, -1
902, 0, -1
902, 1, -1
902, 986, -1
902, 5, -1
902, 368, -1
902, 1367, -1
902, 1284, -1
902, 1234, -1
902, 1343, -1
152, 626, -1
152, 0, -1
152, 1, -1
152, 986, -1
152, 5, -1
152, 368, -1
152, 1367, -1
152, 1284, -1
152, 1234, -1
152, 1343, -1
959, 1367, -1
626, 358, -1
368, 17, -1
0, 222, -1
1, 150, -1
986, 420, -1
1284, 150, -1
0, 5, -1
626, 150, -1
368, 956, -1
222, 5, -1
1367, 959, -1
956, 1343, -1
1234, 951, -1
1367, 1343, -1
1, 152, -1
17, 5, -1
490, 5, -1
0, 956, -1
1284, 152, -1
626, 152, -1
1, 490, -1
959, 1234, -1
986, 150, -1
368, 723, -1
1, 17, -1
5, 222, -1
5, 951, -1
1284, 902, -1
420, 1343, -1
626, 490, -1
0, 1367, -1
222, 1367, -1
368, 222, -1
1, 956, -1
368, 951, -1
626, 956, -1
1284, 959, -1
17, 1367, -1
490, 1367, -1
1, 986, -1
0, 951, -1
986, 902, -1
1284, 1343, -1
0, 368, -1
420, 5, -1
1, 723, -1
368, 416, -1
959, 1284, -1
626, 723, -1
1, 222, -1
150, 1343, -1
1, 951, -1
986, 959, -1
986, 358, -1
17, 368, -1
490, 368, -1
0, 416, -1
626, 222, -1
1, 5, -1
17, 1234, -1
490, 1234, -1
986, 1343, -1
626, 951, -1
420, 1367, -1
986, 723, -1
1343, 222, -1
959, 986, -1
959, 1343, -1
956, 5, -1
17, 626, -1
490, 626, -1
150, 5, -1
0, 1284, -1
986, 152, -1
1, 1367, -1
0, 902, -1
0, 420, -1
986, 490, -1
17, 1284, -1
490, 1284, -1
5, 626, -1
420, 368, -1
626, 1367, -1
1234, 902, -1
368, 626, -1
986, 956, -1
956, 1367, -1
0, 959, -1
0, 358, -1
150, 1367, -1
1284, 222, -1
1284, 951, -1
222, 1343, -1
0, 150, -1
5, 902, -1
17, 1343, -1
490, 1343, -1
1367, 951, -1
956, 368, -1
368, 902, -1
368, 420, -1
420, 1284, -1
0, 152, -1
986, 222, -1
5, 959, -1
5, 358, -1
986, 951, -1
1284, 626, -1
0, 490, -1
1343, 358, -1
5, 1343, -1
368, 1, -1
368, 959, -1
0, 17, -1
5, 150, -1
368, 358, -1
1234, 152, -1
1, 1284, -1
368, 1343, -1
1343, 150, -1
959, 5, -1
368, 150, -1
1, 902, -1
1, 420, -1
986, 626, -1
0, 986, -1
956, 1284, -1
626, 902, -1
626, 420, -1
150, 1284, -1
368, 152, -1
0, 723, -1
1, 959, -1
1, 358, -1
959, 626, -1
17, 986, -1
490, 986, -1
1343, 902, -1
1284, 358, -1
368, 490, -1
626, 959, -1
986, 17, -1
5, 416, -1
1343, 959, -1
626, 5, -1
0, 1234, -1
956, 626, -1
1343, 951, -1
5, 152, -1
1284, 416, -1
1284, 420, -1
150, 626, -1
222, 626, -1
420, 626, -1
986, 416, -1
1234, 416, -1
1, 1234, -1
1284, 956, -1
626, 1284, -1
1, 416, -1
626, 416, -1

263, 959, 1
263, 956, 1
263, 17, 1
263, 150, 1
263, 222, 1
263, 420, 1
263, 490, 1
263, 723, 1
263, 358, 1
263, 416, 1
263, 951, 1
263, 902, 1
263, 152, 1
714, 959, 1
714, 956, 1
714, 17, 1
714, 150, 1
714, 222, 1
714, 420, 1
714, 490, 1
714, 723, 1
714, 358, 1
714, 416, 1
714, 951, 1
714, 902, 1
714, 152, 1
714, 263, 1
1037, 986, 1
1037, 5, 1
1037, 368, 1
1037, 1367, 1
1037, 1284, 1
1037, 1234, 1
1003, 959, 1
1003, 956, 1
1003, 17, 1
1003, 150, 1
1003, 222, 1
1003, 420, 1
1003, 490, 1
1003, 723, 1
1003, 358, 1
1003, 416, 1
1003, 951, 1
1003, 902, 1
1003, 152, 1
1003, 263, 1
1003, 714, 1
273, 986, 1
273, 5, 1
273, 368, 1
273, 1367, 1
273, 1284, 1
273, 1234, 1
273, 1037, 1
152, 902, 1
951, 490, 1
152, 17, 1
17, 714, 1
490, 714, 1
17, 723, 1
490, 723, 1
368, 273, 1
416, 902, 1
956, 959, 1
956, 358, 1
150, 358, 1
420, 902, 1
951, 956, 1
959, 1003, 1
17, 222, 1
152, 959, 1
986, 1234, 1
956, 150, 1
959, 420, 1
368, 986, 1
1284, 1037, 1
1234, 5, 1
416, 959, 1
416, 358, 1
723, 222, 1
420, 959, 1
714, 1003, 1
723, 951, 1
152, 714, 1
152, 723, 1
222, 263, 1
416, 714, 1
490, 956, 1
416, 723, 1
902, 263, 1
951, 222, 1
959, 150, 1
17, 263, 1
490, 263, 1
420, 723, 1
986, 1037, 1
986, 1284, 1
150, 902, 1
368, 5, 1
1234, 1367, 1
152, 490, 1
723, 263, 1
222, 951, 1
416, 490, 1
416, 17, 1
150, 959, 1
152, 956, 1
902, 951, 1
5, 1367, 1
490, 222, 1
358, 951, 1
17, 951, 1
490, 951, 1
959, 902, 1
152, 263, 1
951, 263, 1
416, 956, 1
368, 1367, 1
956, 723, 1
150, 723, 1
723, 420, 1
1284, 5, 1
956, 222, 1
959, 358, 1
956, 951, 1
951, 1003, 1
152, 222, 1
358, 263, 1
951, 420, 1
723, 358, 1
152, 951, 1
959, 714, 1
416, 222, 1
416, 951, 1
368, 1234, 1
723, 150, 1
420, 222, 1
420, 951, 1
1234, 1037, 1
222, 902, 1
1234, 1284, 1
1284, 1367, 1
152, 416, 1
956, 263, 1
17, 1003, 1
490, 1003, 1
17, 902, 1
17, 420, 1
951, 150, 1
490, 420, 1
959, 490, 1
5, 1037, 1
222, 959, 1
222, 358, 1
5, 1284, 1
416, 263, 1
723, 902, 1
902, 959, 1
368, 1037, 1
959, 956, 1
420, 263, 1
17, 959, 1
17, 358, 1
490, 358, 1
490, 959, 1
368, 1284, 1
150, 222, 1
152, 1003, 1
150, 951, 1
17, 150, 1
490, 150, 1
152, 420, 1
951, 902, 1
723, 959, 1
951, 17, 1
416, 1003, 1
959, 723, 1
416, 420, 1
986, 5, 1
152, 358, 1
959, 222, 1
951, 959, 1
951, 358, 1
959, 951, 1
150, 263, 1
358, 902, 1
17, 490, 1
152, 150, 1
490, 902, 1
420, 358, 1
951, 714, 1
951, 723, 1
416, 150, 1
17, 956, 1
420, 150, 1
986, 1367, 1
358, 959, 1
956, 902, 1
956, 420, 1
959, 263, 1
222, 723, 1
723, 956, 1
416, 152, 1
420, 152, 1
902, 723, 1
420, 1003, 1
222, 1003, 1
956, 416, 1
358, 723, 1
902, 222, 1
902, 1003, 1
420, 490, 1
986, 273, 1
358, 1003, 1
358, 222, 1
902, 420, 1
358, 420, 1
358, 490, 1
959, 17, 1
490, 17, 1
420, 956, 1
723, 1003, 1
222, 416, 1
1234, 273, 1
902, 416, 1
902, 956, 1
902, 358, 1
222, 150, 1
17, 416, 1
956, 1003, 1
358, 956, 1
490, 416, 1
150, 1003, 1
1234, 986, 1
902, 150, 1
723, 416, 1
358, 150, 1
150, 956, 1
17, 152, 1
490, 152, 1
420, 416, 1
263, 1003, 1
956, 490, 1
150, 420, 1
956, 152, 1
723, 152, 1
263, 626, -1
263, 0, -1
263, 1, -1
263, 986, -1
263, 5, -1
263, 368, -1
263, 1367, -1
263, 1284, -1
263, 1234, -1
263, 1343, -1
714, 626, -1
714, 0, -1
714, 1, -1
714, 986, -1
714, 5, -1
714, 368, -1
714, 1367, -1
714, 1284, -1
714, 1234, -1
714, 1343, -1
1037, 959, -1
1037, 956, -1
1037, 17, -1
1037, 150, -1
1037, 222, -1
1037, 420, -1
1037, 490, -1
1037, 723, -1
1037, 358, -1
1037, 416, -1
1037, 951, -1
1037, 902, -1
1037, 152, -1
1037, 263, -1
1037, 714, -1
1037, 626, -1
1037, 0, -1
1037, 1, -1
1037, 1343, -1
1003, 626, -1
1003, 0, -1
1003, 1, -1
1003, 986, -1
1003, 5, -1
1003, 368, -1
1003, 1367, -1
1003, 1284, -1
1003, 1234, -1
1003, 1037, -1
1003, 1343, -1
273, 959, -1
273, 956, -1
273, 17, -1
273, 150, -1
273, 222, -1
273, 420, -1
273, 490, -1
273, 723, -1
273, 358, -1
273, 416, -1
273, 951, -1
273, 902, -1
273, 152, -1
273, 263, -1
273, 714, -1
273, 1003, -1
273, 626, -1
273, 0, -1
273, 1, -1
273, 1343, -1
959, 1367, -1
626, 358, -1
368, 17, -1
0, 222, -1
1, 150, -1
986, 1003, -1
5, 956, -1
5, 1, -1
986, 420, -1
1, 714, -1
152, 273, -1
1284, 150, -1
0, 5, -1
626, 150, -1
723, 1367, -1
368, 956, -1
1367, 959, -1
416, 273, -1
956, 1343, -1
1234, 222, -1
152, 1, -1
1234, 951, -1
1367, 1343, -1
17, 5, -1
490, 5, -1
416, 1, -1
152, 986, -1
5, 723, -1
0, 956, -1
1, 490, -1
959, 1234, -1
416, 986, -1
0, 263, -1
986, 150, -1
368, 723, -1
1, 17, -1
5, 222, -1
416, 1343, -1
5, 951, -1
723, 5, -1
420, 1343, -1
1284, 902, -1
626, 490, -1
1, 273, -1
1284, 17, -1
0, 1367, -1
222, 1367, -1
368, 222, -1
1, 956, -1
368, 951, -1
1234, 626, -1
1234, 263, -1
902, 1367, -1
626, 956, -1
152, 5, -1
951, 5, -1
1284, 1, -1
17, 1367, -1
490, 1367, -1
1284, 959, -1
1, 986, -1
723, 626, -1
0, 951, -1
959, 1037, -1
986, 902, -1
1284, 1343, -1
959, 1284, -1
420, 5, -1
1, 723, -1
368, 416, -1
5, 263, -1
0, 368, -1
1234, 1003, -1
0, 1234, -1
626, 723, -1
1234, 420, -1
368, 263, -1
951, 626, -1
1, 222, -1
150, 1343, -1
1, 951, -1
714, 1037, -1
986, 1, -1
986, 959, -1
986, 358, -1
0, 416, -1
152, 1367, -1
626, 222, -1
951, 1367, -1
1, 5, -1
17, 1234, -1
626, 951, -1
986, 1343, -1
5, 1003, -1
490, 1234, -1
222, 626, -1
626, 5, -1
986, 714, -1
420, 1367, -1
986, 723, -1
368, 1003, -1
1343, 222, -1
959, 986, -1
902, 626, -1
714, 273, -1
959, 1343, -1
956, 5, -1
1234, 150, -1
0, 1037, -1
17, 626, -1
490, 626, -1
0, 1284, -1
1284, 956, -1
1, 263, -1
152, 368, -1
358, 1367, -1
0, 1003, -1
1284, 263, -1
1, 1367, -1
152, 1234, -1
0, 902, -1
951, 1234, -1
17, 1037, -1
0, 420, -1
626, 263, -1
416, 5, -1
416, 368, -1
986, 490, -1
17, 1284, -1
490, 1284, -1
986, 17, -1
626, 1367, -1
1367, 263, -1
1, 1003, -1
723, 1037, -1
1234, 902, -1
368, 626, -1
956, 1367, -1
986, 956, -1
152, 626, -1
0, 959, -1
723, 1284, -1
0, 358, -1
150, 1367, -1
626, 1003, -1
1284, 222, -1
416, 626, -1
1284, 951, -1
222, 1343, -1
0, 150, -1
420, 626, -1
951, 1037, -1
1, 1234, -1
1234, 1, -1
1234, 959, -1
1234, 358, -1
416, 1367, -1
5, 902, -1
951, 1284, -1
152, 1284, -1
5, 420, -1
902, 1343, -1
1037, 1003, -1
17, 1343, -1
490, 1343, -1
1234, 1343, -1
1367, 951, -1
368, 902, -1
358, 626, -1
368, 420, -1
420, 1284, -1
0, 152, -1
1234, 714, -1
986, 222, -1
1234, 723, -1
5, 959, -1
5, 358, -1
986, 951, -1
723, 1343, -1
0, 490, -1
1343, 358, -1
5, 1343, -1
490, 1037, -1
368, 1, -1
368, 959, -1
0, 17, -1
5, 150, -1
368, 358, -1
956, 626, -1
416, 1234, -1
1, 1284, -1
0, 273, -1
1343, 150, -1
368, 1343, -1
951, 986, -1
152, 1343, -1
150, 626, -1
951, 1343, -1
959, 5, -1
368, 150, -1
626, 1037, -1
1234, 490, -1
626, 1284, -1
1234, 17, -1
1, 902, -1
368, 714, -1
1, 420, -1
956, 1037, -1
986, 626, -1
17, 273, -1
986, 263, -1
0, 986, -1
956, 1284, -1
1284, 420, -1
626, 902, -1
626, 420, -1
1234, 956, -1
152, 1037, -1
368, 152, -1
0, 714, -1
0, 723, -1
959, 626, -1
1, 959, -1
1, 358, -1
5, 17, -1
17, 986, -1
416, 1037, -1
358, 1343, -1
1343, 902, -1
490, 986, -1
416, 1284, -1
1284, 358, -1
368, 490, -1
420, 1037, -1
626, 959, -1
986, 152, -1
5, 416, -1
956, 273, -1
902, 1037, -1
951, 273, -1
150, 273, -1
1284, 626, -1
902, 1284, -1
358, 1037, -1
1343, 959, -1
222, 5, -1
5, 626, -1
358, 1284, -1
420, 368, -1
1234, 152, -1
1, 1037, -1
1343, 263, -1
222, 273, -1
263, 1037, -1
902, 5, -1
1, 152, -1
420, 273, -1
1003, 273, -1
986, 416, -1
358, 5, -1
17, 368, -1
490, 368, -1
1284, 152, -1
626, 152, -1
902, 273, -1
1284, 1003, -1
959, 273, -1
5, 152, -1
490, 273, -1
358, 273, -1
723, 368, -1
1234, 416, -1
723, 273, -1
1343, 951, -1
956, 368, -1
222, 1037, -1
1284, 416, -1
150, 1284, -1
1, 416, -1
1284, 723, -1
626, 416, -1
150, 5, -1
150, 1037, -1

769, 986, 1
769, 5, 1
769, 368, 1
769, 1367, 1
769, 1284, 1
769, 1234, 1
769, 1037, 1
769, 273, 1
763, 986, 1
763, 5, 1
763, 368, 1
763, 1367, 1
763, 1284, 1
763, 1234, 1
763, 1037, 1
763, 273, 1
763, 769, 1
1351, 1343, 1
900, 959, 1
900, 956, 1
900, 17, 1
900, 150, 1
900, 222, 1
900, 420, 1
900, 490, 1
900, 723, 1
900, 358, 1
900, 416, 1
900, 951, 1
900, 902, 1
900, 152, 1
900, 263, 1
900, 714, 1
900, 1003, 1
152, 902, 1
152, 17, 1
17, 714, 1
1037, 273, 1
17, 723, 1
490, 723, 1
368, 273, 1
416, 902, 1
956, 959, 1
956, 358, 1
714, 263, 1
150, 358, 1
420, 902, 1
1003, 902, 1
17, 222, 1
152, 959, 1
986, 1234, 1
956, 150, 1
368, 986, 1
1284, 1037, 1
1234, 5, 1
273, 986, 1
416, 959, 1
416, 358, 1
723, 222, 1
420, 959, 1
714, 1003, 1
723, 951, 1
152, 714, 1
222, 263, 1
152, 723, 1
714, 420, 1
986, 763, 1
416, 714, 1
490, 956, 1
416, 723, 1
902, 263, 1
1284, 273, 1
17, 263, 1
420, 723, 1
490, 263, 1
986, 1037, 1
1003, 723, 1
986, 1284, 1
368, 5, 1
150, 902, 1
714, 358, 1
273, 5, 1
1234, 1367, 1
152, 490, 1
723, 263, 1
714, 150, 1
222, 951, 1
416, 490, 1
416, 17, 1
150, 959, 1
986, 273, 1
152, 956, 1
902, 951, 1
5, 1367, 1
490, 222, 1
358, 951, 1
17, 951, 1
490, 951, 1
152, 263, 1
951, 263, 1
416, 956, 1
1037, 1367, 1
368, 1367, 1
420, 956, 1
956, 723, 1
273, 1367, 1
1284, 5, 1
1003, 263, 1
714, 902, 1
956, 222, 1
956, 951, 1
152, 222, 1
358, 263, 1
152, 951, 1
723, 358, 1
1234, 763, 1
714, 959, 1
416, 222, 1
416, 951, 1
368, 1234, 1
723, 150, 1
420, 222, 1
1003, 222, 1
1234, 1037, 1
273, 1234, 1
222, 902, 1
420, 951, 1
1003, 951, 1
1234, 1284, 1
1284, 1367, 1
152, 416, 1
956, 263, 1
17, 1003, 1
490, 1003, 1
714, 723, 1
17, 902, 1
17, 420, 1
490, 420, 1
5, 1037, 1
368, 763, 1
222, 959, 1
222, 358, 1
1234, 273, 1
273, 763, 1
416, 263, 1
723, 902, 1
902, 959, 1
368, 1037, 1
420, 263, 1
956, 1003, 1
368, 1284, 1
273, 1037, 1
17, 959, 1
490, 959, 1
17, 358, 1
490, 358, 1
714, 490, 1
273, 1284, 1
150, 222, 1
152, 1003, 1
150, 951, 1
17, 150, 1
490, 150, 1
152, 420, 1
723, 959, 1
714, 956, 1
416, 1003, 1
416, 420, 1
420, 1003, 1
986, 5, 1
152, 358, 1
959, 951, 1
769, 763, 1
150, 263, 1
358, 902, 1
17, 490, 1
152, 150, 1
490, 902, 1
368, 769, 1
420, 358, 1
1003, 959, 1
1003, 358, 1
714, 222, 1
416, 150, 1
714, 951, 1
17, 956, 1
420, 150, 1
1003, 150, 1
986, 1367, 1
358, 959, 1
956, 902, 1
959, 263, 1
5, 273, 1
1234, 769, 1
902, 900, 1
416, 152, 1
951, 17, 1
420, 152, 1
902, 723, 1
951, 490, 1
17, 900, 1
490, 900, 1
490, 714, 1
1003, 152, 1
358, 900, 1
222, 1003, 1
956, 416, 1
358, 723, 1
723, 416, 1
263, 150, 1
902, 222, 1
1003, 420, 1
951, 956, 1
1284, 769, 1
951, 959, 1
902, 1003, 1
951, 902, 1
951, 358, 1
358, 1003, 1
723, 900, 1
5, 769, 1
358, 222, 1
714, 900, 1
902, 420, 1
951, 150, 1
358, 420, 1
1037, 763, 1
358, 490, 1
956, 900, 1
1037, 769, 1
723, 1003, 1
222, 416, 1
273, 769, 1
1003, 956, 1
263, 222, 1
951, 714, 1
951, 723, 1
152, 900, 1
723, 420, 1
951, 900, 1
902, 416, 1
902, 956, 1
263, 951, 1
263, 902, 1
902, 358, 1
1037, 1284, 1
17, 416, 1
222, 150, 1
358, 956, 1
986, 769, 1
490, 416, 1
416, 900, 1
150, 1003, 1
951, 222, 1
1234, 986, 1
902, 150, 1
956, 420, 1
951, 1003, 1
1003, 900, 1
1037, 5, 1
263, 959, 1
951, 420, 1
723, 956, 1
358, 150, 1
263, 358, 1
714, 416, 1
959, 714, 1
959, 900, 1
959, 723, 1
150, 956, 1
17, 152, 1
490, 152, 1
959, 1003, 1
959, 222, 1
420, 490, 1
5, 763, 1
959, 420, 1
959, 902, 1
959, 490, 1
723, 152, 1
714, 152, 1
959, 17, 1
490, 17, 1
420, 416, 1
5, 1284, 1
263, 1003, 1
1003, 416, 1
150, 723, 1
150, 900, 1
956, 152, 1
959, 956, 1
959, 358, 1
714, 17, 1
959, 150, 1
222, 723, 1
420, 900, 1
150, 420, 1
956, 17, 1
420, 17, 1
769, 959, -1
769, 956, -1
769, 17, -1
769, 150, -1
769, 222, -1
769, 420, -1
769, 490, -1
769, 723, -1
769, 358, -1
769, 416, -1
769, 951, -1
769, 902, -1
769, 152, -1
769, 263, -1
769, 714, -1
769, 1003, -1
769, 626, -1
769, 0, -1
769, 1, -1
769, 1343, -1
763, 959, -1
763, 956, -1
763, 17, -1
763, 150, -1
763, 222, -1
763, 420, -1
763, 490, -1
763, 723, -1
763, 358, -1
763, 416, -1
763, 951, -1
763, 902, -1
763, 152, -1
763, 263, -1
763, 714, -1
763, 1003, -1
763, 626, -1
763, 0, -1
763, 1, -1
763, 1343, -1
1351, 959, -1
1351, 956, -1
1351, 17, -1
1351, 150, -1
1351, 222, -1
1351, 420, -1
1351, 490, -1
1351, 723, -1
1351, 358, -1
1351, 416, -1
1351, 951, -1
1351, 902, -1
1351, 152, -1
1351, 263, -1
1351, 714, -1
1351, 1003, -1
1351, 626, -1
1351, 0, -1
1351, 1, -1
1351, 986, -1
1351, 5, -1
1351, 368, -1
1351, 1367, -1
1351, 1284, -1
1351, 1234, -1
1351, 1037, -1
1351, 273, -1
1351, 769, -1
1351, 763, -1
900, 626, -1
900, 0, -1
900, 1, -1
900, 986, -1
900, 5, -1
900, 368, -1
900, 1367, -1
900, 1284, -1
900, 1234, -1
900, 1037, -1
900, 273, -1
900, 769, -1
900, 763, -1
900, 1343, -1
900, 1351, -1
959, 1367, -1
986, 1003, -1
1003, 1037, -1
1, 769, -1
626, 1343, -1
152, 273, -1
0, 5, -1
1234, 1351, -1
1367, 959, -1
1037, 1, -1
956, 1343, -1
1234, 951, -1
273, 1, -1
1, 490, -1
416, 1343, -1
5, 222, -1
1284, 902, -1
1284, 17, -1
1234, 263, -1
902, 1367, -1
626, 956, -1
222, 1351, -1
723, 763, -1
0, 368, -1
1, 723, -1
17, 1351, -1
1234, 420, -1
714, 1037, -1
951, 1367, -1
17, 1234, -1
626, 951, -1
986, 1343, -1
5, 1003, -1
0, 763, -1
986, 714, -1
420, 1367, -1
986, 723, -1
959, 1343, -1
1234, 150, -1
0, 1037, -1
0, 1284, -1
416, 1351, -1
1234, 900, -1
1284, 263, -1
626, 263, -1
0, 902, -1
986, 17, -1
986, 956, -1
152, 626, -1
0, 358, -1
150, 1367, -1
1284, 222, -1
1, 1234, -1
1234, 1, -1
902, 1343, -1
368, 902, -1
986, 1351, -1
273, 902, -1
986, 951, -1
5, 1343, -1
1037, 358, -1
959, 1351, -1
368, 358, -1
273, 358, -1
1343, 150, -1
951, 1343, -1
1234, 490, -1
263, 1351, -1
1, 420, -1
1284, 1003, -1
986, 263, -1
0, 986, -1
5, 17, -1
1, 959, -1
420, 1037, -1
0, 222, -1
1, 150, -1
763, 900, -1
986, 420, -1
714, 626, -1
723, 1367, -1
1037, 959, -1
17, 5, -1
416, 1, -1
986, 150, -1
5, 951, -1
723, 5, -1
626, 490, -1
416, 769, -1
0, 1367, -1
951, 1351, -1
368, 222, -1
986, 900, -1
273, 222, -1
1343, 5, -1
1284, 1343, -1
5, 263, -1
490, 1351, -1
1284, 723, -1
626, 723, -1
986, 1, -1
1, 5, -1
368, 1003, -1
152, 1351, -1
17, 763, -1
1003, 1351, -1
152, 1234, -1
416, 368, -1
17, 1037, -1
714, 1343, -1
986, 490, -1
17, 1284, -1
723, 1037, -1
723, 1284, -1
1284, 1351, -1
0, 1343, -1
1284, 951, -1
956, 1351, -1
1234, 959, -1
0, 152, -1
1343, 358, -1
0, 17, -1
763, 1351, -1
1, 1037, -1
1, 1284, -1
416, 1234, -1
1037, 1343, -1
0, 273, -1
368, 1343, -1
273, 1343, -1
714, 1351, -1
368, 714, -1
1, 902, -1
626, 420, -1
368, 152, -1
1, 358, -1
17, 986, -1
1037, 902, -1
1037, 17, -1
626, 959, -1
368, 17, -1
273, 17, -1
1284, 150, -1
626, 150, -1
368, 956, -1
273, 956, -1
152, 1, -1
1367, 1343, -1
5, 723, -1
490, 5, -1
416, 986, -1
152, 769, -1
0, 263, -1
420, 1343, -1
368, 1351, -1
222, 1367, -1
368, 951, -1
152, 5, -1
1284, 1, -1
17, 1367, -1
1, 986, -1
902, 1351, -1
368, 416, -1
1003, 5, -1
1037, 263, -1
368, 263, -1
1, 222, -1
150, 1343, -1
273, 263, -1
986, 959, -1
1343, 1367, -1
5, 1351, -1
626, 5, -1
1037, 222, -1
956, 5, -1
490, 763, -1
152, 368, -1
358, 1367, -1
420, 1351, -1
0, 1003, -1
1, 1367, -1
416, 5, -1
490, 1284, -1
1367, 263, -1
1, 1003, -1
368, 626, -1
1234, 902, -1
273, 626, -1
152, 763, -1
368, 900, -1
273, 900, -1
769, 1351, -1
222, 1343, -1
714, 5, -1
1234, 358, -1
152, 1284, -1
150, 1351, -1
1003, 763, -1
1037, 1003, -1
17, 1343, -1
273, 1003, -1
1003, 1284, -1
5, 959, -1
723, 1343, -1
0, 490, -1
368, 1, -1
263, 1367, -1
626, 763, -1
5, 150, -1
956, 763, -1
626, 1037, -1
626, 1284, -1
956, 1037, -1
17, 273, -1
956, 1284, -1
1343, 1037, -1
626, 902, -1
416, 763, -1
0, 714, -1
0, 723, -1
1367, 1003, -1
416, 1037, -1
358, 1343, -1
1343, 902, -1
416, 1284, -1
1284, 358, -1
368, 490, -1
1, 1343, -1
626, 358, -1
273, 490, -1
5, 1, -1
1, 714, -1
714, 763, -1
416, 273, -1
1234, 222, -1
152, 986, -1
714, 1284, -1
723, 1351, -1
0, 956, -1
769, 900, -1
1037, 723, -1
368, 723, -1
1, 17, -1
273, 714, -1
273, 723, -1
1, 273, -1
1, 956, -1
1234, 626, -1
714, 1234, -1
1284, 959, -1
490, 1367, -1
263, 1343, -1
0, 951, -1
986, 902, -1
420, 5, -1
358, 1351, -1
1234, 1003, -1
0, 1234, -1
1, 951, -1
986, 358, -1
0, 416, -1
152, 1367, -1
626, 222, -1
1037, 1351, -1
1343, 222, -1
1003, 1367, -1
273, 1351, -1
1037, 951, -1
17, 626, -1
273, 951, -1
1, 263, -1
714, 986, -1
0, 420, -1
626, 1367, -1
956, 1367, -1
0, 959, -1
626, 1003, -1
416, 626, -1
0, 150, -1
5, 902, -1
416, 1367, -1
420, 763, -1
1367, 1351, -1
1234, 1343, -1
490, 1343, -1
1367, 951, -1
368, 420, -1
420, 1284, -1
273, 420, -1
17, 769, -1
1234, 714, -1
986, 222, -1
1234, 723, -1
5, 358, -1
490, 1037, -1
368, 959, -1
714, 1367, -1
273, 959, -1
1037, 150, -1
152, 1343, -1
368, 150, -1
273, 150, -1
1234, 17, -1
986, 626, -1
1003, 1343, -1
1234, 956, -1
152, 1037, -1
0, 769, -1
358, 769, -1
490, 769, -1
263, 763, -1
222, 5, -1
626, 769, -1
1284, 900, -1
902, 5, -1
263, 1037, -1
1, 152, -1
420, 273, -1
1003, 273, -1
956, 769, -1
263, 1284, -1
1284, 152, -1
626, 152, -1
959, 1234, -1
358, 273, -1
723, 368, -1
1234, 416, -1
420, 769, -1
1003, 769, -1
959, 763, -1
951, 5, -1
0, 1351, -1
5, 416, -1
956, 273, -1
723, 626, -1
150, 273, -1
959, 1037, -1
959, 1284, -1
1037, 956, -1
273, 416, -1
1343, 263, -1
951, 626, -1
17, 368, -1
358, 5, -1
490, 368, -1
150, 769, -1
490, 1234, -1
222, 626, -1
222, 763, -1
0, 900, -1
714, 273, -1
1343, 951, -1
902, 626, -1
959, 986, -1
490, 626, -1
902, 763, -1
222, 1037, -1
1284, 956, -1
959, 769, -1
986, 152, -1
902, 1037, -1
902, 1284, -1
951, 1234, -1
1037, 416, -1
5, 626, -1
420, 368, -1
714, 769, -1
1003, 368, -1
1037, 626, -1
1, 1351, -1
626, 1351, -1
951, 763, -1
1037, 900, -1
959, 273, -1
263, 5, -1
420, 626, -1
1003, 626, -1
951, 1037, -1
951, 1284, -1
723, 273, -1
956, 368, -1
1037, 420, -1
358, 626, -1
902, 769, -1
1284, 416, -1
358, 763, -1
1, 763, -1
951, 273, -1
1284, 626, -1
1343, 959, -1
1, 900, -1
358, 1037, -1
723, 769, -1
358, 1284, -1
1234, 152, -1
956, 626, -1
626, 900, -1
222, 273, -1
150, 626, -1
951, 986, -1
959, 5, -1
986, 416, -1
150, 763, -1
902, 273, -1
951, 769, -1
5, 152, -1
490, 273, -1
1284, 420, -1
714, 368, -1
1037, 152, -1
222, 769, -1
273, 152, -1
490, 986, -1
5, 420, -1
5, 956, -1
150, 1284, -1
1, 416, -1
959, 626, -1
626, 273, -1
5, 900, -1
150, 5, -1
150, 1037, -1
626, 416, -1

313, 986, 1
313, 5, 1
313, 368, 1
313, 1367, 1
313, 1284, 1
313, 1234, 1
313, 1037, 1
313, 273, 1
313, 769, 1
313, 763, 1
343, 959, 1
343, 956, 1
343, 17, 1
343, 150, 1
343, 222, 1
343, 420, 1
343, 490, 1
343, 723, 1
343, 358, 1
343, 416, 1
343, 951, 1
343, 902, 1
343, 152, 1
343, 263, 1
343, 714, 1
343, 1003, 1
343, 900, 1
576, 959, 1
576, 956, 1
576, 17, 1
576, 150, 1
576, 222, 1
576, 420, 1
576, 490, 1
576, 723, 1
576, 358, 1
576, 416, 1
576, 951, 1
576, 902, 1
576, 152, 1
576, 263, 1
576, 714, 1
576, 1003, 1
576, 900, 1
576, 343, 1
646, 626, 1
646, 0, 1
646, 1, 1
152, 902, 1
951, 490, 1
420, 152, 1
152, 17, 1
900, 222, 1
17, 714, 1
1037, 273, 1
900, 951, 1
17, 723, 1
490, 723, 1
368, 273, 1
416, 902, 1
714, 263, 1
956, 358, 1
956, 959, 1
763, 1284, 1
150, 358, 1
420, 902, 1
951, 956, 1
959, 1003, 1
1003, 902, 1
17, 222, 1
152, 959, 1
986, 1234, 1
956, 150, 1
959, 420, 1
900, 343, 1
222, 343, 1
368, 986, 1
1284, 1037, 1
1234, 5, 1
416, 959, 1
416, 358, 1
1037, 769, 1
723, 222, 1
420, 959, 1
714, 1003, 1
723, 951, 1
902, 343, 1
152, 714, 1
900, 263, 1
263, 902, 1
152, 723, 1
17, 343, 1
714, 420, 1
222, 263, 1
956, 152, 1
17, 416, 1
986, 763, 1
416, 714, 1
490, 956, 1
416, 723, 1
902, 263, 1
1284, 273, 1
951, 222, 1
959, 150, 1
17, 263, 1
490, 263, 1
723, 343, 1
986, 1037, 1
1003, 723, 1
723, 416, 1
986, 1284, 1
368, 5, 1
150, 902, 1
263, 358, 1
714, 358, 1
416, 152, 1
1234, 1367, 1
152, 490, 1
959, 900, 1
723, 263, 1
263, 150, 1
714, 150, 1
222, 951, 1
951, 343, 1
763, 1037, 1
416, 490, 1
416, 17, 1
1284, 769, 1
150, 959, 1
986, 273, 1
152, 956, 1
902, 951, 1
5, 1367, 1
490, 222, 1
714, 900, 1
358, 951, 1
17, 951, 1
490, 951, 1
959, 902, 1
152, 263, 1
951, 263, 1
416, 956, 1
1037, 1367, 1
368, 1367, 1
222, 416, 1
1003, 956, 1
273, 1367, 1
723, 420, 1
0, 626, 1
1284, 5, 1
358, 343, 1
1003, 263, 1
714, 902, 1
490, 343, 1
956, 222, 1
959, 358, 1
986, 769, 1
358, 416, 1
956, 951, 1
490, 416, 1
951, 1003, 1
152, 222, 1
358, 263, 1
951, 420, 1
723, 358, 1
152, 951, 1
1234, 763, 1
959, 714, 1
714, 959, 1
416, 222, 1
956, 343, 1
17, 900, 1
490, 900, 1
416, 951, 1
368, 1234, 1
723, 150, 1
420, 222, 1
956, 416, 1
1003, 222, 1
1234, 1037, 1
900, 902, 1
222, 902, 1
420, 951, 1
1003, 951, 1
1234, 1284, 1
152, 343, 1
1284, 1367, 1
152, 416, 1
956, 263, 1
723, 900, 1
17, 1003, 1
490, 1003, 1
714, 723, 1
416, 343, 1
769, 1367, 1
17, 902, 1
763, 5, 1
17, 420, 1
951, 150, 1
959, 490, 1
490, 420, 1
420, 343, 1
723, 152, 1
900, 959, 1
5, 1037, 1
368, 763, 1
222, 358, 1
900, 358, 1
222, 959, 1
420, 416, 1
1003, 343, 1
1234, 273, 1
273, 763, 1
416, 263, 1
152, 900, 1
951, 900, 1
723, 902, 1
902, 959, 1
368, 1037, 1
900, 150, 1
959, 956, 1
420, 263, 1
368, 1284, 1
17, 959, 1
17, 358, 1
490, 358, 1
714, 490, 1
490, 959, 1
150, 222, 1
263, 343, 1
152, 1003, 1
1003, 900, 1
150, 951, 1
17, 150, 1
490, 150, 1
152, 420, 1
951, 902, 1
723, 959, 1
714, 956, 1
763, 1367, 1
1234, 769, 1
951, 17, 1
1, 626, 1
416, 1003, 1
959, 723, 1
416, 420, 1
986, 5, 1
150, 343, 1
1003, 420, 1
150, 416, 1
17, 152, 1
490, 152, 1
152, 358, 1
959, 222, 1
951, 959, 1
951, 358, 1
959, 951, 1
5, 769, 1
769, 763, 1
150, 263, 1
358, 902, 1
17, 490, 1
152, 150, 1
490, 902, 1
956, 900, 1
368, 769, 1
420, 358, 1
0, 1, 1
1003, 959, 1
1003, 358, 1
273, 769, 1
263, 222, 1
714, 222, 1
951, 714, 1
951, 723, 1
416, 150, 1
714, 951, 1
959, 343, 1
17, 956, 1
420, 150, 1
1003, 150, 1
986, 1367, 1
358, 959, 1
416, 900, 1
956, 902, 1
956, 420, 1
959, 263, 1
420, 900, 1
714, 343, 1
5, 273, 1
723, 956, 1
769, 1234, 1
902, 723, 1
490, 714, 1
1003, 152, 1
902, 222, 1
986, 313, 1
420, 17, 1
900, 416, 1
273, 986, 1
358, 490, 1
769, 1037, 1
902, 416, 1
769, 1284, 1
358, 956, 1
420, 723, 1
1037, 5, 1
956, 17, 1
263, 959, 1
769, 273, 1
273, 5, 1
900, 1003, 1
358, 723, 1
17, 576, 1
490, 576, 1
769, 986, 1
420, 490, 1
358, 222, 1
1234, 313, 1
714, 152, 1
420, 956, 1
723, 1003, 1
5, 313, 1
152, 576, 1
1037, 313, 1
368, 313, 1
902, 900, 1
763, 769, 1
0, 646, 1
273, 313, 1
222, 1003, 1
273, 1234, 1
900, 420, 1
902, 1003, 1
358, 1003, 1
902, 420, 1
1037, 763, 1
959, 17, 1
1003, 416, 1
902, 358, 1
1037, 1284, 1
222, 150, 1
1284, 313, 1
956, 1003, 1
273, 1037, 1
900, 714, 1
273, 1284, 1
1234, 986, 1
902, 150, 1
769, 313, 1
769, 5, 1
900, 152, 1
416, 576, 1
358, 900, 1
420, 1003, 1
900, 490, 1
900, 17, 1
1, 646, 1
900, 956, 1
358, 420, 1
763, 313, 1
714, 576, 1
626, 646, 1
263, 951, 1
902, 956, 1
150, 1003, 1
900, 723, 1
358, 150, 1
714, 416, 1
150, 956, 1
490, 17, 1
714, 17, 1
956, 723, 1
5, 1284, 1
263, 1003, 1
5, 763, 1
763, 273, 1
150, 723, 1
150, 900, 1
956, 490, 1
222, 723, 1
150, 420, 1
1367, 313, 1
313, 959, -1
313, 956, -1
313, 17, -1
313, 150, -1
313, 222, -1
313, 420, -1
313, 490, -1
313, 723, -1
313, 358, -1
313, 416, -1
313, 951, -1
313, 902, -1
313, 152, -1
313, 263, -1
313, 714, -1
313, 1003, -1
313, 900, -1
313, 626, -1
313, 0, -1
313, 1, -1
313, 1343, -1
313, 1351, -1
343, 626, -1
343, 0, -1
343, 1, -1
343, 986, -1
343, 5, -1
343, 368, -1
343, 1367, -1
343, 1284, -1
343, 1234, -1
343, 1037, -1
343, 273, -1
343, 769, -1
343, 763, -1
343, 313, -1
343, 1343, -1
343, 1351, -1
576, 626, -1
576, 0, -1
576, 1, -1
576, 986, -1
576, 5, -1
576, 368, -1
576, 1367, -1
576, 1284, -1
576, 1234, -1
576, 1037, -1
576, 273, -1
576, 769, -1
576, 763, -1
576, 313, -1
576, 1343, -1
576, 1351, -1
646, 959, -1
646, 956, -1
646, 17, -1
646, 150, -1
646, 222, -1
646, 420, -1
646, 490, -1
646, 723, -1
646, 358, -1
646, 416, -1
646, 951, -1
646, 902, -1
646, 152, -1
646, 263, -1
646, 714, -1
646, 1003, -1
646, 900, -1
646, 343, -1
646, 576, -1
646, 986, -1
646, 5, -1
646, 368, -1
646, 1367, -1
646, 1284, -1
646, 1234, -1
646, 1037, -1
646, 273, -1
646, 769, -1
646, 763, -1
646, 313, -1
646, 1343, -1
646, 1351, -1
959, 1367, -1
986, 1003, -1
1003, 1037, -1
769, 358, -1
626, 1343, -1
152, 273, -1
0, 5, -1
1003, 646, -1
900, 5, -1
1234, 1351, -1
1367, 959, -1
1037, 1, -1
956, 1343, -1
1234, 951, -1
273, 1, -1
1, 490, -1
1284, 646, -1
416, 1343, -1
5, 222, -1
723, 368, -1
1284, 902, -1
1284, 17, -1
763, 1343, -1
1234, 263, -1
902, 1367, -1
626, 956, -1
5, 343, -1
222, 1351, -1
313, 343, -1
769, 959, -1
723, 763, -1
0, 368, -1
1, 723, -1
900, 368, -1
17, 1351, -1
763, 646, -1
1234, 420, -1
951, 626, -1
714, 1037, -1
763, 902, -1
763, 17, -1
951, 1367, -1
368, 0, -1
17, 1234, -1
714, 646, -1
986, 1343, -1
626, 951, -1
0, 763, -1
986, 714, -1
420, 1367, -1
986, 723, -1
313, 576, -1
959, 1343, -1
1234, 150, -1
0, 1037, -1
490, 626, -1
900, 1037, -1
0, 1284, -1
416, 1351, -1
900, 1284, -1
900, 646, -1
1234, 900, -1
1284, 263, -1
626, 263, -1
0, 902, -1
986, 17, -1
1, 1351, -1
986, 956, -1
152, 626, -1
0, 358, -1
150, 1367, -1
1284, 222, -1
1, 1234, -1
1234, 1, -1
902, 1343, -1
368, 646, -1
763, 263, -1
273, 646, -1
1284, 343, -1
368, 902, -1
986, 1351, -1
273, 902, -1
986, 951, -1
5, 1343, -1
1037, 358, -1
959, 1351, -1
368, 358, -1
273, 358, -1
763, 222, -1
626, 900, -1
1343, 150, -1
951, 1343, -1
1234, 490, -1
263, 1351, -1
1, 420, -1
986, 263, -1
0, 986, -1
763, 343, -1
17, 1, -1
5, 17, -1
1, 959, -1
420, 1037, -1
0, 222, -1
1, 150, -1
763, 900, -1
986, 420, -1
714, 626, -1
420, 646, -1
723, 1367, -1
1037, 959, -1
763, 1003, -1
0, 343, -1
17, 5, -1
416, 1, -1
986, 150, -1
5, 951, -1
723, 5, -1
626, 490, -1
416, 769, -1
0, 1367, -1
769, 646, -1
900, 1367, -1
951, 1351, -1
368, 222, -1
986, 900, -1
769, 902, -1
273, 222, -1
150, 646, -1
769, 17, -1
0, 576, -1
368, 343, -1
1284, 1343, -1
5, 263, -1
273, 343, -1
490, 1351, -1
576, 646, -1
626, 723, -1
986, 1, -1
17, 368, -1
1, 5, -1
368, 1003, -1
152, 1351, -1
368, 576, -1
17, 763, -1
152, 313, -1
1003, 1351, -1
763, 723, -1
152, 1234, -1
1367, 343, -1
416, 368, -1
17, 1037, -1
714, 1343, -1
986, 490, -1
17, 1284, -1
17, 646, -1
723, 1037, -1
723, 1284, -1
1284, 1351, -1
626, 1351, -1
723, 646, -1
0, 1343, -1
1284, 951, -1
900, 1343, -1
263, 5, -1
956, 1351, -1
769, 222, -1
1234, 959, -1
763, 956, -1
0, 152, -1
769, 343, -1
1, 763, -1
1343, 358, -1
416, 313, -1
0, 17, -1
763, 1351, -1
1, 1037, -1
769, 626, -1
1, 1284, -1
416, 1234, -1
1037, 1343, -1
0, 273, -1
358, 646, -1
763, 951, -1
368, 1343, -1
273, 1343, -1
714, 1351, -1
368, 714, -1
1, 902, -1
626, 420, -1
769, 1003, -1
368, 152, -1
1037, 646, -1
1, 358, -1
17, 986, -1
1037, 902, -1
1037, 17, -1
626, 959, -1
368, 17, -1
273, 17, -1
1284, 150, -1
626, 150, -1
368, 956, -1
273, 956, -1
152, 1, -1
1367, 1343, -1
263, 1037, -1
763, 420, -1
490, 5, -1
416, 986, -1
152, 769, -1
959, 1234, -1
0, 263, -1
420, 1343, -1
368, 1351, -1
222, 1367, -1
368, 951, -1
763, 150, -1
152, 5, -1
1284, 1, -1
17, 1367, -1
1, 986, -1
902, 1351, -1
368, 416, -1
1003, 5, -1
769, 1343, -1
1037, 263, -1
368, 263, -1
1, 222, -1
150, 1343, -1
273, 263, -1
769, 714, -1
986, 959, -1
490, 368, -1
769, 723, -1
5, 1351, -1
152, 0, -1
626, 5, -1
763, 1, -1
1, 343, -1
0, 900, -1
1037, 222, -1
959, 986, -1
956, 5, -1
490, 763, -1
152, 368, -1
358, 1367, -1
420, 1351, -1
0, 1003, -1
1, 1367, -1
769, 956, -1
951, 1234, -1
1037, 343, -1
416, 5, -1
490, 1284, -1
1003, 368, -1
1234, 646, -1
1367, 263, -1
1, 1003, -1
368, 626, -1
1234, 902, -1
273, 626, -1
152, 763, -1
368, 900, -1
273, 900, -1
769, 1351, -1
222, 1343, -1
714, 5, -1
1234, 358, -1
152, 1284, -1
769, 951, -1
150, 1351, -1
1003, 763, -1
416, 0, -1
17, 1343, -1
956, 368, -1
273, 1003, -1
1003, 1284, -1
5, 959, -1
723, 1343, -1
222, 646, -1
0, 490, -1
368, 1, -1
263, 1367, -1
626, 763, -1
5, 150, -1
769, 263, -1
951, 986, -1
626, 1037, -1
959, 5, -1
626, 1284, -1
956, 1037, -1
956, 1284, -1
626, 902, -1
714, 368, -1
416, 763, -1
956, 646, -1
0, 714, -1
769, 420, -1
0, 723, -1
416, 1037, -1
358, 1343, -1
1343, 902, -1
416, 1284, -1
1284, 358, -1
368, 490, -1
1, 1343, -1
626, 358, -1
273, 490, -1
416, 646, -1
5, 1, -1
1, 714, -1
714, 763, -1
416, 273, -1
1234, 222, -1
769, 150, -1
152, 986, -1
714, 1284, -1
723, 1351, -1
0, 956, -1
769, 900, -1
368, 723, -1
1, 17, -1
273, 714, -1
1234, 343, -1
273, 723, -1
763, 358, -1
1, 956, -1
1234, 626, -1
714, 1234, -1
959, 763, -1
951, 5, -1
0, 1351, -1
1284, 959, -1
490, 1367, -1
900, 1351, -1
986, 646, -1
263, 1343, -1
0, 951, -1
986, 902, -1
769, 1, -1
959, 1037, -1
959, 1284, -1
420, 5, -1
0, 313, -1
358, 1351, -1
1234, 1003, -1
959, 646, -1
0, 1234, -1
1, 951, -1
986, 358, -1
0, 416, -1
152, 1367, -1
626, 222, -1
263, 646, -1
1037, 1351, -1
763, 959, -1
1343, 222, -1
1003, 1367, -1
273, 1351, -1
1037, 951, -1
769, 490, -1
17, 626, -1
626, 343, -1
273, 951, -1
1, 263, -1
714, 986, -1
0, 420, -1
420, 368, -1
902, 646, -1
626, 1367, -1
956, 1367, -1
0, 959, -1
951, 763, -1
626, 1003, -1
416, 626, -1
5, 646, -1
0, 150, -1
951, 1037, -1
5, 902, -1
416, 1367, -1
951, 1284, -1
1367, 1351, -1
313, 646, -1
951, 646, -1
1234, 1343, -1
490, 1343, -1
1367, 951, -1
358, 626, -1
368, 420, -1
420, 1284, -1
273, 420, -1
1234, 714, -1
986, 222, -1
1234, 723, -1
5, 358, -1
1, 900, -1
490, 1037, -1
368, 959, -1
714, 1367, -1
273, 959, -1
986, 343, -1
490, 646, -1
1037, 150, -1
152, 1343, -1
368, 150, -1
273, 150, -1
1234, 17, -1
986, 626, -1
1003, 1343, -1
1234, 956, -1
152, 1037, -1
0, 769, -1
959, 626, -1
152, 646, -1
986, 576, -1
1, 769, -1
956, 1, -1
263, 763, -1
222, 5, -1
1284, 900, -1
902, 5, -1
1, 152, -1
420, 273, -1
1351, 343, -1
1003, 273, -1
263, 1284, -1
5, 723, -1
959, 313, -1
1284, 152, -1
626, 152, -1
420, 1, -1
1037, 723, -1
1003, 1, -1
1351, 263, -1
769, 152, -1
358, 273, -1
723, 313, -1
1234, 416, -1
1, 273, -1
626, 17, -1
626, 273, -1
5, 416, -1
956, 273, -1
723, 626, -1
150, 273, -1
1351, 951, -1
1037, 956, -1
900, 313, -1
763, 152, -1
222, 313, -1
273, 416, -1
150, 1, -1
1234, 576, -1
1284, 723, -1
1343, 263, -1
900, 1234, -1
902, 313, -1
358, 5, -1
17, 313, -1
490, 313, -1
490, 1234, -1
5, 1003, -1
900, 626, -1
222, 626, -1
900, 763, -1
222, 763, -1
1, 416, -1
714, 273, -1
1343, 951, -1
273, 576, -1
902, 626, -1
902, 763, -1
222, 1037, -1
626, 416, -1
1284, 956, -1
959, 769, -1
714, 1, -1
986, 152, -1
951, 313, -1
902, 1037, -1
1343, 343, -1
902, 1284, -1
1037, 416, -1
5, 626, -1
420, 313, -1
714, 769, -1
1003, 313, -1
1037, 626, -1
1, 576, -1
1351, 959, -1
358, 313, -1
626, 576, -1
1037, 900, -1
1, 368, -1
959, 273, -1
1, 313, -1
769, 576, -1
420, 626, -1
1003, 626, -1
626, 368, -1
626, 313, -1
420, 763, -1
723, 273, -1
1037, 1003, -1
1037, 420, -1
956, 313, -1
723, 1, -1
1284, 416, -1
150, 313, -1
17, 769, -1
358, 763, -1
951, 273, -1
1284, 626, -1
769, 416, -1
358, 1037, -1
1343, 959, -1
358, 1284, -1
343, 646, -1
1234, 152, -1
956, 626, -1
900, 273, -1
222, 273, -1
150, 626, -1
956, 763, -1
986, 416, -1
150, 763, -1
900, 1, -1
222, 1, -1
951, 769, -1
902, 273, -1
1284, 1003, -1
5, 152, -1
17, 273, -1
490, 273, -1
1284, 420, -1
900, 986, -1
902, 1, -1
714, 313, -1
763, 416, -1
1037, 152, -1
358, 1, -1
490, 1, -1
273, 152, -1
1367, 1003, -1
763, 626, -1
490, 986, -1
900, 769, -1
626, 769, -1
5, 420, -1
358, 769, -1
5, 956, -1
150, 769, -1
490, 769, -1
150, 1284, -1
222, 769, -1
420, 769, -1
1003, 769, -1
5, 900, -1
956, 769, -1
902, 769, -1
150, 5, -1
150, 1037, -1
263, 313, -1
723, 769, -1

128, 959, 1
128, 956, 1
128, 17, 1
128, 150, 1
128, 222, 1
128, 420, 1
128, 490, 1
128, 723, 1
128, 358, 1
128, 416, 1
128, 951, 1
128, 902, 1
128, 152, 1
128, 263, 1
128, 714, 1
128, 1003, 1
128, 900, 1
128, 343, 1
128, 576, 1
1176, 986, 1
1176, 5, 1
1176, 368, 1
1176, 1367, 1
1176, 1284, 1
1176, 1234, 1
1176, 1037, 1
1176, 273, 1
1176, 769, 1
1176, 763, 1
1176, 313, 1
152, 902, 1
420, 152, 1
769, 1234, 1
900, 222, 1
17, 714, 1
900, 951, 1
17, 723, 1
490, 723, 1
368, 273, 1
313, 273, 1
416, 902, 1
956, 959, 1
956, 358, 1
714, 263, 1
763, 1284, 1
150, 358, 1
420, 902, 1
1003, 902, 1
17, 222, 1
152, 959, 1
986, 1234, 1
956, 150, 1
576, 951, 1
900, 343, 1
313, 986, 1
222, 343, 1
1284, 1037, 1
1234, 5, 1
416, 959, 1
273, 986, 1
723, 222, 1
420, 959, 1
902, 343, 1
723, 951, 1
714, 1003, 1
769, 1037, 1
152, 714, 1
900, 263, 1
17, 343, 1
222, 263, 1
769, 1284, 1
714, 420, 1
956, 152, 1
17, 416, 1
986, 763, 1
416, 714, 1
490, 956, 1
902, 263, 1
17, 263, 1
490, 263, 1
723, 343, 1
986, 1037, 1
1003, 723, 1
313, 5, 1
723, 416, 1
986, 1284, 1
150, 902, 1
714, 358, 1
368, 5, 1
769, 273, 1
416, 152, 1
273, 5, 1
1234, 1367, 1
576, 900, 1
723, 263, 1
714, 150, 1
222, 951, 1
951, 343, 1
763, 1037, 1
150, 959, 1
17, 576, 1
490, 576, 1
769, 986, 1
902, 951, 1
576, 1003, 1
5, 1367, 1
490, 222, 1
358, 951, 1
714, 900, 1
17, 951, 1
490, 951, 1
576, 902, 1
152, 263, 1
576, 420, 1
951, 263, 1
1037, 1367, 1
313, 1367, 1
222, 416, 1
368, 1367, 1
1003, 956, 1
273, 1367, 1
723, 420, 1
358, 343, 1
1284, 5, 1
1003, 263, 1
490, 343, 1
714, 902, 1
576, 959, 1
956, 222, 1
358, 416, 1
576, 358, 1
956, 951, 1
490, 416, 1
152, 576, 1
152, 222, 1
358, 263, 1
576, 150, 1
152, 951, 1
723, 358, 1
1234, 763, 1
368, 313, 1
714, 959, 1
956, 343, 1
17, 900, 1
490, 900, 1
416, 951, 1
313, 1234, 1
368, 1234, 1
723, 150, 1
956, 416, 1
420, 222, 1
1003, 222, 1
420, 951, 1
900, 902, 1
222, 902, 1
1234, 1037, 1
1003, 951, 1
273, 1234, 1
1234, 1284, 1
152, 343, 1
1284, 1367, 1
956, 263, 1
723, 900, 1
17, 1003, 1
490, 1003, 1
714, 723, 1
416, 343, 1
769, 1367, 1
17, 902, 1
17, 420, 1
490, 420, 1
763, 5, 1
723, 152, 1
420, 343, 1
900, 959, 1
900, 358, 1
222, 959, 1
222, 358, 1
1003, 343, 1
420, 416, 1
5, 1037, 1
368, 763, 1
313, 763, 1
273, 763, 1
416, 263, 1
152, 900, 1
723, 902, 1
902, 959, 1
368, 1037, 1
900, 150, 1
576, 956, 1
420, 263, 1
313, 1037, 1
313, 1284, 1
17, 959, 1
490, 959, 1
17, 358, 1
490, 358, 1
714, 490, 1
368, 1284, 1
273, 1037, 1
273, 1284, 1
150, 222, 1
263, 343, 1
152, 1003, 1
150, 951, 1
1003, 900, 1
769, 5, 1
17, 150, 1
490, 150, 1
723, 959, 1
714, 956, 1
763, 1367, 1
416, 1003, 1
416, 576, 1
576, 723, 1
986, 368, 1
986, 5, 1
150, 343, 1
1003, 420, 1
150, 416, 1
17, 152, 1
490, 152, 1
152, 358, 1
576, 222, 1
959, 951, 1
769, 763, 1
150, 263, 1
358, 902, 1
17, 490, 1
152, 150, 1
490, 902, 1
313, 769, 1
956, 900, 1
420, 358, 1
714, 576, 1
368, 769, 1
1003, 959, 1
1003, 358, 1
714, 222, 1
714, 951, 1
959, 343, 1
576, 343, 1
420, 150, 1
17, 956, 1
1003, 150, 1
986, 1367, 1
358, 959, 1
416, 900, 1
956, 902, 1
956, 420, 1
959, 263, 1
576, 263, 1
420, 900, 1
714, 343, 1
723, 956, 1
951, 490, 1
902, 723, 1
152, 17, 1
490, 714, 1
1037, 273, 1
576, 128, 1
313, 1176, 1
273, 1176, 1
902, 222, 1
986, 313, 1
951, 956, 1
420, 17, 1
714, 128, 1
368, 986, 1
900, 416, 1
416, 358, 1
358, 490, 1
1037, 769, 1
263, 902, 1
152, 723, 1
358, 956, 1
416, 723, 1
1284, 273, 1
951, 222, 1
1284, 1176, 1
900, 128, 1
420, 723, 1
1037, 5, 1
956, 17, 1
263, 959, 1
263, 358, 1
769, 1176, 1
900, 1003, 1
152, 490, 1
17, 128, 1
490, 128, 1
358, 723, 1
263, 150, 1
416, 490, 1
416, 17, 1
1284, 769, 1
420, 490, 1
152, 956, 1
986, 1176, 1
358, 222, 1
723, 128, 1
416, 956, 1
1234, 313, 1
714, 152, 1
420, 956, 1
723, 1003, 1
763, 1176, 1
152, 128, 1
986, 769, 1
343, 263, 1
5, 313, 1
951, 1003, 1
951, 420, 1
1003, 128, 1
1037, 313, 1
902, 900, 1
416, 222, 1
763, 769, 1
273, 313, 1
222, 1003, 1
900, 420, 1
576, 152, 1
902, 1003, 1
152, 416, 1
358, 1003, 1
343, 951, 1
902, 420, 1
951, 150, 1
576, 490, 1
1037, 763, 1
576, 17, 1
956, 128, 1
1234, 273, 1
1003, 416, 1
1234, 1176, 1
951, 900, 1
902, 358, 1
1037, 1284, 1
222, 150, 1
1284, 313, 1
956, 1003, 1
900, 714, 1
1234, 986, 1
416, 128, 1
902, 150, 1
769, 313, 1
420, 128, 1
152, 420, 1
951, 902, 1
1234, 769, 1
951, 17, 1
576, 714, 1
368, 1176, 1
358, 900, 1
416, 420, 1
420, 1003, 1
900, 490, 1
900, 17, 1
951, 959, 1
951, 358, 1
5, 769, 1
343, 902, 1
900, 956, 1
358, 420, 1
763, 313, 1
273, 769, 1
263, 222, 1
951, 714, 1
951, 723, 1
416, 150, 1
263, 951, 1
902, 956, 1
343, 959, 1
343, 358, 1
576, 416, 1
150, 1003, 1
900, 723, 1
343, 150, 1
358, 150, 1
714, 416, 1
959, 714, 1
900, 152, 1
959, 900, 1
1003, 152, 1
959, 723, 1
1037, 1176, 1
343, 222, 1
150, 956, 1
959, 1003, 1
959, 222, 1
343, 1003, 1
986, 273, 1
5, 763, 1
959, 420, 1
959, 902, 1
959, 490, 1
959, 17, 1
490, 17, 1
956, 723, 1
5, 1284, 1
263, 1003, 1
763, 273, 1
150, 723, 1
150, 900, 1
902, 416, 1
959, 956, 1
959, 358, 1
714, 17, 1
959, 150, 1
222, 723, 1
956, 490, 1
5, 1176, 1
150, 420, 1
1367, 313, 1
1421, 959, -1
1421, 956, -1
1421, 17, -1
1421, 150, -1
1421, 222, -1
1421, 420, -1
1421, 490, -1
1421, 723, -1
1421, 358, -1
1421, 416, -1
1421, 951, -1
1421, 902, -1
1421, 152, -1
1421, 263, -1
1421, 714, -1
1421, 1003, -1
1421, 900, -1
1421, 343, -1
1421, 576, -1
1421, 626, -1
1421, 0, -1
1421, 1, -1
1421, 646, -1
1421, 986, -1
1421, 5, -1
1421, 368, -1
1421, 1367, -1
1421, 1284, -1
1421, 1234, -1
1421, 1037, -1
1421, 273, -1
1421, 769, -1
1421, 763, -1
1421, 313, -1
1421, 1343, -1
1421, 1351, -1
128, 626, -1
128, 0, -1
128, 1, -1
128, 646, -1
128, 986, -1
128, 5, -1
128, 368, -1
128, 1367, -1
128, 1284, -1
128, 1234, -1
128, 1037, -1
128, 273, -1
128, 769, -1
128, 763, -1
128, 313, -1
128, 1343, -1
128, 1351, -1
128, 1421, -1
1176, 959, -1
1176, 956, -1
1176, 17, -1
1176, 150, -1
1176, 222, -1
1176, 420, -1
1176, 490, -1
1176, 723, -1
1176, 358, -1
1176, 416, -1
1176, 951, -1
1176, 902, -1
1176, 152, -1
1176, 263, -1
1176, 714, -1
1176, 1003, -1
1176, 900, -1
1176, 343, -1
1176, 576, -1
1176, 128, -1
1176, 626, -1
1176, 0, -1
1176, 1, -1
1176, 646, -1
1176, 1343, -1
1176, 1351, -1
1176, 1421, -1
959, 1367, -1
986, 1003, -1
1003, 1037, -1
986, 576, -1
1, 769, -1
769, 358, -1
152, 273, -1
0, 5, -1
1003, 646, -1
900, 5, -1
1234, 1351, -1
1367, 959, -1
576, 1351, -1
956, 1343, -1
1234, 951, -1
576, 313, -1
1284, 152, -1
1, 490, -1
576, 1234, -1
1284, 646, -1
416, 1343, -1
5, 222, -1
723, 368, -1
1284, 902, -1
1234, 416, -1
313, 222, -1
763, 1343, -1
1234, 263, -1
902, 1367, -1
626, 956, -1
5, 343, -1
222, 1351, -1
1234, 128, -1
313, 343, -1
769, 959, -1
723, 763, -1
1, 723, -1
900, 368, -1
763, 152, -1
17, 1351, -1
763, 646, -1
1234, 420, -1
763, 902, -1
714, 1037, -1
17, 313, -1
951, 1367, -1
368, 0, -1
17, 1234, -1
626, 951, -1
714, 646, -1
986, 1343, -1
0, 763, -1
986, 714, -1
420, 1367, -1
986, 723, -1
313, 576, -1
959, 1343, -1
1234, 150, -1
0, 1037, -1
900, 1037, -1
0, 1284, -1
416, 1351, -1
343, 1367, -1
900, 1284, -1
986, 152, -1
900, 646, -1
1234, 900, -1
1284, 263, -1
626, 263, -1
0, 902, -1
490, 1421, -1
1234, 1421, -1
1284, 128, -1
986, 956, -1
152, 626, -1
0, 358, -1
150, 1367, -1
1284, 222, -1
1, 313, -1
769, 576, -1
1, 1234, -1
576, 1, -1
902, 1343, -1
368, 646, -1
763, 263, -1
646, 343, -1
273, 646, -1
1284, 343, -1
368, 902, -1
986, 1351, -1
273, 902, -1
986, 951, -1
763, 128, -1
1003, 1421, -1
128, 1176, -1
959, 1351, -1
1037, 358, -1
5, 1343, -1
646, 1367, -1
368, 358, -1
273, 358, -1
763, 222, -1
626, 900, -1
313, 1343, -1
951, 1343, -1
576, 5, -1
986, 416, -1
1234, 490, -1
263, 1351, -1
1, 420, -1
5, 152, -1
986, 263, -1
0, 986, -1
763, 343, -1
956, 1421, -1
313, 152, -1
343, 1343, -1
1, 959, -1
986, 128, -1
420, 1037, -1
313, 17, -1
0, 222, -1
1, 150, -1
416, 1421, -1
763, 900, -1
576, 0, -1
986, 420, -1
714, 626, -1
420, 646, -1
313, 956, -1
723, 1367, -1
1037, 959, -1
763, 1421, -1
763, 1003, -1
0, 343, -1
17, 5, -1
416, 1, -1
576, 368, -1
986, 150, -1
769, 152, -1
5, 951, -1
723, 5, -1
626, 490, -1
416, 769, -1
0, 1367, -1
769, 646, -1
951, 1351, -1
900, 1367, -1
368, 222, -1
986, 900, -1
769, 902, -1
273, 222, -1
150, 646, -1
769, 17, -1
576, 763, -1
5, 416, -1
986, 1421, -1
368, 343, -1
576, 1037, -1
1284, 1343, -1
313, 416, -1
5, 263, -1
273, 343, -1
576, 1284, -1
490, 1351, -1
576, 646, -1
626, 723, -1
313, 263, -1
5, 128, -1
17, 368, -1
1, 5, -1
313, 128, -1
368, 1003, -1
152, 1351, -1
368, 576, -1
273, 576, -1
17, 763, -1
152, 313, -1
1003, 1351, -1
763, 723, -1
152, 1234, -1
1367, 343, -1
17, 1037, -1
416, 368, -1
714, 1343, -1
986, 490, -1
17, 1284, -1
17, 646, -1
313, 626, -1
723, 1037, -1
723, 1284, -1
1284, 1351, -1
646, 951, -1
723, 646, -1
313, 900, -1
1284, 951, -1
900, 1343, -1
5, 1421, -1
956, 1351, -1
769, 222, -1
1234, 959, -1
763, 956, -1
313, 1421, -1
313, 1003, -1
576, 986, -1
1284, 416, -1
769, 343, -1
646, 263, -1
1, 763, -1
416, 313, -1
0, 17, -1
763, 1351, -1
1, 1037, -1
769, 626, -1
1, 1284, -1
416, 1234, -1
358, 646, -1
1037, 1343, -1
0, 273, -1
763, 951, -1
368, 1343, -1
273, 1343, -1
714, 1351, -1
1, 902, -1
368, 714, -1
626, 420, -1
769, 1003, -1
1037, 152, -1
763, 416, -1
368, 152, -1
273, 152, -1
1037, 646, -1
1, 358, -1
152, 1421, -1
17, 986, -1
1037, 902, -1
313, 490, -1
626, 959, -1
576, 1367, -1
368, 17, -1
273, 17, -1
1284, 150, -1
626, 150, -1
368, 956, -1
273, 956, -1
152, 1, -1
1367, 1343, -1
763, 420, -1
490, 5, -1
313, 714, -1
1284, 1421, -1
416, 986, -1
152, 769, -1
313, 723, -1
0, 263, -1
420, 1343, -1
368, 1351, -1
222, 1367, -1
368, 951, -1
763, 150, -1
152, 5, -1
17, 1367, -1
1, 986, -1
902, 1351, -1
368, 416, -1
1003, 5, -1
273, 416, -1
769, 1343, -1
1037, 263, -1
368, 263, -1
1, 222, -1
150, 1343, -1
273, 263, -1
769, 714, -1
986, 959, -1
490, 368, -1
769, 723, -1
714, 1421, -1
1037, 128, -1
5, 1351, -1
152, 0, -1
368, 128, -1
273, 128, -1
626, 5, -1
1, 343, -1
313, 1351, -1
0, 900, -1
1037, 222, -1
576, 1343, -1
956, 5, -1
313, 951, -1
490, 763, -1
152, 368, -1
420, 1351, -1
358, 1367, -1
900, 1421, -1
0, 1003, -1
1, 1367, -1
769, 956, -1
1037, 343, -1
416, 5, -1
343, 1351, -1
490, 1284, -1
1003, 368, -1
1234, 646, -1
1367, 263, -1
1, 1003, -1
1234, 902, -1
368, 626, -1
273, 626, -1
152, 763, -1
368, 900, -1
576, 273, -1
222, 1343, -1
273, 900, -1
769, 1351, -1
714, 5, -1
1234, 358, -1
152, 1284, -1
150, 1351, -1
769, 951, -1
1037, 1421, -1
1003, 763, -1
416, 0, -1
368, 1421, -1
17, 1343, -1
273, 1421, -1
956, 368, -1
273, 1003, -1
313, 420, -1
1003, 1284, -1
5, 959, -1
723, 1343, -1
769, 416, -1
222, 646, -1
0, 490, -1
313, 959, -1
263, 1367, -1
368, 1, -1
626, 763, -1
5, 150, -1
769, 263, -1
313, 150, -1
626, 1037, -1
626, 1284, -1
769, 128, -1
956, 1037, -1
17, 273, -1
956, 1284, -1
626, 902, -1
714, 368, -1
416, 763, -1
956, 646, -1
0, 714, -1
769, 420, -1
0, 723, -1
358, 1343, -1
416, 1037, -1
416, 1284, -1
1284, 358, -1
368, 490, -1
626, 358, -1
273, 490, -1
416, 646, -1
420, 1421, -1
1, 714, -1
714, 763, -1
416, 273, -1
1234, 222, -1
769, 150, -1
152, 986, -1
714, 1284, -1
723, 1351, -1
0, 956, -1
769, 900, -1
368, 723, -1
1, 17, -1
273, 714, -1
1234, 343, -1
273, 723, -1
763, 358, -1
1, 273, -1
769, 1421, -1
1, 956, -1
1234, 626, -1
714, 1234, -1
576, 626, -1
646, 959, -1
1284, 959, -1
490, 1367, -1
900, 1351, -1
986, 646, -1
263, 1343, -1
0, 951, -1
986, 902, -1
420, 5, -1
0, 313, -1
358, 1351, -1
1234, 1003, -1
576, 1421, -1
1234, 576, -1
0, 1234, -1
1, 951, -1
986, 358, -1
152, 1367, -1
626, 222, -1
1037, 1351, -1
763, 959, -1
1003, 1367, -1
273, 1351, -1
1037, 951, -1
769, 490, -1
17, 626, -1
626, 343, -1
273, 951, -1
1, 263, -1
576, 769, -1
714, 986, -1
0, 420, -1
1037, 416, -1
420, 368, -1
902, 646, -1
626, 1367, -1
17, 1421, -1
956, 1367, -1
0, 959, -1
723, 1421, -1
626, 1003, -1
416, 626, -1
5, 646, -1
0, 150, -1
5, 902, -1
416, 1367, -1
1367, 1351, -1
313, 646, -1
490, 1343, -1
1234, 1343, -1
1367, 951, -1
313, 902, -1
368, 420, -1
420, 1284, -1
273, 420, -1
17, 769, -1
1234, 714, -1
986, 222, -1
1234, 723, -1
5, 358, -1
1, 900, -1
490, 1037, -1
313, 358, -1
368, 959, -1
714, 1367, -1
1234, 152, -1
273, 959, -1
490, 646, -1
986, 343, -1
1037, 150, -1
152, 1343, -1
368, 150, -1
273, 150, -1
986, 626, -1
1003, 1343, -1
1234, 956, -1
152, 1037, -1
0, 769, -1
152, 646, -1
956, 1176, -1
358, 769, -1
490, 769, -1
152, 1176, -1
263, 763, -1
222, 5, -1
626, 769, -1
646, 900, -1
416, 1176, -1
1284, 900, -1
902, 5, -1
263, 1037, -1
1, 152, -1
420, 273, -1
420, 1176, -1
1003, 273, -1
956, 769, -1
263, 1284, -1
1003, 1176, -1
5, 723, -1
959, 313, -1
263, 1421, -1
626, 152, -1
1037, 723, -1
959, 1234, -1
358, 273, -1
1351, 263, -1
646, 420, -1
723, 313, -1
1284, 17, -1
420, 769, -1
0, 128, -1
1003, 769, -1
646, 358, -1
959, 763, -1
951, 5, -1
0, 576, -1
956, 273, -1
723, 626, -1
150, 273, -1
646, 150, -1
1351, 951, -1
959, 1037, -1
0, 368, -1
959, 1284, -1
646, 769, -1
1037, 956, -1
900, 313, -1
222, 313, -1
1284, 723, -1
1343, 263, -1
900, 1234, -1
951, 626, -1
902, 313, -1
358, 5, -1
0, 416, -1
490, 313, -1
763, 17, -1
150, 769, -1
263, 646, -1
490, 1234, -1
5, 1003, -1
900, 626, -1
222, 626, -1
900, 763, -1
222, 763, -1
1343, 222, -1
1, 416, -1
714, 273, -1
1343, 951, -1
902, 626, -1
959, 986, -1
714, 1176, -1
490, 626, -1
646, 956, -1
902, 763, -1
222, 1037, -1
626, 416, -1
1284, 956, -1
959, 769, -1
951, 313, -1
222, 1421, -1
902, 1037, -1
902, 1284, -1
951, 1234, -1
1343, 343, -1
1, 128, -1
5, 626, -1
986, 17, -1
420, 313, -1
902, 1421, -1
714, 769, -1
1003, 313, -1
646, 723, -1
900, 1176, -1
1037, 626, -1
626, 128, -1
343, 313, -1
1351, 959, -1
358, 313, -1
646, 222, -1
951, 763, -1
1037, 900, -1
959, 273, -1
576, 1176, -1
263, 5, -1
420, 626, -1
1003, 626, -1
951, 1037, -1
626, 313, -1
900, 769, -1
420, 763, -1
951, 1284, -1
723, 273, -1
1037, 1003, -1
723, 1176, -1
951, 1421, -1
951, 646, -1
1037, 420, -1
956, 313, -1
646, 416, -1
343, 763, -1
358, 626, -1
902, 769, -1
150, 313, -1
0, 152, -1
358, 763, -1
951, 273, -1
1284, 626, -1
358, 1037, -1
1343, 358, -1
1343, 959, -1
723, 769, -1
358, 1284, -1
343, 646, -1
358, 1421, -1
956, 626, -1
900, 273, -1
0, 1176, -1
222, 273, -1
1343, 150, -1
150, 626, -1
951, 986, -1
956, 763, -1
959, 5, -1
150, 763, -1
646, 1003, -1
1234, 17, -1
902, 273, -1
951, 769, -1
1284, 1003, -1
490, 273, -1
17, 1176, -1
490, 1176, -1
1284, 420, -1
900, 986, -1
1, 1176, -1
646, 313, -1
714, 313, -1
263, 313, -1
222, 769, -1
626, 1176, -1
5, 17, -1
1367, 1003, -1
763, 626, -1
490, 986, -1
1343, 902, -1
1037, 17, -1
5, 420, -1
5, 956, -1
959, 1421, -1
626, 576, -1
959, 646, -1
646, 273, -1
959, 626, -1
1, 368, -1
150, 1421, -1
626, 273, -1
646, 902, -1
1, 576, -1
5, 900, -1
1351, 343, -1
150, 5, -1
150, 1037, -1
150, 1284, -1
626, 368, -1

1020, 986, 1
1020, 5, 1
1020, 368, 1
1020, 1367, 1
1020, 1284, 1
1020, 1234, 1
1020, 1037, 1
1020, 273, 1
1020, 769, 1
1020, 763, 1
1020, 313, 1
1020, 1176, 1
1322, 959, 1
1322, 956, 1
1322, 17, 1
1322, 150, 1
1322, 222, 1
1322, 420, 1
1322, 490, 1
1322, 723, 1
1322, 358, 1
1322, 416, 1
1322, 951, 1
1322, 902, 1
1322, 152, 1
1322, 263, 1
1322, 714, 1
1322, 1003, 1
1322, 900, 1
1322, 343, 1
1322, 576, 1
1322, 128, 1
605, 626, 1
605, 0, 1
605, 1, 1
605, 646, 1
1110, 986, 1
1110, 5, 1
1110, 368, 1
1110, 1367, 1
1110, 1284, 1
1110, 1234, 1
1110, 1037, 1
1110, 273, 1
1110, 769, 1
1110, 763, 1
1110, 313, 1
1110, 1176, 1
1110, 1020, 1
643, 959, 1
643, 956, 1
643, 17, 1
643, 150, 1
643, 222, 1
643, 420, 1
643, 490, 1
643, 723, 1
643, 358, 1
643, 416, 1
643, 951, 1
643, 902, 1
643, 152, 1
643, 263, 1
643, 714, 1
643, 1003, 1
643, 900, 1
643, 343, 1
643, 576, 1
643, 128, 1
643, 1322, 1
1052, 986, 1
1052, 5, 1
1052, 368, 1
1052, 1367, 1
1052, 1284, 1
1052, 1234, 1
1052, 1037, 1
1052, 273, 1
1052, 769, 1
1052, 763, 1
1052, 313, 1
1052, 1176, 1
1052, 1020, 1
1052, 1110, 1
152, 902, 1
769, 1234, 1
152, 17, 1
17, 714, 1
17, 723, 1
150, 358, 1
1003, 902, 1
959, 1003, 1
128, 1322, 1
576, 951, 1
313, 986, 1
1284, 1037, 1
420, 959, 1
263, 1003, 1
902, 343, 1
416, 714, 1
368, 1052, 1
1176, 313, 1
416, 723, 1
128, 576, 1
273, 1052, 1
490, 263, 1
1176, 1234, 1
368, 5, 1
986, 1110, 1
273, 5, 1
222, 951, 1
951, 343, 1
763, 1037, 1
416, 17, 1
1037, 1020, 1
769, 986, 1
150, 959, 1
5, 1367, 1
490, 222, 1
17, 951, 1
152, 263, 1
576, 420, 1
416, 956, 1
313, 1367, 1
1003, 263, 1
490, 343, 1
714, 902, 1
576, 959, 1
714, 17, 1
956, 951, 1
951, 1003, 1
152, 222, 1
576, 150, 1
723, 358, 1
0, 646, 1
416, 951, 1
490, 900, 1
1003, 222, 1
900, 902, 1
152, 343, 1
956, 263, 1
490, 1003, 1
769, 1367, 1
17, 420, 1
900, 358, 1
1003, 343, 1
368, 763, 1
222, 959, 1
5, 1110, 1
273, 763, 1
416, 263, 1
152, 900, 1
368, 1037, 1
313, 1110, 1
368, 1284, 1
273, 1037, 1
17, 959, 1
128, 152, 1
576, 1322, 1
273, 1284, 1
769, 5, 1
152, 1003, 1
1003, 900, 1
17, 150, 1
128, 902, 1
723, 959, 1
128, 17, 1
416, 420, 1
128, 358, 1
959, 951, 1
576, 643, 1
956, 900, 1
1176, 1052, 1
714, 222, 1
416, 150, 1
1234, 1020, 1
1176, 5, 1
358, 959, 1
17, 1322, 1
416, 900, 1
959, 263, 1
714, 343, 1
900, 222, 1
490, 714, 1
313, 273, 1
490, 723, 1
420, 902, 1
17, 643, 1
900, 343, 1
368, 986, 1
273, 986, 1
1284, 1110, 1
714, 1003, 1
769, 1037, 1
152, 714, 1
152, 723, 1
769, 1284, 1
490, 956, 1
902, 263, 1
128, 222, 1
1003, 723, 1
150, 902, 1
769, 273, 1
416, 643, 1
128, 343, 1
416, 490, 1
763, 1110, 1
1176, 763, 1
152, 956, 1
490, 951, 1
576, 902, 1
951, 263, 1
1176, 1037, 1
1037, 1367, 1
1176, 1284, 1
368, 1367, 1
956, 723, 1
1003, 956, 1
273, 1367, 1
576, 358, 1
128, 1003, 1
152, 951, 1
420, 222, 1
222, 902, 1
1003, 951, 1
902, 1003, 1
152, 416, 1
714, 723, 1
17, 902, 1
490, 420, 1
420, 343, 1
986, 1020, 1
222, 358, 1
723, 902, 1
368, 1110, 1
490, 959, 1
17, 358, 1
273, 1110, 1
150, 222, 1
490, 150, 1
152, 420, 1
714, 956, 1
420, 1003, 1
150, 343, 1
1176, 986, 1
1003, 420, 1
576, 222, 1
1, 646, 1
358, 902, 1
152, 150, 1
1020, 1110, 1
313, 769, 1
1003, 959, 1
128, 714, 1
128, 723, 1
714, 951, 1
576, 343, 1
1003, 150, 1
490, 1322, 1
150, 1003, 1
956, 420, 1
5, 1020, 1
900, 951, 1
368, 273, 1
956, 959, 1
714, 263, 1
313, 1020, 1
128, 956, 1
1234, 1052, 1
17, 222, 1
152, 1322, 1
1176, 1367, 1
986, 1234, 1
490, 643, 1
956, 150, 1
222, 343, 1
1234, 5, 1
416, 959, 1
723, 222, 1
900, 263, 1
17, 343, 1
769, 1110, 1
714, 420, 1
128, 951, 1
723, 343, 1
152, 643, 1
420, 723, 1
152, 490, 1
714, 150, 1
128, 416, 1
1322, 643, 1
902, 951, 1
714, 900, 1
128, 263, 1
416, 1322, 1
1176, 1110, 1
723, 1003, 1
150, 723, 1
0, 626, 1
358, 343, 1
1284, 5, 1
128, 420, 1
1234, 763, 1
714, 1322, 1
1284, 1020, 1
313, 1234, 1
420, 951, 1
1234, 1037, 1
1234, 1284, 1
763, 1052, 1
576, 152, 1
358, 1003, 1
128, 150, 1
763, 5, 1
576, 17, 1
714, 643, 1
128, 900, 1
902, 959, 1
576, 956, 1
420, 263, 1
490, 358, 1
714, 490, 1
763, 1020, 1
263, 343, 1
150, 951, 1
1176, 273, 1
986, 1052, 1
986, 5, 1
152, 358, 1
150, 263, 1
368, 769, 1
1003, 358, 1
626, 646, 1
576, 416, 1
17, 956, 1
420, 150, 1
1037, 1110, 1
128, 643, 1
956, 902, 1
576, 263, 1
420, 900, 1
723, 956, 1
128, 490, 1
416, 902, 1
956, 358, 1
763, 1284, 1
368, 1020, 1
273, 1020, 1
152, 959, 1
1020, 1052, 1
416, 358, 1
723, 951, 1
222, 263, 1
986, 763, 1
313, 1052, 1
17, 263, 1
986, 1037, 1
313, 5, 1
986, 1284, 1
714, 358, 1
1234, 1367, 1
576, 900, 1
723, 263, 1
576, 1003, 1
358, 951, 1
723, 420, 1
769, 1052, 1
956, 222, 1
358, 263, 1
368, 313, 1
714, 959, 1
416, 222, 1
956, 343, 1
17, 900, 1
368, 1234, 1
723, 150, 1
222, 1003, 1
769, 1020, 1
273, 1234, 1
1234, 1110, 1
1284, 1367, 1
1176, 769, 1
723, 900, 1
17, 1003, 1
416, 343, 1
576, 490, 1
313, 763, 1
5, 1037, 1
900, 959, 1
5, 1284, 1
313, 1037, 1
900, 150, 1
956, 1003, 1
313, 1284, 1
763, 1367, 1
1, 626, 1
416, 1003, 1
1176, 1020, 1
576, 714, 1
576, 723, 1
128, 959, 1
769, 763, 1
17, 490, 1
490, 902, 1
0, 1, 1
420, 358, 1
959, 343, 1
1176, 368, 1
986, 1367, 1
222, 723, 1
951, 490, 1
420, 152, 1
902, 723, 1
1003, 152, 1
1037, 273, 1
576, 128, 1
902, 222, 1
986, 313, 1
951, 956, 1
902, 643, 1
951, 1322, 1
358, 643, 1
714, 128, 1
1234, 368, 1
900, 416, 1
358, 490, 1
420, 1322, 1
1003, 1322, 1
5, 1052, 1
902, 416, 1
263, 902, 1
17, 416, 1
956, 643, 1
358, 956, 1
1037, 1052, 1
358, 1322, 1
1284, 273, 1
951, 222, 1
900, 128, 1
1037, 5, 1
723, 416, 1
263, 959, 1
263, 358, 1
416, 152, 1
900, 1003, 1
420, 643, 1
17, 128, 1
490, 128, 1
358, 723, 1
1003, 643, 1
263, 150, 1
956, 1322, 1
343, 222, 1
420, 490, 1
986, 273, 1
358, 222, 1
723, 128, 1
1284, 1052, 1
1234, 313, 1
420, 956, 1
222, 416, 1
152, 128, 1
358, 416, 1
986, 769, 1
343, 263, 1
152, 576, 1
951, 420, 1
1003, 128, 1
313, 368, 1
902, 900, 1
273, 368, 1
273, 313, 1
956, 416, 1
900, 420, 1
343, 951, 1
902, 420, 1
951, 150, 1
1037, 763, 1
0, 605, 1
420, 416, 1
956, 128, 1
1234, 273, 1
1003, 416, 1
951, 900, 1
902, 358, 1
1037, 1284, 1
222, 150, 1
900, 714, 1
1234, 986, 1
416, 128, 1
769, 313, 1
1, 605, 1
902, 150, 1
769, 368, 1
420, 128, 1
723, 1322, 1
951, 902, 1
626, 605, 1
1234, 769, 1
951, 17, 1
416, 576, 1
900, 643, 1
368, 1176, 1
358, 900, 1
986, 368, 1
900, 490, 1
150, 416, 1
900, 17, 1
951, 959, 1
951, 358, 1
343, 1003, 1
343, 902, 1
358, 420, 1
900, 956, 1
763, 368, 1
763, 313, 1
900, 1322, 1
490, 17, 1
723, 643, 1
273, 769, 1
263, 222, 1
951, 714, 1
951, 723, 1
263, 951, 1
902, 956, 1
343, 959, 1
343, 358, 1
951, 643, 1
900, 723, 1
343, 150, 1
5, 273, 1
358, 150, 1
714, 416, 1
959, 714, 1
900, 152, 1
769, 1176, 1
763, 769, 1
959, 900, 1
959, 723, 1
1037, 1176, 1
313, 1176, 1
273, 1176, 1
150, 956, 1
17, 152, 1
490, 152, 1
959, 643, 1
17, 576, 1
959, 222, 1
1284, 769, 1
490, 576, 1
5, 763, 1
5, 769, 1
986, 1176, 1
959, 420, 1
959, 902, 1
959, 490, 1
723, 152, 1
714, 152, 1
959, 17, 1
714, 576, 1
1037, 769, 1
1234, 1176, 1
763, 273, 1
763, 1176, 1
150, 900, 1
959, 956, 1
956, 152, 1
1284, 313, 1
959, 358, 1
959, 1322, 1
5, 313, 1
150, 643, 1
1284, 1176, 1
959, 150, 1
956, 490, 1
5, 1176, 1
150, 420, 1
1037, 313, 1
1367, 313, 1
1284, 368, 1
490, 416, 1
1020, 959, -1
1020, 956, -1
1020, 17, -1
1020, 150, -1
1020, 222, -1
1020, 420, -1
1020, 490, -1
1020, 723, -1
1020, 358, -1
1020, 416, -1
1020, 951, -1
1020, 902, -1
1020, 152, -1
1020, 263, -1
1020, 714, -1
1020, 1003, -1
1020, 900, -1
1020, 343, -1
1020, 576, -1
1020, 128, -1
1020, 626, -1
1020, 0, -1
1020, 1, -1
1020, 646, -1
1020, 1343, -1
1020, 1351, -1
1020, 1421, -1
1322, 626, -1
1322, 0, -1
1322, 1, -1
1322, 646, -1
1322, 986, -1
1322, 5, -1
1322, 368, -1
1322, 1367, -1
1322, 1284, -1
1322, 1234, -1
1322, 1037, -1
1322, 273, -1
1322, 769, -1
1322, 763, -1
1322, 313, -1
1322, 1176, -1
1322, 1020, -1
1322, 1343, -1
1322, 1351, -1
1322, 1421, -1
605, 959, -1
605, 956, -1
605, 17, -1
605, 150, -1
605, 222, -1
605, 420, -1
605, 490, -1
605, 723, -1
605, 358, -1
605, 416, -1
605, 951, -1
605, 902, -1
605, 152, -1
605, 263, -1
605, 714, -1
605, 1003, -1
605, 900, -1
605, 343, -1
605, 576, -1
605, 128, -1
605, 1322, -1
605, 986, -1
605, 5, -1
605, 368, -1
605, 1367, -1
605, 1284, -1
605, 1234, -1
605, 1037, -1
605, 273, -1
605, 769, -1
605, 763, -1
605, 313, -1
605, 1176, -1
605, 1020, -1
605, 1343, -1
605, 1351, -1
605, 1421, -1
1110, 959, -1
1110, 956, -1
1110, 17, -1
1110, 150, -1
1110, 222, -1
1110, 420, -1
1110, 490, -1
1110, 723, -1
1110, 358, -1
1110, 416, -1
1110, 951, -1
1110, 902, -1
1110, 152, -1
1110, 263, -1
1110, 714, -1
1110, 1003, -1
1110, 900, -1
1110, 343, -1
1110, 576, -1
1110, 128, -1
1110, 1322, -1
1110, 626, -1
1110, 0, -1
1110, 1, -1
1110, 646, -1
1110, 605, -1
1110, 1343, -1
1110, 1351, -1
1110, 1421, -1
643, 626, -1
643, 0, -1
643, 1, -1
643, 646, -1
643, 605, -1
643, 986, -1
643, 5, -1
643, 368, -1
643, 1367, -1
643, 1284, -1
643, 1234, -1
643, 1037, -1
643, 273, -1
643, 769, -1
643, 763, -1
643, 313, -1
643, 1176, -1
643, 1020, -1
643, 1110, -1
643, 1343, -1
643, 1351, -1
643, 1421, -1
1052, 959, -1
1052, 956, -1
1052, 17, -1
1052, 150, -1
1052, 222, -1
1052, 420, -1
1052, 490, -1
1052, 723, -1
1052, 358, -1
1052, 416, -1
1052, 951, -1
1052, 902, -1
1052, 152, -1
1052, 263, -1
1052, 714, -1
1052, 1003, -1
1052, 900, -1
1052, 343, -1
1052, 576, -1
1052, 128, -1
1052, 1322, -1
1052, 643, -1
1052, 626, -1
1052, 0, -1
1052, 1, -1
1052, 646, -1
1052, 605, -1
1052, 1343, -1
1052, 1351, -1
1052, 1421, -1
959, 1367, -1
900, 1052, -1
986, 1003, -1
1003, 1037, -1
0, 643, -1
1, 769, -1
769, 358, -1
626, 1343, -1
152, 273, -1
0, 5, -1
769, 605, -1
152, 1176, -1
900, 5, -1
1003, 646, -1
646, 763, -1
1234, 1351, -1
1367, 959, -1
576, 1351, -1
368, 1322, -1
956, 1343, -1
273, 1322, -1
1234, 951, -1
273, 1, -1
646, 1037, -1
1, 643, -1
646, 1284, -1
576, 313, -1
0, 1020, -1
1, 490, -1
576, 1234, -1
1284, 646, -1
416, 1343, -1
5, 222, -1
646, 902, -1
1284, 902, -1
358, 1020, -1
313, 222, -1
1, 1020, -1
763, 1343, -1
1234, 263, -1
273, 643, -1
902, 1367, -1
626, 956, -1
5, 343, -1
646, 358, -1
128, 5, -1
1176, 605, -1
222, 1351, -1
313, 343, -1
769, 959, -1
723, 763, -1
0, 368, -1
1, 723, -1
17, 1351, -1
763, 646, -1
1234, 420, -1
1421, 902, -1
714, 1037, -1
763, 902, -1
17, 313, -1
951, 1367, -1
368, 0, -1
17, 1234, -1
626, 951, -1
986, 1343, -1
714, 646, -1
128, 0, -1
0, 763, -1
1176, 420, -1
1421, 358, -1
900, 763, -1
986, 714, -1
420, 1367, -1
986, 723, -1
959, 1343, -1
1234, 150, -1
0, 1037, -1
490, 626, -1
900, 1037, -1
0, 1284, -1
416, 1351, -1
343, 1367, -1
900, 1284, -1
723, 605, -1
1176, 959, -1
900, 646, -1
1234, 900, -1
1284, 263, -1
626, 263, -1
0, 902, -1
902, 1110, -1
1176, 150, -1
986, 17, -1
1234, 1421, -1
490, 1421, -1
1, 1351, -1
986, 956, -1
152, 626, -1
0, 358, -1
150, 1367, -1
646, 222, -1
128, 763, -1
1284, 222, -1
1, 313, -1
128, 1037, -1
1, 1234, -1
1003, 626, -1
128, 1284, -1
576, 1, -1
902, 1343, -1
368, 646, -1
763, 263, -1
646, 343, -1
128, 646, -1
273, 646, -1
1284, 343, -1
368, 902, -1
986, 1351, -1
273, 902, -1
1176, 1322, -1
986, 951, -1
128, 273, -1
1003, 1421, -1
128, 1176, -1
5, 1343, -1
1037, 358, -1
959, 1351, -1
646, 1367, -1
368, 358, -1
576, 1052, -1
1037, 605, -1
490, 1110, -1
1234, 643, -1
1421, 222, -1
273, 358, -1
763, 222, -1
956, 626, -1
626, 900, -1
273, 605, -1
313, 1343, -1
951, 1343, -1
576, 5, -1
1234, 490, -1
263, 1351, -1
1, 420, -1
626, 1421, -1
986, 263, -1
0, 986, -1
1421, 343, -1
900, 986, -1
763, 343, -1
956, 1421, -1
17, 1, -1
152, 1110, -1
343, 1343, -1
1, 959, -1
420, 1037, -1
605, 1110, -1
1421, 1367, -1
313, 17, -1
0, 222, -1
1, 150, -1
416, 1421, -1
763, 900, -1
576, 0, -1
1003, 1110, -1
986, 420, -1
714, 626, -1
420, 646, -1
313, 956, -1
723, 1367, -1
1322, 1110, -1
1037, 959, -1
17, 1052, -1
763, 1421, -1
763, 1003, -1
0, 343, -1
1176, 0, -1
17, 5, -1
646, 1110, -1
416, 1, -1
576, 368, -1
626, 643, -1
986, 150, -1
5, 951, -1
723, 5, -1
150, 1037, -1
416, 769, -1
0, 1367, -1
769, 646, -1
900, 1367, -1
951, 1351, -1
368, 222, -1
986, 900, -1
769, 902, -1
273, 222, -1
150, 646, -1
1, 1322, -1
769, 17, -1
576, 763, -1
626, 1020, -1
0, 576, -1
986, 1421, -1
646, 1343, -1
368, 343, -1
1284, 1343, -1
576, 1037, -1
956, 1020, -1
5, 263, -1
576, 1284, -1
273, 343, -1
1421, 1110, -1
490, 1351, -1
358, 1052, -1
576, 646, -1
313, 263, -1
626, 723, -1
1, 1052, -1
128, 626, -1
416, 1020, -1
358, 5, -1
714, 1110, -1
1, 5, -1
128, 1367, -1
490, 1234, -1
1176, 646, -1
1176, 902, -1
1234, 605, -1
222, 763, -1
576, 605, -1
368, 1003, -1
152, 1351, -1
368, 576, -1
902, 626, -1
900, 1110, -1
17, 763, -1
986, 643, -1
152, 313, -1
1176, 358, -1
1003, 1351, -1
763, 723, -1
152, 1234, -1
1367, 343, -1
416, 368, -1
17, 1037, -1
714, 1343, -1
986, 490, -1
17, 1284, -1
5, 626, -1
17, 646, -1
313, 626, -1
723, 1037, -1
723, 1284, -1
1284, 1351, -1
626, 1351, -1
646, 951, -1
723, 646, -1
313, 900, -1
0, 1343, -1
1284, 951, -1
900, 1343, -1
5, 1421, -1
420, 626, -1
956, 1351, -1
769, 222, -1
1234, 959, -1
763, 956, -1
128, 1110, -1
17, 605, -1
313, 1421, -1
313, 1003, -1
576, 986, -1
0, 152, -1
358, 763, -1
769, 343, -1
646, 263, -1
1, 763, -1
956, 605, -1
358, 1037, -1
416, 313, -1
0, 17, -1
763, 1351, -1
358, 1284, -1
1, 1037, -1
769, 626, -1
1, 1284, -1
416, 1234, -1
1037, 1343, -1
0, 273, -1
900, 273, -1
763, 951, -1
0, 1176, -1
368, 1343, -1
358, 646, -1
150, 626, -1
128, 1343, -1
273, 1343, -1
416, 605, -1
714, 1351, -1
368, 714, -1
1, 902, -1
1176, 222, -1
902, 1020, -1
626, 420, -1
769, 1003, -1
1234, 1322, -1
368, 152, -1
1037, 646, -1
1, 358, -1
1421, 263, -1
152, 1421, -1
17, 986, -1
1176, 343, -1
1037, 902, -1
313, 490, -1
626, 959, -1
576, 1367, -1
368, 17, -1
420, 1110, -1
273, 17, -1
1284, 150, -1
626, 150, -1
368, 956, -1
263, 763, -1
273, 956, -1
490, 1052, -1
152, 1, -1
1367, 1343, -1
763, 420, -1
490, 5, -1
986, 605, -1
646, 1421, -1
313, 714, -1
1284, 1421, -1
416, 986, -1
152, 769, -1
313, 723, -1
1176, 1003, -1
0, 263, -1
1176, 576, -1
420, 1343, -1
368, 1351, -1
128, 1351, -1
150, 1110, -1
222, 1367, -1
490, 1020, -1
152, 1052, -1
368, 951, -1
0, 128, -1
763, 150, -1
152, 5, -1
17, 1367, -1
1, 986, -1
626, 1322, -1
1003, 1052, -1
723, 626, -1
902, 1351, -1
368, 416, -1
576, 1110, -1
1322, 1052, -1
1003, 5, -1
769, 1343, -1
152, 1020, -1
1037, 263, -1
368, 263, -1
1, 222, -1
150, 1343, -1
273, 263, -1
769, 714, -1
986, 959, -1
769, 723, -1
626, 1052, -1
714, 1421, -1
1003, 1020, -1
5, 1351, -1
152, 0, -1
368, 128, -1
900, 626, -1
956, 1052, -1
626, 5, -1
1, 343, -1
313, 1351, -1
0, 900, -1
1037, 222, -1
576, 1343, -1
956, 5, -1
313, 951, -1
646, 1020, -1
490, 763, -1
416, 1052, -1
152, 368, -1
0, 1421, -1
358, 1367, -1
420, 1351, -1
900, 1421, -1
0, 1003, -1
1, 1367, -1
769, 956, -1
1037, 343, -1
1176, 1343, -1
416, 5, -1
343, 1351, -1
490, 1284, -1
17, 1110, -1
1176, 714, -1
1234, 646, -1
763, 643, -1
1367, 263, -1
1037, 626, -1
1, 1003, -1
368, 626, -1
1234, 902, -1
273, 626, -1
723, 1110, -1
714, 1052, -1
986, 1322, -1
152, 763, -1
1176, 152, -1
368, 900, -1
576, 273, -1
576, 1176, -1
222, 1343, -1
769, 1351, -1
273, 900, -1
714, 5, -1
1234, 358, -1
152, 1284, -1
900, 769, -1
769, 951, -1
1037, 1421, -1
150, 1351, -1
1003, 763, -1
1176, 17, -1
368, 1421, -1
490, 605, -1
416, 0, -1
128, 1421, -1
273, 1421, -1
17, 1343, -1
273, 1003, -1
313, 420, -1
1176, 956, -1
714, 1020, -1
0, 1110, -1
1003, 1284, -1
5, 959, -1
723, 1343, -1
222, 646, -1
0, 490, -1
368, 1, -1
313, 959, -1
263, 1367, -1
626, 763, -1
5, 150, -1
358, 1110, -1
128, 1, -1
769, 263, -1
152, 605, -1
1, 1110, -1
956, 763, -1
626, 1037, -1
313, 150, -1
626, 1284, -1
900, 1020, -1
646, 1351, -1
1176, 1351, -1
128, 769, -1
956, 1037, -1
17, 273, -1
1003, 605, -1
1176, 951, -1
956, 1284, -1
626, 902, -1
416, 763, -1
956, 646, -1
128, 1052, -1
1322, 605, -1
368, 643, -1
769, 420, -1
0, 714, -1
0, 723, -1
416, 1037, -1
358, 1343, -1
490, 986, -1
416, 1284, -1
1284, 358, -1
368, 490, -1
1020, 1322, -1
1, 1343, -1
1176, 416, -1
626, 358, -1
1284, 605, -1
273, 490, -1
416, 646, -1
420, 1421, -1
1, 714, -1
1176, 263, -1
902, 1052, -1
714, 763, -1
313, 1322, -1
128, 1020, -1
313, 1, -1
416, 273, -1
1234, 222, -1
769, 150, -1
416, 1176, -1
902, 5, -1
1421, 951, -1
1176, 128, -1
152, 986, -1
714, 1284, -1
723, 1351, -1
0, 956, -1
769, 900, -1
1020, 643, -1
368, 723, -1
1, 17, -1
273, 714, -1
1234, 343, -1
273, 723, -1
1, 273, -1
763, 358, -1
769, 1421, -1
763, 605, -1
1, 956, -1
313, 643, -1
1234, 626, -1
714, 1234, -1
576, 626, -1
646, 959, -1
128, 368, -1
959, 763, -1
0, 1351, -1
1284, 959, -1
490, 1367, -1
714, 605, -1
420, 1052, -1
900, 1351, -1
986, 646, -1
263, 1343, -1
0, 951, -1
769, 1322, -1
986, 902, -1
769, 1, -1
646, 150, -1
1176, 626, -1
420, 5, -1
0, 313, -1
900, 313, -1
358, 1351, -1
1234, 1003, -1
576, 1421, -1
0, 1234, -1
900, 1234, -1
1176, 900, -1
1, 951, -1
986, 358, -1
0, 416, -1
900, 605, -1
152, 1367, -1
420, 1020, -1
626, 222, -1
1176, 1421, -1
222, 626, -1
769, 643, -1
1421, 959, -1
1037, 1351, -1
150, 1052, -1
763, 959, -1
643, 1052, -1
1003, 1367, -1
273, 1351, -1
1037, 951, -1
769, 490, -1
17, 626, -1
626, 343, -1
1421, 150, -1
902, 763, -1
150, 5, -1
273, 951, -1
576, 769, -1
1, 263, -1
1176, 1, -1
128, 313, -1
902, 1037, -1
714, 986, -1
128, 1234, -1
902, 1284, -1
0, 420, -1
368, 605, -1
902, 646, -1
626, 1367, -1
128, 605, -1
150, 1020, -1
17, 1421, -1
956, 1367, -1
0, 959, -1
646, 1052, -1
951, 763, -1
723, 1421, -1
626, 1003, -1
1176, 643, -1
416, 626, -1
5, 646, -1
0, 150, -1
646, 5, -1
576, 1020, -1
5, 902, -1
416, 1367, -1
420, 763, -1
1176, 490, -1
1367, 1351, -1
313, 646, -1
1234, 1343, -1
490, 1343, -1
1367, 951, -1
313, 902, -1
358, 626, -1
368, 420, -1
343, 763, -1
420, 1284, -1
273, 420, -1
1020, 605, -1
17, 769, -1
1234, 714, -1
986, 222, -1
222, 1110, -1
1234, 723, -1
5, 358, -1
5, 605, -1
1, 900, -1
490, 1037, -1
313, 358, -1
368, 959, -1
714, 1367, -1
313, 605, -1
273, 959, -1
986, 343, -1
490, 646, -1
128, 986, -1
1037, 150, -1
1176, 723, -1
152, 1343, -1
1, 1421, -1
368, 150, -1
723, 1052, -1
626, 1110, -1
273, 150, -1
0, 1322, -1
150, 763, -1
1234, 17, -1
420, 605, -1
986, 626, -1
956, 1110, -1
1003, 1343, -1
1234, 956, -1
150, 1284, -1
17, 1020, -1
152, 1037, -1
0, 769, -1
152, 646, -1
416, 1110, -1
723, 1020, -1
0, 1052, -1
956, 1176, -1
358, 769, -1
986, 576, -1
490, 769, -1
5, 1, -1
956, 1, -1
222, 5, -1
1037, 1, -1
626, 769, -1
951, 1020, -1
150, 605, -1
646, 900, -1
1284, 900, -1
420, 273, -1
263, 1037, -1
1, 152, -1
420, 1176, -1
1003, 273, -1
956, 769, -1
5, 723, -1
1003, 1176, -1
263, 1284, -1
959, 313, -1
1284, 152, -1
1421, 313, -1
263, 1421, -1
626, 152, -1
420, 1, -1
1037, 723, -1
959, 1234, -1
1003, 1, -1
358, 273, -1
769, 152, -1
646, 420, -1
1351, 263, -1
723, 368, -1
723, 313, -1
1234, 416, -1
626, 490, -1
1284, 17, -1
626, 17, -1
951, 1052, -1
420, 769, -1
1037, 643, -1
1003, 769, -1
626, 273, -1
1284, 1322, -1
951, 5, -1
1284, 1, -1
263, 605, -1
5, 416, -1
956, 273, -1
150, 273, -1
1234, 128, -1
1351, 951, -1
959, 1037, -1
313, 416, -1
959, 1284, -1
959, 1110, -1
646, 769, -1
900, 368, -1
1037, 956, -1
763, 152, -1
222, 313, -1
150, 1, -1
273, 416, -1
1234, 576, -1
1421, 646, -1
1284, 723, -1
1421, 1003, -1
1343, 263, -1
951, 626, -1
902, 313, -1
986, 1, -1
5, 128, -1
17, 368, -1
490, 368, -1
490, 313, -1
263, 1110, -1
646, 643, -1
763, 17, -1
150, 769, -1
1284, 643, -1
1037, 128, -1
263, 646, -1
313, 128, -1
5, 1003, -1
273, 128, -1
646, 17, -1
763, 1322, -1
763, 1, -1
313, 576, -1
1343, 222, -1
1, 416, -1
646, 273, -1
714, 273, -1
1343, 951, -1
273, 576, -1
959, 986, -1
714, 1176, -1
646, 956, -1
222, 1037, -1
626, 416, -1
1284, 956, -1
959, 769, -1
1421, 769, -1
714, 1, -1
986, 152, -1
951, 313, -1
222, 1421, -1
1343, 343, -1
951, 1234, -1
1037, 416, -1
1, 128, -1
420, 368, -1
902, 1421, -1
420, 313, -1
714, 769, -1
1003, 368, -1
951, 605, -1
1003, 313, -1
646, 723, -1
900, 1176, -1
1284, 128, -1
626, 128, -1
1, 576, -1
343, 313, -1
263, 1052, -1
1351, 959, -1
358, 313, -1
626, 576, -1
1037, 900, -1
222, 605, -1
1, 368, -1
959, 273, -1
263, 5, -1
769, 576, -1
959, 1020, -1
1234, 1, -1
902, 605, -1
951, 1037, -1
626, 368, -1
1110, 643, -1
626, 313, -1
358, 605, -1
951, 1110, -1
951, 1284, -1
723, 273, -1
1037, 1003, -1
723, 1176, -1
951, 1421, -1
951, 646, -1
956, 368, -1
1037, 420, -1
956, 313, -1
646, 416, -1
902, 769, -1
723, 1, -1
1284, 416, -1
150, 313, -1
263, 1020, -1
763, 128, -1
951, 273, -1
1421, 723, -1
1284, 626, -1
769, 416, -1
343, 1110, -1
1343, 959, -1
1343, 358, -1
723, 769, -1
959, 1052, -1
343, 646, -1
1234, 152, -1
358, 1421, -1
222, 273, -1
1343, 150, -1
951, 986, -1
959, 5, -1
986, 416, -1
646, 1003, -1
900, 1, -1
902, 273, -1
951, 769, -1
769, 128, -1
1284, 1003, -1
222, 1, -1
5, 152, -1
490, 273, -1
17, 1176, -1
490, 1176, -1
1284, 420, -1
1, 1176, -1
714, 368, -1
646, 313, -1
714, 313, -1
902, 1, -1
1343, 1110, -1
763, 416, -1
1037, 152, -1
313, 152, -1
358, 1, -1
263, 313, -1
490, 1, -1
222, 769, -1
273, 152, -1
5, 17, -1
626, 1176, -1
986, 128, -1
1367, 1003, -1
763, 626, -1
1343, 902, -1
1037, 17, -1
5, 420, -1
5, 956, -1
959, 1421, -1
959, 646, -1
959, 626, -1
1421, 273, -1
150, 1421, -1
5, 643, -1
1351, 343, -1
5, 900, -1
1421, 416, -1
959, 605, -1

537, 959, 1
537, 956, 1
537, 17, 1
537, 150, 1
537, 222, 1
537, 420, 1
537, 490, 1
537, 723, 1
537, 358, 1
537, 416, 1
537, 951, 1
537, 902, 1
537, 152, 1
537, 263, 1
537, 714, 1
537, 1003, 1
537, 900, 1
537, 343, 1
537, 576, 1
537, 128, 1
537, 1322, 1
537, 643, 1
32, 986, 1
32, 5, 1
32, 368, 1
32, 1367, 1
32, 1284, 1
32, 1234, 1
32, 1037, 1
32, 273, 1
32, 769, 1
32, 763, 1
32, 313, 1
32, 1176, 1
32, 1020, 1
32, 1110, 1
32, 1052, 1
422, 959, 1
422, 956, 1
422, 17, 1
422, 150, 1
422, 222, 1
422, 420, 1
422, 490, 1
422, 723, 1
422, 358, 1
422, 416, 1
422, 951, 1
422, 902, 1
422, 152, 1
422, 263, 1
422, 714, 1
422, 1003, 1
422, 900, 1
422, 343, 1
422, 576, 1
422, 128, 1
422, 1322, 1
422, 643, 1
422, 537, 1
915, 986, 1
915, 5, 1
915, 368, 1
915, 1367, 1
915, 1284, 1
915, 1234, 1
915, 1037, 1
915, 273, 1
915, 769, 1
915, 763, 1
915, 313, 1
915, 1176, 1
915, 1020, 1
915, 1110, 1
915, 1052, 1
915, 32, 1
1032, 986, 1
1032, 5, 1
1032, 368, 1
1032, 1367, 1
1032, 1284, 1
1032, 1234, 1
1032, 1037, 1
1032, 273, 1
1032, 769, 1
1032, 763, 1
1032, 313, 1
1032, 1176, 1
1032, 1020, 1
1032, 1110, 1
1032, 1052, 1
1032, 32, 1
1032, 915, 1
152, 902, 1
769, 1234, 1
152, 17, 1
17, 714, 1
17, 723, 1
956, 422, 1
902, 222, 1
150, 358, 1
643, 358, 1
1003, 902, 1
128, 1322, 1
358, 643, 1
576, 951, 1
313, 986, 1
1322, 902, 1
1284, 1037, 1
358, 490, 1
416, 422, 1
420, 959, 1
902, 343, 1
416, 714, 1
128, 576, 1
368, 1052, 1
416, 723, 1
1176, 313, 1
273, 1052, 1
1284, 1176, 1
490, 263, 1
1176, 1234, 1
1052, 1037, 1
956, 17, 1
368, 5, 1
986, 1110, 1
714, 422, 1
273, 5, 1
368, 32, 1
358, 723, 1
222, 951, 1
951, 343, 1
763, 1037, 1
1020, 1367, 1
416, 17, 1
150, 959, 1
769, 986, 1
5, 1367, 1
490, 222, 1
17, 951, 1
152, 263, 1
576, 420, 1
416, 956, 1
313, 1367, 1
763, 1176, 1
1003, 263, 1
490, 343, 1
714, 902, 1
576, 959, 1
956, 951, 1
643, 222, 1
1322, 263, 1
152, 222, 1
576, 150, 1
723, 358, 1
416, 951, 1
490, 900, 1
313, 32, 1
1003, 222, 1
900, 902, 1
643, 343, 1
152, 343, 1
128, 422, 1
956, 263, 1
1322, 222, 1
490, 1003, 1
769, 1367, 1
17, 420, 1
1037, 763, 1
900, 358, 1
222, 959, 1
1003, 343, 1
368, 763, 1
5, 1110, 1
273, 763, 1
416, 263, 1
152, 900, 1
1322, 343, 1
368, 1037, 1
902, 422, 1
313, 1110, 1
17, 959, 1
368, 1284, 1
273, 1037, 1
128, 152, 1
576, 1322, 1
273, 1284, 1
416, 537, 1
643, 1003, 1
152, 1003, 1
1003, 900, 1
769, 5, 1
17, 150, 1
128, 902, 1
723, 959, 1
769, 32, 1
128, 17, 1
1322, 900, 1
368, 1176, 1
416, 420, 1
128, 358, 1
1322, 1003, 1
959, 951, 1
576, 643, 1
1110, 1367, 1
1020, 1037, 1
358, 420, 1
537, 422, 1
1367, 763, 1
956, 900, 1
420, 422, 1
1176, 1052, 1
714, 222, 1
416, 150, 1
902, 956, 1
1234, 1020, 1
1176, 5, 1
358, 959, 1
17, 1322, 1
416, 900, 1
1176, 32, 1
959, 263, 1
714, 343, 1
358, 150, 1
900, 222, 1
313, 273, 1
490, 723, 1
313, 1176, 1
420, 902, 1
150, 422, 1
32, 915, 1
643, 422, 1
17, 643, 1
900, 343, 1
368, 986, 1
273, 986, 1
1284, 1110, 1
714, 1003, 1
769, 1037, 1
152, 714, 1
152, 723, 1
769, 1284, 1
313, 915, 1
490, 956, 1
902, 263, 1
128, 222, 1
1003, 723, 1
150, 902, 1
1052, 1110, 1
769, 273, 1
769, 1176, 1
416, 643, 1
1322, 723, 1
128, 343, 1
416, 490, 1
643, 956, 1
763, 1110, 1
1176, 763, 1
152, 956, 1
490, 951, 1
576, 902, 1
951, 263, 1
1176, 1037, 1
1037, 1367, 1
1176, 1284, 1
368, 1367, 1
769, 915, 1
1003, 956, 1
273, 1367, 1
1322, 956, 1
576, 358, 1
128, 1003, 1
643, 951, 1
152, 951, 1
723, 422, 1
902, 900, 1
420, 222, 1
222, 902, 1
273, 32, 1
1003, 951, 1
902, 1003, 1
152, 416, 1
714, 723, 1
1322, 951, 1
643, 263, 1
17, 902, 1
490, 420, 1
420, 343, 1
986, 1020, 1
222, 358, 1
900, 422, 1
152, 537, 1
723, 902, 1
490, 959, 1
17, 358, 1
368, 1110, 1
273, 1110, 1
150, 222, 1
643, 420, 1
490, 150, 1
152, 420, 1
714, 956, 1
986, 368, 1
150, 343, 1
1176, 986, 1
1003, 420, 1
576, 222, 1
643, 150, 1
1322, 420, 1
358, 902, 1
152, 150, 1
1020, 1110, 1
313, 769, 1
1003, 959, 1
128, 714, 1
128, 723, 1
643, 900, 1
714, 951, 1
576, 343, 1
1003, 150, 1
150, 1003, 1
956, 420, 1
1322, 150, 1
902, 723, 1
900, 951, 1
1037, 1176, 1
368, 273, 1
956, 959, 1
714, 263, 1
273, 1176, 1
313, 1020, 1
128, 956, 1
1234, 1052, 1
17, 222, 1
152, 1322, 1
1176, 1367, 1
986, 1234, 1
490, 643, 1
956, 150, 1
222, 343, 1
1234, 5, 1
416, 959, 1
723, 222, 1
1234, 32, 1
900, 263, 1
17, 343, 1
714, 420, 1
769, 1110, 1
368, 915, 1
273, 915, 1
128, 951, 1
723, 343, 1
152, 643, 1
152, 490, 1
714, 150, 1
128, 416, 1
1322, 643, 1
902, 951, 1
358, 222, 1
714, 900, 1
128, 263, 1
1322, 490, 1
416, 1322, 1
1176, 1110, 1
128, 537, 1
150, 723, 1
643, 723, 1
358, 343, 1
1284, 5, 1
576, 422, 1
128, 420, 1
714, 1322, 1
1234, 763, 1
313, 1234, 1
1052, 5, 1
420, 951, 1
1234, 1037, 1
1234, 1284, 1
763, 1052, 1
576, 152, 1
150, 956, 1
358, 1003, 1
902, 420, 1
128, 150, 1
763, 5, 1
1052, 1020, 1
576, 17, 1
222, 422, 1
714, 643, 1
1234, 1176, 1
128, 900, 1
902, 959, 1
576, 956, 1
420, 263, 1
490, 358, 1
714, 490, 1
17, 422, 1
763, 1020, 1
263, 343, 1
150, 951, 1
1176, 273, 1
986, 1052, 1
1234, 915, 1
986, 5, 1
1284, 763, 1
152, 358, 1
986, 32, 1
150, 263, 1
1176, 915, 1
368, 769, 1
1003, 358, 1
576, 416, 1
420, 150, 1
17, 956, 1
1322, 358, 1
1037, 1110, 1
358, 422, 1
128, 643, 1
956, 902, 1
576, 263, 1
420, 900, 1
1052, 1284, 1
150, 420, 1
723, 956, 1
128, 490, 1
576, 537, 1
416, 902, 1
956, 358, 1
763, 1284, 1
368, 1020, 1
643, 959, 1
902, 643, 1
273, 1020, 1
152, 959, 1
416, 358, 1
723, 951, 1
150, 900, 1
222, 263, 1
1020, 5, 1
986, 763, 1
358, 956, 1
1322, 959, 1
313, 1052, 1
17, 263, 1
986, 1037, 1
313, 5, 1
986, 1284, 1
714, 358, 1
1234, 1367, 1
576, 900, 1
723, 263, 1
986, 1176, 1
576, 1003, 1
358, 951, 1
723, 420, 1
769, 1052, 1
956, 222, 1
150, 643, 1
986, 915, 1
358, 263, 1
368, 313, 1
714, 959, 1
416, 222, 1
956, 343, 1
17, 900, 1
368, 1234, 1
723, 150, 1
769, 1020, 1
273, 1234, 1
1234, 1110, 1
1284, 1367, 1
1176, 769, 1
723, 900, 1
5, 763, 1
17, 1003, 1
416, 343, 1
1020, 1284, 1
576, 490, 1
900, 959, 1
5, 1037, 1
313, 763, 1
313, 1037, 1
900, 150, 1
1052, 1367, 1
313, 1284, 1
490, 422, 1
5, 1176, 1
763, 1367, 1
1176, 1020, 1
416, 1003, 1
576, 714, 1
576, 723, 1
358, 900, 1
128, 959, 1
152, 422, 1
769, 763, 1
17, 490, 1
490, 902, 1
420, 358, 1
1003, 422, 1
959, 343, 1
1176, 368, 1
1322, 422, 1
986, 1367, 1
643, 902, 1
951, 490, 1
420, 152, 1
5, 1020, 1
490, 714, 1
1037, 273, 1
1003, 152, 1
576, 128, 1
986, 313, 1
1322, 152, 1
951, 956, 1
1020, 769, 1
951, 1322, 1
714, 537, 1
1020, 915, 1
714, 128, 1
1234, 368, 1
900, 416, 1
1020, 1052, 1
420, 1322, 1
1003, 1322, 1
902, 416, 1
263, 902, 1
1037, 915, 1
17, 416, 1
956, 643, 1
1037, 1052, 1
358, 1322, 1
900, 537, 1
643, 152, 1
1284, 273, 1
951, 222, 1
900, 128, 1
420, 723, 1
1037, 5, 1
723, 416, 1
263, 959, 1
263, 358, 1
902, 537, 1
263, 422, 1
416, 152, 1
17, 537, 1
900, 1003, 1
420, 643, 1
17, 128, 1
490, 128, 1
1003, 643, 1
263, 150, 1
956, 1322, 1
769, 1032, 1
343, 222, 1
1037, 1020, 1
420, 490, 1
723, 537, 1
986, 273, 1
1052, 1176, 1
723, 128, 1
1284, 915, 1
1284, 1052, 1
1234, 313, 1
420, 956, 1
723, 1003, 1
222, 416, 1
956, 723, 1
951, 537, 1
152, 128, 1
1020, 368, 1
1020, 313, 1
358, 416, 1
986, 769, 1
343, 263, 1
152, 576, 1
951, 1003, 1
222, 537, 1
1052, 915, 1
951, 420, 1
1003, 128, 1
313, 368, 1
1284, 1020, 1
1110, 273, 1
273, 368, 1
273, 313, 1
358, 537, 1
1176, 1032, 1
1322, 128, 1
490, 537, 1
222, 1003, 1
956, 416, 1
763, 915, 1
900, 420, 1
643, 416, 1
1322, 576, 1
343, 951, 1
951, 150, 1
1110, 769, 1
956, 537, 1
420, 416, 1
956, 128, 1
1234, 273, 1
1003, 416, 1
643, 537, 1
5, 1284, 1
951, 900, 1
643, 128, 1
902, 358, 1
1037, 1284, 1
222, 150, 1
1284, 368, 1
956, 1003, 1
1322, 416, 1
900, 714, 1
1234, 986, 1
416, 128, 1
420, 537, 1
769, 313, 1
902, 150, 1
32, 1032, 1
769, 368, 1
1003, 537, 1
420, 128, 1
723, 1322, 1
951, 902, 1
1234, 769, 1
951, 17, 1
416, 576, 1
900, 643, 1
1322, 537, 1
420, 1003, 1
1052, 368, 1
1052, 313, 1
900, 490, 1
150, 416, 1
900, 17, 1
951, 959, 1
313, 1032, 1
343, 1003, 1
368, 1032, 1
951, 422, 1
951, 358, 1
343, 902, 1
273, 1032, 1
900, 956, 1
763, 368, 1
763, 313, 1
900, 1322, 1
723, 643, 1
273, 769, 1
263, 222, 1
951, 714, 1
150, 537, 1
951, 723, 1
263, 951, 1
343, 959, 1
343, 358, 1
490, 1322, 1
951, 643, 1
900, 723, 1
343, 150, 1
222, 723, 1
1110, 313, 1
5, 273, 1
714, 416, 1
959, 714, 1
150, 17, 1
900, 152, 1
959, 537, 1
763, 769, 1
643, 17, 1
959, 900, 1
959, 723, 1
17, 152, 1
490, 152, 1
959, 1003, 1
17, 576, 1
959, 222, 1
959, 643, 1
1284, 769, 1
490, 576, 1
643, 1322, 1
5, 769, 1
222, 17, 1
420, 17, 1
1003, 17, 1
959, 420, 1
1052, 273, 1
959, 902, 1
959, 490, 1
723, 152, 1
1322, 17, 1
714, 152, 1
959, 17, 1
5, 915, 1
490, 17, 1
714, 576, 1
1037, 769, 1
358, 17, 1
263, 1003, 1
763, 273, 1
5, 1052, 1
956, 152, 1
959, 956, 1
343, 422, 1
1284, 313, 1
723, 17, 1
959, 358, 1
714, 17, 1
959, 422, 1
1052, 769, 1
959, 1322, 1
5, 313, 1
1020, 1176, 1
959, 150, 1
956, 490, 1
1037, 313, 1
1367, 313, 1
490, 416, 1
537, 626, -1
537, 0, -1
537, 1, -1
537, 646, -1
537, 605, -1
537, 986, -1
537, 5, -1
537, 368, -1
537, 1367, -1
537, 1284, -1
537, 1234, -1
537, 1037, -1
537, 273, -1
537, 769, -1
537, 763, -1
537, 313, -1
537, 1176, -1
537, 1020, -1
537, 1110, -1
537, 1052, -1
537, 1343, -1
537, 1351, -1
537, 1421, -1
32, 959, -1
32, 956, -1
32, 17, -1
32, 150, -1
32, 222, -1
32, 420, -1
32, 490, -1
32, 723, -1
32, 358, -1
32, 416, -1
32, 951, -1
32, 902, -1
32, 152, -1
32, 263, -1
32, 714, -1
32, 1003, -1
32, 900, -1
32, 343, -1
32, 576, -1
32, 128, -1
32, 1322, -1
32, 643, -1
32, 537, -1
32, 626, -1
32, 0, -1
32, 1, -1
32, 646, -1
32, 605, -1
32, 1343, -1
32, 1351, -1
32, 1421, -1
422, 626, -1
422, 0, -1
422, 1, -1
422, 646, -1
422, 605, -1
422, 986, -1
422, 5, -1
422, 368, -1
422, 1367, -1
422, 1284, -1
422, 1234, -1
422, 1037, -1
422, 273, -1
422, 769, -1
422, 763, -1
422, 313, -1
422, 1176, -1
422, 1020, -1
422, 1110, -1
422, 1052, -1
422, 32, -1
422, 1343, -1
422, 1351, -1
422, 1421, -1
915, 959, -1
915, 956, -1
915, 17, -1
915, 150, -1
915, 222, -1
915, 420, -1
915, 490, -1
915, 723, -1
915, 358, -1
915, 416, -1
915, 951, -1
915, 902, -1
915, 152, -1
915, 263, -1
915, 714, -1
915, 1003, -1
915, 900, -1
915, 343, -1
915, 576, -1
915, 128, -1
915, 1322, -1
915, 643, -1
915, 537, -1
915, 422, -1
915, 626, -1
915, 0, -1
915, 1, -1
915, 646, -1
915, 605, -1
915, 1343, -1
915, 1351, -1
915, 1421, -1
1032, 959, -1
1032, 956, -1
1032, 17, -1
1032, 150, -1
1032, 222, -1
1032, 420, -1
1032, 490, -1
1032, 723, -1
1032, 358, -1
1032, 416, -1
1032, 951, -1
1032, 902, -1
1032, 152, -1
1032, 263, -1
1032, 714, -1
1032, 1003, -1
1032, 900, -1
1032, 343, -1
1032, 576, -1
1032, 128, -1
1032, 1322, -1
1032, 643, -1
1032, 537, -1
1032, 422, -1
1032, 626, -1
1032, 0, -1
1032, 1, -1
1032, 646, -1
1032, 605, -1
1032, 1343, -1
1032, 1351, -1
1032, 1421, -1
959, 1367, -1
900, 1052, -1
358, 769, -1
986, 1003, -1
1003, 1037, -1
986, 576, -1
626, 422, -1
0, 643, -1
1, 769, -1
769, 358, -1
152, 273, -1
0, 5, -1
490, 915, -1
605, 902, -1
1003, 646, -1
900, 5, -1
1322, 1037, -1
1234, 1351, -1
769, 605, -1
1367, 959, -1
152, 1176, -1
576, 1351, -1
368, 1322, -1
150, 605, -1
956, 1343, -1
273, 1322, -1
1234, 951, -1
1322, 646, -1
152, 1032, -1
1, 643, -1
1003, 273, -1
1052, 422, -1
576, 313, -1
1284, 152, -1
0, 1020, -1
605, 358, -1
1052, 1343, -1
1322, 273, -1
576, 1234, -1
1284, 646, -1
1, 490, -1
416, 1343, -1
5, 222, -1
1284, 902, -1
1234, 416, -1
152, 915, -1
763, 422, -1
358, 1020, -1
313, 222, -1
1, 1020, -1
763, 1343, -1
1234, 263, -1
273, 643, -1
902, 1367, -1
626, 956, -1
5, 343, -1
1052, 152, -1
128, 5, -1
1003, 915, -1
956, 273, -1
222, 1351, -1
1176, 605, -1
1052, 646, -1
128, 32, -1
1234, 128, -1
313, 343, -1
1322, 915, -1
1110, 358, -1
769, 959, -1
1052, 902, -1
723, 763, -1
0, 368, -1
1, 723, -1
763, 152, -1
222, 313, -1
17, 1351, -1
763, 646, -1
1234, 420, -1
1421, 902, -1
626, 915, -1
763, 902, -1
714, 1037, -1
17, 313, -1
986, 422, -1
951, 1367, -1
368, 0, -1
17, 1234, -1
626, 951, -1
714, 646, -1
986, 1343, -1
5, 1003, -1
1176, 420, -1
0, 763, -1
1421, 358, -1
986, 714, -1
420, 1367, -1
986, 723, -1
313, 576, -1
714, 273, -1
959, 1343, -1
1234, 150, -1
0, 1037, -1
900, 1037, -1
0, 1284, -1
416, 1351, -1
343, 1367, -1
900, 1284, -1
0, 1052, -1
723, 605, -1
986, 152, -1
1176, 959, -1
605, 222, -1
900, 646, -1
1234, 900, -1
1284, 263, -1
626, 263, -1
0, 902, -1
902, 1110, -1
1176, 150, -1
490, 1421, -1
1234, 1421, -1
537, 32, -1
1284, 128, -1
714, 915, -1
605, 343, -1
986, 956, -1
152, 626, -1
0, 358, -1
150, 1367, -1
358, 313, -1
646, 222, -1
128, 763, -1
643, 1367, -1
0, 1032, -1
1284, 222, -1
1052, 263, -1
1, 313, -1
769, 576, -1
128, 1037, -1
1, 1234, -1
576, 1, -1
128, 1284, -1
358, 605, -1
605, 1367, -1
902, 1343, -1
1052, 128, -1
368, 646, -1
32, 422, -1
763, 263, -1
646, 343, -1
128, 646, -1
273, 646, -1
1284, 343, -1
368, 902, -1
986, 1351, -1
1020, 422, -1
273, 902, -1
1052, 222, -1
1176, 1322, -1
986, 951, -1
128, 273, -1
5, 422, -1
1003, 1421, -1
763, 128, -1
128, 1176, -1
959, 1351, -1
1037, 358, -1
5, 1343, -1
646, 1367, -1
368, 358, -1
576, 1052, -1
1037, 605, -1
1322, 1421, -1
490, 1110, -1
1421, 222, -1
1234, 643, -1
273, 358, -1
313, 422, -1
763, 222, -1
626, 900, -1
128, 1032, -1
273, 605, -1
313, 1343, -1
1052, 343, -1
951, 1343, -1
576, 5, -1
986, 416, -1
1234, 490, -1
1020, 152, -1
263, 1351, -1
646, 1003, -1
222, 1, -1
902, 273, -1
1, 420, -1
1284, 1003, -1
1020, 646, -1
5, 152, -1
986, 263, -1
1421, 343, -1
0, 986, -1
128, 915, -1
1020, 902, -1
763, 343, -1
263, 313, -1
956, 1421, -1
643, 1110, -1
313, 152, -1
17, 1, -1
152, 1110, -1
222, 769, -1
343, 1343, -1
1, 959, -1
986, 128, -1
420, 1037, -1
605, 1110, -1
1421, 1367, -1
313, 17, -1
0, 222, -1
416, 1421, -1
1, 150, -1
763, 900, -1
1052, 1003, -1
1003, 1110, -1
986, 420, -1
902, 915, -1
714, 626, -1
956, 1, -1
420, 646, -1
769, 422, -1
313, 956, -1
723, 1367, -1
222, 5, -1
1322, 1110, -1
1037, 959, -1
17, 1052, -1
763, 1421, -1
763, 1003, -1
0, 343, -1
420, 273, -1
1176, 0, -1
643, 1343, -1
956, 769, -1
17, 5, -1
416, 1, -1
576, 368, -1
605, 422, -1
626, 643, -1
537, 1032, -1
986, 150, -1
769, 152, -1
5, 951, -1
723, 5, -1
150, 1037, -1
626, 490, -1
416, 769, -1
0, 1367, -1
769, 646, -1
951, 1351, -1
900, 1367, -1
368, 222, -1
986, 900, -1
769, 902, -1
273, 222, -1
150, 646, -1
1, 1322, -1
537, 915, -1
769, 17, -1
576, 763, -1
626, 1020, -1
0, 576, -1
5, 416, -1
986, 1421, -1
1020, 263, -1
150, 273, -1
643, 273, -1
956, 1020, -1
368, 343, -1
576, 1037, -1
1284, 1343, -1
1110, 422, -1
313, 416, -1
5, 263, -1
273, 343, -1
576, 1284, -1
1421, 1110, -1
490, 1351, -1
1110, 1343, -1
358, 1052, -1
576, 646, -1
1020, 128, -1
1284, 723, -1
0, 32, -1
626, 723, -1
313, 263, -1
1, 1052, -1
128, 626, -1
5, 128, -1
416, 1020, -1
358, 5, -1
490, 313, -1
714, 1110, -1
313, 537, -1
1020, 222, -1
128, 1367, -1
1, 5, -1
1176, 646, -1
313, 128, -1
150, 915, -1
1176, 902, -1
643, 915, -1
643, 1351, -1
1234, 605, -1
1421, 422, -1
576, 605, -1
1110, 646, -1
368, 1003, -1
152, 1351, -1
368, 576, -1
1052, 723, -1
576, 1032, -1
273, 576, -1
1110, 902, -1
1020, 343, -1
646, 956, -1
1110, 17, -1
222, 1037, -1
900, 1110, -1
17, 763, -1
152, 313, -1
1176, 358, -1
986, 643, -1
1003, 1351, -1
763, 723, -1
605, 951, -1
152, 1234, -1
1367, 343, -1
17, 1037, -1
714, 1343, -1
416, 368, -1
986, 490, -1
17, 1284, -1
902, 1421, -1
1322, 1351, -1
1003, 313, -1
17, 646, -1
313, 626, -1
723, 1037, -1
723, 1284, -1
1322, 313, -1
1284, 1351, -1
0, 422, -1
1020, 1003, -1
646, 951, -1
723, 646, -1
313, 900, -1
222, 605, -1
1284, 951, -1
900, 1343, -1
5, 1421, -1
605, 263, -1
956, 1351, -1
769, 222, -1
1234, 959, -1
763, 956, -1
128, 1110, -1
17, 605, -1
723, 273, -1
313, 1421, -1
17, 1032, -1
313, 1003, -1
576, 986, -1
956, 313, -1
902, 769, -1
1052, 1351, -1
1284, 416, -1
0, 152, -1
358, 763, -1
769, 343, -1
1052, 951, -1
646, 263, -1
1, 763, -1
956, 605, -1
358, 1037, -1
416, 313, -1
1037, 422, -1
0, 17, -1
763, 1351, -1
358, 1284, -1
368, 422, -1
1110, 263, -1
1, 1037, -1
769, 626, -1
1, 1284, -1
416, 1234, -1
358, 646, -1
1037, 1343, -1
900, 273, -1
763, 951, -1
0, 273, -1
368, 1343, -1
273, 422, -1
0, 1176, -1
723, 915, -1
128, 1343, -1
273, 1343, -1
1052, 416, -1
416, 605, -1
714, 1351, -1
368, 714, -1
1, 902, -1
1176, 222, -1
902, 1020, -1
626, 420, -1
714, 313, -1
769, 1003, -1
1037, 152, -1
763, 416, -1
1110, 222, -1
1234, 1322, -1
490, 1, -1
368, 152, -1
643, 1421, -1
273, 152, -1
1037, 646, -1
1, 358, -1
1421, 263, -1
152, 1421, -1
17, 986, -1
0, 915, -1
1, 1032, -1
1176, 343, -1
1037, 902, -1
313, 490, -1
626, 959, -1
576, 1367, -1
368, 17, -1
420, 1110, -1
490, 769, -1
273, 17, -1
1110, 343, -1
1020, 1343, -1
1284, 150, -1
626, 150, -1
368, 956, -1
643, 1, -1
490, 1052, -1
273, 956, -1
646, 900, -1
152, 1, -1
1020, 723, -1
1367, 1343, -1
763, 420, -1
5, 723, -1
490, 5, -1
959, 313, -1
986, 605, -1
1110, 900, -1
643, 769, -1
313, 714, -1
1003, 1, -1
416, 986, -1
152, 769, -1
0, 263, -1
1176, 1003, -1
1176, 576, -1
1052, 150, -1
1284, 1421, -1
313, 723, -1
576, 32, -1
420, 1343, -1
368, 1351, -1
1322, 1, -1
1110, 1003, -1
128, 1351, -1
150, 1110, -1
222, 1367, -1
490, 1020, -1
152, 1052, -1
0, 537, -1
368, 951, -1
0, 128, -1
1003, 769, -1
763, 150, -1
152, 5, -1
17, 1367, -1
1, 986, -1
626, 1322, -1
1322, 769, -1
1052, 1421, -1
1003, 1052, -1
902, 1351, -1
368, 416, -1
576, 1110, -1
1322, 1052, -1
1003, 5, -1
643, 1020, -1
273, 416, -1
769, 1343, -1
152, 1020, -1
1037, 263, -1
368, 263, -1
1, 222, -1
1322, 5, -1
150, 1343, -1
902, 313, -1
273, 263, -1
769, 714, -1
986, 959, -1
1020, 1351, -1
769, 723, -1
646, 643, -1
626, 1052, -1
368, 537, -1
714, 1421, -1
1020, 951, -1
1003, 1020, -1
5, 1351, -1
1037, 128, -1
273, 537, -1
368, 128, -1
956, 1052, -1
273, 128, -1
626, 5, -1
1, 343, -1
1322, 1020, -1
313, 1351, -1
0, 900, -1
1037, 222, -1
576, 1343, -1
956, 5, -1
1110, 490, -1
313, 951, -1
1020, 416, -1
490, 763, -1
416, 1052, -1
714, 1, -1
152, 368, -1
420, 1351, -1
358, 1367, -1
951, 313, -1
900, 1421, -1
0, 1003, -1
1176, 422, -1
1, 1367, -1
769, 956, -1
1037, 343, -1
1176, 1343, -1
416, 5, -1
343, 1351, -1
17, 1110, -1
490, 1284, -1
420, 313, -1
714, 769, -1
416, 32, -1
1176, 714, -1
763, 643, -1
1234, 646, -1
646, 723, -1
1367, 263, -1
1, 1003, -1
1234, 902, -1
368, 626, -1
343, 313, -1
723, 1110, -1
273, 626, -1
1110, 714, -1
714, 1052, -1
986, 1322, -1
1110, 723, -1
152, 763, -1
1176, 152, -1
368, 900, -1
576, 273, -1
576, 1176, -1
222, 1343, -1
273, 900, -1
769, 1351, -1
714, 5, -1
1234, 358, -1
152, 1284, -1
900, 769, -1
150, 1351, -1
769, 951, -1
1037, 1421, -1
490, 605, -1
1176, 17, -1
368, 1421, -1
1003, 763, -1
1037, 1003, -1
128, 1421, -1
17, 1343, -1
273, 1421, -1
273, 1003, -1
313, 420, -1
1322, 763, -1
150, 313, -1
1176, 956, -1
714, 1020, -1
643, 313, -1
1003, 1284, -1
0, 1110, -1
5, 959, -1
723, 1343, -1
1020, 150, -1
222, 646, -1
769, 416, -1
576, 915, -1
1110, 956, -1
0, 490, -1
1322, 1284, -1
368, 1, -1
263, 1367, -1
313, 959, -1
358, 1110, -1
5, 150, -1
128, 1, -1
643, 605, -1
626, 763, -1
769, 263, -1
152, 605, -1
1, 1110, -1
222, 273, -1
626, 1037, -1
313, 150, -1
900, 1020, -1
626, 1284, -1
769, 537, -1
1176, 1351, -1
128, 769, -1
769, 128, -1
1020, 1421, -1
956, 1037, -1
17, 273, -1
1003, 605, -1
1176, 951, -1
956, 1284, -1
626, 902, -1
1110, 1351, -1
902, 1, -1
416, 763, -1
956, 646, -1
128, 1052, -1
1322, 605, -1
1110, 951, -1
0, 714, -1
368, 643, -1
769, 420, -1
0, 723, -1
1367, 1003, -1
358, 1343, -1
416, 1037, -1
416, 1284, -1
1284, 358, -1
368, 490, -1
1176, 416, -1
626, 358, -1
1284, 605, -1
273, 490, -1
416, 646, -1
420, 1421, -1
1, 714, -1
1176, 263, -1
17, 915, -1
1110, 416, -1
902, 1052, -1
714, 763, -1
313, 1322, -1
128, 1020, -1
416, 273, -1
1234, 222, -1
769, 150, -1
416, 1176, -1
1176, 537, -1
902, 5, -1
1421, 951, -1
1176, 128, -1
1052, 358, -1
152, 986, -1
714, 1284, -1
723, 1351, -1
0, 956, -1
1052, 605, -1
605, 959, -1
769, 900, -1
1110, 537, -1
416, 1032, -1
420, 1, -1
1037, 723, -1
368, 723, -1
1, 17, -1
358, 273, -1
1234, 343, -1
273, 714, -1
646, 420, -1
273, 723, -1
723, 313, -1
605, 150, -1
763, 358, -1
1, 273, -1
769, 1421, -1
763, 605, -1
1, 956, -1
420, 769, -1
313, 643, -1
1110, 420, -1
1234, 626, -1
416, 915, -1
150, 1421, -1
714, 1234, -1
576, 626, -1
646, 959, -1
128, 368, -1
1284, 959, -1
490, 1367, -1
714, 605, -1
420, 1052, -1
900, 1351, -1
986, 646, -1
263, 1343, -1
0, 951, -1
1110, 959, -1
986, 902, -1
769, 1322, -1
1176, 626, -1
358, 915, -1
420, 5, -1
0, 313, -1
358, 1351, -1
900, 313, -1
150, 1, -1
1234, 1003, -1
576, 1421, -1
1234, 576, -1
1, 915, -1
0, 1234, -1
1110, 150, -1
1176, 900, -1
1, 951, -1
986, 358, -1
1052, 959, -1
0, 416, -1
900, 605, -1
150, 769, -1
626, 222, -1
420, 1020, -1
152, 1367, -1
1176, 1421, -1
769, 643, -1
1421, 959, -1
1037, 1351, -1
150, 1052, -1
763, 959, -1
643, 1052, -1
1003, 1367, -1
273, 1351, -1
1037, 951, -1
769, 490, -1
17, 626, -1
626, 343, -1
1421, 150, -1
902, 763, -1
150, 5, -1
273, 951, -1
643, 5, -1
1, 263, -1
576, 769, -1
1322, 1367, -1
1176, 1, -1
128, 313, -1
222, 1421, -1
902, 1037, -1
714, 986, -1
128, 1234, -1
902, 1284, -1
0, 420, -1
1, 537, -1
1110, 1322, -1
152, 32, -1
1037, 416, -1
902, 646, -1
368, 605, -1
626, 1367, -1
128, 605, -1
150, 1020, -1
17, 1421, -1
956, 1367, -1
0, 959, -1
723, 1421, -1
626, 1003, -1
1176, 643, -1
416, 626, -1
5, 646, -1
0, 150, -1
576, 1020, -1
902, 605, -1
5, 902, -1
1176, 490, -1
416, 1367, -1
1234, 422, -1
1367, 1351, -1
1110, 643, -1
313, 646, -1
490, 1343, -1
1234, 1343, -1
1367, 951, -1
313, 902, -1
368, 420, -1
1020, 358, -1
723, 1, -1
420, 1284, -1
17, 769, -1
273, 420, -1
1020, 605, -1
1234, 714, -1
986, 222, -1
222, 1110, -1
1234, 723, -1
5, 358, -1
5, 605, -1
1, 900, -1
490, 1037, -1
313, 358, -1
368, 959, -1
723, 769, -1
714, 1367, -1
1234, 152, -1
313, 605, -1
273, 959, -1
358, 1421, -1
490, 646, -1
986, 343, -1
128, 986, -1
1037, 150, -1
1176, 723, -1
152, 1343, -1
368, 150, -1
723, 1052, -1
626, 1110, -1
0, 1322, -1
273, 150, -1
150, 763, -1
643, 763, -1
900, 1, -1
420, 605, -1
986, 626, -1
490, 273, -1
956, 1110, -1
1003, 1343, -1
643, 1037, -1
1234, 956, -1
150, 1284, -1
17, 1020, -1
358, 1, -1
152, 1037, -1
643, 1284, -1
0, 769, -1
1322, 1343, -1
643, 646, -1
152, 646, -1
416, 1110, -1
723, 1020, -1
1284, 422, -1
1020, 959, -1
956, 1176, -1
1421, 537, -1
763, 537, -1
643, 1176, -1
1052, 420, -1
263, 763, -1
646, 763, -1
626, 769, -1
951, 1020, -1
1110, 626, -1
1284, 900, -1
1, 152, -1
263, 1037, -1
646, 1037, -1
420, 1176, -1
646, 1284, -1
1003, 1176, -1
263, 1284, -1
1421, 313, -1
263, 1421, -1
626, 152, -1
1020, 643, -1
959, 1234, -1
1322, 1176, -1
646, 902, -1
1351, 263, -1
723, 368, -1
1110, 1421, -1
1284, 17, -1
605, 769, -1
951, 1052, -1
1037, 643, -1
420, 915, -1
1020, 956, -1
646, 358, -1
959, 763, -1
646, 422, -1
951, 5, -1
1284, 1322, -1
263, 605, -1
1234, 537, -1
723, 626, -1
646, 150, -1
1351, 951, -1
959, 1037, -1
959, 1284, -1
1052, 17, -1
959, 1110, -1
900, 368, -1
646, 769, -1
1037, 956, -1
1343, 263, -1
1421, 1003, -1
900, 1234, -1
5, 537, -1
951, 626, -1
1052, 1322, -1
17, 368, -1
490, 368, -1
763, 17, -1
263, 1110, -1
1284, 643, -1
263, 646, -1
956, 915, -1
17, 32, -1
490, 32, -1
490, 1234, -1
900, 626, -1
1, 32, -1
222, 626, -1
900, 763, -1
763, 1322, -1
222, 763, -1
1343, 222, -1
626, 32, -1
902, 626, -1
1343, 951, -1
959, 986, -1
714, 1176, -1
490, 626, -1
643, 368, -1
646, 1020, -1
1284, 956, -1
959, 769, -1
1421, 769, -1
1052, 643, -1
959, 915, -1
1020, 626, -1
1343, 343, -1
951, 1234, -1
605, 5, -1
1, 128, -1
420, 368, -1
986, 17, -1
5, 626, -1
1003, 368, -1
951, 605, -1
626, 537, -1
1020, 537, -1
900, 1176, -1
1037, 626, -1
626, 128, -1
646, 915, -1
1, 576, -1
1322, 368, -1
1052, 956, -1
646, 1052, -1
1351, 959, -1
263, 1052, -1
951, 763, -1
626, 576, -1
1037, 900, -1
1037, 537, -1
1322, 32, -1
1, 368, -1
959, 273, -1
1020, 420, -1
263, 5, -1
646, 5, -1
420, 626, -1
959, 1020, -1
951, 1037, -1
1003, 626, -1
626, 368, -1
626, 313, -1
420, 763, -1
951, 1284, -1
951, 1110, -1
605, 537, -1
723, 1176, -1
951, 1421, -1
951, 646, -1
1322, 626, -1
956, 368, -1
1037, 420, -1
343, 763, -1
358, 626, -1
263, 1020, -1
605, 1003, -1
951, 273, -1
1284, 626, -1
343, 1110, -1
1343, 959, -1
1343, 358, -1
1343, 422, -1
959, 1052, -1
343, 646, -1
646, 537, -1
605, 313, -1
1284, 537, -1
956, 626, -1
1020, 900, -1
1343, 150, -1
951, 986, -1
150, 626, -1
956, 763, -1
959, 5, -1
643, 626, -1
1234, 17, -1
951, 769, -1
1052, 626, -1
17, 1176, -1
490, 1176, -1
1284, 420, -1
900, 986, -1
951, 915, -1
1, 1176, -1
714, 368, -1
646, 313, -1
1020, 17, -1
1343, 1110, -1
1052, 900, -1
986, 537, -1
1052, 537, -1
714, 32, -1
5, 17, -1
626, 1176, -1
1, 422, -1
763, 626, -1
490, 986, -1
1343, 902, -1
900, 915, -1
1020, 1322, -1
1037, 17, -1
5, 956, -1
1421, 723, -1
959, 1421, -1
605, 17, -1
959, 646, -1
605, 273, -1
1351, 343, -1
5, 900, -1
605, 416, -1
1421, 17, -1
1421, 273, -1
5, 643, -1
1421, 416, -1
959, 605, -1
646, 17, -1
5, 420, -1
605, 763, -1
626, 17, -1
1, 416, -1
646, 273, -1
959, 626, -1
626, 273, -1
605, 723, -1
646, 416, -1
605, 1037, -1
626, 416, -1
1421, 763, -1

