712, 194, 1
0, 194, 1
0, 712, 1
490, 222, 1
194, 712, 1
712, 0, 1
1301, 194, -1
1301, 712, -1
0, 1301, -1
222, 194, -1
222, 712, -1
222, 0, -1
222, 1301, -1
490, 194, -1
490, 712, -1
490, 0, -1
490, 1301, -1
194, 490, -1
0, 222, -1
712, 222, -1
712, 1301, -1
1301, 222, -1
194, 222, -1
194, 1301, -1
0, 490, -1
712, 490, -1

930, 1301, 1
125, 194, 1
125, 712, 1
125, 0, 1
823, 1301, 1
823, 930, 1
869, 194, 1
869, 712, 1
869, 0, 1
869, 125, 1
56, 1301, 1
56, 930, 1
56, 823, 1
1291, 1301, 1
1291, 930, 1
1291, 823, 1
1291, 56, 1
194, 869, 1
712, 869, 1
0, 125, 1
1301, 823, 1
712, 125, 1
930, 1291, 1
194, 125, 1
125, 869, 1
0, 712, 1
0, 869, 1
0, 194, 1
712, 194, 1
930, 823, 1
56, 1291, 1
712, 0, 1
930, 194, -1
930, 712, -1
930, 0, -1
930, 222, -1
930, 490, -1
125, 1301, -1
125, 930, -1
125, 222, -1
125, 490, -1
823, 194, -1
823, 712, -1
823, 0, -1
823, 125, -1
823, 222, -1
823, 490, -1
869, 1301, -1
869, 930, -1
869, 823, -1
869, 222, -1
869, 490, -1
56, 194, -1
56, 712, -1
56, 0, -1
56, 125, -1
56, 869, -1
56, 222, -1
56, 490, -1
1291, 194, -1
1291, 712, -1
1291, 0, -1
1291, 125, -1
1291, 869, -1
1291, 222, -1
1291, 490, -1
0, 930, -1
194, 490, -1
0, 222, -1
0, 823, -1
222, 823, -1
490, 125, -1
194, 1301, -1
712, 1291, -1
0, 490, -1
1301, 712, -1
490, 869, -1
125, 823, -1
930, 125, -1
490, 823, -1
0, 1301, -1
194, 1291, -1
930, 869, -1
712, 930, -1
0, 56, -1
712, 823, -1
712, 222, -1
1301, 125, -1
0, 1291, -1
490, 1301, -1
712, 490, -1
1301, 869, -1
194, 930, -1
1301, 222, -1
712, 1301, -1
194, 222, -1
194, 823, -1
125, 1291, -1
490, 1291, -1
712, 56, -1
194, 56, -1
869, 1291, -1
222, 712, -1
490, 712, -1

293, 1301, 1
293, 930, 1
293, 823, 1
293, 56, 1
293, 1291, 1
343, 222, 1
343, 490, 1
56, 823, 1
1301, 823, 1
930, 1301, 1
490, 222, 1
930, 1291, 1
1301, 1291, 1
56, 1301, 1
56, 1291, 1
1291, 823, 1
56, 930, 1
930, 823, 1
56, 293, 1
1291, 1301, 1
1291, 293, 1
222, 343, 1
490, 343, 1
930, 293, 1
1301, 293, 1
1068, 194, -1
1068, 712, -1
1068, 0, -1
1068, 125, -1
1068, 869, -1
1068, 1301, -1
1068, 930, -1
1068, 823, -1
1068, 56, -1
1068, 1291, -1
1068, 222, -1
1068, 490, -1
293, 194, -1
293, 712, -1
293, 0, -1
293, 125, -1
293, 869, -1
293, 222, -1
293, 490, -1
293, 1068, -1
343, 194, -1
343, 712, -1
343, 0, -1
343, 125, -1
343, 869, -1
343, 1301, -1
343, 930, -1
343, 823, -1
343, 56, -1
343, 1291, -1
343, 293, -1
343, 1068, -1
0, 930, -1
194, 490, -1
0, 222, -1
823, 222, -1
490, 1068, -1
0, 823, -1
490, 293, -1
222, 823, -1
1068, 343, -1
490, 125, -1
194, 1301, -1
293, 343, -1
712, 1291, -1
1301, 343, -1
0, 490, -1
930, 1068, -1
1291, 1068, -1
869, 222, -1
490, 869, -1
125, 823, -1
869, 823, -1
56, 1068, -1
930, 125, -1
125, 222, -1
490, 823, -1
56, 125, -1
823, 343, -1
0, 1301, -1
194, 1291, -1
930, 869, -1
712, 930, -1
0, 56, -1
930, 222, -1
56, 869, -1
1291, 222, -1
1068, 293, -1
712, 823, -1
712, 222, -1
1301, 1068, -1
56, 222, -1
869, 1301, -1
125, 1301, -1
0, 1291, -1
490, 1301, -1
930, 490, -1
930, 194, -1
712, 490, -1
56, 490, -1
56, 194, -1
712, 1301, -1
1301, 222, -1
930, 343, -1
194, 823, -1
869, 1291, -1
1291, 343, -1
194, 222, -1
56, 343, -1
125, 1291, -1
490, 1291, -1
712, 56, -1
0, 293, -1
712, 293, -1
1301, 869, -1
1291, 125, -1
869, 343, -1
194, 293, -1
0, 343, -1
125, 343, -1
712, 343, -1
1301, 125, -1
1291, 490, -1
1291, 869, -1
194, 343, -1
125, 293, -1
869, 293, -1

225, 222, 1
225, 490, 1
225, 343, 1
737, 1301, 1
737, 930, 1
737, 823, 1
737, 56, 1
737, 1291, 1
737, 293, 1
884, 222, 1
884, 490, 1
884, 343, 1
884, 225, 1
930, 1291, 1
56, 1291, 1
930, 293, 1
1291, 293, 1
56, 293, 1
490, 884, 1
490, 222, 1
222, 343, 1
1291, 823, 1
56, 930, 1
930, 823, 1
56, 823, 1
1301, 293, 1
490, 343, 1
1291, 1301, 1
225, 884, 1
1301, 823, 1
930, 1301, 1
293, 823, 1
56, 1301, 1
293, 1291, 1
56, 737, 1
293, 1301, 1
1301, 1291, 1
225, 194, -1
225, 712, -1
225, 0, -1
225, 125, -1
225, 869, -1
225, 1301, -1
225, 930, -1
225, 823, -1
225, 56, -1
225, 1291, -1
225, 293, -1
225, 1068, -1
737, 194, -1
737, 712, -1
737, 0, -1
737, 125, -1
737, 869, -1
737, 222, -1
737, 490, -1
737, 343, -1
737, 225, -1
737, 1068, -1
884, 194, -1
884, 712, -1
884, 0, -1
884, 125, -1
884, 869, -1
884, 1301, -1
884, 930, -1
884, 823, -1
884, 56, -1
884, 1291, -1
884, 293, -1
884, 737, -1
884, 1068, -1
490, 1068, -1
194, 490, -1
0, 222, -1
1068, 1301, -1
194, 1301, -1
712, 1291, -1
930, 1068, -1
1291, 1068, -1
490, 869, -1
56, 1068, -1
0, 343, -1
823, 343, -1
0, 1301, -1
930, 869, -1
1291, 869, -1
1291, 222, -1
930, 222, -1
56, 869, -1
1068, 293, -1
56, 222, -1
194, 293, -1
1301, 125, -1
490, 1301, -1
1068, 823, -1
1068, 222, -1
1301, 225, -1
930, 343, -1
1291, 343, -1
194, 222, -1
194, 823, -1
293, 225, -1
56, 343, -1
712, 56, -1
0, 823, -1
490, 293, -1
222, 823, -1
1068, 343, -1
194, 343, -1
490, 823, -1
194, 1291, -1
1291, 884, -1
712, 225, -1
0, 1291, -1
930, 194, -1
712, 490, -1
56, 194, -1
293, 869, -1
293, 222, -1
712, 1301, -1
194, 884, -1
490, 1291, -1
225, 737, -1
0, 930, -1
0, 884, -1
293, 343, -1
869, 222, -1
712, 293, -1
343, 823, -1
930, 125, -1
1291, 125, -1
56, 125, -1
712, 823, -1
712, 222, -1
930, 884, -1
869, 343, -1
56, 884, -1
1301, 869, -1
1301, 222, -1
712, 343, -1
0, 225, -1
737, 884, -1
490, 125, -1
1301, 343, -1
0, 490, -1
125, 823, -1
125, 222, -1
869, 823, -1
712, 930, -1
0, 56, -1
712, 884, -1
930, 225, -1
1291, 225, -1
56, 225, -1
125, 343, -1
293, 125, -1
930, 490, -1
56, 490, -1
0, 293, -1
222, 1068, -1
712, 737, -1
125, 293, -1
194, 737, -1
490, 737, -1
823, 222, -1
293, 1068, -1
869, 1301, -1
869, 1291, -1
293, 884, -1
125, 1301, -1
125, 1291, -1
1291, 490, -1
869, 293, -1
0, 737, -1
1301, 884, -1
1301, 1068, -1

99, 1301, 1
99, 930, 1
99, 823, 1
99, 56, 1
99, 1291, 1
99, 293, 1
99, 737, 1
311, 1301, 1
311, 930, 1
311, 823, 1
311, 56, 1
311, 1291, 1
311, 293, 1
311, 737, 1
311, 99, 1
312, 1301, 1
312, 930, 1
312, 823, 1
312, 56, 1
312, 1291, 1
312, 293, 1
312, 737, 1
312, 99, 1
312, 311, 1
617, 194, 1
617, 712, 1
617, 0, 1
617, 125, 1
617, 869, 1
108, 1301, 1
108, 930, 1
108, 823, 1
108, 56, 1
108, 1291, 1
108, 293, 1
108, 737, 1
108, 99, 1
108, 311, 1
108, 312, 1
1391, 194, 1
1391, 712, 1
1391, 0, 1
1391, 125, 1
1391, 869, 1
1391, 617, 1
737, 930, 1
712, 617, 1
869, 1391, 1
737, 823, 1
930, 1291, 1
125, 1391, 1
56, 1291, 1
0, 194, 1
930, 293, 1
1291, 293, 1
125, 869, 1
56, 293, 1
1291, 311, 1
712, 125, 1
712, 1391, 1
930, 311, 1
737, 1301, 1
99, 108, 1
1291, 930, 1
56, 311, 1
737, 99, 1
617, 1391, 1
737, 108, 1
0, 712, 1
712, 869, 1
1291, 823, 1
56, 930, 1
930, 823, 1
56, 823, 1
1301, 293, 1
0, 617, 1
1301, 311, 1
194, 125, 1
194, 1391, 1
0, 125, 1
737, 1291, 1
293, 311, 1
312, 108, 1
1291, 737, 1
712, 194, 1
56, 737, 1
194, 869, 1
1291, 1301, 1
930, 99, 1
823, 293, 1
1301, 823, 1
737, 293, 1
1291, 99, 1
930, 1301, 1
930, 108, 1
293, 823, 1
1291, 108, 1
56, 99, 1
823, 311, 1
1291, 56, 1
99, 311, 1
56, 1301, 1
56, 108, 1
737, 311, 1
930, 56, 1
0, 1391, 1
0, 869, 1
869, 125, 1
99, 312, 1
56, 312, 1
712, 0, 1
737, 312, 1
823, 1301, 1
293, 1301, 1
293, 108, 1
293, 1291, 1
194, 712, 1
930, 312, 1
737, 56, 1
1301, 108, 1
1301, 1291, 1
1301, 99, 1
293, 99, 1
99, 194, -1
99, 712, -1
99, 0, -1
99, 125, -1
99, 869, -1
99, 222, -1
99, 490, -1
99, 343, -1
99, 225, -1
99, 884, -1
99, 1068, -1
311, 194, -1
311, 712, -1
311, 0, -1
311, 125, -1
311, 869, -1
311, 222, -1
311, 490, -1
311, 343, -1
311, 225, -1
311, 884, -1
311, 1068, -1
312, 194, -1
312, 712, -1
312, 0, -1
312, 125, -1
312, 869, -1
312, 222, -1
312, 490, -1
312, 343, -1
312, 225, -1
312, 884, -1
312, 1068, -1
617, 1301, -1
617, 930, -1
617, 823, -1
617, 56, -1
617, 1291, -1
617, 293, -1
617, 737, -1
617, 99, -1
617, 311, -1
617, 312, -1
617, 222, -1
617, 490, -1
617, 343, -1
617, 225, -1
617, 884, -1
617, 1068, -1
108, 194, -1
108, 712, -1
108, 0, -1
108, 125, -1
108, 869, -1
108, 617, -1
108, 222, -1
108, 490, -1
108, 343, -1
108, 225, -1
108, 884, -1
108, 1068, -1
1391, 1301, -1
1391, 930, -1
1391, 823, -1
1391, 56, -1
1391, 1291, -1
1391, 293, -1
1391, 737, -1
1391, 99, -1
1391, 311, -1
1391, 312, -1
1391, 108, -1
1391, 222, -1
1391, 490, -1
1391, 343, -1
1391, 225, -1
1391, 884, -1
1391, 1068, -1
194, 490, -1
0, 222, -1
823, 222, -1
1068, 1301, -1
884, 125, -1
194, 1301, -1
712, 1291, -1
194, 99, -1
930, 1068, -1
1291, 1068, -1
293, 712, -1
194, 108, -1
490, 869, -1
56, 1068, -1
225, 617, -1
0, 343, -1
823, 343, -1
0, 1301, -1
225, 1291, -1
930, 869, -1
1291, 869, -1
0, 108, -1
737, 712, -1
930, 222, -1
56, 869, -1
1291, 222, -1
1068, 293, -1
56, 222, -1
194, 293, -1
1068, 311, -1
1301, 125, -1
1301, 1391, -1
225, 194, -1
490, 1301, -1
194, 311, -1
490, 99, -1
293, 1391, -1
884, 56, -1
490, 108, -1
1068, 869, -1
225, 930, -1
1068, 823, -1
884, 312, -1
930, 343, -1
194, 823, -1
1291, 343, -1
194, 222, -1
0, 311, -1
56, 343, -1
99, 1391, -1
222, 311, -1
712, 56, -1
1291, 617, -1
712, 312, -1
0, 823, -1
56, 617, -1
490, 293, -1
222, 823, -1
312, 1391, -1
490, 311, -1
884, 1391, -1
194, 343, -1
1301, 712, -1
869, 225, -1
737, 490, -1
56, 0, -1
490, 823, -1
194, 1291, -1
869, 737, -1
1291, 884, -1
884, 737, -1
293, 1068, -1
712, 225, -1
225, 125, -1
884, 99, -1
225, 1391, -1
0, 1291, -1
930, 194, -1
1291, 194, -1
712, 490, -1
56, 194, -1
712, 737, -1
293, 869, -1
194, 930, -1
737, 1068, -1
293, 222, -1
823, 125, -1
712, 1301, -1
194, 884, -1
712, 99, -1
108, 1391, -1
712, 108, -1
490, 1291, -1
869, 293, -1
225, 737, -1
0, 930, -1
884, 293, -1
737, 869, -1
0, 884, -1
737, 222, -1
293, 343, -1
869, 222, -1
712, 1068, -1
884, 869, -1
712, 293, -1
930, 125, -1
884, 823, -1
1291, 125, -1
1291, 1391, -1
125, 225, -1
712, 311, -1
56, 125, -1
737, 343, -1
125, 737, -1
712, 823, -1
930, 884, -1
0, 312, -1
712, 222, -1
1301, 1068, -1
869, 343, -1
869, 1301, -1
1068, 125, -1
56, 884, -1
1068, 1391, -1
737, 617, -1
884, 1301, -1
225, 869, -1
1301, 869, -1
194, 225, -1
1301, 222, -1
930, 712, -1
1291, 712, -1
823, 1391, -1
712, 343, -1
222, 1391, -1
56, 712, -1
125, 293, -1
194, 737, -1
0, 225, -1
125, 311, -1
737, 884, -1
869, 311, -1
225, 1301, -1
225, 99, -1
490, 125, -1
490, 1391, -1
884, 311, -1
1301, 343, -1
0, 490, -1
225, 108, -1
884, 930, -1
0, 737, -1
125, 823, -1
869, 823, -1
125, 222, -1
737, 194, -1
0, 99, -1
930, 1391, -1
56, 1391, -1
712, 930, -1
311, 1391, -1
823, 712, -1
0, 56, -1
194, 1068, -1
712, 884, -1
1291, 225, -1
225, 293, -1
56, 225, -1
293, 125, -1
225, 311, -1
125, 1301, -1
125, 343, -1
930, 490, -1
1291, 490, -1
56, 490, -1
0, 1068, -1
0, 293, -1
225, 823, -1
312, 617, -1
737, 125, -1
737, 1391, -1
884, 1291, -1
617, 108, -1
823, 869, -1
930, 617, -1
343, 311, -1
194, 56, -1
869, 884, -1
930, 0, -1
343, 823, -1
225, 312, -1
194, 312, -1
1301, 617, -1
293, 617, -1
869, 99, -1
225, 0, -1
99, 617, -1
125, 99, -1
125, 108, -1
869, 108, -1
737, 0, -1
869, 1291, -1
490, 312, -1
293, 884, -1
125, 1291, -1
869, 1068, -1
222, 712, -1
490, 56, -1
490, 712, -1
125, 884, -1
1301, 884, -1
1068, 712, -1
884, 712, -1
225, 712, -1
225, 56, -1
125, 1068, -1

1129, 222, 1
1129, 490, 1
1129, 343, 1
1129, 225, 1
1129, 884, 1
336, 1301, 1
336, 930, 1
336, 823, 1
336, 56, 1
336, 1291, 1
336, 293, 1
336, 737, 1
336, 99, 1
336, 311, 1
336, 312, 1
336, 108, 1
108, 823, 1
737, 930, 1
99, 823, 1
56, 312, 1
737, 823, 1
930, 1291, 1
312, 311, 1
312, 293, 1
225, 343, 1
56, 1291, 1
930, 293, 1
1291, 293, 1
108, 311, 1
56, 293, 1
1291, 311, 1
884, 222, 1
312, 823, 1
490, 225, 1
490, 884, 1
490, 222, 1
930, 311, 1
108, 1301, 1
222, 343, 1
737, 1301, 1
99, 1301, 1
56, 311, 1
737, 99, 1
99, 108, 1
737, 108, 1
930, 823, 1
1291, 823, 1
56, 823, 1
1301, 293, 1
312, 99, 1
737, 312, 1
312, 1301, 1
1301, 311, 1
884, 343, 1
737, 1291, 1
293, 311, 1
312, 108, 1
490, 343, 1
108, 293, 1
56, 737, 1
99, 293, 1
1291, 1301, 1
225, 884, 1
930, 99, 1
225, 222, 1
1301, 823, 1
1291, 99, 1
737, 293, 1
930, 1301, 1
930, 108, 1
293, 823, 1
56, 99, 1
1291, 108, 1
823, 311, 1
930, 56, 1
312, 1291, 1
56, 1301, 1
56, 108, 1
737, 311, 1
99, 311, 1
930, 312, 1
884, 1129, 1
490, 1129, 1
930, 336, 1
293, 1301, 1
293, 108, 1
56, 336, 1
312, 930, 1
99, 737, 1
293, 1291, 1
99, 56, 1
312, 737, 1
56, 930, 1
737, 56, 1
225, 1129, 1
311, 823, 1
99, 1291, 1
312, 56, 1
99, 336, 1
737, 336, 1
222, 1129, 1
312, 336, 1
99, 930, 1
225, 490, 1
1291, 336, 1
1291, 56, 1
1301, 1291, 1
1301, 99, 1
1291, 930, 1
343, 1129, 1
1301, 108, 1
1291, 737, 1
1291, 312, 1
293, 99, 1
290, 194, -1
290, 712, -1
290, 0, -1
290, 125, -1
290, 869, -1
290, 617, -1
290, 1391, -1
290, 1301, -1
290, 930, -1
290, 823, -1
290, 56, -1
290, 1291, -1
290, 293, -1
290, 737, -1
290, 99, -1
290, 311, -1
290, 312, -1
290, 108, -1
290, 222, -1
290, 490, -1
290, 343, -1
290, 225, -1
290, 884, -1
290, 1068, -1
1129, 194, -1
1129, 712, -1
1129, 0, -1
1129, 125, -1
1129, 869, -1
1129, 617, -1
1129, 1391, -1
1129, 1301, -1
1129, 930, -1
1129, 823, -1
1129, 56, -1
1129, 1291, -1
1129, 293, -1
1129, 737, -1
1129, 99, -1
1129, 311, -1
1129, 312, -1
1129, 108, -1
1129, 1068, -1
1129, 290, -1
336, 194, -1
336, 712, -1
336, 0, -1
336, 125, -1
336, 869, -1
336, 617, -1
336, 1391, -1
336, 222, -1
336, 490, -1
336, 343, -1
336, 225, -1
336, 884, -1
336, 1129, -1
336, 1068, -1
336, 290, -1
490, 1068, -1
194, 490, -1
0, 222, -1
312, 290, -1
312, 125, -1
99, 884, -1
343, 1391, -1
884, 125, -1
1068, 1301, -1
194, 1301, -1
194, 99, -1
930, 1068, -1
1291, 1068, -1
293, 712, -1
194, 108, -1
490, 869, -1
56, 1068, -1
312, 884, -1
617, 293, -1
225, 617, -1
0, 343, -1
823, 343, -1
0, 1301, -1
225, 1291, -1
930, 869, -1
1291, 869, -1
99, 712, -1
0, 108, -1
737, 712, -1
1291, 222, -1
930, 222, -1
56, 869, -1
225, 290, -1
1068, 293, -1
56, 222, -1
194, 293, -1
617, 823, -1
1068, 311, -1
1301, 125, -1
1301, 1391, -1
312, 712, -1
490, 1301, -1
194, 311, -1
490, 99, -1
293, 1391, -1
490, 108, -1
225, 930, -1
1068, 823, -1
1068, 222, -1
108, 125, -1
930, 343, -1
1291, 343, -1
194, 222, -1
194, 823, -1
0, 311, -1
56, 343, -1
99, 1391, -1
222, 311, -1
617, 343, -1
617, 1301, -1
311, 343, -1
108, 884, -1
0, 823, -1
490, 293, -1
56, 617, -1
222, 823, -1
312, 1391, -1
1068, 343, -1
490, 311, -1
884, 1391, -1
194, 343, -1
1301, 712, -1
56, 1129, -1
737, 490, -1
312, 225, -1
56, 0, -1
490, 823, -1
108, 712, -1
194, 1291, -1
312, 490, -1
617, 311, -1
1291, 884, -1
884, 737, -1
617, 930, -1
712, 225, -1
225, 125, -1
225, 1391, -1
222, 617, -1
0, 1291, -1
884, 108, -1
930, 194, -1
712, 490, -1
56, 194, -1
293, 869, -1
290, 336, -1
99, 1068, -1
737, 1068, -1
293, 222, -1
290, 1129, -1
194, 884, -1
490, 617, -1
108, 1391, -1
490, 1291, -1
312, 1068, -1
225, 737, -1
99, 869, -1
0, 930, -1
884, 1068, -1
884, 293, -1
737, 869, -1
99, 222, -1
0, 884, -1
343, 311, -1
737, 222, -1
293, 343, -1
312, 869, -1
869, 222, -1
617, 1291, -1
884, 869, -1
930, 290, -1
312, 222, -1
617, 108, -1
343, 823, -1
930, 125, -1
884, 823, -1
56, 290, -1
1291, 125, -1
1291, 1391, -1
56, 125, -1
99, 343, -1
737, 343, -1
225, 1068, -1
712, 222, -1
930, 884, -1
869, 343, -1
56, 884, -1
312, 343, -1
1129, 336, -1
884, 1301, -1
225, 869, -1
108, 1068, -1
1301, 869, -1
737, 290, -1
884, 617, -1
1301, 222, -1
712, 343, -1
930, 712, -1
823, 1391, -1
1291, 712, -1
222, 1391, -1
56, 712, -1
108, 869, -1
312, 1129, -1
311, 712, -1
108, 222, -1
312, 0, -1
0, 225, -1
125, 311, -1
737, 884, -1
869, 311, -1
225, 1301, -1
225, 99, -1
490, 125, -1
490, 1391, -1
884, 311, -1
1301, 343, -1
0, 490, -1
225, 108, -1
0, 737, -1
125, 823, -1
125, 222, -1
869, 823, -1
737, 194, -1
0, 99, -1
108, 343, -1
930, 1391, -1
56, 1391, -1
312, 194, -1
823, 712, -1
311, 1391, -1
490, 737, -1
712, 884, -1
225, 293, -1
56, 225, -1
125, 343, -1
225, 311, -1
293, 125, -1
930, 490, -1
56, 490, -1
0, 293, -1
225, 823, -1
617, 737, -1
312, 617, -1
99, 125, -1
737, 125, -1
737, 1391, -1
617, 99, -1
225, 194, -1
823, 222, -1
737, 225, -1
712, 1291, -1
225, 336, -1
311, 869, -1
617, 222, -1
311, 222, -1
0, 336, -1
884, 56, -1
884, 312, -1
125, 1291, -1
712, 56, -1
490, 336, -1
712, 312, -1
1391, 222, -1
1391, 823, -1
99, 225, -1
1291, 290, -1
930, 1129, -1
1291, 1129, -1
99, 490, -1
617, 336, -1
617, 1129, -1
194, 336, -1
1068, 1129, -1
293, 1068, -1
869, 99, -1
194, 1129, -1
884, 99, -1
712, 737, -1
0, 1129, -1
712, 1301, -1
712, 99, -1
712, 108, -1
869, 293, -1
108, 225, -1
108, 490, -1
225, 56, -1
712, 293, -1
712, 311, -1
311, 125, -1
293, 1129, -1
712, 823, -1
0, 312, -1
1301, 1068, -1
99, 617, -1
869, 1301, -1
125, 99, -1
617, 884, -1
125, 108, -1
869, 108, -1
99, 290, -1
99, 1129, -1
737, 1129, -1
884, 336, -1
617, 56, -1
125, 293, -1
194, 737, -1
869, 1129, -1
712, 336, -1
712, 1129, -1
99, 194, -1
884, 930, -1
194, 56, -1
712, 930, -1
0, 56, -1
1301, 1129, -1
617, 225, -1
125, 1301, -1
1291, 490, -1
108, 290, -1
108, 1129, -1
490, 56, -1
617, 490, -1
222, 1068, -1
869, 1291, -1
293, 884, -1
884, 1291, -1
125, 1129, -1
1291, 617, -1
1068, 225, -1
930, 225, -1
1291, 225, -1
823, 1129, -1
1301, 225, -1
311, 1129, -1
1301, 884, -1
194, 225, -1
1391, 311, -1
293, 225, -1
823, 125, -1
617, 312, -1
194, 312, -1
225, 312, -1
490, 312, -1
1291, 194, -1
823, 869, -1

576, 222, 1
576, 490, 1
576, 343, 1
576, 225, 1
576, 884, 1
576, 1129, 1
1129, 222, 1
1129, 225, 1
1129, 884, 1
884, 222, 1
225, 884, 1
225, 222, 1
490, 884, 1
490, 222, 1
1129, 343, 1
884, 343, 1
222, 343, 1
225, 343, 1
1129, 490, 1
490, 343, 1
225, 490, 1
884, 1129, 1
225, 1129, 1
222, 1129, 1
490, 1129, 1
343, 1129, 1
490, 225, 1
576, 194, -1
576, 712, -1
576, 0, -1
576, 125, -1
576, 869, -1
576, 617, -1
576, 1391, -1
576, 1301, -1
576, 930, -1
576, 823, -1
576, 56, -1
576, 1291, -1
576, 293, -1
576, 737, -1
576, 99, -1
576, 311, -1
576, 312, -1
576, 108, -1
576, 336, -1
576, 1068, -1
576, 290, -1
661, 194, -1
661, 712, -1
661, 0, -1
661, 125, -1
661, 869, -1
661, 617, -1
661, 1391, -1
661, 1301, -1
661, 930, -1
661, 823, -1
661, 56, -1
661, 1291, -1
661, 293, -1
661, 737, -1
661, 99, -1
661, 311, -1
661, 312, -1
661, 108, -1
661, 336, -1
661, 222, -1
661, 490, -1
661, 343, -1
661, 225, -1
661, 884, -1
661, 1129, -1
661, 576, -1
661, 1068, -1
661, 290, -1
490, 1068, -1
194, 490, -1
0, 222, -1
737, 225, -1
99, 884, -1
343, 1391, -1
884, 125, -1
490, 869, -1
290, 490, -1
312, 884, -1
0, 343, -1
225, 1291, -1
490, 661, -1
225, 336, -1
1291, 222, -1
930, 222, -1
1129, 312, -1
225, 290, -1
56, 222, -1
617, 222, -1
490, 1301, -1
490, 99, -1
884, 712, -1
490, 108, -1
225, 930, -1
1068, 222, -1
930, 343, -1
1291, 343, -1
194, 222, -1
1129, 1391, -1
56, 343, -1
222, 311, -1
490, 336, -1
617, 343, -1
490, 293, -1
222, 823, -1
290, 222, -1
1068, 343, -1
490, 311, -1
884, 1391, -1
194, 343, -1
737, 490, -1
617, 1129, -1
1129, 99, -1
490, 823, -1
336, 884, -1
312, 490, -1
1129, 712, -1
290, 343, -1
1291, 884, -1
1129, 56, -1
225, 125, -1
225, 1391, -1
884, 108, -1
1129, 1068, -1
1129, 293, -1
0, 1129, -1
293, 222, -1
194, 884, -1
490, 1291, -1
1129, 869, -1
884, 1068, -1
884, 293, -1
99, 222, -1
0, 884, -1
343, 311, -1
737, 222, -1
1129, 661, -1
293, 343, -1
225, 712, -1
869, 222, -1
225, 56, -1
884, 869, -1
312, 222, -1
343, 823, -1
884, 823, -1
225, 312, -1
1129, 1301, -1
99, 343, -1
1129, 108, -1
884, 661, -1
737, 343, -1
225, 1068, -1
930, 884, -1
869, 343, -1
56, 884, -1
312, 343, -1
617, 884, -1
1129, 336, -1
884, 1301, -1
225, 869, -1
737, 1129, -1
1301, 222, -1
1129, 311, -1
225, 661, -1
222, 1391, -1
108, 222, -1
0, 225, -1
1129, 823, -1
737, 884, -1
225, 1301, -1
225, 99, -1
490, 125, -1
490, 1391, -1
884, 311, -1
290, 884, -1
1301, 343, -1
0, 490, -1
225, 108, -1
1129, 194, -1
125, 222, -1
336, 222, -1
108, 343, -1
576, 661, -1
222, 712, -1
225, 293, -1
343, 712, -1
125, 343, -1
617, 225, -1
225, 311, -1
1129, 1291, -1
930, 490, -1
336, 343, -1
56, 490, -1
490, 712, -1
617, 490, -1
1129, 290, -1
1129, 125, -1
225, 823, -1
225, 194, -1
1129, 930, -1
108, 576, -1
869, 1129, -1
0, 576, -1
336, 1129, -1
823, 222, -1
108, 225, -1
1391, 222, -1
108, 490, -1
930, 1129, -1
1291, 1129, -1
712, 1129, -1
312, 576, -1
56, 1129, -1
312, 225, -1
336, 576, -1
336, 225, -1
712, 576, -1
336, 490, -1
1068, 1129, -1
712, 884, -1
293, 1129, -1
712, 222, -1
1301, 1129, -1
56, 576, -1
194, 1129, -1
712, 225, -1
56, 225, -1
311, 222, -1
712, 490, -1
108, 1129, -1
99, 1129, -1
222, 1068, -1
290, 1129, -1
712, 343, -1
312, 1129, -1
125, 1129, -1
1068, 225, -1
1291, 225, -1
930, 225, -1
194, 225, -1
99, 225, -1
290, 225, -1

619, 194, 1
619, 712, 1
619, 0, 1
619, 125, 1
619, 869, 1
619, 617, 1
619, 1391, 1
150, 222, 1
150, 490, 1
150, 343, 1
150, 225, 1
150, 884, 1
150, 1129, 1
150, 576, 1
1473, 1301, 1
1473, 930, 1
1473, 823, 1
1473, 56, 1
1473, 1291, 1
1473, 293, 1
1473, 737, 1
1473, 99, 1
1473, 311, 1
1473, 312, 1
1473, 108, 1
1473, 336, 1
19, 222, 1
19, 490, 1
19, 343, 1
19, 225, 1
19, 884, 1
19, 1129, 1
19, 576, 1
19, 150, 1
1129, 884, 1
225, 343, 1
336, 311, 1
930, 293, 1
1291, 293, 1
336, 930, 1
56, 293, 1
1291, 311, 1
712, 125, 1
712, 1391, 1
222, 343, 1
930, 823, 1
1291, 823, 1
617, 869, 1
56, 823, 1
1129, 150, 1
312, 56, 1
194, 869, 1
225, 884, 1
930, 1301, 1
823, 311, 1
56, 1301, 1
336, 1291, 1
884, 150, 1
1301, 737, 1
1129, 225, 1
293, 737, 1
869, 1391, 1
1129, 490, 1
0, 194, 1
576, 884, 1
490, 222, 1
930, 311, 1
225, 150, 1
99, 108, 1
56, 311, 1
737, 99, 1
737, 108, 1
56, 930, 1
312, 737, 1
1129, 19, 1
312, 99, 1
0, 617, 1
490, 343, 1
336, 56, 1
99, 293, 1
617, 194, 1
336, 312, 1
0, 125, 1
737, 311, 1
576, 150, 1
312, 293, 1
1129, 222, 1
99, 823, 1
737, 823, 1
930, 1291, 1
125, 1391, 1
56, 1291, 1
884, 222, 1
576, 225, 1
225, 19, 1
490, 884, 1
1129, 343, 1
617, 125, 1
99, 1301, 1
576, 490, 1
712, 869, 1
336, 737, 1
1301, 293, 1
312, 1301, 1
336, 99, 1
1301, 311, 1
194, 125, 1
194, 1391, 1
884, 343, 1
336, 108, 1
293, 311, 1
312, 108, 1
222, 150, 1
108, 293, 1
1301, 823, 1
576, 19, 1
293, 823, 1
0, 1391, 1
99, 311, 1
490, 150, 1
225, 490, 1
108, 823, 1
336, 293, 1
712, 617, 1
312, 311, 1
312, 930, 1
125, 869, 1
576, 222, 1
336, 823, 1
312, 823, 1
108, 1301, 1
617, 1391, 1
0, 712, 1
576, 343, 1
336, 1301, 1
930, 737, 1
712, 194, 1
1291, 737, 1
56, 737, 1
1291, 1301, 1
930, 99, 1
225, 222, 1
1291, 99, 1
490, 19, 1
930, 108, 1
1291, 108, 1
56, 99, 1
108, 311, 1
312, 1291, 1
56, 108, 1
0, 869, 1
576, 1129, 1
99, 1473, 1
869, 125, 1
737, 930, 1
490, 1129, 1
737, 1473, 1
56, 312, 1
869, 619, 1
311, 1301, 1
930, 336, 1
293, 1301, 1
293, 108, 1
56, 336, 1
312, 1473, 1
194, 712, 1
99, 737, 1
336, 1473, 1
712, 0, 1
884, 225, 1
311, 293, 1
712, 619, 1
737, 1301, 1
1391, 712, 1
293, 1291, 1
930, 1473, 1
1291, 1473, 1
99, 56, 1
617, 619, 1
56, 1473, 1
225, 1129, 1
311, 823, 1
737, 312, 1
99, 930, 1
125, 712, 1
737, 1291, 1
99, 1291, 1
99, 336, 1
194, 619, 1
737, 336, 1
222, 1129, 1
737, 293, 1
930, 56, 1
312, 336, 1
0, 619, 1
108, 1473, 1
617, 712, 1
930, 312, 1
884, 1129, 1
737, 56, 1
125, 619, 1
1291, 336, 1
617, 0, 1
1291, 56, 1
1301, 1291, 1
1301, 99, 1
1291, 930, 1
343, 1129, 1
1301, 108, 1
108, 737, 1
1291, 312, 1
293, 99, 1
619, 1301, -1
619, 930, -1
619, 823, -1
619, 56, -1
619, 1291, -1
619, 293, -1
619, 737, -1
619, 99, -1
619, 311, -1
619, 312, -1
619, 108, -1
619, 336, -1
619, 222, -1
619, 490, -1
619, 343, -1
619, 225, -1
619, 884, -1
619, 1129, -1
619, 576, -1
619, 1068, -1
619, 290, -1
619, 661, -1
150, 194, -1
150, 712, -1
150, 0, -1
150, 125, -1
150, 869, -1
150, 617, -1
150, 1391, -1
150, 619, -1
150, 1301, -1
150, 930, -1
150, 823, -1
150, 56, -1
150, 1291, -1
150, 293, -1
150, 737, -1
150, 99, -1
150, 311, -1
150, 312, -1
150, 108, -1
150, 336, -1
150, 1068, -1
150, 290, -1
150, 661, -1
1473, 194, -1
1473, 712, -1
1473, 0, -1
1473, 125, -1
1473, 869, -1
1473, 617, -1
1473, 1391, -1
1473, 619, -1
1473, 222, -1
1473, 490, -1
1473, 343, -1
1473, 225, -1
1473, 884, -1
1473, 1129, -1
1473, 576, -1
1473, 150, -1
1473, 1068, -1
1473, 290, -1
1473, 661, -1
19, 194, -1
19, 712, -1
19, 0, -1
19, 125, -1
19, 869, -1
19, 617, -1
19, 1391, -1
19, 619, -1
19, 1301, -1
19, 930, -1
19, 823, -1
19, 56, -1
19, 1291, -1
19, 293, -1
19, 737, -1
19, 99, -1
19, 311, -1
19, 312, -1
19, 108, -1
19, 336, -1
19, 1473, -1
19, 1068, -1
19, 290, -1
19, 661, -1
490, 1068, -1
194, 490, -1
930, 19, -1
343, 1391, -1
1068, 1301, -1
0, 661, -1
194, 99, -1
661, 150, -1
1291, 1068, -1
194, 108, -1
56, 1068, -1
290, 490, -1
225, 617, -1
823, 343, -1
225, 1291, -1
0, 108, -1
290, 99, -1
290, 108, -1
737, 19, -1
930, 661, -1
1301, 1391, -1
490, 1301, -1
1068, 869, -1
1068, 222, -1
293, 225, -1
1129, 1391, -1
712, 56, -1
576, 290, -1
712, 312, -1
99, 225, -1
1068, 343, -1
737, 661, -1
99, 490, -1
737, 490, -1
312, 225, -1
1473, 19, -1
312, 490, -1
576, 56, -1
336, 712, -1
576, 312, -1
194, 884, -1
490, 1291, -1
1129, 869, -1
336, 150, -1
884, 293, -1
0, 884, -1
1291, 150, -1
712, 19, -1
343, 311, -1
712, 293, -1
343, 823, -1
930, 125, -1
884, 823, -1
712, 311, -1
930, 619, -1
884, 661, -1
712, 576, -1
712, 823, -1
930, 884, -1
869, 1301, -1
712, 661, -1
108, 1068, -1
1129, 311, -1
336, 19, -1
99, 619, -1
737, 619, -1
576, 293, -1
1129, 823, -1
737, 884, -1
1129, 194, -1
617, 150, -1
125, 222, -1
930, 1391, -1
576, 661, -1
336, 661, -1
712, 930, -1
311, 1391, -1
0, 56, -1
1291, 225, -1
56, 225, -1
125, 343, -1
1291, 490, -1
576, 108, -1
56, 490, -1
290, 150, -1
737, 1391, -1
1129, 930, -1
312, 290, -1
0, 222, -1
576, 0, -1
336, 0, -1
884, 125, -1
617, 19, -1
222, 661, -1
576, 930, -1
617, 293, -1
1391, 343, -1
0, 343, -1
661, 1391, -1
99, 712, -1
930, 869, -1
293, 150, -1
930, 222, -1
225, 290, -1
194, 293, -1
617, 823, -1
1301, 125, -1
312, 712, -1
194, 311, -1
290, 19, -1
617, 661, -1
930, 343, -1
194, 823, -1
1391, 311, -1
290, 293, -1
0, 311, -1
312, 150, -1
311, 343, -1
930, 617, -1
0, 576, -1
1391, 823, -1
0, 823, -1
576, 125, -1
336, 125, -1
290, 823, -1
884, 1391, -1
576, 619, -1
930, 1129, -1
336, 619, -1
311, 1129, -1
1291, 619, -1
336, 884, -1
1291, 884, -1
617, 930, -1
99, 19, -1
930, 194, -1
1129, 1068, -1
194, 930, -1
823, 1129, -1
312, 19, -1
712, 1301, -1
293, 661, -1
0, 930, -1
108, 225, -1
490, 290, -1
576, 1391, -1
336, 1391, -1
99, 661, -1
884, 869, -1
1291, 1391, -1
56, 290, -1
1129, 1301, -1
1068, 150, -1
312, 661, -1
661, 311, -1
712, 222, -1
661, 823, -1
619, 1473, -1
617, 884, -1
576, 712, -1
1301, 869, -1
99, 0, -1
1301, 222, -1
1291, 712, -1
712, 343, -1
225, 661, -1
290, 125, -1
222, 1391, -1
56, 712, -1
0, 1473, -1
312, 0, -1
225, 99, -1
884, 311, -1
290, 884, -1
1301, 343, -1
225, 108, -1
56, 150, -1
576, 869, -1
712, 1129, -1
336, 869, -1
336, 222, -1
1301, 617, -1
194, 1068, -1
1301, 1129, -1
1129, 617, -1
293, 125, -1
125, 1301, -1
1129, 1291, -1
336, 343, -1
0, 1068, -1
336, 617, -1
99, 125, -1
737, 125, -1
290, 1391, -1
222, 869, -1
336, 1129, -1
1291, 19, -1
312, 125, -1
99, 884, -1
56, 19, -1
576, 311, -1
194, 1301, -1
312, 619, -1
930, 1068, -1
312, 884, -1
336, 576, -1
576, 823, -1
0, 1301, -1
490, 661, -1
576, 194, -1
336, 194, -1
617, 222, -1
1291, 661, -1
490, 99, -1
293, 1391, -1
225, 619, -1
56, 661, -1
490, 108, -1
1301, 225, -1
222, 293, -1
194, 222, -1
125, 150, -1
869, 150, -1
99, 1391, -1
222, 311, -1
617, 343, -1
290, 869, -1
222, 823, -1
312, 1391, -1
290, 222, -1
194, 343, -1
619, 150, -1
1291, 0, -1
617, 1129, -1
1129, 99, -1
56, 0, -1
194, 1291, -1
617, 311, -1
290, 343, -1
712, 1473, -1
225, 1391, -1
108, 150, -1
0, 1291, -1
293, 869, -1
0, 1129, -1
293, 222, -1
869, 293, -1
99, 869, -1
290, 311, -1
884, 1068, -1
737, 869, -1
99, 222, -1
737, 222, -1
293, 343, -1
312, 869, -1
490, 619, -1
576, 1473, -1
712, 1068, -1
312, 222, -1
1291, 125, -1
869, 661, -1
56, 125, -1
99, 343, -1
737, 343, -1
56, 619, -1
293, 1129, -1
99, 617, -1
1068, 1391, -1
56, 884, -1
312, 343, -1
737, 617, -1
661, 222, -1
884, 1301, -1
225, 869, -1
99, 1129, -1
737, 1129, -1
222, 125, -1
661, 343, -1
312, 1129, -1
576, 1068, -1
336, 1068, -1
99, 576, -1
0, 225, -1
108, 661, -1
490, 1391, -1
0, 490, -1
712, 290, -1
99, 194, -1
0, 737, -1
312, 576, -1
737, 194, -1
0, 99, -1
56, 1391, -1
312, 194, -1
930, 225, -1
225, 293, -1
225, 311, -1
576, 1301, -1
930, 490, -1
1129, 290, -1
225, 823, -1
225, 194, -1
336, 290, -1
737, 225, -1
712, 150, -1
712, 1291, -1
490, 869, -1
617, 1068, -1
1301, 150, -1
222, 1301, -1
1291, 869, -1
56, 869, -1
1291, 222, -1
1068, 293, -1
56, 222, -1
1068, 311, -1
0, 336, -1
225, 930, -1
1068, 823, -1
108, 125, -1
1291, 343, -1
576, 617, -1
56, 343, -1
576, 1291, -1
617, 1301, -1
1291, 617, -1
108, 884, -1
56, 617, -1
490, 293, -1
490, 311, -1
1291, 1129, -1
56, 1129, -1
617, 290, -1
490, 823, -1
290, 1301, -1
490, 194, -1
1291, 576, -1
194, 290, -1
56, 576, -1
712, 225, -1
225, 125, -1
884, 108, -1
1291, 194, -1
712, 490, -1
1129, 293, -1
56, 194, -1
712, 737, -1
99, 1068, -1
0, 290, -1
737, 1068, -1
712, 99, -1
108, 1391, -1
712, 108, -1
1301, 661, -1
312, 1068, -1
1129, 661, -1
869, 222, -1
930, 290, -1
490, 930, -1
336, 225, -1
1129, 108, -1
194, 150, -1
336, 490, -1
225, 1068, -1
576, 737, -1
0, 312, -1
869, 343, -1
1068, 125, -1
576, 99, -1
0, 150, -1
290, 1291, -1
737, 290, -1
823, 1391, -1
108, 869, -1
125, 293, -1
108, 222, -1
125, 311, -1
869, 311, -1
225, 1301, -1
930, 150, -1
490, 125, -1
712, 336, -1
619, 19, -1
125, 823, -1
869, 823, -1
194, 19, -1
108, 343, -1
293, 617, -1
125, 661, -1
712, 884, -1
108, 617, -1
0, 19, -1
617, 225, -1
99, 150, -1
737, 150, -1
108, 1129, -1
0, 293, -1
617, 490, -1
1129, 125, -1
312, 617, -1
1129, 619, -1
194, 661, -1
576, 336, -1
617, 108, -1
108, 576, -1
823, 222, -1
884, 290, -1
290, 1473, -1
293, 712, -1
869, 884, -1
225, 336, -1
737, 712, -1
1129, 312, -1
311, 869, -1
311, 222, -1
884, 712, -1
884, 56, -1
311, 661, -1
194, 576, -1
884, 312, -1
125, 1291, -1
490, 336, -1
1129, 1473, -1
1391, 222, -1
1291, 290, -1
1301, 712, -1
1129, 737, -1
617, 336, -1
869, 225, -1
884, 1473, -1
930, 0, -1
293, 19, -1
108, 712, -1
1129, 712, -1
1129, 56, -1
930, 576, -1
194, 336, -1
1068, 1129, -1
884, 737, -1
293, 1068, -1
869, 99, -1
194, 1129, -1
617, 576, -1
884, 99, -1
222, 617, -1
225, 1473, -1
1391, 1129, -1
290, 336, -1
869, 19, -1
290, 1129, -1
737, 0, -1
490, 617, -1
869, 1068, -1
225, 737, -1
737, 576, -1
108, 490, -1
225, 712, -1
617, 1291, -1
225, 56, -1
125, 225, -1
225, 312, -1
311, 125, -1
1301, 1068, -1
108, 19, -1
125, 99, -1
1391, 150, -1
125, 108, -1
869, 108, -1
1129, 336, -1
823, 150, -1
99, 290, -1
194, 1473, -1
1129, 0, -1
884, 617, -1
194, 225, -1
930, 712, -1
884, 336, -1
311, 712, -1
617, 56, -1
869, 1129, -1
194, 737, -1
290, 619, -1
617, 312, -1
884, 930, -1
311, 150, -1
490, 1473, -1
194, 56, -1
661, 1129, -1
194, 312, -1
823, 712, -1
222, 712, -1
225, 0, -1
617, 1473, -1
343, 712, -1
290, 312, -1
1301, 619, -1
108, 290, -1
293, 619, -1
490, 712, -1
1068, 1473, -1
490, 56, -1
222, 1068, -1
617, 737, -1
869, 1291, -1
490, 312, -1
293, 884, -1
617, 99, -1
884, 1291, -1
125, 1129, -1
290, 225, -1
823, 661, -1
1068, 712, -1
125, 884, -1
1301, 19, -1
290, 737, -1
869, 737, -1
125, 737, -1
290, 712, -1
490, 737, -1
290, 56, -1
125, 1068, -1
1068, 225, -1
1301, 884, -1
125, 19, -1
823, 125, -1
1068, 737, -1
823, 869, -1
661, 712, -1

28, 194, 1
28, 712, 1
28, 0, 1
28, 125, 1
28, 869, 1
28, 617, 1
28, 1391, 1
28, 619, 1
1449, 194, 1
1449, 712, 1
1449, 0, 1
1449, 125, 1
1449, 869, 1
1449, 617, 1
1449, 1391, 1
1449, 619, 1
1449, 28, 1
339, 222, 1
339, 490, 1
339, 343, 1
339, 225, 1
339, 884, 1
339, 1129, 1
339, 576, 1
339, 150, 1
339, 19, 1
667, 222, 1
667, 490, 1
667, 343, 1
667, 225, 1
667, 884, 1
667, 1129, 1
667, 576, 1
667, 150, 1
667, 19, 1
667, 339, 1
19, 1129, 1
1129, 884, 1
225, 343, 1
617, 28, 1
1129, 667, 1
19, 576, 1
712, 125, 1
712, 1391, 1
222, 343, 1
194, 28, 1
19, 667, 1
617, 869, 1
1129, 150, 1
194, 869, 1
225, 884, 1
0, 1449, 1
884, 150, 1
225, 667, 1
1129, 225, 1
869, 1391, 1
1129, 490, 1
0, 194, 1
576, 884, 1
490, 222, 1
19, 884, 1
194, 617, 1
225, 150, 1
619, 125, 1
619, 1391, 1
576, 667, 1
0, 617, 1
1129, 339, 1
490, 343, 1
194, 619, 1
617, 194, 1
0, 125, 1
576, 150, 1
0, 619, 1
19, 150, 1
1129, 222, 1
339, 667, 1
712, 28, 1
125, 1391, 1
884, 222, 1
576, 225, 1
490, 884, 1
1129, 343, 1
19, 225, 1
617, 125, 1
225, 339, 1
576, 490, 1
712, 869, 1
490, 667, 1
19, 490, 1
617, 619, 1
194, 125, 1
194, 1391, 1
884, 343, 1
222, 150, 1
0, 1391, 1
490, 150, 1
576, 339, 1
225, 490, 1
19, 339, 1
712, 617, 1
150, 343, 1
125, 869, 1
619, 28, 1
576, 222, 1
19, 222, 1
712, 1449, 1
712, 619, 1
617, 1391, 1
0, 712, 1
619, 869, 1
0, 28, 1
576, 343, 1
19, 343, 1
712, 194, 1
125, 617, 1
869, 617, 1
225, 222, 1
0, 869, 1
490, 339, 1
576, 1129, 1
869, 125, 1
619, 712, 1
490, 1129, 1
869, 619, 1
194, 712, 1
712, 0, 1
225, 19, 1
884, 225, 1
150, 19, 1
617, 1449, 1
1391, 712, 1
884, 667, 1
619, 1449, 1
225, 1129, 1
150, 1129, 1
1129, 19, 1
125, 712, 1
194, 1449, 1
869, 28, 1
222, 1129, 1
150, 884, 1
576, 19, 1
150, 222, 1
490, 19, 1
617, 712, 1
150, 667, 1
884, 1129, 1
125, 28, 1
125, 619, 1
617, 0, 1
619, 617, 1
343, 1129, 1
28, 1301, -1
28, 930, -1
28, 823, -1
28, 56, -1
28, 1291, -1
28, 293, -1
28, 737, -1
28, 99, -1
28, 311, -1
28, 312, -1
28, 108, -1
28, 336, -1
28, 1473, -1
28, 222, -1
28, 490, -1
28, 343, -1
28, 225, -1
28, 884, -1
28, 1129, -1
28, 576, -1
28, 150, -1
28, 19, -1
28, 1068, -1
28, 290, -1
28, 661, -1
1449, 1301, -1
1449, 930, -1
1449, 823, -1
1449, 56, -1
1449, 1291, -1
1449, 293, -1
1449, 737, -1
1449, 99, -1
1449, 311, -1
1449, 312, -1
1449, 108, -1
1449, 336, -1
1449, 1473, -1
1449, 222, -1
1449, 490, -1
1449, 343, -1
1449, 225, -1
1449, 884, -1
1449, 1129, -1
1449, 576, -1
1449, 150, -1
1449, 19, -1
1449, 1068, -1
1449, 290, -1
1449, 661, -1
339, 194, -1
339, 712, -1
339, 0, -1
339, 125, -1
339, 869, -1
339, 617, -1
339, 1391, -1
339, 619, -1
339, 28, -1
339, 1449, -1
339, 1301, -1
339, 930, -1
339, 823, -1
339, 56, -1
339, 1291, -1
339, 293, -1
339, 737, -1
339, 99, -1
339, 311, -1
339, 312, -1
339, 108, -1
339, 336, -1
339, 1473, -1
339, 1068, -1
339, 290, -1
339, 661, -1
667, 194, -1
667, 712, -1
667, 0, -1
667, 125, -1
667, 869, -1
667, 617, -1
667, 1391, -1
667, 619, -1
667, 28, -1
667, 1449, -1
667, 1301, -1
667, 930, -1
667, 823, -1
667, 56, -1
667, 1291, -1
667, 293, -1
667, 737, -1
667, 99, -1
667, 311, -1
667, 312, -1
667, 108, -1
667, 336, -1
667, 1473, -1
667, 1068, -1
667, 290, -1
667, 661, -1
490, 1068, -1
194, 490, -1
930, 28, -1
343, 1391, -1
0, 661, -1
194, 99, -1
661, 150, -1
108, 194, -1
194, 108, -1
19, 930, -1
225, 617, -1
1473, 150, -1
0, 108, -1
1301, 1391, -1
150, 1391, -1
490, 1301, -1
884, 712, -1
1068, 869, -1
1068, 222, -1
1129, 1391, -1
576, 290, -1
99, 225, -1
19, 125, -1
1068, 343, -1
99, 490, -1
737, 490, -1
312, 225, -1
1473, 28, -1
56, 1449, -1
312, 490, -1
1291, 667, -1
619, 884, -1
56, 667, -1
336, 712, -1
194, 884, -1
884, 28, -1
869, 1068, -1
1129, 869, -1
336, 150, -1
884, 293, -1
0, 884, -1
1291, 150, -1
712, 19, -1
343, 311, -1
19, 1391, -1
712, 293, -1
343, 823, -1
930, 125, -1
884, 823, -1
712, 311, -1
930, 619, -1
884, 661, -1
712, 576, -1
712, 823, -1
930, 884, -1
869, 1301, -1
150, 311, -1
712, 661, -1
150, 823, -1
1129, 311, -1
576, 28, -1
1449, 667, -1
336, 19, -1
336, 28, -1
619, 1301, -1
737, 619, -1
576, 293, -1
1129, 823, -1
884, 0, -1
737, 884, -1
1129, 194, -1
617, 150, -1
19, 869, -1
125, 222, -1
619, 339, -1
930, 1391, -1
576, 661, -1
712, 930, -1
194, 339, -1
1291, 225, -1
1473, 125, -1
56, 225, -1
125, 343, -1
619, 222, -1
1473, 619, -1
1291, 490, -1
0, 339, -1
576, 108, -1
56, 490, -1
290, 150, -1
1473, 884, -1
108, 1449, -1
737, 1391, -1
125, 1129, -1
869, 1129, -1
619, 343, -1
1129, 930, -1
0, 222, -1
576, 0, -1
336, 0, -1
884, 125, -1
617, 19, -1
19, 311, -1
884, 619, -1
576, 930, -1
617, 293, -1
1391, 343, -1
619, 1129, -1
0, 343, -1
19, 823, -1
661, 1391, -1
930, 869, -1
293, 150, -1
930, 222, -1
225, 290, -1
19, 194, -1
194, 293, -1
617, 823, -1
1473, 1391, -1
619, 576, -1
225, 1449, -1
312, 712, -1
194, 311, -1
617, 661, -1
290, 28, -1
737, 339, -1
930, 343, -1
194, 823, -1
1391, 311, -1
0, 311, -1
312, 150, -1
0, 576, -1
1391, 823, -1
0, 823, -1
576, 125, -1
336, 125, -1
884, 1391, -1
576, 619, -1
336, 619, -1
869, 225, -1
336, 884, -1
1473, 339, -1
869, 737, -1
1291, 884, -1
617, 930, -1
99, 19, -1
99, 28, -1
1473, 869, -1
1129, 1068, -1
1473, 222, -1
194, 930, -1
312, 19, -1
712, 1301, -1
312, 28, -1
0, 930, -1
490, 290, -1
1473, 343, -1
576, 1391, -1
336, 1391, -1
712, 339, -1
884, 869, -1
1473, 617, -1
19, 1473, -1
1291, 1391, -1
1129, 1301, -1
1068, 150, -1
1473, 1129, -1
712, 222, -1
619, 1473, -1
617, 884, -1
576, 712, -1
194, 1473, -1
884, 617, -1
1129, 1449, -1
1301, 222, -1
712, 343, -1
225, 661, -1
290, 125, -1
1473, 194, -1
56, 712, -1
222, 1391, -1
0, 1473, -1
125, 1068, -1
336, 339, -1
290, 619, -1
19, 1068, -1
312, 0, -1
884, 311, -1
290, 884, -1
1301, 343, -1
225, 108, -1
56, 150, -1
576, 869, -1
712, 1129, -1
336, 869, -1
336, 222, -1
619, 1068, -1
884, 194, -1
194, 1068, -1
1129, 617, -1
125, 1301, -1
336, 343, -1
19, 1301, -1
0, 1068, -1
336, 617, -1
99, 125, -1
737, 125, -1
290, 1391, -1
336, 1129, -1
1291, 19, -1
312, 125, -1
1291, 28, -1
99, 884, -1
56, 19, -1
576, 311, -1
56, 28, -1
194, 1301, -1
19, 1449, -1
312, 619, -1
617, 339, -1
312, 884, -1
336, 576, -1
576, 823, -1
1449, 339, -1
0, 1301, -1
490, 661, -1
576, 194, -1
336, 194, -1
617, 222, -1
225, 619, -1
293, 1391, -1
490, 108, -1
619, 667, -1
194, 222, -1
125, 150, -1
869, 150, -1
19, 617, -1
99, 1391, -1
222, 311, -1
617, 343, -1
290, 869, -1
222, 823, -1
312, 1391, -1
290, 222, -1
194, 343, -1
619, 150, -1
619, 1291, -1
617, 1129, -1
56, 0, -1
108, 712, -1
194, 1291, -1
617, 311, -1
290, 343, -1
712, 1473, -1
194, 1129, -1
225, 1391, -1
930, 667, -1
108, 150, -1
0, 1291, -1
99, 339, -1
1391, 1129, -1
0, 1129, -1
293, 222, -1
312, 339, -1
869, 293, -1
99, 869, -1
884, 1068, -1
737, 869, -1
99, 222, -1
737, 222, -1
293, 343, -1
312, 869, -1
490, 619, -1
712, 1068, -1
576, 1473, -1
312, 222, -1
1291, 125, -1
125, 225, -1
869, 661, -1
56, 125, -1
99, 343, -1
737, 343, -1
56, 619, -1
125, 737, -1
19, 737, -1
1473, 1449, -1
1068, 1391, -1
108, 28, -1
661, 222, -1
737, 617, -1
312, 343, -1
56, 884, -1
619, 225, -1
884, 1301, -1
19, 108, -1
225, 869, -1
99, 1129, -1
619, 490, -1
737, 1129, -1
194, 225, -1
619, 737, -1
1473, 667, -1
661, 343, -1
619, 99, -1
312, 1129, -1
619, 108, -1
576, 1068, -1
194, 737, -1
99, 576, -1
0, 225, -1
884, 1449, -1
490, 1391, -1
0, 490, -1
712, 290, -1
0, 737, -1
312, 576, -1
737, 194, -1
0, 99, -1
56, 1391, -1
225, 28, -1
312, 194, -1
225, 293, -1
617, 1473, -1
225, 311, -1
576, 1301, -1
712, 667, -1
1129, 290, -1
108, 0, -1
225, 823, -1
225, 194, -1
737, 225, -1
576, 1449, -1
712, 150, -1
336, 1449, -1
712, 1291, -1
1291, 339, -1
56, 339, -1
490, 869, -1
617, 1068, -1
1068, 28, -1
1301, 150, -1
1291, 869, -1
336, 667, -1
56, 869, -1
1291, 222, -1
56, 222, -1
225, 930, -1
1473, 225, -1
108, 125, -1
1291, 343, -1
576, 617, -1
56, 343, -1
1473, 490, -1
108, 619, -1
490, 28, -1
617, 1301, -1
56, 617, -1
490, 293, -1
19, 290, -1
490, 311, -1
1291, 1129, -1
56, 1129, -1
617, 290, -1
490, 823, -1
490, 194, -1
1291, 576, -1
194, 290, -1
56, 576, -1
712, 225, -1
1129, 28, -1
225, 125, -1
884, 108, -1
712, 490, -1
617, 667, -1
1129, 293, -1
56, 194, -1
712, 737, -1
0, 290, -1
712, 99, -1
108, 1391, -1
712, 108, -1
194, 667, -1
1129, 661, -1
0, 667, -1
869, 222, -1
617, 1291, -1
290, 667, -1
490, 930, -1
336, 225, -1
1129, 108, -1
194, 150, -1
336, 490, -1
225, 1068, -1
576, 737, -1
869, 343, -1
1068, 125, -1
0, 150, -1
737, 1449, -1
19, 28, -1
108, 869, -1
125, 293, -1
108, 222, -1
19, 293, -1
125, 311, -1
869, 311, -1
312, 1449, -1
225, 1301, -1
930, 150, -1
490, 125, -1
99, 667, -1
619, 19, -1
737, 667, -1
125, 823, -1
869, 823, -1
194, 19, -1
619, 293, -1
108, 343, -1
125, 661, -1
312, 667, -1
619, 311, -1
19, 661, -1
712, 884, -1
108, 617, -1
0, 19, -1
619, 823, -1
617, 225, -1
99, 150, -1
737, 150, -1
0, 293, -1
617, 490, -1
619, 661, -1
1129, 125, -1
617, 737, -1
312, 617, -1
617, 99, -1
194, 661, -1
1129, 619, -1
617, 108, -1
108, 576, -1
823, 222, -1
930, 19, -1
884, 290, -1
19, 0, -1
108, 667, -1
930, 339, -1
869, 884, -1
290, 490, -1
619, 290, -1
225, 1291, -1
869, 667, -1
99, 712, -1
150, 1291, -1
737, 19, -1
311, 222, -1
1301, 125, -1
150, 125, -1
490, 99, -1
290, 19, -1
194, 576, -1
290, 339, -1
576, 1291, -1
19, 1291, -1
930, 617, -1
1291, 617, -1
1391, 222, -1
930, 1129, -1
150, 712, -1
19, 619, -1
930, 0, -1
1291, 0, -1
1473, 19, -1
930, 1449, -1
1291, 1449, -1
1129, 99, -1
293, 28, -1
1129, 712, -1
930, 576, -1
1068, 1129, -1
869, 99, -1
617, 576, -1
222, 617, -1
1291, 194, -1
737, 28, -1
19, 712, -1
869, 19, -1
290, 1129, -1
737, 0, -1
490, 617, -1
869, 339, -1
150, 661, -1
490, 1291, -1
290, 1449, -1
108, 225, -1
150, 1301, -1
150, 99, -1
490, 1449, -1
108, 490, -1
225, 712, -1
150, 108, -1
1301, 28, -1
150, 28, -1
293, 1129, -1
1473, 0, -1
150, 1068, -1
108, 19, -1
99, 617, -1
150, 293, -1
576, 99, -1
1391, 150, -1
869, 108, -1
19, 99, -1
823, 150, -1
108, 339, -1
1301, 869, -1
150, 869, -1
1129, 0, -1
99, 0, -1
99, 1449, -1
1291, 712, -1
930, 712, -1
225, 99, -1
99, 194, -1
311, 150, -1
661, 1129, -1
150, 617, -1
222, 712, -1
930, 225, -1
1301, 1129, -1
225, 0, -1
293, 125, -1
343, 712, -1
1129, 1291, -1
930, 490, -1
1301, 619, -1
150, 619, -1
108, 1129, -1
490, 712, -1
222, 1068, -1
869, 1291, -1
222, 869, -1
661, 617, -1
1473, 712, -1
290, 225, -1
1068, 712, -1
222, 661, -1
293, 712, -1
1301, 712, -1
1068, 617, -1
125, 884, -1
1301, 617, -1
293, 617, -1
125, 667, -1
222, 1301, -1
737, 712, -1
290, 712, -1
125, 99, -1
125, 108, -1
290, 617, -1
293, 869, -1
1068, 225, -1
125, 19, -1
222, 293, -1
125, 1291, -1
222, 125, -1
125, 339, -1
661, 712, -1

352, 1301, 1
352, 930, 1
352, 823, 1
352, 56, 1
352, 1291, 1
352, 293, 1
352, 737, 1
352, 99, 1
352, 311, 1
352, 312, 1
352, 108, 1
352, 336, 1
352, 1473, 1
36, 194, 1
36, 712, 1
36, 0, 1
36, 125, 1
36, 869, 1
36, 617, 1
36, 1391, 1
36, 619, 1
36, 28, 1
36, 1449, 1
336, 311, 1
617, 28, 1
930, 293, 1
1291, 293, 1
56, 293, 1
1449, 28, 1
1291, 311, 1
712, 125, 1
712, 1391, 1
194, 28, 1
930, 823, 1
1291, 823, 1
617, 869, 1
56, 823, 1
737, 312, 1
1449, 869, 1
194, 869, 1
0, 1449, 1
930, 1301, 1
823, 311, 1
56, 1301, 1
1473, 737, 1
1473, 99, 1
869, 1391, 1
1473, 108, 1
930, 336, 1
1291, 336, 1
56, 336, 1
0, 194, 1
312, 1473, 1
930, 311, 1
737, 1301, 1
56, 311, 1
737, 99, 1
99, 108, 1
619, 125, 1
619, 1391, 1
737, 108, 1
1473, 293, 1
312, 99, 1
0, 617, 1
194, 619, 1
99, 293, 1
617, 194, 1
869, 28, 1
0, 125, 1
737, 293, 1
1449, 194, 1
737, 311, 1
0, 619, 1
312, 293, 1
99, 823, 1
737, 823, 1
1473, 1301, 1
930, 1291, 1
712, 28, 1
125, 1391, 1
56, 1291, 1
1449, 617, 1
336, 1473, 1
617, 125, 1
99, 1301, 1
712, 869, 1
1449, 125, 1
617, 619, 1
1301, 293, 1
1473, 311, 1
1449, 619, 1
312, 1301, 1
1301, 311, 1
194, 125, 1
194, 1391, 1
1473, 930, 1
737, 1291, 1
293, 311, 1
99, 336, 1
312, 108, 1
336, 108, 1
108, 293, 1
737, 336, 1
1473, 823, 1
1301, 823, 1
293, 823, 1
125, 28, 1
0, 1391, 1
930, 56, 1
99, 311, 1
312, 336, 1
930, 312, 1
108, 823, 1
737, 930, 1
336, 293, 1
712, 617, 1
56, 312, 1
312, 311, 1
28, 1391, 1
125, 869, 1
619, 28, 1
336, 823, 1
312, 823, 1
712, 1449, 1
108, 1301, 1
1473, 1291, 1
712, 619, 1
617, 1391, 1
0, 712, 1
56, 1473, 1
1449, 1391, 1
619, 869, 1
0, 28, 1
336, 1301, 1
712, 194, 1
56, 737, 1
1291, 1301, 1
930, 99, 1
1291, 99, 1
930, 108, 1
1291, 108, 1
108, 311, 1
56, 99, 1
312, 1291, 1
56, 108, 1
0, 869, 1
99, 1473, 1
0, 36, 1
869, 125, 1
619, 712, 1
737, 1473, 1
28, 125, 1
1473, 352, 1
1449, 712, 1
869, 619, 1
1473, 56, 1
293, 1301, 1
293, 108, 1
312, 930, 1
869, 36, 1
28, 869, 1
194, 712, 1
336, 930, 1
125, 36, 1
99, 737, 1
28, 36, 1
712, 0, 1
311, 293, 1
194, 617, 1
1473, 336, 1
108, 352, 1
617, 1449, 1
1391, 712, 1
99, 352, 1
293, 1291, 1
1291, 1473, 1
930, 1473, 1
712, 36, 1
99, 56, 1
737, 352, 1
56, 930, 1
312, 737, 1
737, 56, 1
619, 1449, 1
336, 737, 1
617, 36, 1
56, 352, 1
311, 823, 1
99, 930, 1
619, 36, 1
336, 99, 1
312, 352, 1
125, 712, 1
312, 56, 1
99, 1291, 1
1449, 36, 1
336, 352, 1
336, 56, 1
194, 36, 1
869, 617, 1
336, 312, 1
28, 617, 1
1291, 352, 1
930, 352, 1
108, 1473, 1
336, 1291, 1
311, 1301, 1
617, 712, 1
108, 737, 1
617, 0, 1
125, 619, 1
823, 1301, 1
1291, 56, 1
1301, 1291, 1
1301, 99, 1
194, 1449, 1
1291, 930, 1
930, 737, 1
1301, 108, 1
619, 617, 1
1291, 737, 1
1473, 312, 1
1449, 0, 1
1291, 312, 1
293, 99, 1
352, 194, -1
352, 712, -1
352, 0, -1
352, 125, -1
352, 869, -1
352, 617, -1
352, 1391, -1
352, 619, -1
352, 28, -1
352, 1449, -1
352, 222, -1
352, 490, -1
352, 343, -1
352, 225, -1
352, 884, -1
352, 1129, -1
352, 576, -1
352, 150, -1
352, 19, -1
352, 339, -1
352, 667, -1
352, 1068, -1
352, 290, -1
352, 661, -1
36, 1301, -1
36, 930, -1
36, 823, -1
36, 56, -1
36, 1291, -1
36, 293, -1
36, 737, -1
36, 99, -1
36, 311, -1
36, 312, -1
36, 108, -1
36, 336, -1
36, 1473, -1
36, 352, -1
36, 222, -1
36, 490, -1
36, 343, -1
36, 225, -1
36, 884, -1
36, 1129, -1
36, 576, -1
36, 150, -1
36, 19, -1
36, 339, -1
36, 667, -1
36, 1068, -1
36, 290, -1
36, 661, -1
1050, 194, -1
1050, 712, -1
1050, 0, -1
1050, 125, -1
1050, 869, -1
1050, 617, -1
1050, 1391, -1
1050, 619, -1
1050, 28, -1
1050, 1449, -1
1050, 36, -1
1050, 1301, -1
1050, 930, -1
1050, 823, -1
1050, 56, -1
1050, 1291, -1
1050, 293, -1
1050, 737, -1
1050, 99, -1
1050, 311, -1
1050, 312, -1
1050, 108, -1
1050, 336, -1
1050, 1473, -1
1050, 352, -1
1050, 222, -1
1050, 490, -1
1050, 343, -1
1050, 225, -1
1050, 884, -1
1050, 1129, -1
1050, 576, -1
1050, 150, -1
1050, 19, -1
1050, 339, -1
1050, 667, -1
1050, 1068, -1
1050, 290, -1
1050, 661, -1
1449, 99, -1
194, 490, -1
930, 19, -1
930, 28, -1
1068, 1301, -1
1473, 712, -1
0, 661, -1
194, 99, -1
56, 1050, -1
108, 194, -1
1291, 1068, -1
194, 108, -1
339, 108, -1
56, 1068, -1
225, 617, -1
823, 343, -1
1473, 150, -1
225, 1291, -1
0, 108, -1
290, 99, -1
290, 108, -1
737, 19, -1
930, 661, -1
1301, 1391, -1
150, 1391, -1
490, 1301, -1
884, 712, -1
1129, 1391, -1
108, 36, -1
19, 125, -1
737, 661, -1
1301, 712, -1
737, 490, -1
312, 225, -1
1473, 19, -1
1473, 28, -1
56, 1449, -1
312, 490, -1
1291, 667, -1
56, 667, -1
336, 712, -1
1473, 661, -1
884, 28, -1
490, 1291, -1
869, 1068, -1
336, 150, -1
1129, 869, -1
225, 737, -1
884, 293, -1
1291, 150, -1
712, 19, -1
19, 1391, -1
712, 293, -1
930, 125, -1
884, 823, -1
712, 311, -1
667, 1301, -1
930, 619, -1
1449, 290, -1
712, 823, -1
930, 884, -1
869, 1301, -1
150, 311, -1
712, 661, -1
339, 1391, -1
108, 1068, -1
150, 823, -1
1129, 311, -1
336, 19, -1
576, 28, -1
1449, 667, -1
99, 619, -1
336, 28, -1
28, 150, -1
619, 1301, -1
737, 619, -1
576, 293, -1
1129, 823, -1
737, 884, -1
884, 0, -1
1129, 194, -1
617, 150, -1
19, 869, -1
125, 222, -1
619, 339, -1
1449, 150, -1
930, 1391, -1
336, 661, -1
712, 930, -1
311, 1391, -1
194, 339, -1
1473, 125, -1
56, 225, -1
125, 343, -1
619, 222, -1
1473, 619, -1
576, 108, -1
0, 339, -1
56, 490, -1
1473, 884, -1
108, 1449, -1
737, 1391, -1
619, 343, -1
1129, 930, -1
28, 293, -1
312, 290, -1
0, 222, -1
576, 0, -1
336, 0, -1
884, 125, -1
617, 19, -1
930, 339, -1
19, 311, -1
293, 712, -1
884, 619, -1
1449, 19, -1
617, 293, -1
1391, 343, -1
0, 343, -1
19, 823, -1
661, 1391, -1
28, 661, -1
1449, 293, -1
930, 869, -1
99, 712, -1
293, 150, -1
339, 28, -1
737, 712, -1
930, 222, -1
194, 293, -1
617, 823, -1
339, 293, -1
1473, 1391, -1
1301, 125, -1
225, 1449, -1
312, 712, -1
194, 311, -1
339, 311, -1
737, 339, -1
617, 661, -1
290, 28, -1
1449, 661, -1
930, 343, -1
194, 823, -1
290, 293, -1
1391, 311, -1
339, 823, -1
0, 311, -1
312, 150, -1
311, 343, -1
1129, 1473, -1
1391, 823, -1
0, 823, -1
576, 125, -1
1449, 108, -1
290, 823, -1
336, 125, -1
712, 1050, -1
884, 1391, -1
576, 619, -1
336, 619, -1
1291, 619, -1
336, 884, -1
667, 108, -1
1473, 339, -1
1291, 884, -1
930, 576, -1
617, 930, -1
99, 19, -1
99, 28, -1
930, 194, -1
1473, 869, -1
737, 28, -1
1473, 222, -1
194, 930, -1
312, 19, -1
712, 1301, -1
312, 28, -1
293, 661, -1
0, 930, -1
737, 576, -1
1473, 343, -1
576, 1391, -1
99, 661, -1
336, 1391, -1
712, 339, -1
884, 869, -1
1473, 617, -1
1291, 1391, -1
56, 290, -1
1129, 1301, -1
312, 661, -1
661, 311, -1
930, 36, -1
712, 222, -1
661, 823, -1
339, 125, -1
576, 712, -1
1473, 576, -1
1301, 869, -1
884, 617, -1
1129, 1449, -1
1301, 222, -1
1291, 712, -1
712, 343, -1
290, 125, -1
1473, 194, -1
56, 712, -1
222, 1391, -1
336, 339, -1
0, 1473, -1
125, 1068, -1
290, 619, -1
737, 36, -1
352, 36, -1
312, 0, -1
225, 99, -1
884, 311, -1
1301, 343, -1
56, 150, -1
225, 108, -1
576, 869, -1
712, 1129, -1
336, 869, -1
336, 222, -1
619, 1068, -1
194, 1050, -1
884, 194, -1
194, 1068, -1
1129, 617, -1
293, 125, -1
1129, 1291, -1
125, 1301, -1
336, 343, -1
0, 1050, -1
19, 1301, -1
1473, 36, -1
0, 1068, -1
336, 617, -1
99, 125, -1
737, 125, -1
290, 1391, -1
336, 1129, -1
1291, 19, -1
312, 125, -1
1291, 28, -1
99, 884, -1
56, 19, -1
930, 1050, -1
576, 311, -1
56, 28, -1
194, 1301, -1
312, 619, -1
339, 1301, -1
930, 1068, -1
617, 339, -1
28, 222, -1
312, 884, -1
336, 576, -1
576, 823, -1
1449, 339, -1
0, 1301, -1
576, 194, -1
336, 194, -1
617, 222, -1
1291, 661, -1
28, 343, -1
490, 99, -1
56, 661, -1
352, 1050, -1
293, 1391, -1
737, 1050, -1
490, 108, -1
225, 619, -1
1449, 222, -1
619, 667, -1
339, 869, -1
194, 222, -1
125, 150, -1
869, 150, -1
99, 1391, -1
222, 311, -1
617, 343, -1
1449, 343, -1
290, 869, -1
222, 823, -1
312, 1391, -1
28, 311, -1
194, 343, -1
619, 150, -1
1129, 737, -1
619, 1291, -1
336, 36, -1
1129, 99, -1
28, 823, -1
56, 0, -1
1473, 1050, -1
108, 712, -1
194, 1291, -1
1291, 36, -1
617, 311, -1
1473, 1068, -1
712, 1473, -1
1449, 311, -1
667, 28, -1
930, 667, -1
225, 1391, -1
108, 150, -1
0, 1291, -1
99, 339, -1
667, 293, -1
1449, 823, -1
293, 869, -1
0, 1129, -1
293, 222, -1
312, 339, -1
869, 293, -1
99, 869, -1
667, 823, -1
290, 311, -1
737, 869, -1
99, 222, -1
737, 222, -1
293, 343, -1
312, 869, -1
490, 619, -1
712, 1068, -1
312, 222, -1
1291, 125, -1
869, 661, -1
56, 125, -1
99, 343, -1
737, 343, -1
56, 619, -1
1473, 1449, -1
56, 884, -1
108, 28, -1
312, 343, -1
737, 617, -1
1068, 1391, -1
884, 1301, -1
1449, 930, -1
19, 108, -1
225, 869, -1
1473, 667, -1
336, 1050, -1
619, 99, -1
312, 1129, -1
619, 108, -1
336, 1068, -1
99, 576, -1
0, 225, -1
884, 1449, -1
108, 661, -1
490, 1391, -1
0, 490, -1
712, 290, -1
0, 737, -1
312, 576, -1
737, 194, -1
0, 99, -1
56, 1391, -1
225, 28, -1
312, 194, -1
225, 293, -1
617, 1473, -1
225, 311, -1
576, 1301, -1
930, 490, -1
1449, 1473, -1
712, 667, -1
108, 0, -1
667, 125, -1
225, 823, -1
225, 194, -1
28, 1068, -1
336, 290, -1
99, 36, -1
576, 1449, -1
712, 150, -1
336, 1449, -1
712, 1291, -1
1291, 339, -1
56, 339, -1
490, 869, -1
617, 1050, -1
312, 36, -1
617, 1068, -1
1449, 1050, -1
1449, 1068, -1
1301, 150, -1
1291, 869, -1
336, 667, -1
56, 869, -1
1291, 222, -1
1068, 293, -1
56, 222, -1
1068, 311, -1
28, 1301, -1
225, 930, -1
1068, 823, -1
108, 125, -1
1291, 343, -1
576, 617, -1
667, 1391, -1
56, 343, -1
1473, 490, -1
108, 619, -1
490, 28, -1
617, 1301, -1
108, 884, -1
1449, 1301, -1
56, 617, -1
490, 293, -1
490, 311, -1
56, 1129, -1
617, 290, -1
490, 823, -1
290, 1301, -1
1291, 576, -1
56, 576, -1
194, 290, -1
712, 225, -1
1129, 28, -1
225, 125, -1
712, 490, -1
225, 1473, -1
1129, 293, -1
56, 194, -1
712, 737, -1
99, 1068, -1
617, 667, -1
0, 290, -1
737, 1068, -1
712, 99, -1
108, 1391, -1
312, 1050, -1
1301, 661, -1
667, 869, -1
312, 1068, -1
194, 667, -1
0, 667, -1
617, 1291, -1
869, 222, -1
930, 290, -1
1449, 1291, -1
336, 225, -1
1129, 108, -1
194, 150, -1
336, 490, -1
56, 36, -1
869, 343, -1
0, 150, -1
290, 1291, -1
737, 290, -1
667, 311, -1
930, 712, -1
823, 1391, -1
19, 28, -1
737, 1449, -1
108, 869, -1
311, 712, -1
125, 293, -1
108, 222, -1
19, 293, -1
125, 311, -1
869, 311, -1
312, 1449, -1
225, 1301, -1
930, 150, -1
490, 125, -1
99, 667, -1
619, 19, -1
737, 667, -1
125, 823, -1
869, 823, -1
108, 343, -1
619, 293, -1
194, 19, -1
312, 667, -1
125, 661, -1
619, 311, -1
823, 712, -1
1473, 290, -1
108, 617, -1
0, 19, -1
619, 823, -1
99, 150, -1
737, 150, -1
0, 293, -1
617, 490, -1
619, 661, -1
1129, 125, -1
617, 737, -1
312, 617, -1
1449, 490, -1
1449, 737, -1
617, 99, -1
194, 661, -1
1129, 619, -1
617, 108, -1
1129, 36, -1
619, 352, -1
290, 1473, -1
19, 0, -1
108, 667, -1
19, 1449, -1
1449, 56, -1
225, 352, -1
576, 930, -1
19, 930, -1
869, 884, -1
619, 336, -1
884, 36, -1
619, 290, -1
1068, 28, -1
869, 667, -1
1129, 312, -1
19, 194, -1
311, 869, -1
619, 930, -1
311, 222, -1
0, 336, -1
28, 352, -1
884, 56, -1
576, 352, -1
1068, 869, -1
311, 661, -1
225, 36, -1
884, 312, -1
125, 1291, -1
576, 1291, -1
19, 617, -1
712, 56, -1
19, 1291, -1
667, 1473, -1
617, 352, -1
930, 617, -1
1291, 617, -1
712, 312, -1
99, 225, -1
1068, 352, -1
1291, 290, -1
99, 490, -1
194, 352, -1
339, 352, -1
884, 1473, -1
576, 36, -1
930, 0, -1
1291, 0, -1
930, 1449, -1
19, 36, -1
1291, 1449, -1
293, 19, -1
293, 28, -1
869, 737, -1
0, 352, -1
1129, 56, -1
194, 336, -1
293, 339, -1
290, 352, -1
884, 737, -1
293, 1068, -1
869, 99, -1
884, 99, -1
619, 884, -1
1291, 194, -1
576, 56, -1
339, 1449, -1
99, 1050, -1
19, 712, -1
1068, 36, -1
490, 352, -1
19, 56, -1
869, 19, -1
576, 312, -1
19, 312, -1
194, 884, -1
737, 0, -1
712, 108, -1
869, 339, -1
290, 1449, -1
619, 56, -1
222, 36, -1
0, 884, -1
1449, 352, -1
619, 312, -1
490, 1449, -1
619, 1050, -1
225, 56, -1
576, 1473, -1
343, 823, -1
490, 36, -1
19, 1473, -1
225, 312, -1
28, 884, -1
667, 352, -1
311, 125, -1
1301, 28, -1
125, 737, -1
576, 737, -1
339, 1291, -1
0, 312, -1
1473, 0, -1
19, 737, -1
1301, 1068, -1
99, 617, -1
1068, 125, -1
619, 1473, -1
576, 99, -1
125, 99, -1
617, 884, -1
125, 108, -1
869, 108, -1
19, 99, -1
884, 352, -1
1449, 884, -1
99, 290, -1
99, 1129, -1
194, 1473, -1
1129, 0, -1
619, 490, -1
667, 1449, -1
99, 0, -1
619, 737, -1
339, 36, -1
99, 1449, -1
712, 352, -1
884, 336, -1
293, 667, -1
617, 56, -1
194, 737, -1
1291, 1050, -1
617, 312, -1
290, 36, -1
712, 336, -1
1449, 312, -1
99, 194, -1
311, 150, -1
28, 1473, -1
490, 1473, -1
194, 56, -1
884, 930, -1
1301, 617, -1
194, 312, -1
293, 617, -1
1129, 352, -1
0, 56, -1
28, 737, -1
712, 884, -1
290, 56, -1
661, 36, -1
225, 0, -1
290, 312, -1
28, 108, -1
1291, 490, -1
1301, 619, -1
108, 290, -1
19, 352, -1
293, 619, -1
1068, 1473, -1
490, 56, -1
1301, 36, -1
150, 36, -1
293, 36, -1
339, 1473, -1
869, 1291, -1
490, 312, -1
293, 884, -1
576, 336, -1
884, 1291, -1
19, 336, -1
667, 36, -1
823, 222, -1
339, 737, -1
343, 311, -1
661, 617, -1
823, 661, -1
1068, 712, -1
1291, 1129, -1
225, 712, -1
339, 99, -1
667, 737, -1
150, 712, -1
617, 336, -1
339, 712, -1
1068, 617, -1
125, 884, -1
1449, 336, -1
290, 737, -1
1301, 19, -1
150, 617, -1
823, 869, -1
667, 712, -1
339, 617, -1
125, 667, -1
1129, 712, -1
1301, 339, -1
225, 336, -1
222, 712, -1
290, 712, -1
490, 737, -1
667, 617, -1
1291, 225, -1
222, 617, -1
290, 617, -1
1129, 336, -1
823, 150, -1
490, 712, -1
290, 336, -1
1301, 884, -1
125, 19, -1
823, 125, -1
490, 617, -1
490, 336, -1
125, 339, -1
1068, 737, -1
1301, 667, -1
661, 712, -1

