4, 604, 1
16, 9, 1
301, 604, -1
3, 604, -1
3, 301, -1
4, 301, -1
4, 3, -1
9, 604, -1
9, 4, -1
9, 301, -1
9, 3, -1
16, 604, -1
16, 4, -1
16, 301, -1
16, 3, -1
3, 4, -1
604, 301, -1

591, 9, 1
591, 16, 1
966, 9, 1
966, 16, 1
966, 591, 1
1153, 3, 1
9, 591, 1
16, 9, 1
16, 591, 1
9, 966, 1
16, 966, 1
591, 604, -1
591, 4, -1
591, 301, -1
591, 3, -1
966, 604, -1
966, 4, -1
966, 301, -1
966, 3, -1
1153, 604, -1
1153, 4, -1
1153, 301, -1
1153, 9, -1
1153, 16, -1
1153, 591, -1
1153, 966, -1
3, 4, -1
9, 301, -1
16, 4, -1
4, 591, -1
301, 591, -1
4, 966, -1
3, 604, -1
301, 966, -1
3, 9, -1
9, 4, -1
16, 604, -1
16, 3, -1
604, 591, -1
16, 1153, -1
3, 591, -1
604, 966, -1
3, 301, -1
3, 966, -1
9, 604, -1
9, 3, -1
16, 301, -1
9, 1153, -1

307, 9, 1
307, 16, 1
307, 591, 1
307, 966, 1
36, 604, 1
36, 4, 1
604, 4, 1
9, 591, 1
16, 9, 1
966, 591, 1
16, 591, 1
9, 966, 1
16, 966, 1
16, 307, 1
4, 36, 1
604, 36, 1
9, 307, 1
4, 604, 1
307, 604, -1
307, 4, -1
307, 301, -1
307, 3, -1
307, 1153, -1
36, 301, -1
36, 3, -1
36, 1153, -1
36, 9, -1
36, 16, -1
36, 591, -1
36, 966, -1
36, 307, -1
1153, 604, -1
1153, 9, -1
3, 4, -1
9, 301, -1
3, 16, -1
16, 4, -1
1153, 591, -1
4, 591, -1
1153, 966, -1
301, 591, -1
4, 301, -1
4, 966, -1
3, 604, -1
3, 9, -1
301, 966, -1
9, 4, -1
307, 36, -1
16, 604, -1
604, 591, -1
16, 1153, -1
604, 301, -1
3, 591, -1
604, 966, -1
1153, 4, -1
3, 966, -1
16, 36, -1
9, 604, -1
16, 301, -1
9, 36, -1
966, 36, -1
301, 36, -1
9, 3, -1
301, 604, -1
3, 36, -1
16, 3, -1
966, 604, -1
1153, 307, -1
1153, 36, -1

1115, 604, 1
1115, 4, 1
1115, 36, 1
1395, 301, 1
36, 4, 1
36, 604, 1
4, 604, 1
4, 36, 1
604, 36, 1
604, 4, 1
220, 604, -1
220, 4, -1
220, 36, -1
220, 301, -1
220, 3, -1
220, 1153, -1
220, 9, -1
220, 16, -1
220, 591, -1
220, 966, -1
220, 307, -1
1115, 301, -1
1115, 3, -1
1115, 1153, -1
1115, 9, -1
1115, 16, -1
1115, 591, -1
1115, 966, -1
1115, 307, -1
1115, 220, -1
1395, 604, -1
1395, 4, -1
1395, 36, -1
1395, 1115, -1
1395, 3, -1
1395, 1153, -1
1395, 9, -1
1395, 16, -1
1395, 591, -1
1395, 966, -1
1395, 307, -1
1395, 220, -1
1153, 604, -1
3, 4, -1
9, 301, -1
1153, 36, -1
16, 4, -1
9, 36, -1
1153, 301, -1
307, 604, -1
4, 591, -1
301, 591, -1
4, 301, -1
4, 966, -1
3, 604, -1
301, 966, -1
9, 4, -1
307, 36, -1
16, 604, -1
3, 36, -1
604, 591, -1
36, 591, -1
307, 301, -1
604, 301, -1
604, 966, -1
1153, 4, -1
3, 301, -1
36, 301, -1
36, 966, -1
16, 36, -1
9, 604, -1
1115, 1395, -1
16, 301, -1
307, 4, -1
966, 36, -1
301, 36, -1
9, 1395, -1
9, 1115, -1
16, 1395, -1
16, 1115, -1
1153, 1395, -1
1153, 1115, -1
301, 604, -1
966, 604, -1

722, 9, 1
722, 16, 1
722, 591, 1
722, 966, 1
722, 307, 1
723, 3, 1
723, 1153, 1
863, 9, 1
863, 16, 1
863, 591, 1
863, 966, 1
863, 307, 1
863, 722, 1
9, 591, 1
966, 591, 1
9, 722, 1
9, 966, 1
9, 307, 1
591, 863, 1
3, 1153, 1
307, 863, 1
591, 966, 1
16, 9, 1
307, 591, 1
307, 966, 1
16, 863, 1
16, 591, 1
16, 722, 1
722, 863, 1
16, 966, 1
9, 863, 1
966, 863, 1
16, 307, 1
1153, 723, 1
3, 723, 1
1153, 3, 1
722, 604, -1
722, 4, -1
722, 36, -1
722, 1115, -1
722, 301, -1
722, 1395, -1
722, 3, -1
722, 1153, -1
722, 220, -1
723, 604, -1
723, 4, -1
723, 36, -1
723, 1115, -1
723, 301, -1
723, 1395, -1
723, 9, -1
723, 16, -1
723, 591, -1
723, 966, -1
723, 307, -1
723, 722, -1
723, 220, -1
863, 604, -1
863, 4, -1
863, 36, -1
863, 1115, -1
863, 301, -1
863, 1395, -1
863, 3, -1
863, 1153, -1
863, 723, -1
863, 220, -1
1153, 604, -1
307, 1395, -1
220, 591, -1
307, 220, -1
220, 966, -1
307, 604, -1
307, 3, -1
307, 723, -1
1153, 307, -1
301, 966, -1
9, 1395, -1
3, 863, -1
16, 1153, -1
9, 220, -1
3, 591, -1
3, 307, -1
722, 723, -1
9, 604, -1
9, 3, -1
9, 723, -1
1153, 9, -1
3, 1395, -1
301, 863, -1
3, 220, -1
16, 1395, -1
1153, 722, -1
1395, 966, -1
301, 591, -1
4, 966, -1
3, 604, -1
16, 220, -1
1153, 1115, -1
16, 604, -1
16, 3, -1
16, 723, -1
604, 591, -1
36, 591, -1
604, 966, -1
36, 966, -1
307, 1115, -1
307, 4, -1
1395, 863, -1
4, 863, -1
1153, 36, -1
9, 1115, -1
1395, 591, -1
1153, 301, -1
4, 591, -1
1153, 966, -1
3, 9, -1
723, 863, -1
604, 863, -1
307, 36, -1
36, 863, -1
1115, 966, -1
307, 301, -1
3, 722, -1
1153, 4, -1
3, 1115, -1
9, 36, -1
3, 4, -1
16, 1115, -1
1395, 1153, -1
9, 301, -1
1153, 863, -1
16, 4, -1
1153, 591, -1
307, 1153, -1
1115, 863, -1
9, 4, -1
1115, 591, -1
3, 36, -1
3, 301, -1
3, 966, -1
16, 36, -1
9, 1153, -1
1153, 220, -1
16, 301, -1
220, 863, -1
1115, 723, -1
1395, 723, -1
1395, 722, -1
966, 723, -1
1395, 9, -1
3, 16, -1
1153, 1395, -1

1383, 604, -1
1383, 4, -1
1383, 36, -1
1383, 1115, -1
1383, 301, -1
1383, 1395, -1
1383, 3, -1
1383, 1153, -1
1383, 723, -1
1383, 9, -1
1383, 16, -1
1383, 591, -1
1383, 966, -1
1383, 307, -1
1383, 722, -1
1383, 863, -1
1383, 220, -1

590, 3, 1
590, 1153, 1
590, 723, 1
713, 604, 1
713, 4, 1
713, 36, 1
713, 1115, 1
12, 9, 1
12, 16, 1
12, 591, 1
12, 966, 1
12, 307, 1
12, 722, 1
12, 863, 1
1153, 3, 1
1153, 723, 1
4, 604, 1
36, 4, 1
722, 591, 1
9, 591, 1
9, 722, 1
966, 591, 1
9, 966, 1
722, 307, 1
722, 966, 1
9, 307, 1
1115, 604, 1
591, 863, 1
3, 723, 1
36, 604, 1
1115, 36, 1
307, 863, 1
16, 9, 1
307, 591, 1
307, 966, 1
16, 863, 1
16, 591, 1
1115, 4, 1
16, 722, 1
722, 863, 1
16, 966, 1
9, 863, 1
966, 863, 1
16, 307, 1
9, 12, 1
1153, 590, 1
4, 36, 1
863, 591, 1
722, 12, 1
307, 12, 1
16, 12, 1
723, 590, 1
3, 590, 1
604, 36, 1
604, 4, 1
590, 604, -1
590, 4, -1
590, 36, -1
590, 1115, -1
590, 301, -1
590, 1395, -1
590, 9, -1
590, 16, -1
590, 591, -1
590, 966, -1
590, 307, -1
590, 722, -1
590, 863, -1
590, 220, -1
590, 1383, -1
713, 301, -1
713, 1395, -1
713, 3, -1
713, 1153, -1
713, 723, -1
713, 590, -1
713, 9, -1
713, 16, -1
713, 591, -1
713, 966, -1
713, 307, -1
713, 722, -1
713, 863, -1
713, 220, -1
713, 1383, -1
12, 604, -1
12, 4, -1
12, 36, -1
12, 1115, -1
12, 713, -1
12, 301, -1
12, 1395, -1
12, 3, -1
12, 1153, -1
12, 723, -1
12, 590, -1
12, 220, -1
12, 1383, -1
1153, 604, -1
604, 1383, -1
1153, 12, -1
36, 1383, -1
4, 9, -1
307, 1395, -1
1115, 220, -1
220, 591, -1
722, 301, -1
307, 220, -1
723, 220, -1
220, 966, -1
1115, 723, -1
1115, 3, -1
1115, 12, -1
307, 604, -1
307, 723, -1
723, 604, -1
307, 3, -1
604, 9, -1
1153, 307, -1
723, 12, -1
301, 966, -1
36, 9, -1
966, 590, -1
3, 863, -1
9, 1395, -1
966, 1383, -1
16, 1153, -1
1115, 307, -1
9, 220, -1
1153, 1383, -1
3, 591, -1
3, 307, -1
722, 3, -1
722, 723, -1
9, 604, -1
9, 3, -1
9, 723, -1
220, 604, -1
1115, 590, -1
713, 12, -1
1115, 1383, -1
307, 590, -1
307, 1383, -1
723, 1383, -1
966, 36, -1
1153, 9, -1
3, 1395, -1
1395, 36, -1
301, 863, -1
3, 220, -1
16, 1395, -1
1153, 722, -1
1395, 966, -1
301, 591, -1
4, 301, -1
4, 966, -1
3, 604, -1
9, 590, -1
16, 220, -1
3, 12, -1
9, 1383, -1
723, 36, -1
1153, 1115, -1
722, 1395, -1
16, 604, -1
16, 3, -1
16, 723, -1
604, 591, -1
36, 591, -1
604, 301, -1
722, 220, -1
604, 966, -1
1395, 4, -1
36, 301, -1
36, 966, -1
722, 604, -1
307, 1115, -1
307, 4, -1
723, 4, -1
3, 1383, -1
1395, 863, -1
16, 590, -1
4, 863, -1
1153, 36, -1
16, 1383, -1
9, 1115, -1
1395, 591, -1
1153, 301, -1
1115, 9, -1
1153, 966, -1
4, 591, -1
723, 863, -1
722, 590, -1
604, 863, -1
722, 1383, -1
307, 36, -1
36, 863, -1
1115, 301, -1
723, 591, -1
1115, 966, -1
863, 604, -1
307, 301, -1
723, 301, -1
723, 966, -1
1153, 4, -1
16, 713, -1
3, 1115, -1
722, 36, -1
9, 36, -1
1395, 604, -1
1395, 723, -1
220, 36, -1
3, 4, -1
16, 1115, -1
9, 301, -1
1153, 863, -1
591, 604, -1
16, 4, -1
863, 1383, -1
1153, 591, -1
722, 1115, -1
1115, 863, -1
722, 4, -1
9, 4, -1
220, 4, -1
1115, 591, -1
3, 36, -1
4, 590, -1
4, 1383, -1
3, 301, -1
3, 966, -1
1153, 1395, -1
16, 36, -1
9, 1153, -1
591, 1383, -1
1153, 220, -1
966, 604, -1
16, 301, -1
604, 590, -1
220, 863, -1
1115, 1395, -1
36, 590, -1
1395, 12, -1
9, 713, -1
4, 723, -1
1395, 9, -1
4, 12, -1
1395, 1153, -1
3, 16, -1
863, 590, -1
301, 36, -1
1153, 713, -1
1395, 713, -1
1395, 722, -1
723, 9, -1
307, 1153, -1
604, 723, -1
604, 12, -1
3, 9, -1
36, 723, -1
220, 590, -1
36, 12, -1
1383, 863, -1
1395, 590, -1
307, 713, -1
1383, 591, -1
301, 590, -1
3, 713, -1
1383, 966, -1
590, 12, -1
3, 722, -1
966, 723, -1
722, 1153, -1
220, 12, -1
591, 590, -1
722, 713, -1
723, 713, -1
301, 604, -1

1024, 9, 1
1024, 16, 1
1024, 591, 1
1024, 966, 1
1024, 307, 1
1024, 722, 1
1024, 863, 1
1024, 12, 1
754, 604, 1
754, 4, 1
754, 36, 1
754, 1115, 1
754, 713, 1
852, 301, 1
852, 1395, 1
511, 301, 1
511, 1395, 1
511, 852, 1
4, 604, 1
722, 591, 1
36, 4, 1
9, 591, 1
9, 722, 1
966, 591, 1
9, 966, 1
722, 307, 1
722, 966, 1
9, 307, 1
1115, 604, 1
852, 511, 1
591, 863, 1
1395, 301, 1
713, 1115, 1
307, 12, 1
36, 604, 1
1115, 36, 1
307, 863, 1
12, 863, 1
713, 4, 1
1395, 511, 1
301, 511, 1
16, 9, 1
16, 12, 1
307, 591, 1
12, 591, 1
307, 966, 1
12, 966, 1
16, 863, 1
1395, 852, 1
9, 12, 1
16, 591, 1
722, 12, 1
713, 604, 1
16, 722, 1
722, 863, 1
1115, 4, 1
16, 966, 1
9, 863, 1
966, 863, 1
16, 307, 1
713, 36, 1
604, 4, 1
863, 591, 1
9, 1024, 1
713, 754, 1
16, 1024, 1
4, 36, 1
604, 36, 1
1024, 604, -1
1024, 4, -1
1024, 36, -1
1024, 1115, -1
1024, 713, -1
1024, 301, -1
1024, 1395, -1
1024, 3, -1
1024, 1153, -1
1024, 723, -1
1024, 590, -1
1024, 220, -1
1024, 1383, -1
754, 301, -1
754, 1395, -1
754, 3, -1
754, 1153, -1
754, 723, -1
754, 590, -1
754, 9, -1
754, 16, -1
754, 591, -1
754, 966, -1
754, 307, -1
754, 722, -1
754, 863, -1
754, 12, -1
754, 1024, -1
754, 220, -1
754, 1383, -1
852, 604, -1
852, 4, -1
852, 36, -1
852, 1115, -1
852, 713, -1
852, 754, -1
852, 3, -1
852, 1153, -1
852, 723, -1
852, 590, -1
852, 9, -1
852, 16, -1
852, 591, -1
852, 966, -1
852, 307, -1
852, 722, -1
852, 863, -1
852, 12, -1
852, 1024, -1
852, 220, -1
852, 1383, -1
511, 604, -1
511, 4, -1
511, 36, -1
511, 1115, -1
511, 713, -1
511, 754, -1
511, 3, -1
511, 1153, -1
511, 723, -1
511, 590, -1
511, 9, -1
511, 16, -1
511, 591, -1
511, 966, -1
511, 307, -1
511, 722, -1
511, 863, -1
511, 12, -1
511, 1024, -1
511, 220, -1
511, 1383, -1
1153, 604, -1
604, 1383, -1
12, 4, -1
16, 511, -1
1153, 12, -1
307, 1395, -1
36, 1383, -1
12, 852, -1
1115, 220, -1
220, 591, -1
722, 301, -1
713, 307, -1
307, 220, -1
220, 966, -1
1115, 3, -1
1115, 723, -1
301, 36, -1
722, 511, -1
1115, 12, -1
9, 511, -1
307, 604, -1
307, 3, -1
307, 723, -1
723, 604, -1
220, 511, -1
1153, 307, -1
723, 12, -1
301, 966, -1
966, 590, -1
9, 1395, -1
966, 1383, -1
3, 863, -1
12, 36, -1
713, 1395, -1
16, 1153, -1
1115, 307, -1
754, 511, -1
9, 220, -1
12, 301, -1
3, 591, -1
713, 220, -1
722, 3, -1
722, 723, -1
9, 604, -1
9, 3, -1
9, 723, -1
12, 511, -1
220, 604, -1
1115, 590, -1
220, 12, -1
713, 12, -1
1115, 1383, -1
307, 590, -1
307, 1383, -1
1153, 9, -1
604, 852, -1
863, 511, -1
36, 852, -1
301, 863, -1
1395, 36, -1
1153, 713, -1
16, 1395, -1
1153, 722, -1
1395, 966, -1
301, 591, -1
4, 301, -1
9, 590, -1
4, 966, -1
3, 604, -1
16, 220, -1
3, 12, -1
9, 1383, -1
713, 590, -1
723, 36, -1
1153, 1115, -1
713, 1383, -1
722, 1395, -1
1395, 1115, -1
16, 604, -1
16, 3, -1
16, 723, -1
604, 591, -1
36, 591, -1
591, 511, -1
604, 301, -1
722, 220, -1
604, 966, -1
1395, 4, -1
36, 301, -1
36, 966, -1
4, 852, -1
307, 1115, -1
722, 604, -1
604, 511, -1
36, 511, -1
713, 9, -1
307, 4, -1
723, 4, -1
307, 852, -1
723, 852, -1
9, 713, -1
301, 604, -1
301, 12, -1
1395, 863, -1
16, 590, -1
713, 722, -1
4, 863, -1
1153, 36, -1
16, 1383, -1
1024, 754, -1
9, 1115, -1
1395, 591, -1
1153, 301, -1
4, 591, -1
1153, 966, -1
966, 511, -1
12, 604, -1
722, 590, -1
723, 863, -1
1153, 511, -1
722, 1383, -1
604, 863, -1
307, 36, -1
36, 863, -1
713, 852, -1
4, 511, -1
723, 591, -1
1115, 966, -1
1115, 301, -1
722, 754, -1
9, 754, -1
307, 301, -1
723, 301, -1
301, 590, -1
723, 966, -1
1153, 4, -1
301, 1383, -1
1153, 852, -1
307, 511, -1
723, 511, -1
16, 713, -1
1395, 220, -1
590, 591, -1
713, 863, -1
12, 590, -1
722, 36, -1
9, 36, -1
1115, 852, -1
12, 1383, -1
1395, 604, -1
220, 36, -1
1395, 3, -1
3, 4, -1
1395, 723, -1
1395, 12, -1
16, 1115, -1
3, 852, -1
713, 591, -1
4, 12, -1
9, 301, -1
722, 713, -1
1153, 863, -1
590, 511, -1
1024, 852, -1
220, 301, -1
713, 301, -1
713, 966, -1
16, 4, -1
16, 852, -1
863, 1383, -1
1153, 591, -1
722, 1115, -1
713, 511, -1
1115, 863, -1
1395, 307, -1
604, 12, -1
16, 754, -1
36, 12, -1
722, 4, -1
9, 4, -1
722, 852, -1
220, 4, -1
9, 852, -1
1115, 591, -1
3, 36, -1
220, 852, -1
1395, 590, -1
4, 590, -1
1395, 1383, -1
4, 1383, -1
3, 301, -1
301, 4, -1
3, 966, -1
1153, 1395, -1
16, 36, -1
590, 863, -1
1115, 511, -1
713, 3, -1
713, 723, -1
591, 1383, -1
3, 511, -1
754, 852, -1
16, 301, -1
1024, 511, -1
604, 590, -1
220, 863, -1
1115, 1395, -1
36, 590, -1
966, 36, -1
4, 723, -1
4, 9, -1
1395, 9, -1
301, 723, -1
3, 16, -1
713, 1024, -1
591, 604, -1
307, 754, -1
863, 590, -1
3, 754, -1
1395, 713, -1
1395, 722, -1
1115, 9, -1
863, 852, -1
1153, 1024, -1
604, 723, -1
12, 723, -1
604, 9, -1
3, 9, -1
36, 723, -1
36, 9, -1
1383, 863, -1
966, 852, -1
307, 713, -1
863, 604, -1
1383, 591, -1
590, 9, -1
3, 713, -1
1383, 966, -1
590, 12, -1
3, 722, -1
3, 1024, -1
966, 723, -1
590, 36, -1
1153, 754, -1
1395, 754, -1
591, 852, -1
966, 604, -1
590, 722, -1
590, 307, -1
713, 16, -1
591, 590, -1
590, 604, -1
1153, 16, -1

436, 3, 1
436, 1153, 1
436, 723, 1
436, 590, 1
1350, 9, 1
1350, 16, 1
1350, 591, 1
1350, 966, 1
1350, 307, 1
1350, 722, 1
1350, 863, 1
1350, 12, 1
1350, 1024, 1
38, 604, 1
38, 4, 1
38, 36, 1
38, 1115, 1
38, 713, 1
38, 754, 1
1150, 3, 1
1150, 1153, 1
1150, 723, 1
1150, 590, 1
1150, 436, 1
1153, 3, 1
1153, 723, 1
4, 604, 1
722, 591, 1
1153, 1150, 1
36, 4, 1
9, 591, 1
1153, 436, 1
9, 722, 1
966, 591, 1
754, 604, 1
9, 966, 1
722, 307, 1
722, 966, 1
1024, 16, 1
9, 307, 1
1115, 604, 1
591, 863, 1
754, 36, 1
723, 1150, 1
713, 1115, 1
307, 12, 1
3, 723, 1
36, 604, 1
723, 436, 1
1024, 12, 1
1115, 36, 1
3, 1150, 1
1024, 9, 1
307, 863, 1
12, 863, 1
3, 436, 1
966, 863, 1
713, 4, 1
1024, 863, 1
16, 9, 1
1153, 590, 1
16, 12, 1
307, 591, 1
12, 591, 1
590, 1150, 1
307, 966, 1
436, 1150, 1
1024, 591, 1
12, 966, 1
16, 863, 1
754, 1115, 1
713, 754, 1
590, 3, 1
1024, 966, 1
590, 1153, 1
590, 436, 1
1024, 722, 1
1024, 307, 1
590, 723, 1
754, 4, 1
9, 12, 1
16, 591, 1
722, 12, 1
713, 604, 1
16, 722, 1
722, 863, 1
1115, 4, 1
16, 966, 1
9, 863, 1
723, 590, 1
16, 307, 1
3, 590, 1
713, 36, 1
604, 4, 1
9, 1350, 1
1115, 38, 1
16, 1350, 1
722, 1350, 1
307, 1350, 1
4, 38, 1
12, 1350, 1
863, 591, 1
1024, 1350, 1
604, 38, 1
713, 38, 1
754, 38, 1
9, 1024, 1
36, 38, 1
16, 1024, 1
4, 36, 1
966, 1350, 1
604, 36, 1
966, 9, 1
436, 604, -1
436, 4, -1
436, 36, -1
436, 1115, -1
436, 713, -1
436, 754, -1
436, 301, -1
436, 1395, -1
436, 852, -1
436, 511, -1
436, 9, -1
436, 16, -1
436, 591, -1
436, 966, -1
436, 307, -1
436, 722, -1
436, 863, -1
436, 12, -1
436, 1024, -1
436, 220, -1
436, 1383, -1
1350, 604, -1
1350, 4, -1
1350, 36, -1
1350, 1115, -1
1350, 713, -1
1350, 754, -1
1350, 301, -1
1350, 1395, -1
1350, 852, -1
1350, 511, -1
1350, 3, -1
1350, 1153, -1
1350, 723, -1
1350, 590, -1
1350, 436, -1
1350, 220, -1
1350, 1383, -1
38, 301, -1
38, 1395, -1
38, 852, -1
38, 511, -1
38, 3, -1
38, 1153, -1
38, 723, -1
38, 590, -1
38, 436, -1
38, 9, -1
38, 16, -1
38, 591, -1
38, 966, -1
38, 307, -1
38, 722, -1
38, 863, -1
38, 12, -1
38, 1024, -1
38, 1350, -1
38, 220, -1
38, 1383, -1
1150, 604, -1
1150, 4, -1
1150, 36, -1
1150, 1115, -1
1150, 713, -1
1150, 754, -1
1150, 38, -1
1150, 301, -1
1150, 1395, -1
1150, 852, -1
1150, 511, -1
1150, 9, -1
1150, 16, -1
1150, 591, -1
1150, 966, -1
1150, 307, -1
1150, 722, -1
1150, 863, -1
1150, 12, -1
1150, 1024, -1
1150, 1350, -1
1150, 220, -1
1150, 1383, -1
1153, 604, -1
604, 1383, -1
12, 4, -1
16, 511, -1
1153, 12, -1
307, 1395, -1
36, 1383, -1
1395, 1150, -1
16, 38, -1
852, 966, -1
4, 1150, -1
220, 591, -1
1024, 1395, -1
1115, 220, -1
722, 301, -1
713, 307, -1
307, 220, -1
723, 220, -1
220, 966, -1
754, 863, -1
1024, 220, -1
1115, 723, -1
1115, 3, -1
722, 511, -1
1115, 12, -1
9, 511, -1
307, 604, -1
307, 723, -1
723, 604, -1
307, 3, -1
722, 38, -1
590, 1395, -1
1153, 307, -1
723, 12, -1
1024, 3, -1
1024, 723, -1
754, 591, -1
1024, 604, -1
852, 4, -1
1024, 1153, -1
754, 966, -1
3, 863, -1
9, 1395, -1
966, 1383, -1
12, 36, -1
590, 220, -1
713, 1395, -1
16, 1153, -1
1115, 307, -1
38, 1150, -1
590, 604, -1
1153, 1383, -1
9, 220, -1
12, 301, -1
3, 591, -1
754, 511, -1
590, 12, -1
3, 307, -1
713, 220, -1
722, 3, -1
722, 723, -1
9, 604, -1
9, 3, -1
9, 723, -1
12, 511, -1
220, 604, -1
220, 723, -1
1115, 590, -1
754, 1395, -1
713, 1150, -1
220, 12, -1
852, 863, -1
12, 38, -1
1115, 1395, -1
713, 12, -1
1115, 1383, -1
307, 590, -1
754, 220, -1
1024, 590, -1
307, 1383, -1
723, 1383, -1
1153, 9, -1
852, 591, -1
1024, 1383, -1
1395, 436, -1
863, 511, -1
3, 1395, -1
754, 3, -1
436, 38, -1
754, 723, -1
754, 12, -1
301, 863, -1
1395, 36, -1
3, 220, -1
1153, 713, -1
16, 1395, -1
590, 1383, -1
1153, 722, -1
1115, 1150, -1
1395, 966, -1
301, 591, -1
4, 301, -1
9, 590, -1
3, 604, -1
4, 966, -1
307, 1150, -1
220, 590, -1
16, 220, -1
3, 12, -1
9, 1383, -1
713, 590, -1
1024, 1150, -1
723, 36, -1
1153, 1115, -1
754, 307, -1
713, 1383, -1
722, 1395, -1
16, 604, -1
16, 3, -1
16, 723, -1
604, 591, -1
36, 591, -1
591, 511, -1
590, 9, -1
1024, 713, -1
722, 220, -1
604, 966, -1
604, 301, -1
754, 590, -1
1395, 4, -1
36, 301, -1
36, 966, -1
852, 604, -1
754, 1383, -1
852, 12, -1
307, 1115, -1
722, 604, -1
722, 1150, -1
604, 511, -1
1153, 754, -1
9, 1150, -1
36, 511, -1
713, 9, -1
220, 1150, -1
590, 713, -1
590, 722, -1
307, 4, -1
723, 4, -1
307, 852, -1
723, 852, -1
3, 1383, -1
9, 713, -1
1395, 863, -1
436, 1350, -1
590, 1115, -1
16, 590, -1
713, 722, -1
4, 863, -1
1153, 36, -1
966, 301, -1
754, 1150, -1
16, 1383, -1
1024, 754, -1
9, 1115, -1
1395, 591, -1
590, 4, -1
1153, 301, -1
1115, 436, -1
1153, 966, -1
590, 852, -1
4, 591, -1
966, 511, -1
12, 604, -1
966, 38, -1
1350, 1150, -1
307, 436, -1
723, 863, -1
722, 590, -1
1024, 436, -1
1153, 511, -1
1153, 1350, -1
722, 1383, -1
604, 863, -1
590, 754, -1
307, 36, -1
1153, 38, -1
36, 863, -1
713, 852, -1
4, 511, -1
723, 591, -1
1115, 966, -1
1024, 36, -1
1115, 301, -1
722, 754, -1
16, 1150, -1
9, 754, -1
307, 301, -1
723, 301, -1
301, 590, -1
723, 966, -1
1153, 4, -1
1024, 301, -1
1153, 852, -1
307, 511, -1
723, 511, -1
723, 1350, -1
590, 36, -1
16, 713, -1
307, 38, -1
9, 436, -1
723, 38, -1
3, 1115, -1
590, 591, -1
1024, 38, -1
713, 863, -1
1024, 1115, -1
12, 590, -1
722, 36, -1
713, 436, -1
590, 301, -1
9, 36, -1
590, 966, -1
1115, 852, -1
12, 1383, -1
1395, 723, -1
1395, 604, -1
220, 36, -1
3, 4, -1
1395, 12, -1
16, 1115, -1
3, 852, -1
713, 591, -1
4, 12, -1
9, 301, -1
590, 511, -1
1153, 863, -1
590, 1350, -1
1024, 4, -1
1024, 852, -1
301, 1150, -1
590, 38, -1
713, 301, -1
754, 436, -1
713, 966, -1
16, 4, -1
16, 852, -1
863, 1383, -1
1153, 591, -1
722, 1115, -1
713, 511, -1
604, 1150, -1
1115, 863, -1
604, 12, -1
36, 1150, -1
12, 1150, -1
16, 754, -1
754, 301, -1
36, 12, -1
722, 4, -1
9, 4, -1
722, 852, -1
220, 4, -1
9, 852, -1
1115, 591, -1
3, 36, -1
1395, 590, -1
4, 590, -1
16, 436, -1
4, 1383, -1
3, 301, -1
3, 966, -1
1153, 1395, -1
16, 36, -1
590, 863, -1
1115, 511, -1
713, 3, -1
713, 723, -1
9, 1153, -1
591, 1383, -1
3, 511, -1
3, 1350, -1
1153, 220, -1
1350, 38, -1
16, 301, -1
713, 1153, -1
966, 1150, -1
3, 38, -1
722, 436, -1
1024, 511, -1
754, 852, -1
852, 36, -1
220, 863, -1
590, 307, -1
966, 36, -1
4, 723, -1
511, 1350, -1
4, 9, -1
1395, 9, -1
722, 713, -1
1395, 1153, -1
3, 16, -1
863, 38, -1
713, 1024, -1
591, 604, -1
307, 754, -1
754, 9, -1
863, 590, -1
852, 1350, -1
3, 754, -1
301, 36, -1
852, 38, -1
1395, 713, -1
220, 1350, -1
9, 38, -1
1395, 722, -1
1115, 9, -1
713, 1350, -1
220, 38, -1
723, 9, -1
307, 1153, -1
1153, 1024, -1
604, 723, -1
12, 723, -1
852, 590, -1
3, 9, -1
301, 966, -1
36, 723, -1
604, 9, -1
36, 9, -1
966, 590, -1
1383, 863, -1
1395, 1350, -1
754, 722, -1
4, 1350, -1
1395, 38, -1
301, 1350, -1
754, 1350, -1
301, 38, -1
307, 713, -1
723, 713, -1
863, 604, -1
863, 1150, -1
1383, 591, -1
511, 12, -1
3, 713, -1
1383, 966, -1
3, 722, -1
511, 863, -1
1115, 1350, -1
3, 1024, -1
1383, 1350, -1
604, 1350, -1
852, 1150, -1
966, 723, -1
722, 1153, -1
966, 604, -1
36, 1350, -1
511, 591, -1
1395, 754, -1
511, 966, -1
604, 590, -1
36, 590, -1
591, 590, -1
301, 604, -1
713, 16, -1
591, 1150, -1
591, 38, -1
1153, 16, -1

824, 9, 1
824, 16, 1
824, 591, 1
824, 966, 1
824, 307, 1
824, 722, 1
824, 863, 1
824, 12, 1
824, 1024, 1
824, 1350, 1
286, 1383, 1
16, 1350, 1
722, 591, 1
9, 591, 1
9, 722, 1
966, 591, 1
9, 966, 1
722, 307, 1
722, 966, 1
9, 307, 1
9, 1350, 1
591, 863, 1
722, 1350, 1
966, 1350, 1
307, 12, 1
1024, 12, 1
307, 863, 1
1024, 9, 1
1350, 863, 1
12, 863, 1
1024, 863, 1
16, 9, 1
16, 12, 1
307, 591, 1
1350, 591, 1
12, 591, 1
307, 966, 1
1024, 591, 1
12, 966, 1
16, 863, 1
1024, 966, 1
1024, 722, 1
1024, 307, 1
307, 1350, 1
12, 1350, 1
9, 12, 1
16, 591, 1
722, 12, 1
1024, 1350, 1
16, 722, 1
722, 863, 1
16, 966, 1
9, 863, 1
16, 1024, 1
966, 863, 1
16, 307, 1
1024, 824, 1
1350, 9, 1
863, 1350, 1
863, 591, 1
966, 9, 1
1350, 12, 1
1350, 722, 1
722, 824, 1
9, 824, 1
1024, 16, 1
1350, 966, 1
16, 824, 1
1350, 307, 1
9, 1024, 1
9, 16, 1
824, 604, -1
824, 4, -1
824, 36, -1
824, 1115, -1
824, 713, -1
824, 754, -1
824, 38, -1
824, 301, -1
824, 1395, -1
824, 852, -1
824, 511, -1
824, 3, -1
824, 1153, -1
824, 723, -1
824, 590, -1
824, 436, -1
824, 1150, -1
824, 220, -1
824, 1383, -1
286, 604, -1
286, 4, -1
286, 36, -1
286, 1115, -1
286, 713, -1
286, 754, -1
286, 38, -1
286, 301, -1
286, 1395, -1
286, 852, -1
286, 511, -1
286, 3, -1
286, 1153, -1
286, 723, -1
286, 590, -1
286, 436, -1
286, 1150, -1
286, 9, -1
286, 16, -1
286, 591, -1
286, 966, -1
286, 307, -1
286, 722, -1
286, 863, -1
286, 12, -1
286, 1024, -1
286, 1350, -1
286, 824, -1
286, 220, -1
604, 1383, -1
16, 511, -1
1153, 12, -1
307, 1395, -1
36, 1383, -1
966, 286, -1
16, 38, -1
852, 966, -1
220, 591, -1
1024, 1395, -1
722, 301, -1
713, 307, -1
307, 220, -1
220, 966, -1
852, 1350, -1
754, 863, -1
1024, 220, -1
38, 1383, -1
722, 511, -1
1115, 12, -1
9, 511, -1
436, 1383, -1
307, 604, -1
307, 3, -1
307, 723, -1
722, 38, -1
1153, 307, -1
723, 12, -1
1150, 591, -1
754, 591, -1
301, 966, -1
1024, 604, -1
1024, 3, -1
1024, 723, -1
966, 590, -1
1024, 1153, -1
754, 966, -1
9, 1395, -1
966, 1383, -1
3, 863, -1
307, 286, -1
301, 1350, -1
824, 286, -1
16, 1153, -1
9, 220, -1
1153, 1383, -1
12, 301, -1
3, 591, -1
722, 3, -1
722, 723, -1
9, 604, -1
9, 3, -1
9, 723, -1
12, 511, -1
1350, 511, -1
12, 38, -1
852, 863, -1
220, 12, -1
713, 12, -1
1115, 1383, -1
307, 590, -1
307, 1383, -1
1024, 590, -1
723, 1383, -1
1153, 9, -1
852, 591, -1
1024, 1383, -1
863, 511, -1
754, 12, -1
301, 863, -1
1150, 863, -1
16, 1395, -1
590, 1383, -1
1153, 722, -1
1395, 966, -1
301, 591, -1
9, 590, -1
4, 966, -1
307, 1150, -1
16, 220, -1
3, 12, -1
9, 1383, -1
1024, 1150, -1
1395, 1350, -1
220, 1383, -1
754, 307, -1
713, 1383, -1
4, 1350, -1
722, 1395, -1
16, 604, -1
16, 3, -1
16, 723, -1
604, 591, -1
36, 591, -1
591, 511, -1
1024, 713, -1
1024, 286, -1
722, 220, -1
604, 966, -1
36, 966, -1
436, 863, -1
754, 1383, -1
16, 286, -1
852, 12, -1
1383, 511, -1
307, 1115, -1
722, 604, -1
722, 1150, -1
604, 1350, -1
9, 1150, -1
713, 9, -1
36, 1350, -1
436, 591, -1
1350, 590, -1
307, 4, -1
1350, 1383, -1
436, 966, -1
307, 852, -1
722, 286, -1
3, 1383, -1
9, 286, -1
1395, 863, -1
436, 1350, -1
16, 590, -1
713, 722, -1
4, 863, -1
16, 1383, -1
1024, 754, -1
9, 1115, -1
1395, 591, -1
4, 591, -1
966, 511, -1
1153, 966, -1
966, 38, -1
307, 436, -1
1350, 1150, -1
722, 590, -1
723, 863, -1
852, 1383, -1
1024, 436, -1
1383, 863, -1
722, 1383, -1
604, 863, -1
1153, 1350, -1
307, 36, -1
36, 863, -1
12, 286, -1
723, 591, -1
1115, 966, -1
1024, 36, -1
1350, 286, -1
722, 754, -1
16, 1150, -1
9, 754, -1
307, 301, -1
436, 12, -1
1383, 591, -1
723, 966, -1
38, 863, -1
1024, 301, -1
1115, 1350, -1
301, 1383, -1
307, 511, -1
723, 1350, -1
1150, 1383, -1
16, 713, -1
307, 38, -1
9, 436, -1
38, 591, -1
590, 591, -1
1024, 38, -1
713, 863, -1
1024, 1115, -1
12, 590, -1
722, 36, -1
9, 36, -1
12, 1383, -1
1395, 12, -1
16, 1115, -1
713, 591, -1
4, 12, -1
9, 301, -1
1024, 4, -1
1153, 863, -1
1024, 852, -1
713, 966, -1
16, 4, -1
16, 852, -1
863, 1383, -1
1153, 591, -1
220, 1350, -1
9, 38, -1
722, 1115, -1
713, 1350, -1
1115, 863, -1
604, 12, -1
12, 1150, -1
16, 754, -1
36, 12, -1
722, 4, -1
9, 4, -1
722, 852, -1
9, 852, -1
1115, 591, -1
754, 1350, -1
16, 436, -1
1395, 1383, -1
4, 1383, -1
3, 966, -1
16, 36, -1
590, 863, -1
591, 1383, -1
1350, 38, -1
3, 1350, -1
966, 1150, -1
16, 301, -1
722, 436, -1
1024, 511, -1
220, 863, -1
754, 824, -1
852, 286, -1
1350, 4, -1
38, 1350, -1
1350, 1395, -1
511, 1350, -1
713, 286, -1
1395, 9, -1
1350, 852, -1
220, 286, -1
3, 16, -1
590, 1350, -1
863, 38, -1
307, 754, -1
1350, 754, -1
1350, 220, -1
38, 1024, -1
1150, 12, -1
1153, 286, -1
863, 590, -1
4, 286, -1
3, 824, -1
1395, 286, -1
301, 286, -1
38, 16, -1
1395, 722, -1
1350, 604, -1
1350, 723, -1
1350, 3, -1
12, 723, -1
754, 286, -1
591, 286, -1
3, 9, -1
1350, 436, -1
38, 824, -1
1150, 307, -1
1150, 966, -1
1115, 286, -1
1350, 36, -1
723, 286, -1
604, 286, -1
713, 16, -1
38, 9, -1
3, 286, -1
36, 286, -1
38, 12, -1
863, 1150, -1
511, 12, -1
1350, 301, -1
590, 9, -1
1383, 966, -1
590, 12, -1
3, 722, -1
511, 863, -1
1153, 16, -1
713, 824, -1
3, 1024, -1
1383, 1350, -1
966, 723, -1
863, 286, -1
511, 286, -1
511, 591, -1
1153, 824, -1
436, 286, -1
38, 722, -1
1350, 1115, -1
38, 966, -1
511, 966, -1
38, 307, -1
590, 722, -1
590, 307, -1
590, 966, -1
591, 590, -1
1153, 1024, -1
1150, 1350, -1
713, 1024, -1
591, 1150, -1
966, 301, -1
591, 38, -1
1150, 9, -1

