230, 246, 1
169, 152, 1
197, 108, -1
99, 157, -1
139, 308, -1
221, 158, -1
194, 8, -1
308, 24, -1
259, 147, -1
245, 323, -1

65, 101, 1
122, 55, 1
19, 103, 1
278, 252, -1
103, 327, -1
313, 150, -1
318, 167, -1
230, 140, -1
252, 33, -1
21, 224, -1
19, 327, -1

27, 36, 1
9, 1, 1
81, 50, 1
133, 145, -1
50, 160, -1
291, 75, -1
188, 77, -1
294, 280, -1
166, 78, -1
195, 281, -1
160, 81, -1
160, 50, -1

77, 61, 1
103, 113, 1
82, 159, -1
58, 318, -1
237, 108, -1
18, 188, -1
248, 273, -1
168, 98, -1
292, 34, -1
302, 94, -1

104, 116, 1
56, 14, 1
206, 331, -1
174, 91, -1
259, 88, -1
83, 228, -1
277, 59, -1
91, 238, -1
264, 121, -1
205, 333, -1

87, 77, 1
145, 175, 1
131, 202, -1
279, 99, -1
272, 292, -1
63, 151, -1
334, 17, -1
275, 43, -1
103, 302, -1
262, 204, -1

237, 226, 1
83, 92, 1
223, 136, -1
285, 209, -1
326, 163, -1
153, 286, -1
109, 298, -1
67, 201, -1
50, 223, -1
204, 41, -1

233, 200, -1
253, 275, -1
90, 147, -1
301, 224, -1
269, 140, -1
116, 193, -1
301, 177, -1
289, 262, -1
106, 250, -1
206, 127, -1

29, 109, 1
333, 16, -1
235, 271, -1
278, 246, -1
294, 78, -1
309, 18, -1
220, 209, -1
264, 255, -1
299, 64, -1
195, 118, -1

284, 297, 1
197, 169, 1
245, 126, -1
228, 174, -1
227, 217, -1
4, 276, -1
297, 54, -1
246, 210, -1
223, 55, -1
164, 95, -1
284, 54, -1

