95, 54, 1
114, 140, 1
254, 139, -1
173, 99, -1
21, 206, -1
162, 45, -1
173, 136, -1
122, 255, -1
147, 10, -1
15, 332, -1

80, 13, 1
71, 24, 1
267, 259, 1
94, 208, -1
247, 151, -1
192, 270, -1
112, 292, -1
255, 218, -1
234, 141, -1
124, 209, -1

99, 69, 1
66, 98, 1
159, 161, 1
163, 209, 1
286, 291, 1
133, 246, -1
252, 74, -1
250, 128, -1
329, 214, -1
52, 144, -1

79, 141, 1
48, 73, 1
237, 236, 1
97, 51, 1
293, 117, -1
175, 62, -1
264, 300, -1
197, 230, -1
168, 251, -1
267, 16, -1

67, 70, 1
258, 198, -1
127, 218, -1
83, 188, -1
53, 201, -1
250, 272, -1
292, 250, -1
52, 247, -1
83, 301, -1
282, 77, -1

141, 56, 1
254, 83, -1
227, 99, -1
15, 332, -1
260, 309, -1
259, 138, -1
166, 30, -1
205, 22, -1
56, 274, -1
245, 72, -1
274, 141, -1

50, 49, 1
229, 247, 1
185, 160, 1
194, 185, 1
1, 97, 1
160, 194, 1
185, 194, 1
160, 185, 1
243, 68, -1
161, 125, -1
139, 230, -1
329, 27, -1
160, 97, -1
97, 185, -1
160, 1, -1
97, 194, -1
185, 1, -1
1, 194, -1
1, 185, -1
185, 97, -1
194, 1, -1
194, 97, -1

199, 181, 1
133, 68, 1
193, 206, 1
121, 251, -1
334, 255, -1
192, 68, -1
172, 265, -1
85, 167, -1
76, 318, -1
24, 228, -1
192, 133, -1

264, 278, 1
97, 84, 1
84, 83, 1
97, 83, 1
83, 84, 1
310, 172, -1
61, 295, -1
288, 218, -1
232, 72, -1
265, 327, -1
269, 93, -1
320, 256, -1

92, 70, 1
54, 88, 1
163, 205, 1
294, 315, 1
118, 36, 1
317, 172, -1
139, 275, -1
97, 314, -1
312, 54, -1
14, 333, -1
312, 88, -1

