87, 82, 1
130, 129, 1
0, 45, 1
3, 0, 1
295, 286, 1
63, 25, 1
38, 4, 1
330, 314, 1
206, 177, 1
18, 40, 1
51, 79, 1
153, 148, 1
89, 85, 1
228, 224, 1
51, 22, 1
6, 82, 1
166, 177, 1
202, 165, 1
55, 114, 1
24, 60, 1
293, 303, 1
314, 315, 1
122, 2, 1
68, 16, 1
10, 65, 1
201, 193, 1
89, 115, 1
289, 291, 1
7, 36, 1
22, 79, 1
3, 45, 1
6, 87, 1
206, 166, 1
115, 85, 1
315, 330, 1
82, 87, 1
82, 6, 1
0, 3, 1
177, 206, 1
177, 166, 1
166, 206, 1
199, 45, -1
173, 51, -1
36, 201, -1
323, 157, -1
154, 103, -1
75, 273, -1
298, 154, -1
85, 148, -1
291, 121, -1
197, 253, -1
319, 157, -1
302, 69, -1
289, 5, -1
300, 147, -1
317, 187, -1
330, 251, -1
213, 78, -1
153, 3, -1
164, 310, -1
225, 134, -1
317, 274, -1
75, 243, -1
32, 213, -1
203, 230, -1
61, 228, -1
212, 274, -1
322, 211, -1
14, 244, -1
23, 293, -1
31, 235, -1
238, 182, -1
106, 224, -1
312, 271, -1
243, 313, -1
172, 262, -1
29, 275, -1
299, 38, -1
23, 330, -1
18, 253, -1
60, 230, -1
116, 327, -1
184, 127, -1
249, 129, -1
66, 185, -1
232, 150, -1
191, 105, -1
335, 38, -1
156, 286, -1
165, 37, -1
135, 244, -1
239, 62, -1
272, 60, -1
200, 90, -1
82, 246, -1
121, 256, -1
201, 223, -1
237, 202, -1
57, 320, -1
19, 193, -1
14, 288, -1
223, 78, -1
295, 38, -1
249, 61, -1
324, 119, -1
216, 328, -1
317, 115, -1
321, 222, -1
271, 42, -1
37, 236, -1
52, 195, -1
296, 266, -1
237, 165, -1
224, 61, -1
246, 6, -1
121, 289, -1
193, 36, -1
156, 295, -1
173, 79, -1
19, 201, -1
4, 335, -1
201, 7, -1
4, 295, -1
286, 38, -1
272, 24, -1
89, 317, -1
153, 85, -1
24, 230, -1
314, 23, -1
299, 4, -1
303, 23, -1
246, 87, -1
0, 199, -1
40, 253, -1
0, 153, -1
202, 37, -1
89, 148, -1
314, 251, -1
106, 228, -1
193, 223, -1
3, 148, -1
173, 22, -1
291, 5, -1
249, 130, -1
115, 148, -1
315, 23, -1
228, 61, -1
45, 199, -1
3, 199, -1
89, 153, -1
202, 237, -1
85, 317, -1
4, 286, -1
330, 23, -1
6, 246, -1
0, 148, -1
224, 106, -1
315, 251, -1
121, 291, -1
153, 45, -1
148, 85, -1
153, 115, -1
251, 330, -1
193, 7, -1
148, 45, -1
115, 317, -1
193, 19, -1
201, 36, -1
51, 173, -1
38, 335, -1
38, 295, -1
37, 165, -1
87, 246, -1
38, 286, -1

