197, 215, 1
24, 135, 1
39, 108, 1
135, 68, 1
116, 90, 1
142, 101, 1
286, 324, 1
114, 46, 1
11, 4, 1
48, 66, 1
99, 126, 1
101, 137, 1
238, 246, 1
107, 19, 1
62, 64, 1
195, 218, 1
123, 59, 1
42, 88, 1
162, 192, 1
47, 54, 1
132, 57, 1
27, 38, 1
135, 73, 1
101, 69, 1
127, 92, 1
69, 39, 1
137, 142, 1
73, 68, 1
24, 68, 1
101, 39, 1
69, 142, 1
24, 73, 1
108, 69, 1
137, 69, 1
142, 39, 1
137, 39, 1
69, 101, 1
101, 142, 1
73, 135, 1
68, 135, 1
137, 108, 1
108, 101, 1
137, 101, 1
108, 39, 1
108, 142, 1
101, 108, 1
69, 108, 1
153, 54, -1
334, 280, -1
246, 68, -1
322, 180, -1
120, 301, -1
307, 63, -1
113, 208, -1
19, 212, -1
289, 42, -1
200, 76, -1
281, 312, -1
309, 18, -1
260, 303, -1
208, 28, -1
312, 120, -1
148, 110, -1
265, 286, -1
52, 195, -1
208, 66, -1
333, 180, -1
97, 162, -1
335, 49, -1
252, 176, -1
166, 60, -1
240, 26, -1
169, 131, -1
153, 132, -1
331, 98, -1
184, 287, -1
6, 188, -1
296, 202, -1
188, 227, -1
265, 95, -1
191, 6, -1
205, 126, -1
231, 53, -1
229, 32, -1
9, 156, -1
164, 71, -1
202, 92, -1
101, 157, -1
115, 265, -1
298, 145, -1
310, 160, -1
294, 208, -1
322, 28, -1
109, 293, -1
193, 294, -1
312, 189, -1
298, 102, -1
22, 228, -1
171, 299, -1
60, 249, -1
164, 123, -1
130, 232, -1
201, 308, -1
252, 210, -1
237, 129, -1
284, 282, -1
199, 308, -1
84, 268, -1
15, 253, -1
236, 178, -1
321, 247, -1
317, 133, -1
224, 328, -1
167, 241, -1
299, 35, -1
312, 39, -1
206, 256, -1
302, 147, -1
11, 193, -1
84, 172, -1
283, 108, -1
137, 157, -1
88, 289, -1
265, 324, -1
202, 127, -1
59, 164, -1
283, 39, -1
312, 69, -1
208, 48, -1
218, 52, -1
99, 205, -1
107, 212, -1
153, 57, -1
193, 4, -1
312, 108, -1
246, 135, -1
192, 97, -1
142, 157, -1
68, 238, -1
153, 47, -1
69, 157, -1
283, 101, -1
312, 142, -1
283, 69, -1
73, 246, -1
195, 52, -1
73, 238, -1
123, 164, -1
238, 135, -1
193, 11, -1
157, 39, -1
157, 142, -1
24, 238, -1
108, 157, -1
312, 137, -1
312, 101, -1
24, 246, -1
68, 246, -1
283, 142, -1
101, 283, -1
137, 283, -1

