255, 229, 1
257, 288, -1
178, 70, -1
240, 90, -1
252, 332, -1
333, 174, -1
281, 245, -1
42, 241, -1
235, 193, -1
67, 181, -1

120, 121, 1
11, 2, 1
169, 294, -1
320, 130, -1
52, 321, -1
207, 265, -1
256, 32, -1
196, 288, -1
235, 308, -1
227, 79, -1

130, 332, -1
247, 109, -1
149, 42, -1
255, 21, -1
45, 171, -1
317, 169, -1
291, 195, -1
158, 319, -1
7, 149, -1
51, 172, -1

68, 0, 1
194, 214, 1
75, 231, -1
102, 204, -1
179, 97, -1
51, 335, -1
161, 270, -1
144, 1, -1
236, 201, -1
253, 166, -1

154, 163, 1
124, 333, -1
263, 169, -1
37, 175, -1
187, 138, -1
85, 258, -1
1, 263, -1
101, 312, -1
63, 214, -1
195, 288, -1

56, 71, 1
24, 235, -1
70, 248, -1
289, 261, -1
302, 163, -1
259, 221, -1
21, 156, -1
182, 3, -1
143, 121, -1
58, 192, -1

31, 83, 1
90, 26, 1
85, 66, 1
42, 113, 1
217, 196, 1
209, 39, -1
219, 235, -1
5, 252, -1
215, 227, -1
276, 252, -1

109, 50, 1
78, 62, 1
98, 92, 1
151, 214, 1
21, 102, 1
262, 145, -1
309, 185, -1
215, 292, -1
87, 173, -1
43, 316, -1

197, 39, -1
266, 191, -1
218, 226, -1
274, 179, -1
260, 140, -1
71, 167, -1
282, 98, -1
293, 37, -1
9, 240, -1
208, 267, -1

178, 193, 1
1, 93, 1
12, 63, 1
103, 65, 1
79, 108, 1
312, 151, -1
220, 73, -1
126, 144, -1
178, 137, -1
146, 24, -1
137, 193, -1
137, 178, -1

