120, 87, 1
52, 114, 1
294, 174, -1
261, 285, -1
181, 250, -1
292, 16, -1
174, 331, -1
153, 34, -1
322, 278, -1
25, 170, -1

218, 182, 1
191, 173, 1
15, 80, 1
5, 159, -1
180, 70, -1
32, 288, -1
275, 247, -1
159, 332, -1
263, 283, -1
44, 291, -1

81, 115, 1
77, 59, 1
139, 5, 1
76, 75, 1
184, 159, 1
99, 297, -1
166, 64, -1
319, 187, -1
283, 6, -1
318, 173, -1

111, 4, 1
173, 217, 1
97, 109, 1
36, 106, 1
8, 105, 1
153, 267, -1
71, 229, -1
161, 115, -1
202, 66, -1
291, 101, -1

7, 60, 1
267, 206, -1
289, 58, -1
172, 77, -1
229, 305, -1
246, 13, -1
56, 250, -1
11, 321, -1
171, 301, -1
303, 25, -1

130, 81, 1
123, 73, 1
112, 66, 1
123, 6, 1
73, 6, 1
73, 123, 1
169, 334, -1
111, 234, -1
335, 103, -1
84, 180, -1
205, 69, -1
308, 55, -1

168, 166, 1
124, 47, 1
27, 132, 1
27, 245, -1
109, 257, -1
203, 250, -1
83, 173, -1
257, 291, -1
62, 229, -1
296, 126, -1
132, 245, -1

8, 2, 1
175, 180, 1
319, 130, -1
288, 49, -1
198, 291, -1
48, 209, -1
241, 309, -1
48, 277, -1
299, 241, -1
73, 234, -1

125, 52, 1
217, 325, -1
187, 22, -1
307, 147, -1
297, 176, -1
117, 171, -1
289, 26, -1
308, 225, -1
70, 181, -1
158, 262, -1

52, 104, 1
15, 39, 1
189, 160, 1
71, 61, 1
234, 38, -1
184, 39, -1
272, 236, -1
40, 194, -1
335, 57, -1
148, 130, -1
184, 15, -1

