64, 70, 1
132, 138, 1
141, 119, 1
115, 36, -1
101, 81, -1
137, 27, -1
132, 97, -1
108, 72, -1
75, 146, -1
90, 27, -1
97, 138, -1
97, 132, -1

39, 42, 1
0, 38, 1
142, 100, 1
76, 68, 1
101, 136, 1
44, 92, -1
65, 137, -1
97, 9, -1
34, 85, -1
59, 128, -1

107, 141, 1
20, 2, 1
139, 142, 1
59, 60, 1
36, 35, 1
45, 14, 1
148, 45, -1
75, 140, -1
115, 64, -1
6, 148, -1
148, 14, -1

24, 33, 1
133, 113, 1
127, 47, -1
111, 99, -1
45, 143, -1
104, 40, -1
80, 31, -1
109, 2, -1
1, 81, -1
75, 45, -1

146, 100, 1
115, 37, -1
92, 38, -1
119, 5, -1
144, 92, -1
54, 118, -1
17, 104, -1
32, 139, -1
130, 47, -1
78, 123, -1

135, 130, 1
105, 128, 1
21, 1, 1
139, 138, 1
89, 6, -1
3, 144, -1
3, 125, -1
8, 55, -1
60, 39, -1
20, 71, -1

83, 71, 1
7, 10, 1
63, 83, 1
71, 63, 1
83, 63, 1
28, 149, -1
13, 70, -1
28, 59, -1
83, 47, -1
32, 130, -1
138, 78, -1
6, 67, -1
71, 47, -1
63, 47, -1
47, 71, -1

69, 87, 1
147, 136, 1
44, 25, 1
145, 107, 1
98, 88, 1
65, 50, 1
30, 130, -1
133, 20, -1
81, 33, -1
52, 110, -1

84, 95, 1
63, 120, -1
108, 60, -1
105, 11, -1
110, 4, -1
18, 71, -1
16, 97, -1
103, 18, -1
33, 140, -1
41, 143, -1

74, 66, 1
64, 66, 1
0, 41, 1
60, 53, 1
64, 74, 1
129, 2, -1
34, 96, -1
140, 2, -1
33, 77, -1
26, 59, -1
57, 102, -1

