685, 647, 1
432, 193, 1
619, 823, 1
548, 684, 1
768, 730, 1
804, 296, -1
844, 267, -1
754, 118, -1
993, 317, -1
279, 801, -1

252, 401, 1
822, 759, 1
1, 92, 1
874, 535, 1
828, 547, 1
547, 828, 1
576, 107, -1
384, 828, -1
156, 519, -1
549, 198, -1
0, 920, -1
384, 547, -1

364, 232, 1
940, 951, 1
671, 649, 1
671, 735, 1
145, 14, 1
649, 735, 1
649, 671, 1
735, 671, 1
648, 242, -1
840, 5, -1
9, 959, -1
241, 958, -1
947, 280, -1

19, 18, 1
748, 500, 1
577, 880, 1
180, 377, 1
645, 702, 1
850, 389, -1
168, 720, -1
585, 73, -1
943, 215, -1
799, 6, -1

203, 448, 1
637, 804, 1
603, 742, 1
942, 842, 1
571, 432, -1
228, 605, -1
698, 27, -1
546, 361, -1
409, 864, -1
213, 530, -1

45, 13, 1
904, 763, 1
386, 442, 1
905, 307, -1
168, 978, -1
4, 974, -1
889, 456, -1
37, 947, -1
318, 908, -1
265, 789, -1

717, 861, 1
85, 454, 1
44, 172, 1
929, 910, 1
404, 182, 1
548, 917, 1
142, 683, -1
771, 36, -1
938, 271, -1
112, 518, -1

647, 739, 1
708, 590, 1
375, 99, 1
97, 134, 1
492, 93, 1
906, 807, 1
675, 158, -1
30, 890, -1
208, 803, -1
732, 434, -1

503, 826, 1
95, 275, 1
984, 843, 1
955, 856, 1
683, 796, 1
246, 55, 1
24, 257, 1
524, 698, 1
802, 129, -1
781, 269, -1

669, 581, 1
564, 939, 1
115, 471, 1
22, 275, 1
526, 736, 1
701, 47, -1
327, 573, -1
68, 716, -1
7, 791, -1
308, 880, -1

