342, 333, 1
589, 650, 1
821, 597, 1
546, 985, 1
848, 939, 1
249, 182, 1
884, 405, -1
186, 925, -1
922, 299, -1
93, 525, -1

987, 579, 1
694, 558, 1
615, 828, 1
901, 803, 1
447, 44, 1
745, 79, -1
94, 584, -1
657, 446, -1
434, 934, -1
670, 257, -1

511, 944, 1
521, 883, 1
999, 582, 1
577, 563, 1
485, 650, -1
597, 96, -1
148, 615, -1
112, 705, -1
332, 541, -1
305, 707, -1

657, 878, 1
410, 84, 1
494, 460, 1
924, 552, 1
189, 893, -1
251, 721, -1
537, 321, -1
737, 451, -1
86, 776, -1
577, 423, -1

262, 277, 1
226, 177, 1
827, 679, 1
221, 87, 1
745, 678, 1
277, 262, 1
240, 508, -1
242, 791, -1
837, 262, -1
869, 286, -1
134, 631, -1
277, 837, -1

656, 641, 1
810, 761, 1
146, 44, 1
362, 244, 1
65, 10, 1
912, 600, 1
600, 912, 1
270, 628, -1
836, 262, -1
484, 600, -1
483, 829, -1
912, 484, -1
484, 912, -1
600, 484, -1

676, 605, 1
430, 192, 1
364, 51, 1
712, 573, 1
396, 369, 1
659, 391, -1
270, 715, -1
584, 332, -1
286, 823, -1
78, 798, -1

147, 291, 1
838, 710, 1
696, 829, 1
291, 147, 1
451, 676, -1
775, 291, -1
611, 110, -1
631, 132, -1
295, 850, -1
163, 697, -1
262, 586, -1
147, 775, -1
291, 775, -1

511, 538, 1
914, 810, 1
120, 62, 1
421, 301, 1
109, 822, -1
547, 33, -1
137, 622, -1
398, 981, -1
280, 567, -1
835, 453, -1

875, 620, 1
389, 45, 1
958, 550, 1
811, 201, -1
397, 910, -1
160, 699, -1
535, 409, -1
724, 229, -1
21, 715, -1
597, 176, -1

