557, 962, 1
884, 951, 1
832, 929, 1
173, 114, 1
102, 698, -1
162, 823, -1
794, 483, -1
982, 131, -1
779, 325, -1
599, 443, -1

233, 356, 1
585, 971, 1
679, 588, 1
770, 543, 1
941, 285, -1
417, 787, -1
59, 558, -1
912, 342, -1
939, 447, -1
375, 887, -1

35, 12, 1
928, 637, 1
609, 621, 1
511, 603, 1
833, 339, -1
804, 64, -1
905, 291, -1
157, 949, -1
510, 266, -1
700, 59, -1

90, 437, 1
105, 350, 1
973, 602, 1
578, 626, 1
507, 263, -1
228, 902, -1
483, 517, -1
788, 320, -1
821, 254, -1
541, 235, -1

854, 877, 1
931, 980, 1
321, 301, 1
220, 258, 1
33, 85, 1
343, 512, -1
466, 511, -1
452, 841, -1
128, 871, -1
901, 323, -1

956, 547, 1
438, 110, 1
874, 635, 1
586, 515, 1
818, 628, 1
425, 442, 1
927, 307, -1
437, 918, -1
272, 583, -1
270, 624, -1

15, 475, 1
927, 678, 1
385, 488, 1
688, 995, 1
952, 744, 1
880, 283, -1
360, 572, -1
737, 129, -1
338, 959, -1
52, 692, -1

334, 201, 1
785, 926, 1
288, 428, 1
37, 196, 1
310, 428, 1
288, 310, 1
95, 151, 1
428, 310, 1
712, 95, -1
6, 524, -1
329, 716, -1
342, 866, -1
712, 151, -1

489, 441, 1
70, 161, 1
276, 390, 1
969, 583, 1
163, 891, -1
826, 102, -1
657, 112, -1
540, 369, -1
310, 614, -1
677, 152, -1

426, 296, 1
227, 243, 1
997, 758, 1
751, 872, 1
753, 985, 1
862, 796, 1
340, 305, 1
225, 130, 1
706, 896, 1
405, 573, -1

