70, 154, 1
795, 860, 1
367, 234, 1
485, 454, 1
204, 16, 1
852, 757, 1
807, 27, -1
998, 356, -1
732, 272, -1
514, 229, -1

878, 836, 1
453, 108, 1
724, 577, 1
823, 861, 1
110, 305, 1
365, 74, 1
482, 599, -1
231, 888, -1
547, 188, -1
930, 492, -1

767, 692, 1
917, 726, 1
261, 401, 1
593, 855, 1
294, 16, 1
772, 534, 1
651, 25, -1
621, 119, -1
678, 456, -1
70, 725, -1

432, 222, 1
989, 930, 1
775, 773, 1
413, 458, 1
235, 355, 1
541, 449, -1
126, 624, -1
236, 786, -1
193, 916, -1
23, 784, -1

956, 999, 1
865, 877, 1
960, 569, 1
960, 477, -1
853, 208, -1
579, 446, -1
699, 423, -1
360, 703, -1
477, 569, -1
864, 246, -1
209, 995, -1
569, 477, -1

124, 398, 1
336, 346, 1
524, 970, 1
12, 150, 1
51, 281, 1
359, 670, -1
103, 710, -1
762, 343, -1
439, 989, -1
119, 735, -1

322, 424, 1
862, 668, 1
148, 21, 1
827, 995, 1
425, 435, 1
312, 178, 1
588, 266, -1
632, 293, -1
634, 16, -1
238, 533, -1

163, 457, 1
803, 7, -1
898, 123, -1
388, 817, -1
998, 322, -1
411, 774, -1
512, 74, -1
68, 750, -1
823, 224, -1
969, 246, -1

646, 887, 1
130, 436, 1
609, 651, 1
945, 815, 1
661, 810, 1
686, 684, 1
51, 708, -1
873, 491, -1
952, 198, -1
165, 769, -1

321, 37, 1
906, 861, 1
779, 827, 1
891, 149, -1
257, 747, -1
15, 658, -1
307, 847, -1
94, 538, -1
58, 707, -1
476, 810, -1

