170, 334, 1
85, 163, 1
531, 684, 1
689, 708, 1
309, 568, -1
711, 327, -1
854, 411, -1
275, 972, -1
992, 365, -1
942, 105, -1

459, 197, 1
38, 240, 1
430, 31, 1
182, 150, 1
81, 367, 1
655, 4, -1
231, 575, -1
34, 968, -1
914, 191, -1
212, 876, -1

484, 167, 1
762, 897, 1
219, 431, 1
847, 607, 1
82, 95, 1
65, 132, 1
204, 92, 1
379, 870, -1
293, 743, -1
416, 945, -1

643, 726, 1
156, 356, 1
944, 600, 1
846, 688, 1
461, 416, 1
978, 792, 1
269, 216, 1
438, 876, -1
23, 673, -1
126, 926, -1

351, 401, 1
108, 240, 1
564, 584, 1
246, 342, 1
251, 317, 1
325, 270, 1
378, 506, -1
876, 113, -1
53, 883, -1
748, 1, -1

697, 685, 1
558, 976, 1
809, 528, 1
339, 41, 1
789, 104, -1
422, 763, -1
959, 111, -1
515, 465, -1
154, 675, -1
106, 775, -1

2, 162, 1
130, 618, -1
844, 268, -1
995, 323, -1
243, 884, -1
845, 126, -1
840, 414, -1
220, 765, -1
330, 608, -1
17, 904, -1

341, 361, 1
484, 475, 1
223, 353, 1
475, 484, 1
241, 747, -1
475, 766, -1
312, 555, -1
305, 579, -1
844, 285, -1
615, 497, -1
641, 376, -1
484, 766, -1

929, 786, 1
805, 542, 1
653, 932, 1
422, 128, 1
848, 637, 1
880, 887, 1
790, 188, -1
515, 380, -1
232, 887, -1
730, 471, -1
232, 880, -1

833, 955, 1
495, 196, 1
814, 884, 1
47, 267, 1
818, 954, 1
879, 253, -1
304, 800, -1
508, 118, -1
92, 548, -1
183, 893, -1

