285, 173, 1
454, 351, 1
423, 371, 1
383, 388, 1
222, 100, 1
360, 27, 1
187, 606, -1
265, 669, -1
488, 807, -1
184, 964, -1

258, 321, 1
621, 338, -1
497, 589, -1
571, 467, -1
982, 196, -1
328, 632, -1
911, 221, -1
909, 138, -1
428, 942, -1
869, 282, -1

922, 578, 1
467, 392, 1
728, 985, 1
519, 529, 1
997, 973, 1
469, 717, -1
300, 739, -1
582, 8, -1
964, 332, -1
906, 67, -1

308, 143, 1
720, 922, 1
404, 254, 1
159, 990, -1
713, 368, -1
927, 212, -1
919, 287, -1
160, 602, -1
470, 604, -1
201, 877, -1

920, 837, 1
176, 286, 1
112, 359, 1
188, 42, 1
371, 745, -1
516, 24, -1
757, 84, -1
360, 582, -1
939, 287, -1
976, 75, -1

836, 982, 1
404, 328, 1
458, 429, 1
303, 108, 1
151, 896, -1
241, 668, -1
749, 283, -1
55, 688, -1
661, 109, -1
181, 697, -1

633, 636, 1
740, 755, 1
255, 137, 1
940, 776, 1
298, 238, 1
25, 279, 1
155, 892, -1
370, 712, -1
515, 443, -1
615, 17, -1

723, 564, 1
590, 796, 1
44, 359, 1
796, 590, 1
47, 870, -1
236, 506, -1
534, 355, -1
610, 495, -1
311, 728, -1
590, 452, -1
76, 517, -1
452, 796, -1
452, 590, -1

298, 460, 1
676, 925, 1
766, 704, 1
244, 286, 1
754, 670, 1
991, 0, -1
221, 670, -1
716, 394, -1
610, 290, -1
221, 754, -1
665, 274, -1
754, 221, -1

443, 238, 1
348, 201, 1
553, 778, 1
863, 515, 1
44, 189, 1
573, 225, -1
102, 926, -1
74, 755, -1
189, 790, -1
465, 732, -1
44, 790, -1

