719, 768, 1
868, 842, 1
89, 427, 1
688, 586, 1
908, 756, 1
284, 194, 1
772, 594, 1
768, 719, 1
768, 450, -1
992, 442, -1
292, 545, -1
450, 719, -1

423, 366, 1
185, 124, 1
552, 965, 1
809, 101, -1
5, 534, -1
565, 469, -1
673, 264, -1
719, 193, -1
657, 204, -1
7, 988, -1

903, 714, 1
644, 943, 1
4, 341, 1
334, 120, 1
730, 417, -1
805, 76, -1
177, 799, -1
894, 375, -1
480, 945, -1
861, 83, -1

469, 103, 1
579, 914, 1
297, 393, 1
926, 784, 1
148, 182, 1
895, 389, -1
924, 459, -1
731, 450, -1
764, 178, -1
275, 555, -1

106, 361, 1
363, 461, 1
746, 769, 1
925, 870, 1
60, 541, -1
221, 692, -1
15, 924, -1
5, 917, -1
288, 501, -1
329, 589, -1

463, 491, 1
704, 535, 1
193, 355, 1
699, 519, 1
355, 193, 1
420, 633, -1
73, 820, -1
262, 956, -1
193, 563, -1
221, 976, -1
875, 123, -1
355, 563, -1
563, 193, -1

106, 100, 1
819, 763, 1
478, 155, 1
494, 473, 1
65, 338, 1
577, 636, 1
560, 184, -1
448, 760, -1
526, 218, -1
780, 32, -1

193, 13, 1
580, 760, 1
252, 340, 1
555, 997, 1
696, 362, -1
461, 785, -1
462, 657, -1
902, 153, -1
160, 672, -1
428, 994, -1

188, 459, 1
19, 173, 1
54, 330, 1
925, 317, -1
512, 467, -1
102, 937, -1
286, 970, -1
361, 505, -1
550, 341, -1
220, 812, -1

641, 867, 1
892, 687, 1
534, 541, 1
768, 480, -1
301, 708, -1
729, 256, -1
185, 934, -1
617, 307, -1
395, 767, -1
858, 266, -1

