336, 301, 1
138, 200, 1
73, 95, 1
290, 223, 1
320, 64, 1
313, 27, -1
28, 246, -1
29, 195, -1
117, 168, -1
242, 308, -1

341, 50, 1
312, 299, 1
344, 267, 1
107, 58, 1
28, 99, 1
46, 60, 1
276, 326, 1
122, 62, -1
178, 294, -1
242, 315, -1

347, 191, 1
347, 239, 1
293, 12, 1
198, 120, 1
280, 282, 1
87, 222, 1
216, 13, 1
191, 239, 1
81, 88, -1
320, 148, -1
230, 48, -1

263, 195, 1
73, 138, 1
163, 303, 1
160, 202, 1
114, 51, 1
254, 93, -1
82, 180, -1
222, 292, -1
62, 138, -1
131, 29, -1
73, 62, -1
138, 62, -1

346, 34, 1
312, 267, 1
120, 47, 1
143, 131, 1
141, 129, 1
17, 128, 1
146, 43, 1
37, 284, -1
307, 35, -1
240, 327, -1

286, 48, 1
115, 266, 1
42, 56, 1
80, 266, 1
227, 189, 1
339, 78, 1
190, 9, 1
80, 115, 1
266, 115, 1
300, 114, -1
164, 322, -1
343, 226, -1

167, 321, 1
73, 224, 1
213, 10, 1
187, 256, 1
18, 339, 1
64, 183, 1
55, 39, 1
164, 304, -1
290, 102, -1
25, 99, -1

275, 103, 1
102, 35, 1
309, 187, 1
298, 2, 1
224, 5, 1
113, 245, 1
40, 120, -1
299, 128, -1
51, 291, -1
201, 178, -1

103, 235, 1
301, 107, 1
233, 173, 1
342, 58, 1
242, 66, -1
72, 85, -1
324, 118, -1
30, 81, -1
334, 53, -1
279, 140, -1

24, 62, 1
285, 322, 1
159, 285, 1
207, 157, 1
5, 154, 1
322, 159, 1
322, 285, 1
285, 159, 1
20, 57, -1
153, 39, -1
188, 173, -1
56, 176, -1
77, 274, -1

