108, 118, 1
102, 126, 1
132, 100, 1
34, 300, 1
103, 177, 1
3, 108, 1
267, 302, 1
3, 118, 1
217, 106, -1
120, 88, -1
146, 319, -1

260, 261, 1
107, 225, 1
145, 298, 1
58, 86, 1
278, 52, 1
111, 173, 1
106, 237, -1
206, 253, -1
13, 345, -1
216, 266, -1

224, 188, 1
6, 62, 1
301, 316, 1
250, 142, 1
141, 123, 1
123, 141, 1
103, 146, -1
154, 251, -1
164, 123, -1
193, 23, -1
179, 222, -1
164, 141, -1
123, 164, -1

237, 167, 1
17, 160, 1
205, 253, 1
247, 131, 1
277, 294, 1
216, 310, -1
162, 287, -1
11, 36, -1
197, 59, -1
265, 220, -1

41, 31, 1
277, 243, 1
302, 223, 1
82, 179, 1
126, 238, 1
276, 257, 1
61, 341, -1
178, 143, -1
236, 269, -1
137, 164, -1

65, 95, 1
58, 193, 1
115, 64, 1
275, 346, 1
97, 313, 1
18, 8, 1
187, 155, 1
292, 148, -1
155, 196, -1
232, 185, -1
196, 187, -1

239, 310, 1
144, 156, 1
264, 181, 1
2, 26, 1
279, 46, 1
189, 231, 1
276, 307, 1
290, 208, -1
15, 80, -1
65, 345, -1

271, 127, 1
272, 97, 1
314, 323, 1
100, 244, 1
97, 288, 1
7, 57, 1
336, 207, 1
288, 272, 1
288, 97, 1
171, 55, -1
63, 229, -1
138, 296, -1

127, 297, 1
46, 255, 1
115, 159, 1
163, 323, 1
309, 348, 1
135, 262, 1
51, 185, -1
263, 53, -1
96, 138, -1
7, 285, -1

179, 129, 1
320, 70, 1
16, 332, 1
20, 24, 1
167, 229, 1
62, 344, 1
347, 37, -1
147, 238, -1
350, 71, -1
209, 146, -1

