197, 278, 1
321, 237, 1
324, 332, 1
211, 16, 1
321, 147, 1
23, 83, 1
147, 237, 1
6, 168, -1
339, 57, -1
174, 97, -1
307, 118, -1

20, 325, 1
119, 215, 1
49, 112, 1
106, 104, 1
104, 106, 1
223, 146, -1
64, 232, -1
277, 222, -1
241, 132, -1
54, 120, -1
193, 106, -1
104, 193, -1

224, 192, 1
27, 196, 1
52, 350, 1
328, 54, 1
121, 155, 1
314, 140, -1
155, 238, -1
198, 340, -1
39, 149, -1
230, 303, -1
121, 238, -1

268, 191, 1
113, 131, 1
13, 138, 1
326, 38, 1
78, 123, 1
261, 4, 1
270, 309, 1
24, 108, -1
201, 196, -1
64, 174, -1

322, 347, 1
60, 348, 1
51, 31, 1
267, 347, 1
292, 101, 1
267, 322, 1
347, 267, 1
347, 322, 1
322, 267, 1
276, 124, -1
210, 62, -1
33, 165, -1
115, 236, -1
232, 36, -1

70, 239, 1
52, 111, 1
251, 24, 1
123, 153, 1
9, 136, 1
227, 320, 1
125, 270, 1
320, 227, 1
33, 270, -1
59, 227, -1
322, 156, -1
33, 125, -1
320, 59, -1

95, 148, 1
213, 330, 1
320, 275, 1
284, 209, 1
259, 197, 1
269, 140, -1
53, 312, -1
156, 149, -1
246, 167, -1
308, 188, -1

283, 266, 1
13, 154, 1
204, 208, 1
3, 176, 1
92, 50, 1
14, 343, 1
326, 193, 1
154, 13, 1
188, 125, -1
136, 344, -1
13, 269, -1
269, 154, -1

330, 203, 1
134, 59, 1
255, 26, 1
142, 75, 1
317, 219, 1
328, 206, -1
223, 158, -1
117, 182, -1
97, 144, -1
217, 244, -1

125, 328, 1
28, 329, 1
78, 328, 1
93, 39, 1
328, 276, 1
276, 78, 1
276, 125, 1
125, 78, 1
328, 78, 1
328, 125, 1
186, 189, -1
294, 216, -1
317, 176, -1
7, 270, -1
218, 304, -1

