190, 156, 1
253, 199, 1
199, 197, 1
268, 197, 1
253, 197, 1
268, 199, 1
268, 253, 1
197, 199, 1
197, 253, 1
197, 268, 1
253, 268, 1
262, 41, -1
21, 97, -1
240, 259, -1
225, 228, -1
0, 61, -1
149, 222, -1

284, 263, 1
217, 32, 1
328, 221, 1
102, 41, 1
103, 314, 1
56, 209, 1
34, 20, 1
286, 110, -1
112, 276, -1
341, 83, -1

189, 133, 1
344, 298, 1
51, 114, 1
99, 50, 1
187, 213, 1
176, 53, 1
333, 189, 1
333, 133, 1
114, 51, 1
107, 250, -1
211, 51, -1
47, 125, -1
114, 211, -1
51, 211, -1

170, 150, 1
256, 147, 1
68, 301, 1
137, 289, 1
320, 237, 1
6, 110, -1
69, 211, -1
23, 239, -1
174, 280, -1
15, 254, -1

32, 239, 1
331, 129, 1
21, 77, 1
83, 142, 1
213, 186, -1
237, 182, -1
205, 180, -1
75, 274, -1
28, 53, -1
110, 241, -1

316, 68, 1
208, 67, 1
336, 80, 1
148, 100, 1
15, 132, 1
253, 121, 1
309, 245, 1
168, 3, 1
217, 3, -1
183, 242, -1
217, 168, -1
168, 217, -1

333, 231, 1
21, 162, 1
330, 297, 1
176, 35, 1
225, 290, 1
50, 340, 1
198, 239, -1
81, 340, -1
50, 81, -1
93, 151, -1
301, 216, -1
81, 50, -1

161, 199, 1
330, 337, 1
332, 259, 1
67, 41, 1
328, 225, 1
243, 0, 1
130, 227, -1
178, 107, -1
126, 167, -1
13, 307, -1

52, 340, 1
252, 238, 1
138, 252, 1
107, 54, 1
277, 251, 1
160, 192, 1
138, 238, 1
223, 156, -1
2, 154, -1
224, 326, -1
349, 124, -1

294, 42, 1
66, 115, 1
81, 220, 1
299, 119, 1
268, 215, 1
108, 78, -1
124, 99, -1
5, 346, -1
348, 67, -1
178, 72, -1

