254, 213, 1
141, 344, 1
261, 198, -1
255, 238, -1
245, 212, -1
211, 136, -1
222, 307, -1
190, 328, -1
11, 18, -1
165, 176, -1

10, 127, 1
277, 291, 1
140, 138, 1
31, 2, -1
93, 284, -1
30, 216, -1
98, 317, -1
126, 326, -1
233, 39, -1
77, 151, -1

285, 36, 1
155, 257, 1
254, 332, 1
91, 20, -1
313, 154, -1
278, 234, -1
260, 164, -1
336, 57, -1
209, 75, -1
233, 236, -1

154, 69, 1
40, 111, 1
223, 129, 1
221, 193, 1
123, 0, 1
186, 22, -1
65, 157, -1
89, 171, -1
160, 105, -1
118, 90, -1

91, 43, 1
172, 122, 1
218, 150, 1
165, 121, 1
264, 213, 1
101, 157, 1
43, 91, 1
293, 43, -1
226, 258, -1
268, 252, -1
337, 71, -1
91, 293, -1
43, 293, -1

256, 287, 1
134, 41, 1
55, 240, 1
340, 266, 1
136, 106, 1
85, 21, 1
244, 311, -1
63, 268, -1
262, 140, -1
0, 19, -1

97, 322, 1
310, 14, 1
145, 278, 1
279, 9, -1
328, 150, -1
261, 160, -1
100, 281, -1
91, 278, -1
248, 271, -1
145, 91, -1
107, 87, -1

262, 341, 1
236, 73, 1
69, 152, 1
52, 159, 1
119, 56, 1
131, 293, 1
116, 46, -1
246, 72, -1
237, 154, -1
44, 134, -1

308, 82, 1
259, 284, 1
323, 76, 1
285, 306, 1
116, 196, 1
76, 80, 1
80, 323, 1
80, 76, 1
304, 13, -1
1, 254, -1
79, 287, -1
111, 240, -1

313, 251, 1
350, 223, 1
35, 21, 1
268, 281, 1
276, 64, 1
189, 273, 1
49, 154, 1
49, 325, -1
325, 154, -1
212, 350, -1
172, 337, -1
212, 223, -1
154, 325, -1

