318, 328, 1
154, 25, 1
159, 257, 1
67, 37, 1
79, 198, 1
146, 113, -1
163, 59, -1
239, 222, -1
238, 272, -1
128, 26, -1

198, 214, 1
56, 324, 1
319, 316, 1
83, 130, 1
95, 302, -1
314, 55, -1
311, 116, -1
3, 339, -1
230, 225, -1
164, 56, -1
164, 324, -1
56, 164, -1

148, 168, 1
6, 189, 1
26, 249, 1
243, 165, 1
189, 6, 1
80, 59, -1
20, 71, -1
135, 31, -1
124, 117, -1
238, 270, -1
6, 188, -1
188, 189, -1
188, 6, -1

84, 153, 1
315, 329, 1
319, 193, 1
185, 94, 1
210, 218, 1
173, 113, 1
165, 334, 1
147, 3, -1
40, 59, -1
323, 81, -1

349, 327, 1
330, 30, 1
96, 84, 1
348, 321, 1
64, 12, 1
321, 348, 1
277, 200, -1
266, 59, -1
24, 218, -1
348, 100, -1
191, 112, -1
100, 321, -1
100, 348, -1
321, 100, -1

121, 211, 1
246, 112, 1
6, 217, 1
213, 107, 1
197, 82, 1
8, 215, 1
138, 267, -1
83, 20, -1
136, 273, -1
147, 240, -1

343, 347, 1
288, 70, 1
28, 286, 1
85, 39, 1
275, 255, 1
115, 190, -1
275, 250, -1
255, 250, -1
224, 6, -1
173, 234, -1
176, 119, -1
250, 255, -1
250, 275, -1

115, 20, 1
297, 260, 1
263, 56, 1
3, 43, 1
66, 170, -1
111, 79, -1
154, 80, -1
74, 208, -1
276, 102, -1
226, 0, -1

271, 179, 1
285, 165, 1
99, 127, 1
314, 312, 1
222, 334, -1
160, 183, -1
97, 116, -1
68, 196, -1
242, 317, -1
33, 78, -1

199, 137, 1
82, 74, 1
74, 307, 1
59, 63, 1
0, 319, 1
103, 341, 1
328, 316, 1
209, 94, 1
307, 82, 1
94, 122, -1
110, 261, -1
209, 122, -1
122, 94, -1

