181, 266, 1
277, 241, 1
123, 346, 1
325, 203, 1
248, 194, 1
36, 88, 1
70, 243, 1
266, 181, 1
317, 242, -1
178, 72, -1
200, 266, -1
200, 181, -1

1, 118, 1
343, 165, 1
123, 264, 1
210, 171, -1
270, 81, -1
214, 350, -1
349, 13, -1
160, 261, -1
301, 89, -1
259, 216, -1

294, 339, 1
126, 202, 1
90, 307, 1
139, 62, 1
321, 319, 1
238, 208, 1
159, 231, 1
169, 347, 1
257, 81, -1
170, 109, -1

172, 19, 1
258, 326, 1
115, 314, 1
345, 303, 1
264, 54, 1
89, 325, -1
68, 110, -1
7, 221, -1
121, 91, -1
136, 295, -1

112, 250, 1
268, 42, 1
140, 106, 1
289, 251, 1
122, 180, 1
257, 196, -1
57, 279, -1
122, 38, -1
38, 180, -1
347, 188, -1
318, 79, -1
180, 38, -1

34, 223, 1
318, 115, 1
193, 332, 1
235, 322, 1
341, 233, 1
134, 75, 1
336, 248, -1
231, 164, -1
184, 171, -1
178, 193, -1
178, 332, -1
193, 178, -1

69, 230, 1
269, 289, 1
268, 319, 1
96, 279, 1
221, 314, 1
97, 89, -1
303, 204, -1
172, 239, -1
304, 212, -1
298, 29, -1

221, 187, 1
164, 37, 1
100, 158, 1
223, 14, 1
136, 170, 1
187, 221, 1
14, 223, 1
159, 170, -1
95, 223, -1
146, 187, -1
159, 136, -1
37, 82, -1
57, 294, -1
146, 221, -1
82, 164, -1
14, 95, -1
136, 159, -1
170, 159, -1
82, 37, -1
223, 95, -1

84, 165, 1
125, 141, 1
18, 224, -1
215, 216, -1
236, 338, -1
45, 330, -1
254, 31, -1
169, 21, -1
242, 161, -1
249, 144, -1

200, 81, 1
245, 24, 1
46, 143, 1
197, 338, 1
290, 60, 1
179, 3, -1
93, 271, -1
20, 116, -1
154, 52, -1
232, 46, -1
232, 143, -1

