299, 66, 1
347, 314, 1
171, 270, 1
258, 164, -1
94, 7, -1
49, 201, -1
136, 221, -1
93, 344, -1
244, 237, -1
139, 232, -1

325, 269, 1
302, 296, 1
132, 180, 1
183, 105, 1
266, 274, 1
124, 20, -1
96, 25, -1
262, 248, -1
171, 9, -1
208, 275, -1

128, 21, 1
157, 318, 1
138, 216, 1
192, 138, 1
27, 110, 1
192, 216, 1
348, 75, -1
200, 88, -1
33, 20, -1
206, 18, -1
176, 346, -1

131, 339, 1
114, 156, 1
128, 71, 1
347, 316, 1
257, 322, 1
156, 114, 1
257, 118, -1
202, 115, -1
222, 256, -1
207, 188, -1
322, 118, -1
44, 114, -1
156, 44, -1
114, 44, -1

198, 216, 1
221, 113, 1
259, 171, 1
55, 178, 1
99, 97, 1
175, 339, 1
202, 151, -1
137, 17, -1
92, 212, -1
308, 144, -1

253, 145, 1
180, 23, 1
1, 102, 1
33, 165, -1
45, 277, -1
333, 102, -1
196, 123, -1
77, 40, -1
333, 1, -1
216, 302, -1
117, 51, -1
1, 333, -1

195, 74, 1
317, 52, 1
72, 80, 1
240, 97, -1
331, 9, -1
138, 327, -1
126, 207, -1
134, 274, -1
300, 212, -1
188, 229, -1

99, 74, 1
304, 285, 1
48, 300, 1
346, 54, 1
42, 129, 1
211, 332, 1
311, 100, -1
13, 317, -1
219, 59, -1
242, 299, -1

240, 37, 1
286, 56, 1
282, 187, 1
32, 267, 1
299, 52, 1
61, 201, -1
254, 166, -1
198, 306, -1
227, 31, -1
122, 129, -1

123, 131, 1
215, 159, 1
187, 50, 1
83, 234, 1
120, 83, 1
120, 234, 1
234, 83, 1
240, 301, -1
48, 166, -1
220, 221, -1
113, 55, -1
180, 125, -1

