229, 177, 1
295, 151, 1
202, 194, 1
278, 9, -1
252, 131, -1
183, 61, -1
329, 208, -1
310, 69, -1
152, 72, -1
262, 53, -1

350, 131, 1
254, 285, 1
260, 70, 1
337, 288, 1
51, 168, 1
133, 145, 1
7, 124, 1
172, 320, -1
307, 132, -1
32, 49, -1

220, 21, 1
261, 241, 1
319, 107, 1
51, 328, -1
95, 143, -1
15, 58, -1
299, 93, -1
162, 97, -1
127, 43, -1
122, 265, -1

6, 44, 1
66, 217, 1
11, 5, 1
59, 105, -1
291, 5, -1
202, 107, -1
201, 102, -1
69, 337, -1
11, 291, -1
109, 130, -1
214, 297, -1

114, 248, 1
14, 24, 1
37, 112, 1
45, 43, 1
90, 320, 1
342, 18, 1
207, 285, 1
43, 206, 1
45, 206, 1
248, 114, 1
43, 45, 1
125, 138, -1
68, 114, -1
248, 68, -1
114, 68, -1

247, 280, 1
64, 8, 1
236, 95, 1
314, 287, 1
322, 231, 1
174, 224, 1
276, 41, -1
252, 330, -1
310, 168, -1
21, 121, -1

237, 303, 1
14, 342, 1
129, 329, 1
342, 14, 1
257, 61, -1
342, 7, -1
87, 296, -1
285, 55, -1
306, 126, -1
282, 39, -1
288, 95, -1
14, 7, -1

276, 205, 1
320, 209, 1
176, 152, 1
288, 97, 1
253, 337, 1
304, 256, 1
103, 124, -1
91, 301, -1
204, 254, -1
2, 148, -1

128, 148, 1
15, 112, 1
235, 123, 1
334, 163, 1
227, 263, 1
123, 235, 1
263, 87, -1
19, 235, -1
272, 212, -1
135, 128, -1
25, 177, -1
148, 135, -1
123, 19, -1
227, 87, -1
128, 135, -1

120, 98, 1
269, 308, 1
1, 120, 1
60, 313, 1
285, 153, 1
76, 209, 1
331, 76, 1
1, 98, 1
209, 331, 1
120, 1, 1
209, 76, 1
311, 148, -1
291, 118, -1
149, 248, -1

