268, 313, 1
192, 154, 1
185, 326, 1
64, 18, 1
125, 171, 1
13, 292, -1
31, 271, -1
280, 148, -1
224, 255, -1
134, 52, -1

157, 145, 1
344, 46, 1
220, 73, 1
41, 162, 1
325, 209, 1
209, 325, 1
348, 108, -1
209, 47, -1
196, 245, -1
182, 255, -1
22, 240, -1
325, 47, -1

266, 157, 1
186, 238, 1
82, 266, 1
74, 205, 1
288, 48, 1
329, 344, 1
168, 130, 1
82, 157, 1
315, 168, -1
132, 265, -1
130, 315, -1
22, 240, -1
168, 315, -1

239, 54, 1
164, 79, 1
340, 229, 1
34, 121, 1
87, 152, 1
161, 137, 1
41, 220, 1
345, 41, -1
220, 345, -1
186, 217, -1
33, 167, -1
345, 220, -1

78, 147, 1
84, 189, 1
109, 2, 1
58, 333, 1
80, 161, 1
242, 19, 1
211, 55, -1
319, 238, -1
265, 13, -1
25, 229, -1

101, 283, 1
109, 201, 1
219, 115, 1
0, 178, -1
196, 12, -1
331, 91, -1
140, 34, -1
206, 78, -1
317, 73, -1
29, 50, -1

65, 130, 1
240, 160, 1
304, 215, 1
147, 251, 1
183, 261, 1
298, 137, 1
16, 96, 1
253, 152, -1
27, 264, -1
138, 121, -1

299, 344, 1
300, 153, 1
223, 80, 1
90, 339, 1
3, 57, 1
331, 237, 1
321, 155, 1
87, 242, 1
287, 180, -1
111, 204, -1

205, 54, 1
85, 202, 1
117, 283, 1
302, 97, 1
247, 173, 1
126, 260, -1
227, 7, -1
246, 28, -1
264, 164, -1
168, 310, -1

95, 81, 1
309, 278, 1
334, 251, 1
150, 238, 1
111, 35, -1
149, 100, -1
186, 62, -1
308, 208, -1
173, 210, -1
205, 87, -1

