2177, 18287, 1
19726, 19268, 1
14501, 6354, 1
16323, 1306, 1
1392, 17186, 1
5466, 13220, 1
8344, 8881, 1
4516, 14698, 1
9239, 855, 1
5817, 1313, 1
8764, 13107, 1
7853, 15706, 1
16246, 2846, 1
13648, 8036, 1
5221, 13361, 1
7902, 2387, 1
19073, 1629, 1
11075, 6289, 1
529, 8274, 1
19818, 15339, 1
868, 5654, 1
4280, 8463, 1
19509, 15291, 1
16947, 9476, 1
11523, 15833, 1
11812, 12142, 1
8515, 2075, 1
8867, 4891, 1
15867, 9, 1
2812, 9726, 1
5979, 17757, 1
9768, 12862, -1
13016, 3307, -1
3728, 5235, -1
16824, 9995, -1
18358, 9659, -1
9202, 19420, -1
2578, 10153, -1
19559, 5080, -1
8384, 14627, -1
13797, 5296, -1
13537, 18328, -1
11331, 11650, -1
2184, 12279, -1
19596, 13421, -1
8475, 16696, -1
12789, 12815, -1
10709, 9701, -1
14929, 14944, -1
11334, 11689, -1
19252, 2672, -1
18482, 16904, -1
18649, 6727, -1
8315, 10105, -1
2758, 19756, -1
13827, 8137, -1
17710, 15927, -1
13881, 12314, -1
17531, 4175, -1
11568, 5596, -1
3583, 15092, -1
8375, 18698, -1
1900, 10747, -1
2986, 17833, -1
12129, 9644, -1
16860, 6446, -1
13121, 10004, -1
9147, 1323, -1
7315, 15494, -1
2720, 851, -1
3222, 1462, -1
19049, 4679, -1
19854, 2849, -1
14264, 13258, -1
2112, 19418, -1
523, 18342, -1
2968, 10314, -1
7623, 2038, -1
4341, 12685, -1
7332, 3762, -1
9609, 19380, -1
10867, 9420, -1
18378, 16117, -1
2414, 1322, -1
19258, 8754, -1
17883, 13793, -1
13005, 12373, -1
9225, 18627, -1
378, 17819, -1
1434, 12574, -1
14990, 15295, -1
6854, 694, -1
2552, 4902, -1
16857, 19794, -1
4805, 4964, -1
13451, 13658, -1
13439, 17499, -1
6908, 3039, -1
14897, 652, -1
16656, 479, -1
12571, 12710, -1
19929, 1501, -1
13600, 7623, -1
9260, 8919, -1
5273, 16633, -1
18548, 16145, -1
8488, 12013, -1
7303, 13650, -1
6212, 9735, -1
15068, 10095, -1
19009, 976, -1
12841, 7039, -1
11824, 11993, -1
292, 8673, -1
10571, 10450, -1
3715, 4311, -1
10974, 12406, -1
17643, 7268, -1
4209, 10512, -1
1649, 8575, -1
6184, 1398, -1
14486, 4122, -1
16635, 1602, -1
1882, 9447, -1
2518, 4246, -1
8797, 11715, -1
19017, 6666, -1
7943, 3508, -1
18089, 11412, -1
15632, 12140, -1
3039, 4829, -1
4374, 13628, -1
13304, 587, -1
2031, 5950, -1
2321, 3912, -1
6200, 8089, -1
3675, 15594, -1
10994, 13195, -1
10291, 4815, -1
1219, 14183, -1
19839, 5157, -1
16824, 2831, -1
10043, 14370, -1
16582, 19879, -1
1038, 3573, -1
2452, 18734, -1
9754, 17166, -1
11335, 2614, -1
16853, 17549, -1
13972, 11937, -1
3088, 8913, -1
19674, 7037, -1
10186, 9929, -1
13625, 5702, -1
19302, 18935, -1
117, 18620, -1
15101, 16823, -1
4918, 19463, -1
12226, 3784, -1
18973, 8778, -1
6876, 7226, -1
19287, 2404, -1
74, 10683, -1
948, 6221, -1
7266, 16842, -1
16596, 15978, -1
19745, 5234, -1
5234, 6862, -1
16841, 16388, -1
5148, 13898, -1
13453, 7183, -1
6231, 9991, -1
9539, 5141, -1
8921, 1642, -1
11006, 5601, -1
1067, 19075, -1
17892, 15435, -1
4990, 18583, -1
13197, 10768, -1
16730, 10158, -1
3015, 13135, -1
18837, 9491, -1
4050, 2277, -1
9564, 2334, -1
16900, 12313, -1
19396, 8479, -1
14298, 16697, -1
5042, 6627, -1
6623, 11065, -1
2574, 1655, -1
16338, 3817, -1
15957, 3505, -1
14098, 16790, -1
14209, 751, -1
5777, 12769, -1
235, 11227, -1
822, 2874, -1
15181, 5808, -1
5869, 18689, -1
18025, 17244, -1
5589, 17253, -1
7092, 6019, -1
3501, 9771, -1
11222, 11988, -1
1735, 12754, -1
14820, 6021, -1
11205, 6458, -1
13291, 9163, -1
3614, 16079, -1
4305, 15641, -1
9268, 1945, -1
845, 2153, -1
5999, 2102, -1
7258, 6535, -1
2424, 10612, -1
17073, 6763, -1
2581, 6468, -1
17241, 4535, -1
1270, 12178, -1
1602, 7346, -1
5455, 9332, -1
1819, 1256, -1
10008, 4130, -1
16459, 3165, -1
13824, 19248, -1
9249, 15911, -1
19607, 482, -1
16365, 8983, -1
7539, 8194, -1
4142, 10542, -1
10164, 12984, -1
16213, 5014, -1
19049, 19331, -1
15143, 1502, -1
19916, 15081, -1
4063, 19648, -1
15450, 17322, -1
2271, 465, -1
11257, 18289, -1
13633, 6544, -1
8295, 5532, -1
4278, 13966, -1
3278, 17782, -1
522, 5591, -1
12893, 14293, -1
6663, 3635, -1
8455, 1427, -1
19505, 7569, -1
5967, 5195, -1
3794, 8670, -1
4543, 12304, -1
12504, 10465, -1
11598, 5704, -1
15868, 6126, -1
4244, 15890, -1
11121, 6503, -1
13104, 15258, -1
7573, 17361, -1
8539, 11262, -1
13065, 7993, -1
10543, 3969, -1
1438, 5676, -1
3320, 17791, -1
18579, 18395, -1
3440, 2642, -1
10692, 6444, -1
15667, 7167, -1
5856, 13422, -1
17366, 8900, -1
18982, 273, -1
18414, 2190, -1
6079, 8336, -1
12460, 5478, -1
10446, 1274, -1
11918, 11640, -1
10108, 2060, -1
12167, 13117, -1
13109, 15101, -1
19791, 6158, -1
3690, 7635, -1
17011, 9897, -1
6548, 15711, -1
9921, 6317, -1
8584, 2259, -1
5105, 17218, -1
14251, 14497, -1
17635, 7370, -1
9353, 3202, -1
8996, 17643, -1
16624, 11652, -1
6580, 11178, -1
3298, 12448, -1
4127, 4153, -1
15155, 769, -1
5869, 16744, -1
8189, 8324, -1
2855, 8127, -1
1143, 17893, -1
12216, 10762, -1
11641, 9941, -1
10893, 15562, -1
17471, 4575, -1
16942, 2611, -1
1105, 18958, -1
1283, 2045, -1
14785, 10118, -1
2462, 15241, -1
4608, 9097, -1
16007, 8559, -1
16447, 3434, -1
5016, 15306, -1
17047, 19763, -1
7741, 5131, -1
15922, 2687, -1
18161, 10622, -1
5249, 15805, -1
6957, 11859, -1
897, 16803, -1
3392, 9819, -1
6842, 11473, -1
7145, 117, -1
12375, 2842, -1
15463, 7191, -1
2509, 7177, -1
3875, 11749, -1
11482, 1404, -1
16520, 3244, -1
6594, 15251, -1
10528, 8579, -1
19006, 17463, -1
9926, 8137, -1
4253, 10593, -1
7580, 16171, -1
15549, 17018, -1
7464, 1111, -1
11000, 5239, -1
3628, 7618, -1
2934, 8897, -1
15628, 7174, -1
5954, 1120, -1
3340, 1534, -1
13244, 17528, -1
12807, 7481, -1
8889, 16703, -1
13258, 1266, -1
2106, 15598, -1
15211, 3544, -1
7293, 6457, -1
16461, 2882, -1
11222, 5220, -1
4217, 7763, -1
14277, 19429, -1
19192, 7322, -1
6531, 18609, -1
9658, 9702, -1
16272, 15240, -1
10920, 4486, -1
18018, 6248, -1
11528, 163, -1
5998, 3495, -1
3786, 18915, -1
4165, 19432, -1
12862, 6413, -1
374, 10529, -1
12157, 8248, -1
18121, 5983, -1
4000, 324, -1
19570, 1801, -1
9965, 4703, -1
15879, 6180, -1
14918, 9624, -1
8802, 10627, -1
15325, 10747, -1
13087, 10947, -1
14247, 9353, -1
2910, 10338, -1
14221, 8034, -1
14884, 10303, -1
19056, 10180, -1
7633, 17294, -1
335, 19557, -1
19666, 16067, -1
11893, 8796, -1
10095, 18988, -1
2091, 4614, -1
8963, 9853, -1
16576, 6348, -1
10607, 24, -1
19476, 8033, -1
2515, 5457, -1
11048, 17554, -1
10875, 8056, -1
9617, 2, -1
15209, 555, -1
10170, 19905, -1
16086, 7026, -1
11161, 8496, -1
5730, 16933, -1
10967, 12333, -1
12199, 1511, -1
4929, 12079, -1
17957, 15004, -1
13236, 3210, -1
7855, 9657, -1
1474, 19310, -1
9016, 12202, -1
2970, 5860, -1
14390, 10474, -1
732, 17097, -1
12236, 19521, -1
18844, 17101, -1
5303, 8441, -1
5087, 8562, -1
2588, 5341, -1
3209, 14386, -1
4425, 10923, -1
2143, 7603, -1
4224, 480, -1
1899, 10543, -1
9954, 15238, -1
2449, 629, -1
6891, 9210, -1
13123, 19438, -1
12885, 19623, -1
13547, 16083, -1
19963, 18390, -1
12298, 1494, -1
8316, 19974, -1
19540, 5592, -1
8708, 5331, -1
13869, 17605, -1
506, 18892, -1
4018, 4481, -1
13885, 11157, -1
16848, 14638, -1
6588, 5771, -1
3507, 15512, -1
10704, 6437, -1
8143, 11541, -1
11955, 17410, -1
3320, 18797, -1
1048, 16241, -1
7391, 15816, -1
11492, 252, -1
16419, 15492, -1
16845, 2707, -1
2666, 7169, -1
1436, 18657, -1
7387, 14889, -1
4773, 6790, -1
17976, 16908, -1
18206, 9455, -1
2247, 3174, -1
12069, 19887, -1
1389, 619, -1
13623, 7700, -1
11851, 6281, -1
14445, 1959, -1
12014, 2490, -1
4582, 19362, -1
9583, 16963, -1
4946, 12022, -1
15253, 11431, -1
16201, 12311, -1
14572, 6222, -1
12942, 6251, -1
11486, 4625, -1
13022, 11076, -1
4335, 6676, -1
12560, 16624, -1
10501, 8797, -1
15925, 2561, -1
17359, 13035, -1
4008, 4190, -1
6094, 18202, -1
17970, 4146, -1
7517, 2023, -1
17546, 12259, -1
14355, 16192, -1
2716, 12062, -1
11728, 8426, -1
16805, 12104, -1
8209, 10922, -1
3802, 12942, -1
4125, 2074, -1
18100, 5745, -1
18862, 13749, -1
3200, 6612, -1
6607, 7860, -1
19715, 4363, -1
2542, 144, -1
7730, 10348, -1
6622, 14885, -1
12483, 15642, -1
15589, 8068, -1
13642, 12490, -1
11168, 17768, -1
18933, 11009, -1
13067, 10834, -1
11463, 13079, -1
10650, 15036, -1
958, 7004, -1
11715, 12812, -1
18955, 18173, -1
11264, 8538, -1
12593, 4518, -1
7692, 17005, -1
3822, 3625, -1
12067, 15993, -1
1312, 17271, -1
6465, 18626, -1
11945, 516, -1
5768, 3823, -1
11604, 19840, -1
1001, 7046, -1
10896, 18421, -1
12942, 17969, -1
16570, 612, -1
13835, 13124, -1
8933, 7168, -1
63, 5495, -1
9061, 16616, -1
5133, 7759, -1
5709, 12619, -1
11410, 9575, -1
11501, 10952, -1
3311, 6221, -1
18282, 7736, -1
19630, 9111, -1
2732, 3567, -1
8317, 13566, -1
13019, 1885, -1
13215, 19473, -1
8701, 19629, -1
2700, 13342, -1
18725, 8398, -1
5635, 9744, -1
8196, 14377, -1
1958, 6899, -1
16316, 9301, -1
16257, 6180, -1
15644, 3983, -1
18697, 296, -1
1730, 12259, -1
14812, 5768, -1
8588, 1766, -1
12233, 10134, -1
10966, 1316, -1
8905, 4445, -1
7253, 3506, -1
12193, 15209, -1
13849, 3516, -1
17569, 13880, -1
6041, 13219, -1
5141, 15037, -1
10262, 15059, -1
5160, 2590, -1
17800, 4802, -1
2527, 7685, -1
13022, 3772, -1
10885, 6679, -1
15747, 18410, -1
15734, 14097, -1
17868, 13121, -1
19854, 19397, -1
4432, 5867, -1
12853, 11969, -1
17517, 18390, -1
12713, 12679, -1
13968, 27, -1
1763, 17005, -1
75, 11261, -1
13775, 4077, -1
19751, 10781, -1
8027, 6053, -1
18128, 2194, -1
17606, 11463, -1
15106, 19115, -1
416, 11349, -1
3236, 10844, -1
15512, 8404, -1
12533, 9160, -1
13298, 16453, -1
14394, 17416, -1
18363, 2757, -1
5188, 2445, -1
7640, 3362, -1
1575, 2586, -1
8123, 18208, -1
7667, 16345, -1
14286, 18746, -1
4976, 17585, -1
4773, 642, -1
9602, 16208, -1
13624, 14098, -1
8434, 15876, -1
2186, 1388, -1
10127, 5771, -1
5076, 4828, -1
3229, 2744, -1
17920, 9040, -1
9838, 2062, -1
1399, 6939, -1
124, 1230, -1
6554, 13717, -1
2196, 14210, -1
5088, 11368, -1
6838, 10760, -1
7212, 17652, -1
10443, 508, -1
13605, 14991, -1
16207, 16559, -1
2791, 1844, -1
12679, 5693, -1
7624, 5739, -1
6031, 2355, -1
2938, 4983, -1
18510, 945, -1
15966, 12191, -1
1614, 431, -1
18834, 12085, -1
8355, 19402, -1
17152, 650, -1
19066, 11732, -1
18915, 8972, -1
8424, 17408, -1
17181, 11953, -1
8172, 14033, -1
5796, 11175, -1
430, 11791, -1
13578, 12581, -1
13888, 2071, -1
10670, 17614, -1
3398, 8545, -1
2353, 14522, -1
16065, 9777, -1
1918, 13891, -1
14507, 6593, -1
12676, 6450, -1
2817, 4490, -1
2405, 5665, -1
17022, 16632, -1
11056, 16031, -1
15977, 14840, -1
168, 11540, -1
14912, 2875, -1
19369, 6144, -1
18864, 13583, -1
3615, 7535, -1
4743, 9008, -1
18599, 6954, -1
13827, 12991, -1
16713, 7403, -1
16004, 3707, -1
19672, 17310, -1
18046, 17684, -1
16965, 19333, -1
16930, 18808, -1
1781, 18974, -1
2676, 1896, -1
14364, 19267, -1
17618, 1923, -1
8085, 1928, -1
9050, 14549, -1
4677, 4487, -1
6677, 853, -1
13350, 11502, -1
9372, 7747, -1
11290, 14712, -1
11356, 16151, -1
5091, 13852, -1
19958, 8150, -1
11695, 7250, -1
10713, 17232, -1
8383, 18439, -1
16943, 15446, -1
12483, 1570, -1
13745, 6653, -1
19945, 1775, -1
9481, 10560, -1
14563, 13118, -1
7284, 13316, -1
3621, 18818, -1
8577, 7516, -1
8016, 5816, -1
18903, 8255, -1
6050, 17027, -1
999, 7680, -1
8622, 18432, -1
12746, 9650, -1
14824, 15042, -1
16028, 12336, -1
13147, 18793, -1
10513, 968, -1
17399, 6662, -1
17846, 978, -1
7446, 10586, -1
19553, 3204, -1
12509, 4615, -1
14104, 13448, -1
18662, 14539, -1
1123, 15964, -1
7253, 12439, -1
5404, 14176, -1
16961, 5609, -1
575, 12863, -1
4878, 12677, -1
19454, 19046, -1
4768, 11208, -1
8334, 3888, -1
19555, 18126, -1
16133, 9745, -1
16849, 15492, -1
2084, 8942, -1
13256, 18388, -1
18158, 11612, -1
10562, 14547, -1
13852, 5857, -1
19664, 1872, -1
10747, 5843, -1
3243, 12414, -1
16482, 12992, -1
12692, 16385, -1
6788, 3701, -1
1668, 15312, -1
16978, 4096, -1
2672, 442, -1
5684, 9782, -1
3318, 9561, -1
11550, 10720, -1
1592, 9880, -1
18322, 7544, -1
14979, 4162, -1
13838, 16978, -1
17915, 12194, -1
3400, 13416, -1
19025, 3654, -1
9912, 17392, -1
12904, 18622, -1
6864, 1085, -1
4019, 576, -1
1392, 5445, -1
5477, 19205, -1
1282, 15941, -1
996, 7352, -1
19064, 1175, -1
4484, 3981, -1
7232, 12271, -1
17140, 15601, -1
15656, 6966, -1
1617, 3746, -1
9297, 19098, -1
11735, 7959, -1
17117, 1255, -1
12288, 11832, -1
10423, 10484, -1
19448, 7128, -1
8334, 18098, -1
9303, 17372, -1
4891, 1522, -1
12185, 17038, -1
15003, 13124, -1
7064, 7241, -1
6125, 9650, -1
8111, 16319, -1
14591, 11970, -1
6559, 11146, -1
9497, 5785, -1
3205, 178, -1
5021, 369, -1
2326, 5431, -1
3238, 14351, -1
1881, 12478, -1
8120, 12913, -1
17826, 14781, -1
19253, 17497, -1
7976, 8831, -1
3544, 819, -1
7108, 13862, -1
14432, 19847, -1
8790, 7781, -1
19399, 10935, -1
9572, 19473, -1
8320, 9119, -1
12141, 14694, -1
16282, 17290, -1
6494, 11925, -1
3008, 1026, -1
12206, 16462, -1
1257, 8782, -1
18099, 285, -1
17149, 5151, -1
2022, 7212, -1
14831, 2807, -1
11732, 1010, -1
7549, 11847, -1
431, 13486, -1
4379, 5039, -1
19648, 578, -1
11713, 11581, -1
538, 4955, -1
17514, 1623, -1
8987, 14207, -1
1305, 19313, -1
10450, 13779, -1
9693, 7652, -1
7572, 9560, -1
11903, 5681, -1
698, 19712, -1
6106, 10394, -1
16960, 12060, -1
9861, 9110, -1
16130, 366, -1
3085, 272, -1
5886, 19873, -1
17300, 17556, -1
12044, 18088, -1
6722, 13789, -1
15626, 737, -1
6054, 7790, -1
12201, 6601, -1
6192, 3684, -1
17763, 12845, -1
4353, 5910, -1
4383, 4097, -1
2050, 7418, -1
8742, 749, -1
7631, 9533, -1
7225, 8507, -1
9315, 13102, -1
5574, 13532, -1
3312, 5421, -1
13648, 3272, -1
5562, 10570, -1
634, 13699, -1
18772, 588, -1
13607, 13862, -1
12246, 10618, -1
15015, 473, -1
12601, 7008, -1
736, 14690, -1
10848, 16634, -1
5382, 19224, -1
7536, 13300, -1
8142, 5853, -1
12661, 8033, -1
5554, 4679, -1
10310, 18893, -1
12209, 10878, -1
12627, 9697, -1
15583, 14365, -1
6805, 7867, -1
9807, 10773, -1
544, 5177, -1
12844, 5643, -1
9547, 170, -1
558, 11514, -1
15965, 17230, -1
12526, 9347, -1
15519, 19796, -1
12712, 3569, -1
16516, 15968, -1
17444, 15653, -1
1858, 13259, -1
513, 10891, -1
3228, 8970, -1
12447, 7677, -1
3164, 14991, -1
9009, 11550, -1
2124, 19490, -1
2907, 8420, -1
17240, 7890, -1
52, 17930, -1
19116, 11607, -1
6844, 5820, -1
11174, 10059, -1
6782, 475, -1
4045, 6275, -1
1522, 18832, -1
390, 14348, -1
15413, 13074, -1
3283, 10799, -1
16590, 10884, -1
6456, 2279, -1
14833, 19820, -1
18347, 14458, -1
10653, 9040, -1
8739, 1412, -1
13296, 6357, -1
15002, 12513, -1
9363, 3711, -1
3687, 5388, -1
19823, 7025, -1
192, 19856, -1
12226, 1607, -1
8623, 8429, -1
16664, 6319, -1
9754, 9129, -1
2709, 11843, -1
6693, 19022, -1
17645, 6190, -1
11088, 15589, -1
2301, 12232, -1
6130, 15560, -1
7532, 680, -1
19180, 8439, -1
17825, 806, -1
2220, 17121, -1
2585, 18106, -1
9810, 2941, -1
1148, 16677, -1
1744, 12159, -1
19645, 7691, -1
3984, 8540, -1
582, 13911, -1
13698, 11102, -1
10114, 6669, -1
8190, 14488, -1
1773, 17428, -1
897, 5833, -1
15771, 1575, -1
16832, 1902, -1
10915, 6008, -1
17737, 11871, -1
7720, 4393, -1
3945, 10295, -1
13718, 15777, -1
13646, 14308, -1
18767, 13435, -1
16128, 13856, -1
3749, 9377, -1
4011, 7018, -1
5845, 12720, -1
13091, 5815, -1
16694, 7664, -1
6016, 12996, -1
13269, 5370, -1
14205, 2628, -1
14583, 6585, -1
8939, 12472, -1
1810, 11217, -1
6615, 10245, -1
7272, 19921, -1
15838, 930, -1
8188, 18150, -1
2098, 12993, -1
8844, 17833, -1
14964, 11004, -1
18517, 15707, -1
17067, 2695, -1
11285, 11321, -1
18845, 3532, -1
3172, 9441, -1
1405, 3456, -1
10141, 39, -1
15284, 409, -1
4790, 12341, -1
16921, 9518, -1
15460, 14791, -1
5752, 8163, -1
16698, 17803, -1
7380, 11398, -1
6763, 5097, -1
18026, 11577, -1
11124, 17910, -1
15453, 1056, -1
955, 13659, -1
15717, 2647, -1
4269, 16663, -1
6690, 10564, -1
5055, 19217, -1
9114, 12792, -1
16209, 1088, -1
9285, 16442, -1
2127, 10409, -1
1371, 7890, -1
11474, 7432, -1
18387, 1386, -1
14473, 17696, -1
17178, 16415, -1
12425, 9154, -1
10905, 4780, -1
5562, 13473, -1
2639, 3984, -1
380, 18887, -1
19700, 8674, -1
15476, 8455, -1
16358, 12793, -1
4120, 1048, -1
13994, 11156, -1
11921, 12140, -1
17841, 14281, -1
4083, 4911, -1
16831, 4135, -1
18258, 11334, -1
4644, 15978, -1
17344, 9277, -1
9061, 4006, -1
7195, 1786, -1
5220, 2332, -1
17186, 5445, -1
8036, 3272, -1
1522, 8867, -1
3272, 13648, -1
3272, 8036, -1

