18727, 274, 9295, 3
2283, 12226, 6369, 3
17629, 16213, 13111, 3
2571, 13506, 18867, 3
18277, 19116, 2553, 3
18501, 5443, 13666, 3
4876, 10188, 967, 3
6984, 13422, 16540, 3
12962, 10429, 10433, 3
15070, 10878, 17482, 3
17250, 12308, 4607, 3
2047, 13057, 14480, 3
3045, 13017, 16626, 3
19539, 568, 1687, 3
13447, 17576, 16365, 3
12919, 8891, 10571, 3
12827, 10047, 7304, 3
16283, 1771, 13570, 3
18075, 12872, 1050, 3
17433, 6146, 12007, 3
16321, 4115, 8300, 3
10010, 4191, 2668, 3
12128, 12329, 4785, 3
6843, 7963, 4568, 3
14956, 10779, 13966, 3
15218, 17964, 5406, 3
2876, 11830, 7268, 3
9484, 9707, 2845, 3
1502, 1135, 11971, 3
6521, 13567, 1320, 3
18376, 4109, 5285, 3
7340, 8832, 1613, 3
8283, 16056, 2450, 3
19090, 4533, 6376, 3
10167, 1047, 19769, 3
6725, 9826, 8061, 3
827, 6002, 15650, 3
18569, 79, 2274, 3
17637, 3209, 17324, 3
2293, 14092, 17907, 3
19278, 16689, 11831, 3
798, 16851, 12801, 3
9183, 3824, 6906, 3
9834, 11531, 9490, 3
7011, 3409, 2103, 3
9151, 13515, 1317, 3
6553, 2253, 6560, 3
1676, 337, 3942, 3
17534, 11371, 16477, 3
14822, 10376, 287, 3
17114, 860, 17383, 3
11140, 13028, 16858, 3
5966, 8615, 16478, 3
17048, 3096, 13710, 3
13238, 13991, 11530, 3
15636, 571, 1474, 3
9321, 3970, 7779, 3
11672, 6633, 3513, 3
15461, 13869, 14031, 3
11709, 9617, 17417, 3
14103, 14653, 19468, 3
9986, 3650, 12367, 3
6996, 18748, 14861, 3
8612, 12071, 5477, 3
2085, 19210, 13543, 3
19850, 17075, 5553, 3
7716, 17308, 6588, 3
6087, 5037, 13577, 3
16376, 16054, 11842, 3
18134, 7832, 7746, 3
6460, 17661, 13242, 3
5752, 18016, 4822, 3
8043, 15993, 15238, 3
11640, 19661, 4761, 3
15610, 17818, 18625, 3
15109, 11447, 562, 3
4313, 10119, 4765, 3
2468, 14432, 13474, 3
13425, 17774, 13415, 3
18455, 16089, 10198, 3
2684, 7637, 13752, 3
4825, 16771, 12933, 3
5000, 11302, 14383, 3
4012, 12844, 17600, 3
11769, 19395, 18880, 3
14060, 19076, 418, 3
16985, 14562, 5326, 3
10901, 9839, 5768, 3
11766, 16564, 12240, 3
10109, 14743, 8101, 3
2586, 17086, 8334, 3
6727, 3972, 293, 3
10434, 7086, 9484, 3
14484, 4966, 13407, 3
353, 4089, 741, 3
4515, 12212, 4073, 3
1024, 15777, 46, 3
3759, 3809, 9354, 3
875, 18295, 65, 3
3030, 12209, 16076, 3
9885, 4592, 12352, 3
16343, 19274, 18293, 3
208, 2697, 9449, 3
12499, 7829, 2954, 3
11991, 9068, 19549, 3
1503, 18862, 3114, 3
6629, 18184, 11568, 3
1870, 1299, 1211, 3
8815, 18997, 12347, 3
14927, 1426, 8532, 3
17217, 19449, 16121, 3
3066, 7971, 9284, 3
6598, 4067, 15155, 3
8777, 19016, 15102, 3
18930, 7826, 4289, 3
16566, 15130, 9021, 3
5327, 10696, 1407, 3
11691, 13141, 7072, 3
566, 2002, 15418, 3
11789, 11327, 9995, 3
7570, 8422, 5476, 3
5235, 3242, 19850, 3
13115, 12326, 17931, 3
5780, 15758, 12235, 3
17772, 12865, 12645, 3
9317, 17335, 13613, 3
10099, 7127, 8174, 3
19705, 6505, 3917, 3
9516, 11031, 16053, 3
10352, 15897, 12822, 3
4024, 12204, 6480, 3
8898, 18115, 19609, 3
398, 3410, 17050, 3
12566, 13921, 8277, 3
12216, 19438, 4265, 3
10620, 13132, 3822, 3
17142, 3431, 17325, 3
18274, 12043, 14965, 3
6501, 19134, 11933, 3
3547, 12734, 1716, 3
19334, 11765, 16676, 3
12227, 4301, 13994, 3
17413, 13041, 595, 3
12928, 5717, 283, 3
1085, 8674, 14669, 3
8945, 12857, 18916, 3
8659, 19815, 7646, 3
19814, 5314, 11952, 3
4468, 16364, 7996, 3
3695, 2169, 12461, 3
6525, 16186, 5697, 3
9525, 16697, 6343, 3
12572, 1335, 19102, 3
5674, 13166, 6885, 3
19733, 16108, 573, 3
1047, 8957, 19594, 3
4144, 19592, 407, 3
16827, 4578, 4202, 3
5166, 5826, 7370, 3
9854, 3466, 14142, 3
18116, 9432, 4979, 3
8807, 12160, 12038, 3
1363, 3219, 423, 3
14497, 6275, 6395, 3
10709, 6535, 8491, 3
874, 2518, 16774, 3
8408, 10165, 19637, 3
2073, 14591, 8294, 3
4197, 7428, 3969, 3
10069, 3321, 4418, 3
12736, 1058, 1203, 3
13239, 8420, 19868, 3
18582, 8690, 322, 3
9828, 9583, 4475, 3
14189, 7769, 3939, 3
12655, 8060, 9536, 3
10, 9679, 4893, 3
6554, 16473, 11660, 3
7860, 17252, 9864, 3
2210, 17713, 12228, 3
10897, 5563, 15330, 3
6480, 286, 9857, 3
4543, 11099, 8385, 3
3686, 1769, 13613, 3
10426, 1981, 17926, 3
876, 11548, 4220, 3
13041, 10209, 9244, 3
14249, 3135, 6961, 3
744, 5568, 2887, 3
4353, 13573, 9642, 3
5881, 14629, 12652, 3
14704, 14512, 5473, 3
18518, 1535, 14505, 3
11814, 19754, 12287, 3
1121, 1709, 11872, 3
12011, 16118, 11867, 3
16802, 10881, 6334, 3
16439, 931, 1662, 3
11461, 3807, 9181, 3
18992, 12141, 15759, 3
3879, 3695, 1636, 3
13739, 19399, 9407, 3
3239, 895, 1294, 3
7111, 18444, 1138, 3
17221, 6230, 4944, 3
14954, 8539, 10862, 3
10932, 9430, 10184, 3
12145, 15542, 18421, 3
2239, 3650, 13688, 3
11814, 12193, 1304, 3
4893, 14170, 6725, 3
7379, 18848, 14580, 3
1693, 6320, 5606, 3
15309, 10594, 1763, 3
1840, 6870, 5524, 3
1213, 15263, 10084, 3
1380, 12972, 9541, 3
11712, 13294, 6062, 3
19212, 5094, 16894, 3
17493, 620, 2434, 3
17780, 1638, 12455, 3
7841, 14668, 2365, 3
8662, 18647, 12760, 3
8290, 5956, 9719, 3
8224, 3254, 4957, 3
14001, 19252, 2760, 3
8904, 10692, 11659, 3
19561, 725, 19476, 3
13495, 14626, 1621, 3
8407, 1662, 19289, 3
16498, 11427, 3410, 3
11941, 15662, 5833, 3
7956, 7983, 13532, 3
4143, 7274, 10282, 3
1022, 4576, 8091, 3
5677, 9689, 3875, 3
62, 18160, 1324, 3
12213, 9941, 5674, 3
16873, 16328, 19519, 3
18370, 11422, 5311, 3
11047, 18154, 12149, 3
13527, 11417, 9335, 3
5027, 10493, 16182, 3
15832, 8717, 12843, 3
9753, 11330, 13537, 3
9317, 7067, 12740, 3
3037, 4374, 3631, 3
13790, 17028, 3987, 3
4956, 8692, 10134, 3
969, 13586, 9462, 3
15237, 10045, 9807, 3
5321, 17448, 8215, 3
9847, 5607, 10590, 3
1718, 15471, 9005, 3
4018, 19399, 16917, 3
720, 3655, 3780, 3
2961, 417, 6060, 3
13391, 6038, 8926, 3
8583, 7649, 13498, 3
1203, 5109, 4643, 3
6382, 10737, 6128, 3
13824, 19416, 9543, 3
7212, 18193, 16583, 3
17832, 15901, 19390, 3
6300, 8951, 3175, 3
5288, 14246, 12695, 3
1636, 17770, 7854, 3
18585, 1959, 13533, 3
19263, 8627, 3866, 3
11874, 4107, 14857, 3
218, 17359, 13940, 3
12768, 4917, 13626, 3
8775, 15759, 18930, 3
10786, 7387, 2259, 3
6826, 16796, 14924, 3
949, 713, 12044, 3
15503, 3284, 8616, 3
18259, 1255, 9799, 3
5959, 11040, 17397, 3
17776, 16021, 2128, 3
14576, 9729, 15443, 3
6888, 3967, 12470, 3
5615, 12734, 5667, 3
19489, 1979, 2356, 3
6498, 9120, 8268, 3
10951, 82, 17634, 3
4038, 3699, 7209, 3
6782, 3799, 2913, 3
13371, 4856, 6083, 3
663, 5534, 11644, 3
5929, 10795, 1619, 3
6987, 9708, 15879, 3
10846, 5252, 1108, 3
5588, 2731, 14909, 3
12702, 5567, 14175, 3
15719, 17001, 3693, 3
1553, 17642, 18222, 3
9347, 4246, 7091, 3
3907, 17904, 18486, 3
2247, 6118, 1979, 3
15602, 12774, 2765, 3
13386, 3332, 7605, 3
1969, 9469, 3639, 3
18397, 19932, 3419, 3
1734, 3221, 1560, 3
12230, 17611, 15799, 3
12857, 3794, 9506, 3
7402, 13790, 6039, 3
12439, 2518, 17439, 3
4128, 16258, 16575, 3
2164, 19411, 9915, 3
4342, 16895, 5908, 3
6269, 10217, 11878, 3
1557, 6380, 11054, 3
8880, 13094, 9340, 3
6640, 4251, 2643, 3
10535, 1925, 11759, 3
8928, 545, 12028, 3
623, 13674, 19377, 3
7361, 14440, 419, 3
13279, 11060, 6832, 3
19036, 4986, 16896, 3
10700, 6452, 7773, 3
17434, 17948, 16291, 3
5502, 5848, 5098, 3
16885, 18453, 8265, 3
963, 12905, 6819, 3
5021, 7344, 13942, 3
2856, 8414, 19502, 3
12500, 15242, 12497, 3
4121, 909, 2247, 3
7220, 9274, 19540, 3
19953, 5441, 2448, 3
929, 4851, 18233, 3
3810, 7157, 18643, 3
4507, 12113, 11225, 3
695, 4551, 3310, 3
14513, 15249, 17267, 3
4997, 3323, 15355, 3
3533, 8589, 1916, 3
6218, 3372, 9921, 3
9612, 1726, 1331, 3
7930, 8801, 10847, 3
16902, 12229, 888, 3
19201, 3953, 13155, 3
5128, 11395, 11871, 3
7209, 9767, 19382, 3
19176, 9850, 8827, 3
5368, 7920, 13976, 3
14446, 16352, 4659, 3
6716, 3645, 3758, 3
18164, 1964, 12536, 3
13727, 17814, 9711, 3
17848, 8770, 15720, 3
16211, 18377, 18728, 3
18387, 18511, 2549, 3
288, 17937, 11692, 3
10408, 5098, 392, 3
18334, 5578, 16109, 3
5146, 13042, 1364, 3
16093, 7590, 14420, 3
322, 19230, 18984, 3
4558, 13934, 15175, 3
2260, 12411, 14521, 3
15236, 7127, 9871, 3
18285, 9659, 2504, 3
18856, 1392, 14627, 3
17727, 19435, 9912, 3
6779, 18236, 11936, 3
15177, 2088, 12530, 3
1327, 687, 13008, 3
4022, 19872, 5612, 3
18703, 9961, 18156, 3
13211, 9141, 19107, 3
4487, 7788, 4012, 3
3659, 15288, 695, 3
2447, 14718, 13471, 3
13713, 14786, 5248, 3
6080, 8441, 16575, 3
19222, 17384, 5481, 3
4773, 15937, 9772, 3
14114, 17108, 5037, 3
1060, 18938, 8734, 3
17582, 431, 18924, 3
15081, 19361, 19466, 3
14562, 18523, 15755, 3
8494, 12529, 11075, 3
16592, 3971, 7480, 3
18137, 4584, 14572, 3
2628, 12299, 5053, 3
2754, 9821, 2648, 3
4237, 14879, 3094, 3
7223, 11077, 1418, 3
1812, 19175, 17336, 3
13840, 7399, 2333, 3
17959, 4403, 10739, 3
8822, 19692, 12056, 3
9972, 17825, 10177, 3
4836, 18856, 1976, 3
15884, 2821, 15811, 3
5284, 11616, 18239, 3
1897, 10780, 18816, 3
16032, 701, 7792, 3
7572, 9052, 1709, 3
10444, 17886, 17007, 3
12672, 17747, 17435, 3
18325, 12248, 14887, 3
6701, 19893, 14471, 3
11339, 4576, 3184, 3
7032, 19822, 10755, 3
8958, 4885, 17632, 3
19594, 10438, 14555, 3
2466, 18171, 19611, 3
18511, 5391, 8938, 3
1295, 4570, 8862, 3
19583, 8667, 554, 3
13748, 12520, 689, 3
11964, 1078, 11379, 3
2217, 9040, 15638, 3
2592, 18910, 12664, 3
18681, 18717, 9140, 3
13726, 3280, 15896, 3
19659, 3664, 3670, 3
2235, 10158, 10447, 3
7767, 13517, 18145, 3
12945, 18944, 2873, 3
10173, 14012, 19235, 3
399, 2150, 14279, 3
19581, 5643, 10517, 3
10165, 5050, 5230, 3
11418, 17816, 6859, 3
8116, 8332, 8024, 3
11291, 14993, 8331, 3
9422, 19021, 4465, 3
16151, 17351, 15533, 3
13872, 2358, 1954, 3
11686, 1839, 8284, 3
14770, 3089, 9717, 3
14985, 11564, 13812, 3
12178, 9768, 18020, 3
6004, 5235, 13781, 3
16184, 19944, 15046, 3
19198, 465, 10630, 3
15220, 3713, 2496, 3
19799, 13174, 4661, 3
5566, 1202, 9250, 3
4467, 19422, 16302, 3
2577, 10037, 17203, 3
16767, 17670, 7109, 3
487, 17053, 17788, 3
3040, 9511, 10568, 3
10748, 2961, 16825, 3
18725, 10363, 3517, 3
8598, 12335, 11467, 3
3277, 17743, 14850, 3
11170, 7663, 10360, 3
14821, 3487, 2698, 3
7755, 12156, 17491, 3
17847, 17105, 16149, 3
276, 9011, 16071, 3
5630, 11372, 1895, 3
5227, 5001, 12355, 3
6729, 6339, 11449, 3
5250, 12538, 16627, 3
13362, 11064, 10284, 3
4554, 19286, 4778, 3
12297, 6404, 17557, 3
11216, 8889, 4559, 3
15779, 3813, 19795, 3
17926, 12417, 7728, 3
5285, 13568, 6589, 3
2715, 8351, 16810, 3
530, 4896, 4415, 3
16462, 4678, 17423, 3
7145, 9760, 2171, 3
2171, 15643, 8926, 3
4096, 5005, 6833, 3
16065, 18521, 12609, 3
7187, 17872, 11789, 3
13902, 18298, 1438, 3
12094, 6558, 2087, 3
17775, 9034, 5416, 3
11151, 5303, 18903, 3
19210, 12805, 14733, 3
2140, 9018, 12406, 3
19630, 9632, 11925, 3
11684, 4700, 14755, 3
4924, 17943, 16325, 3
4860, 7714, 9987, 3
550, 3145, 17938, 3
19007, 1089, 3807, 3
16340, 15393, 15331, 3
17932, 8987, 10054, 3
8790, 2389, 14479, 3
12630, 9447, 10530, 3
7196, 3086, 4801, 3
9447, 13680, 19213, 3
9883, 18772, 13412, 3
347, 7768, 10912, 3
5821, 19556, 4416, 3
4942, 11190, 16353, 3
19201, 2630, 9488, 3
7251, 3237, 19058, 3
14742, 11033, 18100, 3
19029, 9423, 13845, 3
18579, 397, 12076, 3
9504, 4693, 4946, 3
2533, 14944, 1409, 3
15948, 7087, 13031, 3
866, 12058, 11394, 3
5997, 19890, 9493, 3
15320, 16169, 2299, 3
5651, 4647, 17060, 3
15371, 7191, 3509, 3
6454, 19394, 2116, 3
15259, 17186, 623, 3
13693, 2521, 8918, 3
3072, 3739, 5036, 3
17516, 18338, 16829, 3
1511, 15928, 9084, 3
15928, 1501, 15830, 3
9014, 7100, 14188, 3
12179, 19460, 2486, 3
6280, 2557, 11969, 3
11783, 9842, 12304, 3
11445, 5912, 19944, 3
6150, 5975, 12340, 3
2450, 544, 4707, 3
12767, 5244, 14703, 3
16459, 4785, 14040, 3
1130, 14823, 10727, 3
6028, 6610, 6341, 3
17622, 6586, 14634, 3
463, 9693, 13937, 3
19765, 18194, 1480, 3
9371, 14328, 13670, 3
19033, 19031, 14462, 3
17129, 15064, 3316, 3
20, 14504, 15192, 3
2485, 2124, 10449, 3
6437, 1085, 4424, 3
3336, 9158, 1460, 3
4194, 4796, 8090, 3
5821, 3500, 14096, 3
1339, 6242, 18093, 3
17320, 19385, 15279, 3
10415, 6761, 18455, 3
17560, 5970, 8007, 3
16430, 19293, 9223, 3
917, 15974, 14800, 3
18621, 15604, 9422, 3
101, 13678, 15158, 3
17005, 16261, 14867, 3
19242, 10450, 15987, 3
19977, 9257, 3721, 3
322, 11013, 6177, 3
2175, 1881, 3451, 3
10720, 2099, 3131, 3
11423, 19396, 13822, 3
4567, 6022, 7862, 3
5635, 409, 9742, 3
1391, 11250, 8809, 3
9799, 6757, 17388, 3
6173, 2455, 5243, 3
1651, 9904, 14051, 3
12119, 13649, 3758, 3
11568, 719, 6863, 3
7689, 1027, 12177, 3
3403, 8821, 980, 3
7365, 7207, 5574, 3
6441, 1894, 3272, 3
11546, 6258, 6059, 3
11414, 6443, 14751, 3
16748, 704, 14786, 3
1389, 2322, 287, 3
19674, 16755, 17557, 3
8631, 14379, 1657, 3
5453, 4128, 918, 3
17935, 2561, 7715, 3
2676, 19933, 13695, 3
18829, 12001, 3949, 3
10869, 11638, 9513, 3
6165, 3834, 18447, 3
13654, 17986, 3087, 3
13619, 11804, 12522, 3
16587, 15397, 12224, 3
15782, 7850, 10894, 3
15905, 2437, 11955, 3
15895, 4719, 13108, 3
18107, 3335, 7929, 3
6254, 4998, 5180, 3
10837, 13516, 6242, 3
15710, 10239, 1910, 3
7767, 12673, 15631, 3
8357, 7508, 18335, 3
6913, 11579, 10220, 3
4092, 14769, 2539, 3
10259, 13340, 19484, 3
18425, 19137, 6938, 3
499, 4988, 2911, 3
19876, 19926, 8577, 3
15357, 11051, 19542, 3
4680, 8589, 9817, 3
4587, 8469, 8230, 3
14413, 2660, 2558, 3
6482, 13306, 2505, 3
17641, 19426, 14236, 3
16230, 802, 15203, 3
13053, 9887, 7834, 3
10570, 6929, 7590, 3
8189, 143, 15852, 3
15759, 18106, 19183, 3
15318, 3934, 16370, 3
2585, 4145, 18658, 3
1087, 10892, 16906, 3
18050, 11670, 17981, 3
7809, 11725, 10064, 3
19937, 4835, 12702, 3
8406, 12125, 18965, 3
6661, 13668, 8673, 3
3009, 3289, 16571, 3
11059, 3712, 18916, 3
5657, 17118, 8458, 3
14605, 5298, 14850, 3
6076, 7574, 19879, 3
10115, 13260, 8046, 3
13680, 12061, 16358, 3
13916, 17637, 1848, 3
6339, 11721, 6497, 3
17871, 8548, 9928, 3
10631, 7111, 11125, 3
18588, 9300, 19384, 3
12648, 13625, 16192, 3
14039, 16753, 17830, 3
16465, 11519, 13431, 3
8207, 12186, 17494, 3
3408, 14257, 11669, 3
16014, 13302, 16227, 3
9360, 13702, 3885, 3
13527, 17596, 15634, 3
7463, 16332, 5245, 3
19542, 5921, 17976, 3
6098, 7898, 1732, 3
14613, 1382, 16362, 3
3875, 17707, 16751, 3
6660, 19266, 1176, 3
1478, 19045, 18164, 3
15189, 8101, 17023, 3
19062, 14025, 9228, 3
4093, 13484, 1356, 3
15701, 14783, 17255, 3
17172, 16589, 17060, 3
15208, 13076, 6108, 3
13302, 1327, 6955, 3
8980, 12917, 14247, 3
9954, 18867, 183, 3
7511, 14648, 10223, 3
15924, 910, 14632, 3
18761, 18544, 1013, 3
7918, 205, 17889, 3
13575, 17761, 10653, 3
4983, 16379, 12882, 3
7744, 4096, 18281, 3
16337, 12045, 14218, 3
12748, 17486, 15420, 3
4378, 19356, 1047, 3
7409, 8812, 19921, 3
12678, 17736, 13161, 3
3356, 8829, 3793, 3
6563, 13486, 3199, 3
6359, 13087, 10368, 3
19721, 15878, 8587, 3
4222, 12261, 18800, 3
6925, 16689, 3193, 3
15349, 9760, 923, 3
17093, 6399, 15328, 3
13786, 13865, 16320, 3
1696, 14621, 11599, 3
5484, 19773, 4623, 3
285, 5264, 7576, 3
12575, 6525, 892, 3
9655, 2433, 19406, 3
4866, 13697, 10794, 3
10333, 15056, 12542, 3
9031, 14696, 3738, 3
3229, 9603, 15483, 3
6972, 17067, 1353, 3
19856, 14251, 7939, 3
4599, 13358, 5612, 3
5123, 12911, 1045, 3
9330, 9910, 3974, 3
17927, 7824, 19294, 3
15137, 2186, 1161, 3
785, 11905, 12705, 3
13121, 5529, 4828, 3
15828, 13278, 12238, 3
14126, 16512, 10574, 3
11156, 1989, 480, 3
17998, 1421, 2004, 3
5036, 3925, 351, 3
15038, 18454, 5542, 3
16643, 3609, 7866, 3
3938, 19451, 2781, 3
1117, 6688, 18855, 3
713, 10785, 2661, 3
10947, 11885, 8423, 3
7364, 12903, 11458, 3
14325, 19023, 14082, 3
2333, 17746, 18386, 3
16664, 17757, 14521, 3
6315, 17138, 2318, 3
16081, 13275, 13063, 3
3193, 11351, 12286, 3
12416, 1476, 5479, 3
2429, 12734, 11635, 3
15581, 5376, 12148, 3
11063, 16540, 8208, 3
10814, 9571, 9665, 3
14379, 6562, 7023, 3
14559, 15935, 1033, 3
17573, 15945, 10162, 3
3239, 18088, 15756, 3
5901, 4667, 2258, 3
10047, 8628, 825, 3
2549, 12260, 8369, 3
9640, 11184, 5366, 3
2928, 14122, 19138, 3
10485, 906, 17744, 3
5432, 17535, 16699, 3
12806, 10845, 16224, 3
3993, 16405, 18631, 3
6348, 2033, 14477, 3
975, 8737, 3649, 3
10620, 3204, 7623, 3
576, 1704, 15238, 3
18333, 13116, 7075, 3
19835, 6443, 7960, 3
19098, 16238, 16288, 3
10396, 4326, 12598, 3
6671, 10276, 16464, 3
1578, 2097, 11730, 3
13419, 7938, 2815, 3
17711, 7685, 18092, 3
15147, 238, 8209, 3
8052, 5398, 18960, 3
4243, 12706, 1392, 3
14120, 1597, 19073, 3
17263, 15661, 5086, 3
13764, 12732, 19580, 3
15445, 18325, 16485, 3
13658, 11262, 7753, 3
10729, 9408, 3050, 3
780, 5428, 9066, 3
1222, 16167, 2444, 3
14312, 331, 15478, 3
5208, 10257, 10635, 3
19316, 19571, 10054, 3
4064, 3557, 13372, 3
10244, 2703, 162, 3
10779, 15734, 11282, 3
13611, 10212, 18951, 3
627, 9245, 16837, 3
2113, 15151, 13918, 3
15710, 11103, 13226, 3
7086, 3347, 18554, 3
2353, 12833, 10717, 3
3793, 9729, 18527, 3
16416, 14687, 9775, 3
15626, 19785, 15179, 3
11115, 6933, 15602, 3
7119, 13070, 8633, 3
7309, 3110, 16156, 3
13592, 19329, 6265, 3
9607, 2273, 10529, 3
5580, 2189, 11423, 3
1475, 7906, 4252, 3
7668, 15817, 9464, 3
15393, 15984, 10425, 3
17931, 15749, 11642, 3
8232, 7135, 6213, 3
18823, 158, 13375, 3
5692, 13661, 17556, 3
7223, 10065, 1208, 3
2706, 13234, 2102, 3
4934, 10984, 18607, 3
11760, 18321, 15942, 3
9741, 16489, 9481, 3
3545, 292, 3261, 3
619, 2454, 11149, 3
2277, 18285, 13241, 3
16738, 19353, 15419, 3
14054, 5698, 9360, 3
2286, 7349, 1241, 3
2188, 11858, 1039, 3
19347, 5078, 15038, 3
351, 18593, 7455, 3
11363, 17009, 8012, 3
7837, 92, 5177, 3
6501, 17690, 10984, 3
12282, 10770, 1245, 3
16950, 9821, 14854, 3
19260, 11190, 10369, 3
11356, 14212, 4793, 3
18692, 11032, 3438, 3
6209, 14326, 2368, 3
8915, 9216, 19559, 3
4358, 5243, 14218, 3
10846, 6011, 853, 3
16092, 190, 16195, 3
7750, 7771, 10691, 3
13623, 7688, 5275, 3
2172, 1340, 6646, 3
7631, 13956, 16964, 3
8855, 17219, 11362, 3
5102, 15172, 7248, 3
17352, 8718, 14672, 3
9958, 17898, 11047, 3
11901, 743, 9566, 3
1429, 16949, 5840, 3
15104, 18268, 4489, 3
14611, 13606, 684, 3
7810, 13216, 9909, 3
17805, 770, 18082, 3
16777, 4213, 709, 3
5884, 17097, 14869, 3
4883, 1656, 6838, 3
7983, 19480, 19478, 3
9975, 17600, 16257, 3
3919, 2492, 5859, 3
5754, 2244, 16969, 3
19925, 14773, 19756, 3
11134, 6924, 15756, 3
12518, 8493, 7976, 3
16217, 3282, 15535, 3
6151, 7125, 19548, 3
16662, 17534, 1329, 3
15430, 8311, 13735, 3
9706, 2335, 9625, 3
4958, 10339, 15300, 3
3076, 777, 3949, 3
14736, 9292, 8141, 3
16358, 9193, 3180, 3
17057, 4417, 14776, 3
15884, 14721, 11624, 3
5466, 10252, 1653, 3
12434, 12440, 8521, 3
2990, 12019, 2258, 3
11970, 14914, 9962, 3
17330, 2402, 515, 3
16565, 17688, 8922, 3
9624, 10633, 8855, 3
1568, 17164, 6114, 3
110, 10329, 7301, 3
2870, 6547, 15234, 3
12418, 14238, 2052, 3
13601, 17026, 15434, 3
4620, 15605, 19296, 3
6711, 17558, 637, 3
17823, 18418, 5862, 3
3294, 7552, 8350, 3
6467, 605, 8194, 3
17854, 7249, 11620, 3
19206, 3126, 13989, 3
10242, 6881, 6952, 3
15442, 3778, 3873, 3
14604, 19597, 3424, 3
13277, 2202, 6745, 3
675, 7836, 14565, 3
13384, 15722, 1825, 3
10016, 2523, 16795, 3
3552, 7130, 18172, 3
772, 5345, 6319, 3
18343, 7212, 10211, 3
5498, 1062, 16549, 3
17151, 17600, 18258, 3
18274, 2075, 3689, 3
9937, 7821, 9002, 3
13620, 6118, 3847, 3
13901, 760, 4491, 3
17166, 1819, 19913, 3
14564, 8222, 2980, 3
7231, 9355, 15521, 3
18432, 6433, 14308, 3
11313, 7230, 8926, 3
14660, 9330, 15904, 3
3078, 5772, 18492, 3
18993, 18948, 11497, 3
8309, 18590, 7586, 3
17850, 10963, 1464, 3
7720, 17802, 171, 3
4694, 11305, 9675, 3
1546, 16960, 2926, 3
15614, 9796, 6734, 3
19252, 10765, 4496, 3
8046, 10665, 6409, 3
5908, 15667, 18406, 3
19845, 3654, 4486, 3
5003, 18676, 2131, 3
14965, 17846, 12134, 3
2705, 16597, 11398, 3
10266, 19654, 9105, 3
188, 15, 16367, 3
17237, 9354, 6456, 3
739, 13706, 8724, 3
18754, 11472, 18716, 3
10017, 10602, 8268, 3
15028, 16080, 8576, 3
3279, 1179, 4775, 3
4091, 6461, 4862, 3
19049, 2746, 14588, 3
18751, 15494, 11883, 3
18908, 11976, 14014, 3
3449, 13136, 15686, 3
15829, 3540, 18319, 3
4439, 7053, 5461, 3
17655, 19761, 12319, 3
10314, 15997, 1900, 3
142, 4569, 5004, 3
17436, 13762, 1074, 3
9914, 4016, 9581, 3
8812, 1561, 16298, 3
7144, 14764, 2198, 3
17267, 2314, 13627, 3
16784, 9954, 8733, 3
6690, 16366, 608, 3
13248, 10581, 10733, 3
6174, 15011, 13494, 3
10004, 12887, 9444, 3
19388, 11574, 13134, 3
4397, 9257, 16298, 3
3571, 10297, 9322, 3
10330, 5199, 5615, 3
16986, 8442, 801, 3
509, 6844, 16114, 3
5610, 10380, 6495, 3
11531, 6030, 17960, 3
5197, 664, 3456, 3
5245, 4435, 7516, 3
19864, 1338, 2505, 3
17615, 13359, 7664, 3
2396, 4315, 4455, 3
2027, 7857, 5711, 3
577, 1686, 10773, 3
134, 4049, 5713, 3
75, 278, 13629, 3
2569, 5499, 7736, 3
15166, 17274, 10712, 3
7441, 18212, 7879, 3
663, 8300, 16575, 3
14996, 1710, 19174, 3
2525, 655, 4072, 3
15173, 13338, 19474, 3
246, 1275, 8893, 3
6063, 11777, 18303, 3
14344, 13963, 19964, 3
17034, 15013, 14844, 3
19277, 19807, 6217, 3
7580, 12120, 12743, 3
5740, 13490, 2589, 3
967, 1560, 17153, 3
4318, 16173, 9082, 3
8386, 15616, 6753, 3
1702, 16076, 6232, 3
2021, 14832, 18464, 3
7311, 3645, 6690, 3
7630, 10913, 16711, 3
1094, 10439, 127, 3
4456, 1942, 11680, 3
17635, 7548, 2122, 3
5201, 6138, 15159, 3
15946, 6495, 15423, 3
3936, 19405, 4072, 3
15385, 8716, 6987, 3
10172, 6509, 12555, 3
3907, 4753, 1693, 3
19692, 15246, 15271, 3
10987, 10086, 11782, 3
9682, 18302, 7602, 3
2890, 13569, 2193, 3
19318, 3090, 9723, 3
1467, 12755, 12872, 3
14639, 7124, 6912, 3
7448, 3937, 9391, 3
2738, 18966, 12782, 3
3664, 19092, 12398, 3
7662, 2546, 9186, 3
689, 970, 17459, 3
3968, 10329, 7038, 3
15663, 17411, 14617, 3
10987, 6866, 14593, 3
9148, 1306, 19132, 3
12092, 5723, 112, 3
10941, 12124, 2849, 3
4509, 15244, 994, 3
9107, 4138, 4204, 3
14273, 648, 172, 3
10971, 7030, 9717, 3
14973, 19792, 18621, 3
11025, 18363, 19766, 3
14265, 587, 7217, 3

