18443, 3584, 1
1771, 11422, 1
5907, 4806, -1
484, 1214, -1
939, 11353, -1
8544, 19149, -1
10548, 12820, -1
19903, 16409, -1
18688, 2934, -1
6227, 5237, -1
9273, 5618, -1
9939, 16386, -1
16523, 3928, -1
15435, 11824, -1
6727, 19686, -1
6254, 16566, -1
358, 426, -1
13176, 7472, -1
2711, 13811, -1
4299, 12812, -1
3721, 4798, -1
844, 5840, -1
8632, 3224, -1
7873, 6505, -1
19684, 12747, -1
6564, 11023, -1
3235, 14881, -1
8886, 16570, -1
5532, 2390, -1
5273, 18639, -1
2401, 6463, -1
4156, 817, -1
3577, 17735, -1
16073, 7554, -1
18837, 4178, -1
7064, 14967, -1
18797, 10199, -1
3990, 3454, -1
10903, 18121, -1
12745, 6728, -1
11483, 5762, -1
12008, 10329, -1
2231, 587, -1
15880, 14266, -1
1765, 12665, -1
5337, 13342, -1
7240, 12830, -1
7154, 10873, -1
16301, 3264, -1
17491, 17978, -1
635, 5045, -1
7727, 18765, -1
17736, 13675, -1
10492, 5021, -1
11945, 16453, -1
9648, 4315, -1
15491, 4726, -1
18914, 5375, -1
13309, 1784, -1
10632, 2393, -1
377, 16158, -1
1946, 5949, -1
4709, 8762, -1
12736, 18387, -1
7873, 4190, -1
8501, 7556, -1
6308, 9088, -1
12590, 13662, -1
994, 14100, -1
13471, 19763, -1
18334, 15313, -1
14089, 13801, -1
12565, 14026, -1
11803, 15139, -1
16075, 14701, -1
4558, 16367, -1
8965, 13053, -1
14363, 4547, -1
12484, 5444, -1
17193, 7678, -1
14488, 4133, -1
5263, 6433, -1
2878, 4038, -1
8365, 18916, -1
501, 8873, -1
17609, 15722, -1
10781, 1198, -1
9340, 8848, -1
5622, 12784, -1
4759, 8109, -1
7146, 13493, -1
4702, 9721, -1
10082, 7854, -1
9390, 17362, -1
5533, 10619, -1
16144, 859, -1
16421, 8204, -1
8572, 5362, -1
14997, 16166, -1
8711, 1726, -1

