1335, 13723, 19774, 3
5656, 16068, 13569, 3
8154, 16311, 12925, 3
8517, 10215, 10663, 3
18136, 12553, 9104, 3
15388, 5943, 587, 3
2594, 2354, 10572, 3
14764, 7412, 12218, 3
567, 13199, 18082, 3
5066, 15531, 4011, 3
18080, 9066, 14026, 3
6190, 13726, 3956, 3
16764, 9468, 3406, 3
11786, 3974, 16246, 3
6279, 16853, 18167, 3
8965, 36, 14386, 3
4712, 11576, 15855, 3
19204, 13703, 18163, 3
16183, 19960, 18834, 3
2020, 16615, 15663, 3
3541, 6647, 5755, 3
13903, 13190, 8130, 3
12432, 934, 16366, 3
15480, 8228, 13456, 3
15943, 4351, 4271, 3
19621, 2811, 784, 3
6148, 14739, 15836, 3
5606, 11112, 19912, 3
10884, 6482, 12049, 3
17493, 10421, 14451, 3
4390, 1048, 9607, 3
14580, 19720, 16030, 3
19872, 13515, 10039, 3
1548, 1280, 2582, 3
10371, 9663, 16874, 3
2846, 3938, 14463, 3
18319, 16012, 3525, 3
6886, 3067, 13336, 3
3511, 256, 10927, 3
18690, 19251, 8730, 3
6702, 12107, 11844, 3
9112, 217, 16121, 3
10647, 15313, 8486, 3
6150, 10212, 13213, 3
12733, 7593, 18331, 3
18011, 9430, 1819, 3
17496, 7637, 1839, 3
14410, 2567, 876, 3
13490, 13017, 10633, 3
221, 12099, 19231, 3
5825, 18318, 2439, 3
7353, 12196, 2690, 3
17096, 629, 18947, 3
17226, 16871, 17543, 3
19442, 8556, 5825, 3
2478, 6061, 13994, 3
17171, 6481, 18030, 3
16955, 17158, 10910, 3
14463, 14745, 13998, 3
3953, 15631, 3684, 3
119, 2739, 14752, 3
9325, 11890, 8099, 3
9465, 8348, 10283, 3
2806, 4840, 12330, 3
6400, 11071, 13188, 3
12358, 7598, 5334, 3
9116, 1497, 2328, 3
16261, 2572, 8100, 3
395, 7267, 15520, 3
10168, 7133, 3773, 3
5674, 12094, 17547, 3
17787, 19024, 9621, 3
18476, 19888, 12010, 3
1630, 18407, 17988, 3
9059, 12390, 12786, 3
9633, 2151, 2393, 3
9216, 1265, 1113, 3
6939, 13926, 8370, 3
14831, 17669, 6358, 3
9878, 17638, 7339, 3
19741, 1807, 2229, 3
9526, 16797, 17191, 3
5996, 4645, 13174, 3
8447, 8268, 10909, 3
2766, 19579, 7474, 3
4087, 7803, 9665, 3
13301, 11393, 17997, 3
16036, 14634, 2687, 3
6649, 4202, 17783, 3
16828, 8381, 10890, 3
12855, 7664, 12544, 3
17061, 5093, 12830, 3
17278, 9512, 19526, 3
7732, 6829, 19004, 3
16340, 16634, 13258, 3
17329, 6721, 18495, 3
7844, 15842, 18883, 3
17045, 8347, 3550, 3
14519, 16108, 2737, 3
3940, 17765, 9502, 3
9059, 18824, 18373, 3
8552, 13858, 6602, 3
9313, 13107, 12037, 3
18930, 1785, 7255, 3
1716, 14039, 496, 3
9771, 4260, 7651, 3
8889, 7761, 9364, 3
15383, 286, 10576, 3
18316, 4739, 13520, 3
16951, 2530, 19139, 3
10838, 12681, 734, 3
19303, 8653, 11264, 3
2461, 17005, 7920, 3
13864, 18299, 785, 3
18525, 16392, 9612, 3
1157, 8943, 2019, 3
16635, 2940, 16701, 3
13463, 18566, 12399, 3
7183, 16220, 6202, 3
6952, 11883, 11367, 3
5162, 16832, 14722, 3
10069, 12659, 5097, 3
15430, 10794, 6141, 3
18636, 18912, 10325, 3
7017, 12223, 17469, 3
8666, 13839, 11450, 3
2928, 10615, 943, 3
782, 14670, 14139, 3
11422, 13172, 12602, 3
6030, 14659, 4056, 3
5014, 7308, 13708, 3
11439, 6017, 16902, 3
11345, 12910, 5807, 3
16268, 11798, 11462, 3
16002, 1737, 2460, 3
19324, 18237, 6747, 3
13150, 11896, 5200, 3
17903, 4877, 11455, 3
10308, 11311, 13862, 3
6028, 12815, 12238, 3
12917, 9561, 12575, 3
12668, 2060, 3343, 3
14547, 13703, 8520, 3
15397, 19759, 16898, 3
4208, 6456, 14571, 3
2423, 7552, 1924, 3
6048, 2364, 14737, 3
9775, 2613, 7721, 3
17972, 9901, 15544, 3
16659, 360, 2449, 3
6119, 10653, 4681, 3
5689, 428, 14374, 3
17812, 2889, 10789, 3
11329, 5929, 17926, 3
12423, 10073, 19462, 3
6777, 19473, 13869, 3
622, 3991, 5430, 3
3883, 15929, 3726, 3
13692, 9756, 3865, 3
16572, 1801, 3118, 3
2073, 2603, 2899, 3
10893, 18164, 13196, 3
14792, 7411, 17627, 3
4886, 15417, 6007, 3
19308, 9627, 4656, 3
12174, 6152, 5272, 3
7359, 6595, 9997, 3
16861, 11626, 2046, 3
14371, 11228, 15566, 3
6309, 14178, 15076, 3
6841, 11137, 8408, 3
5142, 8020, 17697, 3
5366, 4667, 13029, 3
2608, 1432, 16989, 3
6119, 16548, 13541, 3
4765, 253, 2135, 3
13913, 6593, 15797, 3
12170, 18548, 11900, 3
3493, 868, 17904, 3
17148, 14927, 1643, 3
17587, 19911, 5196, 3
2142, 7170, 4680, 3
12615, 14114, 14004, 3
3632, 17010, 9934, 3
13167, 15695, 9893, 3
10760, 10646, 9209, 3
6138, 10224, 10215, 3
15337, 11995, 19219, 3
2793, 19913, 11813, 3
8445, 8183, 1513, 3
5148, 2228, 4260, 3
400, 3662, 18340, 3
2144, 11339, 17104, 3
16559, 12204, 8892, 3
13355, 8024, 6122, 3
2559, 5179, 7117, 3
10, 2520, 6512, 3
19311, 15585, 9342, 3
14710, 8180, 19090, 3
8365, 8717, 4303, 3
15472, 11106, 16651, 3
4427, 16475, 3788, 3
2065, 8990, 10616, 3
18396, 17093, 12388, 3
15191, 13633, 18678, 3
4360, 16612, 7160, 3
9067, 12327, 7787, 3
15266, 6252, 16172, 3
6740, 9392, 6743, 3
1577, 15433, 1322, 3
9270, 19670, 5220, 3
5189, 18327, 16252, 3
988, 9448, 2418, 3
14187, 9824, 1960, 3
13774, 6000, 3887, 3
19622, 19265, 1774, 3
16724, 8989, 17860, 3
16301, 16780, 5519, 3
10460, 13091, 18250, 3
7527, 10142, 11600, 3
3566, 5185, 7785, 3
4291, 18460, 19866, 3
7984, 10891, 228, 3
19939, 15839, 2978, 3
10813, 7328, 11355, 3
6547, 7491, 1722, 3
13255, 13961, 12083, 3
18989, 12690, 14163, 3
15890, 15960, 278, 3
513, 7123, 285, 3
13710, 15262, 4986, 3
13994, 16331, 11977, 3
10481, 9212, 864, 3
13353, 4171, 3274, 3
960, 9787, 11157, 3
2095, 3076, 11904, 3
16857, 16774, 11979, 3
14153, 19591, 5781, 3
8959, 17623, 5942, 3
16693, 293, 1956, 3
5554, 19389, 4168, 3
5899, 1426, 2884, 3
4591, 5127, 5842, 3
2359, 13239, 3349, 3
17897, 15604, 11648, 3
9130, 13736, 1765, 3
1945, 16987, 13672, 3
17372, 6901, 8865, 3
8104, 16971, 12117, 3
43, 7544, 5699, 3
2922, 11764, 7168, 3
4285, 7113, 1214, 3
9141, 15158, 5070, 3
3168, 16757, 8835, 3
7961, 7610, 4558, 3
8193, 17738, 15685, 3
15780, 15989, 13633, 3
11094, 11066, 12683, 3
10375, 17587, 3207, 3
49, 5513, 9140, 3
13059, 633, 8873, 3
12961, 16221, 7510, 3
8243, 8139, 8848, 3
7230, 3566, 1297, 3
10052, 994, 15741, 3
8815, 3083, 13384, 3
3760, 13801, 5143, 3
8290, 10244, 637, 3
2171, 6600, 6877, 3
15607, 11794, 10689, 3
4762, 5434, 9912, 3
17409, 15849, 3192, 3
15350, 10239, 17657, 3
3837, 269, 17580, 3
17389, 3137, 3530, 3
10537, 13238, 5774, 3
12536, 8703, 10117, 3
3643, 17799, 13230, 3
15320, 8603, 15115, 3
3632, 4142, 10221, 3
19942, 16650, 7966, 3
16779, 3212, 11054, 3
10829, 3973, 9845, 3
7919, 1823, 2966, 3
8849, 7112, 9351, 3
10875, 11936, 2537, 3
1528, 9492, 19148, 3
19944, 2240, 12598, 3
10148, 86, 15388, 3
10107, 17521, 17726, 3
19884, 5965, 14539, 3
15050, 2498, 688, 3
3845, 343, 10108, 3
14320, 4303, 5052, 3
18209, 5231, 19937, 3
11242, 18790, 17136, 3
6842, 2282, 7790, 3
1904, 16750, 8276, 3
15254, 6133, 10071, 3
15350, 9617, 19390, 3
5730, 11379, 1332, 3
4224, 14132, 19283, 3
2365, 3972, 10643, 3
4299, 17328, 8212, 3
5961, 13217, 13942, 3
9968, 18176, 18320, 3
2124, 8065, 14972, 3
4528, 19941, 7632, 3
3475, 18578, 18269, 3
16192, 7328, 19500, 3
5184, 8896, 14107, 3
5542, 10444, 15507, 3
9517, 10764, 19487, 3
6317, 16173, 10941, 3
15769, 15143, 19462, 3
13066, 13075, 11291, 3
9193, 1399, 1494, 3
8724, 17224, 5781, 3
9423, 13001, 12136, 3
16078, 18599, 9677, 3
8015, 14720, 17743, 3
3643, 8592, 9470, 3
12848, 7936, 9658, 3
12628, 16882, 6655, 3
9676, 2097, 19097, 3
7352, 12267, 10791, 3
15823, 2774, 15069, 3
2603, 7121, 14506, 3
19524, 181, 9019, 3
2089, 4231, 1450, 3
19283, 1968, 13672, 3
1807, 15337, 13211, 3
10371, 9294, 15136, 3
12823, 3148, 8511, 3
14670, 13611, 18610, 3
19839, 1891, 7270, 3
4427, 7087, 3516, 3
11040, 15606, 15831, 3
14550, 8939, 7031, 3
16728, 10683, 9010, 3
6720, 10460, 131, 3
9556, 15849, 16212, 3
2030, 946, 6776, 3
19031, 8075, 14141, 3
5090, 9425, 15169, 3
11839, 12615, 1939, 3
5625, 9062, 2029, 3
151, 16904, 8539, 3
5385, 6740, 630, 3
12860, 8698, 3763, 3
15093, 16907, 11884, 3
19211, 11997, 17431, 3
16346, 17572, 13958, 3
19711, 14539, 471, 3
1175, 16561, 19500, 3
3999, 1289, 19214, 3
19541, 19072, 12744, 3
11792, 8418, 7361, 3
7528, 14007, 69, 3
2367, 13275, 13951, 3
14651, 1010, 8746, 3
17485, 3261, 8990, 3
6029, 9422, 12693, 3
19362, 2076, 957, 3
602, 17659, 11755, 3
12835, 15420, 14358, 3
1900, 13875, 15496, 3
12291, 4813, 18195, 3
6623, 5998, 5780, 3
1796, 16259, 9833, 3
2047, 15583, 15566, 3
4162, 16046, 19471, 3
13755, 1926, 17986, 3
10877, 7060, 15901, 3
780, 5777, 16715, 3
4188, 5138, 16081, 3
1643, 18490, 4701, 3
13248, 3689, 15534, 3
17517, 7604, 8224, 3
5929, 8366, 1201, 3
12414, 15874, 7027, 3
8121, 6508, 18589, 3
18260, 10901, 18752, 3
18146, 14971, 18052, 3
9345, 11646, 2223, 3
15743, 12128, 16644, 3
1677, 3500, 4028, 3
1166, 16991, 17292, 3
15687, 1647, 17325, 3
9558, 14171, 12602, 3
19128, 1692, 2069, 3
13505, 15252, 8432, 3
9488, 10770, 5908, 3
7623, 2280, 11067, 3
17497, 2525, 11663, 3
15111, 3291, 16010, 3
4400, 2870, 13682, 3
7060, 6159, 19849, 3
10648, 12279, 5846, 3
10095, 11911, 4976, 3
9679, 9841, 3557, 3
2673, 16944, 18236, 3
18491, 9432, 4422, 3
11472, 14979, 2701, 3
12628, 7713, 15423, 3
11548, 8422, 3702, 3
8980, 11738, 10152, 3
18240, 18724, 14371, 3
9733, 19473, 14938, 3
13755, 2066, 14193, 3
1788, 6839, 18682, 3
1484, 12685, 17202, 3
3438, 6027, 17158, 3
1197, 10457, 17442, 3
5761, 9117, 6207, 3
602, 18997, 10933, 3
2286, 7200, 5717, 3
4877, 9462, 5792, 3
11818, 16978, 10809, 3
15201, 4023, 7395, 3
8755, 522, 14574, 3
13806, 12381, 19627, 3
16520, 1024, 18548, 3
19743, 15291, 7959, 3
6417, 14904, 13052, 3
1329, 3545, 5326, 3
2084, 4235, 18412, 3
8000, 16024, 8452, 3
10188, 17599, 13789, 3
7722, 6146, 6571, 3
3123, 1207, 15270, 3
4350, 17521, 5165, 3
4040, 15654, 9039, 3
10371, 17059, 12366, 3
16645, 15040, 14869, 3
14435, 10824, 17540, 3
18116, 7349, 17191, 3
12711, 2162, 367, 3
18303, 6672, 1374, 3
3906, 16475, 4159, 3
3715, 9103, 18112, 3
5294, 9981, 10396, 3
13456, 15458, 8730, 3
12588, 4136, 3613, 3
298, 7564, 4143, 3
7480, 18481, 17952, 3
683, 73, 2779, 3
11390, 9188, 12180, 3
10671, 14136, 1420, 3
2624, 10057, 6499, 3
7057, 1161, 2359, 3
1215, 12079, 3988, 3
19394, 12615, 7030, 3
11765, 10107, 4348, 3
14083, 724, 13847, 3
16310, 7773, 15942, 3
7643, 9626, 4793, 3
17587, 5688, 19176, 3
6803, 10722, 9860, 3
4143, 12672, 16414, 3
3594, 4503, 17326, 3
8327, 19863, 10089, 3
19280, 1583, 9072, 3
17177, 2612, 4832, 3
14239, 15711, 7304, 3
9092, 19516, 6019, 3
10421, 2942, 19198, 3
6875, 11483, 1032, 3
18461, 16421, 15840, 3
17324, 1080, 9148, 3
1120, 3127, 13287, 3
18493, 13645, 7073, 3
11120, 10097, 4007, 3
2533, 9096, 1178, 3
1568, 3938, 9710, 3
8760, 648, 5003, 3
8186, 13395, 9427, 3
6129, 7840, 10549, 3
2342, 6911, 341, 3
4639, 3883, 3649, 3
10338, 547, 17588, 3
19142, 11417, 6685, 3
2748, 1263, 15322, 3
428, 19203, 19964, 3
11808, 11378, 4937, 3
6426, 9808, 18293, 3
12768, 3596, 7341, 3
3026, 5387, 7910, 3
17783, 776, 14660, 3
5718, 7129, 1799, 3
7850, 9167, 10366, 3
4878, 643, 14937, 3
14371, 408, 11219, 3
579, 7548, 16384, 3
16084, 16420, 15634, 3
4113, 10988, 1061, 3
17078, 761, 18583, 3
19215, 10756, 10741, 3
2445, 9480, 13016, 3
8745, 16340, 11703, 3
1421, 1185, 1
564, 1115, 1
1129, 1092, 1
496, 211, 1
47, 1229, 1
201, 416, 1
194, 583, 1
701, 210, 1
90, 1363, 1
136, 745, 1
187, 1178, 1
335, 1026, 1
383, 70, 1
1204, 616, 1
968, 1350, 1
117, 303, -1
576, 65, -1
1281, 957, -1
1307, 524, -1
1178, 1265, -1
348, 1055, -1
791, 1212, -1
1047, 755, -1
604, 173, -1
1117, 723, -1
1169, 259, -1
1152, 934, -1
1041, 881, -1
1160, 251, -1
1050, 1424, -1
994, 897, -1
1228, 1285, -1
1270, 977, -1
1011, 1312, -1
75, 48, -1
573, 245, -1
1313, 447, -1
112, 429, -1
597, 910, -1
1004, 483, -1
744, 1162, -1
624, 67, -1
1086, 807, -1
709, 1004, -1
29, 209, -1
654, 964, -1
798, 1362, -1
870, 5, -1
796, 973, -1
613, 764, -1
275, 111, -1
579, 42, -1
767, 1351, -1
117, 1308, -1
1329, 373, -1
1262, 1408, -1
1171, 313, -1
243, 849, -1
118, 28, -1
121, 1116, -1
631, 776, -1
393, 1274, -1
1335, 729, -1
21, 709, -1
1139, 328, -1
850, 991, -1
1334, 434, -1
1344, 1082, -1
1390, 992, -1
223, 305, -1
1368, 1400, -1
152, 1033, -1
882, 335, -1
1346, 1048, -1
1349, 775, -1
827, 513, -1
1290, 1216, -1
95, 79, -1
1217, 433, -1
432, 547, -1
678, 136, -1
1155, 622, -1
619, 1214, -1
1154, 794, -1
859, 1012, -1
499, 1077, -1
373, 408, -1
1186, 938, -1
988, 718, -1
1, 360, -1
911, 1240, -1
1227, 1201, -1
23, 186, -1
408, 595, -1
1350, 701, -1
1396, 168, -1
1174, 1430, -1
581, 1215, -1
509, 724, -1
1386, 1046, -1
1067, 835, -1
390, 565, -1
165, 751, -1
922, 617, -1
730, 1264, -1
1142, 536, -1
848, 834, -1
980, 1263, -1
143, 1335, -1
1211, 617, -1
1051, 516, -1
739, 712, -1
870, 842, -1
886, 1128, -1
188, 726, -1
731, 1049, -1
299, 238, -1
32, 706, -1
590, 160, -1
191, 349, -1
1165, 1390, -1
410, 1181, -1
581, 1426, -1
469, 923, -1
1396, 1398, -1
1024, 1030, -1
1218, 719, -1
967, 1004, -1
811, 863, -1
657, 1309, -1
1075, 344, -1
30, 1302, -1
1221, 747, -1
882, 854, -1
566, 1288, -1
590, 785, -1
748, 1316, -1
257, 618, -1
1381, 153, -1
1085, 447, -1
909, 38, -1
1128, 1400, -1
1053, 367, -1
78, 1159, -1
230, 969, -1
1013, 148, -1
389, 778, -1
1058, 391, -1
431, 494, -1
1299, 516, -1
1184, 1200, -1
401, 1002, -1
60, 367, -1
92, 65, -1
1373, 883, -1
514, 1027, -1
1161, 1121, -1
482, 1047, -1
494, 276, -1
1356, 3, -1
1149, 640, -1
1026, 953, -1
720, 369, -1
254, 594, -1
312, 1200, -1
1062, 254, -1
1408, 1022, -1
1322, 1044, -1
600, 424, -1
117, 1375, -1
1393, 573, -1
663, 496, -1
1090, 55, -1
967, 875, -1
943, 1306, -1
459, 316, -1
1033, 1377, -1
1143, 539, -1
537, 112, -1
484, 876, -1
635, 874, -1
576, 283, -1
85, 14, -1
1409, 81, -1
1219, 1091, -1
410, 603, -1
747, 842, -1
1349, 765, -1
1129, 1341, -1
1241, 481, -1
813, 997, -1
701, 1300, -1
212, 697, -1
1104, 942, -1
1140, 1375, -1
880, 988, -1
157, 736, -1
1050, 929, -1
402, 673, -1
182, 66, -1
235, 965, -1
120, 335, -1
1312, 60, -1
944, 426, -1
1018, 298, -1
389, 215, -1
296, 502, -1
1072, 976, -1
260, 69, -1
40, 413, -1
208, 392, -1
234, 1296, -1
89, 826, -1
652, 180, -1
696, 1348, -1
1035, 368, -1
1, 1366, -1
1112, 543, -1
1147, 418, -1
1138, 1174, -1
1135, 126, -1
383, 1053, -1
129, 437, -1
892, 965, -1
533, 1171, -1
583, 1284, -1
954, 681, -1
1168, 53, -1
535, 1272, -1
606, 552, -1
1278, 1239, -1
437, 537, -1
1289, 163, -1
713, 655, -1
180, 813, -1
1305, 591, -1
1072, 758, -1
1101, 936, -1
1346, 1077, -1
1008, 929, -1
1169, 365, -1
1256, 1050, -1
713, 1382, -1
977, 28, -1
1130, 225, -1
199, 928, -1
644, 1300, -1
1421, 808, -1
188, 633, -1
384, 872, -1
982, 764, -1
661, 495, -1
766, 838, -1
1248, 404, -1
978, 602, -1
1059, 1418, -1
820, 1025, -1
945, 591, -1
602, 973, -1
7, 842, -1
1433, 1044, -1
1262, 1084, -1
1378, 560, -1
1247, 366, -1
13, 1108, -1
1020, 1130, -1
583, 334, -1
66, 150, -1
101, 121, -1
505, 288, -1
1035, 221, -1
92, 230, -1
775, 1395, -1
1423, 744, -1
739, 1145, -1
1342, 1361, -1
891, 916, -1
1367, 581, -1
1207, 1293, -1
1187, 1237, -1
280, 105, -1
647, 1410, -1
114, 78, -1
746, 1380, -1
699, 342, -1
659, 490, -1
801, 1072, -1
284, 1078, -1
498, 11, -1
857, 751, -1
297, 142, -1
1071, 231, -1
506, 485, -1
1330, 289, -1
1167, 817, -1
151, 634, -1
1434, 682, -1
554, 1212, -1
391, 1025, -1
1084, 1356, -1
1318, 938, -1
68, 224, -1
693, 1191, -1
155, 161, -1
589, 961, -1
763, 89, -1
97, 397, -1
843, 403, -1
192, 1367, -1
962, 192, -1
965, 474, -1
122, 70, -1
445, 931, -1
597, 87, -1
851, 1195, -1
1313, 158, -1
1024, 1369, -1
1122, 385, -1
290, 1116, -1
557, 534, -1
729, 376, -1
734, 1048, -1
466, 533, -1
1431, 943, -1
1, 1266, -1
161, 136, -1
975, 1287, -1
170, 209, -1
538, 1425, -1
683, 864, -1
111, 1156, -1
1100, 1107, -1
1278, 1055, -1
959, 371, -1
1430, 433, -1
443, 634, -1
1351, 1406, -1
930, 73, -1
1098, 179, -1
947, 258, -1
1200, 672, -1
655, 851, -1
376, 929, -1
1228, 185, -1
44, 740, -1
1292, 148, -1
184, 1149, -1
1161, 1173, -1
1236, 993, -1
211, 1178, -1
1107, 766, -1
1077, 28, -1
353, 275, -1
15, 1375, -1
258, 1288, -1
550, 1418, -1
862, 1086, -1
1095, 150, -1
593, 691, -1
1344, 357, -1
865, 636, -1
1209, 1020, -1
1175, 620, -1
198, 855, -1
577, 974, -1
1209, 593, -1
453, 1054, -1
237, 1075, -1
904, 1342, -1
155, 997, -1
323, 882, -1
972, 1161, -1
1158, 146, -1
96, 845, -1
1114, 1328, -1
804, 933, -1
711, 751, -1
1126, 1002, -1
910, 1205, -1
409, 818, -1
87, 510, -1
27, 302, -1
497, 478, -1
486, 1408, -1
1403, 342, -1
1315, 815, -1
51, 1226, -1
709, 776, -1
1337, 968, -1
19, 1228, -1
1126, 186, -1
962, 661, -1
461, 1278, -1
996, 377, -1
942, 1343, -1
662, 327, -1
1159, 772, -1
398, 1172, -1
17, 1194, -1
56, 1043, -1
1049, 1084, -1
671, 874, -1
568, 1210, -1
271, 954, -1
1247, 1184, -1
1402, 971, -1
129, 1405, -1
904, 328, -1
1392, 349, -1
1356, 461, -1
887, 1264, -1
27, 5, -1
231, 428, -1
804, 764, -1
1313, 458, -1
273, 926, -1
316, 36, -1
414, 75, -1
140, 1229, -1
1071, 1190, -1
105, 539, -1
1302, 379, -1
775, 327, -1
285, 264, -1
1242, 1104, -1
981, 754, -1
461, 747, -1
862, 442, -1
337, 194, -1
1264, 1093, -1
1056, 1416, -1
1067, 737, -1
328, 1331, -1
213, 343, -1
1162, 503, -1
66, 290, -1
291, 1222, -1
76, 792, -1
277, 953, -1
901, 801, -1
324, 1106, -1
951, 76, -1
311, 1098, -1
1222, 468, -1
1275, 1216, -1
807, 1161, -1
919, 948, -1
1001, 469, -1
633, 137, -1
502, 465, -1
1356, 967, -1
218, 543, -1
48, 96, -1
512, 565, -1
179, 281, -1
629, 600, -1
524, 1331, -1
1334, 1019, -1
727, 1406, -1
337, 1176, -1
997, 964, -1
395, 313, -1
1391, 597, -1
1126, 7, -1
956, 518, -1
389, 403, -1
67, 112, -1
762, 496, -1
43, 824, -1
1111, 142, -1
653, 459, -1
939, 367, -1
465, 515, -1
4, 999, -1
647, 450, -1
611, 634, -1
1280, 984, -1
310, 1199, -1
350, 341, -1
1160, 711, -1
725, 697, -1
1399, 1182, -1
304, 1237, -1
413, 105, -1
521, 1114, -1
1090, 964, -1
36, 508, -1
751, 87, -1
899, 1390, -1
1077, 1017, -1
1213, 345, -1
33, 1363, -1
404, 257, -1
1186, 727, -1
1206, 628, -1
156, 177, -1
1018, 609, -1
107, 962, -1
111, 721, -1
878, 132, -1
1092, 1341, -1
120, 1026, -1
194, 334, -1
808, 1185, -1
496, 1178, -1
968, 701, -1
210, 1300, -1
33, 90, -1
762, 211, -1
161, 745, -1
1053, 70, -1
211, 663, -1
337, 583, -1
211, 187, -1
882, 1026, -1
1337, 1350, -1
122, 383, -1
194, 1284, -1
140, 47, -1
1265, 187, -1
210, 1350, -1
953, 335, -1
745, 678, -1
968, 1337, -1
496, 663, -1
496, 187, -1
808, 1421, -1
1300, 701, -1
701, 1350, -1
953, 1026, -1
496, 762, -1
1178, 211, -1
136, 161, -1
136, 678, -1
1265, 1178, -1
968, 210, -1
1053, 383, -1
1284, 583, -1
334, 583, -1
187, 211, -1

