1031, 1253, 1
18082, 11329, 1
13190, 3733, -1
1168, 13743, -1
10706, 2326, -1
4532, 2863, -1
14632, 15076, -1
1739, 18750, -1
5552, 18683, -1
15689, 16506, -1
18350, 35, -1
19087, 18583, -1
12207, 18641, -1
13515, 11259, -1
16791, 2662, -1
11214, 4384, -1
1497, 11424, -1
8727, 17080, -1
261, 12556, -1
17153, 16311, -1
7763, 7879, -1
14492, 6018, -1
12437, 8823, -1
19904, 1040, -1
10451, 19456, -1
13381, 7774, -1
3237, 7732, -1
6098, 18388, -1
3334, 2299, -1
15742, 7583, -1
14236, 1593, -1
2356, 807, -1
12057, 3429, -1
15335, 12868, -1
1896, 14599, -1
17506, 16435, -1
300, 9577, -1
3129, 16037, -1
6503, 14177, -1
5469, 13860, -1
4725, 16903, -1
6859, 12580, -1
16957, 14902, -1
18463, 18074, -1
6618, 2165, -1
19650, 1545, -1
16120, 773, -1
12216, 18297, -1
7985, 17521, -1
8329, 18139, -1
17475, 13068, -1
6706, 18883, -1
11123, 9674, -1
17021, 18482, -1
13783, 16009, -1
18503, 15999, -1
12180, 19308, -1
4313, 15447, -1
13641, 8427, -1
16025, 19432, -1
17397, 16110, -1
10461, 647, -1
2204, 10352, -1
10476, 14196, -1
7979, 13103, -1
15526, 18717, -1
6404, 11606, -1
13055, 11875, -1
2649, 16892, -1
8449, 9849, -1
19482, 11232, -1
16888, 10479, -1
2785, 3696, -1
10338, 14237, -1
1048, 16579, -1
19807, 17115, -1
17344, 3202, -1
11991, 3661, -1
6983, 19161, -1
5529, 7260, -1
11946, 239, -1
32, 17911, -1
16186, 12264, -1
5664, 12729, -1
17659, 2602, -1
17631, 1044, -1
12051, 4682, -1
15041, 16521, -1
14795, 2958, -1
2684, 3819, -1
10305, 11358, -1
2748, 3698, -1
5331, 1281, -1
7413, 13383, -1
2644, 11736, -1
9839, 4296, -1
11494, 12836, -1
5555, 14512, -1
2746, 4011, -1
4736, 16542, -1

