8458, 11588, 1
16904, 7157, 1
5106, 17596, 1
4358, 19785, 1
2911, 5510, 1
13207, 14471, -1
8053, 2290, -1
7324, 15374, -1
8099, 8994, -1
17379, 4534, -1
7174, 18073, -1
19271, 18277, -1
9245, 2768, -1
5405, 16653, -1
1154, 5917, -1
8805, 5094, -1
7645, 9685, -1
11935, 6513, -1
16066, 6309, -1
5214, 7247, -1
11981, 1051, -1
4346, 4960, -1
6354, 10643, -1
16470, 16727, -1
8722, 870, -1
7666, 5463, -1
6729, 5223, -1
8189, 3990, -1
18337, 15004, -1
7121, 10426, -1
3454, 3718, -1
9832, 5946, -1
3711, 5010, -1
18955, 17886, -1
4933, 710, -1
17464, 18905, -1
16196, 15500, -1
1033, 17135, -1
6848, 11712, -1
8786, 14312, -1
6015, 3401, -1
19690, 1872, -1
10357, 3776, -1
1191, 5384, -1
15924, 1335, -1
11633, 963, -1
14639, 6093, -1
15961, 9448, -1
16308, 7811, -1
10081, 11359, -1
3155, 15096, -1
9857, 2093, -1
7617, 17906, -1
18658, 19025, -1
8315, 18460, -1
9766, 12546, -1
2984, 12963, -1
1818, 6695, -1
10445, 10176, -1
18781, 1504, -1
757, 13539, -1
2512, 3306, -1
4137, 18833, -1
4592, 13693, -1
16231, 18803, -1
8073, 19446, -1
15666, 7684, -1
19126, 1284, -1
11478, 16168, -1
2315, 11529, -1
16452, 2927, -1
5995, 2518, -1
13259, 1725, -1
3439, 13903, -1
19010, 9381, -1
10899, 17849, -1
15455, 3260, -1
2896, 18614, -1
10550, 1553, -1
2035, 17907, -1
2573, 1306, -1
10674, 14425, -1
19215, 16523, -1
2647, 3764, -1
10118, 10869, -1
18245, 16861, -1
9630, 10549, -1
11303, 16941, -1
10829, 4189, -1
12761, 18252, -1
13317, 1180, -1
13670, 12233, -1
17345, 12527, -1
17924, 4131, -1
8802, 3496, -1
19688, 15892, -1
16354, 16521, -1
12922, 7865, -1
13843, 8030, -1
17271, 14649, -1

