16215, 7240, 19961, 3
10596, 133, 10965, 3
322, 16930, 5345, 3
14337, 12510, 9262, 3
12936, 17463, 18306, 3
5111, 18057, 3482, 3
578, 15153, 12098, 3
3033, 1692, 19307, 3
12027, 10851, 10172, 3
17329, 17452, 4648, 3
19847, 5304, 17559, 3
17005, 6978, 8459, 3
12447, 12651, 11407, 3
2301, 14772, 16964, 3
9819, 17551, 1905, 3
7107, 2215, 17692, 3
17853, 6626, 777, 3
6982, 9419, 4237, 3
10052, 8945, 12104, 3
834, 6090, 6926, 3
6210, 24, 8489, 3
6044, 12308, 16070, 3
12829, 17022, 8293, 3
5443, 12486, 5871, 3
8402, 16576, 1451, 3
3344, 3639, 7649, 3
1948, 1549, 10989, 3
15037, 18378, 857, 3
16434, 17631, 8826, 3
2114, 15997, 2724, 3
9018, 6592, 869, 3
3039, 7145, 16270, 3
8705, 7823, 6226, 3
15592, 10958, 9279, 3
8718, 19518, 8558, 3
17935, 18991, 17386, 3
17556, 15758, 10562, 3
17590, 7878, 7980, 3
6614, 9577, 1987, 3
19967, 6966, 15690, 3
16234, 16442, 6413, 3
13375, 8464, 7270, 3
7467, 10274, 2652, 3
12032, 7045, 3299, 3
16402, 12636, 7537, 3
11047, 9744, 16522, 3
983, 9450, 7913, 3
18572, 1777, 12605, 3
1631, 7998, 6507, 3
3786, 19486, 6996, 3
18295, 17242, 2418, 3
9468, 17987, 14314, 3
18027, 16723, 3240, 3
12919, 2135, 12584, 3
3556, 16686, 10556, 3
1844, 3647, 5567, 3
11084, 11926, 6159, 3
6632, 16388, 6076, 3
19356, 16690, 7237, 3
6780, 3521, 428, 3
964, 9435, 11109, 3
19238, 12698, 4006, 3
319, 4655, 11328, 3
18034, 17912, 19422, 3
6204, 1415, 5804, 3
11832, 9242, 9144, 3
15090, 8786, 18542, 3
12543, 8647, 3761, 3
7118, 5982, 1848, 3
18928, 19420, 14327, 3
3664, 14810, 5921, 3
15298, 10184, 8384, 3
3687, 1873, 5682, 3
692, 18608, 1485, 3
14736, 6410, 3855, 3
11446, 12012, 17734, 3
15706, 5399, 14575, 3
11856, 11874, 13940, 3
764, 1039, 7899, 3
2677, 9690, 3046, 3
1194, 6045, 18084, 3
18053, 7343, 1667, 3
19530, 13732, 11821, 3
1051, 18941, 14226, 3
16945, 2932, 11549, 3
14872, 5354, 3630, 3
17209, 17557, 14824, 3
1378, 16286, 5469, 3
15026, 9110, 12725, 3
17903, 13981, 15368, 3
15690, 1435, 16618, 3
1692, 10747, 17683, 3
836, 5002, 5251, 3
3463, 5198, 9956, 3
17621, 5996, 1183, 3
8534, 12310, 9605, 3
17439, 17658, 13950, 3
12893, 2436, 2403, 3
17433, 13632, 11910, 3
18342, 13791, 10333, 3
8353, 15213, 13809, 3
11292, 7031, 14754, 3
1749, 15740, 9842, 3
7000, 17563, 9654, 3
16366, 7028, 10692, 3
10827, 7735, 10196, 3
925, 4173, 1765, 3
14129, 2899, 16410, 3
9518, 4835, 7004, 3
8300, 14153, 7316, 3
11170, 17415, 15315, 3
4972, 11092, 18298, 3
3689, 7890, 679, 3
19018, 12076, 18131, 3
6835, 23, 16171, 3
8620, 16506, 10220, 3
5807, 13183, 11833, 3
16822, 15196, 5809, 3
6108, 3856, 14080, 3
6548, 4433, 18312, 3
9720, 19853, 8856, 3
16770, 10321, 10235, 3
13375, 2590, 755, 3
3975, 9741, 12131, 3
17615, 6201, 7335, 3
2006, 965, 192, 3
4839, 6200, 5665, 3
4652, 9411, 19744, 3
7944, 7637, 10787, 3
7327, 17757, 13380, 3
5209, 18515, 2287, 3
15837, 17618, 13551, 3
1464, 11960, 1565, 3
12347, 4964, 18210, 3
7401, 16440, 8325, 3
116, 3434, 2413, 3
19093, 10286, 16406, 3
9469, 5716, 5140, 3
12775, 7152, 16682, 3
12479, 12583, 16311, 3
14973, 14980, 11158, 3
5465, 11977, 11592, 3
18741, 15315, 15148, 3
14986, 575, 5329, 3
19046, 8956, 11064, 3
18247, 985, 2539, 3
13192, 16352, 7501, 3
16068, 9076, 2397, 3
11932, 1902, 5390, 3
19656, 5716, 5930, 3
9221, 16471, 3473, 3
10539, 74, 13157, 3
5327, 7763, 12563, 3
5204, 6303, 17994, 3
5780, 17003, 19162, 3
8200, 15703, 18467, 3
11118, 16859, 8379, 3
3269, 18246, 13991, 3
3388, 6571, 4704, 3
15062, 4160, 2003, 3
3105, 14051, 5535, 3
1206, 12780, 15112, 3
8395, 17071, 14568, 3
9684, 8371, 18562, 3
3379, 4658, 16334, 3
6181, 2319, 7892, 3
4937, 1682, 11598, 3
18617, 18286, 12663, 3
19679, 5759, 903, 3
16241, 19913, 13489, 3
18309, 3974, 19973, 3
2459, 8754, 10050, 3
11669, 13393, 19586, 3
12716, 6922, 18233, 3
4787, 19588, 9284, 3
10328, 2076, 1389, 3
9358, 10315, 17836, 3
10923, 7885, 3806, 3
8413, 3483, 1943, 3
7683, 527, 8730, 3
8224, 7289, 1287, 3
14929, 19885, 10122, 3
18656, 5393, 8190, 3
8385, 14338, 2114, 3
6681, 4057, 1405, 3
15663, 9033, 4649, 3
4431, 19463, 13315, 3
2531, 11339, 11331, 3
3370, 2495, 12268, 3
12419, 6979, 3674, 3
14992, 4192, 9358, 3
19666, 2781, 16383, 3
17437, 16923, 12000, 3
19225, 2230, 6347, 3
9533, 15009, 14565, 3
8040, 3, 1570, 3
5982, 5697, 17833, 3
13177, 16691, 7860, 3
2308, 6793, 2585, 3
5350, 14475, 10316, 3
9699, 15597, 9853, 3
337, 18879, 6078, 3
7046, 3164, 5166, 3
9988, 10239, 9039, 3
18301, 2159, 9501, 3
18889, 8011, 9672, 3
17205, 806, 1377, 3
10870, 8601, 19492, 3
11581, 3820, 4423, 3
11326, 16926, 2996, 3
8191, 1030, 18875, 3
12687, 15654, 10994, 3
18448, 2138, 14612, 3
18136, 7114, 8704, 3
16908, 17350, 11712, 3
2514, 6023, 19689, 3
16652, 15213, 2656, 3
1772, 18931, 69, 3
9605, 11397, 5725, 3
8254, 12961, 16789, 3
10329, 11171, 3715, 3
11298, 5282, 18229, 3
18428, 8705, 8259, 3
9639, 10915, 17703, 3
3727, 784, 13616, 3
12042, 7832, 14583, 3
5618, 15177, 215, 3
6071, 5231, 5256, 3
9967, 19664, 8362, 3
12058, 1567, 8512, 3
14263, 9005, 16443, 3
545, 5270, 7796, 3
16835, 931, 5856, 3
18649, 12868, 14464, 3
15846, 18442, 13194, 3
16421, 13562, 19168, 3
4568, 19109, 3698, 3
611, 3013, 2475, 3
14522, 17619, 11107, 3
6776, 9169, 14039, 3
15610, 10276, 13586, 3
17323, 1824, 7120, 3
17316, 18615, 6910, 3
19112, 18029, 2318, 3
10955, 3753, 1515, 3
3912, 19688, 10717, 3
9096, 2113, 8879, 3
18533, 12985, 13401, 3
17668, 6698, 14429, 3
15844, 5793, 11473, 3
15214, 7572, 10056, 3
14745, 1990, 8767, 3
575, 10478, 13330, 3
7920, 17203, 16011, 3
6650, 5143, 11140, 3
7454, 10631, 8662, 3
16656, 15760, 7737, 3
17144, 2960, 5236, 3
792, 17305, 6091, 3
5786, 8930, 17940, 3
19658, 3757, 5300, 3
2158, 7213, 12277, 3
14017, 11365, 17269, 3
17303, 2986, 1929, 3
3376, 19313, 16825, 3
2649, 19553, 14193, 3
12967, 17502, 9710, 3
8918, 3264, 3146, 3
16176, 4254, 3600, 3
666, 3603, 13433, 3
19898, 7550, 535, 3
6568, 6745, 3773, 3
15017, 4845, 6798, 3
5299, 1027, 13958, 3
18121, 9155, 10848, 3
10219, 12135, 7311, 3
27, 16020, 4842, 3
9177, 9865, 6201, 3
6433, 12479, 7642, 3
12950, 10919, 14815, 3
15350, 3966, 4720, 3
19882, 9272, 835, 3
6175, 3510, 74, 3
2371, 6759, 10050, 3
12648, 282, 18383, 3
5464, 3282, 6221, 3
912, 19037, 18542, 3
7254, 14456, 5291, 3
19638, 5446, 4219, 3
2345, 5077, 147, 3
17464, 14094, 14278, 3
384, 13065, 13130, 3
4180, 5890, 11014, 3
5141, 10399, 7150, 3
18996, 14049, 18509, 3
15275, 7392, 10361, 3
19104, 13221, 8066, 3
2363, 15518, 3249, 3
19435, 4417, 6044, 3
14612, 5686, 16003, 3
4289, 4884, 19296, 3
8038, 13333, 8642, 3
11789, 10367, 295, 3
5015, 14219, 12400, 3
4649, 10136, 13358, 3
6845, 2089, 1686, 3
2392, 8799, 15725, 3
7815, 2778, 754, 3
9552, 7995, 6865, 3
650, 12939, 16095, 3
18330, 1825, 17992, 3
15022, 16369, 17857, 3
10732, 12616, 17710, 3
9236, 11708, 3085, 3
17735, 2567, 485, 3
18655, 5867, 12124, 3
16809, 9124, 6759, 3
14286, 10443, 16374, 3
8064, 15357, 12183, 3
13235, 11002, 5526, 3
17258, 19915, 10870, 3
19552, 15896, 5358, 3
13476, 12419, 14607, 3
12270, 14879, 4062, 3
1050, 419, 11653, 3
11408, 6420, 19412, 3
1345, 2664, 17011, 3
18913, 9921, 15241, 3
7263, 1395, 18269, 3
15959, 17505, 1905, 3
6540, 2466, 1065, 3
17635, 2820, 15050, 3
16009, 17789, 5721, 3
4290, 14934, 962, 3
19289, 16453, 16955, 3
2932, 10384, 7982, 3
16287, 17127, 18145, 3
3404, 6871, 15888, 3
12676, 6929, 6556, 3
6917, 19343, 18830, 3
14006, 6103, 16542, 3
700, 2573, 277, 3
4478, 13849, 13293, 3
7161, 9354, 18135, 3
16503, 4217, 14447, 3
3177, 11458, 4811, 3
19599, 9369, 7114, 3
12858, 11702, 13792, 3
16910, 3904, 8698, 3
17163, 8136, 6762, 3
10539, 1486, 6587, 3
9871, 4900, 1371, 3
17805, 8365, 1481, 3
4152, 1840, 6616, 3
10301, 10463, 9193, 3
12311, 6064, 4617, 3
12026, 10142, 8897, 3
18181, 10694, 18541, 3
14744, 11187, 14908, 3
3148, 4400, 18043, 3
11492, 12441, 3867, 3
7483, 6302, 17766, 3
17706, 4431, 16944, 3
10586, 15971, 16387, 3
8600, 8590, 7751, 3
5046, 5444, 1843, 3
10333, 1272, 12429, 3
6366, 14311, 16138, 3
5408, 19980, 7636, 3
7225, 6252, 888, 3
14084, 11810, 4292, 3
3515, 96, 16718, 3
1153, 4284, 15756, 3
10329, 2740, 1764, 3
6382, 15224, 6825, 3
16570, 12351, 14817, 3
16058, 16503, 16259, 3
12142, 4068, 1967, 3
1543, 7212, 11301, 3
13399, 1911, 10318, 3
632, 14713, 5716, 3
6666, 4697, 8811, 3
2893, 12419, 15380, 3
15075, 9984, 3287, 3
980, 19038, 8348, 3
14967, 6037, 18859, 3
16186, 19531, 5085, 3
9787, 7346, 17588, 3
4812, 16772, 11030, 3
16512, 2253, 5733, 3
8181, 15457, 16169, 3
16051, 15218, 9828, 3
16790, 19873, 4529, 3
11070, 3376, 8510, 3
10612, 15385, 5423, 3
8331, 11514, 13889, 3
3420, 15922, 10217, 3
874, 2127, 5508, 3
5904, 4465, 14683, 3
1439, 6230, 6492, 3
201, 6629, 15138, 3
3620, 1504, 19868, 3
11226, 12238, 5986, 3
4874, 17831, 8838, 3
6691, 7010, 5707, 3
12906, 19896, 3296, 3
10775, 17428, 18190, 3
2463, 12883, 10355, 3
1727, 2259, 3561, 3
14613, 7389, 11950, 3
7005, 15747, 10406, 3
8162, 6642, 2105, 3
13215, 5186, 19727, 3
13104, 5912, 9515, 3
12674, 12628, 19581, 3
14390, 12380, 16823, 3
12180, 1007, 6655, 3
7572, 6372, 18633, 3
1234, 11492, 2100, 3
1225, 6251, 8994, 3
10795, 9999, 14938, 3
3577, 14679, 9961, 3
13333, 17189, 18474, 3
10910, 14303, 6111, 3
16550, 4674, 10957, 3
8725, 7656, 16030, 3
747, 2482, 187, 3
8182, 2466, 19623, 3
1883, 12032, 14544, 3
2361, 6547, 6542, 3
9447, 17664, 16748, 3
16613, 7188, 152, 3
16036, 8707, 18636, 3
3139, 11848, 19349, 3
11697, 3042, 2846, 3
11348, 13130, 1207, 3
7360, 10759, 5144, 3
15649, 1907, 3957, 3
14674, 6454, 10470, 3
11277, 7098, 12760, 3
1768, 1417, 6559, 3
2517, 16489, 14428, 3
3033, 12598, 13909, 3
6346, 12353, 16465, 3
3748, 16869, 518, 3
11457, 4146, 16295, 3
11550, 6477, 15621, 3
13439, 9017, 3052, 3
14005, 14455, 18803, 3
13524, 15443, 19135, 3
4088, 11270, 4450, 3
17595, 1451, 13046, 3
14643, 16481, 5567, 3
1862, 2722, 812, 3
5798, 6173, 2298, 3
11134, 3960, 247, 3
16264, 5085, 18502, 3
11951, 14291, 4521, 3
17653, 4469, 594, 3
18170, 4163, 15608, 3
15898, 7461, 3577, 3
7162, 14478, 2963, 3
3780, 18383, 7432, 3
9098, 19267, 421, 3
3074, 8265, 12699, 3
7636, 9065, 992, 3
16509, 19784, 8553, 3
3893, 13288, 2281, 3
6335, 2023, 2067, 3
18090, 9839, 18616, 3
512, 3874, 12872, 3
6859, 18710, 6449, 3
6120, 19291, 999, 3
15988, 1785, 2077, 3
15631, 8656, 12909, 3
320, 14834, 13079, 3
13545, 263, 19916, 3
10627, 5885, 11828, 3
1506, 6269, 15603, 3
14762, 17205, 10298, 3
2754, 375, 4216, 3
4187, 17920, 12212, 3
3352, 19515, 12726, 3
8774, 12377, 4364, 3
11132, 10129, 7686, 3
15496, 674, 12297, 3
5441, 15650, 17993, 3
196, 661, 19503, 3
8781, 6671, 19673, 3
16694, 3934, 12636, 3
6391, 12860, 8382, 3
17161, 8063, 16160, 3
14768, 12076, 9326, 3
12224, 5173, 2776, 3
10955, 16529, 6532, 3
11655, 12372, 5401, 3
13025, 18506, 15609, 3
16731, 18539, 12656, 3
18124, 2570, 3135, 3
7423, 6285, 13672, 3
571, 1009, 1
863, 708, 1
573, 1254, 1
1152, 990, 1
1204, 735, 1
889, 1214, 1
617, 169, 1
20, 882, 1
240, 777, 1
503, 438, 1
773, 1302, 1
1445, 1236, 1
316, 391, 1
506, 1434, 1
256, 276, 1
1138, 869, -1
1006, 335, -1
175, 1433, -1
514, 23, -1
455, 997, -1
964, 1358, -1
1166, 754, -1
1318, 629, -1
74, 392, -1
643, 85, -1
514, 719, -1
393, 1261, -1
592, 523, -1
458, 812, -1
339, 106, -1
1256, 1169, -1
1166, 650, -1
838, 1296, -1
1419, 176, -1
1054, 159, -1
502, 366, -1
89, 1012, -1
46, 77, -1
1362, 1145, -1
750, 1132, -1
235, 395, -1
1278, 1011, -1
1353, 95, -1
1395, 308, -1
43, 1299, -1
214, 1227, -1
441, 1124, -1
830, 1413, -1
888, 1107, -1
147, 433, -1
1366, 515, -1
1167, 230, -1
264, 950, -1
523, 151, -1
576, 1309, -1
989, 877, -1
1205, 1367, -1
136, 320, -1
674, 1391, -1
986, 308, -1
533, 1168, -1
711, 622, -1
536, 988, -1
1234, 1367, -1
48, 1198, -1
41, 1017, -1
1425, 243, -1
289, 1283, -1
808, 1254, -1
153, 350, -1
1047, 566, -1
108, 738, -1
785, 20, -1
157, 1122, -1
14, 418, -1
1448, 460, -1
215, 760, -1
498, 961, -1
791, 517, -1
509, 1365, -1
155, 702, -1
1306, 247, -1
527, 1151, -1
373, 674, -1
1266, 499, -1
344, 264, -1
692, 1430, -1
966, 114, -1
234, 648, -1
706, 1270, -1
1049, 345, -1
1323, 231, -1
986, 612, -1
41, 363, -1
821, 640, -1
39, 581, -1
295, 280, -1
1417, 290, -1
572, 825, -1
113, 558, -1
560, 265, -1
272, 302, -1
51, 86, -1
686, 256, -1
412, 175, -1
866, 12, -1
1420, 155, -1
799, 928, -1
768, 265, -1
320, 1384, -1
191, 1426, -1
1110, 785, -1
444, 406, -1
178, 733, -1
1112, 1031, -1
197, 27, -1
727, 1181, -1
326, 761, -1
670, 1, -1
1415, 1182, -1
852, 594, -1
198, 544, -1
613, 386, -1
1052, 424, -1
902, 1109, -1
250, 669, -1
355, 1244, -1
110, 760, -1
526, 260, -1
282, 1030, -1
576, 995, -1
200, 647, -1
923, 131, -1
568, 432, -1
439, 4, -1
880, 519, -1
870, 191, -1
912, 1304, -1
1097, 233, -1
1381, 204, -1
706, 869, -1
968, 869, -1
811, 352, -1
961, 570, -1
1206, 913, -1
705, 940, -1
291, 673, -1
959, 248, -1
349, 261, -1
213, 739, -1
503, 1022, -1
617, 162, -1
109, 170, -1
1031, 755, -1
266, 658, -1
295, 873, -1
719, 10, -1
1213, 694, -1
574, 1399, -1
1271, 485, -1
774, 1041, -1
1298, 1248, -1
1371, 310, -1
372, 831, -1
158, 63, -1
363, 65, -1
996, 0, -1
1245, 594, -1
1264, 136, -1
912, 344, -1
1398, 1139, -1
827, 1331, -1
1271, 494, -1
67, 1390, -1
1357, 236, -1
409, 536, -1
155, 1054, -1
617, 954, -1
603, 321, -1
1163, 34, -1
203, 27, -1
848, 1003, -1
615, 44, -1
1187, 1204, -1
1279, 10, -1
966, 428, -1
1132, 502, -1
577, 1343, -1
107, 398, -1
400, 1151, -1
907, 650, -1
425, 2, -1
721, 1034, -1
1049, 4, -1
618, 1231, -1
135, 172, -1
825, 1432, -1
428, 144, -1
859, 987, -1
9, 2, -1
946, 50, -1
1220, 860, -1
915, 740, -1
18, 1313, -1
1329, 584, -1
422, 1301, -1
121, 1445, -1
53, 1165, -1
1063, 49, -1
66, 739, -1
966, 523, -1
224, 85, -1
95, 45, -1
1390, 503, -1
1133, 1111, -1
522, 86, -1
594, 213, -1
705, 775, -1
1092, 252, -1
1254, 584, -1
567, 757, -1
1174, 808, -1
1308, 260, -1
37, 490, -1
732, 1187, -1
1322, 335, -1
131, 95, -1
1410, 229, -1
1205, 1130, -1
12, 957, -1
331, 356, -1
1043, 1294, -1
1249, 737, -1
512, 509, -1
1208, 436, -1
1405, 794, -1
281, 763, -1
907, 1141, -1
324, 157, -1
906, 278, -1
872, 841, -1
28, 541, -1
1013, 737, -1
893, 1074, -1
475, 304, -1
593, 872, -1
1442, 920, -1
969, 229, -1
770, 180, -1
99, 468, -1
314, 473, -1
627, 1332, -1
770, 99, -1
1293, 1238, -1
761, 727, -1
426, 756, -1
1344, 1327, -1
586, 1141, -1
425, 1188, -1
352, 553, -1
536, 1394, -1
1148, 720, -1
353, 404, -1
1203, 890, -1
79, 498, -1
525, 1363, -1
835, 190, -1
1135, 1038, -1
215, 823, -1
1153, 1160, -1
361, 1151, -1
1075, 1431, -1
778, 1307, -1
426, 994, -1
149, 854, -1
277, 310, -1
968, 1029, -1
112, 1113, -1
1247, 418, -1
105, 203, -1
1005, 9, -1
886, 154, -1
604, 1309, -1
270, 734, -1
1369, 625, -1
1419, 559, -1
1393, 948, -1
1368, 275, -1
625, 549, -1
769, 612, -1
861, 893, -1
1061, 582, -1
360, 491, -1
1014, 873, -1
6, 237, -1
872, 713, -1
919, 878, -1
190, 848, -1
442, 939, -1
112, 921, -1
659, 786, -1
12, 186, -1
484, 1397, -1
537, 474, -1
636, 370, -1
382, 684, -1
1359, 356, -1
1384, 428, -1
314, 18, -1
910, 503, -1
589, 737, -1
58, 526, -1
266, 1344, -1
773, 1261, -1
954, 802, -1
869, 1006, -1
81, 1337, -1
30, 1162, -1
675, 643, -1
600, 593, -1
1111, 872, -1
180, 741, -1
385, 323, -1
465, 734, -1
1025, 1331, -1
1208, 381, -1
843, 1141, -1
1438, 880, -1
1204, 872, -1
843, 1204, -1
201, 1344, -1
584, 593, -1
783, 1447, -1
643, 317, -1
890, 904, -1
604, 396, -1
1194, 504, -1
1078, 879, -1
898, 799, -1
1010, 411, -1
47, 1440, -1
433, 495, -1
6, 405, -1
936, 1424, -1
432, 115, -1
674, 116, -1
1309, 582, -1
39, 769, -1
434, 1414, -1
472, 1327, -1
492, 1284, -1
168, 576, -1
740, 793, -1
748, 1176, -1
1271, 822, -1
1139, 876, -1
779, 1053, -1
296, 861, -1
1331, 192, -1
1286, 160, -1
978, 446, -1
470, 303, -1
408, 818, -1
997, 931, -1
2, 839, -1
343, 1094, -1
671, 637, -1
659, 22, -1
1286, 395, -1
1242, 1418, -1
1405, 976, -1
925, 541, -1
172, 296, -1
1080, 475, -1
627, 851, -1
1358, 197, -1
600, 692, -1
614, 1345, -1
780, 1371, -1
615, 1302, -1
674, 1078, -1
870, 191, -1
1004, 881, -1
356, 194, -1
182, 256, -1
396, 826, -1
1426, 534, -1
1031, 1152, -1
474, 830, -1
716, 1023, -1
702, 464, -1
113, 1139, -1
1101, 351, -1
160, 291, -1
69, 729, -1
249, 1240, -1
1375, 471, -1
383, 600, -1
1273, 400, -1
1258, 1088, -1
371, 341, -1
1018, 1400, -1
340, 290, -1
1296, 1427, -1
1418, 720, -1
1135, 739, -1
929, 174, -1
1437, 279, -1
267, 309, -1
57, 560, -1
1256, 992, -1
453, 847, -1
1278, 605, -1
1155, 299, -1
829, 1264, -1
235, 177, -1
1192, 587, -1
521, 359, -1
666, 149, -1
1194, 809, -1
867, 242, -1
371, 74, -1
1030, 31, -1
787, 761, -1
54, 1328, -1
272, 310, -1
1228, 577, -1
498, 695, -1
104, 651, -1
1209, 288, -1
1134, 945, -1
738, 45, -1
1079, 1003, -1
127, 1402, -1
1430, 1267, -1
661, 159, -1
440, 1432, -1
241, 1415, -1
648, 1177, -1
164, 1055, -1
31, 156, -1
1320, 568, -1
488, 318, -1
419, 480, -1
1420, 738, -1
1253, 860, -1
1211, 1061, -1
673, 549, -1
780, 1367, -1
987, 406, -1
1191, 785, -1
1290, 605, -1
857, 157, -1
1073, 730, -1
1016, 855, -1
1384, 981, -1
786, 716, -1
218, 1361, -1
1365, 1153, -1
1151, 1098, -1
1156, 1037, -1
449, 597, -1
1021, 1413, -1
554, 1011, -1
295, 820, -1
911, 991, -1
1323, 1374, -1
133, 1301, -1
1192, 529, -1
749, 1005, -1
138, 1144, -1
250, 1044, -1
470, 418, -1
1214, 1105, -1
807, 744, -1
58, 557, -1
225, 863, -1
251, 1342, -1
27, 848, -1
1285, 459, -1
28, 993, -1
850, 1285, -1
739, 1378, -1
920, 89, -1
971, 727, -1
939, 837, -1
811, 946, -1
91, 689, -1
360, 600, -1
505, 219, -1
1322, 79, -1
32, 273, -1
1119, 295, -1
310, 272, -1
857, 1381, -1
1442, 513, -1
1352, 134, -1
884, 32, -1
745, 19, -1
1309, 1267, -1
1261, 1302, -1
990, 1031, -1
438, 1390, -1
169, 954, -1
1105, 889, -1
1187, 735, -1
276, 686, -1
225, 708, -1
438, 910, -1
872, 735, -1
276, 182, -1
584, 573, -1
121, 1236, -1
808, 573, -1
169, 162, -1
438, 1022, -1
843, 735, -1
785, 882, -1
773, 615, -1
256, 686, -1
954, 617, -1
162, 617, -1
1152, 1031, -1
1302, 615, -1
872, 1204, -1
256, 182, -1
1105, 1214, -1
584, 1254, -1

