9290, 19213, 1
10127, 8174, 1
7905, 586, 1
10704, 10483, 1
4565, 12444, 1
3380, 10326, 1
4796, 15221, -1
14175, 10383, -1
17701, 1767, -1
15358, 7340, -1
2763, 5981, -1
14517, 14617, -1
8563, 2077, -1
7562, 11382, -1
16357, 18274, -1
4644, 19832, -1
9305, 1275, -1
1121, 5136, -1
6171, 13589, -1
5543, 17290, -1
15075, 8068, -1
17740, 1206, -1
4428, 17238, -1
16600, 1144, -1
17535, 2175, -1
5889, 7624, -1
5809, 4765, -1
11615, 1231, -1
1351, 18685, -1
665, 10537, -1
11475, 3798, -1
4847, 9668, -1
1232, 15745, -1
2486, 8798, -1
5274, 5031, -1
17081, 1682, -1
4248, 14687, -1
540, 2311, -1
6120, 6371, -1
8751, 108, -1
12659, 10292, -1
5746, 8779, -1
5547, 14100, -1
11874, 9974, -1
19187, 10496, -1
977, 3895, -1
4672, 7954, -1
4267, 10210, -1
17694, 4630, -1
10181, 7163, -1
6447, 18498, -1
5916, 8243, -1
4736, 5596, -1
12580, 10426, -1
16651, 17237, -1
4343, 5222, -1
18099, 17744, -1
1063, 12821, -1
12751, 6877, -1
15064, 17942, -1
13069, 15029, -1
11642, 12569, -1
10424, 7331, -1
5086, 12233, -1
11420, 10575, -1
11399, 6486, -1
16168, 14085, -1
625, 8842, -1
3750, 6768, -1
8695, 19941, -1
12579, 2300, -1
13963, 1391, -1
20, 13648, -1
14850, 1812, -1
18673, 3806, -1
9623, 11736, -1
7479, 235, -1
17446, 761, -1
1432, 4897, -1
10762, 16531, -1
15090, 14692, -1
5501, 17026, -1
6803, 9048, -1
1636, 854, -1
13895, 19096, -1
7028, 7829, -1
325, 19181, -1
3764, 15563, -1
6649, 5776, -1
3417, 12873, -1
11734, 8838, -1
19401, 6959, -1
10184, 9724, -1
6675, 17435, -1
14594, 2316, -1
16367, 5588, -1
3374, 8708, -1
16273, 6579, -1
4229, 19372, -1
11175, 9477, -1

