17205, 10594, 16424, 3
5566, 13927, 10296, 3
6759, 474, 13236, 3
6212, 17752, 1324, 3
6387, 1514, 473, 3
13969, 1716, 13049, 3
7643, 17162, 2493, 3
10166, 5256, 5850, 3
6530, 11097, 19171, 3
18216, 2798, 6594, 3
4865, 2228, 17247, 3
6083, 3029, 7350, 3
16787, 19420, 3803, 3
14932, 6847, 3669, 3
11473, 5371, 11148, 3
6195, 2636, 3593, 3
2765, 5914, 2214, 3
15310, 1750, 10690, 3
9521, 6434, 10877, 3
8549, 11797, 18622, 3
16728, 11811, 11472, 3
15256, 13022, 14497, 3
17093, 12700, 9281, 3
104, 13601, 4430, 3
6385, 4261, 4606, 3
18059, 8530, 582, 3
8926, 13280, 11803, 3
6714, 10033, 18412, 3
4028, 3191, 7151, 3
8730, 16895, 8101, 3
19168, 16598, 9661, 3
11427, 10766, 4565, 3
6013, 223, 4080, 3
7160, 7920, 12401, 3
5792, 1575, 10254, 3
2832, 10374, 13915, 3
17250, 3833, 14278, 3
10752, 6251, 19237, 3
6614, 8781, 12678, 3
13096, 16334, 9370, 3
5609, 4121, 3258, 3
12945, 677, 19154, 3
2598, 1414, 3692, 3
13725, 18104, 17753, 3
17528, 5241, 1925, 3
721, 1614, 13314, 3
12916, 16214, 17295, 3
4663, 4735, 9801, 3
8300, 1858, 15230, 3
2421, 10200, 10639, 3
15644, 3472, 12024, 3
3376, 13967, 17121, 3
2036, 11636, 327, 3
7344, 8841, 15132, 3
16672, 14931, 5481, 3
723, 9376, 5348, 3
17804, 15054, 8081, 3
3529, 9686, 8641, 3
1475, 11411, 6596, 3
11829, 3768, 7684, 3
11168, 3037, 19916, 3
11962, 16206, 4616, 3
16106, 5321, 12111, 3
1655, 3342, 14321, 3
19246, 1239, 14920, 3
13167, 4408, 18161, 3
176, 10910, 1191, 3
2615, 17740, 18088, 3
2119, 2129, 12993, 3
7141, 17155, 13564, 3
1895, 18292, 12533, 3
6430, 14405, 10964, 3
17558, 10095, 8528, 3
9973, 6448, 12901, 3
4146, 1568, 8333, 3
3979, 3602, 5559, 3
10299, 16889, 10047, 3
1336, 8657, 15927, 3
6908, 11894, 3878, 3
5488, 19243, 12056, 3
15005, 8260, 5305, 3
8184, 10206, 2889, 3
10263, 10192, 2310, 3
2519, 9158, 7155, 3
13053, 964, 6483, 3
12315, 17318, 2082, 3
6641, 18287, 11833, 3
17779, 11320, 6669, 3
13561, 19912, 3235, 3
19714, 8272, 3022, 3
14384, 12966, 7786, 3
2326, 3528, 12391, 3
14979, 3568, 10185, 3
19290, 8454, 15764, 3
16779, 9243, 12244, 3
1261, 7228, 17549, 3
14823, 14589, 12907, 3
14337, 4123, 14824, 3
3282, 12235, 469, 3
623, 14526, 16907, 3
16431, 16577, 1905, 3
17256, 2669, 3528, 3
5714, 6371, 18807, 3
6181, 16158, 11763, 3
15905, 9454, 18944, 3
1533, 6908, 12884, 3
12619, 2786, 19318, 3
11324, 6419, 9382, 3
13995, 16427, 447, 3
1243, 13947, 16051, 3
14613, 1006, 3271, 3
14000, 3053, 7028, 3
4643, 12249, 14545, 3
356, 5662, 9681, 3
13800, 4658, 5281, 3
7363, 4421, 11468, 3
17242, 15743, 10028, 3
19307, 16115, 8, 3
16274, 2851, 18814, 3
13378, 16836, 9269, 3
19428, 5550, 18616, 3
3557, 14632, 17320, 3
10089, 10817, 18250, 3
8756, 18375, 1052, 3
19104, 1604, 9284, 3
3413, 2347, 9273, 3
2982, 1163, 18389, 3
16793, 13505, 1093, 3
4912, 5603, 6295, 3
8730, 18848, 11704, 3
7988, 13214, 17058, 3
18104, 10747, 7079, 3
11485, 1399, 10943, 3
13797, 5687, 12210, 3
14786, 5090, 16322, 3
19237, 14991, 16034, 3
4693, 19199, 10424, 3
17433, 10015, 15712, 3
12982, 5035, 16597, 3
17706, 12269, 13324, 3
17662, 18388, 8112, 3
9694, 15740, 8868, 3
17828, 13277, 1376, 3
6533, 8815, 9285, 3
7320, 14669, 477, 3
7454, 19676, 11314, 3
19117, 17047, 14996, 3
7784, 6522, 11376, 3
7393, 16798, 18871, 3
14334, 9618, 8891, 3
5858, 6931, 7595, 3
15024, 4, 7578, 3
19127, 5331, 13057, 3
9991, 31, 9680, 3
10335, 15469, 16424, 3
15438, 1500, 10882, 3
9260, 3679, 444, 3
7644, 15851, 13532, 3
18341, 10908, 15742, 3
2966, 15702, 5539, 3
10973, 15829, 4803, 3
2389, 19433, 15216, 3
5602, 1811, 18958, 3
19531, 4558, 7584, 3
4701, 15884, 3554, 3
9601, 18643, 2203, 3
2136, 7233, 9165, 3
13273, 535, 13007, 3
4313, 10645, 17108, 3
9321, 18453, 17068, 3
1209, 10864, 14165, 3
11985, 3503, 4044, 3
4395, 10514, 3977, 3
19884, 13899, 9711, 3
1252, 3053, 7110, 3
5652, 17321, 4090, 3
11428, 17610, 527, 3
14206, 18783, 17239, 3
10740, 17302, 9881, 3
19768, 10552, 11176, 3
15202, 10464, 19936, 3
12824, 1656, 8052, 3
1322, 8033, 5854, 3
9646, 12421, 19957, 3
2961, 16547, 13274, 3
6490, 12662, 972, 3
10532, 6601, 8802, 3
7836, 1915, 9164, 3
10595, 1752, 2012, 3
91, 11202, 17794, 3
14945, 7314, 327, 3
19903, 9901, 17751, 3
15176, 3528, 10062, 3
1951, 11277, 9912, 3
11336, 12115, 12177, 3
13435, 2185, 17524, 3
6180, 3333, 8129, 3
7506, 3421, 11342, 3
11045, 11855, 4279, 3
4793, 8986, 18606, 3
11089, 6048, 18707, 3
8583, 10354, 13661, 3
18653, 1545, 13171, 3
16414, 7543, 4574, 3
5665, 5120, 3871, 3
2353, 16864, 18250, 3
13635, 1783, 9865, 3
14832, 18249, 15369, 3
14924, 12974, 7628, 3
5451, 17361, 18533, 3
7976, 15864, 14889, 3
18590, 3370, 593, 3
4184, 2636, 11419, 3
13284, 11228, 6962, 3
15558, 1947, 15229, 3
3188, 15648, 1314, 3
17965, 1649, 9454, 3
19072, 4299, 16342, 3
8712, 3125, 10703, 3
15275, 9012, 19498, 3
6488, 3714, 6151, 3
12100, 6129, 6264, 3
11717, 817, 16331, 3
1835, 2362, 5006, 3
15290, 7791, 3095, 3
6675, 15368, 11991, 3
2139, 5555, 17754, 3
15677, 15722, 15831, 3
10562, 3530, 18073, 3
4834, 11729, 10688, 3
10022, 2061, 8012, 3
19034, 7170, 9894, 3
19438, 19469, 15838, 3
8004, 5541, 6030, 3
16935, 2519, 4906, 3
8138, 14461, 8940, 3
9496, 8118, 7429, 3
10442, 6851, 16631, 3
13030, 14611, 6940, 3
19712, 7978, 3489, 3
12004, 19278, 8662, 3
7260, 1010, 3762, 3
18021, 16251, 11187, 3
19727, 2690, 11531, 3
11436, 12109, 12140, 3
13093, 8094, 11271, 3
19335, 2525, 5443, 3
10848, 11608, 1338, 3
1823, 6747, 3416, 3
13772, 1395, 7706, 3
10535, 18089, 19618, 3
17868, 13302, 16051, 3
18958, 4768, 939, 3
4277, 7791, 3274, 3
2537, 18470, 5884, 3
16224, 12446, 17924, 3
4549, 12495, 12259, 3
18428, 13980, 6738, 3
8034, 3037, 9157, 3
10228, 10419, 12466, 3
3284, 3678, 5498, 3
5011, 18702, 3843, 3
7470, 16516, 5659, 3
7876, 4142, 7266, 3
2277, 3452, 7583, 3
8747, 3968, 10193, 3
16916, 4035, 12652, 3
9930, 9288, 15649, 3
886, 5585, 16753, 3
14025, 8972, 16216, 3
4312, 7585, 8030, 3
1116, 12625, 1888, 3
5823, 1776, 616, 3
2040, 1272, 1184, 3
14038, 16943, 10309, 3
7627, 5917, 19023, 3
1018, 12152, 378, 3
14867, 12436, 18663, 3
12629, 5061, 2385, 3
17415, 19262, 10331, 3
4571, 1991, 12695, 3
7673, 3045, 16315, 3
2856, 1517, 5635, 3
19973, 18994, 13769, 3
12068, 3783, 18138, 3
5230, 6713, 6007, 3
11154, 15235, 9276, 3
1949, 9949, 10181, 3
13178, 7772, 19618, 3
16833, 5823, 11633, 3
19726, 12175, 18698, 3
19911, 9236, 19632, 3
6345, 13568, 7096, 3
10957, 14698, 5753, 3
2400, 13716, 19271, 3
12384, 18278, 11024, 3
19165, 8678, 13397, 3
19894, 17376, 19891, 3
6863, 2894, 8525, 3
649, 7720, 19611, 3
18855, 12170, 11309, 3
19274, 12177, 14638, 3
2321, 659, 12220, 3
1072, 332, 18541, 3
5370, 15860, 13054, 3
17068, 14089, 9576, 3
9175, 1280, 7677, 3
13872, 12455, 9370, 3
2258, 5891, 10038, 3
4837, 8279, 18963, 3
8626, 16454, 10684, 3
5715, 3933, 16116, 3
16290, 15359, 2881, 3
6613, 19568, 10761, 3
10710, 6900, 5226, 3
10546, 3419, 16312, 3
12769, 11138, 15306, 3
12167, 13143, 19073, 3
16566, 2613, 181, 3
9891, 5105, 14567, 3
3074, 13491, 17823, 3
11947, 11110, 2733, 3
13034, 10684, 9089, 3
1264, 5790, 7291, 3
18957, 7736, 7767, 3
7690, 10156, 170, 3
9877, 3357, 1916, 3
6635, 4814, 14445, 3
10022, 9341, 4527, 3
9628, 11779, 16236, 3
7181, 12272, 2265, 3
1725, 10261, 17875, 3
12873, 19218, 19861, 3
1653, 16643, 8872, 3
5050, 7221, 18900, 3
7233, 18667, 13265, 3
8349, 1293, 9263, 3
5679, 13644, 10051, 3
15849, 17767, 14963, 3
5922, 5686, 13675, 3
8734, 15773, 7266, 3
8437, 6451, 1020, 3
18260, 12254, 17658, 3
12664, 2664, 2013, 3
19426, 15496, 5270, 3
10403, 9178, 7640, 3
3457, 12544, 16095, 3
17796, 17167, 7216, 3
18256, 2186, 12464, 3
178, 14893, 9686, 3
14805, 2577, 3997, 3
13528, 15622, 16398, 3
3689, 328, 18798, 3
8593, 7091, 6085, 3
17298, 6641, 4804, 3
488, 14107, 13288, 3
10556, 6882, 19600, 3
7362, 12723, 17695, 3
18307, 11524, 7492, 3
5160, 10163, 3645, 3
13552, 8707, 1131, 3
14493, 7332, 10979, 3
217, 12009, 5353, 3
17614, 17594, 15965, 3
18613, 207, 15348, 3
11779, 12001, 10968, 3
14632, 18362, 16659, 3
18091, 5149, 8106, 3
11673, 17756, 15606, 3
2848, 6143, 6077, 3
4703, 18501, 6889, 3
17164, 2593, 4499, 3
13906, 19912, 10356, 3
7944, 14366, 8874, 3
13298, 2956, 14833, 3
10531, 2251, 7687, 3
7740, 15088, 17910, 3
8776, 7770, 952, 3
16531, 19774, 19431, 3
12184, 3112, 15917, 3
4384, 12041, 19879, 3
2048, 13741, 11283, 3
10103, 12026, 1050, 3
14335, 1791, 14973, 3
15985, 3464, 15052, 3
12218, 14111, 2587, 3
1308, 19817, 9342, 3
646, 13206, 602, 3
9198, 9449, 8661, 3
15446, 1770, 10848, 3
8195, 312, 15361, 3
2551, 10593, 11094, 3
17698, 17747, 349, 3
19823, 19386, 5350, 3
3840, 19378, 12251, 3
17491, 12891, 13026, 3
15118, 14099, 12884, 3
1084, 94, 5885, 3
3139, 11055, 6030, 3
5245, 11286, 5895, 3
12970, 2730, 18227, 3
2946, 9779, 10638, 3
5957, 13031, 19930, 3
17403, 3476, 6745, 3
10265, 16167, 10230, 3
19544, 7639, 10068, 3
3463, 14410, 9048, 3
2437, 12935, 9830, 3
18596, 6968, 1740, 3
2706, 12251, 8251, 3
17262, 6548, 5195, 3
12979, 8571, 19916, 3
14915, 8052, 10731, 3
15556, 12047, 3669, 3
6171, 14066, 12415, 3
16663, 11063, 5575, 3
5653, 7976, 17917, 3
1077, 17892, 5686, 3
19448, 2660, 17841, 3
10715, 5165, 19125, 3
544, 8348, 14954, 3
3014, 5871, 3084, 3
1622, 17065, 9916, 3
688, 15817, 18543, 3
17725, 16398, 2989, 3
12048, 16878, 18556, 3
14307, 18525, 10195, 3
5018, 12134, 4734, 3
15994, 18131, 8841, 3
17706, 16882, 6372, 3
7923, 8972, 6942, 3
243, 12724, 4493, 3
10774, 14021, 19259, 3
3769, 13806, 17713, 3
15684, 7603, 10621, 3
12024, 16792, 9848, 3
5838, 2700, 2465, 3
7022, 6217, 15097, 3
4750, 10171, 14069, 3
15735, 13910, 19177, 3
4012, 9217, 18078, 3
504, 4436, 5784, 3
17309, 10988, 2486, 3
18645, 4051, 892, 3
9969, 5092, 13198, 3
3899, 14577, 8034, 3
10887, 6142, 16937, 3
4755, 19858, 19142, 3
5010, 12161, 12075, 3
13961, 5914, 75, 3
12779, 13768, 8055, 3
17042, 4399, 16614, 3
9505, 15853, 6280, 3
4644, 19102, 11515, 3
5304, 8750, 8553, 3
4118, 14535, 13835, 3
6444, 3508, 7981, 3
4124, 5167, 737, 3
3431, 7842, 1593, 3
13496, 14142, 1020, 3
13568, 19964, 13378, 3
9632, 16970, 4726, 3
16082, 7002, 600, 3
14406, 11663, 15428, 3
25, 6989, 9427, 3
17513, 15389, 19189, 3
5570, 17788, 6462, 3
10455, 13933, 17867, 3
16072, 1867, 7711, 3
6387, 12155, 14479, 3
2572, 1447, 5841, 3
812, 7628, 1164, 3
1697, 13240, 3718, 3
17098, 7485, 17821, 3
8362, 12560, 12604, 3
17917, 10872, 2351, 3
5467, 15550, 10527, 3
17886, 835, 19903, 3
14119, 13911, 15563, 3
10646, 12130, 738, 3
17001, 2779, 6587, 3
9230, 3954, 12334, 3
19259, 13806, 13147, 3
1854, 13816, 18499, 3
2756, 1044, 13634, 3
16408, 11389, 1222, 3
6925, 8269, 1710, 3
561, 2134, 4481, 3
2019, 16868, 11898, 3
2830, 13696, 17652, 3
4556, 19827, 10302, 3
18815, 16590, 3008, 3
14016, 2796, 275, 3
18138, 4374, 11365, 3
14518, 10266, 19859, 3
2589, 9677, 14292, 3
11991, 14024, 2562, 3
5872, 4393, 3117, 3
14123, 12297, 6324, 3
11893, 14396, 8333, 3
754, 282, 1
1021, 683, 1
148, 411, 1
137, 597, 1
919, 655, 1
21, 28, 1
189, 1123, 1
1163, 75, 1
735, 1196, 1
362, 970, 1
342, 691, 1
1189, 514, 1
701, 52, 1
138, 329, 1
389, 667, 1
861, 357, 1
1396, 1041, 1
1189, 993, 1
756, 995, 1
993, 514, 1
514, 1189, 1
993, 1189, 1
680, 1107, -1
663, 756, -1
1255, 1354, -1
1161, 1258, -1
855, 971, -1
964, 598, -1
22, 1067, -1
1435, 320, -1
1150, 1182, -1
279, 718, -1
975, 1423, -1
1001, 211, -1
979, 205, -1
371, 1373, -1
204, 144, -1
259, 136, -1
269, 1283, -1
637, 1069, -1
962, 1295, -1
1166, 83, -1
746, 969, -1
1105, 832, -1
171, 626, -1
709, 150, -1
283, 239, -1
13, 1092, -1
293, 1095, -1
1057, 29, -1
1010, 186, -1
1390, 794, -1
1114, 810, -1
1350, 653, -1
1146, 71, -1
48, 51, -1
34, 374, -1
656, 945, -1
1027, 744, -1
296, 336, -1
151, 1347, -1
1137, 852, -1
169, 99, -1
1060, 664, -1
1055, 232, -1
987, 388, -1
220, 730, -1
464, 1239, -1
745, 570, -1
365, 50, -1
462, 331, -1
469, 13, -1
15, 814, -1
1256, 1405, -1
262, 912, -1
1148, 1099, -1
660, 271, -1
955, 1438, -1
407, 1287, -1
968, 399, -1
720, 901, -1
1113, 1299, -1
996, 1196, -1
974, 1346, -1
1337, 1423, -1
1374, 881, -1
378, 483, -1
675, 1101, -1
808, 513, -1
1385, 754, -1
1064, 1153, -1
1046, 518, -1
147, 1330, -1
1054, 1416, -1
77, 170, -1
755, 688, -1
275, 1000, -1
729, 1152, -1
283, 609, -1
675, 907, -1
858, 30, -1
462, 1256, -1
599, 277, -1
961, 201, -1
587, 424, -1
1024, 402, -1
1429, 997, -1
1149, 1130, -1
925, 1109, -1
780, 144, -1
1278, 1121, -1
619, 23, -1
1369, 733, -1
961, 112, -1
647, 1377, -1
407, 1193, -1
1010, 646, -1
996, 813, -1
486, 1067, -1
1138, 281, -1
654, 745, -1
194, 1294, -1
1328, 925, -1
327, 1309, -1
444, 439, -1
650, 477, -1
1229, 661, -1
944, 512, -1
1154, 152, -1
178, 33, -1
885, 664, -1
1377, 921, -1
29, 767, -1
617, 680, -1
33, 1365, -1
270, 1081, -1
730, 551, -1
26, 1052, -1
643, 932, -1
1440, 31, -1
352, 961, -1
1152, 246, -1
1203, 296, -1
1356, 832, -1
178, 402, -1
278, 73, -1
1413, 642, -1
862, 179, -1
537, 787, -1
247, 473, -1
160, 770, -1
567, 824, -1
871, 130, -1
840, 532, -1
808, 1022, -1
151, 746, -1
1147, 1199, -1
918, 274, -1
1248, 765, -1
1353, 197, -1
344, 126, -1
253, 663, -1
1366, 260, -1
802, 14, -1
179, 1092, -1
859, 629, -1
669, 540, -1
566, 681, -1
266, 1209, -1
983, 420, -1
1134, 383, -1
63, 809, -1
460, 550, -1
245, 1081, -1
130, 149, -1
1405, 1170, -1
1297, 247, -1
1193, 1240, -1
902, 1159, -1
1301, 1228, -1
533, 299, -1
231, 72, -1
1122, 122, -1
776, 1295, -1
202, 3, -1
543, 70, -1
1151, 810, -1
389, 1383, -1
792, 972, -1
498, 576, -1
742, 1221, -1
1, 1082, -1
718, 723, -1
670, 1313, -1
1328, 897, -1
460, 106, -1
1248, 1044, -1
251, 635, -1
1116, 1262, -1
766, 616, -1
176, 1273, -1
1239, 66, -1
1371, 1404, -1
1181, 1096, -1
1390, 766, -1
433, 262, -1
603, 1139, -1
894, 518, -1
13, 822, -1
1279, 1025, -1
824, 459, -1
390, 1, -1
41, 1264, -1
393, 307, -1
364, 1035, -1
342, 630, -1
1014, 924, -1
834, 522, -1
757, 914, -1
834, 547, -1
631, 349, -1
1249, 1156, -1
406, 1366, -1
335, 308, -1
123, 1267, -1
1214, 319, -1
118, 549, -1
333, 1334, -1
823, 473, -1
104, 303, -1
1048, 1039, -1
703, 0, -1
569, 1168, -1
759, 9, -1
866, 133, -1
1146, 148, -1
1420, 126, -1
1361, 596, -1
1071, 619, -1
1297, 666, -1
1148, 583, -1
1163, 1315, -1
1094, 598, -1
52, 1253, -1
875, 339, -1
1357, 163, -1
1056, 1038, -1
514, 1245, -1
1398, 1054, -1
420, 1172, -1
1064, 1090, -1
356, 144, -1
61, 1318, -1
1323, 347, -1
596, 1354, -1
150, 228, -1
385, 527, -1
705, 1180, -1
1271, 1234, -1
1262, 1309, -1
124, 953, -1
417, 1091, -1
376, 1307, -1
1370, 836, -1
1201, 1109, -1
922, 115, -1
866, 153, -1
1042, 1000, -1
827, 34, -1
982, 386, -1
1017, 854, -1
1095, 395, -1
1364, 746, -1
208, 1228, -1
1091, 329, -1
1246, 522, -1
1047, 91, -1
1115, 201, -1
732, 117, -1
158, 577, -1
303, 132, -1
1010, 1028, -1
938, 801, -1
1252, 456, -1
406, 740, -1
777, 658, -1
1315, 930, -1
552, 1009, -1
32, 477, -1
254, 1293, -1
1384, 52, -1
893, 621, -1
635, 943, -1
1102, 4, -1
206, 1413, -1
134, 546, -1
1411, 695, -1
645, 1078, -1
958, 1155, -1
125, 986, -1
1398, 943, -1
7, 357, -1
776, 997, -1
1354, 670, -1
1021, 1097, -1
92, 866, -1
1346, 535, -1
1352, 1396, -1
233, 166, -1
1323, 1082, -1
228, 692, -1
857, 1200, -1
1025, 1317, -1
624, 719, -1
1429, 230, -1
890, 1081, -1
651, 939, -1
973, 251, -1
1024, 406, -1
966, 9, -1
1232, 461, -1
107, 1289, -1
833, 1191, -1
1401, 875, -1
457, 916, -1
1143, 1389, -1
110, 935, -1
1102, 1361, -1
1342, 1422, -1
807, 870, -1
639, 1439, -1
128, 937, -1
473, 641, -1
261, 1041, -1
451, 883, -1
1245, 631, -1
37, 785, -1
809, 1133, -1
844, 1089, -1
730, 1039, -1
355, 1360, -1
973, 1404, -1
100, 1381, -1
676, 1006, -1
1347, 1254, -1
1279, 1057, -1
533, 1253, -1
529, 254, -1
401, 1068, -1
1260, 524, -1
214, 314, -1
447, 881, -1
1052, 400, -1
73, 296, -1
16, 768, -1
1267, 1364, -1
67, 334, -1
505, 491, -1
957, 95, -1
419, 1161, -1
1101, 220, -1
691, 1097, -1
658, 885, -1
1029, 862, -1
1286, 907, -1
379, 1259, -1
373, 124, -1
236, 968, -1
744, 519, -1
547, 380, -1
344, 636, -1
260, 1107, -1
724, 666, -1
140, 764, -1
1301, 719, -1
273, 1434, -1
497, 1012, -1
329, 896, -1
126, 575, -1
113, 1430, -1
854, 867, -1
1074, 215, -1
505, 611, -1
823, 579, -1
1202, 616, -1
1306, 560, -1
839, 404, -1
780, 1061, -1
102, 951, -1
1375, 255, -1
987, 535, -1
49, 859, -1
266, 1240, -1
372, 393, -1
366, 1302, -1
180, 870, -1
78, 969, -1
970, 1382, -1
80, 865, -1
44, 1251, -1
604, 260, -1
828, 1187, -1
1067, 1042, -1
659, 1230, -1
531, 839, -1
35, 419, -1
1115, 525, -1
1231, 25, -1
120, 129, -1
58, 1427, -1
674, 1334, -1
827, 950, -1
1068, 546, -1
508, 21, -1
1234, 1023, -1
616, 558, -1
409, 856, -1
404, 1209, -1
1043, 850, -1
1261, 1141, -1
1102, 631, -1
164, 441, -1
279, 210, -1
725, 63, -1
300, 1134, -1
1215, 920, -1
978, 1286, -1
309, 29, -1
907, 1149, -1
1371, 209, -1
465, 1152, -1
360, 1416, -1
803, 500, -1
0, 388, -1
444, 276, -1
811, 1373, -1
1214, 1029, -1
179, 197, -1
879, 397, -1
637, 291, -1
335, 1309, -1
202, 212, -1
149, 61, -1
8, 1419, -1
875, 29, -1
77, 1333, -1
39, 1279, -1
655, 1122, -1
45, 1359, -1
1199, 109, -1
179, 613, -1
444, 680, -1
891, 495, -1
550, 357, -1
250, 999, -1
1422, 399, -1
31, 1405, -1
897, 809, -1
1030, 581, -1
71, 67, -1
913, 1221, -1
490, 1303, -1
1381, 1415, -1
560, 93, -1
335, 564, -1
59, 643, -1
595, 856, -1
1215, 565, -1
148, 849, -1
16, 308, -1
948, 438, -1
63, 1218, -1
1134, 1160, -1
28, 892, -1
705, 854, -1
154, 402, -1
772, 737, -1
3, 1135, -1
457, 972, -1
1074, 219, -1
1020, 1106, -1
1273, 946, -1
1138, 53, -1
32, 965, -1
387, 534, -1
947, 725, -1
358, 40, -1
1278, 95, -1
1259, 72, -1
1198, 469, -1
1107, 986, -1
285, 810, -1
1424, 896, -1
1401, 8, -1
827, 561, -1
1156, 1028, -1
539, 1212, -1
703, 1403, -1
552, 936, -1
714, 1246, -1
1149, 1139, -1
1150, 1022, -1
180, 560, -1
630, 691, -1
1385, 282, -1
1384, 701, -1
861, 7, -1
849, 411, -1
861, 550, -1
996, 735, -1
1097, 342, -1
362, 1382, -1
1352, 1041, -1
995, 663, -1
1146, 411, -1
896, 138, -1
1097, 683, -1
667, 1383, -1
138, 1091, -1
1245, 1189, -1
28, 508, -1
892, 21, -1
1315, 75, -1
1253, 701, -1
1122, 919, -1
1396, 261, -1
756, 663, -1
896, 329, -1
357, 7, -1
1097, 691, -1
21, 508, -1
1315, 1163, -1
357, 550, -1
1196, 996, -1
1041, 261, -1
849, 148, -1
1097, 1021, -1
329, 1091, -1
993, 1245, -1
75, 1315, -1

