16360, 7369, 8356, 3
771, 17443, 16084, 3
8416, 667, 12049, 3
6436, 2792, 8780, 3
3095, 18392, 9055, 3
1554, 9594, 17256, 3
4002, 18855, 11069, 3
8157, 7766, 660, 3
2912, 11977, 2594, 3
14590, 12973, 836, 3
4363, 8792, 6083, 3
15705, 11517, 5544, 3
1347, 5023, 14202, 3
9110, 5796, 18427, 3
16156, 7024, 17799, 3
5651, 2940, 8220, 3
9182, 1722, 7854, 3
16815, 5661, 15696, 3
7924, 13306, 14900, 3
6134, 15594, 6790, 3
8357, 7601, 17158, 3
8153, 13588, 7368, 3
15152, 2279, 18952, 3
14371, 6886, 16093, 3
11674, 649, 5521, 3
19422, 10010, 11827, 3
1011, 2735, 15413, 3
10599, 1970, 12009, 3
14064, 10901, 16674, 3
628, 12753, 11472, 3
5936, 18682, 11400, 3
8262, 8495, 8107, 3
16958, 5953, 15165, 3
9123, 9743, 19840, 3
8415, 11001, 14148, 3
11801, 3205, 17390, 3
16411, 2196, 10213, 3
7042, 16112, 7901, 3
8997, 7901, 7831, 3
16105, 12615, 11182, 3
8396, 2921, 14892, 3
8478, 11810, 1906, 3
17212, 7663, 2468, 3
16910, 18535, 2350, 3
19829, 19467, 13152, 3
17444, 2847, 14293, 3
4145, 11031, 3113, 3
4134, 4182, 12608, 3
10076, 12784, 17379, 3
7210, 10357, 10282, 3
15226, 318, 10184, 3
12651, 15211, 17335, 3
2561, 3833, 6538, 3
17004, 16744, 15471, 3
2709, 9193, 4377, 3
15068, 801, 14312, 3
15902, 2386, 11028, 3
9312, 813, 13151, 3
7386, 1130, 18193, 3
3262, 2724, 16190, 3
11034, 15906, 3781, 3
15827, 8581, 8035, 3
5015, 12313, 12442, 3
15055, 15124, 1782, 3
16011, 10200, 18661, 3
19872, 695, 12239, 3
9056, 15191, 7666, 3
15312, 15865, 19609, 3
3976, 10424, 8111, 3
10909, 18111, 4712, 3
16158, 13305, 7742, 3
17867, 2266, 15788, 3
6983, 23, 19068, 3
1777, 8521, 17632, 3
15627, 17294, 769, 3
12092, 8351, 16586, 3
16533, 279, 3706, 3
16414, 17839, 14980, 3
9823, 10109, 19592, 3
13581, 1100, 11485, 3
17360, 10309, 4070, 3
9030, 12095, 12750, 3
14853, 2758, 7624, 3
1368, 7206, 4423, 3
3283, 10929, 2786, 3
8642, 2970, 6184, 3
10315, 11359, 378, 3
15414, 240, 16769, 3
15300, 14102, 4356, 3
18658, 11579, 937, 3
1569, 3699, 1356, 3
11938, 2049, 7726, 3
16120, 2383, 8134, 3
10629, 9651, 7880, 3
13533, 13996, 19936, 3
5748, 18237, 14523, 3
11541, 7918, 17908, 3
4284, 18482, 12067, 3
6334, 8953, 19777, 3
12848, 14395, 9172, 3
11169, 1736, 17087, 3
19318, 13997, 17136, 3
6405, 1234, 17092, 3
17917, 6849, 13096, 3
15782, 18921, 11370, 3
18728, 18595, 12359, 3
1932, 16407, 3891, 3
13860, 18889, 8822, 3
5206, 14926, 9717, 3
8054, 1249, 16387, 3
16988, 5414, 12229, 3
16661, 14448, 9408, 3
18224, 6735, 16896, 3
11937, 12726, 1800, 3
4251, 8719, 864, 3
14325, 14924, 13436, 3
15523, 18391, 14951, 3
15957, 4636, 13459, 3
11638, 11295, 10384, 3
16844, 18015, 11995, 3
10600, 10961, 15801, 3
14656, 13596, 6846, 3
10818, 11479, 4799, 3
16517, 4186, 3090, 3
11261, 13748, 3167, 3
6896, 794, 18759, 3
12797, 14065, 18555, 3
2377, 14323, 9612, 3
10895, 14902, 17589, 3
14805, 17086, 4867, 3
18155, 16736, 8202, 3
10046, 6196, 3945, 3
4994, 1201, 12999, 3
18155, 18103, 3237, 3
5270, 5328, 7231, 3
18449, 15663, 17985, 3
16202, 65, 10704, 3
3235, 18175, 13755, 3
13609, 16358, 11348, 3
9095, 15773, 12810, 3
10808, 16, 4448, 3
11321, 2370, 1055, 3
17716, 11898, 6867, 3
1581, 4347, 7613, 3
9357, 15924, 4610, 3
11576, 13277, 12497, 3
3829, 2677, 7170, 3
11112, 11800, 1463, 3
2733, 1656, 13475, 3
18106, 3292, 13617, 3
8457, 12272, 13611, 3
14464, 4595, 8773, 3
14763, 188, 11590, 3
12658, 4224, 15767, 3
2265, 14636, 7977, 3
1886, 18772, 471, 3
13770, 3440, 6060, 3
7485, 1145, 1271, 3
13051, 13557, 7010, 3
12019, 1036, 18999, 3
13382, 1535, 19056, 3
5161, 17807, 10892, 3
16904, 10103, 12198, 3
18844, 7758, 19888, 3
19010, 17156, 11957, 3
10761, 5336, 10929, 3
3853, 10669, 4235, 3
19578, 4436, 1455, 3
17047, 8300, 15656, 3
18699, 10530, 2943, 3
5226, 11439, 3304, 3
14568, 3101, 12894, 3
17108, 16841, 7649, 3
16887, 12430, 9134, 3
3791, 6639, 8249, 3
9265, 17918, 10637, 3
13765, 15120, 2709, 3
11789, 12273, 17114, 3
4572, 7443, 201, 3
6913, 6658, 19590, 3
19301, 16032, 14510, 3
4990, 9503, 8652, 3
8672, 7506, 19737, 3
6496, 6294, 16979, 3
16891, 9639, 13121, 3
277, 1669, 14495, 3
5339, 12504, 8449, 3
19922, 19471, 269, 3
17941, 12943, 17654, 3
3189, 2649, 6165, 3
17985, 3936, 14986, 3
7091, 16528, 19892, 3
5940, 18610, 15267, 3
3959, 11593, 5313, 3
14634, 4492, 5214, 3
12764, 9132, 7243, 3
16111, 17745, 9814, 3
10061, 5427, 17926, 3
757, 17344, 10536, 3
2866, 19738, 13446, 3
15187, 15360, 8346, 3
2511, 1204, 12139, 3
18823, 838, 19962, 3
15292, 8614, 3512, 3
10243, 11917, 2236, 3
7327, 7895, 1034, 3
18398, 1384, 17728, 3
927, 15966, 12828, 3
5159, 15704, 12284, 3
19703, 11624, 15544, 3
14095, 7388, 3194, 3
8948, 15768, 7000, 3
6831, 17865, 7216, 3
6720, 11467, 754, 3
6812, 10195, 6560, 3
5547, 5145, 19764, 3
19973, 15486, 19839, 3
18550, 3370, 211, 3
16001, 17903, 13546, 3
9295, 15610, 16597, 3
19744, 5594, 15129, 3
16016, 3578, 115, 3
545, 4013, 16662, 3
4866, 11470, 11741, 3
8117, 3842, 11402, 3
2643, 11965, 9146, 3
1959, 1242, 751, 3
17706, 1967, 13609, 3
16940, 8105, 1939, 3
15051, 19865, 17622, 3
875, 16097, 8945, 3
12811, 3436, 12269, 3
16941, 5319, 17623, 3
2060, 16866, 6077, 3
8075, 3114, 10743, 3
10430, 6773, 19973, 3
4201, 7208, 6925, 3
9299, 2400, 9945, 3
4917, 17051, 18589, 3
18686, 16729, 3219, 3
297, 9320, 5948, 3
7717, 17716, 11622, 3
344, 3994, 18902, 3
12589, 13696, 7870, 3
12433, 17497, 9276, 3
10562, 17407, 1293, 3
19052, 17081, 15325, 3
1629, 7016, 1592, 3
12702, 16427, 7905, 3
18630, 17620, 19580, 3
2372, 6142, 17417, 3
15632, 8529, 11519, 3
4543, 10327, 16168, 3
17040, 14488, 3780, 3
16546, 943, 11988, 3
6504, 11081, 9945, 3
916, 25, 13810, 3
14518, 1784, 18246, 3
6367, 8911, 13570, 3
5763, 17596, 16108, 3
9017, 190, 2478, 3
11294, 1886, 14840, 3
2934, 14867, 14634, 3
11743, 10336, 3415, 3
19790, 15422, 573, 3
1802, 16169, 7954, 3
7502, 3407, 2274, 3
6114, 10286, 13069, 3
13845, 139, 17273, 3
6159, 5500, 7810, 3
14567, 19398, 5620, 3
3020, 11553, 16496, 3
1723, 496, 14615, 3
4046, 15452, 14003, 3
2909, 12519, 17605, 3
9441, 9084, 9400, 3
7218, 19233, 14086, 3
6372, 13459, 4417, 3
13001, 8234, 3748, 3
7047, 10515, 18211, 3
15794, 14091, 9221, 3
4712, 3598, 19962, 3
825, 6941, 6769, 3
10035, 17968, 3848, 3
14240, 6141, 735, 3
11451, 19209, 4628, 3
5816, 15760, 1940, 3
1883, 803, 7535, 3
7569, 4205, 11699, 3
1545, 14792, 238, 3
12063, 9139, 3445, 3
16538, 836, 14628, 3
16035, 9791, 6485, 3
3195, 9948, 13639, 3
243, 15850, 17920, 3
15855, 7743, 148, 3
4318, 474, 18772, 3
2486, 7407, 12464, 3
6356, 7352, 19430, 3
5671, 1686, 13046, 3
3364, 7882, 7267, 3
16564, 10545, 247, 3
5602, 3506, 19832, 3
4286, 2530, 6565, 3
12436, 3576, 4052, 3
2970, 15128, 19601, 3
14, 2792, 16364, 3
7692, 13579, 17818, 3
16950, 13667, 18472, 3
17043, 8376, 1164, 3
4645, 8869, 11180, 3
3793, 4779, 11256, 3
8194, 10954, 257, 3
17155, 19085, 17653, 3
8324, 15935, 2466, 3
6554, 18833, 1949, 3
8954, 11062, 15449, 3
11132, 5506, 19660, 3
15537, 6785, 3564, 3
7183, 18985, 10295, 3
12809, 11025, 14226, 3
17479, 10039, 4316, 3
9668, 18615, 16812, 3
11764, 13984, 15186, 3
15502, 7109, 18537, 3
13174, 1234, 9498, 3
8917, 9879, 16502, 3
8959, 3784, 2036, 3
7598, 10684, 8014, 3
18303, 15788, 14323, 3
9667, 17555, 13598, 3
7121, 4786, 15313, 3
2149, 2148, 5350, 3
1230, 3365, 9518, 3
19153, 5132, 14419, 3
10355, 4047, 15093, 3
3768, 4251, 15839, 3
15871, 517, 125, 3
2850, 19408, 11822, 3
11070, 17828, 546, 3
17118, 1986, 15146, 3
16953, 519, 6574, 3
17892, 10544, 2679, 3
19033, 6719, 16596, 3
13441, 8055, 3964, 3
2294, 14870, 9250, 3
10663, 10257, 6095, 3
19434, 15102, 19978, 3
1269, 328, 18440, 3
14111, 12463, 18439, 3
2533, 15298, 842, 3
9260, 10736, 15980, 3
5177, 12817, 6205, 3
5477, 6827, 7412, 3
19150, 15774, 5704, 3
3898, 6597, 17756, 3
9081, 17090, 13375, 3
6620, 8566, 16769, 3
8185, 19418, 2049, 3
1672, 18419, 3212, 3
7836, 8573, 7708, 3
6142, 3960, 19500, 3
7819, 17355, 2975, 3
3028, 2370, 17294, 3
5694, 1092, 4538, 3
12677, 14466, 2907, 3
10656, 4812, 4160, 3
15763, 10967, 4381, 3
9443, 10094, 18521, 3
3383, 2384, 11810, 3
17721, 8624, 14554, 3
11608, 15433, 4101, 3
17366, 6876, 19479, 3
8365, 11963, 7663, 3
16538, 19409, 6067, 3
13242, 4762, 16447, 3
12000, 6716, 8842, 3
10183, 3754, 13039, 3
285, 3685, 14920, 3
9688, 5627, 17703, 3
4896, 13356, 4033, 3
19383, 8131, 12078, 3
19130, 1092, 7389, 3
2210, 17773, 1411, 3
19655, 12380, 17242, 3
7835, 10709, 10121, 3
1479, 9936, 9454, 3
14501, 6442, 14763, 3
15552, 8148, 16284, 3
18696, 9963, 16381, 3
8885, 12851, 4255, 3
12470, 5699, 15914, 3
10450, 12009, 12944, 3
6179, 8474, 7770, 3
16840, 10017, 12509, 3
18298, 18177, 15542, 3
10686, 842, 1437, 3
7160, 11650, 1506, 3
10452, 18733, 2539, 3
9324, 3017, 5813, 3
5309, 8298, 15042, 3
4874, 10767, 19532, 3
14892, 1784, 8771, 3
10439, 12907, 16981, 3
11561, 10012, 14983, 3
9881, 11466, 17365, 3
9830, 16899, 16560, 3
19430, 16971, 15743, 3
8883, 8588, 13527, 3
14228, 17271, 18804, 3
10946, 651, 16502, 3
8541, 1223, 14368, 3
18372, 14460, 19889, 3
12550, 10429, 4004, 3
7510, 6902, 4451, 3
1502, 11641, 10704, 3
13895, 17621, 6536, 3
18431, 11505, 13725, 3
12382, 12409, 18758, 3
7388, 3315, 18940, 3
13930, 1973, 19568, 3
6916, 13715, 8842, 3
4279, 11758, 12418, 3
15048, 12908, 1746, 3
16040, 16905, 16851, 3
3861, 7203, 206, 3
18301, 1457, 8645, 3
8099, 3557, 6060, 3
18372, 6851, 1543, 3
17740, 10931, 5074, 3
1142, 17154, 1332, 3
12337, 8847, 4570, 3
8712, 6754, 19953, 3
15189, 329, 682, 3
16660, 1118, 12256, 3
1238, 5280, 1689, 3
5689, 6792, 5090, 3
14049, 16365, 7287, 3
16994, 1993, 5577, 3
10046, 16934, 6939, 3
7529, 3793, 2861, 3
14310, 1781, 5672, 3
12453, 10466, 2042, 3
9228, 1910, 10246, 3
9376, 17803, 1794, 3
12822, 3465, 11149, 3
2939, 17182, 170, 3
3983, 11062, 7834, 3
7625, 11461, 2145, 3
343, 11855, 11407, 3
1770, 2975, 2085, 3
9664, 6763, 2165, 3
10552, 6870, 2666, 3
4829, 13997, 5026, 3
319, 2944, 15595, 3
381, 17958, 602, 3
3108, 12396, 249, 3
4511, 10830, 15698, 3
407, 632, 5684, 3
14112, 15508, 9079, 3
18104, 9676, 14638, 3
8944, 7420, 9659, 3
4507, 14889, 11978, 3
2048, 2172, 11279, 3
380, 1625, 19326, 3
14657, 2468, 14031, 3
1497, 8330, 19894, 3
19786, 14404, 2436, 3
1405, 16488, 7113, 3
3908, 11277, 10700, 3
6311, 1763, 838, 3
8443, 17963, 7839, 3
2125, 5326, 16154, 3
4770, 15393, 13784, 3
4522, 18192, 7122, 3
15249, 17654, 105, 3
165, 15128, 859, 3
1511, 4663, 1565, 3
10169, 17019, 8615, 3
13587, 13879, 6076, 3
3653, 5255, 6125, 3
17159, 10418, 10427, 3
13268, 8476, 15531, 3
15007, 2935, 3121, 3
15988, 17086, 13356, 3
10245, 17080, 18032, 3
14496, 13680, 14114, 3
12166, 11133, 6871, 3
3698, 17632, 9811, 3
1932, 2890, 18334, 3
2830, 6602, 19745, 3
2385, 5383, 12348, 3
5926, 7864, 18892, 3
3145, 1645, 12310, 3
10520, 16651, 4055, 3
19688, 5858, 8706, 3
14722, 3125, 10591, 3
12087, 9570, 8571, 3
12264, 19124, 16528, 3
11402, 800, 2311, 3
815, 1338, 1
1343, 654, 1
169, 1208, 1
409, 966, 1
427, 521, 1
454, 132, 1
172, 1383, 1
364, 1194, 1
513, 442, 1
550, 297, 1
1146, 1342, 1
91, 774, 1
953, 1308, 1
1158, 898, 1
457, 52, 1
1080, 588, 1
1185, 1311, 1
107, 400, 1
698, 1068, 1
1032, 1243, 1
584, 999, -1
430, 786, -1
1431, 1133, -1
1008, 301, -1
240, 523, -1
608, 931, -1
1092, 965, -1
1073, 225, -1
1407, 1140, -1
139, 854, -1
710, 580, -1
857, 511, -1
305, 134, -1
713, 1292, -1
448, 1086, -1
1084, 910, -1
956, 1151, -1
766, 106, -1
288, 646, -1
1115, 1385, -1
815, 198, -1
75, 1240, -1
1008, 280, -1
723, 901, -1
894, 666, -1
442, 972, -1
1274, 612, -1
915, 1036, -1
1027, 45, -1
651, 550, -1
1002, 1047, -1
479, 769, -1
264, 32, -1
98, 655, -1
792, 312, -1
531, 799, -1
143, 657, -1
1314, 1320, -1
1382, 73, -1
523, 513, -1
1367, 161, -1
988, 775, -1
104, 911, -1
1435, 1440, -1
1375, 160, -1
648, 424, -1
1371, 758, -1
578, 1268, -1
1417, 909, -1
645, 388, -1
1437, 1301, -1
529, 361, -1
468, 156, -1
1343, 189, -1
118, 1406, -1
1173, 1045, -1
770, 897, -1
963, 176, -1
81, 1132, -1
469, 756, -1
610, 105, -1
1188, 510, -1
1204, 798, -1
943, 98, -1
179, 500, -1
585, 1404, -1
1335, 504, -1
719, 1131, -1
82, 956, -1
1058, 1353, -1
472, 609, -1
669, 266, -1
295, 178, -1
909, 369, -1
529, 870, -1
488, 1405, -1
213, 899, -1
1101, 51, -1
886, 686, -1
1398, 812, -1
418, 1170, -1
1221, 261, -1
686, 1144, -1
400, 1363, -1
551, 184, -1
434, 1400, -1
1072, 8, -1
1382, 881, -1
606, 1225, -1
395, 51, -1
1344, 631, -1
1363, 127, -1
245, 853, -1
310, 100, -1
1335, 54, -1
1292, 229, -1
586, 379, -1
399, 1264, -1
1202, 108, -1
1394, 1115, -1
928, 1, -1
364, 392, -1
448, 657, -1
327, 794, -1
1232, 219, -1
1380, 820, -1
682, 1222, -1
1418, 857, -1
492, 502, -1
687, 276, -1
457, 1192, -1
1345, 258, -1
1372, 1257, -1
186, 1405, -1
427, 763, -1
1383, 550, -1
788, 37, -1
530, 91, -1
561, 973, -1
1065, 203, -1
186, 19, -1
1287, 1132, -1
379, 84, -1
737, 536, -1
1377, 1276, -1
546, 730, -1
535, 105, -1
929, 525, -1
466, 73, -1
800, 762, -1
217, 824, -1
1157, 1080, -1
882, 324, -1
614, 643, -1
717, 1289, -1
42, 1238, -1
1027, 1019, -1
1071, 307, -1
1218, 1285, -1
1252, 735, -1
890, 1351, -1
540, 1006, -1
503, 985, -1
373, 1430, -1
299, 617, -1
1037, 1230, -1
683, 55, -1
181, 616, -1
815, 1108, -1
1390, 614, -1
378, 1170, -1
1411, 1262, -1
1362, 1285, -1
1386, 1274, -1
186, 674, -1
830, 132, -1
1030, 1114, -1
995, 1069, -1
1243, 1153, -1
574, 332, -1
501, 115, -1
295, 931, -1
553, 318, -1
672, 184, -1
373, 271, -1
782, 1316, -1
7, 1068, -1
555, 1349, -1
445, 972, -1
980, 1365, -1
1322, 1113, -1
946, 360, -1
473, 922, -1
126, 885, -1
1300, 450, -1
763, 1289, -1
307, 1042, -1
1216, 387, -1
347, 997, -1
648, 299, -1
1205, 774, -1
219, 41, -1
647, 1047, -1
1242, 190, -1
1402, 1193, -1
816, 669, -1
136, 576, -1
516, 678, -1
1019, 1310, -1
188, 282, -1
279, 905, -1
956, 538, -1
1030, 204, -1
1073, 125, -1
1085, 518, -1
280, 1400, -1
1034, 93, -1
177, 864, -1
1230, 894, -1
184, 1100, -1
140, 393, -1
427, 82, -1
873, 276, -1
290, 210, -1
542, 1022, -1
1181, 471, -1
1203, 324, -1
896, 762, -1
1413, 53, -1
791, 383, -1
92, 800, -1
925, 558, -1
950, 931, -1
1377, 831, -1
1419, 1365, -1
792, 175, -1
465, 1205, -1
559, 374, -1
1049, 23, -1
1323, 1357, -1
1163, 343, -1
928, 106, -1
135, 960, -1
697, 864, -1
1369, 549, -1
558, 1302, -1
1403, 1172, -1
730, 1393, -1
698, 445, -1
457, 1111, -1
1045, 759, -1
1163, 1076, -1
328, 1201, -1
1416, 0, -1
17, 467, -1
1073, 1352, -1
1126, 830, -1
724, 142, -1
545, 1439, -1
1347, 715, -1
1094, 1281, -1
985, 941, -1
415, 101, -1
763, 1365, -1
1071, 659, -1
586, 801, -1
821, 1097, -1
508, 552, -1
1411, 1322, -1
148, 1205, -1
316, 1206, -1
1016, 1075, -1
1010, 1304, -1
1197, 585, -1
342, 660, -1
1401, 33, -1
325, 1268, -1
1393, 658, -1
1439, 1402, -1
918, 142, -1
296, 281, -1
472, 280, -1
278, 1001, -1
437, 1169, -1
1184, 1330, -1
1017, 528, -1
373, 642, -1
90, 1278, -1
121, 1284, -1
174, 173, -1
886, 48, -1
408, 397, -1
372, 111, -1
835, 476, -1
378, 71, -1
1276, 228, -1
678, 1303, -1
937, 868, -1
222, 744, -1
603, 391, -1
529, 526, -1
973, 719, -1
936, 1391, -1
141, 375, -1
368, 744, -1
498, 191, -1
1345, 244, -1
908, 1072, -1
1349, 750, -1
1186, 187, -1
1232, 1140, -1
790, 695, -1
667, 96, -1
438, 236, -1
561, 489, -1
158, 793, -1
288, 1, -1
556, 1023, -1
180, 1041, -1
1214, 196, -1
641, 992, -1
300, 470, -1
1415, 989, -1
345, 293, -1
1158, 290, -1
1215, 567, -1
631, 921, -1
994, 540, -1
988, 288, -1
369, 186, -1
962, 41, -1
793, 1136, -1
312, 1204, -1
1179, 889, -1
302, 596, -1
688, 445, -1
423, 427, -1
285, 612, -1
77, 820, -1
1302, 777, -1
399, 165, -1
416, 725, -1
542, 307, -1
855, 510, -1
687, 527, -1
1050, 50, -1
1388, 539, -1
151, 595, -1
1201, 717, -1
1273, 1214, -1
964, 379, -1
567, 672, -1
595, 1158, -1
1017, 1397, -1
1204, 1102, -1
825, 415, -1
533, 234, -1
363, 708, -1
128, 1356, -1
1302, 332, -1
866, 607, -1
729, 394, -1
1343, 1312, -1
54, 142, -1
112, 299, -1
416, 513, -1
1106, 176, -1
217, 790, -1
953, 566, -1
1042, 1191, -1
166, 265, -1
922, 127, -1
762, 735, -1
845, 894, -1
1008, 788, -1
1127, 86, -1
242, 767, -1
516, 770, -1
102, 925, -1
1077, 1120, -1
1163, 413, -1
460, 947, -1
868, 663, -1
351, 347, -1
97, 1187, -1
270, 1421, -1
962, 327, -1
673, 1290, -1
826, 643, -1
837, 116, -1
93, 1404, -1
235, 820, -1
641, 1182, -1
42, 822, -1
197, 100, -1
49, 756, -1
1133, 617, -1
233, 1093, -1
134, 829, -1
735, 1025, -1
781, 938, -1
767, 43, -1
793, 339, -1
330, 1335, -1
749, 766, -1
309, 955, -1
63, 828, -1
966, 366, -1
1271, 413, -1
409, 530, -1
665, 1224, -1
1401, 1350, -1
173, 1247, -1
1276, 642, -1
300, 1320, -1
190, 1421, -1
205, 844, -1
1060, 401, -1
1098, 382, -1
60, 1193, -1
1431, 297, -1
165, 950, -1
673, 116, -1
950, 116, -1
920, 414, -1
307, 243, -1
522, 899, -1
630, 669, -1
130, 109, -1
130, 396, -1
763, 473, -1
170, 434, -1
425, 1389, -1
831, 1049, -1
966, 654, -1
1063, 301, -1
1075, 703, -1
645, 833, -1
134, 1039, -1
992, 868, -1
1094, 229, -1
339, 845, -1
266, 511, -1
1150, 1253, -1
693, 1077, -1
684, 853, -1
648, 1196, -1
1185, 52, -1
894, 1012, -1
263, 1379, -1
816, 465, -1
1017, 1308, -1
70, 1319, -1
1325, 1052, -1
12, 272, -1
1298, 732, -1
568, 459, -1
463, 196, -1
188, 1229, -1
648, 23, -1
401, 110, -1
940, 639, -1
496, 1325, -1
1286, 922, -1
241, 359, -1
312, 1388, -1
426, 895, -1
602, 232, -1
500, 1202, -1
996, 531, -1
980, 534, -1
12, 1105, -1
683, 224, -1
342, 1219, -1
395, 793, -1
1163, 265, -1
839, 410, -1
373, 834, -1
1341, 831, -1
119, 335, -1
266, 277, -1
1186, 105, -1
1286, 330, -1
1064, 1020, -1
102, 531, -1
1347, 514, -1
247, 1285, -1
268, 1188, -1
1109, 196, -1
289, 1146, -1
873, 651, -1
1283, 735, -1
965, 447, -1
1310, 477, -1
119, 584, -1
274, 547, -1
1165, 647, -1
689, 44, -1
234, 231, -1
1011, 1272, -1
409, 366, -1
1192, 52, -1
1032, 1153, -1
513, 972, -1
521, 82, -1
1312, 654, -1
1017, 953, -1
392, 1194, -1
172, 550, -1
107, 1363, -1
530, 774, -1
588, 1157, -1
52, 1311, -1
91, 1205, -1
530, 966, -1
521, 423, -1
297, 651, -1
698, 7, -1
454, 830, -1
189, 654, -1
289, 1342, -1
52, 1111, -1
297, 1383, -1
1185, 457, -1
290, 898, -1
442, 523, -1
966, 1343, -1
1338, 1108, -1
409, 654, -1
1068, 445, -1
898, 595, -1
550, 1431, -1
1308, 566, -1
416, 442, -1
1338, 198, -1
521, 763, -1
427, 423, -1
763, 427, -1
1108, 815, -1
1068, 7, -1
392, 364, -1
1192, 457, -1
290, 1158, -1
1312, 1343, -1
513, 523, -1
457, 1311, -1
297, 172, -1
550, 1383, -1
1153, 1243, -1
82, 427, -1
189, 1343, -1
198, 815, -1
297, 1431, -1
409, 1343, -1
1080, 1157, -1
654, 966, -1
457, 1185, -1

