16278, 1320, 1861, 3
11112, 17272, 10394, 3
707, 6522, 17804, 3
3061, 4481, 6509, 3
17697, 1305, 17414, 3
19685, 8212, 11695, 3
13815, 2742, 12380, 3
19021, 4328, 17362, 3
7914, 19043, 8266, 3
17539, 17701, 913, 3
13616, 15419, 13777, 3
8982, 3330, 4274, 3
15259, 5143, 14818, 3
14466, 17587, 19365, 3
14208, 12215, 4503, 3
17063, 9326, 16141, 3
7953, 12554, 10647, 3
17653, 2115, 11542, 3
7792, 6298, 2472, 3
6127, 8919, 7702, 3
6772, 7652, 3170, 3
10654, 10450, 12421, 3
11619, 17788, 3340, 3
6765, 14329, 12459, 3
7656, 14618, 9284, 3
15703, 18857, 13526, 3
4020, 2444, 648, 3
3833, 9388, 7772, 3
10222, 594, 9552, 3
5378, 169, 17910, 3
16328, 13283, 13564, 3
3509, 3818, 4353, 3
13700, 5249, 15562, 3
1591, 15180, 19424, 3
11985, 15099, 11516, 3
747, 11885, 17594, 3
10606, 13386, 3401, 3
2034, 14964, 2888, 3
6029, 18371, 8660, 3
9355, 18312, 15030, 3
7035, 8449, 14062, 3
2376, 14740, 19519, 3
18843, 632, 9702, 3
8818, 18539, 1749, 3
4410, 18683, 2010, 3
16684, 16294, 18624, 3
4077, 9406, 18471, 3
647, 17529, 8308, 3
16690, 4214, 9197, 3
4088, 1147, 4819, 3
12291, 2965, 9866, 3
2883, 6876, 18706, 3
12461, 18286, 18345, 3
6278, 14941, 13240, 3
5385, 18808, 14847, 3
9203, 12902, 5041, 3
15325, 6308, 17514, 3
3423, 1479, 5845, 3
18540, 11616, 12921, 3
14474, 17059, 11039, 3
1597, 4557, 6468, 3
6630, 11296, 17432, 3
8256, 10421, 6028, 3
19345, 7310, 3967, 3
2633, 5548, 12906, 3
14532, 12994, 6795, 3
507, 15443, 9746, 3
15975, 12538, 15227, 3
12140, 9925, 9289, 3
14083, 17788, 2389, 3
18099, 19878, 4789, 3
10799, 5002, 3083, 3
14009, 2770, 1729, 3
16881, 15242, 13566, 3
12174, 18318, 9435, 3
14954, 17750, 3660, 3
15393, 19259, 19000, 3
956, 15837, 15013, 3
5776, 4238, 10781, 3
10941, 5431, 2865, 3
14310, 2883, 5106, 3
4082, 5187, 14738, 3
2875, 11660, 8491, 3
213, 6972, 12207, 3
444, 7746, 5283, 3
8488, 2225, 7596, 3
17667, 1525, 4494, 3
19477, 1019, 6044, 3
3099, 15457, 2336, 3
3487, 2789, 916, 3
11468, 17719, 14261, 3
7705, 16518, 3671, 3
4759, 8764, 4145, 3
2415, 11904, 16894, 3
6850, 19198, 3769, 3
15030, 2037, 15187, 3
5058, 17718, 1162, 3
1304, 9851, 15075, 3
6018, 1994, 13951, 3
19680, 16462, 3673, 3
10163, 16780, 9709, 3
17983, 1865, 3241, 3
1118, 9097, 6482, 3
8744, 10161, 2022, 3
12058, 6355, 1659, 3
8248, 18436, 7809, 3
3602, 4111, 8257, 3
1228, 9587, 16499, 3
14150, 9895, 17824, 3
11230, 19809, 14151, 3
70, 2315, 13637, 3
9107, 14748, 14373, 3
11000, 16056, 13157, 3
6296, 13534, 5863, 3
2793, 984, 17906, 3
17971, 1437, 7118, 3
1106, 6590, 4303, 3
1852, 10092, 17945, 3
1406, 18810, 13905, 3
12013, 2010, 16527, 3
13357, 14844, 6530, 3
944, 12575, 18077, 3
16117, 9435, 3448, 3
10652, 11242, 2687, 3
5693, 6789, 15594, 3
2453, 3385, 14913, 3
3801, 10815, 7565, 3
10588, 8811, 12341, 3
15499, 19704, 11095, 3
16796, 12834, 13396, 3
3142, 2043, 17153, 3
5538, 3461, 12057, 3
3315, 17767, 5639, 3
10629, 1180, 18686, 3
9510, 6327, 5569, 3
18666, 6522, 416, 3
19508, 12385, 9490, 3
8453, 13606, 1668, 3
10743, 12819, 3959, 3
3155, 13810, 8717, 3
1067, 10568, 12918, 3
1609, 8331, 4277, 3
9704, 4429, 7010, 3
19555, 3835, 2279, 3
13330, 9513, 15466, 3
1527, 11847, 8918, 3
15716, 423, 9126, 3
17923, 7062, 2884, 3
137, 8505, 1827, 3
7922, 4994, 9019, 3
1708, 11936, 1232, 3
16188, 864, 3774, 3
10928, 7232, 17976, 3
10740, 2927, 12278, 3
9331, 5416, 920, 3
18808, 5121, 14020, 3
7982, 11739, 16813, 3
15200, 10622, 3736, 3
12714, 8145, 17124, 3
10413, 17990, 4209, 3
17568, 2028, 13742, 3
985, 17467, 13320, 3
8905, 1357, 6884, 3
4463, 18778, 1760, 3
1497, 11602, 16731, 3
9698, 5184, 6726, 3
19113, 12490, 2262, 3
9658, 5384, 19872, 3
11451, 15875, 1589, 3
9466, 1192, 13014, 3
13942, 3572, 8055, 3
10938, 14151, 9948, 3
16939, 2409, 11309, 3
105, 6585, 9260, 3
10786, 10038, 593, 3
16920, 13117, 16026, 3
5139, 10598, 17089, 3
12299, 7242, 3308, 3
122, 9881, 915, 3
11829, 15558, 10647, 3
14248, 5151, 222, 3
3843, 5080, 18277, 3
9700, 7451, 14583, 3
16670, 17848, 15637, 3
8510, 17291, 4631, 3
9656, 14844, 17335, 3
15855, 15803, 13700, 3
18981, 13854, 4835, 3
18335, 4509, 14008, 3
2541, 1933, 3384, 3
18071, 9172, 3129, 3
16653, 19764, 13012, 3
17941, 15203, 14522, 3
19848, 12183, 3641, 3
9792, 6909, 14820, 3
4899, 4022, 5421, 3
11754, 1075, 3775, 3
13684, 10587, 1178, 3
4323, 496, 10124, 3
1957, 11687, 17660, 3
17799, 14734, 5599, 3
8918, 19432, 7828, 3
5478, 18501, 10172, 3
16785, 12537, 13878, 3
754, 10855, 17474, 3
10048, 17621, 18701, 3
1460, 15876, 16, 3
17498, 19336, 505, 3
16756, 8211, 14490, 3
10892, 6457, 13431, 3
15303, 160, 19804, 3
7346, 17177, 6833, 3
6907, 10248, 5125, 3
11860, 7579, 18436, 3
12264, 2212, 16019, 3
16727, 205, 16169, 3
9061, 4520, 9893, 3
2521, 10980, 2961, 3
4916, 9007, 17227, 3
105, 17969, 11849, 3
19917, 1829, 10607, 3
9337, 10710, 10824, 3
16638, 5650, 12665, 3
8274, 14542, 1999, 3
16010, 923, 4068, 3
2631, 8090, 7628, 3
18931, 4782, 5080, 3
291, 393, 11381, 3
18753, 16261, 4559, 3
4671, 11579, 1193, 3
14211, 432, 16152, 3
6827, 10397, 5024, 3
19668, 12022, 8702, 3
6389, 2335, 9325, 3
17419, 17058, 13376, 3
15513, 15823, 3311, 3
10056, 12941, 5701, 3
1907, 6048, 383, 3
14662, 15602, 4382, 3
12466, 650, 10628, 3
7413, 15839, 10844, 3
16438, 14763, 5, 3
17538, 13762, 14821, 3
17597, 3550, 6039, 3
954, 12213, 2706, 3
13904, 9143, 14954, 3
4284, 14655, 17167, 3
13863, 6528, 7807, 3
1747, 2187, 15867, 3
17947, 3009, 6682, 3
11472, 15840, 14728, 3
18925, 8093, 9054, 3
18350, 7735, 2010, 3
19324, 9679, 15572, 3
19247, 18870, 12278, 3
3837, 15551, 7917, 3
5554, 14315, 14732, 3
3332, 3688, 17615, 3
10645, 16905, 8200, 3
15485, 5207, 12478, 3
16830, 10392, 18353, 3
11159, 213, 12291, 3
12145, 6633, 9719, 3
5963, 17675, 17003, 3
16144, 8148, 601, 3
13608, 10856, 3001, 3
9142, 745, 11709, 3
7078, 14358, 267, 3
3848, 19388, 3940, 3
3098, 18545, 4377, 3
3284, 5545, 4180, 3
18968, 16828, 14582, 3
18224, 17205, 15272, 3
3087, 12452, 6591, 3
8924, 12435, 16865, 3
10069, 10821, 413, 3
2151, 16301, 7465, 3
13100, 12082, 6281, 3
9811, 19863, 2147, 3
10176, 3858, 3366, 3
7242, 8819, 1981, 3
13414, 18288, 17320, 3
3097, 5587, 3028, 3
2078, 2578, 8804, 3
14436, 4252, 1360, 3
1152, 4553, 11991, 3
464, 891, 9929, 3
8744, 2749, 5813, 3
670, 19135, 15804, 3
12696, 13271, 8385, 3
3543, 17688, 1741, 3
9805, 7957, 7211, 3
15464, 15451, 1606, 3
241, 7729, 8601, 3
13666, 15499, 3642, 3
8035, 13228, 5043, 3
8709, 84, 19050, 3
3784, 13068, 662, 3
2530, 18477, 9533, 3
461, 13692, 10476, 3
11717, 5031, 18697, 3
9473, 10082, 17617, 3
15391, 11071, 5073, 3
4253, 16266, 13630, 3
2465, 16836, 14082, 3
14946, 2812, 4033, 3
7767, 18713, 11051, 3
16218, 2590, 19745, 3
5409, 13437, 8397, 3
2352, 11096, 13089, 3
15663, 11946, 11209, 3
13227, 16041, 8445, 3
15185, 19116, 18564, 3
11558, 17098, 9884, 3
16811, 19929, 14975, 3
19104, 18239, 11910, 3
8509, 13603, 6348, 3
5683, 17189, 3166, 3
14287, 18554, 1558, 3
5981, 3122, 1115, 3
10264, 165, 18006, 3
16100, 10007, 10994, 3
12148, 16402, 4935, 3
12173, 16303, 18533, 3
15876, 13341, 13355, 3
9827, 4875, 10286, 3
6755, 10814, 12587, 3
4723, 5616, 2083, 3
1344, 10218, 12229, 3
7602, 16842, 16805, 3
482, 12412, 16001, 3
12872, 8250, 9203, 3
19703, 8718, 9304, 3
12681, 11516, 19520, 3
12691, 15528, 1519, 3
8498, 13395, 10965, 3
13112, 10623, 8768, 3
12506, 13935, 11236, 3
8203, 15804, 12195, 3
11515, 170, 12628, 3
11819, 2741, 16547, 3
11527, 11738, 8574, 3
4623, 335, 14098, 3
2209, 15851, 6801, 3
18348, 4470, 15581, 3
898, 12735, 5134, 3
17598, 4105, 9017, 3
16350, 452, 9340, 3
5455, 17189, 2679, 3
8068, 19437, 19376, 3
18339, 5688, 15224, 3
12390, 11816, 16965, 3
18461, 14297, 15487, 3
15906, 13305, 16908, 3
8441, 14093, 12704, 3
4623, 18469, 11482, 3
1032, 5016, 3044, 3
15549, 17239, 6524, 3
5073, 9475, 1740, 3
15537, 19777, 7863, 3
11485, 6321, 404, 3
7414, 17144, 13920, 3
16113, 4790, 9500, 3
11575, 11849, 18252, 3
19813, 6272, 12051, 3
8389, 12958, 6293, 3
14362, 10285, 18341, 3
4311, 15346, 4151, 3
9062, 17923, 6614, 3
918, 4085, 14944, 3
7906, 19453, 792, 3
7426, 366, 13615, 3
9619, 1964, 16101, 3
10318, 15283, 10773, 3
17055, 18150, 11868, 3
3991, 6208, 3276, 3
14704, 17360, 3787, 3
10151, 591, 3453, 3
4125, 12449, 5075, 3
855, 4091, 10133, 3
4249, 7615, 11734, 3
17075, 17832, 14376, 3
6958, 15307, 5143, 3
16083, 7275, 15557, 3
12253, 19877, 3492, 3
16978, 2272, 3493, 3
12559, 7010, 12273, 3
10652, 17453, 14754, 3
762, 6466, 13489, 3
6278, 19951, 5632, 3
700, 11621, 3192, 3
13581, 12787, 4550, 3
17303, 18281, 8561, 3
131, 17363, 17039, 3
9136, 5520, 4143, 3
4416, 17832, 11737, 3
12406, 4300, 15822, 3
14255, 10913, 2756, 3
10053, 15424, 16474, 3
7069, 12185, 9655, 3
13803, 9774, 8137, 3
14474, 6281, 5606, 3
18958, 9730, 17012, 3
1462, 4754, 17274, 3
5242, 11130, 998, 3
5677, 18375, 8265, 3
6531, 9257, 6149, 3
11865, 10254, 10542, 3
5258, 12756, 693, 3
5565, 3231, 5358, 3
8514, 11475, 6330, 3
12048, 16228, 13949, 3
11815, 1067, 10486, 3
16488, 5722, 2938, 3
13456, 2147, 18053, 3
8844, 18918, 18042, 3
9677, 1296, 19096, 3
10653, 5133, 18895, 3
13336, 15198, 14865, 3
8941, 3029, 6638, 3
1794, 19189, 6116, 3
18812, 900, 14491, 3
5095, 12645, 12184, 3
8213, 13833, 4477, 3
14547, 8127, 18482, 3
14175, 13901, 2041, 3
2840, 1430, 19297, 3
12603, 14713, 19371, 3
16763, 9799, 7513, 3
2062, 7799, 14508, 3
11508, 2669, 14782, 3
15347, 11429, 15045, 3
12664, 10495, 19344, 3
15071, 4083, 16273, 3
11146, 14157, 1027, 3
9412, 16942, 19823, 3
1970, 3818, 4286, 3
4278, 6252, 19549, 3
4992, 13582, 4673, 3
10127, 11550, 6001, 3
19974, 19661, 10903, 3
4327, 1859, 11215, 3
18463, 723, 15829, 3
6201, 4665, 17498, 3
1160, 1390, 2164, 3
8548, 13425, 8778, 3
12321, 8833, 10819, 3
14524, 16508, 19776, 3
2749, 2867, 5344, 3
9183, 13350, 10014, 3
4386, 3749, 11482, 3
5645, 8513, 9666, 3
8862, 6861, 19771, 3
7227, 4310, 2381, 3
6057, 14385, 17181, 3
19186, 17714, 366, 3
14376, 7471, 17641, 3
7395, 17805, 1071, 3
19693, 6104, 15903, 3
10462, 3834, 7456, 3
9780, 12095, 8189, 3
18457, 13411, 12406, 3
12253, 17477, 1073, 3
15981, 1974, 2193, 3
15266, 18293, 735, 3
17252, 17407, 18842, 3
14301, 19137, 9513, 3
10171, 16568, 6869, 3
11230, 2030, 18198, 3
11207, 7811, 19853, 3
17279, 15642, 10196, 3
6359, 18630, 5452, 3
68, 13460, 6353, 3
19055, 10082, 5000, 3
11270, 8295, 12225, 3
17539, 12605, 14414, 3
16987, 12394, 12167, 3
3411, 4581, 8112, 3
18998, 5893, 13746, 3
375, 8024, 2579, 3
11133, 9627, 19031, 3
9401, 16909, 4544, 3
15521, 9345, 15047, 3
11365, 4446, 13256, 3
11643, 3378, 6851, 3
3922, 18078, 8195, 3
15285, 3263, 17796, 3
12784, 6167, 3212, 3
8767, 677, 12033, 3
3742, 18226, 2933, 3
15723, 804, 10709, 3
10398, 8394, 19775, 3
16652, 13072, 2937, 3
19827, 11593, 319, 3
8575, 8972, 6377, 3
6474, 17654, 15538, 3
12239, 19750, 14338, 3
19738, 15440, 10406, 3
10973, 12550, 19406, 3
9914, 685, 17156, 3
4616, 11272, 13893, 3
16714, 919, 18937, 3
15170, 4497, 12928, 3
8183, 2253, 4921, 3
428, 19318, 544, 3
13960, 8677, 18129, 3
12359, 17377, 6213, 3
11420, 4379, 9433, 3
3951, 17332, 15225, 3
10373, 6044, 14080, 3
5479, 11407, 12789, 3
3148, 197, 6318, 3
2231, 11067, 11611, 3
19859, 15073, 14157, 3
13156, 12067, 13081, 3
19496, 10853, 17893, 3
15202, 972, 13146, 3
2690, 12951, 6681, 3
3068, 5495, 2826, 3
5477, 17596, 5087, 3
2046, 1142, 13907, 3
17202, 5960, 9077, 3
5241, 7962, 13287, 3
19792, 3152, 12280, 3
19326, 7865, 15645, 3
2955, 6332, 17784, 3
16713, 68, 2261, 3
18024, 4008, 6002, 3
7953, 7037, 8675, 3
19487, 1260, 11343, 3
4553, 12757, 6179, 3
9813, 7778, 5251, 3
12751, 7080, 4879, 3
7298, 12754, 13327, 3
770, 11364, 12112, 3
9581, 16961, 8737, 3
11684, 13473, 18228, 3
9695, 16978, 12903, 3
11274, 1381, 4052, 3
17317, 10444, 903, 3
6449, 19964, 1693, 3
17231, 5382, 3944, 3
4219, 4909, 1541, 3
6755, 1276, 19215, 3
15067, 2723, 5835, 3
17822, 1621, 10284, 3
6739, 1077, 14151, 3
1815, 5770, 12331, 3
9679, 4504, 733, 3
13316, 10261, 2821, 3
219, 13024, 13265, 3
19771, 19966, 11098, 3
4779, 2824, 8882, 3
12243, 8196, 7561, 3
19960, 5962, 5211, 3
16298, 12754, 9775, 3
18949, 12827, 19422, 3
2487, 11665, 18007, 3
16366, 8576, 19663, 3
10918, 5331, 19445, 3
13550, 12891, 12533, 3
10733, 12143, 12269, 3
16346, 7127, 18779, 3
12420, 4537, 17690, 3
17378, 14476, 16107, 3
7715, 10396, 8229, 3
16974, 19942, 17648, 3
255, 17599, 8079, 3
18871, 13701, 16640, 3
4776, 7445, 11953, 3
15271, 8886, 6869, 3
18206, 16051, 19275, 3
19060, 19314, 19425, 3
16634, 14819, 15200, 3
19563, 9529, 16787, 3
7706, 17291, 7521, 3
17040, 4823, 16556, 3
6506, 7067, 1877, 3
6240, 17130, 6923, 3
1613, 16729, 17266, 3
17868, 12018, 5709, 3
4147, 9357, 17816, 3
7922, 15331, 12524, 3
15424, 7330, 5897, 3
6674, 8692, 15623, 3
2440, 11029, 15436, 3
4166, 3884, 10502, 3
8504, 18693, 635, 3
3588, 11311, 17804, 3
4739, 1034, 8792, 3
1621, 9060, 12893, 3
15218, 8412, 12117, 3
3082, 4631, 12182, 3
13846, 510, 3333, 3
3821, 16157, 10207, 3
8518, 19575, 3277, 3
8405, 15450, 10356, 3
19354, 13729, 11751, 3
19114, 5866, 11129, 3
912, 2013, 11835, 3
1824, 14413, 702, 3
14732, 10231, 7490, 3
10583, 14056, 5117, 3
1642, 10757, 9956, 3
15798, 9242, 481, 3
18452, 6712, 19276, 3
3989, 18123, 1192, 3
6075, 6919, 19100, 3
17522, 19634, 15591, 3
6318, 5329, 1186, 3
135, 1411, 19847, 3
11411, 4936, 10604, 3
12986, 11288, 3281, 3
3061, 8838, 11174, 3
10217, 12823, 11264, 3
9849, 14156, 10708, 3
15224, 5391, 147, 3
13458, 15126, 7350, 3
2741, 378, 17617, 3
15675, 3184, 3518, 3
18711, 19623, 5585, 3
11428, 19644, 18887, 3
3958, 14109, 19299, 3
11952, 9296, 2422, 3
1310, 3530, 6977, 3
5935, 2687, 16732, 3
19453, 6056, 10200, 3
16911, 6862, 15875, 3
3255, 4614, 16519, 3
897, 17085, 11793, 3
12311, 15714, 10816, 3
5554, 2367, 18663, 3
5908, 15906, 14200, 3
19275, 752, 992, 3
8638, 2667, 4457, 3
14346, 18840, 15488, 3
1719, 15498, 3623, 3
9527, 11485, 2371, 3
14974, 11252, 4227, 3
795, 18524, 8079, 3
11892, 725, 19961, 3
13946, 66, 2992, 3
17561, 12848, 17590, 3
2402, 15556, 18449, 3
8173, 16440, 14380, 3
2149, 4916, 18279, 3
10936, 18818, 13814, 3
18457, 15395, 14654, 3
10613, 19274, 8765, 3
10670, 493, 18082, 3
5453, 16164, 7839, 3
11562, 16601, 16720, 3
12004, 17200, 10274, 3
15801, 18098, 8792, 3
14400, 6877, 18596, 3
12691, 11003, 9334, 3
1010, 5341, 2554, 3
1249, 17808, 3050, 3
17453, 10611, 11943, 3
18685, 7958, 9972, 3
2378, 5834, 18674, 3
18147, 7211, 9357, 3
15280, 7130, 6787, 3
6968, 2456, 39, 3
504, 15602, 15760, 3
2158, 12153, 7321, 3
18521, 17530, 7222, 3
15759, 9786, 5987, 3
3964, 12015, 1467, 3
14109, 15001, 1594, 3
8734, 9775, 17012, 3
7574, 14319, 8419, 3
7269, 15919, 15294, 3
18531, 6717, 7011, 3
1593, 16714, 13707, 3
15015, 15660, 14411, 3
16429, 7468, 15814, 3
19080, 8594, 3597, 3
15425, 16811, 5134, 3
5684, 12368, 19812, 3
1850, 17936, 14910, 3
8599, 14764, 2527, 3
507, 18742, 12252, 3
10681, 11984, 11595, 3
17942, 7413, 4728, 3
8316, 2617, 13677, 3
4363, 11227, 3698, 3
19729, 1653, 10900, 3
2518, 8947, 612, 3
11766, 2036, 7821, 3
10186, 7802, 542, 3
15639, 7705, 10857, 3
12190, 18181, 4798, 3
15784, 17800, 10519, 3
19839, 17209, 10291, 3
9119, 15944, 919, 3
8538, 17254, 10701, 3
15045, 8231, 16624, 3
1582, 1311, 1160, 3
3391, 16814, 9509, 3
18956, 14409, 796, 3
7832, 5463, 14326, 3
9392, 5369, 2654, 3
12235, 15568, 13854, 3
12966, 18775, 14341, 3
19717, 3209, 7665, 3
14605, 17760, 15227, 3
11499, 11230, 7179, 3
15931, 16010, 14105, 3
7318, 7667, 1878, 3
12870, 4537, 2534, 3
12819, 9585, 19517, 3
16952, 19094, 17097, 3
11404, 13905, 5423, 3
193, 2467, 6381, 3
18137, 12808, 14507, 3
872, 606, 15914, 3
18262, 19665, 3089, 3
17072, 1630, 7794, 3
19248, 6840, 15317, 3
5392, 12133, 13036, 3
9210, 3306, 9476, 3
15984, 15434, 6239, 3
5536, 7571, 10942, 3
4635, 1248, 15516, 3
16714, 7351, 2429, 3
11739, 19816, 419, 3
7110, 5300, 15473, 3
3189, 11702, 14920, 3
14517, 2910, 12783, 3
3052, 7169, 18205, 3
9554, 1941, 2075, 3
17541, 2088, 17173, 3
15490, 18320, 4696, 3
9416, 14683, 16042, 3
4353, 15938, 8762, 3
12728, 10677, 8110, 3
16033, 17799, 11921, 3
7919, 2216, 4822, 3
13438, 10306, 19768, 3
17206, 14018, 9751, 3
5212, 5373, 10294, 3
16539, 10681, 14305, 3
19448, 10580, 19085, 3
2272, 8515, 5733, 3
6344, 590, 12512, 3
10622, 18303, 560, 3
17149, 13540, 13172, 3
1075, 1669, 19709, 3
17460, 9335, 16437, 3
15124, 13070, 14017, 3
1442, 14031, 5299, 3
2203, 3480, 16379, 3
15906, 429, 5874, 3
12842, 14813, 15034, 3
2424, 19911, 16349, 3
18115, 1926, 9578, 3
19246, 11519, 2746, 3
14506, 14843, 11399, 3
537, 17801, 14714, 3
8462, 6100, 7078, 3
12001, 18406, 5057, 3
2411, 11117, 7372, 3
11034, 14452, 7943, 3
4640, 5737, 10070, 3
19390, 1465, 8121, 3
12329, 2518, 10681, 3
4434, 17847, 13528, 3
19418, 15672, 19499, 3
1906, 4410, 11518, 3
7255, 19447, 18110, 3
11120, 13708, 813, 3
9610, 8733, 18388, 3
18230, 1482, 942, 3
11674, 10375, 16231, 3
1638, 8676, 17369, 3
1964, 19397, 10778, 3
2283, 9193, 13741, 3
3417, 2260, 12182, 3
10937, 5102, 3414, 3
18960, 6770, 976, 3
11817, 6376, 7692, 3
8376, 13887, 9008, 3
9080, 3335, 7706, 3
4699, 17042, 15829, 3
7342, 3406, 19120, 3
15327, 1168, 14723, 3
2133, 5127, 10207, 3
17558, 7141, 9449, 3
5150, 15920, 2655, 3
1692, 19329, 441, 3
2285, 2052, 6015, 3
4944, 13003, 13881, 3
5422, 11400, 580, 3
16134, 16456, 2026, 3
1909, 4435, 8516, 3
19978, 7005, 12251, 3
19548, 5091, 2361, 3
14395, 5961, 19365, 3
12487, 14321, 6820, 3
9399, 19328, 18603, 3
1083, 16957, 5904, 3
15782, 18302, 14472, 3
4616, 16454, 18256, 3
11527, 16431, 9795, 3
7249, 1083, 19410, 3
8888, 19132, 12706, 3
4784, 19435, 7833, 3
9195, 11144, 5912, 3
6598, 19159, 12722, 3
4731, 3092, 8047, 3
14636, 17540, 18215, 3
2838, 4853, 16585, 3
7740, 3866, 9585, 3
15840, 1245, 3326, 3
2832, 17899, 10045, 3
4353, 2909, 10569, 3
17028, 19428, 1275, 3
11439, 16768, 13462, 3
1301, 12141, 8463, 3
827, 6756, 13501, 3
2038, 19353, 17045, 3
3616, 5182, 7897, 3
10355, 19210, 11700, 3
8548, 6802, 12396, 3
7864, 17533, 6579, 3
6346, 13748, 3952, 3
14220, 17682, 10387, 3
6042, 1537, 19272, 3
4463, 9770, 10229, 3
8171, 15740, 7258, 3
3971, 6284, 16257, 3
335, 4342, 15896, 3
19333, 19894, 16360, 3
3388, 7948, 7382, 3
7865, 2272, 4714, 3
6273, 208, 16223, 3
8529, 15067, 8363, 3
11154, 9201, 5347, 3
15749, 16427, 125, 3
2080, 13324, 12163, 3
11068, 11309, 1371, 3
4951, 2407, 2389, 3
18745, 6906, 15242, 3
8694, 10426, 10880, 3
2210, 14469, 10097, 3
11885, 3950, 3281, 3
5136, 11507, 9721, 3
3487, 16837, 19616, 3
13540, 2456, 8213, 3
2679, 2543, 1669, 3
6036, 7631, 5378, 3
3176, 690, 3807, 3
14135, 10052, 10411, 3
18599, 18828, 18962, 3
6978, 16829, 13358, 3
3627, 19000, 13285, 3
17678, 10113, 18507, 3
8034, 5474, 3543, 3
14210, 6837, 9593, 3
2694, 10778, 17153, 3
10284, 1820, 15210, 3
7301, 19618, 12301, 3
13706, 5437, 18352, 3
6292, 1094, 6965, 3
370, 3984, 1171, 3
2590, 1000, 12700, 3
2419, 9465, 2733, 3
850, 16441, 7976, 3
19993, 16629, 18812, 3
12628, 8993, 1633, 3
10328, 11610, 811, 3
18892, 1156, 12928, 3
13048, 3882, 4895, 3
13517, 9015, 13339, 3
3340, 18283, 2056, 3
7799, 1865, 17131, 3
1199, 7308, 3391, 3
2235, 9106, 10914, 3
7761, 19559, 8546, 3
10947, 62, 14022, 3
14130, 15381, 6640, 3
1170, 8634, 15075, 3
4966, 18012, 7659, 3
9606, 9885, 19722, 3
19869, 7879, 14827, 3
673, 2690, 16263, 3
13417, 11776, 14660, 3
12974, 14096, 17943, 3
10010, 7047, 13126, 3
12090, 4268, 2061, 3
4928, 2356, 17170, 3
15293, 4892, 19073, 3
15165, 13511, 7814, 3
1863, 2571, 7071, 3
2590, 5971, 12200, 3
4280, 11146, 19098, 3
4582, 8237, 3568, 3
10796, 9745, 12319, 3
19648, 7171, 8338, 3
2406, 10458, 5731, 3
7005, 8678, 12652, 3
2301, 19496, 8347, 3
19565, 12441, 10693, 3
6315, 15537, 4277, 3
3719, 2369, 18977, 3
13759, 474, 11744, 3
16454, 5715, 11193, 3
16474, 3364, 16353, 3
14661, 15558, 12035, 3
10035, 5072, 11200, 3
6575, 3209, 17850, 3
4295, 4676, 17594, 3
2962, 7819, 18959, 3
14683, 17480, 6193, 3
17313, 14819, 6080, 3
18950, 768, 17444, 3
11347, 18151, 6546, 3
16832, 6745, 9480, 3
7323, 1714, 2927, 3
2898, 9411, 5222, 3
3355, 6866, 7378, 3
15759, 15813, 17282, 3
19351, 12988, 11217, 3
14646, 9632, 17670, 3
8124, 13349, 12228, 3
13168, 6947, 11265, 3
12586, 11314, 17327, 3
5220, 10326, 7731, 3
6540, 12363, 12065, 3
8178, 10056, 19385, 3
14759, 5425, 11114, 3
16158, 4402, 3742, 3
1522, 8417, 19867, 3
9095, 6937, 971, 3
3824, 513, 15579, 3
5414, 15670, 16655, 3
1070, 1486, 8034, 3
9723, 11766, 13308, 3
902, 12569, 5400, 3
4079, 8214, 4526, 3
1370, 15246, 12519, 3
7464, 10570, 16383, 3
12759, 7936, 15189, 3
18519, 8994, 663, 3
3639, 11634, 9145, 3
17668, 17884, 17303, 3
9526, 7336, 7606, 3
6001, 9022, 9749, 3
14608, 233, 12144, 3
6654, 1983, 7722, 3
17616, 10104, 2123, 3
4211, 11367, 12052, 3
1109, 11606, 7922, 3
16746, 10332, 10661, 3
16652, 9826, 11627, 3
11764, 812, 16727, 3
13111, 16675, 17467, 3
15488, 9529, 8096, 3
9529, 172, 6955, 3
2039, 9302, 13790, 3
8063, 13457, 14424, 3
7830, 14049, 256, 3
14990, 398, 7285, 3
18769, 10136, 16389, 3
3887, 8008, 1578, 3
16933, 7310, 4483, 3
16131, 4183, 15083, 3
11454, 3916, 18781, 3
14592, 15650, 11468, 3
6233, 1329, 8253, 3
12512, 5200, 14522, 3
1921, 17218, 830, 3
7110, 7252, 466, 3
2795, 4902, 11403, 3
4899, 2082, 4638, 3
12628, 7467, 1747, 3
4662, 10618, 12650, 3
7978, 6852, 19646, 3
2003, 12612, 10373, 3
6212, 8264, 11535, 3
12496, 15321, 793, 3
1306, 14526, 8988, 3
8273, 4207, 14817, 3
7079, 7498, 15486, 3
2796, 9655, 3129, 3
2883, 3397, 5860, 3
1016, 10632, 14616, 3
5022, 18047, 11269, 3
18749, 19759, 8022, 3
19397, 17369, 10753, 3
7779, 328, 11106, 3
3331, 813, 8529, 3
3971, 1047, 10169, 3
5830, 16413, 12620, 3
2584, 11250, 11299, 3
17878, 7679, 3043, 3
3276, 12563, 5910, 3
12500, 2644, 12049, 3
5444, 1262, 7463, 3

