9666, 10235, 1
9219, 13005, 1
17232, 6587, 1
7288, 1220, 1
15822, 2445, 1
13571, 14672, 1
11292, 7677, 1
1470, 17867, 1
11562, 10523, 1
5755, 3243, 1
14627, 5527, 1
11279, 18303, 1
2788, 19666, 1
246, 15548, 1
7648, 929, 1
9626, 4784, 1
3229, 5597, 1
7013, 15863, 1
7677, 1517, 1
17784, 9083, 1
17915, 10279, 1
12173, 893, 1
13264, 6286, 1
11358, 3935, 1
12677, 5082, 1
9416, 9794, 1
13800, 12291, 1
9780, 13635, 1
3029, 12253, 1
15768, 1474, 1
14399, 18907, 1
18530, 9160, 1
19912, 7090, 1
4386, 2884, 1
13566, 7221, 1
4433, 13503, 1
11955, 9799, 1
3870, 1236, 1
10649, 13738, 1
16145, 4685, 1
2203, 6062, 1
14562, 5817, 1
1434, 14691, 1
17569, 13772, 1
7734, 15432, 1
10596, 12431, 1
1517, 11292, 1
9615, 14848, -1
2702, 3790, -1
8478, 11939, -1
11733, 13693, -1
17433, 1735, -1
16884, 5579, -1
15817, 9525, -1
3147, 1846, -1
4585, 12193, -1
10211, 8307, -1
2532, 13248, -1
307, 16349, -1
14863, 5467, -1
15680, 8088, -1
18746, 7778, -1
1317, 4886, -1
1513, 17855, -1
16075, 5341, -1
18094, 16026, -1
10514, 18363, -1
18398, 9522, -1
15622, 6731, -1
5722, 8592, -1
672, 3849, -1
2839, 10330, -1
2980, 919, -1
15154, 11100, -1
12758, 18197, -1
16519, 16982, -1
19969, 152, -1
4581, 18171, -1
7164, 15085, -1
15869, 5943, -1
17200, 16808, -1
12206, 6837, -1
3589, 14330, -1
10728, 11791, -1
9621, 19344, -1
10062, 1489, -1
1874, 11743, -1
13556, 8456, -1
876, 8959, -1
1905, 4278, -1
2388, 883, -1
18905, 8358, -1
17524, 4082, -1
9524, 15761, -1
9956, 18973, -1
9830, 2560, -1
17240, 9264, -1
3965, 8601, -1
19421, 19308, -1
14498, 3960, -1
12624, 6324, -1
898, 4771, -1
6646, 19956, -1
15068, 11220, -1
7591, 7648, -1
10895, 10041, -1
5868, 3356, -1
12063, 10976, -1
16921, 6522, -1
872, 13841, -1
12923, 16526, -1
17064, 18310, -1
5038, 15067, -1
4736, 17116, -1
11339, 14663, -1
4557, 9252, -1
11362, 19437, -1
8722, 208, -1
12229, 11128, -1
10453, 6146, -1
16050, 1849, -1
4973, 12817, -1
11632, 19404, -1
19390, 3347, -1
19206, 10036, -1
15980, 666, -1
17845, 9679, -1
265, 9208, -1
9965, 16517, -1
19218, 12240, -1
22, 13178, -1
4439, 2393, -1
13316, 18102, -1
17283, 14907, -1
18201, 6842, -1
9607, 13665, -1
18341, 11087, -1
14428, 15132, -1
3680, 7846, -1
15078, 9425, -1
1041, 7934, -1
2408, 11032, -1
14167, 1292, -1
17368, 4254, -1
8576, 16259, -1
15144, 4888, -1
6824, 3321, -1
16071, 15645, -1
3831, 6108, -1
9085, 7863, -1
7296, 1691, -1
18388, 6084, -1
5695, 4495, -1
2298, 19475, -1
18555, 1379, -1
19198, 19660, -1
15157, 305, -1
17856, 15410, -1
2620, 6310, -1
1954, 606, -1
97, 7008, -1
1575, 18794, -1
1833, 8858, -1
18501, 13504, -1
8042, 18771, -1
1050, 11080, -1
18325, 17842, -1
2998, 641, -1
614, 5330, -1
14550, 14096, -1
11936, 14308, -1
4004, 11636, -1
12503, 8518, -1
9368, 1179, -1
8107, 9376, -1
7896, 19308, -1
12970, 5646, -1
3339, 6578, -1
11740, 5355, -1
1957, 984, -1
17679, 7537, -1
1137, 2224, -1
13436, 13147, -1
1393, 5572, -1
17446, 6510, -1
10211, 12898, -1
19245, 16026, -1
19976, 16075, -1
1951, 8353, -1
18925, 427, -1
729, 19519, -1
16962, 14838, -1
12087, 10232, -1
17465, 11040, -1
11851, 13446, -1
2080, 1002, -1
19553, 2299, -1
7352, 19615, -1
16657, 7477, -1
7470, 10278, -1
16112, 11942, -1
16128, 13293, -1
13132, 10603, -1
9529, 15233, -1
11819, 3883, -1
8842, 12050, -1
15481, 13406, -1
2009, 11396, -1
19823, 13641, -1
12959, 6207, -1
9847, 19775, -1
12371, 791, -1
2604, 5071, -1
1983, 12316, -1
16724, 19041, -1
12828, 3990, -1
279, 8623, -1
2989, 14014, -1
7330, 17042, -1
18417, 18451, -1
915, 11241, -1
19103, 11168, -1
14364, 12414, -1
955, 4618, -1
17609, 2374, -1
15951, 7988, -1
15074, 16939, -1
5308, 18661, -1
6135, 6200, -1
19720, 1039, -1
2357, 15832, -1
17452, 13561, -1
13021, 11862, -1
10009, 15176, -1
9044, 6755, -1
18608, 7949, -1
10559, 88, -1
16870, 8817, -1
11638, 6301, -1
5945, 17596, -1
14452, 5925, -1
14631, 4171, -1
8484, 1670, -1
7701, 7806, -1
8387, 9345, -1
14433, 1328, -1
1925, 1242, -1
8544, 19039, -1
15872, 15483, -1
1544, 5647, -1
1708, 12210, -1
13474, 8186, -1
6614, 19195, -1
6575, 10515, -1
10410, 19610, -1
12833, 18169, -1
18554, 10352, -1
12360, 5614, -1
14757, 3690, -1
10586, 43, -1
13727, 14841, -1
19732, 19116, -1
373, 19051, -1
13835, 16045, -1
16016, 17815, -1
9415, 10700, -1
5450, 18833, -1
2527, 16679, -1
10843, 206, -1
17573, 11706, -1
6988, 6845, -1
13414, 5417, -1
15167, 1147, -1
14840, 18942, -1
5285, 10755, -1
3618, 10860, -1
14087, 9186, -1
252, 14511, -1
18128, 545, -1
5436, 13798, -1
4354, 440, -1
19109, 8697, -1
17486, 12203, -1
15455, 8447, -1
12032, 3448, -1
13107, 10585, -1
13426, 12933, -1
15113, 8277, -1
12090, 16983, -1
19800, 19789, -1
2055, 6080, -1
3403, 2000, -1
2087, 6571, -1
15830, 19388, -1
3351, 6715, -1
10702, 15004, -1
19467, 3783, -1
12661, 8330, -1
19075, 8923, -1
16994, 15965, -1
17482, 4929, -1
4708, 15909, -1
18017, 852, -1
11393, 19854, -1
8631, 15083, -1
6964, 17901, -1
4438, 13014, -1
17695, 7672, -1
169, 16367, -1
8570, 12843, -1
10575, 18307, -1
8636, 13185, -1
18588, 6559, -1
5765, 16820, -1
14659, 9508, -1
4318, 12667, -1
15125, 15184, -1
11890, 13230, -1
16135, 12379, -1
601, 6759, -1
16292, 14857, -1
1771, 9795, -1
11095, 9025, -1
10566, 4620, -1
18736, 7678, -1
19908, 12371, -1
3137, 9811, -1
19619, 12505, -1
7759, 14668, -1
18757, 18625, -1
2278, 3418, -1
13259, 13075, -1
2818, 4753, -1
10154, 597, -1
1753, 18219, -1
7353, 1823, -1
6188, 13743, -1
3329, 3046, -1
3280, 7296, -1
12815, 18113, -1
14077, 15428, -1
6279, 12735, -1
3156, 6129, -1
2801, 17717, -1
17156, 5514, -1
2139, 19000, -1
3290, 18065, -1
15261, 13511, -1
19843, 9008, -1
19760, 288, -1
4411, 3480, -1
8735, 2666, -1
17047, 14772, -1
15723, 18239, -1
19695, 313, -1
9161, 5134, -1
18755, 13664, -1
18316, 18002, -1
2524, 18916, -1
12263, 15068, -1
5440, 16052, -1
8530, 14645, -1
5670, 8946, -1
16761, 18968, -1
2575, 8663, -1
10368, 11826, -1
13937, 8950, -1
9710, 5450, -1
7994, 17455, -1
5509, 12643, -1
9518, 10918, -1
1989, 18699, -1
18511, 1112, -1
9393, 13877, -1
12529, 8177, -1
16529, 4663, -1
4648, 3670, -1
10375, 17975, -1
18939, 3401, -1
15000, 6828, -1
3047, 11078, -1
630, 4363, -1
1365, 9811, -1
7250, 10670, -1
11310, 19767, -1
6458, 16702, -1
2856, 12660, -1
10474, 9759, -1
8156, 3402, -1
3955, 10320, -1
803, 15042, -1
19739, 7440, -1
3584, 9052, -1
6031, 17561, -1
6555, 14479, -1
6489, 7160, -1
81, 18801, -1
5605, 10732, -1
13015, 1573, -1
2038, 8891, -1
2269, 5464, -1
4838, 14504, -1
18970, 6645, -1
8562, 16594, -1
18623, 7133, -1
8773, 16436, -1
16679, 10718, -1
7112, 3433, -1
8082, 11727, -1
3373, 2858, -1
12361, 10729, -1
2858, 1838, -1
1926, 5174, -1
19590, 10012, -1
5976, 14134, -1
19399, 15461, -1
3347, 7833, -1
6575, 11390, -1
2971, 4429, -1
1182, 880, -1
6055, 8199, -1
6311, 3486, -1
5994, 1995, -1
18984, 6041, -1
10814, 15805, -1
1318, 5419, -1
743, 15579, -1
2841, 17901, -1
7592, 6989, -1
7079, 19504, -1
1916, 9322, -1
18489, 7379, -1
18266, 3233, -1
16771, 18353, -1
16644, 5276, -1
15598, 845, -1
3203, 15569, -1
7906, 12359, -1
11029, 17307, -1
17662, 14511, -1
820, 1123, -1
19006, 5615, -1
9876, 18585, -1
274, 3473, -1
845, 1141, -1
15737, 7747, -1
18082, 15507, -1
17987, 15848, -1
8434, 6540, -1
12717, 300, -1
12268, 8037, -1
8936, 18149, -1
15098, 16196, -1
18166, 1338, -1
19114, 2223, -1
15044, 16423, -1
7176, 13375, -1
3896, 10913, -1
661, 13863, -1
5124, 2534, -1
4494, 15998, -1
19228, 8401, -1
10623, 14371, -1
3202, 11175, -1
7061, 12542, -1
15457, 530, -1
6464, 1733, -1
14152, 16159, -1
10224, 17484, -1
6040, 3737, -1
12358, 17920, -1
16220, 14767, -1
11717, 13807, -1
14128, 8390, -1
5316, 4424, -1
16525, 3330, -1
19578, 9507, -1
8747, 4355, -1
13094, 9106, -1
12720, 13798, -1
11119, 2213, -1
19115, 9960, -1
9640, 5938, -1
248, 16400, -1
18172, 19540, -1
19823, 17831, -1
14692, 2104, -1
2454, 13204, -1
15619, 13678, -1
18694, 18386, -1
3095, 4284, -1
5609, 19963, -1
1845, 7224, -1
3966, 12652, -1
9094, 8022, -1
11120, 6815, -1
19614, 16276, -1
3491, 6129, -1
265, 9668, -1
17185, 17171, -1
7912, 6667, -1
16209, 7456, -1
14950, 13429, -1
634, 19271, -1
4133, 656, -1
12973, 6373, -1
8316, 16066, -1
12360, 2336, -1
7770, 11400, -1
14617, 2370, -1
7537, 7207, -1
13610, 2645, -1
16385, 13728, -1
15098, 10896, -1
13203, 3672, -1
19673, 9694, -1
19136, 8867, -1
4186, 11286, -1
11704, 12838, -1
17385, 6145, -1
7920, 2139, -1
15823, 18149, -1
6835, 7003, -1
18909, 10134, -1
14758, 5004, -1
9827, 11034, -1
16770, 19764, -1
15607, 6290, -1
15433, 19939, -1
14140, 3736, -1
6519, 2282, -1
14457, 6423, -1
18936, 14601, -1
8516, 18958, -1
12435, 329, -1
16983, 238, -1
19637, 18222, -1
19059, 1617, -1
8067, 1308, -1
4439, 16018, -1
14856, 8746, -1
19213, 12158, -1
18428, 6821, -1
5225, 3111, -1
18342, 828, -1
19804, 1796, -1
7519, 16359, -1
2058, 18203, -1
15836, 213, -1
5470, 3903, -1
805, 3060, -1
1543, 10718, -1
7106, 6049, -1
3919, 1394, -1
6910, 4724, -1
14566, 2537, -1
12318, 13291, -1
3979, 1760, -1
14035, 1580, -1
8962, 19025, -1
4110, 6152, -1
4701, 16549, -1
10242, 6647, -1
7592, 770, -1
5598, 8363, -1
12068, 18904, -1
7349, 14943, -1
14187, 9878, -1
15030, 10676, -1
13978, 4198, -1
5244, 3569, -1
690, 1710, -1
19239, 17051, -1
9312, 12927, -1
12658, 5247, -1
6431, 4042, -1
11002, 13304, -1
10108, 250, -1
6691, 9011, -1
17748, 344, -1
9992, 3072, -1
10238, 16455, -1
18799, 6401, -1
2560, 15772, -1
10468, 6797, -1
2458, 275, -1
15235, 8047, -1
19384, 17076, -1
13569, 444, -1
17836, 19951, -1
655, 570, -1
648, 4672, -1
12177, 2330, -1
5068, 10854, -1
3563, 8835, -1
11322, 2726, -1
4602, 7499, -1
1185, 12833, -1
2392, 16150, -1
311, 581, -1
10399, 6653, -1
19980, 2514, -1
3606, 14889, -1
16910, 13533, -1
16165, 9464, -1
11828, 6704, -1
17701, 17771, -1
5553, 8342, -1
2878, 7369, -1
17523, 4943, -1
12236, 16713, -1
7619, 17009, -1
18342, 10451, -1
8465, 19646, -1
19928, 12275, -1
6807, 11199, -1
14481, 13407, -1
16228, 17079, -1
8198, 16667, -1
3934, 9299, -1
2110, 4649, -1
14020, 14560, -1
18019, 11305, -1
17924, 2610, -1
14050, 19757, -1
15731, 4632, -1
6088, 5557, -1
9001, 322, -1
11284, 11105, -1
3151, 13852, -1
19497, 10920, -1
9445, 7779, -1
19437, 14096, -1
6134, 6795, -1
19485, 19433, -1
16777, 10171, -1
3335, 3057, -1
18166, 12278, -1
618, 5637, -1
18393, 9042, -1
14675, 6105, -1
5908, 12536, -1
13940, 8191, -1
19564, 6614, -1
1207, 14309, -1
3222, 15794, -1
2203, 9089, -1
7156, 11591, -1
3087, 15911, -1
2153, 7065, -1
3663, 13040, -1
17843, 14659, -1
18224, 5757, -1
2695, 16790, -1
16108, 5337, -1
437, 19534, -1
7496, 1063, -1
2285, 9050, -1
3298, 369, -1
14182, 18358, -1
9132, 13693, -1
16546, 17123, -1
16895, 19215, -1
14935, 19397, -1
3794, 1917, -1
8607, 11144, -1
1516, 7236, -1
590, 12498, -1
16387, 3143, -1
15028, 10441, -1
4988, 17439, -1
15229, 8029, -1
13804, 9675, -1
7393, 13929, -1
8406, 9586, -1
4070, 12906, -1
18527, 11482, -1
5035, 18411, -1
7095, 5508, -1
7024, 10946, -1
11616, 5438, -1
5085, 15336, -1
16064, 6202, -1
17984, 10508, -1
7256, 13397, -1
18856, 7850, -1
18843, 815, -1
16780, 9001, -1
7752, 2017, -1
14371, 13153, -1
19739, 16966, -1
15530, 7466, -1
7066, 1697, -1
4855, 880, -1
8221, 8685, -1
7756, 8932, -1
10037, 14048, -1
1575, 18756, -1
13841, 13356, -1
3889, 11769, -1
14481, 17202, -1
13316, 9623, -1
2095, 2243, -1
16076, 4045, -1
13730, 17038, -1
3179, 5353, -1
16431, 13972, -1
6454, 12597, -1
6202, 16694, -1
18170, 10649, -1
8933, 8740, -1
671, 2569, -1
698, 11207, -1
12225, 4180, -1
18743, 4094, -1
2402, 9258, -1
7955, 188, -1
18778, 19928, -1
16027, 2369, -1
2757, 11185, -1
63, 6721, -1
14374, 11014, -1
15079, 6479, -1
1072, 4075, -1
12071, 4605, -1
9633, 15474, -1
16269, 12076, -1
423, 17525, -1
11204, 2771, -1
427, 859, -1
9069, 596, -1
16915, 5330, -1
14517, 10082, -1
18669, 10494, -1
19229, 4060, -1
6134, 14850, -1
16496, 9859, -1
9822, 7842, -1
18395, 13161, -1
1865, 18716, -1
9932, 12044, -1
15849, 10513, -1
8891, 440, -1
18388, 6276, -1
1926, 5655, -1
6069, 8864, -1
9371, 2472, -1
10982, 2906, -1
5920, 3808, -1
14765, 11860, -1
3752, 1004, -1
86, 8410, -1
7741, 5285, -1
5672, 11119, -1
957, 11816, -1
19453, 3036, -1
8450, 16009, -1
6069, 17008, -1
11598, 6210, -1
991, 17107, -1
1771, 9644, -1
3962, 12270, -1
9947, 17438, -1
3018, 3721, -1
15870, 12783, -1
2778, 1956, -1
1394, 7379, -1
19615, 9042, -1
18795, 2708, -1
5976, 18238, -1
12096, 5999, -1
1670, 13003, -1
3104, 19156, -1
10019, 17345, -1
15206, 12817, -1
12124, 17530, -1
3733, 16159, -1
10541, 4557, -1
8831, 2590, -1
7442, 2481, -1
19212, 18847, -1
8965, 2568, -1
9257, 19319, -1
10412, 4195, -1
17378, 5550, -1
9763, 16112, -1
1337, 12039, -1
17805, 6863, -1
5839, 8348, -1
8555, 13294, -1
13219, 14365, -1
17592, 3469, -1
7865, 19404, -1
16435, 6849, -1
12038, 12010, -1
19499, 8903, -1
3438, 7540, -1
9213, 16504, -1
18987, 9076, -1
2442, 4617, -1
18637, 10393, -1
5969, 5900, -1
16869, 19350, -1
18685, 13679, -1
16242, 18477, -1
2820, 18782, -1
12, 9353, -1
16252, 5183, -1
1956, 10345, -1
19498, 16411, -1
3355, 8520, -1
7335, 2175, -1
3437, 3395, -1
11847, 11229, -1
4134, 12956, -1
1549, 3245, -1
16008, 16844, -1
13783, 11349, -1
18120, 3810, -1
7271, 4064, -1
7638, 16537, -1
16434, 2520, -1
17157, 1219, -1
6267, 15711, -1
15617, 2917, -1
7495, 17271, -1
13604, 3441, -1
2830, 13135, -1
12440, 4015, -1
8190, 9362, -1
19377, 7325, -1
10986, 15185, -1
1743, 1381, -1
2750, 1279, -1
5915, 14182, -1
18191, 15775, -1
2346, 18098, -1
4063, 9467, -1
9589, 2056, -1
19006, 10630, -1
8633, 11400, -1
6032, 609, -1
1767, 12506, -1
19704, 2350, -1
10221, 5759, -1
3493, 4190, -1
13133, 15652, -1
15075, 13547, -1
2018, 3797, -1
13990, 386, -1
11837, 2467, -1
5297, 12349, -1
16059, 10426, -1
5680, 12739, -1
2934, 14209, -1
12396, 721, -1
8387, 6872, -1
3920, 4762, -1
4647, 18500, -1
19883, 11750, -1
11888, 19544, -1
11165, 8681, -1
3727, 14053, -1
14419, 11575, -1
6524, 4183, -1
6843, 14862, -1
10356, 2589, -1
17598, 7849, -1
15589, 18568, -1
7337, 9907, -1
19480, 13368, -1
6629, 9584, -1
11228, 1580, -1
10301, 12028, -1
4197, 15847, -1
18411, 10713, -1
1108, 5689, -1
5766, 19425, -1
3316, 1340, -1
17406, 13852, -1
19300, 1323, -1
10599, 11053, -1
8133, 17221, -1
17308, 19619, -1
18771, 18630, -1
19083, 6201, -1
6164, 4568, -1
3025, 6468, -1
8347, 15790, -1
5428, 12343, -1
3999, 251, -1
15741, 3550, -1
4369, 13727, -1
12171, 3580, -1
8101, 11675, -1
3495, 10390, -1
7153, 2034, -1
6651, 5539, -1
16826, 9463, -1
15223, 15112, -1
14612, 8718, -1
19478, 18329, -1
18935, 5273, -1
10141, 11337, -1
3191, 34, -1
47, 14879, -1
9327, 12789, -1
6255, 10985, -1
11114, 10092, -1
15091, 6153, -1
14469, 15890, -1
1955, 14699, -1
8552, 13323, -1
19904, 12641, -1
2974, 13212, -1
8635, 9981, -1
2400, 17871, -1
15251, 6279, -1
16445, 4812, -1
17303, 15266, -1
10223, 7471, -1
1447, 17333, -1
5646, 18318, -1
10020, 9846, -1
6398, 16608, -1
6538, 2777, -1
8926, 13734, -1
12592, 16446, -1
5317, 15111, -1
14517, 8007, -1
4510, 8799, -1
6944, 1484, -1
6342, 9669, -1
3436, 19761, -1
13362, 6788, -1
17980, 8236, -1
19576, 9903, -1
9476, 2771, -1
7915, 179, -1
3662, 685, -1
17309, 7701, -1
7438, 17384, -1
3942, 4744, -1
15192, 8889, -1
9590, 12021, -1
17964, 7730, -1
11983, 18095, -1
19030, 2016, -1
9165, 17166, -1
11464, 14363, -1
17606, 18506, -1
12781, 3967, -1
19874, 11335, -1
10859, 12857, -1
7657, 7453, -1
12462, 7085, -1
138, 5999, -1
8039, 19359, -1
11324, 1170, -1
9810, 10061, -1
3978, 4148, -1
1204, 19775, -1
11059, 5583, -1
9423, 12744, -1
10709, 11454, -1
16054, 7050, -1
6209, 13509, -1
331, 9800, -1
652, 3743, -1
11009, 11068, -1
2539, 3769, -1
1475, 2453, -1
13421, 7535, -1
5072, 19306, -1
6754, 14567, -1
12920, 12820, -1
1088, 4079, -1
4985, 11482, -1
15278, 14918, -1
1723, 5451, -1
1382, 8643, -1
13290, 15827, -1
6042, 7701, -1
12909, 16646, -1
13201, 15780, -1
18046, 9766, -1
13184, 11947, -1
4633, 14252, -1
19530, 1603, -1
663, 4822, -1
12094, 3268, -1
16635, 18071, -1
2390, 1439, -1
3164, 5449, -1
8424, 3432, -1
18932, 3705, -1
1811, 14866, -1
17751, 13231, -1
16932, 206, -1
2662, 6222, -1
11047, 10501, -1
9089, 6062, -1
929, 7591, -1
13738, 18170, -1
9089, 2203, -1
7648, 7591, -1
10649, 18170, -1

