7692, 16450, 5622, 3
9511, 13252, 2482, 3
8687, 896, 947, 3
1066, 16171, 17447, 3
18725, 15077, 14784, 3
17620, 3180, 3719, 3
8495, 2424, 14600, 3
1495, 19355, 615, 3
2510, 10949, 9928, 3
13195, 11484, 13090, 3
1959, 15638, 1806, 3
1611, 5319, 2374, 3
8625, 11544, 14218, 3
12405, 6793, 136, 3
642, 15426, 3355, 3
6143, 10339, 9350, 3
18821, 374, 16975, 3
9390, 5119, 18028, 3
8118, 1568, 12773, 3
12938, 10690, 5027, 3
16170, 4135, 10343, 3
1737, 16556, 11052, 3
14387, 15961, 2807, 3
8297, 15343, 4371, 3
10261, 13783, 11178, 3
3169, 7087, 18529, 3
1531, 15415, 17606, 3
7353, 18864, 8399, 3
3667, 16007, 5167, 3
15714, 3187, 13996, 3
17173, 4057, 2708, 3
3669, 1891, 1655, 3
13572, 5372, 5554, 3
15274, 6069, 12005, 3
12919, 9487, 8233, 3
11255, 16843, 18609, 3
9226, 6825, 16471, 3
10688, 4396, 9915, 3
542, 11066, 10691, 3
12551, 9868, 10458, 3
2757, 16785, 15927, 3
14038, 18403, 6928, 3
778, 13853, 262, 3
8224, 10801, 9106, 3
13012, 288, 10952, 3
4038, 14568, 950, 3
4218, 6041, 2416, 3
4956, 15040, 18720, 3
12540, 14534, 18050, 3
12479, 15344, 13222, 3
14805, 4082, 10941, 3
16671, 2278, 11780, 3
19720, 12600, 15235, 3
10926, 16403, 7496, 3
5694, 3081, 396, 3
4364, 7009, 10121, 3
6593, 14210, 15935, 3
14127, 17322, 11132, 3
16852, 18980, 16949, 3
2627, 15974, 5280, 3
9462, 13020, 18954, 3
17992, 16273, 17760, 3
4537, 7206, 18543, 3
9376, 14157, 18898, 3
1643, 18052, 15059, 3
12561, 16649, 3129, 3
6828, 14108, 15572, 3
3352, 5420, 10118, 3
14954, 12737, 18968, 3
9695, 16277, 18222, 3
9671, 1402, 17215, 3
11577, 7832, 15038, 3
17797, 12091, 18924, 3
14895, 19890, 3190, 3
8849, 15377, 11250, 3
744, 15769, 19072, 3
3672, 6949, 16949, 3
9126, 6910, 18787, 3
954, 10961, 9352, 3
15174, 7741, 19892, 3
16578, 4999, 8722, 3
13518, 7306, 14858, 3
18968, 8636, 169, 3
6807, 2422, 1967, 3
10033, 18817, 17389, 3
18950, 10803, 16353, 3
18380, 11595, 5266, 3
14783, 11300, 17584, 3
8861, 19020, 558, 3
17485, 18787, 7264, 3
13573, 3694, 9986, 3
18315, 8804, 14475, 3
3450, 16996, 19853, 3
14676, 14747, 9739, 3
11017, 7324, 8245, 3
5280, 3429, 16104, 3
4314, 5477, 14493, 3
54, 14826, 10824, 3
12364, 6153, 1173, 3
11226, 3790, 19197, 3
5190, 9320, 1315, 3
15517, 18414, 14307, 3
5194, 3568, 8140, 3
4128, 2708, 3759, 3
6764, 4340, 19970, 3
6805, 18659, 6191, 3
18905, 15174, 4329, 3
17724, 5114, 12543, 3
16690, 14865, 1957, 3
10558, 21, 9762, 3
1397, 3925, 10438, 3
2564, 12332, 9519, 3
2753, 11957, 2135, 3
14209, 6262, 3503, 3
5296, 19713, 5659, 3
6905, 15971, 15067, 3
8914, 4262, 15491, 3
10934, 5909, 10423, 3
16710, 3795, 2319, 3
5128, 3520, 17946, 3
10217, 9603, 2268, 3
18203, 2073, 9827, 3
10085, 7403, 1100, 3
15677, 3026, 2670, 3
2844, 15597, 17494, 3
16210, 18730, 19572, 3
9941, 11257, 5074, 3
4304, 145, 5610, 3
2190, 6418, 7989, 3
6393, 5266, 3216, 3
8963, 16458, 9601, 3
856, 14599, 11295, 3
14635, 7298, 4943, 3
14018, 8657, 2700, 3
10921, 19197, 3910, 3
15572, 17813, 10065, 3
19480, 12536, 15037, 3
5516, 16853, 3673, 3
1162, 16450, 4969, 3
4224, 12246, 18886, 3
19822, 5351, 13899, 3
4744, 13739, 14124, 3
12209, 1313, 1069, 3
18598, 5327, 8735, 3
5897, 11810, 3017, 3
1127, 12432, 7362, 3
17941, 13250, 4705, 3
5464, 6135, 6469, 3
17611, 16735, 18195, 3
2301, 18034, 13423, 3
11654, 10154, 18457, 3
9366, 7727, 15512, 3
8238, 16371, 14817, 3
12937, 2183, 15012, 3
15880, 1387, 11397, 3
11336, 4788, 6129, 3
2313, 12340, 1979, 3
4799, 15243, 10231, 3
1962, 4596, 12087, 3
10252, 19595, 15287, 3
14591, 8098, 6232, 3
18096, 6106, 15663, 3
14096, 9496, 9304, 3
14366, 16579, 15216, 3
3156, 12578, 9807, 3
11482, 18244, 16665, 3
18046, 10669, 8870, 3
2937, 15220, 7236, 3
4029, 15731, 14092, 3
11828, 12766, 17704, 3
16988, 15099, 610, 3
6524, 3504, 18467, 3
952, 11669, 17019, 3
2218, 9884, 12805, 3
12804, 4898, 5575, 3
7749, 16949, 5209, 3
17809, 3539, 15729, 3
18455, 17735, 4119, 3
4800, 19456, 9739, 3
5948, 3882, 12593, 3
4392, 9, 7685, 3
18868, 16758, 12233, 3
8380, 11424, 11685, 3
13335, 19176, 18300, 3
17052, 6935, 3624, 3
9894, 18759, 7240, 3
14742, 16331, 7078, 3
4100, 15490, 15502, 3
680, 15913, 17535, 3
18013, 8805, 17597, 3
17209, 17958, 6757, 3
17271, 8740, 17462, 3
10377, 2775, 9586, 3
3098, 8426, 16709, 3
18562, 4240, 13888, 3
18781, 4299, 6304, 3
18465, 11894, 754, 3
19447, 4003, 10595, 3
15570, 13578, 4951, 3
6102, 5969, 11556, 3
16912, 15059, 7324, 3
9949, 19762, 19031, 3
11639, 1330, 8214, 3
7153, 17427, 12404, 3
11026, 19158, 9842, 3
10086, 13694, 13878, 3
2088, 4367, 15770, 3
18082, 4036, 19208, 3
1308, 11490, 7298, 3
12209, 19641, 10977, 3
8260, 7151, 2488, 3
17171, 19890, 8244, 3
14570, 16141, 12753, 3
6, 18229, 5343, 3
10239, 12746, 5285, 3
1551, 13892, 6759, 3
9978, 2366, 11638, 3
7835, 14128, 5180, 3
18887, 6933, 11064, 3
7244, 18052, 10782, 3
6124, 18517, 4349, 3
8285, 8418, 8940, 3
14901, 14582, 15322, 3
19143, 16906, 10680, 3
13274, 7897, 11571, 3
18605, 16229, 1631, 3
11277, 444, 15667, 3
10023, 16174, 1196, 3
15845, 18435, 7659, 3
834, 7777, 4439, 3
1423, 2922, 6665, 3
13733, 6670, 4214, 3
5520, 19185, 4949, 3
18791, 5145, 15235, 3
14547, 683, 15658, 3
2519, 354, 7311, 3
12066, 18982, 6316, 3
10263, 4590, 10786, 3
11076, 15942, 8285, 3
18251, 12697, 1557, 3
7993, 5490, 13454, 3
4390, 2195, 891, 3
5199, 7710, 10407, 3
19835, 10855, 7003, 3
6387, 16022, 795, 3
12026, 3549, 12755, 3
2415, 11322, 3098, 3
14899, 2021, 18020, 3
282, 1148, 10172, 3
5869, 15081, 8262, 3
19230, 714, 12502, 3
13561, 18041, 7418, 3
14267, 9527, 19936, 3
9861, 16429, 11652, 3
6168, 2892, 15612, 3
5745, 19329, 383, 3
2317, 11563, 7871, 3
4968, 19949, 12067, 3
13425, 17733, 16042, 3
13124, 8625, 13531, 3
9140, 2441, 1065, 3
16537, 12917, 11401, 3
5279, 3711, 3790, 3
1735, 19079, 6770, 3
18985, 577, 16979, 3
13220, 13552, 8675, 3
7942, 3085, 18174, 3
19995, 11178, 17443, 3
18402, 15337, 17565, 3
5383, 16623, 13754, 3
630, 219, 8433, 3
16141, 8479, 4303, 3
15396, 19741, 9096, 3
1319, 6796, 2547, 3
18694, 3842, 19845, 3
4944, 15021, 16914, 3
697, 16417, 14000, 3
14092, 16978, 755, 3
14136, 9894, 18525, 3
14272, 6322, 2615, 3
3550, 19750, 12665, 3
18785, 2915, 7441, 3
19879, 1409, 18299, 3
13157, 1873, 9696, 3
6835, 11525, 1237, 3
4002, 2306, 9390, 3
18283, 13944, 3099, 3
8981, 4003, 1976, 3
2607, 4351, 17373, 3
3927, 10213, 18628, 3
5741, 701, 12335, 3
9381, 1776, 17912, 3
397, 3799, 6745, 3
14817, 10010, 2694, 3
13150, 16223, 17420, 3
1347, 105, 3967, 3
11038, 15333, 13063, 3
14595, 6920, 1245, 3
5423, 9730, 4125, 3
16067, 15366, 10381, 3
3129, 12095, 17186, 3
8495, 14044, 14972, 3
9496, 8896, 5337, 3
7208, 7860, 14082, 3
19903, 17367, 14155, 3
1657, 9244, 7110, 3
18753, 19359, 17367, 3
6334, 193, 16480, 3
8783, 18131, 16508, 3
14542, 209, 7974, 3
3557, 12402, 12103, 3
3346, 10022, 4700, 3
8766, 3174, 28, 3
1392, 1948, 12898, 3
18445, 13058, 15826, 3
14700, 18570, 5890, 3
16298, 719, 14744, 3
18041, 10135, 1247, 3
3107, 149, 4694, 3
6146, 11011, 5331, 3
1992, 19551, 14967, 3
2540, 11436, 7339, 3
9440, 11509, 19913, 3
14935, 1740, 18174, 3
185, 12543, 2377, 3
16063, 15253, 1115, 3
6964, 3689, 17248, 3
14656, 4122, 2729, 3
16207, 5050, 2029, 3
11722, 10608, 12769, 3
18432, 11734, 11714, 3
19305, 8898, 11040, 3
3839, 19209, 18406, 3
10286, 12724, 1542, 3
10455, 16945, 5443, 3
10596, 16479, 3182, 3
16150, 9956, 9560, 3
17789, 10284, 7541, 3
16880, 18778, 10217, 3
15562, 5493, 2862, 3
7978, 17977, 11423, 3
5662, 6634, 17964, 3
19783, 5168, 9554, 3
11490, 10170, 16686, 3
1008, 14864, 11553, 3
6154, 17886, 2649, 3
2584, 19826, 12208, 3
1286, 3583, 11915, 3
8853, 9629, 12280, 3
5221, 6240, 19738, 3
6480, 9875, 13012, 3
8936, 1068, 4818, 3
307, 18749, 17392, 3
8854, 16999, 2777, 3
11020, 16207, 9814, 3
7003, 14737, 412, 3
10028, 15156, 12250, 3
16834, 13821, 15663, 3
10746, 82, 15728, 3
5152, 18465, 19726, 3
8588, 12288, 7844, 3
14204, 4840, 8275, 3
9699, 11304, 18343, 3
2436, 11450, 18147, 3
414, 2815, 8350, 3
19597, 11728, 6898, 3
2474, 15954, 18378, 3
12012, 1162, 12586, 3
10258, 12752, 16667, 3
18424, 13942, 6457, 3
1913, 13165, 15114, 3
5540, 10697, 15411, 3
15130, 17813, 9125, 3
2677, 4867, 1770, 3
17750, 10167, 17808, 3
35, 4205, 19737, 3
11435, 4831, 17824, 3
16200, 10185, 11670, 3
9230, 15067, 13697, 3
6315, 410, 13382, 3
15049, 16695, 17594, 3
13226, 11367, 6773, 3
17229, 16656, 1885, 3
3319, 12549, 9230, 3
2681, 19806, 1089, 3
3436, 98, 16814, 3
6803, 1395, 768, 3
17165, 5834, 624, 3
2689, 7268, 9107, 3
13621, 6001, 16982, 3
16779, 9021, 1385, 3
18513, 4938, 4281, 3
16022, 4206, 4218, 3
4036, 3369, 5731, 3
5901, 5733, 7306, 3
18881, 10299, 416, 3
3138, 9618, 13445, 3
13542, 7601, 18707, 3
10243, 14898, 19032, 3
11342, 6540, 11545, 3
8491, 10810, 13469, 3
17276, 13559, 17094, 3
10086, 478, 6534, 3
18586, 13600, 11179, 3
16721, 10412, 12608, 3
17129, 10845, 18153, 3
17820, 18352, 4781, 3
11811, 13816, 4634, 3
8137, 13962, 5912, 3
19216, 7682, 17438, 3
4274, 10797, 17678, 3
5168, 11597, 10685, 3
15679, 19648, 15546, 3
5919, 10756, 2963, 3
11289, 19061, 2375, 3
2243, 18906, 161, 3
5182, 8027, 16917, 3
15734, 6315, 11875, 3
8536, 6303, 5098, 3
8301, 11546, 7936, 3
16807, 9862, 867, 3
5617, 281, 19496, 3
16646, 2364, 1828, 3
13715, 3963, 18284, 3
17574, 13392, 1330, 3
18697, 14251, 17555, 3
3815, 4342, 15897, 3
17633, 7665, 6733, 3
8295, 12803, 13774, 3
17702, 11616, 5733, 3
19525, 9124, 19621, 3
14507, 6934, 11465, 3
18525, 13313, 11104, 3
1951, 5624, 15144, 3
6092, 18854, 3019, 3
3691, 9404, 18799, 3
2858, 7120, 11453, 3
8650, 15689, 5739, 3
3498, 10301, 5206, 3
11290, 18296, 18189, 3
19192, 1310, 13242, 3
2969, 12357, 18135, 3
19457, 12380, 16856, 3
8722, 10036, 18056, 3
13373, 18641, 13440, 3
16416, 2052, 12321, 3
1789, 8889, 10590, 3
19866, 10300, 13323, 3
13082, 15580, 14378, 3
12072, 6820, 12713, 3
16639, 13934, 13134, 3
6822, 9003, 1559, 3
2792, 3267, 17632, 3
17404, 9053, 5701, 3
10991, 10388, 8751, 3
10676, 15141, 6737, 3
11983, 5565, 14386, 3
12566, 7508, 11767, 3
204, 12496, 691, 3
19960, 7495, 46, 3
19377, 15388, 19197, 3
11216, 10673, 19310, 3
7728, 11358, 1257, 3
16510, 14385, 10094, 3
18360, 9746, 5478, 3
14835, 7954, 173, 3
14101, 11475, 17543, 3
11032, 16323, 16070, 3
5114, 13832, 10885, 3
5278, 19910, 2599, 3
14820, 16535, 17777, 3
814, 18775, 19586, 3
19782, 10177, 15241, 3
14433, 18707, 18617, 3
16895, 6403, 12541, 3
16907, 7154, 469, 3
6676, 18825, 7525, 3
14062, 15720, 13690, 3
10389, 2095, 711, 3
3543, 10350, 6158, 3
8735, 13273, 6994, 3
9404, 13674, 16784, 3
7421, 221, 10429, 3
2369, 15617, 15834, 3
910, 6556, 10239, 3
3337, 14203, 6723, 3
2822, 8534, 19347, 3
11077, 5482, 4436, 3
5747, 5223, 15526, 3
5246, 15690, 16322, 3
3721, 394, 15031, 3
7176, 9803, 1706, 3
12476, 18387, 13879, 3
5385, 14114, 7793, 3
19115, 2836, 4213, 3
14493, 15472, 11175, 3
7144, 41, 12208, 3
13551, 15361, 1360, 3
5186, 19511, 13049, 3
2158, 13671, 14640, 3
1339, 531, 1
1035, 521, 1
184, 1026, 1
320, 940, 1
319, 759, 1
128, 425, 1
383, 830, 1
948, 601, 1
540, 1238, 1
751, 659, 1
1075, 207, 1
777, 1099, 1
441, 261, 1
1234, 1342, 1
473, 157, 1
472, 1224, 1
229, 1311, 1
1302, 554, 1
493, 161, -1
464, 1150, -1
965, 912, -1
885, 1003, -1
1305, 1378, -1
1165, 585, -1
952, 1142, -1
872, 630, -1
1081, 242, -1
217, 922, -1
578, 193, -1
1100, 884, -1
148, 195, -1
970, 1044, -1
1346, 1119, -1
259, 1253, -1
1114, 496, -1
1188, 463, -1
1292, 668, -1
1258, 1001, -1
1392, 22, -1
1157, 269, -1
1165, 588, -1
63, 504, -1
1120, 1341, -1
672, 1297, -1
295, 161, -1
1288, 308, -1
838, 230, -1
1353, 909, -1
769, 1331, -1
1326, 413, -1
769, 49, -1
747, 1223, -1
1013, 87, -1
1138, 1424, -1
369, 548, -1
1073, 850, -1
825, 375, -1
206, 1134, -1
317, 706, -1
962, 927, -1
950, 636, -1
262, 630, -1
909, 1427, -1
1174, 446, -1
907, 967, -1
658, 116, -1
359, 749, -1
1027, 1310, -1
932, 719, -1
458, 512, -1
284, 1040, -1
1018, 1122, -1
252, 1186, -1
651, 1394, -1
1039, 362, -1
1391, 412, -1
97, 1014, -1
3, 446, -1
1341, 604, -1
1183, 844, -1
1299, 668, -1
1054, 763, -1
274, 171, -1
82, 736, -1
1328, 473, -1
197, 28, -1
1376, 1277, -1
1180, 840, -1
195, 1400, -1
194, 636, -1
877, 327, -1
338, 1049, -1
1355, 1413, -1
36, 428, -1
857, 733, -1
243, 935, -1
294, 124, -1
856, 784, -1
907, 837, -1
42, 1152, -1
62, 966, -1
899, 406, -1
96, 1029, -1
1330, 807, -1
165, 284, -1
269, 1074, -1
139, 1256, -1
1107, 270, -1
1217, 691, -1
810, 1139, -1
2, 497, -1
1297, 1225, -1
1262, 456, -1
932, 1227, -1
1271, 468, -1
435, 994, -1
850, 401, -1
346, 739, -1
1117, 337, -1
286, 955, -1
1380, 1268, -1
509, 952, -1
385, 240, -1
258, 597, -1
1103, 998, -1
537, 1241, -1
1409, 1149, -1
497, 1288, -1
1212, 251, -1
1391, 1424, -1
537, 161, -1
41, 570, -1
512, 1110, -1
332, 216, -1
984, 796, -1
1185, 121, -1
18, 1087, -1
1375, 1322, -1
1006, 1106, -1
116, 1411, -1
46, 1051, -1
642, 490, -1
185, 329, -1
198, 83, -1
829, 39, -1
1170, 639, -1
140, 90, -1
168, 549, -1
584, 869, -1
91, 592, -1
821, 1037, -1
1130, 802, -1
122, 1151, -1
142, 869, -1
862, 932, -1
240, 709, -1
693, 1218, -1
413, 1291, -1
55, 931, -1
1091, 424, -1
178, 1389, -1
163, 471, -1
1164, 50, -1
833, 399, -1
1304, 206, -1
351, 958, -1
889, 798, -1
1329, 491, -1
1353, 716, -1
1163, 542, -1
1116, 149, -1
1065, 1315, -1
675, 103, -1
1004, 707, -1
732, 4, -1
1378, 1174, -1
356, 500, -1
964, 442, -1
1238, 1404, -1
553, 623, -1
890, 990, -1
1268, 176, -1
920, 652, -1
181, 951, -1
13, 1386, -1
1183, 916, -1
999, 1031, -1
496, 982, -1
976, 91, -1
629, 1045, -1
489, 587, -1
1361, 610, -1
70, 322, -1
907, 1063, -1
955, 77, -1
776, 1424, -1
188, 1278, -1
146, 691, -1
437, 605, -1
409, 983, -1
1007, 1061, -1
139, 1301, -1
67, 1429, -1
184, 157, -1
1271, 943, -1
772, 218, -1
873, 1095, -1
1099, 4, -1
248, 1158, -1
344, 35, -1
1373, 251, -1
183, 1428, -1
982, 449, -1
182, 1245, -1
856, 536, -1
728, 530, -1
213, 694, -1
633, 705, -1
139, 1288, -1
1324, 931, -1
150, 705, -1
494, 1129, -1
553, 384, -1
21, 740, -1
1008, 476, -1
386, 472, -1
660, 761, -1
222, 268, -1
577, 43, -1
1391, 781, -1
621, 155, -1
636, 1279, -1
271, 373, -1
1292, 855, -1
1178, 112, -1
348, 1360, -1
1393, 1121, -1
1276, 515, -1
1150, 561, -1
1225, 537, -1
199, 491, -1
580, 835, -1
219, 725, -1
1170, 166, -1
642, 815, -1
809, 1123, -1
1033, 1092, -1
520, 482, -1
3, 788, -1
1379, 1104, -1
256, 622, -1
456, 34, -1
84, 239, -1
181, 387, -1
421, 1302, -1
1018, 327, -1
860, 337, -1
829, 1274, -1
199, 315, -1
977, 1128, -1
509, 1428, -1
1428, 437, -1
247, 444, -1
531, 853, -1
473, 968, -1
490, 1207, -1
1228, 1069, -1
271, 712, -1
974, 303, -1
1211, 476, -1
1351, 608, -1
735, 1144, -1
397, 189, -1
605, 1021, -1
310, 1167, -1
936, 115, -1
905, 555, -1
96, 990, -1
923, 1151, -1
27, 1175, -1
106, 1145, -1
639, 1062, -1
874, 1194, -1
128, 1256, -1
476, 958, -1
930, 1101, -1
97, 302, -1
859, 1206, -1
1053, 496, -1
421, 1064, -1
697, 661, -1
413, 132, -1
1073, 1028, -1
212, 1000, -1
459, 906, -1
1220, 1295, -1
328, 17, -1
615, 86, -1
469, 947, -1
1102, 940, -1
812, 474, -1
1311, 596, -1
1389, 1242, -1
805, 138, -1
1239, 706, -1
1431, 1035, -1
1192, 827, -1
1403, 464, -1
1069, 1090, -1
1024, 1285, -1
1403, 996, -1
119, 595, -1
432, 259, -1
899, 298, -1
895, 233, -1
1260, 276, -1
556, 252, -1
775, 849, -1
1094, 539, -1
1279, 960, -1
826, 1248, -1
1005, 307, -1
125, 689, -1
282, 1373, -1
848, 89, -1
237, 1215, -1
977, 1329, -1
559, 861, -1
1344, 781, -1
1235, 352, -1
280, 1360, -1
1392, 352, -1
620, 280, -1
1421, 949, -1
126, 1052, -1
1207, 24, -1
822, 331, -1
797, 1054, -1
29, 1256, -1
86, 205, -1
1237, 1432, -1
156, 16, -1
1117, 505, -1
1182, 1365, -1
643, 987, -1
997, 479, -1
753, 288, -1
83, 1188, -1
1343, 595, -1
365, 1152, -1
1274, 635, -1
1140, 700, -1
603, 393, -1
1182, 6, -1
749, 399, -1
634, 890, -1
1040, 367, -1
93, 10, -1
408, 195, -1
1372, 1116, -1
968, 497, -1
272, 557, -1
593, 400, -1
914, 244, -1
1001, 948, -1
1270, 1214, -1
1031, 5, -1
1362, 1297, -1
177, 1167, -1
855, 1408, -1
298, 794, -1
1355, 1097, -1
1130, 376, -1
1293, 1097, -1
1055, 755, -1
120, 1308, -1
520, 1188, -1
286, 943, -1
773, 89, -1
456, 1240, -1
77, 346, -1
254, 857, -1
1329, 375, -1
848, 42, -1
1050, 686, -1
493, 109, -1
176, 1228, -1
337, 707, -1
520, 1221, -1
1041, 1399, -1
523, 485, -1
1389, 289, -1
473, 476, -1
1420, 851, -1
939, 1076, -1
297, 536, -1
1202, 740, -1
1253, 559, -1
127, 808, -1
1195, 19, -1
767, 324, -1
574, 783, -1
1372, 85, -1
23, 498, -1
1423, 1302, -1
179, 462, -1
387, 419, -1
759, 1005, -1
44, 60, -1
1292, 1346, -1
583, 546, -1
111, 1238, -1
855, 517, -1
1066, 321, -1
1261, 719, -1
1049, 1204, -1
785, 1056, -1
237, 474, -1
1137, 390, -1
106, 985, -1
599, 1282, -1
507, 994, -1
338, 25, -1
15, 1151, -1
273, 501, -1
686, 696, -1
982, 626, -1
998, 55, -1
341, 924, -1
1130, 1333, -1
1233, 1144, -1
268, 255, -1
156, 790, -1
486, 704, -1
751, 1165, -1
1417, 444, -1
763, 8, -1
11, 1312, -1
767, 475, -1
284, 680, -1
965, 814, -1
337, 1317, -1
198, 1396, -1
577, 794, -1
480, 783, -1
741, 1042, -1
59, 507, -1
1235, 258, -1
204, 666, -1
502, 1198, -1
262, 180, -1
887, 1307, -1
249, 609, -1
157, 418, -1
9, 35, -1
381, 1267, -1
282, 539, -1
58, 1159, -1
975, 289, -1
1374, 1048, -1
1188, 797, -1
760, 1380, -1
1119, 391, -1
1126, 913, -1
117, 374, -1
943, 856, -1
1157, 1062, -1
49, 318, -1
1418, 1340, -1
500, 335, -1
393, 1274, -1
757, 12, -1
1098, 319, -1
802, 554, -1
761, 77, -1
1419, 406, -1
1008, 797, -1
209, 600, -1
830, 859, -1
1240, 357, -1
980, 1184, -1
360, 471, -1
902, 345, -1
702, 402, -1
408, 1400, -1
581, 212, -1
870, 213, -1
443, 1206, -1
1020, 307, -1
351, 1302, -1
299, 936, -1
1331, 994, -1
765, 1024, -1
1012, 419, -1
934, 1248, -1
663, 923, -1
1361, 1050, -1
266, 299, -1
531, 605, -1
1339, 712, -1
1328, 157, -1
521, 1431, -1
554, 351, -1
1339, 605, -1
554, 421, -1
476, 157, -1
859, 383, -1
1026, 157, -1
320, 1102, -1
1098, 759, -1
1224, 386, -1
712, 531, -1
184, 473, -1
659, 1165, -1
777, 4, -1
1005, 319, -1
968, 157, -1
554, 1423, -1
601, 1001, -1
1339, 853, -1
802, 1302, -1
1404, 540, -1
473, 418, -1
425, 1256, -1
596, 229, -1
540, 111, -1
1404, 1238, -1
968, 473, -1
473, 1026, -1
940, 1102, -1
596, 1311, -1
1165, 751, -1
1302, 1423, -1
418, 157, -1
712, 1339, -1
1256, 128, -1
1238, 111, -1
1302, 351, -1
948, 1001, -1
1035, 1431, -1
859, 830, -1
1256, 425, -1

