14226, 17939, -1
9529, 1885, -1
19198, 17827, -1
13741, 10937, -1
8506, 19918, -1
11129, 17316, -1
16351, 5422, -1
8657, 10298, -1
18244, 13492, -1
10254, 12423, -1
6926, 4272, -1
15487, 1612, -1
15047, 6203, -1
15374, 14414, -1
8871, 4076, -1
13671, 13460, -1
4059, 2221, -1
15894, 8919, -1
1176, 8064, -1
3863, 19114, -1
10710, 15362, -1
17902, 288, -1
15526, 903, -1
15541, 8726, -1
9538, 5208, -1
5508, 3404, -1
12171, 15313, -1
8727, 490, -1
16141, 2512, -1
6378, 10827, -1
13385, 17639, -1
752, 8954, -1
7983, 6979, -1
6171, 10445, -1
12643, 9698, -1
738, 7430, -1
14074, 5668, -1
12527, 2258, -1
2570, 2415, -1
6520, 17045, -1
7600, 7873, -1
17913, 15966, -1
3196, 16778, -1
7429, 6737, -1
2029, 8550, -1
907, 1919, -1
18668, 2451, -1
10745, 10684, -1
5446, 7949, -1
10323, 13963, -1
15548, 7552, -1
17864, 18236, -1
16151, 13563, -1
14106, 18746, -1
13394, 5788, -1
8478, 15182, -1
7238, 13762, -1
9399, 13300, -1
255, 11242, -1
5723, 10853, -1
13217, 10304, -1
12017, 4287, -1
6917, 18069, -1
11065, 12789, -1
18391, 12467, -1
18430, 9143, -1
1716, 10839, -1
4730, 8725, -1
18097, 19016, -1
13915, 2749, -1
7988, 5881, -1
629, 1806, -1
4279, 17679, -1
7326, 18050, -1
15282, 5934, -1
31, 11761, -1
9403, 17844, -1
8276, 5388, -1
8258, 13407, -1
11947, 7282, -1
6735, 3810, -1
2448, 4372, -1
12389, 6672, -1
19533, 13835, -1
4870, 17572, -1
8036, 18998, -1
7968, 16793, -1
15146, 1232, -1
13980, 792, -1
5552, 14253, -1
11713, 9026, -1
19379, 13897, -1
5614, 19494, -1
14628, 12235, -1
9923, 3149, -1
9955, 10730, -1
669, 11285, -1
11031, 17147, -1
10827, 4302, -1
2131, 12773, -1

