1160, 4331, 12983, 3
9850, 9742, 1975, 3
16078, 4037, 19935, 3
5781, 17959, 15232, 3
18662, 15623, 14444, 3
6337, 5145, 6857, 3
1545, 377, 5573, 3
19915, 17858, 17445, 3
18533, 8623, 16016, 3
4836, 8085, 10796, 3
14736, 12512, 18171, 3
3582, 2657, 2529, 3
11608, 19742, 7577, 3
5731, 212, 7788, 3
14418, 6924, 5659, 3
19264, 13064, 3056, 3
6610, 13578, 11569, 3
19045, 2197, 2336, 3
10807, 8832, 12784, 3
7742, 19991, 16213, 3
19698, 8319, 16584, 3
10859, 863, 13537, 3
4801, 9874, 2175, 3
2364, 6563, 1340, 3
14018, 11954, 13795, 3
13371, 2392, 978, 3
14885, 13598, 1940, 3
10029, 1536, 18764, 3
1176, 10279, 4452, 3
18461, 18321, 1095, 3
5361, 12265, 12341, 3
13958, 9282, 4604, 3
17594, 8502, 19572, 3
16293, 5831, 6780, 3
14978, 8154, 5766, 3
4057, 3072, 10280, 3
2975, 718, 7627, 3
15243, 19090, 18541, 3
10384, 18547, 12929, 3
12692, 16369, 12898, 3
15062, 8811, 13794, 3
1383, 14454, 13506, 3
2394, 3240, 6734, 3
9611, 7469, 15936, 3
6346, 4817, 11829, 3
13479, 1970, 5314, 3
3237, 17679, 18634, 3
9117, 19764, 13630, 3
15109, 5952, 8134, 3
13029, 12723, 8860, 3
6996, 1977, 15493, 3
10786, 4440, 9701, 3
3394, 830, 6476, 3
3362, 9002, 11228, 3
12789, 7862, 19748, 3
2588, 17324, 3204, 3
650, 11437, 17179, 3
14828, 17346, 17702, 3
1267, 17718, 16602, 3
12706, 10825, 17689, 3
5238, 18588, 1129, 3
4635, 17978, 17639, 3
18283, 15031, 15478, 3
17371, 12385, 643, 3
18808, 4449, 7173, 3
13003, 5685, 19370, 3
18950, 16134, 5752, 3
19296, 18733, 18119, 3
19996, 13084, 2597, 3
2038, 1060, 13190, 3
866, 10092, 18705, 3
6738, 5877, 11177, 3
14373, 8488, 2168, 3
8968, 5563, 4123, 3
9898, 16061, 16142, 3
2104, 3875, 10421, 3
3242, 2633, 19182, 3
17769, 14398, 10770, 3
3149, 19337, 15348, 3
1128, 2703, 400, 3
17725, 10397, 7620, 3
1160, 15083, 18823, 3
4939, 8725, 3633, 3
12027, 3762, 4743, 3
19650, 13724, 1304, 3
9389, 6084, 11992, 3
1401, 10858, 11036, 3
3328, 14773, 18725, 3
892, 17821, 14714, 3
9244, 728, 18487, 3
2291, 8299, 7149, 3
8919, 4704, 10014, 3
5044, 4926, 692, 3
12722, 5330, 2399, 3
4436, 13078, 4494, 3
7271, 5808, 1221, 3
16870, 18529, 10443, 3
8109, 11436, 3384, 3
2717, 9918, 9499, 3
6774, 629, 7013, 3
12627, 5331, 5216, 3
4708, 1907, 10555, 3
3457, 4399, 1162, 3
1199, 8269, 2171, 3
149, 7550, 15312, 3
6102, 12340, 11512, 3
11896, 12849, 8485, 3
4962, 14365, 3050, 3
17699, 18461, 19200, 3
11439, 10472, 19703, 3
601, 7182, 4188, 3
8239, 4135, 9316, 3
152, 386, 5513, 3
2177, 11468, 4185, 3
1658, 13676, 19995, 3
11423, 18313, 17829, 3
8679, 19335, 17142, 3
12816, 15674, 9997, 3
319, 3588, 1620, 3
10252, 15466, 16899, 3
6358, 18370, 3445, 3
18652, 11304, 16548, 3
4535, 12220, 14548, 3
832, 5954, 9517, 3
5387, 9455, 2492, 3
12392, 18355, 13541, 3
10497, 9448, 11595, 3
4121, 5283, 6522, 3
8904, 7139, 5913, 3
18914, 1136, 95, 3
17451, 4695, 4716, 3
3384, 8075, 1673, 3
9052, 4484, 13740, 3
6907, 4623, 13911, 3
3696, 13755, 1413, 3
8378, 10855, 15715, 3
12685, 18242, 15353, 3
8907, 4156, 9547, 3
16670, 4719, 214, 3
19881, 12137, 15715, 3
17035, 17105, 18528, 3
13961, 10110, 9807, 3
2156, 10340, 2783, 3
14761, 1145, 8623, 3
1174, 18326, 9720, 3
18279, 11478, 11684, 3
5725, 9623, 18966, 3
17688, 14009, 18867, 3
5891, 19159, 12634, 3
9809, 6101, 10426, 3
18578, 9834, 2970, 3
16796, 278, 12275, 3
9426, 14623, 740, 3
14267, 17137, 2048, 3
7980, 2268, 16496, 3
8028, 7252, 5263, 3
2485, 8228, 18860, 3
12458, 3799, 11690, 3
17003, 1646, 7476, 3
17133, 16762, 11612, 3
392, 9825, 3294, 3
523, 15782, 12121, 3
13730, 16182, 12940, 3
5378, 13270, 10411, 3
13442, 17449, 12153, 3
18187, 1322, 4816, 3
16393, 2012, 8744, 3
8227, 6252, 11735, 3
4775, 6999, 9028, 3
5406, 17901, 877, 3
17399, 18005, 4305, 3
10266, 14190, 18089, 3
6071, 18675, 8124, 3
14462, 1744, 13968, 3
11347, 828, 14449, 3
12109, 5992, 16926, 3
16828, 17747, 9676, 3
9296, 19984, 14196, 3
2364, 14274, 18416, 3
10128, 9360, 14456, 3
8365, 13584, 12035, 3
11771, 16387, 19524, 3
4641, 1874, 12668, 3
10818, 14980, 19755, 3
2124, 10455, 7429, 3
6430, 14048, 15340, 3
6943, 4777, 13962, 3
2137, 9322, 19724, 3
419, 1501, 11635, 3
13684, 13966, 2132, 3
1679, 3212, 1225, 3
15177, 9354, 11674, 3
17818, 16404, 533, 3
17522, 10149, 19357, 3
6331, 15601, 14661, 3
1490, 17161, 19146, 3
17711, 9374, 4490, 3
18849, 10085, 132, 3
16398, 14688, 6477, 3
14735, 18839, 1066, 3
6877, 13056, 1540, 3
14248, 5204, 5095, 3
3205, 12678, 2293, 3
767, 6156, 7522, 3
3463, 10546, 15631, 3
19090, 10038, 10080, 3
3570, 12736, 11216, 3
16937, 18854, 15717, 3
14602, 4454, 13910, 3
489, 3610, 7346, 3
11739, 14229, 10042, 3
18212, 14276, 10875, 3
4360, 12594, 8491, 3
15047, 10705, 1731, 3
17792, 19988, 10728, 3
8716, 18583, 7789, 3
4468, 13038, 16428, 3
17324, 3224, 8273, 3
1579, 19968, 9642, 3
6027, 663, 18561, 3
5894, 1567, 8554, 3
8211, 12640, 7186, 3
18, 129, 15419, 3
5671, 9808, 19685, 3
4339, 1716, 19838, 3
5301, 12132, 16405, 3
6914, 192, 15772, 3
7398, 11428, 9854, 3
18567, 13384, 12370, 3
9228, 3117, 10067, 3
3017, 13039, 12569, 3
6540, 2469, 2938, 3
10203, 2358, 11251, 3
13435, 15294, 15387, 3
3213, 3106, 14273, 3
3695, 17677, 15676, 3
1934, 14979, 5448, 3
6264, 5215, 19774, 3
1793, 8578, 8710, 3
1523, 5113, 4671, 3
2434, 7435, 7455, 3
14290, 13634, 17134, 3
4223, 3921, 7584, 3
12658, 19383, 17420, 3
1877, 10890, 9095, 3
9304, 7982, 15407, 3
12827, 1646, 13985, 3
7748, 9455, 10349, 3
9485, 4592, 17791, 3
13350, 6740, 14184, 3
10044, 439, 13659, 3
6671, 9472, 3058, 3
15116, 2283, 6276, 3
9129, 9294, 16478, 3
1354, 14373, 10946, 3
15730, 8521, 18578, 3
13518, 5285, 10082, 3
11882, 10633, 10781, 3
4211, 13382, 17481, 3
10427, 4707, 15400, 3
3306, 6913, 15778, 3
3872, 7748, 19712, 3
2641, 10377, 2583, 3
1999, 18412, 14177, 3
9725, 881, 15083, 3
7093, 14722, 3638, 3
6967, 18406, 15752, 3
15633, 19593, 1495, 3
15008, 15237, 453, 3
13841, 1987, 17608, 3
12775, 6299, 10531, 3
336, 18131, 16863, 3
15581, 2110, 11441, 3
782, 3365, 10516, 3
2712, 12634, 2181, 3
15990, 11413, 5206, 3
19531, 9523, 17684, 3
11545, 12526, 14718, 3
14065, 15548, 8219, 3
16715, 13040, 13117, 3
3323, 18673, 13970, 3
18171, 16869, 7569, 3
5854, 5519, 14417, 3
10990, 16909, 9964, 3
14179, 13114, 7443, 3
1975, 14, 4566, 3
430, 19485, 1304, 3
16962, 804, 1890, 3
12741, 5221, 12729, 3
9561, 5720, 16253, 3
16697, 5960, 3838, 3
12594, 14663, 18101, 3
2258, 16656, 1232, 3
11745, 15243, 8779, 3
12560, 10762, 15644, 3
15239, 3745, 831, 3
2549, 14040, 5222, 3
9140, 2309, 17113, 3
13086, 3024, 16778, 3
11585, 6512, 11275, 3
8219, 12027, 19888, 3
2295, 7881, 19425, 3
12336, 15209, 39, 3
16331, 8046, 15034, 3
2823, 2643, 17097, 3
1678, 16506, 6192, 3
15118, 2766, 11909, 3
11960, 17823, 10231, 3
15181, 4917, 884, 3
1476, 13436, 6667, 3
6187, 9416, 17139, 3
10133, 12916, 4798, 3
1607, 18601, 10231, 3
690, 1840, 6814, 3
1286, 7937, 16974, 3
19155, 10555, 9163, 3
785, 8639, 6723, 3
16951, 12536, 17527, 3
11230, 16225, 7339, 3
17824, 14607, 17630, 3
6582, 19907, 19675, 3
11211, 620, 16983, 3
308, 10683, 1455, 3
8443, 19131, 6081, 3
3732, 11565, 3476, 3
11881, 18183, 1057, 3
5635, 3174, 12415, 3
4240, 4386, 2663, 3
7210, 7032, 4987, 3
8418, 11634, 15290, 3
1531, 12941, 4860, 3
10623, 5757, 11902, 3
791, 1897, 19220, 3
7102, 16112, 2777, 3
8697, 18392, 16990, 3
1544, 18809, 2656, 3
3262, 17310, 6304, 3
19184, 3200, 8400, 3
11107, 15010, 18382, 3
804, 14168, 6807, 3
6317, 9579, 615, 3
5984, 13687, 13180, 3
1009, 2368, 16643, 3
9362, 8861, 17201, 3
18878, 1140, 9897, 3
7835, 4219, 16148, 3
7625, 13216, 13861, 3
679, 3763, 5680, 3
4291, 17799, 5219, 3
17397, 3100, 12275, 3
14763, 15503, 2971, 3
11605, 17977, 5705, 3
382, 19618, 15408, 3
5199, 14875, 4987, 3
1177, 8971, 14117, 3
4009, 2627, 12678, 3
17244, 5401, 5403, 3
9006, 10355, 18779, 3
19779, 16373, 4595, 3
6595, 13359, 8318, 3
12911, 18263, 5484, 3
5236, 13759, 17146, 3
19221, 13817, 18058, 3
6281, 8318, 12100, 3
7828, 8428, 1285, 3
12731, 11273, 4744, 3
5197, 16187, 14068, 3
18767, 9991, 7353, 3
7143, 2598, 14116, 3
12797, 12637, 4043, 3
6885, 9649, 16136, 3
612, 19877, 7282, 3
15180, 16545, 4769, 3
17853, 9681, 6316, 3
9054, 16565, 2402, 3
3728, 7769, 9004, 3
4939, 2635, 11315, 3
7827, 17496, 393, 3
15522, 12197, 16314, 3
19837, 6785, 3913, 3
9620, 5553, 13785, 3
9784, 18536, 9444, 3
15439, 10183, 6314, 3
8041, 19516, 2325, 3
13781, 3334, 11085, 3
14570, 3611, 7146, 3
2429, 16044, 19597, 3
1549, 1068, 10970, 3
12177, 10396, 19387, 3
19092, 4289, 13859, 3
13291, 13146, 16136, 3
17647, 13999, 15308, 3
6265, 5235, 12202, 3
3807, 7330, 497, 3
11491, 9159, 9100, 3
19623, 945, 1576, 3
12143, 4103, 13979, 3
6843, 14773, 15668, 3
17049, 19007, 12604, 3
6737, 2196, 16335, 3
6453, 18784, 7019, 3
17156, 8797, 11474, 3
17530, 4307, 7198, 3
6509, 10594, 15107, 3
14468, 18367, 17636, 3
5934, 3251, 12773, 3
9631, 15161, 5189, 3
7093, 16763, 11634, 3
17166, 18388, 5274, 3
439, 14908, 19188, 3
13976, 19339, 9224, 3
1725, 9983, 2514, 3
8493, 18815, 14775, 3
18051, 4899, 2230, 3
1392, 12971, 18773, 3
17401, 3470, 14993, 3
2029, 13252, 8598, 3
9177, 5014, 18999, 3
4732, 4659, 19903, 3
7294, 8310, 17423, 3
19291, 4614, 17175, 3
17563, 6689, 16932, 3
12238, 16876, 3463, 3
12358, 17866, 10591, 3
12940, 1306, 1185, 3
422, 15635, 16445, 3
15052, 14458, 7850, 3
9629, 14334, 5791, 3
2439, 9917, 7304, 3
15654, 19977, 2070, 3
339, 17650, 12611, 3
1345, 17565, 4830, 3
19252, 11026, 6220, 3
15784, 4473, 14207, 3
12415, 8797, 17939, 3
19974, 10846, 15686, 3
4532, 3478, 3322, 3
4069, 13703, 7595, 3
5190, 19738, 13285, 3
3755, 16433, 8696, 3
5967, 15901, 9923, 3
3125, 1644, 17886, 3
3393, 6601, 15173, 3
4728, 5790, 10794, 3
14414, 12459, 9936, 3
12198, 12819, 4784, 3
8271, 9278, 11586, 3
11221, 8243, 663, 3
1417, 1610, 18672, 3
19223, 19254, 12670, 3
4259, 1279, 8357, 3
10379, 5867, 14936, 3
18249, 8889, 212, 3
16004, 13796, 4902, 3
12684, 5313, 8832, 3
15954, 1592, 15814, 3
18750, 9103, 10941, 3
18058, 11497, 8715, 3
16184, 12967, 14141, 3
18412, 13370, 13569, 3
11902, 14791, 17307, 3
5911, 13481, 19962, 3
19217, 13736, 3074, 3
7983, 11294, 15905, 3
12998, 11270, 19283, 3
14891, 8555, 12085, 3
17833, 536, 4351, 3
18216, 9954, 5165, 3
7950, 15471, 19433, 3
10360, 19260, 17502, 3
7869, 9258, 4477, 3
2975, 8453, 5952, 3
155, 13947, 13608, 3
3524, 19483, 13054, 3
17130, 737, 2648, 3
7288, 6050, 6125, 3
797, 12602, 5676, 3
6101, 9283, 12152, 3
14717, 1677, 17685, 3
3649, 11304, 18317, 3
7603, 8146, 6381, 3
3127, 7877, 15093, 3
3739, 16133, 15626, 3
12393, 16826, 5584, 3
3705, 5529, 16372, 3
2534, 12166, 3800, 3
11988, 454, 10198, 3
18488, 16786, 14369, 3
19343, 4698, 12878, 3
3252, 4910, 17638, 3
4933, 2033, 19458, 3
13827, 5610, 16151, 3
6815, 7847, 15268, 3
2072, 1022, 2055, 3
19222, 14135, 2851, 3
10742, 10753, 2666, 3
11189, 14541, 6830, 3
19857, 17284, 15031, 3
16579, 4857, 5556, 3
3002, 14681, 18208, 3
9277, 9318, 13694, 3
17333, 2392, 10123, 3
14720, 19456, 10384, 3
5492, 3679, 622, 3
10999, 8789, 16571, 3
19846, 13822, 975, 3
251, 11905, 13510, 3
9579, 4821, 9808, 3
7983, 10536, 17529, 3
15759, 4296, 18772, 3
7837, 12150, 16165, 3
7714, 2112, 16145, 3
1750, 19757, 1136, 3
4748, 14318, 1403, 3
1106, 6701, 9952, 3
3810, 10086, 16378, 3
7427, 2687, 11330, 3
3350, 3364, 8074, 3
6292, 17449, 2858, 3
4208, 11986, 3093, 3
10806, 862, 9499, 3
3305, 2185, 1405, 3
13462, 12555, 569, 3
2562, 11602, 6041, 3
11193, 4461, 9724, 3
2775, 11680, 17913, 3
15765, 17820, 6634, 3
347, 662, 4267, 3
1397, 16111, 1163, 3
6232, 13622, 18092, 3
6974, 4625, 8057, 3
11273, 11480, 4676, 3
829, 5148, 3738, 3
10240, 17253, 6930, 3
10835, 4106, 12303, 3
7315, 17983, 1230, 3
4690, 17257, 11048, 3
11680, 19149, 6900, 3
14684, 17522, 19340, 3
8572, 19808, 17457, 3
7080, 3918, 1450, 3
1496, 15963, 6571, 3
4617, 12088, 16290, 3
8694, 14063, 7392, 3
8799, 8539, 4216, 3
11035, 13852, 15773, 3
14183, 14798, 12734, 3
6506, 18096, 15972, 3
6991, 3131, 14768, 3
1210, 17676, 3727, 3
380, 3020, 11081, 3
9187, 14468, 19202, 3
18740, 17677, 14929, 3
12823, 11381, 4729, 3
10867, 15280, 10917, 3
6169, 3249, 10897, 3
2585, 8347, 17271, 3
17870, 14653, 18116, 3
9480, 15436, 8152, 3
1494, 4427, 6763, 3
7131, 16010, 7784, 3
7708, 3667, 18785, 3
8433, 1952, 16062, 3
4320, 16546, 1734, 3
7196, 14018, 7624, 3
293, 7275, 10341, 3
16628, 12181, 14496, 3
19383, 12314, 19821, 3
9399, 17583, 485, 3
6865, 13270, 8024, 3
2182, 12358, 2227, 3
1957, 3056, 17416, 3
13524, 9826, 1795, 3
15931, 2904, 18063, 3
9258, 2983, 18474, 3
18961, 12493, 9278, 3
12085, 17795, 3517, 3
5717, 17611, 2040, 3
11948, 19485, 9832, 3
18327, 16374, 10446, 3
16697, 18492, 4580, 3
7962, 10497, 6552, 3
11114, 2384, 6165, 3
14483, 9753, 1987, 3
2322, 7972, 12654, 3
15651, 1407, 16651, 3
8048, 3126, 7294, 3
18651, 7946, 16839, 3
4868, 17708, 634, 3
18290, 6868, 8470, 3
7718, 9051, 12555, 3
1122, 9066, 2362, 3
6702, 4781, 104, 3
12165, 15818, 123, 3
3193, 16989, 6650, 3
14257, 6736, 1674, 3
8718, 8780, 19367, 3
2262, 16700, 5851, 3
10024, 9267, 15135, 3
9048, 12571, 16324, 3
4388, 9905, 10640, 3
13621, 104, 13500, 3
18512, 278, 1439, 3
1782, 9425, 9377, 3
11118, 19158, 14787, 3
6431, 2399, 19853, 3
10203, 6448, 16927, 3
12001, 4516, 13930, 3
10266, 15748, 10568, 3
12030, 11732, 17231, 3
19588, 10843, 8383, 3
14812, 9658, 3851, 3
10062, 3524, 1245, 3
12518, 14030, 5396, 3
1300, 4797, 1185, 3
1358, 17845, 15209, 3
3103, 14031, 11775, 3
17417, 19675, 12885, 3
6349, 126, 17060, 3
7137, 10613, 2840, 3
2316, 4034, 17082, 3
18475, 15650, 18011, 3
9911, 5274, 11087, 3
15382, 14463, 1295, 3
16927, 1004, 12578, 3
7576, 3257, 3945, 3
8791, 474, 4329, 3
3520, 18897, 17598, 3
19825, 13458, 744, 3
9167, 9103, 7353, 3
13614, 2139, 5428, 3
7926, 12366, 2372, 3
17758, 19475, 9672, 3
12178, 19007, 9165, 3
11792, 15667, 3443, 3
13876, 6847, 14527, 3
5601, 17218, 10031, 3
15822, 10082, 9999, 3
1145, 1266, 10753, 3
18711, 9748, 4574, 3
17671, 19267, 5656, 3
9872, 5036, 2817, 3
10352, 10082, 11043, 3
15414, 3152, 18829, 3
11091, 18474, 6937, 3
4816, 4193, 1014, 3
9009, 9468, 13470, 3
17858, 12684, 7002, 3
19183, 17267, 18937, 3
12935, 9313, 17532, 3
8613, 1018, 15543, 3
17968, 12798, 15722, 3
1967, 7052, 15546, 3
3930, 17016, 16265, 3
5223, 8893, 1060, 3
8253, 10101, 4844, 3
12104, 12297, 9310, 3
10043, 6514, 17609, 3
18405, 6360, 12956, 3
9490, 8836, 3055, 3
258, 12670, 6878, 3
383, 18150, 9747, 3
12755, 19571, 18038, 3
13961, 5937, 15960, 3
6925, 8548, 8133, 3
13995, 14671, 11038, 3
744, 75, 8529, 3
166, 10583, 12718, 3
11503, 11248, 18447, 3
7192, 8768, 10962, 3
1491, 10128, 18660, 3
2619, 3179, 14777, 3
12720, 2513, 6393, 3
8527, 9736, 2926, 3
8358, 14575, 11923, 3
18498, 6683, 7203, 3
10243, 18069, 12376, 3
17177, 10250, 19239, 3
10194, 19653, 17500, 3
563, 19659, 14817, 3
16129, 9279, 12636, 3
15416, 4563, 16644, 3
10054, 8790, 7573, 3
11218, 1214, 12586, 3
7346, 7662, 1337, 3
9756, 2971, 2216, 3
4251, 559, 8087, 3
3182, 18050, 8630, 3
16550, 18053, 18703, 3
18196, 1513, 1278, 3
11716, 11293, 8652, 3
8064, 10900, 9980, 3
3498, 10060, 12115, 3
9113, 6386, 1762, 3
18725, 5776, 10261, 3
4646, 12927, 19301, 3
15194, 7346, 19254, 3
18908, 12571, 13629, 3
3417, 17532, 5292, 3
17217, 7723, 16830, 3
9163, 18647, 5482, 3
16472, 303, 4784, 3
4423, 12815, 15498, 3
16846, 2793, 3524, 3
2004, 5526, 9719, 3
8814, 11694, 18418, 3
16466, 16107, 466, 3
7854, 2192, 3887, 3
9343, 10443, 13831, 3
6965, 10221, 16863, 3
10220, 1612, 5577, 3
19645, 1359, 14145, 3
11769, 5688, 9097, 3
19886, 15560, 18882, 3
3938, 13813, 3301, 3
3764, 11405, 12889, 3
135, 12173, 18185, 3
5791, 6185, 8111, 3
13196, 408, 12140, 3
13483, 11126, 623, 3
16178, 8251, 8380, 3
9378, 9963, 537, 3
15180, 18942, 16524, 3
16944, 14080, 8971, 3
1750, 9391, 945, 3
12462, 3634, 11411, 3
11569, 15772, 2135, 3
19145, 4667, 6055, 3
6028, 13194, 3652, 3
15243, 10583, 8251, 3
3250, 15897, 15223, 3
4268, 13820, 18248, 3
16955, 604, 12390, 3
10517, 6286, 1833, 3
3418, 12920, 10291, 3
351, 11818, 11734, 3
10226, 15087, 13577, 3
17729, 5328, 8715, 3
16596, 19333, 8991, 3
1291, 11172, 15566, 3
1974, 19220, 7603, 3
3173, 11690, 5645, 3
14140, 19348, 5971, 3
10412, 3642, 7972, 3
11459, 6023, 19498, 3
4114, 11740, 3721, 3
16680, 11326, 19138, 3
13022, 19209, 19213, 3
529, 15532, 8013, 3
1907, 3849, 15356, 3
10074, 19845, 15904, 3
3693, 6573, 11899, 3
10396, 170, 12993, 3
2054, 13818, 17301, 3
607, 2328, 10976, 3
3118, 11941, 5602, 3
11964, 12067, 5933, 3
6663, 12411, 6548, 3
19742, 13139, 14649, 3
2537, 2238, 8650, 3
15688, 5366, 5272, 3
13165, 19709, 14346, 3
17328, 5292, 9454, 3
6717, 13326, 18776, 3
4589, 13422, 17076, 3
17452, 8838, 5883, 3
3606, 13144, 19764, 3
10784, 5907, 5445, 3
17668, 17264, 16479, 3
2658, 15330, 16169, 3
10842, 15746, 19453, 3
19780, 12800, 8604, 3
2510, 5710, 7830, 3
2612, 2224, 13231, 3
16687, 6063, 13405, 3
17944, 8568, 14501, 3
2618, 19955, 4261, 3
6083, 13391, 13677, 3
10367, 10412, 8810, 3
15159, 11026, 8659, 3
12714, 5408, 13580, 3
18315, 12651, 182, 3
11309, 10920, 10932, 3
5398, 4794, 7606, 3
11225, 13030, 15903, 3
18297, 13007, 15029, 3
10005, 19262, 11731, 3
14988, 14441, 8515, 3
10557, 18844, 12735, 3
6522, 8616, 16050, 3
3445, 3177, 8040, 3
11996, 7586, 12009, 3
8895, 12927, 18823, 3
15538, 15757, 1056, 3
3765, 14267, 400, 3
1087, 2311, 3352, 3
4123, 3966, 11589, 3
13824, 18341, 11787, 3
1349, 13942, 9401, 3
1738, 3860, 3710, 3
16435, 6366, 6987, 3
6330, 8797, 9591, 3
6568, 7481, 11546, 3
9673, 18572, 14254, 3
11142, 2694, 2836, 3
2270, 5191, 14943, 3
11833, 1930, 5241, 3
16356, 5795, 10651, 3
9472, 2944, 347, 3
589, 11450, 13546, 3
19062, 13278, 5941, 3
11608, 12141, 4661, 3
14718, 9985, 11886, 3
16535, 6231, 11146, 3
10021, 6786, 12612, 3
17434, 8824, 18370, 3
10008, 17467, 13391, 3
17369, 13677, 7710, 3
14873, 10737, 18384, 3
4963, 4023, 233, 3
2744, 7137, 19810, 3
15315, 14306, 7367, 3
7113, 2781, 1080, 3
17453, 9760, 15519, 3
18474, 14672, 11696, 3
1653, 211, 2643, 3
6500, 18300, 10881, 3
1904, 9446, 17572, 3
6237, 14763, 7029, 3
19393, 2548, 1194, 3
7093, 19891, 19390, 3
12315, 11278, 18326, 3
17272, 19955, 15804, 3
18712, 13369, 15782, 3
19457, 4409, 18341, 3
13199, 4469, 5737, 3
4073, 11910, 13829, 3
14450, 18751, 4743, 3
2298, 15994, 7873, 3
1674, 1269, 12132, 3
5091, 8558, 6038, 3
1315, 5420, 3008, 3
1820, 19015, 16493, 3
7360, 4251, 6957, 3
8643, 1186, 2131, 3
13808, 8846, 8948, 3
303, 19866, 13915, 3
3330, 11035, 10023, 3
7917, 3852, 2797, 3
2119, 7843, 3845, 3
10121, 13648, 13339, 3
6346, 19201, 11332, 3
10209, 11903, 3456, 3
6173, 12634, 11153, 3
14218, 452, 18500, 3
19318, 5182, 8723, 3
13786, 18582, 19389, 3
7840, 3722, 3918, 3
16577, 7185, 9279, 3
19375, 13855, 17223, 3
14525, 4089, 12976, 3
7597, 1176, 9829, 3
2367, 11421, 16257, 3
8310, 8029, 13880, 3
10023, 8001, 2691, 3
653, 6194, 6970, 3
11994, 4457, 10775, 3
16769, 4173, 12773, 3
13956, 2846, 3121, 3
5003, 9691, 6554, 3
12447, 2481, 14539, 3
14827, 9465, 5909, 3
10138, 9401, 9390, 3
12445, 6276, 15686, 3
13299, 13878, 605, 3
13672, 18846, 2693, 3
10031, 2764, 2230, 3
13639, 5236, 5211, 3
7511, 14239, 14481, 3
1402, 1955, 10759, 3
2075, 6362, 10636, 3
8645, 1858, 18286, 3
12891, 12986, 3301, 3
11695, 12513, 3831, 3
16271, 18591, 15216, 3
7257, 13143, 1733, 3
15645, 10631, 1322, 3
4240, 11219, 16300, 3
16377, 18761, 8175, 3
13904, 2842, 18146, 3
19815, 7598, 9544, 3
6191, 10553, 10206, 3
4214, 15028, 7214, 3
6522, 14303, 1683, 3
18831, 14054, 18371, 3
9090, 2430, 17546, 3
13847, 4843, 348, 3
5948, 1439, 14383, 3
14250, 12198, 9193, 3
5946, 12814, 10883, 3
12161, 9221, 11471, 3
10339, 8190, 16998, 3
9637, 13485, 16654, 3
5986, 17093, 17230, 3
6691, 1735, 16765, 3
13897, 10575, 19507, 3
1927, 7005, 2648, 3
1918, 13409, 13858, 3
484, 8548, 16607, 3
5104, 484, 1092, 3
15880, 2073, 3564, 3
14133, 14651, 3191, 3
16108, 10839, 17946, 3
1774, 3116, 17473, 3
14638, 10772, 17956, 3
14692, 7161, 7603, 3
17393, 1222, 12662, 3
6766, 2261, 17320, 3
3376, 8181, 1501, 3
6408, 5752, 3048, 3
12835, 7237, 3362, 3
8352, 8637, 44, 3
10162, 19203, 19918, 3
3821, 11932, 14522, 3
15859, 11110, 13946, 3
18149, 14630, 5476, 3
12812, 5919, 9351, 3
2670, 18623, 17621, 3
6130, 2878, 13375, 3
1816, 2375, 14441, 3
9560, 5048, 14190, 3
18384, 11054, 12460, 3
156, 18036, 2321, 3
1866, 10747, 5863, 3
1138, 625, 18968, 3
6242, 12428, 19986, 3
5813, 14671, 18099, 3
16892, 8878, 19897, 3
19451, 16953, 8710, 3
4658, 13957, 17095, 3
19602, 6712, 10723, 3
8842, 5005, 9404, 3
4820, 10150, 1678, 3
5271, 15509, 14956, 3
18609, 4757, 15321, 3
19440, 4163, 15824, 3
2867, 17759, 9264, 3
7108, 10897, 4370, 3
2764, 11492, 8508, 3
2251, 6707, 10272, 3
16932, 8438, 15353, 3
13867, 19914, 9787, 3
6305, 6525, 11793, 3
1012, 341, 2245, 3
7666, 1041, 3897, 3
5910, 8938, 1442, 3
13134, 17947, 4205, 3
19735, 18970, 16214, 3
15766, 4694, 7702, 3
18934, 14208, 8495, 3
14955, 7293, 7205, 3
6690, 13982, 12911, 3
13852, 512, 10489, 3
16142, 1352, 4308, 3
6824, 13848, 4338, 3
15485, 19044, 13384, 3
8618, 2397, 3787, 3
1468, 2896, 16061, 3
11390, 8352, 12017, 3
3163, 4910, 3474, 3
828, 13344, 14088, 3
11872, 4301, 8495, 3
11314, 16130, 10607, 3
10614, 14501, 75, 3
16886, 16169, 4603, 3
12432, 2162, 13909, 3
4573, 17211, 5182, 3
18073, 5695, 17995, 3
12656, 4178, 16629, 3
8372, 9793, 8415, 3
4181, 17205, 18591, 3
7876, 10613, 1332, 3
13946, 14541, 14725, 3
162, 14836, 10500, 3
94, 864, 14614, 3
6367, 5131, 13682, 3
9795, 17677, 2455, 3
12466, 6914, 19806, 3
4223, 5209, 18118, 3
8021, 15582, 19197, 3
8086, 9160, 18670, 3
495, 8102, 4758, 3
4556, 10115, 4113, 3
9161, 15984, 8881, 3
2195, 19324, 1228, 3
16014, 8979, 7978, 3
17097, 19970, 2929, 3
9519, 16642, 14177, 3
17341, 16455, 6205, 3
17055, 11319, 11602, 3

