16041, 8743, 1
7374, 9770, 1
9397, 17753, 1
8330, 2287, 1
25, 17021, 1
10636, 8979, 1
8544, 14660, 1
8087, 12731, 1
12350, 7420, 1
5248, 17006, 1
12893, 13690, 1
5533, 2558, 1
13886, 5748, 1
14903, 7260, 1
14642, 3343, 1
6330, 10189, 1
7469, 8788, 1
9313, 19988, 1
11702, 9967, 1
4248, 7590, 1
17633, 12915, 1
19054, 5103, 1
9759, 17118, 1
6622, 294, 1
1704, 4937, 1
12912, 4886, 1
12769, 8028, 1
9246, 1949, 1
4437, 13343, 1
15921, 13325, 1
4067, 2441, 1
14185, 15724, 1
15592, 8610, 1
7946, 1294, 1
14953, 7634, -1
3211, 5874, -1
10446, 4763, -1
18941, 15282, -1
12731, 18841, -1
1554, 11619, -1
10759, 14982, -1
18113, 15106, -1
1256, 9181, -1
5523, 14352, -1
13373, 13364, -1
9185, 17705, -1
11710, 248, -1
3790, 17396, -1
19846, 12460, -1
14012, 17846, -1
10367, 10272, -1
12266, 6379, -1
12039, 10787, -1
14146, 10610, -1
1817, 18024, -1
19124, 14720, -1
15726, 19662, -1
16949, 18314, -1
9474, 17034, -1
18559, 5015, -1
8278, 18900, -1
19861, 12304, -1
10569, 18120, -1
3074, 13986, -1
19003, 5148, -1
909, 6540, -1
14531, 13078, -1
7593, 16864, -1
1710, 11010, -1
11562, 389, -1
4107, 16738, -1
9003, 6862, -1
7087, 2649, -1
18588, 5755, -1
11224, 191, -1
8554, 12003, -1
10503, 249, -1
19492, 19791, -1
3046, 11936, -1
824, 10130, -1
15340, 13968, -1
803, 521, -1
94, 799, -1
798, 13375, -1
1927, 10764, -1
10544, 10109, -1
2364, 4717, -1
2613, 5191, -1
6461, 7187, -1
729, 1228, -1
11219, 12570, -1
10814, 112, -1
15297, 90, -1
1050, 10220, -1
15514, 12720, -1
3435, 18566, -1
11918, 6293, -1
13616, 12813, -1
12233, 9197, -1
5525, 2898, -1
16284, 15291, -1
10072, 12174, -1
15215, 5764, -1
14096, 7981, -1
3746, 7383, -1
4607, 105, -1
10063, 6956, -1
8522, 18912, -1
8646, 12833, -1
15735, 17525, -1
18816, 10772, -1
18162, 18261, -1
2597, 18477, -1
4384, 6003, -1
3811, 13912, -1
13782, 3953, -1
9866, 12486, -1
15171, 16497, -1
1768, 4163, -1
11372, 9662, -1
16912, 9491, -1
11813, 1985, -1
11249, 16085, -1
12889, 10416, -1
11039, 10800, -1
15219, 15254, -1
477, 9609, -1
13120, 15681, -1
9358, 8324, -1
2452, 5598, -1
10003, 6992, -1
12790, 13505, -1
15104, 12514, -1
14737, 12826, -1
16366, 5953, -1
19384, 9727, -1
11965, 3889, -1
17088, 14265, -1
7170, 5991, -1
582, 19716, -1
2070, 13592, -1
1494, 19499, -1
4476, 13291, -1
9349, 18062, -1
570, 529, -1
5632, 11827, -1
779, 3395, -1
8737, 4534, -1
8796, 9452, -1
6032, 16051, -1
15296, 19949, -1
8731, 15368, -1
11304, 16662, -1
790, 14118, -1
8195, 2354, -1
17119, 3793, -1
11576, 18333, -1
3885, 12135, -1
9310, 6858, -1
9888, 6721, -1
6343, 3904, -1
9771, 11800, -1
11282, 54, -1
7540, 10277, -1
17877, 5179, -1
12111, 10423, -1
12216, 16688, -1
2845, 463, -1
12217, 17736, -1
9050, 10114, -1
7397, 9804, -1
7395, 7321, -1
14096, 5643, -1
18116, 17694, -1
13274, 6478, -1
19465, 11286, -1
10911, 16492, -1
11272, 13335, -1
893, 1355, -1
1090, 16244, -1
11284, 9316, -1
5834, 17835, -1
19003, 7825, -1
15607, 14365, -1
14584, 15924, -1
4172, 18978, -1
16573, 8472, -1
311, 7468, -1
5688, 976, -1
1747, 9022, -1
2084, 3781, -1
11677, 12384, -1
19623, 16019, -1
11914, 2311, -1
2015, 8590, -1
17855, 7048, -1
5008, 18086, -1
282, 12143, -1
12968, 1227, -1
3447, 12711, -1
18369, 10007, -1
15564, 17880, -1
4399, 11900, -1
900, 14668, -1
7711, 16363, -1
10401, 10042, -1
13176, 7886, -1
6226, 3065, -1
2669, 11886, -1
10071, 4989, -1
19274, 268, -1
2646, 12909, -1
14982, 8782, -1
10172, 7232, -1
5610, 9964, -1
8303, 14503, -1
8244, 11708, -1
2077, 7443, -1
15306, 6272, -1
10351, 16630, -1
9492, 18773, -1
9525, 10007, -1
6533, 14979, -1
14620, 3181, -1
5158, 607, -1
12270, 15315, -1
18516, 17243, -1
454, 4363, -1
14548, 5172, -1
18072, 5217, -1
5334, 2862, -1
5505, 6104, -1
457, 7590, -1
11350, 13073, -1
16873, 1251, -1
6744, 14255, -1
392, 3754, -1
18340, 4477, -1
736, 7974, -1
13374, 10343, -1
15791, 10707, -1
15234, 425, -1
12763, 4607, -1
4200, 6375, -1
12751, 10320, -1
13474, 13576, -1
1956, 8284, -1
3962, 17022, -1
16449, 15389, -1
1063, 17850, -1
13860, 17438, -1
9416, 16511, -1
3251, 13572, -1
13373, 15858, -1
4801, 5439, -1
9570, 8578, -1
17964, 17757, -1
1425, 17638, -1
18710, 16720, -1
9050, 107, -1
15471, 12543, -1
19971, 11576, -1
12404, 1573, -1
7247, 4178, -1
9597, 15521, -1
4308, 194, -1
12764, 6286, -1
11256, 9980, -1
6458, 12761, -1
19272, 16605, -1
3194, 7960, -1
15031, 12942, -1
17902, 12539, -1
10263, 15760, -1
9671, 8155, -1
8111, 145, -1
10736, 9866, -1
12608, 10223, -1
19507, 18392, -1
1674, 1107, -1
19974, 7673, -1
3699, 8728, -1
2659, 4983, -1
2882, 533, -1
15127, 1276, -1
10288, 16826, -1
16023, 17018, -1
10021, 13502, -1
13706, 9503, -1
16416, 10343, -1
2364, 6323, -1
18580, 19018, -1
13238, 7769, -1
7677, 11494, -1
1872, 18802, -1
19398, 5262, -1
13303, 3272, -1
17257, 608, -1
13358, 1451, -1
6789, 17393, -1
7648, 10258, -1
10381, 7130, -1
10323, 19345, -1
7521, 5715, -1
10903, 2814, -1
4940, 6100, -1
12028, 2030, -1
3358, 15315, -1
16268, 6259, -1
17913, 352, -1
7595, 918, -1
1626, 9474, -1
9884, 11739, -1
9565, 1785, -1
15125, 213, -1
14843, 6247, -1
1579, 1393, -1
19927, 10238, -1
9794, 17721, -1
19047, 17061, -1
5114, 18601, -1
8626, 13559, -1
6137, 16895, -1
8749, 13091, -1
11901, 11205, -1
12759, 6646, -1
8378, 4697, -1
16307, 16220, -1
11961, 7271, -1
14458, 1199, -1
2286, 13596, -1
16592, 19518, -1
6147, 10419, -1
252, 734, -1
8412, 10394, -1
6682, 12654, -1
11473, 17815, -1
4303, 2468, -1
18787, 2661, -1
7852, 6500, -1
12493, 11632, -1
6113, 3225, -1
8836, 1930, -1
163, 15478, -1
4391, 5538, -1
514, 352, -1
4192, 8762, -1
9364, 10628, -1
17833, 17597, -1
2190, 11731, -1
8891, 3510, -1
211, 8930, -1
19385, 6653, -1
18444, 5108, -1
3474, 4640, -1
2687, 7345, -1
19665, 11068, -1
11490, 10778, -1
7051, 8905, -1
5006, 3101, -1
5417, 17325, -1
17285, 14966, -1
16617, 9876, -1
8941, 9602, -1
10598, 12612, -1
6096, 18707, -1
15106, 6785, -1
13260, 17061, -1
5137, 9180, -1
3068, 4676, -1
2263, 17077, -1
4888, 14830, -1
160, 17975, -1
8110, 2013, -1
18678, 19611, -1
3950, 9282, -1
18371, 3881, -1
4168, 9409, -1
10093, 7838, -1
19224, 3848, -1
15503, 12057, -1
16608, 3113, -1
5835, 19112, -1
64, 13090, -1
6439, 2127, -1
15872, 7291, -1
16536, 18696, -1
18519, 4145, -1
427, 12534, -1
4154, 18715, -1
11842, 17908, -1
11190, 6452, -1
972, 3161, -1
4658, 14581, -1
13328, 16119, -1
14710, 9105, -1
4091, 3727, -1
11962, 3082, -1
11731, 16256, -1
13947, 5723, -1
13874, 19586, -1
14423, 13256, -1
18077, 10467, -1
367, 16272, -1
6349, 15697, -1
908, 12815, -1
17331, 9457, -1
16056, 5474, -1
7940, 588, -1
4810, 14456, -1
822, 6041, -1
11743, 2269, -1
10582, 414, -1
3071, 18774, -1
9571, 6262, -1
12298, 15098, -1
12801, 10160, -1
753, 7577, -1
17746, 16696, -1
16412, 8398, -1
4132, 8268, -1
6453, 16525, -1
13704, 9194, -1
7408, 3334, -1
2489, 2709, -1
13520, 719, -1
10958, 3944, -1
12658, 12081, -1
256, 16177, -1
388, 4261, -1
11449, 19616, -1
12785, 13439, -1
5552, 14872, -1
9528, 437, -1
9370, 19575, -1
11731, 5847, -1
153, 6666, -1
17791, 18588, -1
17665, 11941, -1
16445, 2469, -1
5925, 6678, -1
7806, 5365, -1
15200, 2613, -1
11041, 656, -1
7867, 2890, -1
3050, 16319, -1
17550, 8915, -1
15255, 19311, -1
14051, 10231, -1
18573, 7294, -1
4587, 17210, -1
3516, 3788, -1
1462, 15564, -1
17503, 15472, -1
17366, 18477, -1
18742, 10262, -1
15767, 5397, -1
2604, 7947, -1
11409, 4577, -1
3625, 13219, -1
6010, 7220, -1
11586, 6315, -1
1078, 18056, -1
7096, 1732, -1
11646, 9515, -1
18932, 17448, -1
2609, 13721, -1
13233, 17450, -1
8476, 4492, -1
3902, 473, -1
14454, 15344, -1
14410, 12517, -1
7458, 17648, -1
11408, 11908, -1
4652, 17960, -1
7924, 14093, -1
122, 14053, -1
16332, 3744, -1
6966, 12244, -1
18384, 750, -1
18380, 4783, -1
4118, 9588, -1
16483, 19640, -1
16615, 17132, -1
16715, 11458, -1
5901, 857, -1
15935, 13431, -1
3751, 18722, -1
18258, 1545, -1
1789, 2879, -1
9737, 2090, -1
3819, 13922, -1
18393, 11818, -1
5581, 12777, -1
12143, 13702, -1
5905, 7655, -1
314, 16155, -1
10964, 18218, -1
7913, 14861, -1
11370, 656, -1
3715, 16591, -1
14080, 181, -1
14622, 17359, -1
2602, 8419, -1
6020, 19643, -1
15630, 15319, -1
17629, 15302, -1
8762, 4954, -1
17043, 5118, -1
16520, 14566, -1
16816, 13600, -1
18781, 16135, -1
12295, 1132, -1
11933, 1802, -1
9597, 4884, -1
11222, 6442, -1
3778, 7454, -1
15902, 670, -1
14247, 6892, -1
18353, 7189, -1
14559, 18571, -1
13043, 7030, -1
11831, 4869, -1
7894, 5887, -1
9356, 2674, -1
1008, 500, -1
10342, 10440, -1
13566, 2962, -1
11414, 13470, -1
13425, 16862, -1
5900, 13260, -1
15702, 7882, -1
5051, 3510, -1
3065, 14239, -1
18402, 3654, -1
12074, 10197, -1
19080, 2944, -1
1099, 11048, -1
3059, 7977, -1
4073, 2375, -1
4421, 19495, -1
11645, 1012, -1
11291, 2798, -1
10478, 18325, -1
6721, 5583, -1
6574, 13529, -1
15397, 12944, -1
13394, 15523, -1
12022, 19613, -1
1158, 17067, -1
17449, 2466, -1
7824, 12962, -1
11776, 3802, -1
6447, 19909, -1
17435, 16421, -1
7194, 7201, -1
14970, 8468, -1
3626, 5829, -1
2002, 19786, -1
3939, 6952, -1
113, 9561, -1
17784, 12727, -1
19884, 827, -1
12188, 14155, -1
294, 602, -1
12224, 5234, -1
19510, 11487, -1
2471, 19139, -1
16708, 18315, -1
9274, 4997, -1
14157, 1353, -1
13536, 19283, -1
18543, 18858, -1
7607, 12556, -1
9720, 8715, -1
15883, 9479, -1
1239, 17929, -1
6673, 1789, -1
18315, 5793, -1
16962, 1360, -1
7415, 18169, -1
5919, 13240, -1
2191, 10396, -1
8640, 8425, -1
15118, 16362, -1
15527, 14379, -1
2388, 2692, -1
14859, 10211, -1
1108, 3350, -1
4163, 9786, -1
5092, 3842, -1
17286, 8199, -1
2298, 13828, -1
18232, 3452, -1
3343, 6567, -1
13516, 16572, -1
10813, 16535, -1
17658, 16514, -1
14034, 6271, -1
6374, 11152, -1
18417, 17234, -1
474, 12193, -1
15879, 2686, -1
18362, 10083, -1
18979, 19186, -1
3208, 8597, -1
11026, 14668, -1
3897, 1483, -1
16466, 18542, -1
1114, 13556, -1
15372, 17073, -1
4986, 12804, -1
19049, 8897, -1
4230, 17889, -1
17889, 5382, -1
1068, 13324, -1
9682, 2871, -1
6118, 6943, -1
14520, 9477, -1
10940, 2609, -1
11565, 4563, -1
8961, 6988, -1
6694, 16374, -1
11080, 2979, -1
9014, 19165, -1
4191, 14016, -1
9759, 6414, -1
11311, 18186, -1
10798, 7107, -1
13122, 2818, -1
2023, 13093, -1
18214, 1268, -1
16591, 2406, -1
8432, 1502, -1
11218, 19326, -1
18929, 19330, -1
16842, 8210, -1
18492, 4642, -1
11995, 18394, -1
4122, 18037, -1
10018, 1614, -1
2323, 2367, -1
17577, 6779, -1
12863, 8376, -1
2863, 14197, -1
17255, 11048, -1
760, 5316, -1
10944, 5862, -1
5990, 15861, -1
4627, 2976, -1
2692, 10604, -1
13538, 17279, -1
9011, 1965, -1
5484, 1837, -1
11850, 16908, -1
200, 15389, -1
6985, 4298, -1
17423, 15990, -1
11525, 1714, -1
6742, 5118, -1
12207, 9260, -1
5964, 2265, -1
6697, 18503, -1
73, 3645, -1
855, 19650, -1
12179, 6190, -1
13893, 7224, -1
8771, 4579, -1
7512, 9132, -1
11549, 4924, -1
7949, 1810, -1
4293, 17722, -1
9575, 2664, -1
13206, 17990, -1
1460, 1865, -1
2336, 17522, -1
10157, 10108, -1
6773, 6850, -1
17814, 10177, -1
11244, 16914, -1
19070, 4979, -1
8933, 14168, -1
1881, 16375, -1
11420, 9331, -1
6274, 767, -1
13370, 4854, -1
16066, 14220, -1
605, 977, -1
18843, 3922, -1
7175, 7138, -1
9965, 2629, -1
16938, 9371, -1
14929, 1906, -1
18473, 16162, -1
13084, 3069, -1
1249, 12252, -1
4783, 1083, -1
13411, 15980, -1
8626, 17716, -1
8919, 9200, -1
799, 3768, -1
7814, 11930, -1
8727, 10982, -1
13384, 17607, -1
508, 19986, -1
6780, 11333, -1
15871, 2680, -1
9100, 194, -1
15609, 19744, -1
5804, 1022, -1
10961, 9997, -1
10962, 3425, -1
456, 4030, -1
14296, 7728, -1
13676, 12549, -1
18518, 2153, -1
2847, 13992, -1
12327, 7535, -1
19595, 12281, -1
13173, 12547, -1
16355, 17490, -1
2303, 3906, -1
1116, 13023, -1
5100, 2167, -1
9046, 16187, -1
14743, 12623, -1
2062, 3052, -1
13149, 19116, -1
14303, 13861, -1
12275, 19327, -1
10500, 16697, -1
10082, 37, -1
15072, 13488, -1
7622, 12342, -1
8533, 15225, -1
13877, 16740, -1
18023, 19362, -1
7924, 18404, -1
10851, 19530, -1
9594, 3647, -1
15752, 9889, -1
10584, 11962, -1
14933, 3751, -1
743, 19212, -1
19849, 17124, -1
641, 9207, -1
1415, 12154, -1
5540, 7276, -1
12013, 15609, -1
2838, 6748, -1
11680, 8323, -1
14508, 3784, -1
10891, 4516, -1
17495, 14161, -1
17816, 5585, -1
15474, 19621, -1
7017, 10414, -1
16472, 16146, -1
11779, 14196, -1
1075, 565, -1
9827, 1248, -1
14556, 1831, -1
12276, 4591, -1
15953, 18367, -1
9022, 7101, -1
13045, 15548, -1
10617, 3714, -1
13803, 6743, -1
12177, 17414, -1
5434, 12662, -1
6845, 9665, -1
17920, 7726, -1
12403, 19066, -1
7029, 1071, -1
5756, 15622, -1
10797, 17213, -1
17951, 3544, -1
6908, 4632, -1
3454, 17067, -1
348, 19504, -1
2211, 3574, -1
6821, 6271, -1
1293, 874, -1
11056, 11323, -1
880, 7726, -1
12687, 19857, -1
16775, 8288, -1
15062, 7718, -1
62, 10656, -1
2021, 12742, -1
12136, 164, -1
9240, 17325, -1
10614, 4190, -1
7831, 17830, -1
2577, 19264, -1
1145, 3307, -1
18597, 7886, -1
12544, 12030, -1
5680, 11982, -1
8681, 18858, -1
2114, 16321, -1
11233, 7416, -1
19469, 18524, -1
4813, 2223, -1
2189, 8914, -1
2426, 15529, -1
4805, 8529, -1
3701, 5452, -1
5962, 9632, -1
18260, 15376, -1
4060, 17888, -1
11673, 9562, -1
2863, 7473, -1
10810, 18255, -1
3105, 5067, -1
1916, 19671, -1
274, 4351, -1
16953, 4002, -1
18143, 11576, -1
16065, 6474, -1
4157, 4877, -1
9871, 14936, -1
14030, 7776, -1
15303, 9331, -1
11615, 14508, -1
10588, 11084, -1
19334, 4102, -1
14239, 1017, -1
8775, 12885, -1
8770, 15234, -1
8132, 1519, -1
19834, 13820, -1
6607, 16082, -1
12736, 2049, -1
2612, 7631, -1
7701, 886, -1
10702, 328, -1
14549, 16521, -1
19697, 9385, -1
5345, 11779, -1
49, 1039, -1
3223, 4961, -1
1175, 9676, -1
13586, 19771, -1
1718, 1461, -1
15138, 12831, -1
15107, 2412, -1
19138, 9171, -1
11402, 3514, -1
18488, 15868, -1
3760, 14416, -1
5341, 7711, -1
16210, 19277, -1
19018, 12689, -1
7211, 3327, -1
7108, 14895, -1
16409, 1156, -1
19413, 12309, -1
15061, 11802, -1
18797, 18548, -1
7114, 7449, -1
7764, 14907, -1
5354, 8571, -1
11264, 11723, -1
5525, 4608, -1
4643, 13411, -1
2297, 10977, -1
7909, 8812, -1
14813, 10746, -1
6287, 18082, -1
18910, 14616, -1
4372, 6273, -1
10721, 16431, -1
4645, 5893, -1
11336, 13503, -1
12199, 3824, -1
17717, 7084, -1
1051, 8824, -1
6909, 2705, -1
19244, 19556, -1
15459, 14661, -1
3911, 19844, -1
5029, 19010, -1
3836, 3798, -1
11780, 18790, -1
14671, 19608, -1
4239, 9659, -1
3382, 8037, -1
6088, 19841, -1
7353, 8836, -1
2180, 8974, -1
2104, 15592, -1
5719, 14762, -1
15890, 18165, -1
11684, 18543, -1
820, 12971, -1
15528, 3320, -1
13487, 16695, -1
5565, 14581, -1
6631, 5237, -1
3733, 8790, -1
17096, 15899, -1
6515, 3588, -1
725, 10412, -1
6629, 16802, -1
11125, 14928, -1
17675, 19489, -1
10297, 1804, -1
5662, 11036, -1
3612, 16097, -1
16184, 12265, -1
15761, 724, -1
4264, 13565, -1
13879, 16653, -1
12101, 4406, -1
8836, 12418, -1
497, 474, -1
16499, 11534, -1
12514, 5857, -1
2986, 13417, -1
7085, 15297, -1
4141, 13018, -1
17748, 14234, -1
10204, 4062, -1
18638, 18215, -1
16220, 2848, -1
10850, 6160, -1
206, 6326, -1
4981, 5201, -1
9462, 9670, -1
1995, 15713, -1
13799, 4435, -1
9632, 15985, -1
10034, 2367, -1
17201, 12011, -1
1108, 8437, -1
15822, 19657, -1
14792, 17567, -1
6429, 3187, -1
10346, 18093, -1
8157, 2179, -1
10067, 1591, -1
15476, 18241, -1
10761, 19800, -1
1895, 19513, -1
15650, 17989, -1
2152, 2954, -1
3471, 3464, -1
8860, 12258, -1
7152, 17818, -1
9229, 14983, -1
6927, 9815, -1
5427, 2551, -1
6190, 18949, -1
6498, 12478, -1
10616, 10968, -1
9731, 5435, -1
9089, 10256, -1
12636, 10013, -1
11176, 10771, -1
15411, 10152, -1
1195, 1450, -1
13905, 8413, -1
8877, 9280, -1
8428, 15196, -1
798, 15742, -1
12043, 12648, -1
17011, 7863, -1
16128, 6736, -1
10962, 18992, -1
12678, 14126, -1
4674, 3353, -1
11369, 5387, -1
19473, 8600, -1
13294, 12938, -1
6440, 2820, -1
4467, 13642, -1
5434, 7800, -1
14539, 18751, -1
18048, 16261, -1
1584, 13541, -1
1499, 9333, -1
14721, 16660, -1
2362, 5487, -1
50, 1279, -1
14522, 10027, -1
14887, 19096, -1
4568, 3239, -1
16805, 19379, -1
6170, 16300, -1
12303, 12187, -1
19887, 7536, -1
19601, 5176, -1
5190, 12610, -1
16851, 16266, -1
843, 19610, -1
2247, 11763, -1
13581, 11032, -1
15586, 13598, -1
11164, 1166, -1
17118, 6414, -1
18841, 8087, -1
2104, 8610, -1
4248, 457, -1
6567, 14642, -1
602, 6622, -1
18841, 12731, -1

