1492, 10348, 7280, 3
7444, 14756, 6224, 3
15560, 11724, 12104, 3
18689, 1800, 16344, 3
15582, 4280, 7226, 3
10881, 4971, 12305, 3
15919, 11148, 972, 3
7023, 13449, 2180, 3
13965, 3413, 4576, 3
14899, 6494, 16371, 3
14840, 17801, 10435, 3
8979, 5841, 6074, 3
12928, 13445, 13799, 3
6478, 6225, 16207, 3
1270, 3693, 7144, 3
7780, 15846, 3659, 3
2146, 16726, 1221, 3
17156, 17511, 7246, 3
1841, 2042, 2279, 3
10536, 7482, 11897, 3
15740, 4448, 10438, 3
14769, 16739, 13279, 3
15377, 19431, 800, 3
13765, 17731, 2136, 3
12322, 13261, 15481, 3
5397, 15073, 8100, 3
5980, 19240, 15292, 3
13942, 9570, 6449, 3
11164, 4993, 14236, 3
8706, 13098, 10818, 3
17244, 18754, 11071, 3
5650, 14631, 2923, 3
19962, 13232, 4853, 3
2965, 165, 18980, 3
14690, 1180, 4571, 3
13839, 1921, 16001, 3
10098, 17805, 8533, 3
7328, 13877, 5278, 3
8104, 1408, 15617, 3
19949, 11263, 8680, 3
14990, 12312, 5614, 3
12477, 715, 14747, 3
207, 1630, 26, 3
7881, 15610, 1464, 3
4243, 8936, 10099, 3
15749, 15419, 17067, 3
5527, 18955, 19032, 3
19649, 19059, 13919, 3
13087, 14336, 17751, 3
8567, 4647, 527, 3
17961, 11414, 11195, 3
15710, 8413, 11027, 3
13452, 13104, 17684, 3
4362, 573, 4011, 3
9565, 10814, 11875, 3
12070, 18407, 2176, 3
13064, 18882, 1119, 3
4952, 9776, 12422, 3
14610, 3223, 19773, 3
3661, 15213, 14266, 3
4852, 3274, 9913, 3
301, 8228, 8187, 3
18355, 14235, 12118, 3
12852, 5029, 16604, 3
17869, 3350, 7744, 3
19111, 17542, 2235, 3
8808, 9831, 4929, 3
7109, 12285, 13226, 3
13028, 194, 9008, 3
17587, 7299, 4369, 3
10075, 16338, 5171, 3
10798, 10747, 15908, 3
18283, 2435, 6146, 3
16304, 5455, 4222, 3
7030, 2065, 9580, 3
291, 12879, 3294, 3
7081, 1338, 12742, 3
3760, 14704, 2644, 3
18724, 579, 6357, 3
3591, 8076, 16945, 3
5744, 7707, 8647, 3
5836, 5226, 7099, 3
2183, 14513, 10721, 3
8394, 4252, 8769, 3
12151, 19185, 18666, 3
2383, 6061, 14168, 3
16175, 4946, 7365, 3
17620, 6762, 14065, 3
14926, 11143, 6492, 3
17915, 2156, 15695, 3
653, 13163, 13777, 3
5876, 4860, 12973, 3
17060, 3674, 8264, 3
8006, 1710, 5864, 3
19421, 16725, 14291, 3
8313, 12004, 16911, 3
15511, 7264, 5119, 3
18619, 8953, 4366, 3
4863, 16436, 14200, 3
15843, 4927, 6375, 3
10523, 18524, 4103, 3
5498, 18883, 12503, 3
936, 5482, 9245, 3
18026, 3844, 16121, 3
2135, 13610, 2426, 3
17422, 7695, 1472, 3
524, 13636, 2463, 3
14172, 7169, 2454, 3
597, 8833, 3389, 3
16810, 8862, 2742, 3
19028, 9000, 13939, 3
6742, 2743, 3374, 3
5964, 16637, 12301, 3
9003, 19252, 7850, 3
1769, 9434, 14090, 3
14079, 9443, 8699, 3
74, 16031, 7378, 3
12489, 13684, 16623, 3
1039, 17513, 17078, 3
7286, 11074, 19260, 3
7340, 390, 19887, 3
5602, 8124, 10318, 3
14678, 6153, 6462, 3
14221, 15900, 3125, 3
9815, 4394, 1912, 3
8425, 15505, 14482, 3
16977, 13661, 16887, 3
15924, 15253, 18315, 3
11156, 4539, 12142, 3
7212, 4435, 1123, 3
3702, 14372, 2865, 3
8190, 12640, 2198, 3
9143, 1199, 18550, 3
8057, 8261, 4458, 3
18595, 974, 11074, 3
5451, 13069, 11258, 3
2417, 18519, 3424, 3
80, 11198, 1225, 3
1606, 8292, 323, 3
6586, 3170, 1957, 3
4396, 9931, 13964, 3
6346, 6135, 854, 3
7517, 7850, 1606, 3
1128, 1410, 9017, 3
18912, 4978, 19555, 3
18988, 7832, 18226, 3
7470, 11212, 12297, 3
5963, 16129, 11752, 3
9339, 16513, 16365, 3
14684, 17864, 6023, 3
8995, 15874, 3781, 3
16957, 15016, 19138, 3
2835, 13889, 6190, 3
14034, 17708, 17495, 3
3555, 1856, 6072, 3
16024, 8654, 3219, 3
6398, 13981, 7500, 3
1434, 7121, 3191, 3
18320, 3840, 4786, 3
2798, 1366, 12653, 3
4077, 2759, 13222, 3
18498, 16022, 2892, 3
2533, 14320, 14048, 3
9352, 15649, 1113, 3
14533, 5487, 8458, 3
11392, 15884, 5486, 3
10650, 6805, 1183, 3
8545, 18503, 5583, 3
349, 16332, 10259, 3
14043, 16295, 7837, 3
4361, 13277, 19669, 3
13631, 2091, 5156, 3
5336, 3137, 7199, 3
3723, 3044, 18255, 3
9664, 11156, 18599, 3
15387, 18720, 7358, 3
19145, 13951, 17959, 3
1868, 14107, 7035, 3
6721, 7399, 4922, 3
8402, 9377, 15358, 3
1829, 4126, 14362, 3
9190, 1973, 776, 3
9022, 8426, 11678, 3
4020, 8413, 12895, 3
9278, 12596, 18302, 3
11140, 2124, 18144, 3
13817, 5425, 2376, 3
14811, 17302, 291, 3
15026, 19291, 11442, 3
1933, 7310, 12240, 3
422, 4934, 11161, 3
283, 10969, 16680, 3
176, 13890, 13627, 3
8219, 15215, 654, 3
1824, 12252, 9272, 3
17880, 19255, 13221, 3
9613, 15354, 16621, 3
19623, 10936, 7737, 3
8211, 4426, 11528, 3
13823, 6138, 4549, 3
8871, 18733, 15143, 3
8774, 18899, 3397, 3
6131, 15547, 18583, 3
12504, 5643, 6755, 3
18857, 15533, 7609, 3
11854, 14494, 7794, 3
15100, 1493, 5322, 3
17601, 4227, 16529, 3
9907, 11460, 1257, 3
6225, 14083, 8824, 3
18250, 19254, 241, 3
9784, 7450, 1741, 3
5605, 9871, 17456, 3
3456, 15726, 17049, 3
677, 19062, 12439, 3
14450, 2112, 18518, 3
17459, 6808, 10900, 3
15340, 14213, 6344, 3
17641, 19766, 11384, 3
1146, 6211, 4293, 3
9366, 17819, 4071, 3
935, 5464, 1475, 3
17577, 8883, 16863, 3
15436, 6315, 15450, 3
8990, 14587, 2150, 3
2282, 860, 6165, 3
1261, 4629, 12827, 3
14461, 939, 2310, 3
6710, 572, 19234, 3
5808, 19747, 8653, 3
18769, 4555, 563, 3
14210, 9864, 5836, 3
18946, 7410, 6424, 3
10275, 15056, 5200, 3
4245, 14837, 8026, 3
11522, 8317, 2418, 3
18381, 3918, 11913, 3
16488, 10033, 2603, 3
13422, 10220, 12043, 3
17011, 11109, 8275, 3
1794, 18701, 6138, 3
13757, 14214, 5441, 3
9187, 12247, 18415, 3
13090, 15144, 10259, 3
16830, 12824, 203, 3
12246, 12484, 14471, 3
14724, 9773, 10735, 3
3628, 7958, 16049, 3
14359, 9466, 15631, 3
19301, 6572, 14511, 3
5177, 886, 10372, 3
9256, 9126, 2272, 3
12312, 15625, 11802, 3
15504, 16081, 5772, 3
5385, 6140, 18179, 3
19177, 14603, 2306, 3
1076, 4655, 6501, 3
3249, 11558, 16061, 3
2364, 11906, 19330, 3
4952, 15077, 8378, 3
7499, 5945, 996, 3
1231, 11860, 815, 3
17415, 5445, 16362, 3
17301, 8297, 16423, 3
17905, 17056, 19234, 3
9309, 6318, 5695, 3
6651, 10309, 462, 3
8336, 13164, 3202, 3
1431, 1169, 16220, 3
523, 4843, 7760, 3
16137, 10544, 19558, 3
4274, 15038, 4842, 3
11312, 11866, 17049, 3
1758, 10020, 9191, 3
14567, 4663, 14743, 3
15853, 1827, 6525, 3
19797, 18116, 19206, 3
10426, 18268, 11581, 3
4229, 17852, 410, 3
17616, 2638, 915, 3
13053, 10676, 8187, 3
17177, 6981, 7148, 3
1319, 17941, 17647, 3
2683, 10487, 8479, 3
6825, 5806, 4008, 3
501, 5831, 2121, 3
303, 8755, 9060, 3
8638, 17324, 12146, 3
16461, 353, 4655, 3
3113, 10048, 13852, 3
2805, 4961, 10657, 3
2895, 9597, 14077, 3
9067, 7691, 5272, 3
18654, 9315, 14255, 3
15081, 12022, 14752, 3
3210, 6903, 14601, 3
2083, 10336, 6679, 3
3904, 6292, 9282, 3
18774, 16830, 9244, 3
8305, 16391, 3752, 3
904, 17367, 13468, 3
12684, 10236, 10256, 3
14721, 18394, 8220, 3
18972, 6550, 8088, 3
16528, 1527, 9253, 3
5573, 1668, 9496, 3
14970, 3986, 10821, 3
10085, 18584, 4088, 3
7619, 9305, 4669, 3
577, 14683, 15921, 3
10359, 14043, 18620, 3
2415, 3951, 15861, 3
8329, 11632, 10817, 3
12672, 3733, 8063, 3
3053, 9055, 5440, 3
8404, 7208, 13862, 3
12923, 18783, 10148, 3
7852, 12727, 3625, 3
16524, 8663, 3897, 3
14812, 5185, 2267, 3
12473, 7462, 18495, 3
4656, 16509, 4002, 3
3440, 4480, 5641, 3
16223, 10506, 5570, 3
9810, 2599, 10292, 3
17101, 1238, 12457, 3
12826, 9475, 8792, 3
8743, 256, 9832, 3
19864, 15969, 16064, 3
18519, 14016, 14049, 3
13983, 5257, 19264, 3
8316, 8389, 13512, 3
14080, 18819, 5641, 3
12556, 19860, 13518, 3
17576, 10580, 14994, 3
15234, 22, 6829, 3
13727, 17252, 6949, 3
9474, 3864, 4659, 3
5619, 6279, 13234, 3
18029, 6392, 8403, 3
827, 5956, 4250, 3
6797, 9357, 14124, 3
1719, 1525, 18576, 3
13180, 12615, 11452, 3
8554, 19007, 15565, 3
16971, 8375, 10799, 3
7001, 3463, 2367, 3
14523, 13952, 17014, 3
11512, 2613, 13740, 3
9239, 17621, 13555, 3
19534, 4415, 16970, 3
5735, 12227, 9426, 3
12143, 6854, 19227, 3
17956, 14634, 6066, 3
11226, 11252, 6254, 3
13398, 15249, 16463, 3
18764, 3177, 390, 3
17252, 15078, 15664, 3
386, 19250, 7551, 3
2845, 10756, 2768, 3
5927, 12078, 18603, 3
3484, 6085, 3470, 3
16953, 10028, 15257, 3
14062, 10199, 11671, 3
8411, 10183, 14491, 3
17195, 2155, 8035, 3
17613, 9122, 7067, 3
13897, 2335, 8655, 3
13661, 1763, 284, 3
5217, 5419, 19135, 3
7242, 556, 404, 3
10484, 12853, 10903, 3
3152, 2567, 10912, 3
2161, 6237, 15958, 3
13348, 60, 11566, 3
5510, 2368, 6700, 3
10119, 7644, 12130, 3
14831, 18844, 12295, 3
8241, 1269, 2472, 3
10256, 2812, 14730, 3
325, 19272, 17070, 3
17604, 18556, 6706, 3
670, 8397, 16491, 3
8230, 7645, 9844, 3
14985, 114, 13563, 3
3761, 17935, 16891, 3
498, 13625, 3713, 3
4153, 10193, 2653, 3
19861, 1755, 18904, 3
7702, 4102, 449, 3
8025, 13918, 3062, 3
3282, 6838, 9749, 3
605, 5701, 13583, 3
757, 7270, 5667, 3
5543, 2045, 3892, 3
16050, 16209, 161, 3
16938, 4051, 6057, 3
1921, 18412, 9178, 3
13896, 19092, 10828, 3
18577, 3994, 9911, 3
2692, 314, 1972, 3
17611, 5810, 13510, 3
12372, 10564, 11090, 3
6334, 2959, 1824, 3
10782, 10638, 5625, 3
12637, 390, 3593, 3
11934, 1857, 7108, 3
18486, 14417, 4659, 3
11939, 7049, 16930, 3
13368, 11809, 18453, 3
797, 3579, 15217, 3
10726, 9947, 11609, 3
16777, 3935, 11841, 3
2653, 7338, 15261, 3
14418, 17918, 7320, 3
12869, 17326, 5448, 3
16761, 8023, 5443, 3
16546, 13691, 9560, 3
4275, 3226, 18581, 3
3929, 5317, 3073, 3
12557, 11684, 2520, 3
19943, 4140, 14138, 3
5132, 12665, 5406, 3
2866, 1606, 11390, 3
13878, 4173, 7761, 3
14449, 2985, 6410, 3
6116, 8459, 8745, 3
10761, 1966, 13949, 3
16788, 11958, 6006, 3
4937, 13662, 15512, 3
1957, 9729, 16474, 3
5171, 14602, 16004, 3
8875, 8143, 13308, 3
15618, 17490, 14351, 3
5555, 13103, 4767, 3
1024, 11172, 11797, 3
432, 367, 13527, 3
10985, 5984, 13179, 3
10945, 11131, 10907, 3
6478, 878, 18611, 3
8945, 2314, 17281, 3
19894, 6288, 12067, 3
12165, 12603, 7078, 3
15179, 9125, 3918, 3
10399, 8420, 2398, 3
4679, 225, 9019, 3
234, 19793, 14684, 3
5136, 14752, 7322, 3
15997, 11252, 14170, 3
3892, 4298, 6799, 3
17762, 1539, 8626, 3
17129, 252, 8765, 3
13658, 13918, 7809, 3
2871, 18822, 14266, 3
1180, 3577, 10421, 3
4807, 7995, 10996, 3
15557, 2613, 14163, 3
1864, 118, 5611, 3
8507, 4736, 2280, 3
5596, 16995, 3424, 3
15345, 5049, 7649, 3
6625, 16393, 18590, 3
2532, 387, 6936, 3
8659, 5953, 7536, 3
15853, 16685, 4395, 3
7064, 11261, 4948, 3
17439, 16977, 18302, 3
9243, 17730, 10541, 3
8196, 11168, 16161, 3
4826, 1422, 5693, 3
19755, 8141, 6497, 3
12647, 10579, 9903, 3
9539, 15095, 19209, 3
4658, 14334, 4232, 3
15121, 8033, 12796, 3
6729, 225, 15417, 3
3476, 15575, 16458, 3
19735, 19073, 9142, 3
14256, 1080, 10351, 3
8559, 14538, 12672, 3
2390, 17682, 10239, 3
2165, 6243, 15357, 3
3654, 8826, 8117, 3
8894, 14564, 15589, 3
16919, 4744, 13784, 3
12510, 17567, 4271, 3
307, 6561, 3002, 3
10926, 14607, 15528, 3
5819, 6971, 17480, 3
14375, 11242, 18562, 3
8078, 9247, 6854, 3
2129, 7230, 18002, 3
346, 11795, 14638, 3
7881, 16071, 16953, 3
17060, 15157, 13997, 3
6687, 4560, 467, 3
1061, 19999, 10859, 3
2300, 15342, 5191, 3
16788, 3444, 14971, 3
5733, 11618, 7006, 3
1229, 829, 1
1185, 904, 1
1227, 327, 1
429, 918, 1
471, 761, 1
1252, 402, 1
348, 352, 1
687, 166, 1
959, 183, 1
924, 482, 1
49, 667, 1
467, 1223, 1
198, 1129, 1
85, 366, 1
56, 698, 1
1251, 1428, 1
44, 1052, 1
550, 1072, 1
823, 908, 1
1167, 30, 1
981, 990, 1
1444, 302, -1
1212, 177, -1
130, 206, -1
554, 855, -1
1224, 550, -1
827, 320, -1
966, 200, -1
864, 1249, -1
1059, 848, -1
1377, 174, -1
952, 1335, -1
363, 1212, -1
849, 676, -1
53, 52, -1
1175, 215, -1
277, 1305, -1
442, 306, -1
732, 1013, -1
352, 1168, -1
1148, 459, -1
412, 1430, -1
84, 706, -1
176, 859, -1
713, 1270, -1
842, 1275, -1
573, 265, -1
564, 240, -1
128, 1144, -1
1319, 275, -1
436, 392, -1
158, 1318, -1
1347, 445, -1
448, 431, -1
351, 324, -1
639, 1310, -1
1162, 1283, -1
276, 456, -1
1402, 1392, -1
702, 1072, -1
530, 534, -1
306, 818, -1
238, 1350, -1
1290, 1324, -1
1182, 1265, -1
794, 163, -1
1185, 309, -1
887, 874, -1
57, 1054, -1
1321, 213, -1
1354, 28, -1
1411, 938, -1
1110, 1149, -1
1081, 1276, -1
1209, 492, -1
1181, 1078, -1
1103, 1207, -1
973, 338, -1
810, 1363, -1
591, 1370, -1
663, 803, -1
1254, 285, -1
1049, 738, -1
1093, 1246, -1
1345, 302, -1
208, 762, -1
1188, 663, -1
948, 572, -1
667, 392, -1
1317, 1134, -1
283, 1320, -1
84, 621, -1
166, 711, -1
724, 297, -1
16, 18, -1
578, 355, -1
887, 702, -1
1123, 906, -1
1027, 318, -1
875, 307, -1
1395, 821, -1
410, 692, -1
489, 319, -1
1127, 1350, -1
266, 323, -1
1438, 199, -1
1186, 50, -1
800, 59, -1
447, 1106, -1
344, 725, -1
685, 36, -1
909, 674, -1
490, 563, -1
40, 668, -1
1353, 1357, -1
198, 489, -1
363, 857, -1
785, 1194, -1
1243, 71, -1
1357, 779, -1
563, 928, -1
241, 173, -1
1033, 287, -1
487, 879, -1
641, 410, -1
44, 592, -1
213, 634, -1
230, 330, -1
688, 7, -1
138, 1276, -1
1099, 35, -1
432, 1051, -1
1213, 685, -1
330, 1127, -1
782, 805, -1
434, 827, -1
945, 882, -1
1110, 71, -1
842, 1176, -1
830, 1281, -1
258, 135, -1
1004, 1186, -1
1030, 152, -1
1056, 1337, -1
837, 1088, -1
718, 992, -1
293, 1211, -1
923, 1105, -1
1144, 1294, -1
1106, 862, -1
748, 1349, -1
442, 253, -1
862, 340, -1
1411, 653, -1
419, 37, -1
1249, 480, -1
477, 868, -1
565, 1140, -1
225, 785, -1
1155, 430, -1
1434, 879, -1
47, 1047, -1
1055, 6, -1
216, 1083, -1
383, 1143, -1
464, 1387, -1
1228, 546, -1
709, 1042, -1
1038, 115, -1
332, 1139, -1
723, 59, -1
1416, 404, -1
1337, 777, -1
1163, 762, -1
24, 871, -1
323, 1174, -1
248, 658, -1
868, 501, -1
1251, 554, -1
659, 1275, -1
68, 1409, -1
865, 889, -1
666, 724, -1
504, 1345, -1
1400, 462, -1
194, 500, -1
1142, 148, -1
403, 53, -1
1086, 1303, -1
170, 370, -1
1287, 1184, -1
492, 398, -1
1034, 1339, -1
700, 166, -1
626, 50, -1
1005, 1433, -1
756, 858, -1
677, 444, -1
976, 857, -1
1170, 692, -1
703, 720, -1
395, 1301, -1
1209, 1047, -1
840, 641, -1
1220, 1237, -1
529, 1132, -1
130, 357, -1
1389, 1171, -1
1369, 447, -1
791, 1280, -1
126, 275, -1
274, 547, -1
730, 646, -1
1427, 180, -1
360, 784, -1
354, 734, -1
1169, 1040, -1
72, 692, -1
1353, 736, -1
495, 516, -1
188, 1099, -1
302, 1202, -1
155, 314, -1
1177, 1198, -1
692, 91, -1
190, 823, -1
907, 735, -1
572, 933, -1
930, 1081, -1
1361, 261, -1
897, 677, -1
1323, 1249, -1
64, 1338, -1
1111, 984, -1
611, 1154, -1
195, 144, -1
6, 1388, -1
407, 736, -1
1416, 408, -1
331, 1028, -1
942, 908, -1
1213, 32, -1
1077, 856, -1
1217, 279, -1
108, 116, -1
323, 771, -1
1249, 990, -1
355, 937, -1
216, 704, -1
140, 1115, -1
509, 679, -1
9, 870, -1
1258, 343, -1
865, 624, -1
1123, 260, -1
1324, 843, -1
429, 1315, -1
764, 1092, -1
19, 1411, -1
772, 940, -1
946, 255, -1
1366, 108, -1
1270, 112, -1
226, 1357, -1
659, 217, -1
46, 1352, -1
531, 172, -1
534, 1441, -1
384, 790, -1
750, 1067, -1
538, 236, -1
952, 1149, -1
605, 794, -1
587, 130, -1
1222, 1436, -1
503, 1408, -1
523, 553, -1
961, 225, -1
216, 418, -1
1443, 736, -1
1052, 782, -1
1429, 505, -1
1296, 804, -1
177, 916, -1
1126, 1417, -1
95, 417, -1
658, 636, -1
470, 643, -1
1186, 754, -1
1445, 406, -1
838, 116, -1
1326, 966, -1
1185, 448, -1
93, 1155, -1
884, 191, -1
1179, 1018, -1
351, 1230, -1
785, 1170, -1
1143, 1023, -1
626, 645, -1
290, 935, -1
1139, 916, -1
243, 281, -1
1116, 284, -1
1165, 1132, -1
605, 1219, -1
1407, 27, -1
1102, 372, -1
745, 526, -1
1414, 262, -1
865, 1042, -1
432, 646, -1
781, 446, -1
166, 394, -1
1415, 1190, -1
1418, 547, -1
695, 77, -1
562, 1230, -1
1208, 80, -1
568, 487, -1
1198, 1394, -1
1053, 222, -1
843, 1351, -1
273, 1044, -1
579, 692, -1
290, 228, -1
892, 221, -1
1170, 560, -1
856, 1286, -1
210, 429, -1
1418, 412, -1
820, 1107, -1
609, 471, -1
687, 749, -1
116, 237, -1
900, 117, -1
1272, 1019, -1
1253, 277, -1
210, 1343, -1
116, 1216, -1
24, 124, -1
981, 182, -1
1105, 1397, -1
1319, 733, -1
367, 221, -1
871, 1420, -1
358, 1416, -1
775, 690, -1
496, 1223, -1
509, 827, -1
774, 730, -1
1436, 560, -1
810, 978, -1
748, 1042, -1
606, 109, -1
1213, 945, -1
345, 1342, -1
440, 660, -1
95, 299, -1
332, 452, -1
790, 1242, -1
637, 1428, -1
1406, 91, -1
1136, 1405, -1
1099, 1215, -1
793, 1049, -1
176, 407, -1
273, 725, -1
1437, 420, -1
144, 497, -1
631, 1427, -1
33, 493, -1
409, 700, -1
1169, 828, -1
1352, 264, -1
836, 51, -1
565, 437, -1
763, 556, -1
1282, 759, -1
852, 1244, -1
807, 232, -1
1261, 1181, -1
513, 731, -1
1043, 76, -1
236, 1171, -1
1258, 1063, -1
70, 426, -1
678, 1103, -1
941, 299, -1
1352, 1376, -1
562, 785, -1
79, 326, -1
809, 1046, -1
802, 25, -1
206, 548, -1
189, 277, -1
1295, 1202, -1
905, 1334, -1
1400, 4, -1
1007, 1433, -1
314, 1368, -1
1336, 708, -1
129, 463, -1
373, 203, -1
1111, 95, -1
792, 1217, -1
227, 964, -1
526, 1428, -1
979, 1267, -1
1159, 1375, -1
1209, 1261, -1
524, 1380, -1
927, 727, -1
995, 619, -1
1223, 1333, -1
812, 732, -1
207, 734, -1
149, 1442, -1
81, 498, -1
1377, 417, -1
24, 1324, -1
217, 305, -1
1362, 1378, -1
1081, 344, -1
1107, 177, -1
737, 127, -1
681, 728, -1
8, 1337, -1
561, 760, -1
689, 202, -1
1339, 1388, -1
920, 915, -1
464, 836, -1
769, 1245, -1
126, 821, -1
1051, 640, -1
325, 1434, -1
1080, 8, -1
614, 159, -1
559, 74, -1
141, 772, -1
443, 806, -1
683, 1309, -1
1239, 1103, -1
345, 490, -1
549, 35, -1
1054, 431, -1
1152, 492, -1
1330, 1242, -1
1040, 972, -1
492, 1155, -1
120, 536, -1
876, 122, -1
222, 497, -1
793, 1305, -1
38, 1325, -1
1048, 414, -1
1042, 931, -1
1235, 773, -1
269, 757, -1
1132, 66, -1
1356, 617, -1
971, 818, -1
1212, 1239, -1
396, 1181, -1
875, 9, -1
1370, 123, -1
1173, 700, -1
1132, 536, -1
911, 177, -1
1006, 263, -1
757, 362, -1
849, 1357, -1
141, 145, -1
730, 1286, -1
773, 160, -1
490, 394, -1
128, 1075, -1
431, 629, -1
842, 3, -1
785, 717, -1
253, 289, -1
1400, 1029, -1
298, 578, -1
797, 911, -1
152, 964, -1
730, 480, -1
624, 1212, -1
354, 1199, -1
443, 713, -1
1263, 1437, -1
297, 1446, -1
1074, 1371, -1
1289, 1297, -1
614, 381, -1
997, 669, -1
480, 323, -1
608, 1346, -1
704, 1072, -1
152, 1070, -1
942, 823, -1
496, 467, -1
1224, 1072, -1
990, 182, -1
1315, 918, -1
700, 687, -1
210, 918, -1
394, 687, -1
687, 711, -1
489, 1129, -1
1251, 637, -1
392, 49, -1
704, 550, -1
609, 761, -1
467, 1333, -1
550, 702, -1
1249, 981, -1
348, 1168, -1
904, 309, -1
448, 904, -1
908, 190, -1
1251, 526, -1
749, 166, -1
782, 44, -1
554, 1428, -1
592, 1052, -1
554, 1251, -1
182, 981, -1
448, 1185, -1
1428, 637, -1
1428, 526, -1
908, 942, -1
1315, 429, -1
1168, 352, -1
749, 687, -1
1333, 1223, -1
489, 198, -1
711, 166, -1
592, 44, -1
394, 166, -1
1072, 702, -1
392, 667, -1
1168, 348, -1

