2226, 16169, 3693, 3
4284, 19070, 9957, 3
6224, 836, 5359, 3
5744, 18424, 7669, 3
1731, 6146, 5876, 3
1784, 12409, 3505, 3
17693, 19720, 833, 3
3049, 11283, 1966, 3
6743, 3677, 9804, 3
7254, 10715, 4035, 3
8997, 15768, 6487, 3
9343, 808, 937, 3
6315, 13724, 1060, 3
1138, 1127, 13665, 3
4149, 13880, 19912, 3
4432, 8353, 18362, 3
9917, 1162, 12210, 3
18101, 4661, 18549, 3
2273, 6353, 16264, 3
15717, 8831, 5401, 3
4511, 4751, 10605, 3
7821, 3776, 14080, 3
2871, 19792, 12263, 3
17715, 10306, 6596, 3
5497, 18463, 7254, 3
3661, 10513, 2185, 3
16064, 11350, 11835, 3
9896, 7172, 18878, 3
11726, 1681, 7412, 3
10835, 8457, 8640, 3
5947, 19595, 16448, 3
9979, 3609, 7392, 3
4922, 16076, 19525, 3
13260, 3660, 7162, 3
386, 11856, 1944, 3
9510, 13029, 15351, 3
7340, 17061, 9750, 3
18180, 744, 4921, 3
13183, 14781, 17789, 3
65, 11831, 2317, 3
10701, 10086, 14009, 3
13345, 12329, 17282, 3
9317, 7345, 3668, 3
9220, 1056, 17159, 3
8205, 13589, 19811, 3
10786, 11045, 3599, 3
7252, 13005, 3274, 3
13184, 13583, 19381, 3
9634, 17892, 10936, 3
5970, 17373, 11619, 3
4880, 1442, 5798, 3
1831, 1364, 8225, 3
18969, 5504, 1915, 3
4479, 14324, 15067, 3
7076, 12387, 17889, 3
3697, 19152, 3468, 3
4871, 9311, 3814, 3
3724, 13877, 17503, 3
11477, 17382, 18809, 3
2603, 7422, 14193, 3
13743, 18152, 5732, 3
13435, 4332, 13857, 3
19864, 15740, 7941, 3
14957, 13911, 9343, 3
5831, 11122, 14270, 3
17140, 13606, 8332, 3
16386, 17193, 15843, 3
9816, 10737, 5964, 3
13948, 9866, 19416, 3
2877, 7356, 7263, 3
9361, 7325, 2491, 3
2368, 9518, 17962, 3
4470, 16269, 13139, 3
10358, 3639, 2915, 3
3664, 14156, 19411, 3
9384, 11400, 18078, 3
15137, 9543, 8284, 3
12903, 745, 15096, 3
7301, 3734, 16699, 3
11370, 14296, 2618, 3
6695, 12615, 14265, 3
19361, 19762, 10566, 3
1383, 7075, 5093, 3
6036, 14400, 9564, 3
10707, 14135, 10991, 3
18756, 7871, 116, 3
4272, 17711, 9639, 3
4177, 7171, 15352, 3
11115, 4156, 3436, 3
4069, 5007, 894, 3
7057, 14265, 15621, 3
18751, 1720, 15257, 3
12615, 908, 9174, 3
18716, 18136, 12758, 3
10542, 16184, 2574, 3
4435, 5876, 4673, 3
18607, 8013, 3027, 3
14364, 6135, 18879, 3
6555, 15343, 11294, 3
18444, 17806, 8736, 3
16064, 4149, 1
4432, 18879, 1
14265, 5359, 1
14156, 16448, 1
5401, 8831, 1
1681, 7075, 1
3734, 19416, -1
13743, 15351, -1
14364, 1442, -1
12758, 13260, -1
8997, 7254, -1
4284, 15621, -1
4880, 4272, -1
1915, 8736, -1
3776, 18756, -1
7669, 2603, -1
14957, 937, -1
7057, 65, -1
17282, 1364, -1
11370, 3664, -1
3049, 6596, -1
6743, 15768, -1
9917, 15257, -1
18549, 3668, -1
11283, 3660, -1
13589, 6135, -1
9804, 2871, -1
2368, 12263, -1
14135, 13183, -1
7076, 17282, -1
12758, 386, -1
5876, 13743, -1
13665, 6036, -1
19416, 6743, -1
9979, 16386, -1
18879, 13589, -1
17806, 6353, -1
18136, 3609, -1
8205, 7254, -1
808, 6487, -1
13184, 2273, -1
11122, 19720, -1
9979, 12758, -1
744, 18078, -1
4673, 13029, -1
7941, 15621, -1
5744, 4511, -1
1944, 17193, -1
14296, 14270, -1
7172, 5964, -1
15717, 17159, -1
1442, 4272, -1
13877, 9979, -1
1060, 19525, -1
6036, 744, -1
18463, 7263, -1
5497, 3027, -1
9174, 9220, -1
19411, 3677, -1
13583, 1383, -1
14156, 7345, -1
4035, 14265, -1
9804, 11350, -1
14781, 13877, -1
7172, 12263, -1
1720, 4922, -1
10542, 18078, -1
11400, 7345, -1
744, 11477, -1
4479, 11122, -1
7252, 13589, -1
8284, 6596, -1
15067, 4921, -1
15352, 3274, -1
15343, 18362, -1
11283, 65, -1
10358, 15343, -1
18463, 4470, -1
14156, 10786, -1
9361, 4479, -1
14296, 18444, -1
9384, 18101, -1
9174, 15740, -1
3724, 3677, -1
9518, 6315, -1
3734, 17715, -1
18180, 9510, -1
19811, 9634, -1
4149, 4177, -1
5831, 13589, -1
5964, 9518, -1
3776, 1364, -1
15352, 4432, -1
17789, 2273, -1
8225, 13589, -1
4921, 10605, -1
14270, 14193, -1
14193, 16064, -1
7412, 10566, -1
13880, 2273, -1
16448, 10786, -1
4432, 13589, -1
16064, 4177, -1
4035, 5359, -1
15352, 18879, -1
14193, 4149, -1
16448, 7345, -1
7345, 14156, -1
16064, 14193, -1
10786, 14156, -1
14265, 4035, -1
13589, 18879, -1
4177, 4149, -1

