1867, 9344, 4962, 3
2464, 4828, 8830, 3
11836, 15370, 7147, 3
7845, 1910, 17698, 3
14681, 17469, 13626, 3
18761, 9038, 3374, 3
10980, 17996, 9569, 3
11733, 7083, 715, 3
5214, 6422, 8563, 3
12088, 14834, 18993, 3
1053, 4773, 6514, 3
5766, 7867, 15600, 3
3761, 822, 18270, 3
4849, 14001, 9854, 3
5566, 6612, 17350, 3
8663, 5045, 6100, 3
18174, 6533, 3595, 3
5135, 12731, 9995, 3
7433, 4458, 1966, 3
7272, 3286, 16921, 3
2965, 11627, 2601, 3
11016, 10677, 1039, 3
14717, 1955, 19857, 3
1913, 9747, 11389, 3
13982, 16023, 38, 3
9954, 19564, 7553, 3
5792, 845, 7854, 3
9737, 3909, 4828, 3
9688, 14999, 4945, 3
11679, 3273, 13993, 3
9604, 6356, 15096, 3
17242, 3150, 14583, 3
12895, 19718, 4427, 3
6903, 1983, 6359, 3
2124, 6974, 1078, 3
4750, 8157, 14863, 3
7199, 7090, 13827, 3
7069, 2299, 12511, 3
8739, 13195, 9184, 3
8084, 18160, 6103, 3
6811, 2757, 15399, 3
16752, 7654, 2695, 3
16792, 19219, 9424, 3
15882, 2044, 4897, 3
15077, 15297, 12496, 3
12127, 11335, 9664, 3
1637, 2382, 13821, 3
1260, 11859, 13506, 3
5006, 5289, 5268, 3
4298, 1398, 11123, 3
15939, 5642, 16249, 3
15231, 13043, 1547, 3
2779, 9395, 15066, 3
17085, 867, 349, 3
3134, 15427, 9678, 3
10201, 16998, 14918, 3
10410, 15586, 15283, 3
11215, 3693, 8852, 3
2958, 1202, 4383, 3
10258, 10864, 4990, 3
2817, 307, 16627, 3
8578, 8787, 11853, 3
14232, 4007, 378, 3
2583, 16261, 4313, 3
16440, 16962, 16041, 3
16361, 10906, 6945, 3
4175, 1610, 7922, 3
11661, 182, 10121, 3
19513, 211, 17267, 3
6805, 1073, 4249, 3
15314, 17055, 7349, 3
3579, 13061, 19055, 3
16467, 4725, 5985, 3
2059, 12265, 15074, 3
11444, 18246, 11274, 3
14850, 10500, 1982, 3
9351, 14973, 9459, 3
2931, 8872, 310, 3
19931, 7417, 5851, 3
11141, 14085, 3157, 3
9159, 8152, 18008, 3
17828, 3333, 11473, 3
6461, 6483, 3934, 3
12315, 16160, 4261, 3
2354, 9890, 16194, 3
11266, 5248, 3911, 3
5448, 550, 3809, 3
63, 10148, 232, 3
12561, 5043, 12417, 3
7838, 2386, 367, 3
1565, 8753, 16269, 3
18503, 4912, 180, 3
7452, 17610, 2865, 3
5316, 10076, 6705, 3
4552, 19505, 7105, 3
5509, 10111, 8082, 3
1728, 318, 8364, 3
4492, 78, 8429, 3
10753, 15832, 3955, 3
7019, 6584, 17230, 3
11836, 16440, 1
5006, 4007, 1
16023, 14834, 1
13993, 18246, -1
11123, 14834, -1
2124, 18503, -1
7147, 9424, -1
78, 3579, -1
17085, 7867, -1
10076, 9344, -1
15586, 12731, -1
17055, 9854, -1
13195, 6805, -1
15600, 11389, -1
9954, 5045, -1
10980, 16361, -1
8429, 2931, -1
715, 15882, -1
8739, 1398, -1
6584, 11859, -1
11661, 5248, -1
12088, 8082, -1
12088, 16440, -1
15586, 7417, -1
3809, 7272, -1
7083, 1053, -1
16921, 7553, -1
38, 17610, -1
6705, 4427, -1
16249, 11335, -1
14850, 4175, -1
17085, 1565, -1
1728, 14583, -1
11473, 9688, -1
2354, 16269, -1
8852, 10121, -1
3934, 8152, -1
4552, 7922, -1
4773, 78, -1
715, 15370, -1
8429, 8563, -1
17242, 7090, -1
7854, 6705, -1
4962, 4175, -1
1913, 2931, -1
1078, 10980, -1
5214, 6945, -1
7199, 15297, -1
9890, 13195, -1
5248, 6705, -1
15939, 10121, -1
1078, 7433, -1
1955, 1547, -1
11123, 4383, -1
2044, 3809, -1
14717, 18503, -1
16160, 17469, -1
14717, 6945, -1
2931, 8429, -1
5792, 1053, -1
11389, 14834, -1
17230, 6461, -1
5792, 18174, -1
14232, 18174, -1
10906, 19219, -1
11266, 1202, -1
4897, 14918, -1
8152, 7433, -1
6514, 10410, -1
1955, 12731, -1
6103, 7069, -1
9678, 2958, -1
11853, 4298, -1
7845, 11859, -1
11016, 15832, -1
2386, 6805, -1
7922, 3911, -1
18503, 14973, -1
11853, 15882, -1
12731, 8084, -1
3286, 11836, -1
4007, 8753, -1
4912, 3955, -1
6974, 18270, -1
9604, 8852, -1
9890, 2382, -1
7854, 3934, -1
16361, 4849, -1
211, 9678, -1
232, 8364, -1
17469, 10753, -1
17996, 13626, -1
17996, 18174, -1
19219, 12496, -1
18270, 349, -1
1078, 11274, -1
7452, 822, -1
18993, 367, -1
1983, 9890, -1
8739, 9459, -1
11389, 16023, -1
12088, 11836, -1
8753, 5006, -1
16440, 3286, -1
11123, 16023, -1
14834, 11123, -1
14834, 11389, -1
8753, 4007, -1
11836, 3286, -1

