7628, 16668, 19526, 3
9041, 6265, 16825, 3
9337, 16401, 2526, 3
4261, 18681, 18151, 3
18096, 14014, 11862, 3
13405, 5016, 13330, 3
6883, 1644, 3079, 3
2300, 4265, 12558, 3
15547, 5185, 12388, 3
15222, 10772, 13346, 3
13595, 8731, 613, 3
8049, 1901, 840, 3
8543, 4538, 8065, 3
2844, 15592, 5518, 3
1982, 3078, 5829, 3
7795, 12135, 4905, 3
1832, 16262, 19840, 3
11593, 8033, 7746, 3
6130, 13923, 8453, 3
1432, 7461, 9447, 3
10461, 16112, 18999, 3
3377, 1091, 13514, 3
1335, 3195, 9227, 3
6349, 12974, 12354, 3
19799, 10083, 9808, 3
12528, 8169, 17073, 3
7350, 7968, 15959, 3
3734, 17609, 9747, 3
6207, 16555, 1075, 3
15472, 19981, 4107, 3
8849, 17415, 18967, 3
4014, 4390, 14043, 3
1936, 1563, 5976, 3
5995, 18194, 31, 3
14021, 16196, 19065, 3
3353, 11851, 1686, 3
6144, 18740, 515, 3
19952, 12368, 856, 3
8723, 10170, 17329, 3
3152, 12834, 5450, 3
19517, 8174, 15031, 3
2685, 10354, 12924, 3
15429, 11738, 600, 3
169, 4262, 9512, 3
2746, 13979, 3955, 3
18598, 2465, 2922, 3
1079, 15598, 14267, 3
16381, 4982, 17173, 3
3670, 13866, 4597, 3
18452, 4469, 13231, 3
8911, 10275, 17145, 3
979, 10863, 1945, 3
10496, 12382, 12350, 3
16473, 17292, 12598, 3
969, 15767, 11204, 3
9602, 5475, 14541, 3
17984, 18844, 14588, 3
14527, 10396, 19802, 3
12798, 14017, 9663, 3
1515, 10286, 19116, 3
15703, 12969, 14899, 3
3727, 11938, 3697, 3
1613, 7526, 6610, 3
5511, 19277, 14734, 3
3059, 7516, 3826, 3
18927, 14912, 506, 3
1222, 9821, 14178, 3
16954, 513, 11858, 3
12329, 12481, 7437, 3
7688, 15195, 16501, 3
15153, 6497, 2467, 3
2258, 3721, 10373, 3
7028, 7153, 18541, 3
12258, 11345, 16343, 3
7036, 4710, 2691, 3
3480, 13594, 768, 3
13150, 2680, 13838, 3
8365, 1601, 12157, 3
2422, 1781, 15069, 3
11134, 7139, 6458, 3
8870, 8316, 11139, 3
17093, 9857, 9204, 3
6522, 16204, 2373, 3
15938, 1219, 525, 3
12315, 168, 9993, 3
7092, 5800, 6898, 3
1670, 2503, 5888, 3
1988, 13343, 11144, 3
5518, 15106, 1751, 3
9518, 12808, 16338, 3
10205, 15107, 1358, 3
1821, 19616, 17002, 3
9081, 4210, 17112, 3
3518, 14778, 1569, 3
5197, 4923, 5505, 3
16225, 10863, 6966, 3
2931, 6622, 1811, 3
7167, 3343, 1515, 3
3758, 13378, 7275, 3
14441, 18429, 5254, 3
16664, 6473, 2212, 3
16693, 18367, 8702, 3
4322, 15189, 92, 3
3499, 8024, 14949, 3
7925, 17017, 2843, 3
3706, 10036, 4581, 3
15151, 13974, 122, 3
13435, 16871, 19478, 3
19140, 16483, 9810, 3
18062, 9168, 6518, 3
5569, 17881, 1056, 3
7583, 315, 11557, 3
12656, 718, 5729, 3
7648, 16118, 8160, 3
10854, 17768, 11014, 3
5926, 11833, 15996, 3
11519, 8049, 3366, 3
13893, 5668, 3811, 3
14091, 6996, 2248, 3
1484, 3123, 16508, 3
7102, 19617, 18366, 3
12853, 11222, 8880, 3
2675, 14865, 13310, 3
19791, 5464, 2985, 3
2631, 19419, 10489, 3
382, 7342, 12712, 3
5288, 18136, 3765, 3
6781, 9205, 18982, 3
15112, 9988, 18222, 3
10616, 14876, 2930, 3
12600, 4475, 778, 3
17653, 5404, 731, 3
1019, 9342, 17335, 3
17977, 19933, 17569, 3
3105, 16557, 9328, 3
7140, 12739, 7267, 3
4841, 9575, 15160, 3
3554, 3622, 9614, 3
388, 9790, 5756, 3
6855, 11228, 2059, 3
19028, 5190, 13309, 3
7900, 688, 9805, 3
1325, 1445, 6123, 3
19108, 17831, 18621, 3
237, 19285, 19780, 3
15211, 2730, 13599, 3
18289, 6793, 15619, 3
1493, 889, 16298, 3
17992, 5360, 7962, 3
13785, 15682, 3622, 3
14221, 10566, 18903, 3
19610, 836, 1129, 3
197, 18284, 7649, 3
6383, 17978, 10476, 3
7271, 7667, 16456, 3
378, 12666, 11414, 3
6210, 15600, 13455, 3
2684, 10793, 2286, 3
8913, 4931, 6729, 3
1808, 5599, 4463, 3
17665, 10463, 12119, 3
7539, 2115, 12027, 3
19032, 12764, 11553, 3
15492, 2465, 12286, 3
13787, 9388, 14958, 3
923, 6610, 4181, 3
6992, 4315, 12313, 3
5353, 944, 1214, 3
15394, 5062, 17021, 3
2222, 19581, 8370, 3
16432, 2653, 17312, 3
7226, 19690, 16428, 3
11694, 19684, 16048, 3
7490, 7497, 1381, 3
12592, 11703, 5315, 3
496, 19760, 8076, 3
9199, 17273, 9412, 3
2978, 538, 4502, 3
2070, 4642, 13265, 3
11347, 9095, 16908, 3
10388, 18688, 1988, 3
8509, 19062, 7498, 3
9906, 4584, 14699, 3
18380, 8104, 11839, 3
726, 10710, 14827, 3
4919, 7683, 3491, 3
7809, 14184, 17136, 3
2830, 13253, 5360, 3
11310, 8223, 3934, 3
13657, 9112, 4499, 3
13889, 12999, 2194, 3
10832, 10287, 16833, 3
13899, 4232, 18701, 3
9545, 187, 3764, 3
15687, 15504, 3189, 3
7939, 4600, 6641, 3
4783, 7970, 13787, 3
16210, 625, 789, 3
16579, 969, 12441, 3
9641, 4563, 8806, 3
18575, 19004, 9575, 3
5291, 19537, 1803, 3
6951, 594, 9953, 3
2151, 6336, 19255, 3
18736, 14800, 865, 3
18447, 19947, 14022, 3
5169, 14335, 4576, 3
13630, 12604, 7914, 3
19307, 6917, 2811, 3
5094, 2261, 4908, 3
11399, 14758, 11683, 3
16046, 14853, 6824, 3
13483, 1905, 12977, 3
4243, 6154, 9558, 3
9380, 10326, 7039, 3
17367, 3800, 10951, 3
4105, 5075, 6685, 3
18749, 3404, 13858, 3
6293, 4487, 16782, 3
3204, 895, 6193, 3
4795, 9126, 14434, 3
13465, 8029, 6299, 3
238, 18976, 7196, 3
4434, 1499, 5339, 3
12029, 3339, 4758, 3
16348, 9534, 17255, 3
2308, 3777, 952, 3
8072, 13713, 414, 3
4584, 14625, 1494, 3
4399, 12802, 12867, 3
5450, 19898, 19721, 3
9129, 10620, 12236, 3
3730, 10873, 15895, 3
18729, 11594, 16187, 3
4295, 17324, 7787, 3
13367, 11004, 6706, 3
9462, 5590, 14525, 3
163, 17488, 4626, 3
19719, 4574, 12447, 3
11985, 5995, 17134, 3
6548, 14642, 8060, 3
9551, 16077, 14741, 3
12335, 9256, 11626, 3
15785, 7535, 269, 3
1082, 18827, 12561, 3
8808, 3216, 4925, 3
6355, 14778, 12182, 3
1991, 11597, 7584, 3
4333, 10624, 19567, 3
12552, 15583, 15945, 3
349, 9168, 6863, 3
15940, 4839, 12852, 3
13617, 13816, 6584, 3
10332, 15812, 4409, 3
8126, 8336, 7918, 3
7869, 9861, 3918, 3
15593, 7296, 7466, 3
14366, 14706, 7454, 3
6488, 7990, 11898, 3
8665, 13851, 8999, 3
1099, 3641, 12733, 3
15482, 9018, 13714, 3
8755, 2882, 16762, 3
14342, 6307, 9386, 3
14391, 9636, 2848, 3
31, 2721, 5580, 3
14930, 13440, 16231, 3
10933, 7792, 3593, 3
18741, 8783, 6862, 3
6320, 14817, 8843, 3
10192, 10506, 12484, 3
9933, 5701, 13235, 3
12223, 8199, 5354, 3
382, 12155, 18726, 3
16981, 10359, 1463, 3
184, 5539, 18336, 3
5054, 3756, 3045, 3
18282, 10418, 13127, 3
19813, 10428, 18115, 3
14330, 1780, 11733, 3
1406, 3228, 2758, 3
19532, 11321, 8483, 3
9730, 9827, 12630, 3
14085, 11198, 5956, 3
6697, 19013, 19435, 3
1534, 18660, 5271, 3
18469, 3139, 517, 3
7301, 14456, 5369, 3
17599, 8418, 17811, 3
15177, 17882, 11771, 3
16915, 12018, 8214, 3
1296, 7192, 10831, 3
2397, 11494, 6733, 3
1906, 14727, 19238, 3
9592, 12683, 13057, 3
16446, 13403, 3344, 3
3062, 11687, 18066, 3
4241, 6539, 11698, 3
3915, 17367, 7391, 3
17510, 15073, 9059, 3
17593, 13551, 15472, 3
6451, 96, 11901, 3
6504, 5504, 4037, 3
8818, 12864, 13780, 3
7328, 373, 10845, 3
6186, 13067, 12536, 3
14948, 6899, 2465, 3
19307, 12119, 16560, 3
17743, 11575, 415, 3
6612, 13866, 14655, 3
12462, 17516, 14592, 3
2693, 10704, 7410, 3
14789, 3056, 8649, 3
8975, 13758, 9957, 3
4187, 10357, 13074, 3
3344, 120, 3618, 3
8588, 1116, 18259, 3
9583, 6440, 13765, 3
16968, 14226, 15973, 3
7510, 419, 17308, 3
6328, 41, 11138, 3
5614, 14348, 3766, 3
19354, 15936, 1426, 3
19550, 12364, 8856, 3
18301, 9312, 18166, 3
15905, 16686, 14886, 3
19818, 9688, 1808, 3
10728, 19741, 7322, 3
1641, 5487, 16579, 3
19336, 19541, 7693, 3
249, 2000, 5322, 3
12888, 3006, 15712, 3
8799, 15867, 6307, 3
7202, 3998, 13673, 3
16638, 12697, 6638, 3
18904, 6184, 10759, 3
22, 2976, 19318, 3
9862, 13174, 4402, 3
15393, 12164, 16226, 3
8222, 4436, 18629, 3
16337, 14771, 14517, 3
7089, 17035, 15926, 3
14939, 6820, 12735, 3
13487, 3960, 1375, 3
11156, 18267, 19850, 3
15230, 5725, 10593, 3
8896, 19498, 184, 3
2219, 7714, 5465, 3
2609, 11459, 208, 3
282, 816, 11549, 3
3153, 9833, 15901, 3
19596, 10546, 8458, 3
18536, 10876, 11790, 3
4526, 17490, 15884, 3
15542, 9235, 5353, 3
4744, 13332, 9124, 3
2162, 9060, 2663, 3
3917, 6477, 16278, 3
17867, 5320, 4938, 3
16317, 16440, 10820, 3
7511, 16792, 2598, 3
12466, 16027, 13961, 3
9454, 10791, 7244, 3
13160, 3999, 16806, 3
5700, 15988, 3535, 3
19986, 9389, 13619, 3
17665, 6666, 3303, 3
6135, 15992, 2976, 3
1540, 16447, 10853, 3
18645, 17113, 7296, 3
15512, 1782, 3275, 3
4711, 3825, 9465, 3
4192, 9960, 19404, 3
10240, 6292, 19592, 3
6922, 8590, 12121, 3
12373, 15881, 12160, 3
19098, 6537, 17400, 3
6636, 13193, 3150, 3
19756, 3095, 1917, 3
3107, 1775, 19422, 3
7744, 13755, 2948, 3
14450, 16708, 19987, 3
227, 10145, 11210, 3
13462, 13461, 3278, 3
6538, 4806, 11997, 3
1529, 7767, 19735, 3
17340, 3067, 16556, 3
5994, 2267, 17180, 3
8890, 15764, 19446, 3
14219, 16582, 17000, 3
9710, 3371, 19022, 3
19736, 16310, 7835, 3
12226, 6935, 6374, 3
15941, 8639, 1945, 3
11850, 17324, 19069, 3
17069, 18062, 185, 3
6836, 3356, 8568, 3
4677, 9384, 16866, 3
5456, 16072, 12361, 3
15030, 13407, 8263, 3
14535, 6811, 16549, 3
6389, 9351, 1127, 3
7357, 16326, 2757, 3
10883, 6416, 8083, 3
12326, 7622, 10569, 3
7870, 13899, 7927, 3
14776, 8330, 17670, 3
3568, 16990, 6373, 3
16250, 8544, 4136, 3
2539, 972, 4982, 3
4941, 14084, 2362, 3
16321, 11416, 3460, 3
16697, 12897, 13697, 3
3755, 16010, 11474, 3
9252, 5803, 835, 3
1730, 5473, 19473, 3
3904, 7951, 11141, 3
4572, 14416, 10600, 3
2798, 7052, 7528, 3
18700, 8051, 8930, 3
1948, 3491, 4680, 3
9406, 19937, 6286, 3
11798, 10124, 16429, 3
16920, 15482, 13928, 3
17465, 2264, 12686, 3
2961, 10893, 18244, 3
2638, 17532, 2992, 3
6886, 6801, 231, 3
19715, 12705, 19916, 3
19111, 8862, 10081, 3
17934, 11441, 19025, 3
5294, 12758, 12024, 3
19553, 5943, 19593, 3
14532, 19335, 12805, 3
17354, 4659, 9543, 3
3791, 2134, 12555, 3
58, 14783, 18994, 3
15805, 4018, 592, 3
17093, 12056, 3059, 3
411, 3319, 2051, 3
1625, 19197, 9797, 3
4500, 305, 7835, 3
12742, 7598, 19061, 3
2683, 8418, 6410, 3
1833, 889, 4285, 3
2905, 5469, 10682, 3
16156, 8473, 14612, 3
18867, 17028, 5449, 3
18431, 17493, 17296, 3
15141, 11515, 8010, 3
593, 3423, 8200, 3
383, 12152, 8584, 3
342, 12742, 15728, 3
16819, 15460, 3628, 3
15105, 16093, 2725, 3
19538, 7382, 14148, 3
1523, 16648, 19164, 3
6933, 13539, 18084, 3
18922, 11848, 3132, 3
3918, 2510, 13998, 3
6962, 11252, 10495, 3
3542, 9981, 18565, 3
13671, 10577, 138, 3
13757, 2377, 10826, 3
18352, 7941, 6390, 3
19850, 12277, 3498, 3
12269, 17295, 5398, 3
19883, 150, 11491, 3
10351, 18533, 17972, 3
18322, 7745, 16566, 3
771, 2938, 18697, 3
2036, 13217, 5432, 3
11508, 7083, 4596, 3
9777, 6566, 1942, 3
5468, 9101, 17189, 3
5736, 15056, 17740, 3
11753, 11197, 9707, 3
17874, 19927, 806, 3
1665, 3767, 19863, 3
14134, 13508, 16497, 3
4947, 18242, 9053, 3
9399, 17960, 15295, 3
5879, 5330, 7043, 3
4551, 2848, 2416, 3
5549, 7127, 1576, 3
836, 13017, 16050, 3
11360, 731, 11776, 3
7196, 3531, 5909, 3
4639, 9993, 12258, 3
618, 19991, 2402, 3
6948, 18580, 13765, 3
6990, 7081, 9456, 3
2602, 15454, 5864, 3
13827, 10312, 3160, 3
9011, 2952, 11615, 3
13810, 13347, 8511, 3
7969, 11246, 18156, 3
9265, 9450, 8493, 3
17955, 11071, 12229, 3
11921, 16769, 2660, 3
809, 16297, 2315, 3
12153, 4352, 4884, 3
10175, 15586, 4591, 3
336, 703, 12425, 3
4797, 8861, 13001, 3
10685, 2952, 6860, 3
13773, 12906, 7659, 3
15326, 3619, 11473, 3
17895, 14416, 11907, 3
5321, 4979, 14191, 3
4912, 15488, 8000, 3
6072, 8088, 1206, 3
504, 6250, 18388, 3
1501, 2477, 17339, 3
523, 17008, 12809, 3
4464, 13151, 9369, 3
3403, 6559, 1768, 3
653, 9850, 14726, 3
11908, 966, 14863, 3
10517, 6201, 13953, 3
18061, 5926, 15689, 3
1487, 16861, 12253, 3
827, 10787, 605, 3
4845, 13919, 18960, 3
1650, 16342, 14981, 3
14313, 17982, 19696, 3
9532, 2269, 6018, 3
10642, 11757, 14394, 3
2512, 8532, 1935, 3
19994, 11654, 7469, 3
12980, 4921, 2060, 3
5510, 9294, 1459, 3
3623, 15555, 4613, 3
2262, 929, 5080, 3
4810, 9630, 17601, 3
11954, 13052, 18792, 3
15202, 324, 12313, 3
507, 5994, 9348, 3
6880, 5501, 17103, 3
10887, 10860, 15873, 3
6520, 13445, 9942, 3
12767, 6034, 9959, 3
3981, 14092, 17461, 3
2651, 15437, 16427, 3
10352, 19560, 14531, 3
8438, 13041, 9173, 3
4591, 3054, 437, 3
5211, 17107, 350, 3
2713, 1414, 14314, 3
16094, 6374, 2310, 3
3106, 2582, 3405, 3
12831, 17368, 15080, 3
3716, 97, 10088, 3
11858, 13424, 6279, 3
4750, 11102, 2612, 3
1193, 4873, 14511, 3
10076, 16950, 5350, 3
13789, 9627, 14117, 3
14988, 19618, 19990, 3
7674, 16349, 8883, 3
13651, 15795, 18545, 3
8350, 12494, 14765, 3
14687, 11523, 18515, 3
3163, 2049, 10986, 3
9272, 11170, 11149, 3
12777, 12802, 2789, 3
8456, 10014, 14666, 3
19630, 5197, 184, 3
12928, 7862, 13614, 3
12292, 3894, 6560, 3
4773, 9123, 6218, 3
2405, 13297, 13991, 3
19476, 15961, 11853, 3
16347, 17911, 3552, 3
3692, 1925, 3032, 3
11143, 19947, 14133, 3
10874, 14035, 3575, 3
17504, 18875, 3518, 3
8377, 15327, 18533, 3
12375, 3184, 10141, 3
13165, 16104, 15120, 3
2320, 14099, 5374, 3
7160, 19337, 2963, 3
5298, 3363, 6780, 3
9880, 19682, 11997, 3
16894, 18663, 8161, 3
11899, 11174, 4664, 3
11329, 10992, 6932, 3
6166, 16008, 18632, 3
8374, 14411, 686, 3
12274, 2668, 19106, 3
1947, 15925, 6364, 3
16164, 503, 16966, 3
12664, 7948, 1002, 3
18615, 10815, 3023, 3
17541, 13708, 10415, 3
19243, 944, 11657, 3
237, 15641, 6341, 3
12506, 16457, 7479, 3
6637, 10552, 4147, 3
5576, 1330, 16307, 3
10420, 1160, 218, 3
13429, 6551, 16699, 3
17415, 11168, 12135, 3
1353, 14012, 7245, 3
19110, 2835, 12107, 3
18726, 2630, 17793, 3
8763, 6765, 2679, 3
2032, 11372, 5304, 3
6191, 13133, 14099, 3
14099, 7765, 11205, 3
15151, 4323, 5060, 3
5534, 109, 5547, 3
12583, 923, 12245, 3
17498, 11924, 19382, 3
2652, 18618, 9044, 3
504, 2286, 9244, 3
17162, 991, 3671, 3
7825, 8372, 5429, 3
14455, 10680, 17375, 3
10458, 8832, 18988, 3
7104, 16642, 7449, 3
4797, 10777, 6115, 3
10756, 12996, 17550, 3
9245, 4652, 18379, 3
15888, 12247, 1478, 3
17408, 4451, 2084, 3
10234, 15352, 7593, 3
19560, 1379, 3352, 3
7843, 6059, 12579, 3
19171, 11931, 10561, 3
14476, 9888, 19470, 3
140, 3756, 11576, 3
18784, 10748, 16677, 3
18996, 5489, 14436, 3
10923, 4353, 14808, 3
17851, 1688, 5309, 3
19779, 13692, 692, 3
2350, 13852, 17894, 3
3523, 16996, 9184, 3
19685, 6040, 13625, 3
1485, 9172, 12863, 3
8753, 8914, 1433, 3
5089, 12639, 14471, 3
18407, 19488, 13597, 3
19941, 2038, 923, 3
14425, 14322, 4777, 3
11573, 15794, 4875, 3
4828, 98, 7003, 3
15246, 11623, 19863, 3
8320, 9867, 19450, 3
8227, 9207, 8132, 3
16995, 16538, 19294, 3
253, 7521, 10484, 3
1262, 11687, 9789, 3
8439, 14652, 15384, 3
5695, 2302, 9750, 3
15134, 12112, 14258, 3
1011, 44, 6404, 3
6529, 5643, 1080, 3
7824, 9294, 5850, 3
8633, 8657, 15915, 3
3741, 18045, 5118, 3
14065, 9096, 5079, 3
1787, 9964, 17677, 3
13435, 16064, 3594, 3
448, 2629, 18825, 3
2181, 18654, 18784, 3
2735, 9486, 13037, 3
2470, 9087, 2727, 3
6694, 3603, 11649, 3
17370, 11111, 9238, 3
19551, 520, 3623, 3
3870, 4858, 11488, 3
6609, 156, 7118, 3
16783, 19353, 6006, 3
9136, 13076, 16896, 3
15378, 2322, 16834, 3
14624, 17865, 5840, 3
17704, 4779, 8900, 3
12574, 7251, 5252, 3
5178, 5181, 8509, 3
8900, 16763, 9209, 3
8755, 1746, 14089, 3
11423, 12069, 5298, 3
9081, 17193, 12796, 3
18216, 17966, 9850, 3
11380, 17947, 17815, 3
11207, 1396, 11665, 3
1488, 16294, 97, 3
13041, 13284, 18144, 3
11076, 3668, 12036, 3
6664, 3529, 2139, 3
16759, 15953, 13548, 3
6693, 18732, 2507, 3
823, 14518, 2706, 3
10612, 10513, 10376, 3
15757, 2195, 3586, 3
14266, 8048, 14554, 3
13217, 4621, 8003, 3
6998, 15773, 13269, 3
9114, 5543, 3295, 3
3024, 11576, 18350, 3
62, 19860, 15149, 3
19443, 10130, 15318, 3
17037, 573, 6232, 3
19274, 16264, 14120, 3
13405, 16891, 19564, 3
12732, 19755, 17269, 3
10213, 3053, 10676, 3
300, 1569, 19803, 3
16480, 1882, 13091, 3
5253, 17290, 15661, 3
3623, 10544, 3779, 3
8725, 16742, 15678, 3
8294, 3486, 3576, 3
11376, 10819, 10373, 3
14313, 7596, 13601, 3
14938, 649, 2774, 3
3675, 13682, 14830, 3
9148, 8059, 17206, 3
851, 3595, 549, 3
19845, 6072, 17279, 3
6480, 8850, 1385, 3
560, 9609, 8175, 3
7058, 6172, 3245, 3
3715, 13046, 8670, 3
17324, 6722, 16391, 3
5511, 11767, 17344, 3
13252, 13680, 1509, 3
13538, 16779, 19079, 3
2860, 12027, 10406, 3
9515, 6990, 6753, 3
18511, 14565, 17366, 3
14441, 5984, 13538, 3
9997, 12882, 10002, 3
13573, 19549, 2093, 3
14313, 8768, 11922, 3
15529, 19514, 12898, 3
19139, 14873, 10681, 3
15487, 10279, 9915, 3
9644, 10856, 13161, 3
9462, 3333, 8236, 3
314, 16914, 5508, 3
11931, 19840, 5579, 3
16327, 204, 16591, 3
5801, 2885, 9116, 3
13988, 14397, 13014, 3
18583, 17876, 17733, 3
6310, 3171, 18566, 3
3652, 13978, 10303, 3
13838, 3314, 9774, 3
1609, 14669, 19422, 3
1670, 17929, 17815, 3
16754, 3254, 12121, 3
15815, 4852, 19843, 3
89, 15717, 12001, 3
2626, 5362, 9773, 3
16349, 8441, 11864, 3
7097, 13328, 3807, 3
6512, 9329, 16973, 3
8976, 13523, 2982, 3
4396, 18150, 31, 3
8321, 1904, 7726, 3
8568, 4575, 4420, 3
17063, 5522, 15445, 3
7914, 16226, 2884, 3
18611, 14977, 12580, 3
15562, 15780, 9782, 3
12299, 13827, 5787, 3
1806, 12582, 361, 3
19898, 17200, 9188, 3
8842, 15695, 11934, 3
1569, 9998, 18650, 3
9400, 11801, 17919, 3
2496, 12711, 1573, 3
8718, 1599, 14846, 3
11474, 129, 13657, 3
11131, 485, 13761, 3
896, 9402, 4810, 3
19897, 11358, 6349, 3
6438, 2848, 10063, 3
4382, 16776, 17836, 3
9103, 8937, 17223, 3
2949, 2692, 892, 3
19154, 2921, 10989, 3
6279, 16170, 6192, 3
3484, 3724, 15666, 3
13967, 10605, 7144, 3
2190, 13328, 19935, 3
19889, 7434, 537, 3
12715, 16601, 7951, 3
11515, 19410, 12583, 3
18283, 646, 3738, 3
16180, 13362, 6885, 3
15837, 597, 9286, 3
18041, 18925, 19801, 3
9552, 4602, 13521, 3
18197, 13262, 18637, 3
4760, 16372, 9737, 3
16760, 10079, 14412, 3
10414, 8099, 8852, 3
6070, 3308, 8435, 3
2683, 14036, 16174, 3
5315, 19760, 6373, 3
434, 6448, 14784, 3
18328, 135, 8116, 3
11927, 5096, 314, 3
19521, 19167, 12065, 3
4644, 3555, 15125, 3
15180, 1820, 14660, 3
8767, 6711, 17299, 3
1759, 392, 3714, 3
17134, 13682, 6029, 3
18678, 3489, 13588, 3
2132, 3718, 15731, 3
16584, 3348, 1829, 3
4960, 19783, 18402, 3
12123, 11686, 1051, 3
1033, 17055, 18295, 3
9156, 3283, 1363, 3
9109, 2291, 3391, 3
10887, 3149, 17936, 3
7160, 10959, 15334, 3
14769, 6538, 14673, 3
7308, 11138, 14694, 3
18013, 3289, 16334, 3
14008, 10408, 4302, 3
6632, 11822, 10433, 3
14182, 8287, 19987, 3
19927, 1777, 16436, 3
18957, 14414, 11194, 3
229, 2178, 15259, 3
5425, 11850, 18011, 3
19454, 3928, 10486, 3
19724, 6951, 18389, 3
11948, 13055, 3046, 3
14462, 18726, 18781, 3
10163, 14192, 1651, 3
17699, 7028, 16651, 3
3186, 7303, 1817, 3
12811, 2582, 1569, 3
8860, 10118, 9147, 3
12119, 13177, 4132, 3
15090, 6898, 12342, 3
19589, 18112, 5330, 3
8043, 12910, 13153, 3
18411, 119, 2879, 3
6615, 7662, 10759, 3
6816, 13783, 11474, 3
17694, 10416, 19130, 3
14318, 2049, 17501, 3
9554, 14652, 15274, 3
19010, 15925, 19694, 3
6781, 2913, 2798, 3
5392, 5164, 13027, 3
17056, 11169, 9202, 3
11413, 19946, 4738, 3
17410, 6319, 15563, 3
9197, 11840, 18005, 3
13031, 3899, 18649, 3
14136, 6796, 1315, 3
12839, 9657, 707, 3
13412, 4610, 12643, 3
14702, 19089, 6470, 3
8150, 16350, 11872, 3
15607, 14118, 752, 3
9905, 11417, 9572, 3
9257, 5180, 98, 3
9173, 5071, 5657, 3
13398, 1240, 4445, 3
3352, 6854, 6543, 3
11120, 12742, 8589, 3
16207, 7889, 6671, 3
13357, 17528, 18330, 3
4673, 6179, 12265, 3
18698, 3656, 7985, 3
5541, 10748, 3942, 3
11046, 14212, 15181, 3
10481, 14350, 3788, 3
1808, 6680, 4122, 3
16813, 15209, 1410, 3
18340, 4331, 13282, 3
8097, 5750, 16210, 3
19218, 3765, 8648, 3
18248, 1476, 16949, 3
1098, 15393, 18059, 3
6432, 10845, 2719, 3
11289, 12594, 14640, 3
18433, 16655, 4496, 3
7532, 12235, 17164, 3
18334, 1408, 10636, 3
3878, 12689, 6820, 3
14562, 18137, 7357, 3
18149, 18782, 16059, 3
11730, 6426, 3528, 3
15078, 5150, 8409, 3
15506, 13219, 19200, 3
10589, 3548, 15875, 3
3012, 12831, 13651, 3
1772, 10409, 13352, 3
17789, 15592, 1701, 3
18244, 17273, 12660, 3
19860, 6188, 7376, 3
8482, 9014, 3045, 3
3076, 13328, 9094, 3
13129, 3361, 15927, 3
3055, 10866, 5959, 3
19212, 3003, 18525, 3
17305, 19540, 4927, 3
17425, 13227, 15831, 3
4819, 19508, 7936, 3
11982, 18262, 15007, 3
1822, 1730, 2699, 3
8636, 14037, 12063, 3
5799, 6847, 19747, 3
5746, 11741, 16620, 3
7052, 7481, 15440, 3
9914, 14918, 1119, 3
4783, 19174, 14406, 3
19692, 16486, 18810, 3
7761, 9649, 11020, 3
14890, 2277, 2197, 3
17629, 6748, 6085, 3
18521, 1455, 9425, 3
1889, 16024, 17775, 3
5526, 11432, 531, 3
15002, 14110, 994, 3
3080, 19503, 15269, 3
18281, 15457, 1918, 3
18028, 4406, 6446, 3
16494, 15631, 11407, 3
11524, 10689, 2446, 3
16237, 2154, 5388, 3
2837, 14691, 8946, 3
9847, 12610, 3218, 3
17456, 10503, 5734, 3
15601, 12527, 7093, 3
8333, 8827, 7907, 3
13328, 6971, 2968, 3
17105, 10452, 6274, 3
12829, 800, 12764, 3
16937, 10398, 16171, 3
11742, 9809, 9849, 3
5302, 14423, 9232, 3
2179, 19714, 333, 3
10517, 8698, 12029, 3
5737, 9944, 6544, 3
7413, 19756, 19504, 3
2275, 13230, 17758, 3
9195, 9020, 12440, 3
14846, 9736, 4831, 3
8403, 18481, 18466, 3
10365, 9021, 18127, 3
5745, 5427, 837, 3
3473, 16080, 10324, 3
7330, 15665, 13756, 3
9199, 2011, 13568, 3
11921, 14659, 6031, 3
2357, 12497, 8364, 3
14045, 15537, 7258, 3
1811, 14369, 10135, 3
13045, 16975, 3193, 3
6004, 4187, 12229, 3
6385, 7192, 18859, 3
19264, 13196, 19917, 3
15265, 19270, 8125, 3
15011, 9136, 2799, 3
14539, 9686, 3487, 3
18005, 12956, 5441, 3
8640, 7972, 15317, 3
6799, 11609, 17857, 3
19604, 15378, 10357, 3
1454, 16524, 9678, 3
3116, 18584, 2353, 3
14494, 9117, 460, 3
16778, 12252, 8754, 3
739, 4953, 15618, 3
11514, 12816, 18466, 3
12337, 3107, 9805, 3
12741, 13556, 16380, 3
1820, 11353, 8718, 3
12393, 15496, 19261, 3
12170, 11887, 8868, 3
19321, 5164, 12437, 3
13340, 8663, 12666, 3
15490, 7032, 6694, 3
16193, 3202, 15754, 3
480, 2716, 14097, 3
17197, 10640, 11636, 3
4558, 18876, 5647, 3
9055, 14642, 1808, 3
6044, 8259, 16590, 3
14657, 17348, 18763, 3
6843, 10945, 13774, 3
11845, 19468, 10241, 3
7584, 15479, 7196, 3
9354, 6909, 4359, 3
1350, 4349, 15172, 3
5746, 7628, 7573, 3

