6991, 12440, 2274, 3
3073, 3909, 4436, 3
7017, 5249, 19670, 3
17647, 1963, 14677, 3
3431, 4997, 18084, 3
14994, 17646, 10824, 3
11750, 15371, 18297, 3
13411, 12518, 4378, 3
1279, 18041, 1359, 3
13433, 1100, 17269, 3
18567, 8623, 7103, 3
4877, 8978, 16013, 3
5974, 3408, 11029, 3
16523, 1091, 2443, 3
18977, 9083, 195, 3
18858, 19588, 3993, 3
16030, 7090, 10404, 3
558, 1962, 12392, 3
4682, 16329, 6013, 3
1845, 9234, 18478, 3
17130, 6884, 12792, 3
17649, 2946, 10083, 3
16394, 12903, 14103, 3
2267, 1220, 6681, 3
7644, 5190, 11618, 3
12143, 16086, 11140, 3
11213, 9042, 3727, 3
17171, 4417, 13930, 3
13830, 4056, 12317, 3
13856, 2428, 7271, 3
17049, 17731, 4923, 3
2956, 1229, 13819, 3
12241, 10871, 17795, 3
8344, 3426, 2191, 3
13400, 6966, 14465, 3
4960, 8669, 4652, 3
10545, 8602, 5724, 3
13928, 5028, 6369, 3
3250, 12627, 18823, 3
9764, 4263, 7233, 3
552, 8033, 4829, 3
208, 2362, 6769, 3
12955, 10799, 12660, 3
738, 15582, 14621, 3
5477, 14283, 8416, 3
18357, 19144, 11273, 3
10706, 1990, 10741, 3
5041, 16962, 224, 3
12069, 18817, 1591, 3
7535, 9876, 10343, 3
92, 19, -1
129, 147, -1
46, 105, -1
85, 84, -1
2, 123, -1
130, 72, -1
131, 143, -1
47, 90, -1
100, 132, -1
98, 144, -1
91, 111, -1
144, 39, -1
119, 61, -1
56, 80, -1
73, 65, -1
133, 5, -1
1, 38, -1
44, 64, -1
62, 36, -1
51, 100, -1
13, 136, -1
67, 125, -1
74, 21, -1
11, 146, -1
24, 131, -1
32, 33, -1
68, 31, -1
79, 61, -1
99, 12, -1
142, 41, -1
44, 90, -1
101, 82, -1
81, 20, -1
14, 0, -1
128, 36, -1
0, 69, -1
95, 7, -1
48, 94, -1
63, 103, -1
46, 14, -1
139, 108, -1
72, 111, -1
122, 50, -1
97, 2, -1
75, 97, -1
74, 36, -1
43, 32, -1
109, 14, -1
140, 136, -1
56, 33, -1

