4746, 16489, 13687, 3
8171, 16613, 15818, 3
8016, 5558, 15163, 3
714, 8103, 8611, 3
8974, 1201, 2448, 3
18840, 8465, 18468, 3
10908, 4353, 4068, 3
3247, 13078, 13717, 3
15749, 3488, 1824, 3
8992, 3652, 7933, 3
4393, 15996, 9724, 3
8101, 13594, 2882, 3
13661, 18170, 12206, 3
18072, 9155, 8382, 3
63, 10726, 7193, 3
1884, 5239, 13608, 3
6910, 7929, 12519, 3
9384, 15451, 17266, 3
989, 11459, 3231, 3
13962, 2816, 16519, 3
18842, 19357, 10275, 3
18758, 14590, 3703, 3
15938, 14612, 1600, 3
242, 8861, 15768, 3
19997, 9262, 18831, 3
6540, 6552, 12074, 3
13554, 19297, 701, 3
4252, 16826, 11218, 3
7996, 8229, 5552, 3
7395, 2022, 2946, 3
15935, 19509, 11646, 3
12653, 9613, 2461, 3
6022, 2371, 11003, 3
16220, 6506, 7632, 3
9046, 8619, 19797, 3
6034, 4525, 4935, 3
9841, 15610, 15111, 3
5939, 388, 6773, 3
9523, 13049, 7718, 3
5063, 12511, 2610, 3
16716, 6303, 19318, 3
17383, 10698, 19350, 3
11674, 6581, 1718, 3
5064, 6562, 6948, 3
19450, 12233, 13189, 3
14514, 3039, 12025, 3
1974, 7755, 3298, 3
9974, 10601, 2210, 3
19444, 3779, 12569, 3
9340, 15653, 13720, 3
17646, 15652, 6723, 3
775, 12699, 15008, 3
2451, 10668, 6159, 3
1818, 10306, 4596, 3
4303, 1260, 8023, 3
16466, 16844, 14994, 3
17002, 19857, 890, 3
13058, 11129, 12857, 3
10643, 3095, 8445, 3
6788, 12592, 1159, 3
10023, 10860, 4519, 3
18068, 12630, 7314, 3
17723, 8166, 15093, 3
12728, 13119, 18248, 3
10510, 10054, 12140, 3
2410, 6383, 4217, 3
18451, 6265, 16366, 3
13496, 3296, 4370, 3
6049, 9930, 2000, 3
5981, 16224, 7942, 3
3988, 1433, 5658, 3
7250, 3099, 15758, 3
2240, 2425, 4840, 3
1744, 17187, 4973, 3
5391, 302, 15063, 3
8294, 6637, 6365, 3
4589, 5817, 719, 3
1316, 224, 5558, 3
1946, 8339, 9622, 3
16274, 10847, 1831, 3
19443, 4069, 14113, 3
2730, 3598, 19164, 3
10871, 17299, 7000, 3
12652, 12131, 15718, 3
14889, 2362, 10626, 3
14717, 2651, 8380, 3
11226, 11428, 10246, 3
10100, 18562, 14592, 3
813, 677, 12604, 3
5462, 3761, 8557, 3
6088, 2884, 887, 3
18752, 15869, 16661, 3
8202, 7897, 1755, 3
17114, 949, 8199, 3
15617, 299, 4164, 3
14318, 15616, 8244, 3
6945, 13914, 1946, 3
2039, 13420, 8666, 3
748, 11289, 3948, 3
10542, 19536, 11860, 3
15893, 11774, 632, 3
14586, 11967, 9445, 3
130, 18706, 13821, 3
17436, 19394, 4771, 3
7507, 2790, 3911, 3
16009, 12013, 5246, 3
14874, 12310, 4298, 3
6972, 12895, 16326, 3
4952, 15724, 13516, 3
7853, 1558, 1735, 3
13224, 16083, 5891, 3
3667, 17535, 18457, 3
18899, 2169, 9315, 3
18955, 18073, 2299, 3
3932, 8939, 3357, 3
2458, 7499, 19175, 3
2126, 13757, 13702, 3
16827, 329, 1175, 3
7369, 11714, 9986, 3
3508, 13102, 4110, 3
6502, 13727, 18549, 3
2202, 5343, 10388, 3
646, 13141, 6607, 3
14184, 7121, 3556, 3
6061, 19998, 4982, 3
11101, 8211, 9067, 3
16068, 2234, 1123, 3
1788, 4083, 12306, 3
10889, 4462, 18539, 3
15265, 7143, 5881, 3
9830, 8962, 3804, 3
3882, 11764, 12655, 3
8007, 2541, 8487, 3
9547, 684, 9855, 3
4670, 11155, 8627, 3
16102, 19809, 4281, 3
19856, 10119, 3977, 3
7892, 19060, 7166, 3
11097, 2912, 7254, 3
304, 18107, 9558, 3
7025, 17890, 17184, 3
8971, 3387, 10631, 3
2673, 18642, 16011, 3
1565, 16402, 14455, 3
1190, 3538, 19181, 3
17444, 6205, 19277, 3
6203, 5093, 18387, 3
2242, 4421, 19923, 3
2706, 7687, 12691, 3
12910, 1817, 19960, 3
9602, 13709, 12369, 3
6154, 17232, 3837, 3
8722, 17894, 8347, 3
1888, 5125, 576, 3
11686, 19664, 3371, 3
5620, 5779, 15044, 3
9019, 15998, 8296, 3
12323, 53, 1484, 3
15931, 18045, 19327, 3
2406, 2147, 13180, 3
4135, 2386, 6194, 3
10299, 15104, 2467, 3
16071, 110, 3088, 3
17668, 2481, 12472, 3
10379, 18635, 12451, 3
7822, 4811, 7687, 3
14986, 15520, 14716, 3
7987, 1114, 4569, 3
9549, 6534, 15470, 3
11745, 11076, 10270, 3
7796, 16635, 5904, 3
19445, 4192, 13772, 3
8484, 11307, 2524, 3
10414, 13826, 14283, 3
12763, 11698, 4503, 3
4879, 10185, 9971, 3
11701, 5480, 2663, 3
10757, 5711, 17903, 3
13119, 3422, 13282, 3
14537, 16036, 3963, 3
3365, 15892, 13769, 3
13389, 6598, 3164, 3
14649, 18077, 9340, 3
320, 6720, 4363, 3
3722, 15265, 7390, 3
6203, 10351, 9815, 3
11878, 12872, 12542, 3
3045, 2919, 13139, 3
11678, 10256, 895, 3
12439, 16925, 5642, 3
13656, 9069, 2610, 3
11417, 4782, 12236, 3
19530, 8825, 16367, 3
8408, 13892, 16090, 3
17575, 5274, 2078, 3
15534, 16610, 14048, 3
12158, 16788, 18390, 3
2356, 15540, 19879, 3
10604, 5240, 4100, 3
3651, 4680, 14909, 3
12147, 15166, 2253, 3
2080, 16972, 9000, 3
18353, 13681, 168, 3
11349, 17180, 9152, 3
6556, 336, 40, 3
3458, 5379, 16129, 3
8571, 9110, 19753, 3
6526, 18946, 7588, 3
12593, 18937, 17213, 3
1147, 657, 18931, 3
10987, 9989, 9880, 3
19740, 5913, 11684, 3
12169, 6852, 5986, 3
16695, 4270, 476, 3
4, 10704, 14155, 3
6447, 8514, 13530, 3
7866, 10872, 12267, 3
6470, 17869, 4560, 3
15943, 19434, 8008, 3
11841, 8719, 1354, 3
18636, 18715, 250, 3
1497, 905, 375, 3
9653, 19402, 18422, 3
12765, 14381, 6648, 3
13815, 849, 9823, 3
10497, 9079, 18992, 3
19257, 7167, 4542, 3
4980, 10507, 14011, 3
3904, 12647, 17981, 3
7144, 16045, 2785, 3
16762, 6537, 8413, 3
14603, 13795, 16849, 3
6751, 14963, 17223, 3
15874, 1012, 19729, 3
18181, 12216, 8868, 3
4781, 14146, 144, 3
17456, 17024, 15449, 3
11892, 15748, 6444, 3
10189, 1879, 2698, 3
18073, 5590, 11604, 3
15063, 5267, 2831, 3
349, 398, 14378, 3
5271, 5900, 19681, 3
19760, 18813, 10223, 3
10430, 3477, 16731, 3
10473, 17384, 3735, 3
7678, 1387, 14036, 3
5612, 6921, 11256, 3
17494, 2269, 15229, 3
18677, 15848, 1120, 3
3782, 5455, 2509, 3
3736, 8959, 11402, 3
14509, 767, 5586, 3
4801, 15629, 9998, 3
14806, 18908, 14321, 3
2179, 4947, 8574, 3
9855, 3795, 15350, 3
4326, 6133, 15831, 3
3581, 5938, 11017, 3
14329, 16801, 19224, 3
877, 4462, 11538, 3
1575, 12474, 17944, 3
18064, 7747, 1799, 3
14969, 18966, 17449, 3
919, 18756, 13217, 3
17249, 19109, 11863, 3
7143, 4900, 12966, 3
118, 6318, 15028, 3
16003, 14004, 4400, 3
14171, 14285, 18825, 3
16176, 8189, 5398, 3
12379, 11695, 19542, 3
15100, 7418, 18737, 3
6366, 1123, 2274, 3
585, 15557, 13910, 3
11534, 14779, 1954, 3
7242, 7165, 17919, 3
7101, 16908, 7590, 3
1353, 10100, 2258, 3
14752, 19234, 10423, 3
9087, 12361, 6253, 3
14870, 7532, 3147, 3
5137, 8815, 13181, 3
10043, 7431, 18224, 3
10951, 17874, 13366, 3
5727, 18837, 649, 3
18453, 9694, 18971, 3
3660, 17993, 5119, 3
17680, 19371, 5056, 3
16817, 6870, 1625, 3
11697, 10983, 9306, 3
18410, 8104, 4949, 3
13149, 6847, 2276, 3
2787, 6709, 15934, 3
19744, 12199, 18269, 3
13782, 17036, 4257, 3
13194, 12336, 8933, 3
4435, 5037, 8809, 3
2481, 6124, 8173, 3
19754, 13744, 4016, 3
16524, 18231, 6421, 3
14437, 10600, 15126, 3
13233, 19668, 2026, 3
15999, 6232, 5448, 3
15737, 2329, 7893, 3
1728, 438, 2353, 3
15456, 1768, 1439, 3
13884, 3996, 4124, 3
16209, 8024, 5173, 3
4642, 14203, 15137, 3
3787, 12977, 14408, 3
2152, 8112, 1888, 3
13131, 9636, 3583, 3
7566, 13788, 9445, 3
2968, 9812, 1026, 3
18027, 2738, 8372, 3
12886, 17159, 17354, 3
7407, 11858, 2271, 3
19058, 18029, 7309, 3
390, 6859, 12094, 3
7689, 6879, 10757, 3
7472, 12371, 8707, 3
12672, 8689, 17287, 3
9495, 6836, 14120, 3
2196, 4465, 2521, 3
10341, 19138, 7216, 3
1007, 15774, 1824, 3
9605, 9197, 12246, 3
5572, 19139, 15350, 3
10445, 11125, 9619, 3
19142, 4067, 4317, 3
2372, 13565, 4912, 3
16439, 7134, 7264, 3
3062, 4686, 15291, 3
5740, 18858, 1871, 3
4204, 14601, 18750, 3
17374, 3620, 1026, 3
5614, 1231, 12595, 3
7033, 14996, 8806, 3
15168, 3055, 15302, 3
8337, 17342, 19285, 3
12105, 1735, 18338, 3
10887, 10167, 13807, 3
6141, 739, 2416, 3
19417, 13226, 618, 3
10916, 14127, 12355, 3
15088, 12102, 11973, 3
7708, 16377, 3933, 3
6095, 10971, 825, 3
18053, 17527, 10765, 3
19026, 1140, 10785, 3
11322, 19309, 13687, 3
18244, 6906, 5574, 3
8349, 4035, 19456, 3
8900, 17238, 14526, 3
815, 10591, 19858, 3
9205, 12515, 10998, 3
12862, 11245, 10423, 3
4209, 11440, 13610, 3
1925, 16379, 477, 3
10105, 7268, 4367, 3
5639, 410, 14454, 3
11973, 1143, 1885, 3
19675, 4383, 11814, 3
17676, 1115, 13714, 3
8461, 17366, 5862, 3
3108, 17608, 6835, 3
9295, 4034, 14993, 3
16916, 19221, 2659, 3
16661, 13221, 19628, 3
9549, 18182, 10176, 3
8546, 5635, 10806, 3
14840, 453, 19247, 3
12897, 12555, 7119, 3
5692, 13643, 16861, 3
7094, 4900, 9797, 3
15484, 17361, 7939, 3
281, 17466, 11483, 3
4702, 18988, 9661, 3
1573, 17374, 10429, 3
4653, 18388, 5131, 3
19765, 5148, 10428, 3
11689, 3812, 15698, 3
2982, 1375, 15737, 3
7361, 10569, 17110, 3
2220, 1593, 2794, 3
1921, 11539, 7949, 3
16489, 3733, 8104, 3
6648, 427, 11305, 3
11712, 14844, 2943, 3
16351, 11832, 5656, 3
2325, 2809, 18590, 3
11069, 9258, 16642, 3
10928, 5380, 4454, 3
4374, 16362, 19142, 3
755, 11146, 8329, 3
12015, 10690, 9451, 3
11458, 12597, 9173, 3
14098, 27, 5243, 3
2691, 18471, 13172, 3
15898, 1776, 19462, 3
1367, 6894, 13097, 3
12524, 8236, 14337, 3
15754, 5741, 11642, 3
7997, 12449, 3180, 3
1509, 6934, 3120, 3
637, 3951, 1638, 3
1551, 5044, 1640, 3
10221, 18896, 11282, 3
13443, 12609, 11594, 3
6109, 3397, 3933, 3
9961, 11820, 2642, 3
16936, 14873, 12852, 3
8157, 7915, 4090, 3
10165, 16494, 212, 3
15973, 12686, 11748, 3
2575, 19103, 7145, 3
2234, 2871, 3324, 3
15373, 12802, 7337, 3
18885, 4165, 1930, 3
10798, 11226, 15892, 3
16730, 2492, 14191, 3
3985, 10828, 5946, 3
8515, 18229, 14307, 3
6639, 10220, 3606, 3
18070, 15827, 1195, 3
58, 11082, 14039, 3
8587, 8076, 6082, 3
15710, 11245, 15943, 3
8425, 9785, 6562, 3
14909, 8540, 15201, 3
15134, 3558, 8052, 3
12656, 19181, 3111, 3
19491, 19615, 10960, 3
10882, 380, 8020, 3
11393, 3421, 1390, 3
6664, 6610, 16164, 3
18203, 9672, 3460, 3
2094, 14486, 16275, 3
18141, 14229, 3792, 3
160, 2267, 6936, 3
338, 11047, 238, 3
19223, 2364, 18577, 3
15070, 2943, 4486, 3
19383, 10279, 14036, 3
15189, 4932, 12118, 3
10691, 8712, 7237, 3
14213, 7461, 3837, 3
12196, 11395, 15189, 3
2262, 13251, 2757, 3
11613, 11326, 1450, 3
15334, 19281, 12206, 3
3414, 16734, 5616, 3
3332, 2592, 3937, 3
18355, 7862, 13485, 3
13091, 2732, 5500, 3
5934, 1162, 8002, 3
11966, 9695, 400, 3
4186, 17700, 15714, 3
13268, 6874, 5798, 3
5292, 18765, 870, 3
11001, 6586, 4766, 3
17780, 1161, 18506, 3
9334, 7545, 956, 3
16419, 14339, 4771, 3
12975, 16033, 6747, 3
4184, 18988, 2202, 3
12670, 16787, 5825, 3
16487, 8685, 18334, 3
10388, 1236, 14226, 3
5296, 13391, 13152, 3
17430, 6857, 16196, 3
1384, 14146, 18160, 3
5807, 14005, 7576, 3
19327, 11649, 5135, 3
7293, 19615, 7719, 3
11707, 11493, 9183, 3
11093, 8277, 18263, 3
14327, 16738, 11517, 3
12928, 18571, 7049, 3
16359, 3781, 18021, 3
16162, 12064, 1467, 3
6825, 6771, 19364, 3
19644, 19438, 5724, 3
990, 17060, 3135, 3
17927, 8909, 2795, 3
6478, 10343, 18251, 3
18857, 6865, 7760, 3
16183, 10675, 17513, 3
11474, 10750, 5814, 3
5970, 8385, 12663, 3
15953, 1338, 6888, 3
14018, 3821, 13223, 3
19997, 12159, 2325, 3
6328, 19042, 17275, 3
2604, 15994, 75, 3
15248, 8475, 11117, 3
13938, 13291, 4824, 3
16506, 12792, 15667, 3
9155, 17521, 3929, 3
33, 124, 1
1300, 180, 1
1253, 534, 1
149, 133, 1
1228, 159, 1
158, 1130, 1
1340, 123, 1
920, 779, 1
1311, 446, 1
826, 657, 1
128, 565, 1
1435, 1396, 1
873, 1283, 1
247, 959, 1
348, 249, 1
1053, 1250, 1
904, 214, 1
1340, 620, 1
1115, 865, 1
309, 421, 1
425, 80, 1
620, 123, 1
123, 1340, 1
620, 1340, 1
123, 620, 1
411, 135, -1
552, 415, -1
1003, 1339, -1
789, 1260, -1
286, 883, -1
788, 201, -1
63, 1171, -1
766, 904, -1
1074, 1229, -1
1064, 562, -1
273, 924, -1
367, 1232, -1
1366, 824, -1
556, 350, -1
79, 290, -1
1020, 1109, -1
982, 193, -1
731, 1435, -1
915, 1146, -1
574, 1376, -1
433, 1128, -1
427, 986, -1
1404, 98, -1
805, 24, -1
502, 846, -1
967, 394, -1
438, 1320, -1
283, 653, -1
4, 554, -1
1277, 412, -1
72, 464, -1
112, 417, -1
225, 546, -1
280, 418, -1
238, 828, -1
1175, 270, -1
261, 946, -1
545, 126, -1
625, 163, -1
670, 1153, -1
1111, 335, -1
627, 1314, -1
676, 654, -1
531, 260, -1
600, 275, -1
6, 462, -1
1392, 717, -1
1143, 1124, -1
1222, 1134, -1
238, 607, -1
299, 284, -1
835, 251, -1
1381, 987, -1
739, 1419, -1
540, 176, -1
2, 467, -1
1410, 1103, -1
89, 52, -1
1418, 1230, -1
964, 369, -1
1394, 488, -1
419, 1435, -1
602, 776, -1
367, 1291, -1
917, 275, -1
1147, 1415, -1
823, 1035, -1
839, 375, -1
60, 791, -1
1345, 914, -1
265, 349, -1
663, 430, -1
472, 1185, -1
493, 454, -1
1040, 5, -1
509, 355, -1
578, 695, -1
1311, 583, -1
994, 205, -1
628, 906, -1
287, 1234, -1
750, 278, -1
14, 812, -1
482, 324, -1
376, 431, -1
741, 373, -1
1423, 1036, -1
390, 746, -1
193, 1302, -1
1373, 1069, -1
1188, 1093, -1
345, 593, -1
654, 25, -1
788, 632, -1
710, 622, -1
111, 291, -1
604, 520, -1
410, 324, -1
1112, 1096, -1
355, 411, -1
186, 1432, -1
1001, 1069, -1
957, 1280, -1
901, 645, -1
297, 362, -1
1265, 75, -1
298, 1196, -1
447, 551, -1
290, 1179, -1
611, 149, -1
406, 1270, -1
1184, 1096, -1
176, 54, -1
1321, 888, -1
18, 757, -1
871, 238, -1
631, 727, -1
1228, 208, -1
1203, 346, -1
811, 17, -1
88, 836, -1
823, 137, -1
1100, 28, -1
305, 374, -1
276, 1190, -1
14, 973, -1
973, 1135, -1
1219, 1348, -1
587, 1403, -1
910, 526, -1
1218, 1072, -1
48, 610, -1
665, 322, -1
876, 906, -1
1021, 678, -1
132, 996, -1
961, 1109, -1
982, 471, -1
898, 1433, -1
48, 962, -1
452, 1436, -1
47, 780, -1
1288, 468, -1
112, 831, -1
962, 611, -1
564, 1135, -1
229, 30, -1
1174, 285, -1
626, 704, -1
480, 1081, -1
984, 1102, -1
184, 806, -1
94, 223, -1
1227, 564, -1
498, 1246, -1
528, 1369, -1
601, 991, -1
1234, 1246, -1
464, 371, -1
1364, 1106, -1
606, 161, -1
58, 51, -1
528, 1199, -1
933, 433, -1
828, 1103, -1
910, 398, -1
889, 77, -1
703, 1406, -1
24, 1100, -1
995, 841, -1
1087, 1419, -1
1246, 24, -1
1138, 378, -1
115, 142, -1
80, 518, -1
824, 338, -1
235, 1176, -1
568, 1107, -1
209, 286, -1
1295, 491, -1
171, 951, -1
653, 173, -1
1256, 1162, -1
1265, 1091, -1
1437, 192, -1
256, 594, -1
380, 237, -1
209, 1146, -1
859, 634, -1
71, 1134, -1
817, 258, -1
1130, 1241, -1
46, 174, -1
1244, 1275, -1
1297, 914, -1
721, 702, -1
941, 295, -1
1069, 819, -1
622, 91, -1
983, 910, -1
830, 395, -1
265, 1118, -1
1384, 730, -1
398, 1420, -1
359, 821, -1
1436, 1328, -1
720, 85, -1
8, 1414, -1
847, 1409, -1
151, 1055, -1
929, 585, -1
405, 666, -1
243, 1140, -1
1422, 944, -1
422, 1056, -1
421, 222, -1
1439, 737, -1
337, 1034, -1
284, 813, -1
535, 1152, -1
721, 1406, -1
40, 557, -1
815, 380, -1
351, 1105, -1
730, 44, -1
964, 1173, -1
760, 611, -1
406, 1203, -1
1402, 494, -1
269, 715, -1
1139, 409, -1
1316, 988, -1
1165, 489, -1
595, 947, -1
1411, 697, -1
1377, 915, -1
277, 316, -1
814, 915, -1
700, 735, -1
471, 101, -1
501, 1081, -1
1126, 1283, -1
1405, 1326, -1
471, 867, -1
386, 298, -1
621, 546, -1
649, 340, -1
370, 906, -1
648, 883, -1
144, 1437, -1
1185, 152, -1
589, 932, -1
821, 235, -1
1186, 295, -1
775, 123, -1
699, 915, -1
1196, 1329, -1
444, 1286, -1
372, 597, -1
703, 1129, -1
342, 1342, -1
834, 574, -1
571, 660, -1
398, 611, -1
1171, 918, -1
563, 729, -1
1372, 1177, -1
579, 989, -1
465, 315, -1
1015, 475, -1
520, 439, -1
582, 1278, -1
1324, 1255, -1
533, 373, -1
1007, 1095, -1
1081, 596, -1
461, 179, -1
13, 1312, -1
736, 508, -1
1283, 1309, -1
486, 367, -1
58, 230, -1
685, 441, -1
1080, 553, -1
854, 1274, -1
80, 647, -1
1121, 1237, -1
387, 310, -1
538, 1178, -1
597, 781, -1
1433, 333, -1
515, 576, -1
162, 31, -1
529, 1315, -1
245, 739, -1
489, 1017, -1
147, 919, -1
795, 530, -1
890, 1026, -1
542, 1254, -1
894, 648, -1
1262, 67, -1
387, 253, -1
152, 123, -1
749, 319, -1
140, 1026, -1
325, 1420, -1
903, 1136, -1
1178, 712, -1
48, 541, -1
1058, 922, -1
88, 850, -1
308, 864, -1
616, 800, -1
454, 726, -1
493, 1356, -1
447, 1425, -1
336, 202, -1
602, 13, -1
388, 1314, -1
435, 1256, -1
1378, 449, -1
854, 1122, -1
237, 593, -1
608, 985, -1
82, 1060, -1
38, 1306, -1
1314, 405, -1
1326, 61, -1
736, 1391, -1
517, 1214, -1
915, 261, -1
137, 1072, -1
1157, 1209, -1
488, 780, -1
477, 1207, -1
569, 1435, -1
697, 28, -1
1064, 1052, -1
1038, 1261, -1
1102, 80, -1
1216, 323, -1
747, 1048, -1
452, 1307, -1
439, 393, -1
935, 551, -1
1005, 262, -1
578, 1279, -1
1435, 447, -1
213, 1059, -1
857, 389, -1
133, 798, -1
985, 743, -1
98, 984, -1
406, 425, -1
679, 1199, -1
195, 64, -1
126, 660, -1
244, 1001, -1
462, 965, -1
348, 777, -1
951, 521, -1
38, 387, -1
970, 1428, -1
572, 84, -1
45, 566, -1
928, 1374, -1
1265, 1412, -1
657, 903, -1
1077, 751, -1
1137, 502, -1
1199, 232, -1
5, 522, -1
1196, 1331, -1
1264, 1053, -1
16, 714, -1
976, 654, -1
952, 1329, -1
367, 1356, -1
837, 580, -1
1345, 1195, -1
782, 1179, -1
622, 179, -1
190, 706, -1
973, 487, -1
766, 310, -1
1417, 63, -1
725, 478, -1
503, 536, -1
433, 1400, -1
126, 704, -1
492, 900, -1
1188, 1071, -1
128, 102, -1
1077, 786, -1
573, 132, -1
1145, 1101, -1
369, 101, -1
261, 1295, -1
726, 1162, -1
1367, 1067, -1
1294, 382, -1
264, 1258, -1
1414, 1346, -1
618, 1146, -1
1076, 318, -1
202, 80, -1
334, 359, -1
404, 371, -1
959, 1307, -1
920, 89, -1
331, 630, -1
573, 551, -1
1330, 837, -1
790, 1296, -1
281, 979, -1
1086, 1112, -1
508, 1265, -1
1272, 335, -1
509, 1164, -1
1351, 470, -1
1364, 1181, -1
176, 738, -1
411, 1090, -1
254, 465, -1
403, 1305, -1
96, 63, -1
1131, 951, -1
286, 1028, -1
783, 942, -1
69, 893, -1
427, 1205, -1
35, 1290, -1
453, 401, -1
367, 1146, -1
1367, 27, -1
137, 467, -1
1393, 1128, -1
1232, 17, -1
620, 3, -1
767, 950, -1
347, 429, -1
775, 1257, -1
92, 1319, -1
1022, 1113, -1
595, 1351, -1
255, 723, -1
1391, 879, -1
479, 130, -1
59, 1137, -1
67, 1072, -1
952, 930, -1
1306, 414, -1
748, 1318, -1
391, 1197, -1
547, 908, -1
802, 634, -1
204, 1167, -1
1082, 106, -1
726, 376, -1
227, 834, -1
586, 462, -1
651, 118, -1
1074, 1309, -1
1067, 94, -1
58, 354, -1
787, 1008, -1
1362, 718, -1
616, 599, -1
206, 162, -1
877, 406, -1
894, 1047, -1
606, 1256, -1
214, 244, -1
1139, 731, -1
587, 1097, -1
372, 953, -1
999, 153, -1
631, 1037, -1
89, 779, -1
1307, 247, -1
1241, 158, -1
904, 244, -1
3, 1340, -1
731, 1396, -1
777, 249, -1
873, 1126, -1
208, 159, -1
873, 1309, -1
80, 406, -1
214, 766, -1
425, 1102, -1
425, 202, -1
152, 1340, -1
798, 149, -1
611, 133, -1
425, 647, -1
826, 903, -1
309, 222, -1
569, 1396, -1
565, 102, -1
419, 1396, -1
1264, 1250, -1
1396, 447, -1
425, 518, -1
1340, 775, -1
446, 583, -1
425, 406, -1
208, 1228, -1
123, 775, -1
620, 775, -1
123, 3, -1
80, 1102, -1
80, 202, -1
244, 214, -1
152, 620, -1
904, 766, -1
1283, 1126, -1
1241, 1130, -1
777, 348, -1
3, 620, -1

