361, 5480, 15840, 3
4548, 19727, 11154, 3
6635, 17973, 1481, 3
7866, 15463, 9151, 3
6704, 12883, 19759, 3
10121, 18943, 792, 3
12049, 15917, 2307, 3
8407, 565, 7968, 3
18858, 5651, 3740, 3
16694, 7726, 9485, 3
1734, 11319, 9533, 3
15650, 17124, 13479, 3
3202, 8399, 19718, 3
11379, 12434, 16971, 3
4692, 13287, 9678, 3
661, 17382, 4819, 3
13366, 11893, 15350, 3
12942, 4782, 6168, 3
1420, 12272, 11059, 3
19142, 8532, 5707, 3
3386, 10976, 5192, 3
17305, 10190, 8189, 3
19205, 17516, 4431, 3
8302, 11693, 19844, 3
10202, 6613, 16486, 3
5324, 14337, 15132, 3
1162, 19195, 4464, 3
12243, 11262, 2425, 3
1529, 6833, 11877, 3
18088, 17036, 17440, 3
6563, 7445, 13869, 3
3778, 13171, 691, 3
17069, 19758, 5405, 3
11791, 3832, 19606, 3
7314, 6233, 18195, 3
18452, 18834, 9573, 3
18839, 317, 3382, 3
7800, 14610, 16188, 3
19926, 11088, 3419, 3
6203, 16020, 2389, 3
7231, 15856, 10913, 3
15884, 19141, 4665, 3
9150, 11332, 10257, 3
6616, 18319, 6233, 3
12038, 13386, 4387, 3
13625, 9482, 14952, 3
1673, 10614, 9849, 3
18102, 12102, 14432, 3
3681, 14226, 11920, 3
10063, 2149, 9244, 3
4412, 17969, 6901, 3
19174, 7395, 16262, 3
10832, 8170, 7644, 3
7850, 332, 5078, 3
4134, 3612, 6438, 3
10298, 18686, 17835, 3
18323, 11219, 13283, 3
9528, 1783, 11466, 3
1081, 13798, 16476, 3
11465, 7336, 12163, 3
7643, 13415, 12691, 3
9375, 13317, 12487, 3
15792, 15912, 14224, 3
4488, 3327, 16013, 3
6560, 14670, 10385, 3
17214, 6815, 9873, 3
1477, 1733, 5486, 3
14594, 14297, 1743, 3
13731, 17325, 4501, 3
17438, 12734, 14256, 3
684, 4732, 12572, 3
15355, 9208, 10861, 3
10786, 11703, 3698, 3
14975, 5445, 2521, 3
775, 16832, 10636, 3
17188, 885, 3636, 3
16017, 1462, 7276, 3
2620, 8333, 12804, 3
7775, 13713, 2215, 3
13336, 7414, 19038, 3
8241, 3762, 6505, 3
18095, 6127, 6865, 3
18904, 11349, 18245, 3
8855, 18477, 4857, 3
1318, 18617, 5904, 3
11693, 13610, 4018, 3
9195, 3402, 15750, 3
12494, 15750, 982, 3
5933, 6054, 16955, 3
15967, 3291, 8520, 3
12405, 7765, 18986, 3
15054, 10241, 16122, 3
12292, 12682, 9349, 3
7652, 1734, 13164, 3
11570, 18505, 11268, 3
9067, 8955, 750, 3
15911, 12270, 15395, 3
5700, 5324, 2335, 3
15399, 10545, 15810, 3
10800, 11347, 18568, 3
18338, 18981, 229, 3
10031, 14880, 18546, 3
17400, 4180, 2266, 3
11488, 5665, 3425, 3
9310, 1717, 8600, 3
4540, 14612, 3021, 3
1952, 733, 5775, 3
12596, 18467, 8394, 3
9944, 4426, 19240, 3
12224, 9575, 18642, 3
18049, 193, 970, 3
16116, 4697, 12082, 3
19104, 7417, 1708, 3
19314, 16115, 19015, 3
3381, 959, 15859, 3
17916, 9206, 4630, 3
9603, 8706, 5624, 3
7549, 9326, 7514, 3
6193, 597, 15690, 3
1231, 3706, 8024, 3
16513, 15973, 19232, 3
7704, 8498, 18846, 3
19333, 5124, 7108, 3
13037, 11244, 19719, 3
17439, 18954, 4196, 3
11791, 3065, 14258, 3
14049, 11222, 17966, 3
9003, 12044, 7213, 3
9173, 694, 7762, 3
2621, 9212, 10471, 3
6416, 8581, 5585, 3
14555, 1884, 19086, 3
14417, 16132, 15205, 3
17775, 9925, 19986, 3
13459, 7652, 11809, 3
5569, 5600, 5502, 3
12583, 8605, 9007, 3
7604, 9160, 19107, 3
18645, 91, 10696, 3
15569, 3850, 14087, 3
16576, 16308, 11558, 3
15665, 7333, 5995, 3
18400, 749, 17252, 3
3657, 2409, 7873, 3
16306, 17647, 15301, 3
1796, 8163, 9934, 3
8909, 4432, 10415, 3
15119, 4751, 14992, 3
1486, 11078, 8490, 3
3367, 16139, 7525, 3
1754, 2736, 5297, 3
14352, 9557, 10801, 3
16998, 4533, 3036, 3
880, 10842, 15335, 3
3211, 5437, 18215, 3
11021, 7026, 10880, 3
15996, 6331, 12331, 3
16364, 14228, 3506, 3
7183, 4959, 17406, 3
11039, 10117, 1675, 3
13985, 1796, 11211, 3
12434, 18226, 4289, 3
2216, 18635, 15442, 3
18572, 7728, 7604, 3
18630, 4109, 14964, 3
3897, 8894, 15700, 3
16573, 10944, 1321, 3
10554, 6965, 1814, 3
19476, 6967, 15089, 3
7204, 1779, 521, 3
11444, 8490, 2196, 3
12011, 10326, 3424, 3
6295, 7967, 14901, 3
14019, 12331, 2021, 3
2023, 18536, 8220, 3
16768, 3682, 7981, 3
8653, 12520, 9069, 3
5501, 6880, 15578, 3
11979, 17536, 8041, 3
3444, 3466, 2993, 3
10111, 1697, 10305, 3
6424, 12222, 12476, 3
5247, 18655, 6985, 3
11613, 6914, 9740, 3
17862, 10597, 13222, 3
67, 19166, 9354, 3
15365, 657, 18394, 3
12127, 15627, 17524, 3
7982, 4389, 19695, 3
10560, 384, 13415, 3
6970, 3387, 17300, 3
8045, 2572, 17726, 3
5840, 2097, 3015, 3
7414, 7768, 12877, 3
8403, 15191, 9184, 3
8454, 12841, 4247, 3
357, 4875, 7520, 3
2086, 13371, 17273, 3
3553, 14126, 10909, 3
11779, 8777, 2508, 3
3254, 2829, 4805, 3
12259, 4607, 17643, 3
3199, 11457, 7188, 3
18813, 18172, 14680, 3
17660, 5960, 19422, 3
11414, 14773, 6912, 3
7281, 3426, 3344, 3
665, 7993, 790, 3
3197, 8574, 12778, 3
7481, 10004, 17520, 3
17295, 14645, 18474, 3
10682, 7175, 13120, 3
2564, 1672, 19504, 3
10265, 13367, 10052, 3
16362, 2596, 4972, 3
7946, 4290, 8016, 3
2289, 15549, 18369, 3
11029, 17548, 16393, 3
9619, 9538, 12877, 3
3896, 5674, 11321, 3
17992, 5898, 12370, 3
15359, 3355, 12643, 3
13924, 9968, 19722, 3
13273, 19110, 10858, 3
14562, 8313, 7532, 3
16613, 18844, 3019, 3
2985, 14212, 5105, 3
19950, 5446, 15557, 3
7713, 13400, 6061, 3
13581, 519, 19074, 3
16185, 18374, 10591, 3
8864, 18562, 19836, 3
16953, 1310, 18461, 3
1996, 1255, 2266, 3
9634, 18275, 18682, 3
14989, 17170, 5729, 3
11553, 9635, 18545, 3
173, 15830, 13386, 3
5066, 4633, 5624, 3
6788, 14452, 19737, 3
9262, 13876, 3577, 3
7291, 2825, 19987, 3
2077, 17805, 16828, 3
3294, 10442, 19870, 3
5647, 1891, 14825, 3
10080, 14282, 19007, 3
8363, 13090, 16796, 3
1211, 9903, 3557, 3
3237, 15824, 2150, 3
12819, 7955, 11682, 3
3342, 5578, 2778, 3
3675, 9356, 10696, 3
3225, 12415, 8062, 3
19027, 10404, 4108, 3
3209, 8034, 5194, 3
4531, 14685, 13305, 3
7252, 4982, 2825, 3
8501, 17349, 9584, 3
11692, 8680, 12423, 3
16221, 12495, 17048, 3
7564, 2433, 11975, 3
13418, 8206, 1975, 3
2678, 9541, 14515, 3
18001, 3686, 4436, 3
2737, 14206, 16496, 3
4260, 8461, 2017, 3
15028, 8078, 16043, 3
19831, 18444, 13026, 3
9150, 7956, 17927, 3
4354, 12889, 18771, 3
10753, 19458, 18301, 3
10182, 16101, 13524, 3
4064, 3851, 17562, 3
3764, 18926, 10791, 3
6514, 4484, 12703, 3
16878, 12996, 4895, 3
9431, 8779, 4229, 3
13661, 8046, 19440, 3
9804, 16882, 1765, 3
9390, 9346, 8487, 3
19020, 1011, 9798, 3
5028, 17512, 12925, 3
11644, 13806, 14445, 3
7568, 284, 2155, 3
17089, 6562, 6550, 3
15743, 16267, 19959, 3
11347, 6880, 5585, 3
15060, 8627, 17408, 3
3498, 4827, 9296, 3
4498, 16405, 13873, 3
12506, 5188, 7469, 3
9095, 8544, 5891, 3
17371, 8444, 6099, 3
6735, 7561, 17663, 3
995, 10883, 8303, 3
18646, 938, 990, 3
7532, 2522, 7064, 3
2278, 14895, 9298, 3
18238, 18206, 12701, 3
13083, 4237, 11829, 3
2729, 7421, 9740, 3
8614, 5326, 18899, 3
9042, 14264, 15518, 3
1353, 5800, 1274, 3
16477, 16533, 10388, 3
19743, 7752, 3467, 3
15638, 7185, 14220, 3
7644, 2164, 3889, 3
14514, 8808, 14920, 3
2250, 10099, 15549, 3
14448, 11147, 12545, 3
5813, 19424, 529, 3
18629, 2192, 13909, 3
708, 2619, 16684, 3
1017, 9880, 19564, 3
13721, 15985, 6594, 3
16736, 16543, 3842, 3
16368, 2799, 13003, 3
4768, 14359, 8751, 3
15908, 15540, 11862, 3
7112, 9723, 19114, 3
15852, 7214, 2081, 3
9192, 8012, 3771, 3
6312, 5848, 11794, 3
17169, 14665, 18892, 3
4469, 15460, 1433, 3
11635, 17860, 3894, 3
10869, 16708, 11477, 3
13213, 9202, 19154, 3
2662, 7280, 8122, 3
5493, 2694, 4764, 3
16706, 4611, 13683, 3
12136, 151, 18102, 3
15215, 12596, 6266, 3
5967, 4092, 16697, 3
8105, 14327, 12712, 3
17236, 14306, 10569, 3
11757, 7635, 13600, 3
8277, 4453, 1835, 3
9981, 9372, 18763, 3
81, 12709, 2883, 3
6005, 609, 16190, 3
244, 8068, 3871, 3
18578, 19226, 6844, 3
15410, 16146, 11389, 3
5511, 10286, 15382, 3
16034, 4803, 12805, 3
9298, 10805, 1659, 3
15247, 17128, 12673, 3
7581, 5012, 3690, 3
12596, 10919, 18118, 3
212, 7372, 9253, 3
6055, 2130, 18693, 3
19752, 6801, 10427, 3
5646, 2253, 18698, 3
12625, 1993, 5079, 3
2950, 7811, 10856, 3
19098, 16466, 9415, 3
705, 16362, 2834, 3
15646, 19898, 2162, 3
5709, 16623, 11446, 3
17973, 10501, 4285, 3
7675, 14631, 18894, 3
19571, 13182, 2483, 3
8368, 9416, 13138, 3
6809, 6419, 2345, 3
6255, 12022, 11654, 3
7973, 16732, 15033, 3
7848, 13318, 18046, 3
9429, 13866, 11805, 3
11820, 5745, 16770, 3
1003, 4066, 3776, 3
17568, 7954, 8232, 3
9964, 15624, 3748, 3
6713, 12071, 9449, 3
5098, 10202, 17854, 3
440, 15958, 13867, 3
6287, 11450, 10307, 3
18254, 16835, 3451, 3
16314, 17014, 13409, 3
6866, 14361, 12289, 3
10360, 4705, 4588, 3
4327, 19727, 10039, 3
15025, 18482, 13191, 3
6283, 5667, 15008, 3
1199, 5144, 14030, 3
13198, 14778, 6094, 3
8456, 13739, 19996, 3
11068, 11532, 17677, 3
3441, 1540, 6799, 3
13676, 2054, 13374, 3
7995, 1080, 12201, 3
582, 214, 10417, 3
8327, 1828, 14424, 3
13666, 16610, 3194, 3
12093, 13098, 8956, 3
220, 14055, 6299, 3
9885, 11861, 14883, 3
13020, 11790, 1122, 3
18676, 10658, 335, 3
14367, 5825, 16484, 3
18284, 4391, 202, 3
14741, 4142, 6554, 3
10268, 19791, 10537, 3
12466, 18642, 4747, 3
1414, 14639, 11759, 3
3378, 17492, 11490, 3
1042, 19589, 10632, 3
19747, 10265, 16071, 3
12804, 16513, 7050, 3
12462, 18553, 15061, 3
11642, 15651, 3939, 3
19209, 19640, 13316, 3
5080, 11560, 14049, 3
6830, 3833, 9078, 3
18303, 9822, 10017, 3
17423, 5190, 12696, 3
9103, 4961, 7009, 3
10842, 18863, 9983, 3
19216, 16690, 10861, 3
11614, 13158, 9170, 3
3703, 11124, 8703, 3
10495, 16015, 8597, 3
10212, 2998, 4779, 3
17408, 19413, 11275, 3
16289, 17056, 8663, 3
4590, 2971, 4540, 3
6154, 2029, 14208, 3
19847, 12407, 6548, 3
17956, 14521, 10966, 3
7595, 6472, 6840, 3
3898, 16445, 1047, 3
13662, 2845, 15887, 3
921, 8358, 11678, 3
10867, 256, 16069, 3
19085, 13995, 4144, 3
12160, 5561, 2484, 3
5377, 2513, 19469, 3
6341, 9065, 4161, 3
12673, 6101, 5131, 3
5684, 19537, 9812, 3
18308, 13592, 15262, 3
4234, 8271, 9465, 3
4183, 18121, 8473, 3
2725, 16455, 10676, 3
12766, 14211, 7956, 3
2234, 2685, 1910, 3
7699, 214, 4355, 3
15208, 1807, 13845, 3
2046, 7746, 7318, 3
16230, 8161, 9216, 3
15925, 3043, 16766, 3
4713, 3654, 1195, 3
13316, 12035, 3852, 3
11351, 17939, 7755, 3
11312, 7734, 9649, 3
9600, 12764, 12560, 3
3762, 2236, 19961, 3
10309, 489, 4254, 3
7041, 7719, 17226, 3
6003, 11683, 13687, 3
15756, 18886, 9545, 3
19718, 14604, 441, 3
12102, 7008, 15998, 3
11886, 19653, 8353, 3
1753, 4262, 5425, 3
18844, 11490, 18533, 3
1454, 11470, 17782, 3
9561, 19612, 3574, 3
5545, 17628, 5775, 3
881, 3540, 17916, 3
19568, 2444, 16827, 3
4417, 17285, 5303, 3
10935, 19954, 6550, 3
12341, 17601, 8283, 3
6456, 18633, 10311, 3
2303, 9593, 8805, 3
7267, 11415, 18898, 3
17164, 12743, 10006, 3
7104, 18810, 19183, 3
18794, 16937, 9654, 3
17085, 13461, 7741, 3
9710, 1267, 18575, 3
4895, 5473, 13081, 3
8131, 17172, 38, 3
19647, 4625, 18719, 3
10199, 8561, 4660, 3
14571, 12072, 19100, 3
19085, 14379, 3776, 3
8799, 1068, 1898, 3
13742, 15571, 579, 3
14462, 623, 6707, 3
17359, 2258, 12164, 3
13465, 4891, 15033, 3
10133, 15720, 4831, 3
14089, 11848, 10639, 3
11759, 8174, 7587, 3
5874, 16469, 17709, 3
14232, 17264, 15029, 3
10110, 14754, 19186, 3
1341, 1248, 1
1077, 483, 1
427, 138, 1
422, 1021, 1
439, 331, 1
130, 289, 1
319, 1191, 1
1177, 286, 1
1000, 1291, 1
850, 1102, 1
998, 143, 1
930, 1285, 1
462, 191, 1
1052, 1164, 1
184, 1362, -1
326, 1246, -1
9, 370, -1
1199, 306, -1
127, 497, -1
50, 883, -1
33, 932, -1
876, 1232, -1
642, 432, -1
436, 72, -1
586, 76, -1
1436, 317, -1
1209, 1095, -1
869, 1351, -1
703, 27, -1
30, 1225, -1
1184, 1103, -1
896, 220, -1
189, 497, -1
833, 179, -1
340, 339, -1
1259, 33, -1
123, 373, -1
726, 328, -1
777, 1357, -1
43, 1091, -1
205, 412, -1
1254, 101, -1
1208, 520, -1
718, 113, -1
641, 267, -1
872, 636, -1
1074, 631, -1
594, 1190, -1
1394, 718, -1
1222, 863, -1
527, 1063, -1
16, 795, -1
840, 959, -1
1016, 758, -1
813, 1244, -1
1109, 1333, -1
1066, 112, -1
1400, 632, -1
1311, 578, -1
65, 56, -1
717, 45, -1
1270, 353, -1
792, 468, -1
978, 158, -1
238, 1350, -1
617, 416, -1
496, 22, -1
1157, 237, -1
1157, 61, -1
262, 1114, -1
1327, 1107, -1
786, 467, -1
375, 43, -1
651, 781, -1
1046, 1337, -1
1419, 489, -1
1125, 138, -1
767, 527, -1
550, 1209, -1
583, 115, -1
270, 605, -1
1422, 73, -1
251, 0, -1
1022, 74, -1
326, 709, -1
177, 897, -1
1109, 909, -1
881, 227, -1
305, 1058, -1
450, 848, -1
452, 1264, -1
807, 1396, -1
1165, 254, -1
589, 1096, -1
338, 552, -1
187, 393, -1
610, 853, -1
1414, 6, -1
281, 198, -1
1184, 452, -1
76, 277, -1
689, 670, -1
1306, 576, -1
1329, 1205, -1
446, 264, -1
687, 1251, -1
369, 76, -1
5, 1072, -1
207, 1303, -1
678, 1404, -1
76, 570, -1
550, 1183, -1
897, 1084, -1
931, 1435, -1
1327, 948, -1
1393, 1025, -1
512, 1164, -1
1129, 978, -1
1168, 908, -1
1249, 746, -1
1039, 97, -1
1145, 755, -1
1232, 867, -1
616, 966, -1
1248, 1166, -1
1062, 530, -1
971, 1418, -1
1219, 187, -1
313, 158, -1
655, 1176, -1
1203, 459, -1
1282, 952, -1
1129, 379, -1
274, 1118, -1
1075, 624, -1
1245, 287, -1
235, 681, -1
262, 207, -1
1256, 774, -1
774, 1324, -1
269, 961, -1
1316, 610, -1
165, 17, -1
1411, 38, -1
471, 1298, -1
753, 240, -1
774, 65, -1
1234, 1132, -1
220, 603, -1
1239, 1041, -1
691, 1238, -1
1198, 536, -1
958, 98, -1
1103, 1402, -1
1342, 757, -1
819, 1373, -1
509, 341, -1
493, 549, -1
822, 335, -1
451, 45, -1
1030, 1047, -1
639, 990, -1
1166, 1428, -1
31, 1280, -1
1164, 401, -1
13, 980, -1
597, 980, -1
808, 1299, -1
732, 1236, -1
1359, 1129, -1
77, 554, -1
296, 116, -1
116, 790, -1
206, 1372, -1
991, 471, -1
692, 419, -1
124, 38, -1
416, 426, -1
1009, 632, -1
57, 14, -1
1110, 30, -1
872, 797, -1
204, 218, -1
763, 1346, -1
1005, 1349, -1
138, 115, -1
396, 337, -1
1258, 1344, -1
1121, 653, -1
1256, 1238, -1
1071, 1061, -1
1074, 1305, -1
1161, 314, -1
1328, 551, -1
1077, 779, -1
124, 660, -1
714, 1229, -1
274, 1301, -1
1166, 1373, -1
134, 272, -1
401, 85, -1
415, 427, -1
299, 970, -1
1423, 1342, -1
911, 1066, -1
1296, 1312, -1
515, 1251, -1
1067, 663, -1
1111, 991, -1
728, 411, -1
593, 697, -1
117, 823, -1
6, 858, -1
983, 1021, -1
1229, 1084, -1
1043, 145, -1
1107, 1424, -1
1087, 107, -1
633, 147, -1
841, 892, -1
218, 680, -1
1333, 708, -1
286, 417, -1
292, 1249, -1
1431, 203, -1
570, 86, -1
568, 72, -1
938, 274, -1
214, 924, -1
849, 337, -1
881, 1287, -1
857, 644, -1
555, 871, -1
849, 348, -1
783, 895, -1
1414, 262, -1
44, 1070, -1
70, 1191, -1
1040, 1156, -1
594, 205, -1
1043, 1104, -1
1090, 1167, -1
108, 717, -1
1344, 199, -1
1060, 793, -1
377, 1168, -1
3, 1000, -1
158, 421, -1
12, 903, -1
848, 445, -1
297, 140, -1
738, 703, -1
674, 271, -1
280, 1179, -1
1074, 816, -1
804, 894, -1
275, 860, -1
556, 907, -1
827, 826, -1
877, 427, -1
958, 911, -1
158, 339, -1
553, 82, -1
773, 974, -1
830, 945, -1
1146, 939, -1
417, 537, -1
1121, 1068, -1
1315, 143, -1
498, 220, -1
948, 640, -1
220, 1307, -1
119, 742, -1
794, 627, -1
630, 603, -1
770, 191, -1
168, 361, -1
338, 1380, -1
1184, 366, -1
1065, 1020, -1
570, 958, -1
498, 983, -1
425, 274, -1
495, 1258, -1
901, 308, -1
231, 554, -1
386, 913, -1
543, 1368, -1
1217, 392, -1
1002, 242, -1
458, 399, -1
751, 915, -1
1321, 1357, -1
458, 517, -1
123, 394, -1
895, 346, -1
400, 21, -1
909, 947, -1
457, 1250, -1
404, 1308, -1
569, 790, -1
412, 1169, -1
142, 939, -1
699, 890, -1
1132, 974, -1
786, 344, -1
775, 631, -1
1096, 175, -1
37, 1182, -1
1338, 981, -1
129, 647, -1
1227, 1248, -1
1333, 1238, -1
855, 526, -1
403, 455, -1
312, 544, -1
674, 684, -1
690, 985, -1
535, 544, -1
312, 500, -1
1372, 687, -1
524, 593, -1
541, 18, -1
636, 562, -1
247, 1019, -1
1215, 1417, -1
657, 751, -1
935, 1015, -1
25, 879, -1
38, 487, -1
13, 832, -1
957, 342, -1
591, 339, -1
219, 25, -1
1132, 1357, -1
1061, 135, -1
807, 499, -1
658, 209, -1
482, 1200, -1
376, 211, -1
1021, 435, -1
703, 446, -1
692, 3, -1
475, 1146, -1
3, 1429, -1
512, 1208, -1
1037, 517, -1
1166, 765, -1
629, 921, -1
1094, 709, -1
1286, 625, -1
361, 78, -1
161, 1366, -1
1327, 1245, -1
764, 806, -1
55, 1200, -1
552, 610, -1
1017, 1137, -1
119, 1353, -1
1263, 884, -1
1088, 62, -1
114, 1401, -1
270, 352, -1
529, 1354, -1
343, 233, -1
510, 11, -1
1355, 1072, -1
511, 250, -1
646, 341, -1
934, 1362, -1
793, 876, -1
319, 373, -1
783, 984, -1
646, 1220, -1
32, 184, -1
944, 497, -1
9, 730, -1
1063, 1108, -1
584, 330, -1
725, 968, -1
1330, 53, -1
754, 660, -1
97, 1181, -1
529, 379, -1
506, 89, -1
538, 157, -1
932, 83, -1
403, 1338, -1
13, 415, -1
55, 206, -1
605, 470, -1
22, 343, -1
1277, 663, -1
75, 887, -1
1394, 164, -1
1357, 713, -1
1125, 1175, -1
24, 1222, -1
1153, 46, -1
162, 603, -1
787, 449, -1
413, 751, -1
758, 1199, -1
687, 654, -1
274, 1409, -1
1297, 1043, -1
1243, 599, -1
327, 291, -1
981, 167, -1
218, 1080, -1
539, 196, -1
131, 302, -1
1104, 223, -1
370, 1045, -1
329, 816, -1
674, 566, -1
351, 1064, -1
61, 95, -1
61, 992, -1
989, 1128, -1
278, 1065, -1
107, 242, -1
927, 958, -1
774, 514, -1
752, 1142, -1
1407, 709, -1
1380, 1220, -1
1065, 626, -1
675, 1057, -1
1370, 775, -1
1151, 436, -1
2, 97, -1
813, 152, -1
187, 1319, -1
1297, 222, -1
565, 647, -1
1221, 666, -1
463, 146, -1
675, 1368, -1
763, 638, -1
1263, 989, -1
379, 1146, -1
725, 1305, -1
1242, 81, -1
1239, 764, -1
1244, 599, -1
1042, 1134, -1
1099, 976, -1
828, 774, -1
344, 670, -1
1246, 682, -1
1103, 908, -1
445, 722, -1
852, 874, -1
456, 409, -1
1206, 1058, -1
60, 1194, -1
374, 821, -1
1210, 153, -1
806, 473, -1
46, 983, -1
133, 406, -1
563, 752, -1
596, 348, -1
142, 750, -1
893, 1173, -1
1381, 1372, -1
901, 909, -1
908, 1187, -1
331, 667, -1
1141, 854, -1
1416, 597, -1
1128, 462, -1
530, 244, -1
302, 1072, -1
1179, 705, -1
721, 520, -1
1404, 553, -1
539, 751, -1
32, 796, -1
993, 702, -1
916, 1277, -1
16, 1427, -1
160, 17, -1
1376, 1305, -1
38, 636, -1
771, 656, -1
432, 351, -1
1117, 1380, -1
1429, 1251, -1
384, 894, -1
1416, 943, -1
1306, 590, -1
703, 48, -1
632, 192, -1
815, 1341, -1
968, 511, -1
901, 532, -1
738, 332, -1
392, 831, -1
138, 415, -1
1315, 998, -1
1291, 3, -1
512, 1052, -1
1191, 373, -1
1341, 1166, -1
770, 462, -1
70, 319, -1
779, 483, -1
417, 1177, -1
138, 877, -1
115, 427, -1
1248, 815, -1
1128, 191, -1
435, 422, -1
1227, 1341, -1
401, 1052, -1
427, 1125, -1
422, 983, -1
667, 439, -1
401, 1164, -1
779, 1077, -1
417, 286, -1
1248, 1227, -1
427, 415, -1
1341, 815, -1
138, 1125, -1
1021, 983, -1
373, 319, -1
1191, 70, -1
435, 1021, -1
427, 877, -1

