8550, 5684, 18812, 3
16555, 4633, 10401, 3
6214, 13298, 11052, 3
8578, 13570, 19229, 3
19413, 11911, 14794, 3
14849, 4431, 2145, 3
15589, 16167, 8255, 3
10065, 13843, 11937, 3
3729, 13084, 17899, 3
1933, 2800, 10028, 3
14829, 8436, 16734, 3
16935, 7167, 7350, 3
18190, 17276, 18235, 3
6725, 15722, 306, 3
11681, 15830, 17224, 3
7913, 14254, 10266, 3
4326, 1823, 17189, 3
18792, 8180, 3594, 3
16395, 5900, 14053, 3
10870, 15811, 10537, 3
2483, 1374, 950, 3
6031, 12816, 7584, 3
13844, 8460, 2632, 3
6201, 3166, 17893, 3
867, 15493, 8764, 3
13545, 15916, 13386, 3
3378, 17523, 1458, 3
10782, 17279, 6366, 3
8150, 10030, 869, 3
5159, 1208, 8541, 3
13680, 19819, 18837, 3
9436, 19054, 17472, 3
15964, 5362, 9182, 3
19188, 10397, 12366, 3
11822, 2560, 2269, 3
14056, 3303, 18715, 3
6143, 10090, 12104, 3
185, 9535, 16130, 3
11958, 16441, 5409, 3
96, 17733, 8946, 3
18423, 6408, 11972, 3
11556, 6202, 5285, 3
8958, 12281, 4803, 3
8033, 17132, 18570, 3
17071, 17218, 2955, 3
10689, 11857, 5048, 3
13740, 4840, 1027, 3
12904, 19014, 9168, 3
3370, 12041, 16209, 3
7195, 8749, 13763, 3
125, 115, 1
51, 145, 1
103, 146, 1
6, 123, 1
125, 19, -1
149, 21, -1
0, 118, -1
144, 102, -1
128, 139, -1
131, 71, -1
12, 89, -1
40, 7, -1
96, 18, -1
9, 149, -1
112, 80, -1
77, 147, -1
29, 118, -1
54, 106, -1
137, 17, -1
89, 8, -1
138, 4, -1
42, 149, -1
42, 94, -1
100, 22, -1
138, 32, -1
111, 4, -1
75, 34, -1
95, 18, -1
12, 48, -1
101, 17, -1
64, 149, -1
84, 23, -1
87, 17, -1
148, 139, -1
132, 25, -1
81, 115, -1
132, 5, -1
100, 75, -1
46, 10, -1
92, 127, -1
72, 43, -1
62, 143, -1
90, 145, -1
149, 10, -1
98, 99, -1
95, 45, -1
9, 53, -1
82, 36, -1
76, 1, -1
17, 13, -1
90, 51, -1
115, 19, -1
81, 125, -1
19, 125, -1
145, 90, -1

