18, 17, 1
103, 81, 1
161, 142, 1
145, 136, 1
3, 55, 1
8, 50, 1
62, 78, 1
84, 117, 1
98, 64, 1
154, 157, 1
103, 128, 1
150, 151, 1
103, 83, 1
88, 112, 1
153, 150, 1
36, 10, 1
120, 68, 1
86, 68, 1
127, 77, 1
159, 166, 1
21, 57, 1
93, 111, 1
124, 105, 1
175, 156, 1
106, 113, 1
60, 81, 1
17, 56, 1
97, 94, 1
71, 86, 1
100, 68, 1
94, 85, 1
128, 81, 1
97, 85, 1
120, 100, 1
153, 151, 1
120, 86, 1
68, 71, 1
100, 86, 1
60, 103, 1
128, 83, 1
56, 18, 1
81, 83, 1
56, 17, 1
120, 71, 1
83, 103, 1
85, 94, 1
128, 103, 1
17, 18, 1
100, 71, 1
81, 103, 1
86, 71, 1
128, 60, 1
83, 60, 1
81, 60, 1
68, 86, 1
69, 55, -1
35, 177, -1
44, 176, -1
122, 41, -1
88, 156, -1
43, 63, -1
45, 141, -1
140, 69, -1
43, 151, -1
15, 128, -1
134, 126, -1
171, 104, -1
65, 5, -1
152, 50, -1
160, 35, -1
123, 149, -1
117, 56, -1
95, 58, -1
41, 120, -1
74, 7, -1
32, 123, -1
4, 77, -1
156, 25, -1
152, 99, -1
106, 51, -1
100, 24, -1
113, 144, -1
176, 2, -1
177, 121, -1
53, 139, -1
168, 86, -1
164, 50, -1
84, 169, -1
151, 9, -1
76, 168, -1
15, 141, -1
147, 117, -1
141, 54, -1
170, 95, -1
124, 133, -1
73, 171, -1
144, 103, -1
4, 148, -1
149, 109, -1
30, 158, -1
60, 165, -1
84, 38, -1
124, 21, -1
53, 114, -1
107, 25, -1
154, 59, -1
169, 111, -1
54, 143, -1
166, 62, -1
132, 7, -1
31, 151, -1
48, 166, -1
75, 130, -1
53, 124, -1
47, 159, -1
18, 140, -1
109, 22, -1
42, 94, -1
98, 146, -1
170, 107, -1
164, 38, -1
39, 82, -1
121, 45, -1
66, 37, -1
152, 8, -1
43, 150, -1
168, 71, -1
168, 68, -1
25, 175, -1
144, 83, -1
117, 38, -1
17, 140, -1
105, 21, -1
57, 124, -1
147, 84, -1
8, 164, -1
144, 128, -1
150, 31, -1
169, 93, -1
4, 127, -1
88, 175, -1
62, 159, -1
105, 133, -1
169, 117, -1
24, 68, -1
59, 157, -1
144, 106, -1
9, 150, -1
105, 53, -1
112, 156, -1
17, 117, -1
3, 69, -1
144, 81, -1
56, 84, -1
64, 146, -1
48, 159, -1
113, 51, -1
81, 165, -1
41, 68, -1
97, 42, -1
42, 85, -1
78, 166, -1
166, 47, -1
103, 15, -1
56, 117, -1
165, 103, -1
168, 120, -1
18, 84, -1
24, 100, -1
153, 31, -1
159, 47, -1
83, 15, -1
153, 43, -1
78, 159, -1
15, 60, -1
18, 117, -1
144, 113, -1
9, 151, -1
50, 164, -1
41, 100, -1
169, 84, -1
25, 156, -1
146, 98, -1
105, 57, -1
56, 140, -1
57, 105, -1
24, 120, -1
112, 175, -1
128, 165, -1
17, 84, -1
24, 71, -1
168, 100, -1
9, 153, -1
144, 60, -1
128, 15, -1
24, 86, -1
120, 41, -1
41, 71, -1
100, 41, -1
151, 31, -1
41, 86, -1
81, 15, -1
83, 165, -1
124, 53, -1
166, 78, -1
124, 57, -1
21, 105, -1
60, 15, -1
47, 166, -1
31, 150, -1
62, 166, -1

