121, 120, 1
90, 62, 1
114, 75, 1
140, 155, 1
0, 40, 1
11, 37, 1
102, 124, 1
139, 166, 1
172, 26, -1
49, 148, -1

113, 70, 1
130, 167, 1
111, 79, 1
0, 129, -1
62, 157, -1
15, 66, -1
104, 51, -1
8, 128, -1
56, 133, -1
39, 130, -1
167, 39, -1
130, 39, -1

169, 165, 1
168, 139, 1
26, 2, 1
147, 139, 1
88, 86, 1
168, 147, 1
57, 175, -1
152, 49, -1
99, 132, -1
36, 90, -1
92, 9, -1

66, 81, 1
55, 12, 1
49, 19, 1
2, 29, 1
95, 120, 1
77, 151, -1
134, 39, -1
78, 145, -1
172, 116, -1
57, 129, -1

166, 141, 1
111, 103, 1
127, 69, 1
173, 163, 1
86, 42, -1
140, 66, -1
49, 132, -1
82, 136, -1
80, 131, -1
164, 13, -1

24, 6, 1
156, 168, 1
23, 13, 1
110, 87, 1
79, 116, 1
173, 92, -1
125, 131, -1
128, 137, -1
122, 10, -1
119, 169, -1

175, 130, 1
94, 84, 1
32, 6, 1
112, 31, -1
176, 75, -1
65, 49, -1
57, 87, -1
34, 116, -1
126, 36, -1
36, 101, -1

5, 9, 1
87, 113, 1
152, 171, 1
93, 48, -1
7, 155, -1
68, 148, -1
53, 59, -1
128, 159, -1
5, 67, -1
127, 32, -1
9, 67, -1
67, 5, -1

23, 41, 1
95, 109, 1
3, 88, -1
67, 152, -1
73, 150, -1
12, 89, -1
14, 137, -1
70, 13, -1
144, 19, -1
78, 154, -1

58, 29, 1
76, 40, -1
2, 172, -1
31, 85, -1
94, 143, -1
95, 58, -1
23, 177, -1
14, 119, -1
35, 64, -1
15, 153, -1
29, 95, -1
58, 95, -1

