87, 124, 1
25, 44, 1
82, 102, 1
126, 169, -1
1, 129, -1
70, 158, -1
116, 16, -1
59, 132, -1
91, 52, -1
22, 165, -1

81, 101, 1
157, 12, -1
98, 139, -1
50, 114, -1
30, 97, -1
141, 13, -1
128, 141, -1
107, 157, -1
131, 10, -1
150, 13, -1

56, 24, 1
4, 46, 1
71, 121, 1
132, 158, 1
129, 119, 1
115, 156, -1
22, 166, -1
112, 6, -1
36, 166, -1
122, 15, -1

88, 85, 1
50, 15, 1
91, 76, 1
149, 25, -1
146, 46, -1
54, 137, -1
0, 144, -1
173, 111, -1
10, 66, -1
153, 129, -1

34, 18, 1
136, 151, 1
147, 144, 1
80, 26, -1
9, 122, -1
161, 72, -1
5, 133, -1
130, 89, -1
28, 123, -1
73, 1, -1

41, 2, 1
79, 107, 1
31, 30, 1
19, 102, -1
137, 77, -1
35, 122, -1
119, 172, -1
83, 171, -1
16, 76, -1
93, 14, -1

61, 108, 1
73, 69, 1
41, 13, 1
62, 99, 1
122, 91, 1
29, 117, -1
165, 124, -1
50, 75, -1
76, 170, -1
8, 141, -1

159, 146, 1
4, 22, 1
56, 38, 1
166, 153, 1
142, 79, -1
45, 70, -1
128, 158, -1
113, 19, -1
21, 77, -1
159, 51, -1
146, 51, -1
51, 159, -1

143, 144, 1
175, 153, 1
90, 91, 1
14, 177, -1
160, 92, -1
126, 52, -1
33, 112, -1
37, 161, -1
169, 21, -1
52, 103, -1

25, 12, 1
28, 37, 1
131, 108, -1
17, 148, -1
59, 16, -1
166, 94, -1
169, 57, -1
102, 146, -1
14, 79, -1
66, 43, -1

