16, 36, 1
69, 89, 1
150, 142, 1
86, 84, 1
92, 120, 1
54, 14, 1
67, 72, 1
149, 136, 1
172, 158, 1
104, 119, 1
21, 16, 1
173, 151, 1
83, 90, 1
9, 16, 1
10, 55, 1
116, 99, 1
114, 83, 1
107, 89, 1
47, 16, 1
102, 92, 1
79, 65, 1
108, 93, 1
150, 164, 1
82, 126, 1
130, 146, 1
9, 6, 1
73, 128, 1
59, 107, 1
131, 172, 1
39, 49, 1
157, 139, 1
89, 59, 1
142, 164, 1
107, 69, 1
9, 47, 1
16, 6, 1
131, 158, 1
120, 102, 1
9, 21, 1
21, 47, 1
114, 90, 1
36, 47, 1
9, 36, 1
36, 21, 1
6, 47, 1
89, 107, 1
107, 59, 1
16, 9, 1
21, 6, 1
92, 102, 1
36, 6, 1
16, 47, 1
89, 69, 1
16, 21, 1
120, 92, 1
59, 69, 1
164, 150, 1
142, 150, 1
164, 142, 1
102, 170, -1
158, 12, -1
8, 134, -1
73, 51, -1
134, 105, -1
20, 102, -1
0, 68, -1
103, 49, -1
174, 103, -1
47, 163, -1
59, 41, -1
108, 9, -1
136, 99, -1
167, 0, -1
156, 123, -1
39, 154, -1
158, 92, -1
145, 23, -1
83, 42, -1
111, 139, -1
72, 23, -1
122, 143, -1
49, 75, -1
92, 2, -1
102, 158, -1
103, 42, -1
77, 18, -1
45, 151, -1
163, 50, -1
43, 62, -1
47, 91, -1
154, 119, -1
97, 50, -1
142, 3, -1
100, 0, -1
124, 135, -1
163, 55, -1
118, 151, -1
106, 173, -1
158, 71, -1
147, 51, -1
80, 29, -1
73, 148, -1
140, 15, -1
107, 163, -1
113, 147, -1
24, 139, -1
159, 128, -1
2, 174, -1
90, 155, -1
158, 126, -1
120, 7, -1
17, 74, -1
142, 14, -1
155, 93, -1
132, 64, -1
156, 57, -1
54, 134, -1
57, 169, -1
114, 138, -1
142, 34, -1
14, 167, -1
88, 45, -1
83, 169, -1
97, 161, -1
84, 134, -1
8, 151, -1
86, 131, -1
148, 27, -1
157, 111, -1
75, 39, -1
150, 14, -1
126, 172, -1
128, 148, -1
49, 154, -1
104, 154, -1
106, 151, -1
16, 163, -1
172, 102, -1
39, 103, -1
16, 108, -1
34, 150, -1
3, 150, -1
83, 155, -1
42, 90, -1
9, 93, -1
173, 45, -1
172, 71, -1
169, 90, -1
172, 86, -1
8, 173, -1
42, 114, -1
134, 14, -1
170, 92, -1
2, 102, -1
24, 157, -1
172, 92, -1
173, 118, -1
20, 92, -1
73, 159, -1
120, 158, -1
169, 114, -1
54, 167, -1
59, 163, -1
131, 84, -1
172, 12, -1
120, 2, -1
107, 41, -1
86, 134, -1
10, 163, -1
16, 91, -1
92, 7, -1
54, 142, -1
82, 158, -1
67, 23, -1
108, 6, -1
83, 138, -1
128, 51, -1
136, 116, -1
89, 163, -1
155, 108, -1
99, 149, -1
108, 36, -1
131, 92, -1
93, 47, -1
154, 39, -1
172, 84, -1
16, 93, -1
114, 155, -1
102, 7, -1
54, 150, -1
170, 102, -1
82, 172, -1
163, 69, -1
131, 12, -1
139, 111, -1
92, 158, -1
116, 149, -1
9, 91, -1
9, 163, -1
120, 131, -1
108, 47, -1
163, 47, -1
9, 108, -1
91, 6, -1
93, 6, -1
134, 84, -1
126, 131, -1
164, 54, -1
91, 21, -1
128, 159, -1
41, 69, -1
12, 158, -1
164, 14, -1
42, 83, -1
120, 170, -1
34, 164, -1
91, 36, -1
138, 90, -1
3, 164, -1
158, 102, -1
126, 158, -1
82, 131, -1
90, 138, -1
169, 83, -1
2, 92, -1
131, 102, -1
36, 93, -1
120, 20, -1
138, 114, -1
41, 59, -1
34, 142, -1
84, 158, -1
163, 6, -1
49, 103, -1
21, 93, -1
158, 86, -1
131, 126, -1
108, 21, -1
131, 71, -1
150, 54, -1
120, 172, -1
163, 21, -1
89, 41, -1
69, 163, -1
131, 86, -1
163, 36, -1
155, 114, -1
91, 47, -1
158, 84, -1
86, 172, -1
172, 126, -1
93, 21, -1
54, 164, -1
41, 107, -1
3, 142, -1
93, 36, -1
86, 158, -1
142, 54, -1
138, 83, -1
69, 41, -1
102, 131, -1
102, 172, -1
150, 3, -1
21, 108, -1

