15, 25, 1
97, 81, 1
157, 156, 1
153, 174, 1
111, 128, 1
154, 18, -1
13, 135, -1
168, 0, -1
162, 120, -1
168, 94, -1

133, 168, 1
132, 142, 1
118, 115, 1
45, 28, 1
89, 45, -1
99, 149, -1
105, 28, -1
101, 40, -1
147, 59, -1
58, 166, -1
89, 28, -1
105, 45, -1

44, 50, 1
1, 53, 1
50, 19, 1
71, 96, 1
19, 44, 1
50, 44, 1
101, 8, -1
145, 57, -1
30, 161, -1
42, 150, -1
158, 21, -1
48, 136, -1

3, 6, 1
154, 159, 1
17, 22, 1
147, 85, -1
67, 56, -1
83, 5, -1
67, 135, -1
90, 175, -1
83, 162, -1
53, 92, -1

48, 38, 1
22, 6, 1
171, 166, 1
39, 81, -1
10, 79, -1
171, 122, -1
150, 8, -1
110, 4, -1
50, 139, -1
92, 18, -1
122, 166, -1
122, 171, -1

170, 130, 1
32, 40, 1
67, 63, 1
157, 59, -1
12, 166, -1
50, 140, -1
2, 74, -1
12, 135, -1
53, 158, -1
131, 86, -1

86, 104, 1
42, 33, 1
102, 60, 1
166, 118, -1
101, 16, -1
118, 51, -1
78, 130, -1
139, 65, -1
147, 82, -1
118, 37, -1

56, 23, 1
103, 90, 1
118, 86, 1
38, 42, 1
137, 27, -1
52, 129, -1
107, 50, -1
72, 26, -1
164, 90, -1
115, 149, -1
164, 103, -1
90, 164, -1

53, 35, 1
175, 166, 1
116, 94, 1
162, 84, -1
131, 77, -1
16, 140, -1
15, 137, -1
61, 24, -1
62, 14, -1
96, 7, -1

22, 17, 1
171, 131, 1
170, 99, -1
107, 162, -1
143, 15, -1
5, 88, -1
25, 175, -1
128, 167, -1
156, 55, -1
126, 18, -1

