853, 433, 1
506, 586, 1
49, 971, 1
595, 175, 1
42, 368, 1
248, 971, -1
203, 885, -1
308, 511, -1
5, 459, -1
622, 599, -1
248, 49, -1

681, 137, 1
660, 968, 1
351, 695, 1
438, 250, 1
524, 258, 1
346, 24, -1
38, 797, -1
896, 937, -1
17, 758, -1
74, 83, -1

906, 415, 1
971, 751, 1
775, 602, 1
16, 847, 1
361, 149, 1
213, 363, -1
815, 504, -1
399, 920, -1
51, 777, -1
59, 840, -1

590, 924, 1
152, 322, 1
253, 299, 1
546, 991, 1
511, 99, 1
281, 805, 1
99, 511, 1
484, 17, -1
209, 239, -1
934, 511, -1
855, 195, -1
99, 934, -1

659, 768, 1
834, 1, 1
304, 950, 1
1002, 582, 1
43, 215, 1
693, 6, -1
993, 431, -1
994, 119, -1
1011, 584, -1
95, 912, -1

2, 328, 1
597, 121, 1
372, 738, 1
711, 221, 1
592, 914, 1
270, 430, 1
838, 459, -1
404, 657, -1
851, 980, -1
938, 290, -1

699, 411, 1
992, 11, 1
334, 771, 1
882, 494, 1
893, 275, 1
208, 864, 1
133, 837, 1
594, 645, -1
600, 507, -1
327, 714, -1

309, 67, 1
140, 68, 1
580, 744, 1
65, 890, -1
856, 667, -1
352, 447, -1
713, 748, -1
683, 806, -1
425, 1, -1
677, 486, -1

307, 398, 1
763, 349, 1
773, 661, 1
223, 379, 1
847, 233, 1
340, 931, 1
1009, 908, 1
894, 91, -1
100, 743, -1
35, 198, -1

221, 545, 1
31, 971, 1
281, 151, 1
298, 164, 1
545, 221, 1
545, 408, -1
36, 881, -1
94, 223, -1
615, 316, -1
977, 773, -1
74, 889, -1
408, 221, -1
408, 545, -1

