601, 191, 1
770, 710, 1
264, 888, 1
157, 1013, 1
563, 815, 1
650, 266, 1
368, 634, 1
602, 563, -1
537, 46, -1
670, 636, -1
602, 815, -1

767, 361, 1
916, 94, 1
935, 378, 1
729, 293, 1
591, 29, 1
552, 502, 1
381, 980, 1
378, 935, 1
418, 397, -1
239, 456, -1
378, 737, -1
737, 935, -1
737, 378, -1

692, 474, 1
288, 602, 1
771, 122, 1
826, 514, 1
824, 207, 1
512, 844, 1
81, 648, -1
215, 780, -1
894, 251, -1
194, 423, -1

481, 221, 1
238, 712, 1
311, 531, 1
608, 288, 1
749, 863, -1
411, 211, -1
351, 352, -1
1011, 310, -1
959, 936, -1
362, 727, -1

987, 101, 1
939, 143, 1
22, 33, 1
434, 212, 1
930, 82, 1
124, 934, 1
88, 584, 1
208, 405, -1
239, 326, -1
730, 671, -1

25, 545, 1
892, 270, 1
468, 326, 1
683, 670, 1
813, 668, 1
6, 203, 1
749, 77, 1
182, 221, -1
134, 539, -1
780, 149, -1

957, 897, 1
467, 695, 1
78, 863, 1
46, 150, 1
450, 751, -1
967, 808, -1
818, 784, -1
70, 763, -1
282, 841, -1
929, 985, -1

620, 856, 1
506, 412, 1
31, 670, 1
378, 608, 1
456, 958, 1
150, 700, 1
535, 4, -1
604, 499, -1
587, 5, -1
500, 872, -1

393, 739, 1
151, 567, 1
498, 771, 1
564, 514, 1
382, 523, 1
742, 559, -1
689, 290, -1
275, 676, -1
641, 638, -1
985, 34, -1

924, 494, 1
867, 1006, 1
914, 386, 1
246, 717, -1
56, 583, -1
71, 326, -1
445, 387, -1
857, 607, -1
615, 422, -1
616, 247, -1

