245, 331, 1
641, 339, 1
406, 644, 1
1003, 875, 1
630, 326, 1
5, 808, 1
326, 630, 1
885, 158, -1
622, 291, -1
841, 646, -1
630, 285, -1
326, 285, -1
285, 630, -1
285, 326, -1

1003, 907, 1
523, 462, 1
113, 435, 1
771, 638, 1
400, 343, 1
995, 79, -1
377, 794, -1
246, 445, -1
650, 941, -1
111, 832, -1

992, 10, 1
214, 72, 1
818, 854, 1
414, 270, 1
359, 751, 1
825, 570, -1
843, 656, -1
1004, 724, -1
88, 63, -1
143, 370, -1

756, 302, 1
577, 451, 1
722, 636, 1
32, 205, 1
225, 297, 1
238, 882, 1
318, 371, -1
638, 31, -1
125, 304, -1
160, 573, -1

708, 383, 1
431, 843, 1
831, 551, 1
212, 572, 1
663, 427, 1
340, 546, 1
182, 906, -1
883, 524, -1
725, 466, -1
617, 706, -1

476, 653, 1
359, 13, 1
162, 688, 1
477, 1009, 1
767, 3, -1
84, 875, -1
822, 845, -1
298, 913, -1
661, 261, -1
656, 909, -1

154, 604, 1
407, 225, 1
285, 199, 1
614, 915, -1
682, 191, -1
222, 468, -1
628, 1010, -1
880, 663, -1
787, 104, -1
878, 810, -1

123, 625, 1
735, 107, 1
549, 473, 1
788, 749, 1
790, 102, -1
25, 636, -1
568, 402, -1
349, 726, -1
995, 513, -1
220, 366, -1

212, 90, 1
160, 686, 1
32, 775, 1
154, 318, 1
902, 863, 1
594, 354, 1
978, 476, -1
291, 590, -1
667, 716, -1
543, 208, -1

756, 516, 1
511, 371, 1
253, 395, 1
384, 816, 1
231, 283, 1
92, 852, 1
516, 756, 1
682, 421, -1
839, 756, -1
471, 558, -1
797, 256, -1
516, 839, -1
756, 839, -1

