767, 365, 1
792, 703, 1
959, 143, 1
288, 113, -1
976, 798, -1
419, 456, -1
835, 92, -1
308, 179, -1
786, 856, -1
992, 674, -1

281, 559, 1
264, 779, 1
880, 244, 1
413, 35, 1
827, 421, 1
965, 830, -1
207, 185, -1
172, 629, -1
127, 452, -1
715, 458, -1

243, 875, 1
854, 586, 1
346, 364, 1
586, 652, 1
389, 648, 1
652, 854, 1
586, 854, 1
634, 649, -1
533, 884, -1
7, 767, -1
386, 889, -1
949, 746, -1

374, 354, 1
975, 342, 1
476, 770, 1
884, 816, 1
175, 305, 1
447, 589, 1
215, 857, -1
899, 209, -1
527, 181, -1
167, 657, -1

578, 314, 1
378, 82, 1
203, 391, 1
292, 388, 1
784, 47, 1
653, 886, 1
187, 223, 1
953, 900, -1
691, 436, -1
377, 602, -1

38, 774, 1
836, 494, 1
442, 865, 1
234, 924, 1
825, 465, 1
616, 48, 1
727, 751, 1
211, 849, -1
754, 55, -1
844, 319, -1

267, 121, 1
618, 332, 1
881, 365, 1
506, 150, 1
857, 801, -1
595, 758, -1
964, 1009, -1
913, 162, -1
694, 67, -1
144, 540, -1

68, 758, 1
662, 720, 1
135, 701, 1
499, 495, 1
950, 123, -1
275, 490, -1
304, 719, -1
760, 876, -1
516, 405, -1
999, 311, -1

421, 83, 1
501, 617, 1
143, 443, 1
133, 39, 1
761, 846, -1
810, 181, -1
324, 947, -1
970, 503, -1
287, 558, -1
965, 884, -1

17, 867, 1
521, 102, 1
29, 267, 1
40, 410, 1
8, 250, 1
131, 640, -1
513, 480, -1
712, 563, -1
613, 162, -1
643, 746, -1

