364, 418, 1
877, 795, 1
85, 451, 1
656, 903, 1
658, 312, 1
430, 546, 1
774, 337, -1
346, 1015, -1
872, 754, -1
59, 292, -1

447, 631, 1
612, 462, 1
509, 453, 1
875, 467, 1
312, 606, 1
575, 451, 1
419, 938, 1
118, 273, -1
947, 110, -1
280, 599, -1

1011, 557, 1
967, 788, 1
704, 586, 1
885, 563, 1
957, 849, 1
526, 310, 1
222, 133, 1
137, 838, -1
216, 278, -1
449, 381, -1

792, 565, 1
386, 144, 1
744, 933, 1
270, 712, 1
559, 350, -1
794, 79, -1
1013, 60, -1
863, 723, -1
981, 604, -1
364, 485, -1

422, 262, 1
289, 435, 1
244, 704, 1
632, 252, 1
273, 763, 1
877, 938, 1
628, 804, 1
882, 413, -1
823, 590, -1
319, 528, -1

691, 987, 1
91, 727, 1
775, 771, 1
411, 689, 1
748, 972, 1
738, 834, 1
106, 547, -1
1015, 654, -1
20, 882, -1
815, 262, -1

412, 480, 1
792, 639, 1
536, 559, 1
398, 955, 1
873, 623, 1
638, 500, 1
834, 645, -1
199, 720, -1
80, 937, -1
96, 175, -1

842, 596, 1
113, 1013, 1
369, 363, 1
643, 151, 1
479, 917, 1
301, 1013, 1
301, 113, 1
1013, 301, 1
113, 301, 1
662, 347, -1
730, 573, -1
86, 343, -1
526, 447, -1

820, 732, 1
750, 574, 1
763, 197, 1
499, 621, 1
137, 521, -1
996, 220, -1
428, 233, -1
526, 707, -1
9, 485, -1
771, 645, -1

920, 248, 1
727, 539, 1
204, 890, 1
665, 639, 1
415, 790, 1
673, 596, -1
623, 700, -1
50, 219, -1
313, 492, -1
901, 861, -1

