490, 545, 1
394, 91, 1
764, 62, -1
154, 440, -1
21, 498, -1
38, 430, -1
320, 596, -1
308, 675, -1
3, 649, -1
720, 354, -1

87, 110, 1
453, 523, 1
52, 157, 1
262, 430, -1
689, 157, -1
171, 511, -1
120, 772, -1
77, 771, -1
327, 787, -1
747, 9, -1
52, 689, -1
689, 52, -1

381, 339, 1
292, 170, 1
433, 785, 1
787, 542, 1
740, 53, -1
492, 213, -1
189, 427, -1
71, 771, -1
645, 101, -1
732, 23, -1

385, 328, 1
590, 429, 1
101, 282, 1
22, 396, 1
395, 347, 1
61, 206, 1
288, 653, -1
383, 724, -1
542, 275, -1
134, 771, -1

228, 104, 1
467, 562, 1
80, 235, 1
132, 368, 1
43, 723, -1
402, 72, -1
578, 197, -1
384, 487, -1
251, 699, -1
108, 459, -1

64, 205, 1
735, 460, 1
270, 155, 1
521, 406, 1
637, 677, 1
459, 309, -1
743, 231, -1
74, 576, -1
291, 503, -1
538, 43, -1

547, 796, 1
580, 489, 1
670, 438, 1
754, 762, 1
205, 252, 1
340, 404, -1
251, 784, -1
297, 775, -1
508, 386, -1
24, 514, -1

777, 488, 1
18, 256, 1
161, 315, 1
81, 91, 1
333, 73, 1
583, 71, -1
404, 257, -1
331, 617, -1
354, 631, -1
29, 665, -1

421, 585, 1
188, 86, 1
233, 460, -1
480, 206, -1
788, 344, -1
320, 717, -1
618, 58, -1
769, 339, -1
100, 689, -1
191, 525, -1

383, 251, 1
373, 16, 1
353, 211, 1
192, 355, 1
463, 353, -1
790, 323, -1
333, 470, -1
103, 510, -1
715, 8, -1
701, 28, -1
211, 463, -1
353, 463, -1

