338, 113, 1
747, 482, 1
430, 689, 1
408, 637, 1
120, 15, 1
520, 493, 1
101, 708, -1
723, 302, -1
332, 769, -1
663, 189, -1

316, 392, 1
520, 636, 1
731, 523, 1
417, 592, 1
591, 619, 1
126, 395, 1
90, 721, -1
372, 520, -1
144, 736, -1
218, 477, -1
636, 372, -1

678, 560, 1
114, 147, 1
590, 501, 1
63, 336, 1
222, 487, -1
196, 528, -1
457, 127, -1
115, 588, -1
219, 573, -1
421, 21, -1

633, 725, 1
491, 757, 1
299, 378, 1
673, 633, 1
640, 748, 1
183, 26, 1
673, 725, 1
399, 436, -1
686, 169, -1
478, 228, -1
300, 533, -1

710, 637, 1
685, 536, 1
367, 387, 1
181, 341, 1
537, 538, 1
573, 660, 1
639, 441, 1
468, 260, -1
692, 157, -1
580, 29, -1

367, 366, 1
131, 380, 1
200, 337, 1
75, 219, 1
384, 209, 1
393, 360, 1
620, 110, -1
656, 378, -1
268, 730, -1
388, 442, -1

530, 788, 1
406, 672, 1
209, 288, 1
526, 616, 1
667, 724, 1
220, 607, -1
679, 354, -1
483, 64, -1
69, 512, -1
262, 670, -1

13, 124, 1
206, 68, 1
486, 591, 1
118, 265, 1
453, 307, -1
414, 153, -1
593, 201, -1
369, 678, -1
48, 557, -1
353, 674, -1

415, 724, 1
555, 630, 1
360, 57, 1
777, 594, 1
775, 543, 1
78, 1, 1
262, 359, 1
627, 59, -1
632, 301, -1
359, 683, -1
683, 262, -1
683, 359, -1

666, 678, 1
154, 269, 1
507, 516, 1
308, 58, 1
138, 319, 1
542, 290, -1
566, 103, -1
207, 491, -1
432, 273, -1
173, 488, -1

