314, 55, 1
283, 265, 1
17, 92, 1
1, 170, 1
313, 242, 1
541, 346, -1
65, 451, -1
589, 139, -1
328, 731, -1
521, 181, -1

323, 332, 1
308, 34, 1
686, 664, 1
384, 250, 1
388, 128, 1
580, 499, 1
36, 769, -1
82, 509, -1
35, 576, -1
22, 612, -1

641, 562, 1
791, 538, 1
331, 284, 1
215, 282, 1
282, 215, 1
596, 111, -1
156, 543, -1
260, 411, -1
354, 604, -1
138, 571, -1
490, 282, -1
490, 215, -1

15, 64, 1
482, 596, 1
676, 438, 1
612, 210, -1
124, 791, -1
614, 99, -1
764, 357, -1
235, 652, -1
676, 299, -1
752, 57, -1
299, 438, -1
299, 676, -1

136, 99, 1
545, 791, 1
542, 678, 1
737, 793, 1
450, 725, 1
153, 385, 1
722, 212, -1
151, 445, -1
730, 134, -1
638, 165, -1

407, 595, 1
314, 17, 1
330, 112, 1
517, 697, 1
481, 405, 1
223, 6, 1
342, 766, -1
134, 547, -1
414, 73, -1
599, 103, -1

500, 634, 1
164, 221, 1
487, 518, 1
386, 100, 1
645, 762, 1
258, 349, 1
609, 742, 1
608, 356, -1
198, 640, -1
441, 156, -1

30, 79, 1
638, 424, 1
389, 265, 1
89, 309, 1
365, 120, 1
329, 32, 1
202, 292, 1
32, 99, 1
329, 99, 1
32, 329, 1
471, 396, -1
690, 328, -1

574, 568, 1
215, 173, 1
51, 253, 1
698, 681, 1
638, 564, 1
488, 349, -1
42, 452, -1
41, 439, -1
57, 508, -1
34, 646, -1

355, 350, 1
368, 2, 1
338, 375, 1
219, 391, 1
197, 89, 1
571, 742, 1
296, 415, -1
216, 520, -1
760, 49, -1
538, 199, -1

