194, 119, 1
321, 209, 1
382, 79, 1
705, 792, 1
307, 53, 1
788, 456, 1
285, 18, 1
141, 491, -1
343, 515, -1
631, 140, -1

8, 332, 1
675, 772, 1
366, 361, 1
564, 452, 1
587, 662, 1
721, 239, -1
305, 523, -1
792, 118, -1
374, 793, -1
747, 247, -1

675, 787, 1
242, 235, 1
97, 358, 1
385, 251, 1
297, 392, 1
262, 87, 1
637, 663, 1
459, 518, 1
760, 192, -1
689, 374, -1

726, 494, 1
647, 636, 1
537, 404, 1
28, 463, -1
109, 433, -1
761, 180, -1
163, 535, -1
517, 383, -1
740, 60, -1
291, 757, -1

312, 399, 1
615, 652, 1
787, 419, 1
344, 137, 1
723, 570, 1
728, 390, -1
252, 519, -1
2, 418, -1
541, 65, -1
314, 480, -1

477, 647, 1
312, 59, 1
435, 736, 1
661, 723, 1
376, 97, 1
580, 621, 1
378, 368, 1
101, 512, -1
195, 488, -1
726, 265, -1

693, 650, 1
790, 629, 1
794, 650, 1
343, 394, 1
106, 198, 1
794, 693, 1
650, 693, 1
650, 794, 1
744, 168, -1
173, 518, -1
184, 446, -1
698, 252, -1
157, 761, -1

3, 107, 1
352, 200, 1
381, 131, 1
690, 608, 1
87, 101, 1
714, 547, 1
686, 569, 1
128, 114, 1
431, 35, -1
646, 224, -1

612, 539, 1
480, 745, 1
583, 539, 1
717, 658, 1
790, 519, 1
612, 583, 1
539, 583, 1
539, 612, 1
37, 794, -1
84, 570, -1
91, 791, -1
163, 789, -1
529, 211, -1

98, 146, 1
278, 322, 1
702, 550, 1
289, 158, 1
445, 453, 1
414, 548, 1
700, 630, 1
219, 772, -1
647, 299, -1
115, 656, -1

