196, 286, 1
521, 644, 1
271, 265, 1
111, 393, 1
580, 360, -1
626, 247, -1
637, 269, -1
729, 169, -1
190, 400, -1
500, 182, -1

105, 192, 1
617, 515, 1
728, 788, 1
610, 735, 1
444, 296, -1
554, 160, -1
281, 537, -1
219, 738, -1
323, 661, -1
232, 681, -1

596, 497, 1
576, 570, 1
215, 23, 1
47, 59, 1
719, 598, 1
270, 85, 1
233, 324, 1
771, 310, -1
602, 50, -1
411, 110, -1

542, 608, 1
660, 472, 1
226, 284, 1
781, 621, 1
797, 494, 1
456, 454, 1
179, 456, -1
230, 441, -1
88, 512, -1
297, 466, -1
179, 454, -1
456, 179, -1

260, 173, 1
202, 201, 1
554, 680, 1
268, 330, 1
111, 205, 1
90, 282, 1
210, 130, 1
619, 491, 1
491, 285, -1
345, 417, -1
285, 619, -1
619, 285, -1

781, 460, 1
44, 142, 1
120, 36, 1
732, 647, 1
667, 492, 1
736, 42, -1
215, 735, -1
725, 24, -1
436, 155, -1
399, 522, -1

649, 532, 1
613, 606, 1
114, 81, 1
268, 131, 1
727, 734, 1
514, 70, -1
557, 91, -1
137, 659, -1
76, 748, -1
577, 319, -1

500, 472, 1
475, 584, 1
265, 202, 1
33, 100, 1
101, 73, 1
9, 658, -1
386, 795, -1
229, 551, -1
42, 521, -1
771, 111, -1

757, 663, 1
620, 499, 1
246, 394, 1
204, 484, -1
798, 13, -1
86, 729, -1
624, 57, -1
37, 761, -1
195, 797, -1
708, 91, -1

781, 761, 1
603, 485, 1
251, 202, 1
101, 150, 1
517, 605, 1
118, 736, -1
320, 444, -1
602, 60, -1
637, 56, -1
595, 323, -1

