44, 203, 1
245, 154, 1
748, 463, 1
536, 459, 1
418, 722, 1
384, 230, 1
426, 677, 1
57, 279, 1
315, 789, -1
524, 232, -1

468, 518, 1
472, 430, 1
5, 91, 1
50, 365, 1
599, 157, -1
693, 132, -1
757, 27, -1
479, 222, -1
753, 344, -1
703, 124, -1

586, 698, 1
682, 786, 1
634, 480, 1
318, 374, 1
293, 346, 1
640, 579, 1
523, 213, -1
443, 372, -1
713, 290, -1
441, 381, -1

719, 587, 1
131, 200, 1
427, 608, 1
199, 200, 1
681, 675, 1
145, 375, 1
131, 199, 1
200, 131, 1
200, 199, 1
751, 294, -1
686, 229, -1
153, 727, -1
6, 561, -1

119, 328, 1
62, 109, 1
535, 676, 1
769, 612, 1
39, 79, 1
543, 220, -1
613, 13, -1
578, 175, -1
170, 756, -1
562, 127, -1

680, 708, 1
310, 389, 1
260, 132, 1
359, 308, 1
74, 276, 1
436, 409, 1
135, 683, -1
290, 751, -1
633, 179, -1
288, 599, -1

101, 31, 1
429, 534, 1
441, 596, 1
180, 73, 1
576, 604, 1
140, 677, -1
700, 37, -1
402, 326, -1
544, 397, -1
166, 781, -1

514, 786, 1
758, 689, 1
387, 392, 1
272, 15, 1
409, 674, 1
145, 385, 1
535, 741, 1
347, 793, -1
493, 200, -1
76, 562, -1

617, 562, 1
64, 168, 1
561, 742, 1
762, 642, 1
178, 384, 1
721, 786, 1
715, 340, -1
266, 701, -1
541, 246, -1
240, 694, -1

470, 404, 1
478, 460, 1
564, 784, 1
758, 633, 1
679, 726, 1
726, 679, 1
641, 382, -1
79, 679, -1
79, 726, -1
434, 306, -1
720, 324, -1
24, 493, -1
679, 79, -1
726, 79, -1

