356, 375, 1
145, 60, 1
147, 294, 1
205, 660, -1
174, 732, -1
125, 425, -1
759, 131, -1
626, 180, -1
514, 360, -1
285, 678, -1

765, 675, 1
675, 477, 1
697, 434, 1
232, 343, 1
737, 693, 1
765, 477, 1
477, 675, 1
675, 765, 1
477, 765, 1
299, 636, -1
219, 700, -1
761, 296, -1
374, 694, -1
241, 482, -1

150, 21, 1
705, 549, 1
274, 593, -1
222, 768, -1
341, 617, -1
512, 313, -1
487, 78, -1
193, 564, -1
217, 414, -1
307, 550, -1

173, 191, 1
397, 311, 1
581, 576, 1
666, 437, 1
217, 498, -1
725, 7, -1
25, 569, -1
624, 202, -1
286, 522, -1
575, 147, -1

454, 548, 1
563, 787, 1
748, 789, 1
653, 443, 1
770, 584, 1
17, 150, 1
445, 654, 1
308, 534, -1
297, 771, -1
528, 265, -1

270, 260, 1
411, 772, 1
318, 46, 1
552, 658, 1
522, 255, -1
514, 122, -1
152, 436, -1
55, 529, -1
97, 668, -1
31, 645, -1

322, 126, 1
245, 22, 1
550, 703, 1
341, 315, 1
602, 55, -1
629, 92, -1
468, 365, -1
337, 435, -1
759, 244, -1
434, 133, -1

477, 693, 1
142, 331, 1
390, 259, 1
72, 197, 1
73, 288, 1
147, 277, 1
347, 562, -1
481, 95, -1
226, 673, -1
417, 330, -1

305, 87, 1
181, 158, 1
783, 564, 1
278, 339, 1
753, 571, 1
231, 411, -1
438, 47, -1
403, 369, -1
575, 22, -1
279, 546, -1

372, 169, 1
313, 192, 1
425, 413, 1
641, 714, 1
348, 129, 1
187, 495, -1
334, 786, -1
572, 25, -1
701, 339, -1
549, 46, -1

