607, 72, 1
1436, 75, -1
1354, 1404, -1
821, 437, -1
761, 1428, -1
87, 238, -1
1420, 1473, -1
584, 457, -1
673, 1018, -1
1060, 1053, -1

875, 941, 1
1266, 985, 1
1322, 942, 1
889, 373, 1
287, 1404, -1
95, 351, -1
1076, 1072, -1
1071, 286, -1
1366, 167, -1
821, 940, -1

1003, 17, 1
1284, 1239, 1
1127, 1482, 1
406, 1472, 1
728, 1005, -1
248, 1425, -1
1064, 1358, -1
30, 1308, -1
731, 266, -1
524, 513, -1

1191, 683, -1
472, 317, -1
1430, 1475, -1
88, 1408, -1
355, 594, -1
522, 1155, -1
432, 226, -1
560, 341, -1
3, 1457, -1
46, 424, -1

1418, 465, 1
754, 1046, 1
653, 442, -1
1324, 1220, -1
216, 992, -1
496, 1238, -1
1430, 342, -1
473, 1000, -1
37, 895, -1
1107, 921, -1

1215, 1000, 1
587, 210, 1
373, 436, 1
630, 1117, -1
1073, 124, -1
468, 1010, -1
1102, 723, -1
583, 896, -1
1344, 1146, -1
466, 675, -1

770, 540, 1
1081, 774, 1
1471, 698, 1
158, 825, -1
527, 234, -1
990, 1332, -1
789, 317, -1
1249, 440, -1
1029, 686, -1
322, 80, -1

291, 20, 1
1315, 724, 1
276, 797, 1
131, 971, 1
962, 1363, -1
236, 233, -1
817, 946, -1
40, 1461, -1
345, 981, -1
715, 6, -1

231, 375, 1
275, 574, -1
272, 268, -1
290, 335, -1
340, 156, -1
814, 1183, -1
429, 506, -1
849, 1249, -1
758, 1483, -1
717, 1389, -1

1354, 34, 1
1063, 523, 1
170, 258, 1
475, 982, -1
341, 578, -1
1438, 978, -1
368, 1145, -1
272, 599, -1
844, 966, -1
761, 315, -1

