1147, 708, -1
559, 944, -1
1430, 1444, -1
485, 129, -1
41, 695, -1
98, 1121, -1
113, 313, -1
918, 729, -1
751, 429, -1
5, 134, -1

523, 1345, 1
748, 1336, 1
1075, 193, 1
960, 813, -1
498, 1221, -1
529, 305, -1
1469, 1277, -1
1455, 1024, -1
1421, 800, -1
35, 144, -1

1301, 984, 1
892, 1374, 1
870, 457, 1
527, 1297, -1
549, 67, -1
191, 1370, -1
810, 578, -1
975, 1433, -1
932, 1305, -1
15, 584, -1

187, 1310, 1
160, 1192, 1
1031, 430, 1
1011, 515, -1
291, 569, -1
600, 629, -1
192, 592, -1
1397, 537, -1
565, 1478, -1
813, 156, -1

697, 675, 1
293, 829, 1
185, 863, 1
517, 1017, 1
1470, 178, -1
1107, 556, -1
1263, 1148, -1
558, 441, -1
545, 482, -1
767, 601, -1

83, 1444, 1
0, 4, 1
769, 317, -1
578, 59, -1
98, 1201, -1
138, 809, -1
1482, 853, -1
190, 885, -1
1256, 678, -1
721, 816, -1

707, 219, -1
358, 606, -1
82, 569, -1
658, 1400, -1
287, 1360, -1
845, 238, -1
1257, 1399, -1
932, 779, -1
95, 1456, -1
811, 765, -1

945, 266, 1
969, 1211, 1
611, 710, 1
945, 645, 1
266, 645, 1
921, 282, -1
1114, 1300, -1
511, 1015, -1
919, 141, -1
25, 405, -1
759, 335, -1

1406, 1111, 1
1401, 1186, 1
711, 1332, 1
21, 1115, -1
363, 960, -1
63, 189, -1
1291, 317, -1
849, 1078, -1
1176, 1041, -1
1333, 757, -1

1354, 1450, 1
562, 509, 1
877, 335, 1
973, 1160, -1
1248, 120, -1
1232, 782, -1
305, 190, -1
1419, 302, -1
82, 824, -1
606, 1260, -1

