1057, 310, 1
1230, 961, 1
1028, 1261, -1
349, 831, -1
471, 847, -1
950, 893, -1
783, 281, -1
388, 344, -1
534, 643, -1
1377, 1194, -1

950, 1289, 1
1037, 309, 1
844, 531, -1
495, 1294, -1
940, 1115, -1
693, 109, -1
570, 1349, -1
1001, 303, -1
179, 1140, -1
595, 373, -1

606, 479, 1
369, 830, 1
999, 1378, 1
1251, 63, 1
81, 592, -1
1338, 620, -1
1220, 194, -1
713, 1425, -1
128, 413, -1
423, 852, -1

112, 804, 1
16, 1378, 1
520, 658, -1
1185, 1301, -1
112, 985, -1
1068, 310, -1
130, 1419, -1
1255, 256, -1
833, 51, -1
427, 845, -1
985, 804, -1

520, 565, 1
1026, 1311, 1
364, 1295, 1
134, 348, -1
1090, 445, -1
239, 486, -1
783, 625, -1
1383, 210, -1
1360, 1035, -1
76, 371, -1

1229, 1140, 1
1321, 1162, 1
410, 1214, 1
779, 1374, 1
1221, 1328, -1
928, 166, -1
1200, 469, -1
591, 38, -1
874, 59, -1
4, 1276, -1

1134, 1127, 1
111, 640, 1
1446, 382, 1
171, 548, -1
90, 1123, -1
1159, 508, -1
665, 1219, -1
602, 1415, -1
1412, 1326, -1
878, 929, -1

696, 436, 1
293, 192, 1
599, 1394, -1
177, 765, -1
1464, 21, -1
473, 1307, -1
101, 899, -1
1105, 1146, -1
199, 148, -1
205, 1425, -1

1211, 1037, 1
130, 1038, 1
641, 1233, -1
1391, 846, -1
1049, 1395, -1
400, 861, -1
760, 1279, -1
939, 43, -1
1418, 1317, -1
1050, 410, -1

429, 153, 1
464, 1350, 1
698, 710, 1
225, 1155, 1
1344, 685, -1
287, 937, -1
20, 1421, -1
2, 807, -1
842, 614, -1
11, 78, -1

