741, 707, 1
350, 338, 1
1320, 474, 1
819, 725, -1
1125, 1381, -1
56, 1208, -1
591, 696, -1
1349, 757, -1
780, 1057, -1
519, 1213, -1

438, 584, 1
730, 446, 1
961, 372, 1
1262, 169, -1
1119, 347, -1
254, 502, -1
1243, 117, -1
1118, 83, -1
800, 990, -1
1398, 1467, -1

1278, 769, 1
978, 22, 1
358, 149, 1
1476, 280, -1
1131, 38, -1
946, 653, -1
261, 1240, -1
1309, 242, -1
234, 715, -1
599, 312, -1

484, 1385, 1
545, 779, 1
1333, 1205, -1
325, 637, -1
115, 1062, -1
124, 1215, -1
916, 558, -1
876, 550, -1
528, 324, -1
734, 1153, -1

499, 375, 1
885, 874, 1
657, 861, 1
1015, 125, -1
500, 860, -1
237, 1359, -1
1224, 587, -1
1251, 1171, -1
622, 351, -1
224, 481, -1

651, 118, 1
1132, 506, -1
796, 783, -1
669, 297, -1
1251, 1378, -1
1046, 1247, -1
746, 769, -1
772, 582, -1
819, 825, -1
8, 154, -1

258, 879, 1
1395, 42, 1
368, 396, 1
1094, 1341, -1
220, 183, -1
598, 477, -1
1289, 277, -1
671, 740, -1
178, 331, -1
1245, 1419, -1

340, 1394, 1
149, 59, -1
1376, 1277, -1
288, 219, -1
170, 401, -1
467, 34, -1
719, 1044, -1
917, 147, -1
999, 949, -1
278, 1148, -1

915, 99, 1
1105, 815, 1
1402, 909, -1
1225, 860, -1
1379, 384, -1
1160, 971, -1
1408, 1124, -1
297, 593, -1
516, 1149, -1
727, 1086, -1

1049, 534, 1
792, 468, 1
1126, 874, 1
1440, 1081, -1
765, 409, -1
34, 1218, -1
1331, 984, -1
546, 1275, -1
1137, 1404, -1
556, 291, -1

