1156, 3, 1
1254, 977, 1
158, 700, 1
971, 997, 1
343, 959, 1
693, 1482, 1
328, 1459, 1
858, 686, 1
533, 61, 1
648, 669, 1
417, 251, 1
112, 553, 1
1384, 133, 1
1105, 1022, 1
870, 633, 1
517, 1049, 1
674, 313, 1
382, 1137, 1
1087, 646, 1
1397, 604, 1
1415, 1175, 1
711, 117, 1
655, 118, 1
803, 1134, 1
1093, 88, 1
466, 901, 1
326, 42, 1
1022, 1061, 1
1212, 557, 1
1192, 1459, 1
1192, 328, 1
1105, 1061, 1
1061, 1022, 1
112, 1225, -1
1325, 731, -1
1088, 25, -1
1145, 960, -1
918, 690, -1
497, 814, -1
1212, 1246, -1
199, 489, -1
550, 820, -1
1411, 1483, -1
828, 387, -1
278, 406, -1
997, 947, -1
736, 457, -1
1191, 1070, -1
499, 1329, -1
810, 183, -1
401, 123, -1
1040, 879, -1
1207, 913, -1
89, 1184, -1
805, 448, -1
195, 305, -1
990, 466, -1
1263, 1356, -1
62, 1432, -1
649, 151, -1
630, 1325, -1
844, 1236, -1
496, 304, -1
975, 1481, -1
944, 593, -1
1084, 1470, -1
308, 80, -1
524, 1455, -1
1308, 217, -1
572, 827, -1
447, 543, -1
674, 1366, -1
791, 879, -1
1278, 1229, -1
1096, 542, -1
692, 1357, -1
818, 236, -1
325, 1160, -1
88, 298, -1
616, 1481, -1
616, 1137, -1
840, 507, -1
292, 463, -1
1139, 497, -1
839, 1477, -1
838, 658, -1
303, 587, -1
602, 68, -1
1444, 1021, -1
26, 886, -1
1030, 136, -1
491, 796, -1
8, 1437, -1
1083, 1423, -1
893, 96, -1
1102, 931, -1
538, 1134, -1
92, 914, -1
319, 310, -1
1060, 568, -1
998, 831, -1
173, 463, -1
881, 829, -1
947, 971, -1
313, 1366, -1
1225, 553, -1
901, 990, -1
538, 803, -1
298, 1093, -1
616, 382, -1
557, 1246, -1
466, 990, -1
947, 997, -1

