1454, 149, 1
925, 809, 1
976, 500, 1
345, 275, 1
67, 1475, 1
268, 17, 1
1394, 286, 1
1466, 414, 1
1003, 361, 1
113, 317, 1
904, 576, 1
640, 134, 1
533, 695, 1
415, 1202, 1
974, 22, 1
82, 635, 1
683, 539, 1
423, 1049, -1
990, 590, -1
1459, 112, -1
27, 870, -1
224, 255, -1
1071, 983, -1
1033, 123, -1
466, 1386, -1
1253, 801, -1
420, 849, -1
693, 1339, -1
86, 1017, -1
564, 1172, -1
391, 1454, -1
949, 821, -1
468, 42, -1
143, 1207, -1
1277, 314, -1
728, 1178, -1
854, 416, -1
121, 150, -1
768, 543, -1
439, 133, -1
1438, 1282, -1
1436, 909, -1
238, 881, -1
169, 1192, -1
1287, 1194, -1
1377, 1404, -1
654, 531, -1
627, 937, -1
1097, 528, -1
49, 1412, -1
1254, 759, -1
719, 902, -1
765, 1156, -1
172, 38, -1
910, 1190, -1
23, 1157, -1
405, 708, -1
1004, 356, -1
594, 464, -1
39, 1412, -1
915, 753, -1
664, 770, -1
1294, 121, -1
1153, 1236, -1
760, 322, -1
1398, 52, -1
568, 1085, -1
1281, 225, -1
873, 284, -1
890, 450, -1
172, 1104, -1
19, 1471, -1
32, 582, -1
500, 398, -1
794, 801, -1
653, 50, -1
691, 1253, -1
1384, 458, -1
1009, 702, -1
816, 9, -1
678, 248, -1
244, 1100, -1
1325, 1177, -1
176, 316, -1
51, 1257, -1
1262, 1111, -1
1094, 819, -1
1202, 133, -1
529, 1261, -1
646, 467, -1
1090, 869, -1
621, 29, -1
805, 973, -1
1060, 125, -1
375, 327, -1
561, 401, -1
135, 113, -1
936, 1401, -1
1381, 1096, -1
225, 991, -1
976, 398, -1
149, 391, -1
133, 415, -1
317, 135, -1
113, 135, -1
1454, 391, -1

