593, 1479, 1
102, 1192, 1
1348, 1317, 1
27, 1348, 1
1310, 1131, 1
1082, 576, 1
192, 284, 1
16, 1254, 1
417, 1248, 1
839, 878, 1
1275, 781, 1
937, 364, 1
1462, 652, 1
642, 651, 1
106, 770, 1
1055, 934, 1
511, 1481, 1
565, 603, 1
1451, 911, 1
1414, 403, 1
536, 1141, 1
342, 365, 1
830, 1303, 1
1072, 1081, 1
1327, 1313, 1
27, 1317, 1
1338, 675, -1
699, 1340, -1
1199, 1061, -1
928, 442, -1
648, 1202, -1
1209, 452, -1
591, 419, -1
149, 870, -1
222, 367, -1
1433, 749, -1
1145, 1077, -1
684, 647, -1
1249, 1205, -1
516, 528, -1
74, 1148, -1
1255, 1193, -1
148, 1471, -1
952, 105, -1
162, 157, -1
202, 1178, -1
912, 100, -1
146, 100, -1
995, 51, -1
1240, 1199, -1
82, 1229, -1
387, 449, -1
278, 1116, -1
1445, 1470, -1
445, 1173, -1
402, 126, -1
550, 1147, -1
1201, 1367, -1
1228, 851, -1
421, 400, -1
655, 703, -1
990, 1220, -1
1472, 1350, -1
989, 596, -1
240, 218, -1
1267, 163, -1
810, 546, -1
832, 287, -1
7, 896, -1
165, 993, -1
425, 296, -1
580, 1374, -1
741, 287, -1
100, 13, -1
560, 384, -1
376, 130, -1
559, 90, -1
1413, 1335, -1
152, 635, -1
234, 470, -1
674, 840, -1
605, 545, -1
1159, 388, -1
1277, 190, -1
766, 1026, -1
1470, 508, -1
731, 300, -1
548, 1220, -1
1187, 1168, -1
215, 1420, -1
478, 1312, -1
1440, 313, -1
167, 21, -1
1267, 890, -1
434, 643, -1
965, 899, -1
452, 130, -1
988, 448, -1
67, 298, -1
996, 1289, -1
859, 94, -1

