107, 329, 1
269, 326, 1
12, 205, 1
309, 113, 1
172, 146, 1
292, 210, -1
33, 343, -1
214, 169, -1
114, 72, -1
175, 35, -1

128, 35, 1
158, 37, 1
266, 82, 1
63, 282, -1
176, 88, -1
128, 249, -1
317, 178, -1
242, 145, -1
222, 177, -1
100, 203, -1
249, 35, -1

88, 330, 1
43, 130, 1
321, 26, 1
150, 106, 1
346, 91, -1
274, 146, -1
176, 153, -1
289, 142, -1
203, 3, -1
228, 321, -1
26, 228, -1
321, 228, -1

134, 25, 1
215, 245, 1
198, 33, 1
52, 76, 1
99, 129, 1
247, 203, 1
33, 198, 1
35, 185, -1
309, 220, -1
198, 258, -1
308, 23, -1
33, 258, -1
258, 198, -1

338, 315, 1
249, 300, 1
264, 336, 1
28, 204, -1
176, 177, -1
329, 166, -1
174, 183, -1
298, 33, -1
255, 69, -1
41, 330, -1

161, 62, 1
335, 171, 1
233, 14, 1
94, 167, 1
229, 70, 1
315, 81, -1
60, 31, -1
125, 184, -1
243, 162, -1
180, 68, -1

334, 34, 1
175, 44, 1
63, 234, 1
30, 301, 1
244, 172, 1
93, 198, 1
156, 102, 1
41, 46, -1
55, 207, -1
241, 158, -1

22, 263, 1
280, 131, 1
257, 251, 1
261, 302, 1
336, 185, 1
315, 171, 1
229, 313, 1
202, 88, -1
228, 225, -1
142, 245, -1

144, 134, 1
191, 50, 1
287, 295, 1
94, 72, 1
72, 94, 1
271, 236, -1
57, 219, -1
72, 118, -1
168, 99, -1
86, 120, -1
156, 333, -1
94, 118, -1

4, 183, 1
41, 45, 1
138, 156, 1
74, 282, 1
105, 137, 1
142, 163, -1
39, 127, -1
243, 238, -1
27, 306, -1
320, 136, -1

