267, 177, 1
12, 346, 1
6, 195, 1
74, 246, -1
248, 24, -1
288, 138, -1
0, 156, -1
231, 7, -1
61, 254, -1
124, 331, -1

329, 302, 1
204, 178, 1
132, 59, 1
261, 339, 1
258, 348, 1
50, 31, -1
161, 9, -1
131, 67, -1
112, 262, -1
111, 252, -1

141, 113, 1
56, 300, 1
198, 25, 1
72, 349, 1
304, 16, 1
127, 78, 1
306, 131, 1
150, 256, -1
125, 118, -1
105, 120, -1

74, 300, 1
256, 333, 1
77, 196, 1
145, 84, 1
292, 301, 1
300, 74, 1
177, 134, -1
189, 150, -1
138, 300, -1
239, 222, -1
72, 180, -1
138, 74, -1

10, 281, 1
302, 281, 1
58, 270, 1
271, 279, 1
26, 257, 1
234, 81, 1
10, 302, 1
281, 10, 1
281, 302, 1
59, 2, -1
282, 250, -1
261, 166, -1
298, 9, -1

68, 145, 1
119, 199, 1
69, 228, 1
126, 136, 1
76, 294, 1
64, 90, 1
193, 138, -1
110, 125, -1
346, 114, -1
83, 165, -1

284, 272, 1
229, 344, 1
218, 228, 1
9, 250, 1
114, 246, 1
16, 84, 1
135, 153, 1
243, 30, 1
93, 313, -1
89, 155, -1

132, 85, 1
188, 230, 1
301, 275, 1
330, 20, 1
293, 151, 1
347, 237, 1
275, 301, 1
132, 165, -1
248, 345, -1
301, 196, -1
77, 169, -1
275, 196, -1
85, 165, -1
196, 301, -1

174, 170, 1
75, 196, 1
247, 10, 1
34, 342, 1
43, 3, 1
128, 131, -1
19, 50, -1
43, 141, -1
3, 141, -1
330, 224, -1
226, 191, -1

270, 149, 1
332, 167, 1
310, 32, 1
297, 346, 1
245, 320, 1
308, 40, 1
320, 245, 1
137, 178, -1
245, 150, -1
61, 76, -1
176, 344, -1
320, 150, -1

