3, 81, 1
339, 261, 1
73, 134, 1
0, 60, 1
112, 7, 1
93, 41, 1
233, 278, 1
330, 339, 1
4, 299, 1
294, 241, 1
157, 289, 1
191, 303, 1
318, 305, 1
63, 166, 1
272, 159, 1
129, 272, 1
257, 341, 1
64, 18, 1
320, 10, 1
295, 171, 1
302, 259, 1
114, 33, 1
203, 143, 1
215, 74, 1
157, 289, 1
26, 92, 1
302, 199, 1
231, 175, 1
237, 300, 1
146, 39, 1
163, 328, 1
346, 191, 1
308, 247, 1
64, 34, 1
243, 52, 1
267, 191, 1
139, 316, 1
268, 109, 1
329, 105, 1
32, 94, 1
177, 313, 1
56, 111, 1
40, 64, 1
197, 256, 1
263, 143, 1
316, 183, 1
231, 157, 1
30, 254, 1
347, 321, 1
195, 320, 1
320, 86, 1
103, 343, 1
253, 302, 1
166, 79, 1
298, 137, 1
346, 267, 1
218, 252, 1
17, 116, 1
259, 253, 1
0, 243, 1
267, 303, 1
0, 313, 1
10, 195, 1
346, 303, 1
186, 21, 1
282, 123, 1
330, 261, 1
242, 29, 1
97, 10, 1
203, 263, 1
248, 45, 1
63, 79, 1
34, 18, 1
129, 159, 1
218, 77, 1
249, 205, 1
304, 86, 1
186, 118, 1
40, 34, 1
242, 59, 1
10, 191, 1
59, 29, 1
0, 135, 1
253, 199, 1
139, 183, 1
216, 122, 1
289, 231, 1
40, 18, 1
194, 146, 1
10, 239, 1
175, 157, 1
259, 199, 1
182, 31, 1
313, 243, 1
195, 86, 1
252, 77, 1
50, 339, 1
10, 86, 1
272, 129, 1
320, 239, 1
289, 175, 1
97, 191, 1
86, 191, 1
320, 303, 1
242, 45, 1
243, 135, 1
267, 346, 1
259, 302, 1
143, 203, 1
60, 135, 1
216, 242, 1
59, 45, 1
97, 239, 1
86, 239, 1
313, 135, 1
177, 52, 1
304, 10, 1
97, 86, 1
143, 263, 1
320, 195, 1
18, 34, 1
33, 114, 1
339, 330, 1
52, 60, 1
313, 52, 1
195, 191, 1
50, 261, 1
320, 97, 1
248, 29, 1
21, 118, 1
10, 267, 1
157, 231, 1
177, 60, 1
243, 60, 1
177, 243, 1
166, 63, 1
97, 195, 1
304, 195, 1
320, 191, 1
304, 320, 1
10, 346, 1
191, 239, 1
0, 52, 1
195, 239, 1
0, 177, 1
248, 59, 1
248, 242, 1
194, 39, 1
10, 303, 1
320, 267, 1
45, 29, 1
122, 242, 1
242, 122, 1
313, 60, 1
50, 330, 1
289, 157, 1
320, 346, 1
261, 330, 1
261, 339, 1
157, 175, 1
77, 252, 1
177, 135, 1
59, 122, 1
304, 267, 1
216, 29, 1
248, 122, 1
97, 267, 1
267, 239, 1
79, 63, 1
304, 346, 1
239, 195, 1
346, 239, 1
97, 346, 1
216, 59, 1
29, 59, 1
304, 239, 1
10, 320, 1
29, 242, 1
304, 303, 1
248, 216, 1
267, 10, 1
346, 10, 1
45, 122, 1
97, 303, 1
86, 303, 1
267, 86, 1
60, 52, 1
346, 86, 1
122, 45, 1
330, 50, 1
79, 166, 1
303, 191, 1
59, 216, 1
64, 40, 1
239, 191, 1
313, 177, 1
175, 231, 1
267, 195, 1
29, 122, 1
267, 320, 1
122, 29, 1
346, 195, 1
195, 346, 1
267, 97, 1
59, 242, 1
320, 304, 1
303, 239, 1
261, 50, 1
195, 303, 1
239, 303, 1
304, 97, 1
216, 45, 1
29, 45, 1
52, 135, 1
122, 59, 1
303, 86, 1
239, 86, 1
346, 304, 1
304, 191, 1
191, 10, 1
97, 320, 1
339, 50, 1
191, 97, 1
191, 267, 1
45, 216, 1
29, 216, 1
10, 304, 1
242, 216, 1
123, 282, 1
216, 248, 1
191, 86, 1
346, 320, 1
191, 346, 1
191, 195, 1
122, 216, 1
86, 195, 1
97, 304, 1
239, 267, 1
22, 49, -1
97, 29, -1
242, 10, -1
8, 85, -1
0, 218, -1
242, 191, -1
10, 29, -1
144, 309, -1
186, 50, -1
112, 193, -1
31, 205, -1
77, 0, -1
243, 77, -1
301, 116, -1
86, 248, -1
118, 50, -1
182, 205, -1
348, 196, -1
33, 16, -1
267, 122, -1
282, 194, -1
228, 251, -1
88, 104, -1
217, 5, -1
86, 45, -1
239, 59, -1
244, 48, -1
61, 350, -1
301, 17, -1
146, 123, -1
267, 216, -1
51, 92, -1
31, 249, -1
46, 47, -1
198, 64, -1
10, 59, -1
53, 66, -1
248, 304, -1
194, 123, -1
339, 21, -1
274, 130, -1
77, 313, -1
339, 186, -1
218, 135, -1
0, 252, -1
320, 59, -1
216, 191, -1
320, 242, -1
123, 39, -1
177, 77, -1
26, 51, -1
60, 77, -1
16, 114, -1
248, 320, -1
261, 21, -1
242, 267, -1
242, 346, -1
34, 198, -1
242, 303, -1
252, 60, -1
122, 191, -1
186, 261, -1
320, 45, -1
193, 7, -1
18, 198, -1
40, 198, -1
52, 77, -1
320, 29, -1
330, 21, -1
218, 60, -1
186, 330, -1
218, 243, -1
267, 29, -1
186, 339, -1
320, 248, -1
216, 267, -1
313, 218, -1
205, 182, -1
252, 52, -1
59, 195, -1
21, 330, -1
330, 118, -1
45, 86, -1
248, 195, -1
216, 346, -1
21, 339, -1
50, 21, -1
29, 346, -1
29, 239, -1
216, 303, -1
29, 303, -1
97, 59, -1
216, 10, -1
97, 242, -1
195, 45, -1
313, 77, -1
50, 118, -1
10, 45, -1
17, 301, -1
29, 86, -1
261, 118, -1
116, 301, -1
77, 135, -1
249, 31, -1
59, 191, -1
242, 239, -1
59, 267, -1
218, 52, -1
0, 77, -1
195, 29, -1
205, 31, -1
59, 346, -1
242, 86, -1
122, 267, -1
59, 239, -1
64, 198, -1
16, 33, -1
282, 146, -1
59, 303, -1
243, 252, -1
122, 346, -1
21, 261, -1
59, 10, -1
177, 252, -1
60, 252, -1
248, 10, -1
339, 118, -1
10, 242, -1
282, 39, -1
304, 45, -1
59, 86, -1
177, 218, -1
122, 303, -1
248, 86, -1
242, 195, -1
252, 135, -1
249, 182, -1
122, 10, -1
29, 191, -1
77, 60, -1
313, 252, -1
123, 146, -1
45, 303, -1
346, 29, -1
304, 29, -1
10, 122, -1
195, 122, -1
194, 282, -1
59, 320, -1
267, 59, -1
242, 304, -1
267, 242, -1
346, 59, -1
216, 239, -1
122, 195, -1
346, 242, -1
248, 97, -1
304, 59, -1
304, 242, -1
304, 248, -1
267, 248, -1
320, 122, -1
216, 86, -1
45, 195, -1
52, 252, -1
248, 191, -1
122, 86, -1
346, 122, -1
320, 216, -1
303, 29, -1
218, 177, -1
304, 122, -1
248, 267, -1
239, 29, -1
97, 122, -1
77, 52, -1
242, 320, -1
86, 122, -1
248, 346, -1
216, 195, -1
29, 195, -1
216, 320, -1
45, 191, -1
248, 239, -1
248, 303, -1
267, 45, -1
216, 97, -1
346, 45, -1
122, 239, -1
97, 45, -1
21, 50, -1
45, 346, -1
216, 304, -1
45, 239, -1
218, 313, -1
191, 122, -1
29, 267, -1
146, 282, -1
191, 216, -1
59, 97, -1
122, 320, -1
303, 216, -1
195, 216, -1
239, 216, -1
191, 45, -1
303, 45, -1
97, 248, -1
10, 216, -1
239, 45, -1
191, 29, -1
122, 304, -1
252, 313, -1
191, 242, -1
191, 59, -1
346, 216, -1
97, 216, -1
45, 267, -1
304, 216, -1
86, 216, -1

