322, 135, 1
76, 217, 1
97, 175, 1
246, 154, 1
94, 127, 1
343, 105, 1
64, 122, -1
134, 167, -1
47, 211, -1
258, 166, -1

149, 296, 1
101, 30, 1
160, 83, 1
323, 20, 1
223, 199, 1
342, 341, 1
160, 13, 1
83, 13, 1
83, 160, 1
13, 160, 1
118, 217, -1
8, 13, -1
63, 272, -1
160, 8, -1
8, 83, -1
8, 160, -1

32, 290, 1
124, 192, 1
233, 338, 1
338, 142, -1
100, 322, -1
301, 67, -1
114, 253, -1
233, 142, -1
61, 299, -1
297, 65, -1
304, 206, -1

280, 324, 1
284, 276, 1
132, 154, 1
309, 312, 1
117, 257, 1
205, 12, 1
304, 135, 1
136, 105, -1
55, 324, -1
116, 260, -1
280, 55, -1
324, 55, -1

126, 69, 1
292, 302, 1
242, 93, 1
89, 203, -1
113, 146, -1
268, 9, -1
132, 287, -1
246, 117, -1
83, 82, -1
168, 273, -1

82, 318, 1
80, 334, 1
139, 12, 1
350, 346, 1
163, 44, 1
181, 84, 1
212, 142, 1
35, 143, -1
183, 71, -1
168, 323, -1

249, 32, 1
80, 291, 1
24, 99, 1
143, 151, 1
60, 1, -1
250, 143, -1
48, 214, -1
233, 53, -1
101, 23, -1
138, 103, -1
250, 151, -1
151, 250, -1

24, 272, 1
253, 72, 1
198, 126, 1
76, 271, 1
137, 3, -1
271, 11, -1
225, 200, -1
304, 71, -1
11, 76, -1
108, 175, -1
127, 222, -1
11, 271, -1

318, 22, 1
180, 39, 1
316, 281, 1
318, 339, 1
276, 300, 1
66, 237, 1
68, 213, 1
6, 289, 1
339, 22, 1
161, 158, -1
12, 120, -1

102, 61, 1
309, 295, 1
85, 148, 1
115, 62, 1
273, 149, 1
76, 135, 1
182, 76, -1
75, 254, -1
206, 284, -1
77, 233, -1
182, 135, -1
76, 182, -1

