161, 271, 1
304, 219, 1
343, 164, -1
158, 235, -1
171, 110, -1
52, 232, -1
142, 245, -1
346, 59, -1
194, 88, -1
292, 57, -1

169, 74, 1
320, 316, 1
246, 61, 1
296, 330, 1
201, 43, -1
227, 108, -1
45, 321, -1
42, 89, -1
39, 350, -1
136, 56, -1

21, 43, 1
59, 194, 1
92, 330, 1
108, 5, 1
199, 312, 1
66, 239, 1
346, 229, 1
283, 83, -1
337, 130, -1
176, 243, -1

257, 141, 1
119, 303, 1
324, 48, 1
343, 24, 1
128, 216, 1
346, 54, 1
2, 14, 1
200, 14, -1
241, 174, -1
118, 284, -1
2, 200, -1
200, 2, -1

79, 188, 1
299, 68, 1
293, 167, 1
314, 304, 1
318, 28, 1
65, 73, 1
189, 148, -1
226, 111, -1
31, 309, -1
140, 284, -1

227, 321, 1
35, 106, 1
116, 83, 1
36, 217, 1
11, 236, 1
126, 181, -1
294, 51, -1
13, 169, -1
157, 236, -1
134, 183, -1
11, 157, -1
236, 157, -1

329, 94, 1
66, 322, 1
238, 69, 1
72, 195, 1
139, 219, 1
149, 82, 1
331, 133, 1
346, 264, 1
162, 44, -1
179, 228, -1

327, 265, 1
268, 261, 1
134, 156, 1
81, 47, 1
179, 42, 1
263, 260, 1
156, 134, 1
329, 106, -1
134, 310, -1
304, 85, -1
105, 75, -1
310, 156, -1

127, 345, 1
82, 294, 1
62, 169, 1
8, 191, 1
338, 120, -1
187, 130, -1
329, 138, -1
304, 196, -1
106, 223, -1
97, 23, -1

321, 157, 1
191, 284, 1
110, 75, 1
233, 256, 1
0, 137, 1
218, 37, 1
237, 211, 1
203, 225, 1
231, 49, -1
322, 238, -1

