1, 131, 1
376, 396, 1
181, 95, 1
161, 127, 1
129, 178, 1
4, 65, 1
259, 172, -1
141, 210, -1
97, 267, -1
248, 75, -1

361, 387, 1
143, 122, 1
150, 114, 1
17, 394, -1
163, 220, -1
130, 277, -1
203, 10, -1
288, 93, -1
119, 280, -1
211, 41, -1

33, 156, 1
16, 125, 1
212, 207, 1
78, 183, 1
114, 118, 1
319, 97, -1
163, 323, -1
252, 373, -1
396, 257, -1
40, 394, -1

66, 86, 1
28, 172, 1
207, 254, 1
134, 285, -1
199, 332, -1
287, 12, -1
56, 299, -1
220, 143, -1
80, 339, -1
169, 298, -1

399, 316, 1
78, 120, 1
120, 43, 1
120, 118, 1
175, 181, 1
312, 339, 1
95, 93, 1
43, 78, 1
78, 118, 1
43, 118, 1
118, 43, 1
120, 78, 1
118, 78, 1
78, 43, 1
244, 162, -1
321, 277, -1
29, 304, -1

254, 235, 1
62, 75, 1
15, 64, 1
77, 108, 1
190, 163, 1
147, 21, 1
346, 261, -1
17, 355, -1
293, 373, -1
120, 240, -1

11, 54, 1
147, 117, 1
147, 172, 1
324, 390, 1
172, 117, 1
11, 274, -1
304, 68, -1
87, 241, -1
212, 69, -1
131, 256, -1
360, 4, -1
274, 54, -1
274, 11, -1

52, 107, 1
122, 156, 1
24, 11, 1
315, 334, 1
192, 205, -1
295, 99, -1
115, 252, -1
215, 164, -1
339, 35, -1
368, 195, -1

162, 79, 1
47, 142, 1
185, 331, -1
338, 31, -1
372, 160, -1
370, 80, -1
322, 27, -1
248, 378, -1
186, 309, -1
153, 327, -1

268, 264, 1
198, 2, 1
318, 46, -1
145, 293, -1
338, 230, -1
390, 277, -1
246, 97, -1
3, 261, -1
181, 315, -1
167, 325, -1

