28, 70, 1
133, 130, 1
335, 65, -1
139, 235, -1
171, 356, -1
266, 328, -1
224, 311, -1
269, 145, -1
182, 378, -1
386, 73, -1

294, 268, 1
179, 18, 1
257, 240, 1
247, 284, 1
142, 199, 1
88, 167, 1
143, 290, -1
20, 230, -1
254, 331, -1
318, 135, -1

183, 135, 1
139, 25, 1
191, 43, 1
78, 21, 1
297, 159, -1
250, 67, -1
384, 272, -1
368, 109, -1
127, 273, -1
42, 233, -1

17, 82, 1
366, 394, 1
311, 349, 1
114, 174, 1
83, 191, 1
367, 150, -1
37, 258, -1
28, 234, -1
45, 249, -1
153, 385, -1

223, 289, 1
211, 235, 1
101, 76, 1
226, 120, -1
137, 280, -1
65, 314, -1
269, 107, -1
300, 178, -1
312, 188, -1
226, 142, -1

160, 179, 1
155, 19, 1
127, 153, 1
211, 264, 1
94, 51, 1
307, 44, -1
46, 215, -1
270, 87, -1
5, 247, -1
278, 125, -1

121, 32, 1
270, 205, 1
350, 336, 1
53, 192, 1
231, 316, -1
166, 301, -1
231, 180, -1
211, 384, -1
278, 388, -1
328, 21, -1

78, 56, 1
72, 81, 1
170, 106, 1
212, 361, -1
24, 246, -1
346, 117, -1
257, 110, -1
238, 93, -1
136, 275, -1
189, 311, -1

82, 183, 1
17, 124, 1
267, 183, -1
204, 143, -1
30, 327, -1
336, 298, -1
101, 319, -1
74, 246, -1
8, 346, -1
343, 131, -1
82, 267, -1

157, 158, 1
357, 300, 1
333, 374, 1
206, 310, -1
333, 273, -1
158, 342, -1
49, 221, -1
68, 205, -1
390, 123, -1
98, 365, -1
342, 157, -1
273, 374, -1
273, 333, -1

