70, 126, 1
293, 244, 1
347, 312, 1
27, 193, 1
9, 15, 1
43, 81, 1
330, 180, -1
99, 328, -1
134, 355, -1
327, 51, -1

251, 259, 1
382, 345, 1
6, 43, 1
156, 7, 1
116, 92, 1
188, 265, -1
65, 285, -1
265, 180, -1
313, 243, -1
21, 348, -1

273, 260, 1
396, 345, 1
13, 69, 1
138, 169, 1
124, 189, 1
210, 227, 1
24, 359, -1
389, 108, -1
108, 201, -1
200, 384, -1

173, 146, 1
275, 246, 1
377, 308, 1
128, 34, 1
3, 376, -1
36, 307, -1
334, 220, -1
277, 63, -1
81, 336, -1
320, 107, -1

261, 240, 1
210, 270, 1
279, 39, -1
189, 318, -1
214, 319, -1
55, 339, -1
399, 224, -1
275, 321, -1
250, 391, -1
266, 383, -1

135, 127, 1
26, 88, 1
193, 136, 1
217, 258, 1
136, 355, -1
351, 90, -1
53, 341, -1
26, 360, -1
223, 157, -1
356, 179, -1
193, 355, -1
360, 88, -1
360, 26, -1

22, 20, 1
223, 207, 1
37, 191, 1
75, 84, 1
350, 369, 1
143, 49, 1
279, 298, 1
57, 366, -1
314, 84, -1
206, 165, -1
314, 75, -1

37, 61, 1
130, 127, 1
112, 26, 1
295, 234, 1
216, 358, -1
209, 20, -1
51, 387, -1
242, 75, -1
332, 113, -1
71, 251, -1

354, 397, 1
19, 93, 1
150, 15, 1
243, 260, 1
43, 69, 1
218, 306, -1
355, 107, -1
161, 238, -1
40, 202, -1
156, 203, -1

217, 209, 1
360, 380, 1
139, 160, 1
254, 190, -1
41, 359, -1
34, 250, -1
306, 91, -1
328, 15, -1
260, 371, -1
363, 210, -1

