229, 250, 1
226, 389, -1
161, 361, -1
303, 193, -1
36, 321, -1
41, 246, -1
336, 30, -1
364, 274, -1
254, 371, -1
174, 378, -1

191, 162, 1
83, 55, 1
391, 364, 1
252, 222, 1
38, 144, 1
73, 270, -1
274, 352, -1
88, 354, -1
397, 214, -1
382, 246, -1

103, 46, 1
287, 241, 1
43, 158, 1
348, 167, -1
97, 353, -1
108, 288, -1
180, 245, -1
69, 347, -1
188, 332, -1
345, 204, -1

72, 127, 1
203, 238, 1
50, 49, 1
25, 97, 1
372, 150, -1
97, 340, -1
73, 216, -1
205, 136, -1
203, 130, -1
98, 287, -1
130, 238, -1
340, 25, -1
130, 203, -1

195, 126, 1
164, 131, 1
232, 241, 1
16, 82, 1
119, 183, 1
338, 318, 1
221, 371, -1
345, 60, -1
123, 230, -1
18, 269, -1

3, 166, 1
56, 190, 1
245, 248, 1
379, 394, 1
343, 368, 1
51, 204, -1
146, 340, -1
42, 277, -1
370, 93, -1
76, 370, -1

19, 146, 1
121, 128, 1
383, 242, -1
284, 371, -1
216, 118, -1
245, 319, -1
358, 126, -1
361, 42, -1
340, 132, -1
69, 324, -1

250, 276, 1
84, 82, 1
132, 22, 1
349, 157, -1
327, 213, -1
254, 19, -1
125, 200, -1
319, 273, -1
255, 54, -1
241, 91, -1

146, 149, 1
17, 119, 1
173, 90, 1
196, 151, 1
62, 224, -1
224, 49, -1
217, 10, -1
233, 377, -1
25, 387, -1
168, 288, -1

130, 83, 1
299, 243, 1
87, 16, 1
62, 0, 1
195, 49, 1
50, 356, -1
42, 332, -1
376, 200, -1
193, 375, -1
159, 342, -1

