131, 59, 1
196, 54, 1
384, 349, 1
350, 363, 1
297, 45, -1
281, 4, -1
238, 373, -1
302, 230, -1
310, 174, -1
313, 209, -1

128, 98, 1
95, 100, 1
176, 78, 1
93, 395, -1
63, 270, -1
315, 156, -1
154, 295, -1
6, 289, -1
282, 149, -1
190, 345, -1

23, 192, 1
142, 18, 1
319, 331, 1
164, 89, 1
73, 210, -1
229, 172, -1
260, 387, -1
135, 383, -1
218, 357, -1
373, 260, -1

135, 103, 1
245, 263, 1
186, 31, 1
241, 355, -1
182, 278, -1
157, 232, -1
33, 247, -1
75, 305, -1
282, 111, -1
262, 57, -1

157, 148, 1
145, 103, 1
334, 383, 1
165, 198, 1
388, 305, 1
383, 0, -1
11, 343, -1
397, 51, -1
283, 21, -1
35, 359, -1
0, 334, -1
0, 383, -1

281, 214, 1
229, 224, 1
69, 297, -1
371, 226, -1
105, 368, -1
132, 368, -1
57, 220, -1
269, 308, -1
187, 364, -1
64, 387, -1

291, 245, 1
45, 196, 1
100, 157, 1
228, 170, -1
79, 286, -1
123, 335, -1
287, 160, -1
20, 313, -1
335, 265, -1
221, 53, -1

75, 90, 1
182, 124, 1
26, 126, 1
334, 360, 1
31, 396, -1
81, 353, -1
262, 50, -1
38, 333, -1
202, 329, -1
184, 280, -1

208, 242, 1
93, 156, 1
11, 119, 1
316, 34, -1
244, 197, -1
258, 136, -1
42, 211, -1
76, 395, -1
167, 255, -1
87, 295, -1

141, 187, 1
144, 150, 1
155, 34, 1
246, 260, 1
66, 78, 1
104, 42, 1
274, 18, -1
213, 110, -1
121, 253, -1
294, 76, -1

