29, 113, 1
114, 0, 1
342, 79, -1
144, 229, -1
193, 382, -1
295, 49, -1
225, 109, -1
393, 216, -1
391, 81, -1
264, 383, -1

51, 19, 1
155, 94, 1
12, 159, 1
93, 129, 1
335, 350, 1
24, 150, 1
349, 389, 1
170, 385, -1
6, 222, -1
72, 225, -1

263, 295, 1
198, 38, 1
255, 368, -1
277, 29, -1
140, 258, -1
311, 207, -1
113, 348, -1
371, 261, -1
324, 113, -1
391, 297, -1

80, 40, 1
194, 39, 1
56, 11, 1
119, 61, 1
61, 147, 1
147, 119, 1
61, 119, 1
147, 61, 1
262, 137, -1
345, 265, -1
272, 311, -1
96, 203, -1
259, 154, -1

154, 149, 1
84, 18, 1
157, 29, 1
289, 270, 1
382, 115, -1
224, 340, -1
281, 17, -1
239, 146, -1
81, 226, -1
291, 41, -1

129, 15, 1
374, 381, 1
258, 79, -1
263, 85, -1
59, 239, -1
266, 177, -1
158, 351, -1
2, 306, -1
200, 52, -1
388, 31, -1

177, 46, 1
11, 19, 1
398, 327, 1
3, 114, 1
146, 66, 1
241, 112, -1
63, 241, -1
261, 34, -1
20, 237, -1
206, 160, -1

68, 114, 1
148, 122, 1
230, 242, 1
113, 172, 1
331, 188, -1
237, 14, -1
156, 255, -1
90, 276, -1
390, 45, -1
346, 75, -1

111, 123, 1
326, 332, 1
58, 72, 1
3, 308, -1
69, 310, -1
11, 329, -1
143, 273, -1
152, 246, -1
88, 369, -1
363, 1, -1

44, 96, 1
169, 68, 1
14, 3, 1
317, 130, -1
184, 384, -1
61, 288, -1
179, 231, -1
346, 251, -1
120, 226, -1
284, 69, -1

