375, 394, 1
161, 104, 1
55, 83, 1
157, 105, 1
245, 47, -1
180, 279, -1
187, 221, -1
265, 57, -1
165, 324, -1
144, 301, -1

68, 25, 1
301, 392, 1
357, 325, 1
62, 128, 1
291, 178, -1
57, 376, -1
178, 317, -1
24, 279, -1
306, 206, -1
242, 89, -1

288, 209, 1
110, 42, 1
240, 110, -1
111, 202, -1
16, 355, -1
181, 211, -1
83, 337, -1
125, 312, -1
255, 178, -1
205, 102, -1
240, 42, -1

240, 298, 1
236, 221, 1
326, 59, -1
241, 362, -1
361, 5, -1
326, 257, -1
333, 209, -1
71, 242, -1
88, 307, -1
395, 45, -1

283, 246, 1
99, 10, 1
357, 335, 1
109, 336, -1
79, 315, -1
316, 226, -1
138, 281, -1
344, 151, -1
3, 290, -1
132, 373, -1

62, 175, 1
113, 371, -1
49, 366, -1
233, 328, -1
21, 393, -1
134, 217, -1
44, 218, -1
362, 295, -1
369, 31, -1
271, 399, -1

118, 158, 1
360, 319, 1
77, 40, 1
186, 98, 1
188, 165, 1
306, 66, -1
324, 210, -1
181, 215, -1
78, 214, -1
224, 105, -1

104, 48, 1
168, 182, 1
64, 68, 1
184, 11, 1
216, 299, 1
394, 279, -1
135, 301, -1
12, 253, -1
50, 337, -1
373, 3, -1

31, 43, 1
76, 83, 1
19, 175, 1
327, 300, 1
274, 319, -1
373, 96, -1
274, 83, -1
71, 284, -1
203, 136, -1
288, 116, -1
274, 76, -1

17, 35, 1
203, 234, 1
80, 144, 1
309, 385, 1
231, 293, 1
360, 249, -1
245, 41, -1
246, 123, -1
34, 385, -1
317, 188, -1
34, 309, -1
385, 34, -1

