149, 84, 1
42, 153, 1
261, 123, -1
180, 221, -1
129, 391, -1
322, 43, -1
114, 302, -1
348, 92, -1
146, 366, -1
382, 275, -1

89, 39, 1
24, 72, 1
71, 137, 1
115, 196, 1
300, 320, 1
396, 124, -1
25, 379, -1
163, 270, -1
138, 274, -1
73, 374, -1

179, 189, 1
139, 31, 1
311, 99, -1
362, 84, -1
130, 342, -1
31, 250, -1
274, 34, -1
77, 363, -1
356, 247, -1
270, 346, -1
250, 139, -1
250, 31, -1

161, 168, 1
355, 379, 1
321, 205, -1
77, 314, -1
353, 86, -1
371, 49, -1
152, 224, -1
298, 79, -1
244, 159, -1
360, 184, -1

147, 105, 1
3, 121, 1
140, 104, 1
44, 172, 1
136, 240, -1
11, 316, -1
272, 345, -1
373, 180, -1
5, 294, -1
327, 298, -1

162, 106, 1
376, 357, 1
322, 342, 1
212, 275, 1
93, 172, 1
133, 333, -1
293, 86, -1
24, 249, -1
340, 259, -1
21, 278, -1

147, 77, 1
323, 309, 1
100, 97, 1
86, 29, 1
279, 270, 1
116, 110, 1
264, 109, -1
305, 143, -1
110, 356, -1
156, 333, -1
116, 356, -1
356, 110, -1

134, 59, 1
94, 134, 1
198, 113, 1
388, 379, 1
59, 94, 1
134, 94, 1
59, 134, 1
94, 59, 1
4, 332, -1
179, 286, -1
116, 320, -1
14, 251, -1
83, 315, -1
281, 58, -1

201, 261, 1
345, 300, 1
130, 267, -1
338, 20, -1
8, 218, -1
5, 260, -1
381, 14, -1
347, 228, -1
128, 395, -1
262, 14, -1

44, 122, 1
77, 3, 1
368, 86, -1
79, 206, -1
19, 304, -1
6, 374, -1
347, 177, -1
126, 283, -1
165, 272, -1
41, 381, -1

