1201, 424, 1
1966, 258, 1
252, 1239, 1
3577, 1572, -1
233, 3766, -1
1989, 2152, -1
2668, 1253, -1
3860, 1919, -1
2274, 1163, -1
3921, 394, -1

3695, 3805, 1
1309, 740, 1
3347, 29, -1
2892, 107, -1
1413, 2229, -1
1644, 2802, -1
1002, 3967, -1
359, 3495, -1
2515, 2, -1
3254, 1257, -1

654, 780, 1
3733, 3676, 1
3244, 3790, 1
2930, 2554, 1
3271, 2635, 1
1196, 1790, 1
492, 178, 1
3437, 77, -1
3127, 1457, -1
2065, 1305, -1

3912, 4055, 1
3823, 3800, 1
3145, 3342, 1
3318, 2577, 1
779, 4079, -1
1349, 2749, -1
3066, 1007, -1
3579, 1792, -1
1732, 3729, -1
3732, 2044, -1

2522, 3896, 1
1483, 558, 1
2587, 3802, 1
374, 773, 1
927, 1387, 1
1927, 597, 1
688, 1423, 1
2823, 2031, -1
978, 2912, -1
3277, 360, -1

2620, 2864, 1
560, 599, 1
1194, 1801, 1
2406, 2125, 1
105, 1911, 1
2398, 1823, -1
810, 3889, -1
1252, 3738, -1
1685, 2593, -1
1564, 2368, -1

792, 1553, 1
476, 1982, 1
1316, 1809, 1
1537, 1639, 1
1571, 1817, 1
2302, 17, -1
3534, 355, -1
3668, 1854, -1
2724, 1995, -1
950, 2525, -1

1523, 1140, 1
2698, 2157, 1
3586, 2890, 1
2450, 3668, 1
2259, 2069, 1
240, 1687, 1
2324, 3439, 1
1843, 2451, -1
3659, 1519, -1
3406, 462, -1

1697, 708, 1
3211, 3686, 1
2485, 2294, 1
2127, 3261, 1
483, 3330, -1
2357, 696, -1
2284, 1184, -1
1734, 3559, -1
237, 3251, -1
2458, 1757, -1

3571, 3225, 1
2990, 2471, 1
2721, 3778, 1
674, 2987, -1
422, 2823, -1
3299, 1522, -1
487, 3789, -1
2733, 227, -1
773, 3254, -1
4086, 1340, -1

