1764, 297, 1
2118, 2543, 1
1636, 177, 1
3814, 3951, 1
980, 249, 1
515, 1948, 1
3732, 1539, -1
1896, 2813, -1
1888, 2185, -1
2761, 1620, -1

3498, 3794, 1
2728, 2082, 1
2229, 2628, 1
1404, 630, 1
158, 1093, 1
1920, 1951, 1
155, 2399, -1
2537, 2020, -1
3631, 1767, -1
2606, 877, -1

2863, 2542, 1
2675, 3036, 1
3865, 3628, 1
191, 2433, -1
739, 3537, -1
3798, 1219, -1
1824, 2369, -1
2101, 873, -1
1463, 3834, -1
224, 2440, -1

2546, 2328, 1
3665, 2059, 1
667, 1672, 1
2397, 860, -1
2673, 1460, -1
3062, 834, -1
1093, 3576, -1
1913, 2919, -1
2647, 963, -1
3889, 926, -1

2591, 2940, 1
2959, 3494, 1
3551, 3595, 1
2122, 3081, 1
3220, 3692, 1
81, 3180, -1
3157, 284, -1
1864, 2759, -1
3949, 607, -1
944, 2331, -1

2052, 3335, 1
3497, 2373, 1
3430, 2319, 1
348, 1721, 1
3542, 4019, 1
984, 2286, -1
3052, 554, -1
2877, 442, -1
621, 2411, -1
906, 2356, -1

1939, 432, 1
2949, 2309, 1
2170, 3263, 1
764, 812, 1
539, 514, 1
481, 1047, 1
2730, 1447, -1
2060, 719, -1
1921, 2950, -1
3459, 1413, -1

1557, 1716, 1
3166, 2184, 1
68, 881, 1
3453, 2478, 1
859, 1546, 1
1904, 2797, -1
1144, 3402, -1
3804, 479, -1
228, 2664, -1
2295, 1759, -1

2347, 3798, 1
3013, 2816, 1
2567, 3344, 1
3989, 1126, -1
668, 2443, -1
153, 2327, -1
1900, 3664, -1
1214, 2361, -1
3926, 882, -1
1823, 3621, -1

408, 1458, 1
3121, 2405, 1
3149, 2208, 1
3315, 3273, 1
3724, 2783, 1
621, 253, 1
1855, 3848, -1
2425, 2006, -1
3131, 1704, -1
1416, 2497, -1

