3923, 3875, 1
3034, 3037, 1
3249, 2577, 1
3591, 2799, 1
3268, 3951, 1
2849, 2294, 1
1972, 108, 1
2429, 2122, 1
1836, 492, 1
3573, 3644, 1
2113, 2497, 1
3935, 3069, 1
2774, 2450, 1
420, 1930, 1
2483, 3256, 1
3799, 3573, 1
1020, 1946, 1
494, 550, 1
148, 937, 1
3701, 3000, 1
1196, 605, 1
1718, 1995, 1
365, 968, 1
3353, 2391, 1
1410, 1327, 1
2282, 2105, 1
555, 608, 1
2627, 2836, 1
2977, 2952, 1
1163, 1756, 1
3888, 3266, 1
617, 702, 1
1686, 795, 1
1112, 1319, 1
3564, 2243, 1
2585, 3886, 1
1009, 317, 1
1317, 1527, 1
2445, 4057, 1
1080, 91, 1
2283, 2325, 1
3143, 2915, 1
1950, 816, 1
1543, 111, 1
2669, 3417, 1
100, 1871, 1
2160, 2208, 1
2491, 2157, 1
2520, 3361, 1
1307, 940, 1
3142, 2405, 1
1359, 1765, 1
1892, 1719, 1
3644, 3799, 1
786, 645, 1
3573, 3799, 1
4057, 2445, 1
3644, 3573, 1
968, 365, 1
550, 494, 1
1074, 3297, -1
298, 2571, -1
1698, 3789, -1
2472, 423, -1
1992, 3025, -1
0, 3774, -1
1550, 3172, -1
968, 2923, -1
3381, 1211, -1
3735, 588, -1
3819, 1609, -1
4057, 406, -1
1786, 2976, -1
3685, 1158, -1
645, 3982, -1
1426, 3533, -1
1760, 3139, -1
2137, 1133, -1
1747, 2623, -1
3114, 547, -1
1532, 3781, -1
3775, 1662, -1
2354, 774, -1
3879, 243, -1
1867, 2154, -1
2325, 1892, -1
2325, 1719, -1
1720, 2686, -1
1611, 2534, -1
2198, 494, -1
1017, 3617, -1
1078, 3154, -1
3103, 736, -1
879, 4076, -1
468, 2997, -1
2366, 1937, -1
3764, 381, -1
1571, 2357, -1
1501, 2596, -1
2170, 1667, -1
3012, 918, -1
216, 2057, -1
821, 3076, -1
2006, 2775, -1
2252, 1205, -1
3621, 710, -1
1912, 3295, -1
786, 3982, -1
2283, 1719, -1
2283, 1892, -1
2923, 365, -1
550, 2198, -1
2445, 406, -1
1892, 2325, -1

