28930, 49537, 52676, 3
68563, 11397, 796, 3
10016, 14938, 27146, 3
23603, 11994, 33508, 3
39839, 56015, 65098, 3
25298, 3578, 47197, 3
43000, 45533, 2586, 3
28675, 31094, 11095, 3
24141, 29017, 14617, 3
27472, 16503, 21929, 3
11471, 47696, 22204, 3
66398, 15189, 16006, 3
9883, 37813, 38235, 3
30818, 14989, 54376, 3
27879, 65818, 58172, 3
47690, 21047, 30304, 3
2284, 58386, 4619, 3
16948, 33002, 40249, 3
14731, 25917, 22979, 3
16992, 50195, 12386, 3
60419, 36713, 23125, 3
5446, 55294, 25054, 3
11503, 57842, 63915, 3
20065, 8124, 53510, 3
6246, 50456, 64437, 3
44771, 51225, 66895, 3
29790, 69988, 21477, 3
46447, 8203, 42121, 3
18875, 35191, 1591, 3
24956, 52205, 42906, 3
24363, 51663, 52301, 3
20818, 20082, 42402, 3
32885, 14552, 1279, 3
21366, 12178, 6416, 3
34640, 25338, 32346, 3
59814, 52169, 1609, 3
35526, 13185, 24638, 3
30166, 41308, 26042, 3
40330, 27499, 67565, 3
67792, 18811, 68082, 3
15959, 37974, 11423, 3
33048, 14855, 36698, 3
44564, 68292, 40833, 3
40040, 40692, 50801, 3
23585, 3212, 27204, 3
54529, 64437, 26345, 3
61013, 36473, 62832, 3
8094, 18841, 44724, 3
37953, 15404, 35216, 3
34177, 35567, 42640, 3
42844, 20502, 65031, 3
23103, 66780, 38053, 3
67050, 23489, 15330, 3
61730, 20090, 66499, 3
52273, 28727, 68174, 3
16772, 3278, 33149, 3
40051, 49134, 69644, 3
7809, 63900, 44104, 3
67066, 60299, 50046, 3
34146, 11929, 48873, 3
62908, 66687, 14603, 3
11095, 25380, 43701, 3
27674, 10213, 66798, 3
17889, 6593, 1857, 3
4428, 31055, 10181, 3
61032, 32187, 7092, 3
24659, 53526, 19958, 3
51892, 36455, 45507, 3
65754, 60678, 19138, 3
63856, 38104, 58315, 3
23957, 12469, 53796, 3
32364, 10451, 64141, 3
1777, 44166, 28658, 3
2199, 65656, 33279, 3
32870, 31558, 53595, 3
582, 23902, 58134, 3
29282, 42874, 19634, 3
55999, 60588, 11283, 3
59143, 899, 11419, 3
69781, 50490, 12333, 3
29468, 66208, 48700, 3
3655, 65785, 31520, 3
17408, 24933, 7263, 3
31740, 64956, 63232, 3
57418, 6978, 48082, 3
12584, 63486, 23574, 3
8972, 19526, 68489, 3
30052, 36548, 54216, 3
31402, 5744, 47590, 3
28936, 19181, 34871, 3
61636, 10125, 47022, 3
20480, 24266, 50376, 3
5695, 28724, 23940, 3
47277, 4375, 58668, 3
19390, 32821, 23867, 3
41035, 30325, 1263, 3
63840, 49624, 4985, 3
15609, 1048, 28018, 3
3012, 59989, 68498, 3
44581, 27206, 69299, 3
19848, 69707, 5356, 3
43836, 44807, 42425, 3
25204, 31590, 26082, 3
5944, 23231, 30489, 3
5665, 65591, 50849, 3
36778, 31140, 21300, 3
36567, 60214, 50129, 3
34475, 24004, 33312, 3
46260, 45409, 11282, 3
38363, 2173, 27431, 3
35591, 59389, 17239, 3
42040, 42039, 56841, 3
8938, 13296, 54040, 3
55830, 41762, 47148, 3
56500, 26889, 30080, 3
7176, 49643, 17449, 3
24838, 21551, 903, 3
40824, 64160, 11547, 3
40894, 7151, 59524, 3
25563, 13634, 8451, 3
28844, 47515, 38165, 3
703, 47655, 25925, 3
27137, 22930, 28906, 3
50180, 65996, 64856, 3
35494, 7890, 25791, 3
5311, 37838, 31265, 3
24525, 68567, 27056, 3
33738, 8126, 50135, 3
38621, 47060, 30488, 3
31074, 12042, 65129, 3
40562, 39555, 4302, 3
65790, 43285, 12205, 3
69293, 14146, 8079, 3
11945, 7173, 36264, 3
6496, 43253, 25535, 3
55827, 68901, 44784, 3
8933, 67593, 49284, 3
519, 6166, 9920, 3
66290, 68623, 53411, 3
62371, 32245, 37690, 3
40245, 67755, 26233, 3
3063, 3206, 33666, 3
6230, 23692, 49605, 3
40974, 20346, 48874, 3
61247, 45106, 2573, 3
24950, 19098, 64730, 3
40817, 5635, 30428, 3
17224, 17484, 23364, 3
66874, 68820, 3436, 3
4010, 22552, 24857, 3
18866, 49395, 13282, 3
43876, 42990, 59632, 3
10472, 24269, 26678, 3
60096, 68540, 23028, 3
55483, 11777, 699, 3
66551, 58180, 63346, 3
54040, 60214, 31369, 3
31248, 2297, 66188, 3
63590, 49137, 45076, 3
54035, 50910, 4042, 3
24661, 7432, 11163, 3
38387, 23712, 15914, 3
63274, 4367, 61484, 3
67827, 23508, 62820, 3
69678, 18120, 7928, 3
5660, 53761, 993, 3
51708, 60173, 58861, 3
21936, 50196, 40504, 3
53945, 56623, 40196, 3
2759, 69212, 15050, 3
48144, 48763, 43034, 3
23519, 54943, 27665, 3
15955, 20644, 14155, 3
29875, 6788, 50020, 3
25095, 13890, 18376, 3
35701, 29182, 48363, 3
68032, 68011, 63477, 3
29800, 42784, 30696, 3
15658, 26369, 40108, 3
68594, 35989, 24715, 3
24631, 10238, 45141, 3
42387, 59878, 11715, 3
9849, 46250, 46003, 3
42309, 60841, 41837, 3
14373, 24773, 38813, 3
18118, 30884, 17771, 3
16466, 42524, 5963, 3
65333, 52150, 23974, 3
59365, 66741, 1811, 3
19905, 55179, 56596, 3
51683, 54982, 41996, 3
17539, 49459, 12964, 3
51121, 32876, 49641, 3
66938, 58206, 24179, 3
41396, 563, 42640, 3
22995, 58261, 25269, 3
32371, 15980, 61488, 3
28132, 14757, 47646, 3
69127, 14316, 25924, 3
60741, 48414, 41582, 3
9946, 15558, 56346, 3
26599, 51973, 56828, 3
35428, 31374, 67742, 3
55282, 40745, 9843, 3
4854, 69148, 6908, 3
43541, 62426, 50996, 3
31627, 43427, 18090, 3
43511, 18407, 43023, 3
53346, 22407, 67612, 3
61987, 53833, 32939, 3
22605, 36095, 60464, 3
52666, 2478, 46382, 3
21815, 65764, 38072, 3
22244, 56695, 31462, 3
27857, 28398, 26274, 3
39466, 50526, 58017, 3
66866, 6598, 44457, 3
51054, 60000, 22699, 3
53770, 42940, 43862, 3
11936, 2568, 65871, 3
39243, 43055, 8927, 3
26138, 40106, 45325, 3
54914, 19173, 60295, 3
53551, 1963, 7884, 3
15043, 36289, 6141, 3
2476, 54268, 2126, 3
55671, 43362, 51830, 3
60346, 16826, 53706, 3
42156, 40800, 34119, 3
30591, 31823, 47014, 3
41767, 27888, 4986, 3
33353, 18595, 21943, 3
66593, 5588, 45957, 3
32765, 16248, 8343, 3
54997, 53687, 67853, 3
36225, 32052, 41544, 3
30919, 20825, 69145, 3
5487, 12191, 34204, 3
52616, 10655, 551, 3
28647, 34123, 20666, 3
7857, 4335, 7950, 3
3090, 45388, 6785, 3
55366, 45301, 67308, 3
33430, 49974, 30365, 3
16678, 32027, 21303, 3
23122, 64585, 35885, 3
22611, 16952, 59267, 3
20346, 34756, 54540, 3
14088, 53551, 44401, 3
48343, 55609, 290, 3
1523, 31624, 41878, 3
46496, 48877, 67702, 3
25289, 32123, 47832, 3
24074, 29930, 43470, 3
16649, 6264, 16953, 3
34557, 35067, 57751, 3
19314, 58221, 5752, 3
43037, 56413, 22247, 3
61856, 52895, 57681, 3
51609, 64172, 15110, 3
60614, 67274, 4420, 3
50735, 64036, 41973, 3
715, 40517, 40425, 3
13923, 63851, 14228, 3
13914, 16531, 37916, 3
45912, 11286, 26329, 3
56525, 20528, 52525, 3
415, 32815, 53233, 3
56139, 27861, 50295, 3
61434, 65848, 64208, 3
47785, 42241, 33907, 3
42114, 38457, 27250, 3
40287, 12958, 52165, 3
12939, 13211, 54886, 3
51273, 56121, 30449, 3
6685, 5706, 68861, 3
68414, 52216, 39826, 3
53372, 69776, 33984, 3
60422, 15915, 3926, 3
54186, 17604, 1296, 3
63719, 24228, 46107, 3
2486, 29106, 4098, 3
37660, 22775, 14629, 3
41905, 27968, 35950, 3
58035, 24397, 52848, 3
64890, 22180, 49538, 3
66269, 50074, 15999, 3
9149, 20151, 55853, 3
6154, 13542, 9087, 3
12961, 13405, 34040, 3
24784, 69118, 9331, 3
19312, 50814, 50634, 3
11311, 4475, 41047, 3
58233, 59293, 46494, 3
50366, 54361, 32459, 3
68269, 7023, 41812, 3
13648, 66219, 27626, 3
34767, 51038, 30301, 3
65599, 27858, 30354, 3
22143, 5986, 30818, 3
42267, 1303, 57266, 3
57247, 62340, 41359, 3
11365, 12653, 9819, 3
62037, 37823, 49935, 3
22260, 20607, 23505, 3
67050, 11075, 25272, 3
13210, 62791, 58548, 3
7901, 13781, 47391, 3
2404, 12962, 41762, 3
12952, 316, 20119, 3
15874, 17081, 34361, 3
69478, 36775, 61387, 3
3028, 46470, 50463, 3
17520, 7369, 31904, 3
41178, 68310, 55585, 3
7710, 16721, 4582, 3
36369, 35804, 61346, 3
4017, 36459, 40762, 3
49529, 65465, 62430, 3
24893, 42601, 38789, 3
57444, 42668, 60244, 3
45971, 13687, 36482, 3
46079, 22454, 30930, 3
52671, 49476, 11332, 3
25623, 13055, 4524, 3
22782, 1623, 39707, 3
48029, 31207, 20916, 3
9462, 19430, 38120, 3
18373, 11674, 40327, 3
21920, 15032, 66177, 3
12359, 5797, 50250, 3
26542, 58994, 57191, 3
22191, 67628, 38729, 3
31725, 5994, 6136, 3
37829, 59688, 24500, 3
29642, 29399, 30197, 3
32403, 5203, 31862, 3
63834, 17209, 55247, 3
12092, 58754, 30420, 3
16734, 9414, 6834, 3
42528, 68755, 65810, 3
60653, 9871, 59397, 3
46308, 44651, 58931, 3
16162, 18959, 17119, 3
56686, 28254, 2390, 3
46315, 12240, 63439, 3
55520, 55666, 21499, 3
20511, 9152, 45144, 3
56871, 69310, 34956, 3
32643, 1840, 10500, 3
62619, 40773, 9146, 3
58185, 5901, 66385, 3
20407, 39550, 2433, 3
37043, 53339, 3435, 3
49764, 61846, 60052, 3
65931, 65837, 1201, 3
39926, 17625, 21248, 3
20686, 62478, 65296, 3
44940, 126, 48950, 3
40079, 62221, 39102, 3
62815, 20403, 684, 3
1379, 50973, 21127, 3
42836, 43587, 22931, 3
55655, 37494, 48467, 3
47844, 28396, 41163, 3
43062, 54335, 43996, 3
15540, 6674, 50449, 3
19358, 25072, 33301, 3
68770, 58178, 22793, 3
507, 37628, 38447, 3
53371, 48412, 39142, 3
46450, 46108, 51918, 3
13624, 38512, 16126, 3
58017, 63109, 26695, 3
53071, 8842, 30335, 3
26727, 4050, 11813, 3
12436, 49832, 2413, 3
1588, 10149, 18123, 3
14985, 43022, 25196, 3
59707, 13205, 22302, 3
25734, 35251, 65929, 3
19179, 67646, 23099, 3
66091, 29594, 9806, 3
34319, 50888, 23050, 3
25464, 45685, 41767, 3
60232, 12438, 12122, 3
36337, 31175, 17685, 3
55194, 12750, 50937, 3
52124, 12965, 46057, 3
45505, 47499, 41556, 3
39451, 29579, 35349, 3
44100, 33993, 28104, 3
28890, 12876, 12848, 3
67286, 42440, 18149, 3
57614, 39667, 41940, 3
4729, 51439, 20399, 3
47053, 37876, 41429, 3
51138, 12360, 30078, 3
54827, 17911, 531, 3
6296, 34025, 13791, 3
26729, 5099, 45140, 3
48894, 15994, 13663, 3
34411, 264, 50393, 3
49241, 57804, 33569, 3
49861, 11255, 69351, 3
24467, 1584, 63397, 3
6076, 42905, 10968, 3
60418, 6981, 56808, 3
37967, 47023, 35609, 3
45063, 31444, 12858, 3
12343, 29982, 5465, 3
16691, 54668, 58279, 3
69994, 10555, 37457, 3
2908, 20946, 24770, 3
12721, 69750, 43113, 3
56546, 55825, 9367, 3
15411, 7301, 62794, 3
11256, 39894, 56232, 3
30381, 42272, 35602, 3
35353, 20410, 64356, 3
41488, 49803, 28155, 3
54241, 33643, 2710, 3
42455, 16056, 56420, 3
22826, 32981, 14508, 3
63303, 7135, 5475, 3
64425, 24936, 12796, 3
29575, 57554, 52129, 3
45662, 40201, 32085, 3
69632, 46279, 1167, 3
55544, 2602, 54839, 3
50623, 41596, 9263, 3
647, 15922, 29517, 3
24114, 37487, 11625, 3
62202, 47824, 54501, 3
24645, 5124, 1133, 3
35694, 36801, 66968, 3
19417, 32527, 16484, 3
48898, 66729, 56733, 3
47999, 11655, 26708, 3
65560, 42634, 18401, 3
36744, 25786, 5296, 3
12714, 3945, 42173, 3
22056, 34317, 58311, 3
15095, 53371, 44033, 3
57108, 30923, 50495, 3
67757, 14711, 16738, 3
16968, 5054, 19532, 3
68347, 24493, 59383, 3
2468, 52708, 18189, 3
33762, 46065, 53180, 3
65069, 46517, 36332, 3
20581, 58048, 59625, 3
18891, 27662, 42481, 3
14541, 26491, 25445, 3
48996, 34225, 22996, 3
30250, 68669, 58287, 3
54865, 8919, 59412, 3
28221, 27783, 28096, 3
14779, 50532, 48618, 3
36139, 29888, 47, 3
38388, 27865, 7150, 3
59238, 20307, 64557, 3
34860, 16315, 42328, 3
39410, 17615, 27445, 3
51911, 64186, 44238, 3
27880, 51454, 43772, 3
28125, 39824, 8422, 3
51091, 60089, 26802, 3
25443, 1219, 65305, 3
22823, 13745, 24569, 3
24962, 41883, 18640, 3
3501, 18960, 12160, 3
5653, 58791, 57690, 3
16487, 49262, 37535, 3
63105, 60185, 31567, 3
28592, 24541, 20605, 3
10708, 51741, 4417, 3
49343, 1263, 2234, 3
61589, 41309, 21667, 3
69375, 43362, 59159, 3
8829, 40535, 22431, 3
27656, 37148, 20755, 3
68467, 60895, 53259, 3
9437, 5624, 59089, 3
56974, 43452, 66905, 3
39852, 49466, 53937, 3
3768, 43929, 41092, 3
44695, 47707, 4214, 3
59370, 11816, 68983, 3
37949, 7768, 62155, 3
45135, 18698, 47279, 3
25594, 17217, 62639, 3
17815, 5906, 27266, 3
9192, 64412, 50501, 3
21620, 37195, 30030, 3
38990, 45350, 35372, 3
53551, 23998, 18321, 3
2411, 21511, 66443, 3
16121, 47686, 61917, 3
45495, 56713, 62507, 3
1164, 1248, 1
566, 525, 1
231, 134, 1
128, 70, 1
14, 982, 1
1476, 1233, 1
1, 1152, 1
564, 967, 1
1171, 372, 1
1460, 828, 1
380, 271, 1
501, 247, 1
105, 1181, 1
81, 1368, 1
817, 368, 1
352, 963, 1
113, 1197, 1
1371, 979, 1
1367, 860, 1
1311, 845, 1
1, 1403, 1
1194, 1284, 1
1379, 166, 1
873, 448, 1
891, 538, 1
1193, 571, 1
1392, 42, 1
75, 596, 1
1162, 544, 1
753, 803, 1
585, 754, 1
977, 395, 1
236, 912, 1
428, 1061, 1
989, 82, 1
205, 747, 1
1330, 457, 1
500, 895, 1
1448, 369, 1
1066, 788, 1
353, 518, 1
1428, 361, 1
962, 934, 1
382, 1230, 1
1337, 1041, 1
1152, 1403, 1
1152, 1, 1
547, 1256, -1
1304, 926, -1
1337, 867, -1
1156, 947, -1
510, 950, -1
1210, 1021, -1
16, 629, -1
440, 755, -1
1451, 173, -1
1424, 1294, -1
97, 1272, -1
552, 1356, -1
168, 648, -1
634, 86, -1
973, 1330, -1
459, 1203, -1
647, 19, -1
789, 777, -1
88, 838, -1
705, 664, -1
1191, 18, -1
332, 806, -1
1310, 454, -1
1378, 1322, -1
429, 955, -1
258, 1442, -1
515, 776, -1
1157, 693, -1
672, 312, -1
83, 640, -1
836, 415, -1
583, 809, -1
1357, 211, -1
84, 899, -1
1111, 546, -1
705, 495, -1
356, 52, -1
1047, 527, -1
1333, 709, -1
301, 1053, -1
91, 582, -1
530, 827, -1
1411, 450, -1
827, 728, -1
517, 110, -1
347, 781, -1
1064, 489, -1
334, 816, -1
306, 1270, -1
1360, 416, -1
870, 448, -1
1243, 1057, -1
913, 1316, -1
217, 922, -1
738, 87, -1
1474, 492, -1
420, 1125, -1
223, 1325, -1
1451, 1454, -1
211, 1392, -1
678, 1382, -1
651, 591, -1
1309, 65, -1
613, 742, -1
1153, 496, -1
340, 960, -1
170, 1394, -1
472, 278, -1
990, 286, -1
931, 473, -1
296, 242, -1
1157, 1267, -1
1077, 465, -1
543, 1134, -1
408, 421, -1
887, 922, -1
914, 495, -1
89, 1033, -1
1271, 366, -1
320, 238, -1
673, 198, -1
1252, 675, -1
1468, 612, -1
1172, 343, -1
323, 1112, -1
1199, 239, -1
1397, 79, -1
40, 804, -1
177, 212, -1
547, 831, -1
1068, 1062, -1
1055, 839, -1
782, 242, -1
1134, 691, -1
971, 817, -1
1024, 45, -1
939, 857, -1
865, 72, -1
458, 180, -1
1163, 3, -1
1169, 1182, -1
384, 1021, -1
817, 955, -1
245, 426, -1
1100, 1255, -1
1115, 1013, -1
511, 266, -1
783, 522, -1
226, 1042, -1
919, 114, -1
930, 1325, -1
584, 394, -1
1048, 74, -1
394, 864, -1
1408, 1179, -1
749, 1214, -1
646, 1230, -1
245, 903, -1
901, 1304, -1
1248, 907, -1
1075, 491, -1
823, 134, -1
323, 1379, -1
969, 618, -1
126, 493, -1
722, 687, -1
1048, 1226, -1
347, 919, -1
279, 275, -1
1160, 978, -1
547, 0, -1
737, 1326, -1
72, 1264, -1
67, 626, -1
1083, 338, -1
909, 48, -1
652, 211, -1
1191, 666, -1
1315, 1169, -1
788, 773, -1
524, 155, -1
174, 1424, -1
1377, 439, -1
10, 427, -1
478, 1415, -1
426, 610, -1
1190, 1344, -1
976, 275, -1
51, 402, -1
88, 1159, -1
1099, 618, -1
1113, 454, -1
444, 1277, -1
255, 1169, -1
431, 1072, -1
1325, 1219, -1
1005, 301, -1
514, 384, -1
141, 201, -1
469, 315, -1
49, 457, -1
61, 86, -1
932, 376, -1
762, 937, -1
359, 1251, -1
872, 313, -1
439, 1119, -1
369, 1011, -1
1271, 258, -1
543, 1405, -1
564, 806, -1
830, 34, -1
739, 527, -1
1256, 1236, -1
211, 585, -1
490, 1179, -1
1282, 499, -1
575, 1166, -1
658, 1428, -1
978, 1396, -1
257, 265, -1
659, 260, -1
829, 40, -1
1236, 109, -1
527, 1428, -1
152, 842, -1
591, 1226, -1
18, 959, -1
637, 734, -1
1192, 415, -1
579, 932, -1
874, 1478, -1
835, 953, -1
353, 154, -1
1195, 1036, -1
1057, 28, -1
1273, 658, -1
99, 559, -1
1268, 1408, -1
1291, 658, -1
449, 139, -1
202, 1192, -1
178, 1368, -1
161, 399, -1
10, 1358, -1
153, 51, -1
234, 650, -1
1080, 752, -1
899, 1099, -1
254, 885, -1
961, 763, -1
910, 1433, -1
825, 946, -1
1290, 685, -1
1204, 971, -1
31, 285, -1
1054, 1481, -1
267, 123, -1
1113, 1050, -1
1035, 1397, -1
333, 90, -1
1169, 1428, -1
784, 922, -1
1343, 425, -1
884, 56, -1
1076, 101, -1
1009, 307, -1
955, 555, -1
852, 1075, -1
817, 77, -1
1182, 435, -1
363, 867, -1
102, 1046, -1
689, 1134, -1
332, 1051, -1
755, 1311, -1
658, 583, -1
39, 1375, -1
239, 701, -1
218, 1329, -1
1428, 73, -1
707, 850, -1
1208, 873, -1
1155, 756, -1
827, 921, -1
1336, 357, -1
506, 89, -1
382, 633, -1
77, 1460, -1
1335, 1267, -1
1272, 685, -1
258, 1151, -1
1203, 435, -1
39, 1400, -1
1345, 885, -1
1198, 1471, -1
251, 562, -1
1482, 153, -1
1169, 181, -1
80, 536, -1
435, 1200, -1
1361, 906, -1
340, 746, -1
1272, 546, -1
801, 1352, -1
303, 422, -1
152, 599, -1
385, 1371, -1
598, 621, -1
374, 209, -1
1191, 322, -1
431, 725, -1
1186, 967, -1
321, 978, -1
127, 1194, -1
529, 0, -1
1392, 1008, -1
89, 1108, -1
63, 507, -1
35, 361, -1
534, 1332, -1
1249, 778, -1
1276, 1258, -1
314, 672, -1
483, 208, -1
1323, 166, -1
919, 457, -1
243, 998, -1
110, 184, -1
150, 1178, -1
357, 522, -1
479, 4, -1
1332, 1143, -1
180, 1267, -1
1319, 14, -1
963, 827, -1
621, 861, -1
941, 178, -1
178, 1225, -1
998, 1264, -1
650, 557, -1
518, 737, -1
1452, 1107, -1
293, 162, -1
540, 736, -1
609, 1136, -1
712, 1469, -1
475, 1207, -1
1034, 850, -1
1443, 1329, -1
861, 1081, -1
1049, 31, -1
912, 348, -1
196, 287, -1
1283, 1197, -1
1412, 11, -1
1233, 1329, -1
518, 174, -1
517, 1274, -1
599, 356, -1
488, 942, -1
659, 1017, -1
769, 1115, -1
1254, 45, -1
1074, 1412, -1
1170, 804, -1
1036, 1046, -1
776, 335, -1
294, 666, -1
1152, 1260, -1
1086, 906, -1
420, 759, -1
819, 768, -1
657, 1038, -1
780, 404, -1
1309, 652, -1
688, 964, -1
276, 340, -1
892, 1236, -1
359, 187, -1
13, 1342, -1
123, 1307, -1
1281, 250, -1
1161, 0, -1
383, 1420, -1
113, 522, -1
953, 96, -1
132, 672, -1
736, 588, -1
1178, 585, -1
37, 1482, -1
454, 596, -1
1386, 261, -1
1255, 535, -1
1177, 1417, -1
1014, 186, -1
713, 1095, -1
16, 600, -1
215, 473, -1
1112, 204, -1
355, 1310, -1
312, 42, -1
383, 985, -1
514, 414, -1
358, 752, -1
763, 111, -1
520, 582, -1
1109, 648, -1
1061, 1254, -1
444, 329, -1
36, 745, -1
169, 425, -1
871, 790, -1
1427, 565, -1
1455, 212, -1
718, 632, -1
1419, 672, -1
680, 1072, -1
404, 1, -1
1228, 884, -1
1293, 359, -1
506, 814, -1
1413, 192, -1
1166, 1035, -1
478, 474, -1
88, 1269, -1
1410, 82, -1
343, 458, -1
539, 556, -1
591, 48, -1
796, 1477, -1
1457, 1230, -1
1120, 883, -1
1162, 869, -1
367, 475, -1
684, 542, -1
1459, 1418, -1
423, 1213, -1
322, 1174, -1
809, 1201, -1
1406, 130, -1
196, 5, -1
745, 1406, -1
1254, 795, -1
717, 1391, -1
357, 165, -1
1308, 1235, -1
1075, 1457, -1
573, 931, -1
696, 474, -1
1461, 1044, -1
348, 1285, -1
1180, 1351, -1
836, 869, -1
750, 1316, -1
928, 889, -1
757, 115, -1
1087, 113, -1
301, 270, -1
653, 840, -1
471, 726, -1
852, 1392, -1
94, 547, -1
472, 104, -1
1205, 451, -1
924, 1416, -1
644, 596, -1
1179, 730, -1
866, 782, -1
657, 1045, -1
44, 820, -1
1119, 879, -1
371, 681, -1
842, 1392, -1
954, 791, -1
1263, 1419, -1
1143, 255, -1
480, 1425, -1
342, 302, -1
494, 306, -1
1026, 296, -1
944, 503, -1
906, 1426, -1
1223, 395, -1
839, 749, -1
1260, 868, -1
302, 1320, -1
781, 1116, -1
1295, 1288, -1
1272, 1402, -1
1285, 163, -1
426, 3, -1
72, 403, -1
636, 1265, -1
1362, 562, -1
1208, 448, -1
1008, 42, -1
154, 518, -1
907, 1164, -1
873, 870, -1
1186, 564, -1
1330, 919, -1
737, 353, -1
1, 1260, -1
457, 973, -1
754, 211, -1
522, 1197, -1
348, 236, -1
73, 361, -1
428, 1254, -1
353, 174, -1
368, 971, -1
368, 77, -1
828, 77, -1
842, 42, -1
982, 1319, -1
361, 658, -1
382, 646, -1
1169, 361, -1
1178, 754, -1
1448, 1011, -1
1041, 867, -1
1476, 1329, -1
1379, 1323, -1
42, 852, -1
323, 166, -1
1197, 1087, -1
81, 178, -1
368, 955, -1
1457, 382, -1
806, 967, -1
42, 211, -1
49, 1330, -1
75, 644, -1
1284, 127, -1
544, 869, -1
312, 1392, -1
352, 827, -1
35, 1428, -1
755, 845, -1
1152, 404, -1
1403, 404, -1
361, 527, -1
385, 979, -1
1410, 989, -1
231, 823, -1
977, 1223, -1
75, 454, -1
633, 1230, -1
113, 1283, -1
1066, 773, -1
14, 1319, -1
1392, 852, -1
1460, 77, -1
737, 518, -1
1392, 211, -1
361, 35, -1
596, 454, -1
113, 1087, -1
1379, 323, -1
817, 971, -1
1428, 527, -1
1403, 1260, -1
1392, 842, -1
827, 963, -1
395, 1223, -1
1330, 973, -1
1008, 1392, -1
73, 1428, -1
867, 1337, -1
1194, 127, -1
1329, 1233, -1
1, 404, -1
457, 919, -1
585, 211, -1
174, 518, -1
1368, 178, -1
585, 1178, -1
633, 382, -1
448, 870, -1
1329, 1476, -1

