53061, 29611, 44485, 3
26244, 67779, 35090, 3
45855, 20263, 59037, 3
81, 4426, 66053, 3
56045, 43603, 6214, 3
57756, 58354, 27020, 3
283, 68730, 55154, 3
48914, 44175, 53592, 3
5196, 18838, 3116, 3
58546, 57344, 50836, 3
17455, 5142, 26745, 3
47992, 49731, 3837, 3
11349, 69939, 65801, 3
31827, 48495, 18061, 3
38007, 12550, 2941, 3
63705, 28101, 46920, 3
57467, 39309, 15917, 3
18984, 54441, 16462, 3
14569, 9108, 63227, 3
34847, 38304, 63939, 3
57488, 40865, 12692, 3
19128, 43190, 50096, 3
55833, 52874, 1746, 3
56361, 61682, 41586, 3
17326, 2937, 34279, 3
30177, 61125, 36064, 3
26654, 47406, 52244, 3
59622, 55236, 56129, 3
9667, 41684, 17295, 3
53466, 52709, 65667, 3
27187, 2734, 4007, 3
66472, 62809, 10459, 3
24389, 55331, 4582, 3
16641, 7646, 52527, 3
25150, 35393, 17071, 3
31207, 26190, 38766, 3
33413, 32029, 54226, 3
22951, 55877, 63033, 3
12032, 26216, 11519, 3
20007, 69693, 8584, 3
45013, 47504, 19832, 3
55695, 19979, 65340, 3
20546, 10786, 16178, 3
6293, 22165, 8496, 3
56917, 18988, 31049, 3
54502, 44258, 39592, 3
44153, 14490, 45378, 3
54201, 64277, 66542, 3
50539, 914, 3186, 3
68805, 62509, 65337, 3
25590, 5277, 39596, 3
30299, 6911, 8745, 3
58785, 34950, 36467, 3
55572, 9614, 68260, 3
29098, 13254, 6660, 3
18685, 47085, 21262, 3
37328, 66273, 34465, 3
31919, 57174, 9073, 3
46463, 21127, 30016, 3
1495, 25796, 40220, 3
20955, 53943, 14271, 3
5168, 66914, 29756, 3
46784, 36144, 42777, 3
60233, 27469, 46737, 3
39343, 36751, 4025, 3
50130, 21895, 60750, 3
55530, 51094, 56886, 3
25176, 28723, 26917, 3
8205, 60705, 48482, 3
66198, 8364, 21540, 3
21662, 58970, 46813, 3
47962, 63086, 26597, 3
48520, 23034, 62560, 3
57266, 15048, 56077, 3
26821, 38636, 46496, 3
18941, 48326, 26661, 3
65479, 31799, 35974, 3
66595, 51202, 19452, 3
34838, 68997, 830, 3
24927, 5901, 25702, 3
25608, 20134, 1944, 3
65563, 3820, 31615, 3
40881, 55755, 35742, 3
21457, 51231, 51592, 3
46565, 6647, 36637, 3
68167, 51427, 33810, 3
57157, 17530, 6207, 3
13753, 65556, 69557, 3
26847, 63188, 40099, 3
28643, 69170, 26981, 3
64475, 3148, 15098, 3
36560, 34270, 48592, 3
11036, 58633, 21161, 3
11294, 2829, 19818, 3
37914, 42595, 68105, 3
45616, 54673, 54428, 3
61572, 31445, 14957, 3
8348, 7854, 57764, 3
15176, 62571, 57697, 3
24395, 31882, 44348, 3
53753, 45974, 39919, 3
22578, 11986, 29327, 3
9530, 24871, 32093, 3
13340, 29938, 61564, 3
29606, 68734, 1349, 3
20603, 6480, 69322, 3
38381, 38542, 15484, 3
38636, 11853, 15501, 3
9101, 59103, 25614, 3
65190, 1763, 66504, 3
35455, 15165, 26113, 3
36165, 13168, 19, 3
60053, 35304, 8553, 3
10909, 44562, 32282, 3
4105, 37949, 14497, 3
26604, 68857, 40503, 3
33271, 68838, 50597, 3
30334, 2368, 47409, 3
15517, 36567, 38675, 3
60041, 64453, 48551, 3
31025, 59801, 10712, 3
43007, 42893, 29035, 3
5801, 3764, 11777, 3
58469, 11688, 22225, 3
35665, 57844, 64489, 3
1692, 68212, 31989, 3
35682, 16354, 18469, 3
27686, 44538, 59817, 3
20625, 14500, 55563, 3
25064, 11102, 6595, 3
5426, 40477, 40229, 3
59128, 25517, 56929, 3
24294, 68961, 26163, 3
62077, 62969, 4669, 3
11465, 47120, 25594, 3
28726, 44205, 275, 3
39732, 59414, 57347, 3
54355, 50532, 15225, 3
62123, 25018, 9301, 3
1665, 16119, 54905, 3
4401, 68313, 53823, 3
10939, 28392, 26232, 3
46443, 49928, 43201, 3
11745, 44328, 15502, 3
25140, 21894, 68386, 3
65565, 59447, 15751, 3
29136, 38574, 24916, 3
42091, 51616, 6800, 3
62153, 25202, 1827, 3
64161, 4058, 23986, 3
49599, 54348, 52990, 3
22132, 47277, 35304, 3
979, 67732, 32468, 3
65315, 8630, 55571, 3
40260, 57913, 64136, 3
57854, 60656, 31444, 3
61442, 57322, 58554, 3
61997, 31777, 28063, 3
30958, 28230, 22389, 3
12354, 67021, 49563, 3
27362, 29615, 43191, 3
47790, 51314, 30375, 3
5571, 44916, 8859, 3
16349, 5114, 60487, 3
9635, 38032, 58437, 3
2749, 67183, 2566, 3
6855, 11454, 24421, 3
36879, 3788, 46700, 3
52208, 17756, 15148, 3
3871, 39917, 47641, 3
58711, 45508, 3763, 3
46924, 25017, 45399, 3
22238, 9892, 3245, 3
267, 47029, 27365, 3
38936, 32627, 61186, 3
41992, 47458, 53822, 3
45689, 5284, 34648, 3
34590, 42932, 24743, 3
63207, 60968, 50565, 3
59251, 65987, 41787, 3
49009, 27560, 60050, 3
57580, 25865, 872, 3
58860, 4084, 22361, 3
43488, 6619, 20995, 3
67073, 11305, 21218, 3
45534, 1753, 7275, 3
41812, 67439, 24325, 3
25014, 32403, 58189, 3
61776, 38973, 7726, 3
18206, 7578, 55915, 3
38520, 46242, 53906, 3
36313, 64715, 35276, 3
14998, 21498, 14607, 3
52726, 6111, 36827, 3
18697, 13513, 65274, 3
55850, 65885, 67871, 3
30478, 7033, 37264, 3
35258, 58190, 48857, 3
7714, 66961, 38295, 3
39681, 68632, 45115, 3
29114, 33804, 52193, 3
4144, 43254, 14874, 3
44754, 55021, 27322, 3
51332, 12241, 10755, 3
31908, 40360, 63643, 3
12537, 64152, 49313, 3
66639, 19021, 16844, 3
11760, 33116, 2382, 3
54715, 47174, 57029, 3
25732, 46447, 30628, 3
60078, 48603, 13293, 3
64278, 47769, 69825, 3
14490, 19322, 55712, 3
27197, 16134, 54067, 3
35558, 23553, 21322, 3
35331, 23218, 48287, 3
63779, 10961, 43431, 3
9036, 2051, 36344, 3
67285, 41017, 66361, 3
2405, 7926, 40156, 3
8778, 51541, 48564, 3
48555, 54127, 60765, 3
21897, 16151, 5096, 3
54026, 35584, 35238, 3
24762, 42378, 44853, 3
60246, 41179, 2073, 3
58314, 26984, 50155, 3
36480, 65693, 13440, 3
51809, 14128, 53024, 3
40301, 49963, 28977, 3
17985, 48522, 27785, 3
8398, 69259, 65849, 3
31053, 59406, 40975, 3
3467, 3780, 64695, 3
10749, 37174, 23882, 3
28246, 67266, 46887, 3
13272, 31231, 1981, 3
8453, 5155, 38729, 3
39187, 7527, 40857, 3
51830, 34257, 54323, 3
56803, 10129, 42018, 3
13541, 43945, 53637, 3
68172, 64020, 31620, 3
14038, 11498, 38728, 3
3569, 28984, 46258, 3
24411, 31590, 18019, 3
19482, 31248, 45902, 3
36368, 39032, 11804, 3
48494, 58558, 26765, 3
60755, 12064, 30534, 3
37421, 5240, 53566, 3
46610, 33851, 20379, 3
13497, 55116, 45440, 3
13512, 58195, 33222, 3
14433, 53637, 59489, 3
36725, 54587, 54286, 3
58896, 64382, 18588, 3
64532, 42313, 49208, 3
63119, 68796, 20887, 3
22143, 23298, 30000, 3
22498, 23206, 61539, 3
4672, 55023, 29058, 3
55418, 62007, 7535, 3
2968, 4696, 19731, 3
17922, 46621, 46680, 3
15711, 15005, 5256, 3
13489, 4921, 9881, 3
44516, 27546, 15001, 3
31748, 11471, 40560, 3
43011, 50077, 56346, 3
3445, 6915, 18566, 3
4508, 69599, 51489, 3
59465, 18496, 51391, 3
56666, 16080, 24372, 3
15023, 511, 57016, 3
64502, 22454, 37419, 3
27897, 66475, 11226, 3
15345, 23579, 63469, 3
47230, 58150, 63534, 3
49811, 59965, 40827, 3
52014, 49348, 52181, 3
32749, 22674, 23961, 3
41495, 49214, 50399, 3
19569, 38389, 54264, 3
27263, 31822, 15117, 3
14348, 30470, 8321, 3
37921, 27769, 48693, 3
21240, 17363, 46302, 3
45129, 64597, 53216, 3
16098, 50121, 11582, 3
36019, 48182, 58961, 3
35039, 27929, 49217, 3
8456, 41425, 6996, 3
35031, 385, 55433, 3
68199, 19471, 50402, 3
50019, 57589, 4210, 3
68404, 34909, 27512, 3
40226, 63275, 3048, 3
68228, 4430, 14757, 3
5276, 5716, 3898, 3
50346, 43711, 29801, 3
42015, 25756, 66547, 3
60142, 65918, 17573, 3
29851, 14829, 37338, 3
4389, 2003, 67642, 3
27369, 60115, 69703, 3
60499, 1724, 15693, 3
48171, 25667, 26295, 3
3312, 25678, 33000, 3
9508, 5126, 32731, 3
38429, 30009, 16959, 3
32605, 6115, 57392, 3
5312, 43911, 24755, 3
49708, 8137, 7518, 3
46523, 52770, 36368, 3
47437, 53047, 41440, 3
45508, 62858, 50499, 3
42080, 39108, 37131, 3
24838, 13057, 29385, 3
48203, 20806, 5379, 3
53031, 25495, 16550, 3
732, 22491, 66044, 3
1059, 52574, 44888, 3
1882, 38622, 29191, 3
40824, 36578, 30110, 3
45221, 29730, 21451, 3
24455, 23391, 27958, 3
46302, 67673, 16360, 3
62229, 38207, 46581, 3
42890, 54578, 38956, 3
31723, 38047, 67855, 3
15725, 57099, 52027, 3
41926, 63820, 21177, 3
8224, 39515, 177, 3
26882, 25752, 44450, 3
3102, 63202, 69396, 3
56696, 18304, 20735, 3
28672, 68430, 30692, 3
43857, 53824, 10522, 3
384, 39789, 17583, 3
668, 26685, 15989, 3
37333, 16709, 18963, 3
13844, 21884, 52682, 3
41761, 61009, 17733, 3
47398, 49115, 41130, 3
56104, 49332, 68170, 3
15879, 67044, 18022, 3
54298, 9931, 15844, 3
59797, 14601, 49670, 3
8185, 58435, 30291, 3
44598, 19762, 41057, 3
30972, 31864, 43087, 3
49236, 31547, 49521, 3
62776, 59983, 4948, 3
49902, 15150, 66651, 3
40003, 23692, 23486, 3
30520, 1551, 65354, 3
2710, 65061, 37554, 3
39246, 33307, 18327, 3
25942, 288, 3877, 3
54558, 2606, 31894, 3
1825, 62166, 14236, 3
32177, 52116, 33720, 3
45647, 54197, 40755, 3
9723, 5603, 62514, 3
30638, 28981, 3389, 3
66817, 52803, 49075, 3
64962, 14088, 5991, 3
19184, 54449, 25924, 3
43407, 24496, 25868, 3
58486, 870, 27027, 3
3964, 26721, 67770, 3
44136, 306, 17578, 3
57328, 59312, 8542, 3
7177, 18811, 42425, 3
8330, 24332, 175, 3
30014, 39696, 37203, 3
30432, 20149, 42174, 3
8794, 60923, 26568, 3
33369, 69221, 68933, 3
27798, 25647, 60139, 3
68247, 55148, 47591, 3
23126, 53519, 30046, 3
53542, 41279, 32728, 3
26341, 41210, 3316, 3
54809, 54358, 26216, 3
34905, 50025, 30734, 3
26925, 30266, 13439, 3
4039, 3542, 11175, 3
10735, 30601, 12450, 3
66256, 22574, 19930, 3
35908, 43625, 18851, 3
54992, 49446, 24096, 3
17874, 65441, 1037, 3
11699, 1310, 20178, 3
47646, 32533, 31598, 3
15155, 44404, 31705, 3
57973, 23450, 26074, 3
20003, 48629, 48843, 3
11154, 28619, 60402, 3
68264, 56060, 8226, 3
23871, 11, 52766, 3
13182, 4158, 41035, 3
35644, 54025, 13409, 3
62806, 16075, 49038, 3
15825, 38975, 20675, 3
8536, 63562, 62630, 3
67207, 7774, 57998, 3
39553, 55985, 45731, 3
17722, 3677, 183, 3
61153, 22216, 69009, 3
19143, 63541, 28270, 3
59771, 12187, 15504, 3
8267, 6358, 13111, 3
52543, 19832, 8346, 3
9897, 18043, 48962, 3
64368, 56842, 69017, 3
24287, 40338, 60013, 3
9629, 29392, 10628, 3
63772, 59029, 50024, 3
57919, 54250, 32316, 3
57054, 41399, 24300, 3
16793, 18764, 33839, 3
14304, 18012, 14174, 3
13325, 69163, 46412, 3
42605, 33284, 68646, 3
4045, 61602, 39735, 3
18784, 3840, 46876, 3
10750, 53981, 21880, 3
7398, 58231, 40325, 3
16958, 41687, 17360, 3
35304, 30949, 42608, 3
34176, 59541, 51662, 3
16411, 59935, 10808, 3
43850, 59311, 25882, 3
3133, 9456, 35125, 3
6900, 61344, 53352, 3
23808, 21029, 29711, 3
19855, 12678, 34729, 3
51667, 51069, 59975, 3
69125, 74, 9028, 3
36800, 40473, 36729, 3
62809, 54185, 68836, 3
66940, 37712, 47800, 3
61513, 35658, 48114, 3
607, 9677, 18410, 3
39401, 51896, 29498, 3
21384, 14975, 59498, 3
19544, 2820, 11786, 3
10775, 67827, 61260, 3
52387, 22699, 54296, 3
31629, 30547, 65679, 3
63183, 27568, 15620, 3
43371, 61765, 19839, 3
64128, 54275, 60872, 3
35965, 21652, 46812, 3
22962, 3913, 40021, 3
46802, 17108, 35930, 3
31581, 11027, 37958, 3
380, 39161, 53611, 3
3702, 62214, 65137, 3
69117, 55904, 25880, 3
57072, 8932, 40525, 3
60815, 28799, 48168, 3
47259, 64078, 18787, 3
30890, 11063, 31971, 3
22355, 1, 58363, 3
49197, 27735, 1817, 3
21341, 53127, 3675, 3
37461, 15554, 61422, 3
41058, 3069, 18206, 3
14379, 68398, 55903, 3
68940, 7368, 4542, 3
55269, 16141, 61228, 3
38761, 56115, 44934, 3
46808, 20355, 13520, 3
40316, 28820, 10332, 3
39888, 27425, 3690, 3
14917, 29908, 64116, 3
60885, 13687, 54042, 3
42162, 22732, 38085, 3
65715, 15995, 53633, 3
38182, 15077, 51501, 3
37496, 6247, 33192, 3
24883, 17714, 48864, 3
16187, 9612, 45342, 3
32251, 55562, 42162, 3
34799, 18272, 23523, 3
32510, 9690, 31627, 3
66700, 68560, 55477, 3
66817, 24868, 22000, 3
68170, 36805, 7536, 3
10588, 31166, 52617, 3
24161, 59365, 20318, 3
65679, 34198, 47561, 3
66492, 49244, 25656, 3
26838, 42883, 28178, 3
19615, 29331, 31352, 3
25981, 30847, 935, 3
32972, 44733, 29025, 3
271, 379, 1
181, 857, 1
94, 1223, 1
1229, 288, 1
246, 669, 1
815, 579, 1
876, 125, 1
270, 397, 1
1135, 1481, 1
1356, 1135, 1
188, 528, 1
869, 1000, 1
1353, 307, 1
1102, 1093, 1
784, 188, 1
74, 181, 1
1478, 588, 1
811, 149, 1
1127, 1381, 1
355, 224, 1
1032, 407, 1
1289, 935, 1
373, 1408, 1
694, 708, 1
1057, 1154, 1
1190, 1184, 1
1140, 1033, 1
1395, 381, 1
1390, 381, 1
1304, 232, 1
1309, 892, 1
980, 932, 1
237, 1110, 1
453, 216, 1
214, 824, 1
1395, 830, 1
224, 1131, 1
364, 1147, 1
1297, 430, 1
560, 467, 1
1416, 505, 1
714, 190, 1
381, 830, 1
355, 1131, 1
1481, 1356, 1
857, 74, 1
1395, 1390, 1
784, 528, 1
381, 1390, 1
857, 181, 1
1481, 1135, 1
224, 355, 1
830, 1390, 1
1390, 830, 1
528, 188, 1
830, 1395, 1
528, 784, 1
830, 381, 1
1131, 355, 1
1390, 1395, 1
965, 941, -1
487, 232, -1
815, 5, -1
280, 1156, -1
1201, 288, -1
1209, 954, -1
64, 43, -1
1228, 1276, -1
119, 363, -1
910, 1025, -1
1373, 954, -1
39, 1201, -1
222, 974, -1
797, 278, -1
689, 658, -1
231, 842, -1
995, 1254, -1
1280, 1225, -1
801, 718, -1
130, 852, -1
173, 1366, -1
976, 148, -1
339, 988, -1
470, 292, -1
595, 213, -1
1274, 996, -1
155, 516, -1
847, 1410, -1
1224, 1432, -1
194, 1192, -1
1440, 49, -1
43, 1106, -1
79, 1185, -1
903, 1156, -1
100, 521, -1
523, 227, -1
146, 304, -1
48, 1156, -1
1318, 387, -1
718, 875, -1
398, 1279, -1
370, 1049, -1
1382, 1212, -1
83, 207, -1
1042, 379, -1
1314, 548, -1
162, 25, -1
1464, 931, -1
1402, 1303, -1
45, 745, -1
763, 905, -1
484, 824, -1
90, 281, -1
537, 2, -1
1378, 913, -1
1352, 1126, -1
479, 1015, -1
387, 218, -1
1018, 1450, -1
741, 141, -1
479, 1257, -1
465, 1464, -1
408, 619, -1
710, 376, -1
1213, 985, -1
1262, 1290, -1
965, 1025, -1
682, 120, -1
673, 438, -1
1202, 10, -1
269, 1437, -1
61, 1089, -1
897, 1069, -1
466, 731, -1
517, 779, -1
417, 430, -1
1028, 1108, -1
559, 1264, -1
294, 1391, -1
809, 4, -1
240, 310, -1
360, 164, -1
361, 897, -1
120, 1146, -1
1482, 366, -1
1283, 1253, -1
468, 344, -1
458, 1003, -1
73, 1079, -1
861, 125, -1
1309, 363, -1
447, 483, -1
1480, 1011, -1
874, 32, -1
33, 863, -1
1424, 969, -1
528, 53, -1
686, 1220, -1
691, 168, -1
1033, 67, -1
982, 245, -1
489, 844, -1
1174, 983, -1
309, 1467, -1
929, 700, -1
610, 681, -1
289, 483, -1
1358, 1175, -1
15, 319, -1
81, 862, -1
680, 644, -1
489, 325, -1
506, 513, -1
192, 35, -1
1185, 668, -1
1095, 569, -1
592, 644, -1
39, 1017, -1
414, 799, -1
233, 38, -1
1063, 73, -1
32, 298, -1
20, 765, -1
185, 612, -1
1108, 619, -1
250, 1002, -1
141, 200, -1
1448, 631, -1
1115, 411, -1
677, 38, -1
150, 654, -1
64, 575, -1
1186, 1239, -1
1053, 126, -1
416, 874, -1
287, 755, -1
438, 1290, -1
285, 467, -1
1040, 858, -1
1082, 1148, -1
1029, 310, -1
223, 647, -1
725, 978, -1
275, 1202, -1
1158, 724, -1
955, 127, -1
736, 392, -1
1049, 893, -1
967, 875, -1
107, 117, -1
515, 1416, -1
1392, 342, -1
1444, 168, -1
1312, 1343, -1
68, 438, -1
1174, 706, -1
1030, 27, -1
1275, 1352, -1
976, 79, -1
1139, 655, -1
369, 801, -1
716, 1, -1
158, 736, -1
1353, 615, -1
173, 682, -1
1297, 1468, -1
641, 415, -1
681, 295, -1
506, 519, -1
306, 172, -1
1298, 796, -1
204, 131, -1
11, 478, -1
623, 1186, -1
829, 519, -1
183, 1251, -1
1314, 251, -1
463, 677, -1
1165, 616, -1
421, 1254, -1
310, 504, -1
929, 1079, -1
553, 1462, -1
1287, 1206, -1
754, 1193, -1
1094, 1209, -1
1105, 99, -1
1384, 654, -1
955, 615, -1
998, 1468, -1
52, 719, -1
1014, 270, -1
1029, 645, -1
848, 1139, -1
124, 578, -1
358, 1087, -1
103, 90, -1
286, 600, -1
1296, 34, -1
1456, 1056, -1
607, 945, -1
604, 954, -1
194, 449, -1
1422, 720, -1
256, 1255, -1
308, 543, -1
480, 1257, -1
910, 804, -1
876, 170, -1
683, 1292, -1
438, 184, -1
391, 553, -1
1435, 577, -1
1404, 643, -1
1255, 595, -1
531, 582, -1
876, 190, -1
200, 286, -1
442, 1168, -1
627, 1051, -1
1473, 298, -1
1346, 1145, -1
1468, 874, -1
1113, 391, -1
443, 1413, -1
722, 491, -1
1322, 1243, -1
738, 499, -1
1442, 277, -1
742, 434, -1
1371, 1353, -1
806, 1120, -1
789, 164, -1
833, 1282, -1
539, 752, -1
866, 137, -1
543, 873, -1
249, 203, -1
1362, 67, -1
154, 866, -1
12, 439, -1
1415, 970, -1
292, 265, -1
570, 1282, -1
956, 872, -1
490, 417, -1
172, 1278, -1
946, 1408, -1
226, 341, -1
605, 1454, -1
1254, 429, -1
272, 306, -1
1114, 8, -1
303, 1415, -1
1284, 489, -1
1332, 1132, -1
211, 217, -1
98, 610, -1
386, 560, -1
896, 232, -1
1353, 1094, -1
1230, 419, -1
1106, 211, -1
240, 150, -1
1170, 1135, -1
1201, 1297, -1
551, 1024, -1
1242, 727, -1
54, 1344, -1
117, 785, -1
709, 974, -1
511, 557, -1
647, 1237, -1
299, 963, -1
1287, 146, -1
887, 944, -1
564, 975, -1
243, 710, -1
1138, 1442, -1
830, 622, -1
693, 534, -1
611, 697, -1
348, 1405, -1
1047, 1226, -1
819, 244, -1
1327, 35, -1
738, 1168, -1
1206, 447, -1
1313, 524, -1
191, 846, -1
300, 598, -1
488, 497, -1
1291, 510, -1
319, 358, -1
1345, 910, -1
1080, 644, -1
310, 836, -1
552, 1049, -1
1420, 651, -1
1264, 527, -1
271, 484, -1
1263, 1450, -1
414, 1416, -1
576, 1383, -1
1424, 210, -1
237, 1429, -1
1342, 1292, -1
131, 811, -1
676, 617, -1
1036, 721, -1
199, 366, -1
721, 518, -1
711, 767, -1
1099, 626, -1
880, 952, -1
915, 781, -1
550, 552, -1
1374, 1268, -1
1132, 179, -1
258, 791, -1
838, 1312, -1
1264, 1113, -1
951, 663, -1
1306, 1455, -1
880, 269, -1
249, 495, -1
214, 986, -1
1176, 1374, -1
679, 959, -1
235, 802, -1
415, 1208, -1
517, 1363, -1
634, 1203, -1
1015, 227, -1
651, 785, -1
274, 1206, -1
1077, 1155, -1
144, 1258, -1
21, 910, -1
336, 199, -1
164, 325, -1
1026, 58, -1
1134, 536, -1
49, 1410, -1
1086, 1031, -1
1313, 833, -1
443, 433, -1
478, 851, -1
1222, 166, -1
890, 403, -1
909, 721, -1
1114, 1305, -1
1321, 1116, -1
189, 379, -1
984, 843, -1
1075, 2, -1
1116, 29, -1
684, 238, -1
830, 79, -1
1461, 482, -1
553, 787, -1
998, 592, -1
1177, 1269, -1
1371, 1186, -1
1207, 1208, -1
1154, 990, -1
1434, 139, -1
569, 966, -1
495, 866, -1
1357, 54, -1
691, 1140, -1
762, 879, -1
338, 1044, -1
63, 557, -1
1233, 195, -1
1367, 150, -1
75, 1170, -1
350, 36, -1
150, 381, -1
492, 515, -1
658, 226, -1
1360, 1004, -1
636, 1348, -1
121, 1410, -1
62, 95, -1
514, 974, -1
915, 759, -1
132, 783, -1
811, 1057, -1
36, 1280, -1
1025, 1270, -1
774, 837, -1
487, 365, -1
1011, 287, -1
825, 1482, -1
825, 1013, -1
1150, 369, -1
1284, 120, -1
1482, 1150, -1
962, 1138, -1
767, 275, -1
411, 1406, -1
378, 1012, -1
874, 360, -1
443, 299, -1
1098, 826, -1
601, 698, -1
1042, 1259, -1
1430, 570, -1
1448, 389, -1
670, 187, -1
661, 18, -1
1019, 956, -1
203, 481, -1
108, 105, -1
69, 1044, -1
60, 726, -1
592, 1104, -1
826, 694, -1
82, 139, -1
53, 83, -1
831, 783, -1
74, 532, -1
836, 979, -1
49, 1480, -1
697, 355, -1
697, 91, -1
1319, 1304, -1
747, 866, -1
1365, 784, -1
738, 1312, -1
165, 676, -1
178, 624, -1
361, 390, -1
854, 370, -1
452, 350, -1
1388, 504, -1
418, 1385, -1
668, 52, -1
315, 212, -1
318, 937, -1
1433, 326, -1
1003, 440, -1
635, 315, -1
379, 720, -1
714, 833, -1
1333, 408, -1
6, 1295, -1
790, 254, -1
326, 358, -1
254, 1092, -1
720, 1268, -1
277, 1267, -1
1182, 185, -1
340, 831, -1
476, 341, -1
639, 688, -1
867, 385, -1
622, 1395, -1
1057, 990, -1
833, 190, -1
189, 271, -1
1390, 150, -1
1201, 430, -1
1110, 1429, -1
1395, 79, -1
397, 1014, -1
824, 986, -1
896, 1304, -1
714, 876, -1
1201, 1229, -1
386, 467, -1
1481, 1170, -1
131, 149, -1
826, 708, -1
363, 892, -1
1042, 271, -1
505, 515, -1
1154, 811, -1
224, 697, -1
876, 861, -1
170, 125, -1
1170, 1356, -1
946, 373, -1
505, 414, -1
1304, 487, -1
67, 1140, -1
307, 615, -1
307, 1094, -1
484, 214, -1
1057, 149, -1
532, 181, -1
720, 271, -1
125, 190, -1
1468, 430, -1
1395, 150, -1
1297, 417, -1
1033, 691, -1
379, 484, -1
307, 1371, -1
188, 1365, -1
560, 285, -1
188, 53, -1
232, 1319, -1
579, 5, -1
484, 271, -1
784, 1365, -1
467, 285, -1
784, 53, -1
811, 131, -1
5, 815, -1
833, 714, -1
288, 1201, -1
697, 1131, -1
622, 381, -1
1390, 79, -1
714, 125, -1
720, 379, -1
1390, 622, -1
381, 150, -1
528, 1365, -1
170, 876, -1
830, 150, -1
1154, 149, -1
379, 189, -1
986, 214, -1
1353, 1371, -1
1416, 515, -1
381, 79, -1
824, 484, -1
1057, 811, -1
381, 622, -1
232, 487, -1
363, 1309, -1
560, 386, -1
125, 861, -1
1416, 414, -1
1408, 946, -1
1297, 1201, -1
857, 532, -1
1304, 1319, -1
150, 1390, -1
150, 830, -1
622, 1390, -1
1395, 622, -1
622, 830, -1
355, 697, -1

