66952, 26857, 40233, 3
35336, 30707, 45765, 3
46875, 28987, 31789, 3
12609, 8523, 21779, 3
61032, 3084, 23021, 3
43617, 38907, 61753, 3
22030, 50221, 17469, 3
47624, 68909, 27138, 3
38232, 4253, 45651, 3
61074, 31257, 68123, 3
20299, 49751, 20326, 3
59368, 21666, 1843, 3
7468, 38104, 67621, 3
12209, 23942, 40257, 3
42822, 20243, 58826, 3
4499, 48995, 4246, 3
3696, 6187, 55904, 3
35925, 43091, 63318, 3
19241, 1332, 18347, 3
66098, 45568, 14345, 3
39568, 53850, 51394, 3
48146, 33041, 21139, 3
29835, 42571, 56849, 3
34791, 4937, 38247, 3
13197, 63809, 3634, 3
2850, 68885, 15442, 3
10508, 59741, 8671, 3
63215, 31959, 32740, 3
36645, 9838, 34437, 3
14623, 11729, 36359, 3
6570, 3786, 17327, 3
11332, 59254, 430, 3
61317, 65469, 14308, 3
4263, 21165, 46314, 3
39306, 64026, 25684, 3
31712, 49085, 12071, 3
46739, 66694, 32623, 3
24751, 18275, 6133, 3
68803, 46848, 13555, 3
69168, 6323, 41590, 3
28759, 1018, 51857, 3
43195, 48071, 8409, 3
21815, 27680, 13581, 3
42199, 37417, 27399, 3
38314, 1422, 8347, 3
44822, 37704, 43588, 3
38252, 47459, 58030, 3
45366, 27076, 66665, 3
38235, 52121, 8129, 3
31533, 11309, 21906, 3
121, 88, 1
47, 0, 1
30, 149, 1
141, 3, -1
48, 47, -1
114, 66, -1
135, 46, -1
130, 93, -1
79, 132, -1
99, 87, -1
43, 144, -1
37, 48, -1
20, 45, -1
28, 138, -1
142, 50, -1
146, 148, -1
133, 109, -1
79, 104, -1
129, 127, -1
66, 4, -1
7, 38, -1
75, 146, -1
128, 119, -1
137, 96, -1
34, 120, -1
55, 36, -1
39, 88, -1
109, 32, -1
20, 138, -1
20, 39, -1
72, 145, -1
145, 94, -1
117, 61, -1
107, 91, -1
72, 90, -1
10, 58, -1
25, 88, -1
65, 39, -1
27, 54, -1
45, 42, -1
18, 128, -1
23, 111, -1
37, 84, -1
142, 4, -1
11, 72, -1
108, 44, -1
62, 8, -1
79, 8, -1
135, 129, -1
69, 74, -1
121, 39, -1
25, 121, -1
48, 0, -1
88, 39, -1
88, 25, -1

