24136, 29369, 53074, 3
25773, 41244, 23861, 3
29871, 1560, 26373, 3
39835, 1266, 58510, 3
1396, 46866, 36008, 3
19349, 68309, 23281, 3
41459, 20978, 53858, 3
48591, 43173, 39774, 3
30462, 67650, 16484, 3
31312, 53048, 44215, 3
7691, 66039, 19793, 3
58463, 55967, 32503, 3
25144, 64365, 58805, 3
18445, 45996, 28707, 3
69320, 52980, 58502, 3
63694, 66047, 60226, 3
6350, 5878, 27369, 3
39641, 38150, 59575, 3
20657, 37266, 19726, 3
7062, 36376, 35003, 3
14522, 36106, 50109, 3
4821, 57310, 31732, 3
17580, 64552, 6288, 3
61704, 41996, 56796, 3
53105, 50086, 53162, 3
54096, 56635, 16355, 3
57925, 22270, 63392, 3
45375, 45652, 29517, 3
37377, 40781, 39256, 3
41204, 9829, 42361, 3
14794, 62488, 56309, 3
37398, 7182, 39618, 3
44510, 21075, 52748, 3
39744, 62958, 57178, 3
39170, 58074, 66784, 3
4786, 66011, 27519, 3
39335, 42748, 43685, 3
40446, 3847, 28130, 3
17440, 14584, 51963, 3
23501, 9756, 22341, 3
52079, 29290, 3808, 3
11133, 34672, 48886, 3
35108, 28925, 26342, 3
31594, 12976, 1800, 3
48591, 51526, 54026, 3
20736, 21766, 36455, 3
18969, 61522, 37905, 3
15885, 8889, 13291, 3
49599, 40465, 45297, 3
43440, 24595, 1966, 3
40792, 20517, 33892, 3
61057, 55177, 9696, 3
55531, 17625, 69091, 3
67549, 50550, 21097, 3
42332, 34353, 7263, 3
36325, 65234, 23645, 3
20826, 62651, 50437, 3
13209, 63703, 23643, 3
47202, 27613, 2332, 3
14564, 68129, 16586, 3
40790, 65034, 45773, 3
49764, 3118, 26611, 3
45648, 54535, 40028, 3
23342, 8210, 68044, 3
35786, 22334, 22289, 3
15011, 17249, 37283, 3
60650, 38073, 25164, 3
15305, 42584, 48172, 3
7097, 42595, 3, 3
29813, 60518, 64772, 3
8145, 1745, 2287, 3
58237, 45606, 40426, 3
40046, 60350, 63774, 3
44431, 41086, 12325, 3
40162, 23060, 60225, 3
38265, 32364, 51392, 3
68891, 65770, 35323, 3
27038, 2653, 69790, 3
29212, 65626, 62584, 3
50246, 49938, 63888, 3
32258, 20969, 41944, 3
854, 55066, 8865, 3
19110, 52599, 65352, 3
31228, 62190, 68306, 3
50003, 53234, 22724, 3
38630, 50729, 47681, 3
59196, 23776, 5674, 3
13261, 61562, 33099, 3
44135, 13754, 25817, 3
58071, 7354, 14314, 3
54790, 35301, 5381, 3
38384, 50487, 5880, 3
19615, 41071, 7615, 3
50139, 1957, 39596, 3
61847, 48392, 60389, 3
12372, 41906, 316, 3
4680, 52821, 18106, 3
48983, 65167, 55856, 3
6483, 69193, 62972, 3
14395, 107, 37681, 3
29532, 10305, 50281, 3
60592, 59341, 42549, 3
61031, 5580, 5457, 3
17397, 10219, 56286, 3
19835, 43805, 40797, 3
49982, 51847, 68105, 3
9705, 48407, 18904, 3
47221, 23393, 45320, 3
14251, 14016, 4197, 3
11081, 63125, 47362, 3
24136, 50472, 19117, 3
35634, 25505, 68336, 3
15978, 54537, 9792, 3
78, 25475, 2344, 3
31, 52527, 67859, 3
13949, 56811, 66107, 3
55957, 45543, 22389, 3
63750, 33814, 46242, 3
34074, 17625, 21225, 3
34867, 69109, 47630, 3
4743, 10695, 36747, 3
38850, 52832, 8841, 3
58816, 30843, 56779, 3
7616, 3747, 16397, 3
7039, 58395, 49146, 3
62961, 4073, 18674, 3
48104, 6338, 61905, 3
4001, 52415, 853, 3
41013, 16169, 57258, 3
21160, 66972, 269, 3
38282, 44165, 58500, 3
30802, 36195, 1039, 3
61042, 8630, 59504, 3
52574, 48612, 35253, 3
55854, 46605, 56185, 3
56719, 9781, 675, 3
33510, 69249, 52709, 3
19211, 67506, 69893, 3
2905, 17333, 63912, 3
6520, 49423, 2644, 3
3977, 45650, 28066, 3
46154, 41498, 37090, 3
50490, 51517, 42226, 3
1421, 59884, 25906, 3
64158, 48370, 22891, 3
36059, 43328, 5768, 3
12741, 49596, 14979, 3
67525, 34170, 45740, 3
13752, 46227, 42863, 3
53683, 31072, 30544, 3
47760, 25482, 2119, 3
67357, 34969, 14561, 3
47752, 34410, 5828, 3
41101, 39190, 34294, 3
16763, 25418, 36223, 3
50445, 14985, 27383, 3
49220, 43926, 53920, 3
36259, 69874, 62628, 3
18619, 33479, 43782, 3
11037, 66865, 48840, 3
53185, 10976, 27661, 3
40534, 914, 58705, 3
60528, 4805, 60565, 3
34717, 57749, 22066, 3
68092, 11471, 60450, 3
58709, 63880, 9400, 3
69727, 60914, 20794, 3
53319, 5959, 47570, 3
65382, 15053, 17223, 3
12236, 50979, 51060, 3
51400, 16707, 22689, 3
64677, 12395, 25614, 3
3529, 8273, 36723, 3
47904, 69556, 51716, 3
8899, 32036, 59603, 3
36568, 45177, 41453, 3
20411, 3858, 51516, 3
31392, 61823, 16959, 3
9023, 32335, 34019, 3
35226, 56117, 22236, 3
43009, 62171, 18269, 3
59174, 42274, 65147, 3
13779, 63434, 68640, 3
62430, 28541, 54538, 3
43654, 62122, 21477, 3
6375, 62752, 52164, 3
29383, 22285, 4559, 3
39256, 42907, 14970, 3
22301, 49084, 68001, 3
44464, 63878, 15009, 3
12868, 66849, 7115, 3
68235, 30621, 19867, 3
49292, 46584, 62367, 3
3963, 57339, 8699, 3
19484, 12307, 44984, 3
43825, 36347, 43592, 3
3684, 35531, 34947, 3
10998, 63136, 6164, 3
1737, 13124, 49119, 3
31204, 11181, 8132, 3
25362, 29793, 20082, 3
56730, 69349, 45307, 3
50049, 28362, 15854, 3
62005, 37334, 34800, 3
53096, 42459, 23355, 3
21159, 59805, 60751, 3
20442, 58799, 39333, 3
64653, 12424, 21701, 3
47141, 29734, 28336, 3
59773, 55236, 38363, 3
16626, 30029, 68124, 3
48576, 10149, 46100, 3
53823, 51094, 63332, 3
48222, 7779, 45872, 3
51804, 8683, 29930, 3
42898, 19915, 44229, 3
31592, 36859, 31302, 3
5922, 63362, 13271, 3
66472, 30213, 7444, 3
15336, 65256, 41382, 3
7798, 21362, 57811, 3
3038, 53159, 15790, 3
21379, 32117, 45604, 3
49475, 55566, 53418, 3
38840, 30313, 24011, 3
30926, 69357, 54144, 3
27727, 10535, 6344, 3
18637, 1101, 3813, 3
64342, 68695, 51389, 3
14075, 51975, 64425, 3
37300, 67651, 29930, 3
45953, 11211, 38171, 3
16235, 28867, 21186, 3
46260, 23019, 64139, 3
15753, 42045, 1958, 3
53624, 38365, 11707, 3
57880, 1279, 53293, 3
21236, 14386, 65257, 3
19083, 34283, 51593, 3
54093, 4051, 62407, 3
22220, 33607, 1366, 3
41867, 38931, 63524, 3
16889, 35812, 48564, 3
1909, 4198, 40690, 3
21071, 67665, 24777, 3
14405, 20208, 45530, 3
44000, 60937, 20839, 3
67824, 22965, 4057, 3
63012, 53753, 10600, 3
61559, 50750, 49256, 3
2381, 8914, 36463, 3
33820, 37483, 16269, 3
61517, 17335, 3556, 3
22229, 66025, 20136, 3
6619, 37650, 7988, 3
52840, 23639, 58420, 3
25336, 59732, 1430, 3
48287, 49377, 25111, 3
52671, 24801, 41567, 3
37689, 27195, 8747, 3
29814, 63830, 21329, 3
59603, 7311, 65427, 3
30976, 59216, 66553, 3
45864, 43621, 20561, 3
63980, 49883, 35349, 3
8481, 41969, 63928, 3
17109, 22593, 14535, 3
18215, 41745, 16180, 3
5398, 56427, 15266, 3
60139, 67625, 53096, 3
19130, 25175, 22610, 3
19216, 6294, 43256, 3
30592, 52782, 41330, 3
27223, 16750, 13917, 3
10376, 25611, 40096, 3
67275, 4273, 15703, 3
15793, 63080, 34376, 3
52503, 13186, 13647, 3
7876, 45825, 50206, 3
61552, 52011, 59995, 3
49789, 31930, 15817, 3
51724, 28901, 14007, 3
3192, 37821, 64248, 3
30942, 51782, 47139, 3
17695, 24336, 49340, 3
12330, 14973, 34362, 3
45552, 54909, 48348, 3
35507, 14679, 30993, 3
62908, 55195, 21258, 3
7880, 15020, 51824, 3
43177, 56158, 55594, 3
41162, 51036, 61966, 3
32780, 20920, 10249, 3
6249, 19024, 68581, 3
40082, 64717, 25824, 3
62407, 9266, 22953, 3
36518, 48245, 36827, 3
24115, 69435, 23567, 3
32572, 43521, 5859, 3
9985, 28235, 68284, 3
31811, 66778, 27424, 3
28203, 20963, 20956, 3
32929, 13151, 35406, 3
28599, 68543, 25098, 3
43464, 7660, 3631, 3
19621, 18095, 66658, 3
38110, 57701, 2004, 3
66789, 40736, 36542, 3
49894, 7489, 18270, 3
37125, 53670, 61414, 3
29799, 17469, 15669, 3
17719, 28702, 27107, 3
24873, 32128, 48620, 3
6031, 60483, 32998, 3
60599, 54575, 33192, 3
41767, 64575, 62972, 3
16948, 11586, 16774, 3
50446, 38456, 50830, 3
47853, 401, 11994, 3
31310, 27891, 49619, 3
25392, 5218, 51499, 3
50517, 22023, 57939, 3
32861, 26413, 51287, 3
27152, 42464, 39847, 3
65277, 59227, 47911, 3
33249, 34631, 13618, 3
5024, 22880, 50923, 3
20316, 67872, 62866, 3
8864, 46607, 20513, 3
15168, 69338, 35946, 3
7536, 38531, 29677, 3
42833, 3302, 19003, 3
49265, 59554, 6238, 3
10589, 25870, 66581, 3
12420, 54021, 51680, 3
27979, 55015, 28014, 3
6751, 60410, 59028, 3
5067, 52386, 21856, 3
54416, 35875, 8715, 3
68815, 545, 66688, 3
41178, 14242, 53074, 3
51481, 46817, 2700, 3
24109, 18654, 31645, 3
31007, 64323, 16346, 3
61792, 46439, 62124, 3
62346, 6026, 15469, 3
35391, 9176, 1822, 3
62867, 13491, 12778, 3
31255, 66921, 9797, 3
17718, 46077, 55615, 3
33613, 45790, 3033, 3
27027, 35079, 15992, 3
10677, 20783, 10659, 3
31776, 63563, 69396, 3
31074, 36562, 29191, 3
22349, 36127, 27263, 3
22916, 24527, 3498, 3
33955, 43372, 32713, 3
39002, 46865, 63919, 3
5048, 11612, 27551, 3
60797, 65495, 14584, 3
46163, 3730, 6074, 3
17550, 8216, 3289, 3
25550, 60562, 14666, 3
28849, 34422, 54310, 3
51266, 45162, 26774, 3
42323, 69867, 59513, 3
46472, 31089, 25335, 3
32142, 41731, 34282, 3
5383, 6444, 43747, 3
14379, 42, 11083, 3
36799, 22312, 27092, 3
5235, 66786, 50441, 3
24562, 60851, 5070, 3
52240, 60481, 52357, 3
319, 30752, 6936, 3
5700, 41082, 12323, 3
52033, 57769, 64621, 3
7284, 27695, 57816, 3
30802, 51621, 24592, 3
27788, 53196, 20550, 3
23735, 3858, 67122, 3
4003, 23960, 38108, 3
1496, 38633, 20200, 3
56354, 22, 48778, 3
21759, 38787, 57526, 3
14785, 66541, 37670, 3
20205, 48184, 32889, 3
10074, 17288, 35561, 3
35772, 57474, 33057, 3
28264, 14266, 16041, 3
22629, 62873, 9318, 3
58942, 57336, 52071, 3
43769, 13502, 6960, 3
47679, 55947, 20189, 3
8869, 3287, 25309, 3
6126, 20727, 29371, 3
68645, 20464, 3508, 3
18439, 33447, 65873, 3
46736, 35804, 10335, 3
36936, 41730, 23763, 3
60168, 6794, 69117, 3
51040, 53681, 33696, 3
67650, 45029, 10230, 3
21588, 69533, 57075, 3
57907, 30132, 31349, 3
66278, 17256, 64145, 3
7174, 69445, 17363, 3
14971, 60555, 42309, 3
54482, 21271, 47625, 3
57118, 27637, 24484, 3
31768, 64776, 15086, 3
31916, 47556, 21150, 3
56025, 6608, 42358, 3
31436, 69376, 14144, 3
38884, 12167, 29596, 3
23458, 371, 25559, 3
37842, 39718, 26542, 3
33160, 46685, 49824, 3
52018, 18779, 27126, 3
21793, 63279, 59670, 3
62753, 27485, 45272, 3
5683, 47776, 24773, 3
6691, 27460, 38962, 3
36426, 54404, 43534, 3
35198, 50826, 58872, 3
17310, 54201, 14905, 3
67953, 61752, 60051, 3
65689, 27150, 4628, 3
38473, 21861, 19456, 3
31491, 36007, 11520, 3
24991, 59529, 37327, 3
39460, 7509, 12721, 3
62922, 16295, 25567, 3
57413, 34394, 60258, 3
39661, 3242, 50347, 3
56552, 21739, 57915, 3
19910, 57290, 56893, 3
41032, 64593, 20967, 3
146, 6906, 43081, 3
48195, 17509, 50230, 3
27578, 42198, 44476, 3
35686, 35662, 445, 3
7475, 29552, 14805, 3
51369, 29829, 49471, 3
52517, 17463, 29287, 3
25413, 67293, 65534, 3
17678, 60448, 11845, 3
494, 38720, 35406, 3
57821, 38834, 59318, 3
61031, 35923, 15893, 3
29510, 35436, 9803, 3
50763, 8656, 66145, 3
7721, 44064, 51888, 3
29372, 54175, 44365, 3
23825, 41193, 15169, 3
67175, 56857, 64084, 3
7324, 21128, 38005, 3
14457, 17339, 41140, 3
26676, 6256, 69894, 3
61239, 65980, 20699, 3
33029, 36665, 44245, 3
65135, 39726, 40851, 3
13644, 48268, 25505, 3
9910, 46127, 27910, 3
48406, 16410, 46459, 3
37834, 32161, 63737, 3
64094, 47124, 49766, 3
66116, 67014, 44287, 3
51573, 18199, 39314, 3
64000, 63684, 22494, 3
46426, 2109, 5591, 3
3162, 52591, 23835, 3
34870, 66035, 39705, 3
22269, 12753, 27822, 3
43489, 38788, 14221, 3
34689, 17683, 19332, 3
2735, 43465, 21926, 3
69394, 58893, 52479, 3
2549, 53054, 36644, 3
50451, 63706, 69896, 3
66275, 6489, 38692, 3
1566, 39137, 4863, 3
63797, 69953, 8932, 3
21748, 5589, 32707, 3
44702, 61811, 11597, 3
1999, 37247, 54663, 3
46103, 48022, 16157, 3
24003, 47565, 69615, 3
36273, 44159, 14854, 3
68287, 39199, 1132, 3
15945, 33999, 36923, 3
44494, 64831, 49006, 3
11783, 19794, 52238, 3
42258, 63327, 5161, 3
48065, 3644, 18861, 3
6932, 3956, 14191, 3
13232, 60612, 570, 3
40260, 51145, 65446, 3
34133, 59744, 66392, 3
1126, 839, 1
883, 230, 1
583, 1061, 1
1155, 572, 1
1441, 980, 1
206, 34, 1
25, 1361, 1
660, 1224, 1
213, 253, 1
819, 703, 1
493, 673, 1
856, 645, 1
687, 1221, 1
1325, 1313, 1
1447, 555, 1
1133, 1006, 1
1451, 337, 1
749, 1172, 1
693, 277, 1
1426, 1282, 1
923, 1105, 1
33, 1465, 1
1131, 1277, 1
803, 1042, 1
100, 899, 1
1038, 264, 1
1065, 184, 1
220, 360, 1
1401, 487, 1
1403, 293, 1
23, 1052, 1
1306, 1156, 1
919, 1131, 1
1109, 916, 1
1482, 417, 1
802, 261, 1
1038, 1355, 1
245, 456, 1
222, 413, 1
340, 307, 1
1122, 1103, 1
490, 767, 1
1277, 919, 1
264, 1355, 1
264, 1038, 1
1355, 1038, 1
1131, 919, 1
1025, 997, -1
1231, 635, -1
1301, 721, -1
1165, 497, -1
822, 425, -1
234, 1388, -1
1338, 1404, -1
1072, 1034, -1
992, 722, -1
510, 909, -1
1426, 526, -1
490, 332, -1
1266, 309, -1
1445, 1276, -1
678, 1185, -1
669, 1269, -1
1165, 554, -1
593, 263, -1
1103, 1443, -1
1423, 1166, -1
208, 1328, -1
180, 1182, -1
730, 765, -1
27, 386, -1
274, 985, -1
25, 1174, -1
1251, 1262, -1
5, 912, -1
1354, 1382, -1
632, 182, -1
398, 1426, -1
1123, 405, -1
712, 1075, -1
1170, 19, -1
339, 1162, -1
1409, 1456, -1
869, 509, -1
1143, 1423, -1
29, 1083, -1
494, 1341, -1
724, 115, -1
183, 488, -1
1302, 1035, -1
676, 336, -1
1410, 1104, -1
157, 424, -1
125, 487, -1
1198, 1104, -1
1035, 1079, -1
1155, 333, -1
319, 1040, -1
372, 0, -1
984, 744, -1
1195, 1057, -1
1160, 1042, -1
1337, 801, -1
220, 285, -1
416, 975, -1
124, 1194, -1
185, 125, -1
1169, 1379, -1
255, 1433, -1
1126, 510, -1
171, 280, -1
810, 38, -1
479, 451, -1
1294, 662, -1
529, 1003, -1
89, 599, -1
1456, 1351, -1
484, 38, -1
823, 1468, -1
855, 1343, -1
296, 200, -1
941, 1427, -1
275, 1394, -1
746, 458, -1
1444, 1323, -1
866, 576, -1
522, 1452, -1
354, 1393, -1
1153, 74, -1
1264, 424, -1
1220, 1425, -1
920, 1076, -1
3, 1455, -1
887, 1229, -1
577, 1088, -1
1021, 631, -1
32, 1348, -1
531, 370, -1
851, 1375, -1
1324, 205, -1
165, 357, -1
455, 541, -1
764, 599, -1
463, 580, -1
588, 706, -1
1230, 280, -1
222, 391, -1
136, 1385, -1
124, 743, -1
1077, 340, -1
305, 996, -1
1359, 1307, -1
258, 762, -1
1290, 89, -1
1292, 97, -1
890, 1188, -1
676, 1018, -1
491, 839, -1
1100, 501, -1
229, 1166, -1
580, 100, -1
848, 12, -1
671, 146, -1
951, 424, -1
782, 236, -1
943, 1115, -1
379, 1017, -1
282, 107, -1
140, 197, -1
96, 1410, -1
362, 532, -1
281, 1464, -1
1081, 1055, -1
1084, 411, -1
412, 980, -1
1103, 552, -1
40, 1409, -1
1405, 990, -1
464, 618, -1
1323, 1286, -1
574, 394, -1
667, 153, -1
44, 448, -1
562, 1169, -1
981, 154, -1
824, 1190, -1
334, 750, -1
384, 1315, -1
1442, 636, -1
734, 1147, -1
800, 516, -1
497, 1018, -1
1369, 799, -1
750, 699, -1
160, 1226, -1
288, 285, -1
493, 236, -1
837, 340, -1
1321, 486, -1
443, 1009, -1
26, 1003, -1
372, 734, -1
760, 212, -1
1234, 331, -1
1269, 717, -1
762, 1299, -1
1477, 806, -1
150, 1406, -1
335, 866, -1
646, 898, -1
233, 1333, -1
16, 287, -1
1393, 837, -1
354, 577, -1
814, 211, -1
772, 1262, -1
1015, 982, -1
995, 1031, -1
1010, 1362, -1
1462, 447, -1
557, 282, -1
1000, 544, -1
244, 1021, -1
1406, 581, -1
1021, 981, -1
291, 38, -1
1037, 391, -1
1152, 457, -1
889, 135, -1
1246, 970, -1
461, 245, -1
633, 875, -1
26, 1274, -1
1203, 923, -1
1411, 596, -1
259, 305, -1
326, 613, -1
267, 490, -1
645, 560, -1
344, 1237, -1
6, 692, -1
1079, 807, -1
1055, 282, -1
1024, 1219, -1
882, 409, -1
131, 1136, -1
1010, 151, -1
1280, 948, -1
526, 1334, -1
1464, 463, -1
708, 436, -1
138, 1456, -1
1244, 516, -1
1440, 756, -1
750, 559, -1
415, 834, -1
1136, 1221, -1
196, 1050, -1
1467, 641, -1
1008, 747, -1
345, 732, -1
798, 1264, -1
1288, 889, -1
633, 144, -1
237, 1459, -1
1127, 830, -1
31, 157, -1
794, 191, -1
420, 660, -1
597, 605, -1
580, 1242, -1
566, 766, -1
1299, 1408, -1
949, 228, -1
1107, 557, -1
1070, 5, -1
1372, 1287, -1
1059, 1355, -1
336, 624, -1
813, 1398, -1
624, 128, -1
143, 157, -1
1462, 37, -1
726, 1179, -1
154, 129, -1
1354, 421, -1
1401, 941, -1
397, 226, -1
291, 193, -1
887, 629, -1
1122, 1144, -1
965, 175, -1
1230, 1280, -1
1044, 1300, -1
110, 266, -1
17, 590, -1
256, 1068, -1
1138, 496, -1
995, 587, -1
738, 796, -1
266, 1085, -1
1344, 145, -1
1379, 323, -1
493, 1092, -1
1334, 86, -1
1213, 1461, -1
369, 707, -1
1439, 38, -1
1432, 601, -1
840, 1418, -1
1235, 88, -1
1471, 324, -1
613, 224, -1
1418, 1089, -1
381, 290, -1
1384, 1428, -1
1269, 1429, -1
1020, 54, -1
1067, 1210, -1
62, 708, -1
1305, 314, -1
281, 970, -1
496, 220, -1
927, 1048, -1
1185, 1180, -1
719, 1069, -1
928, 635, -1
1412, 1467, -1
472, 728, -1
1455, 10, -1
542, 535, -1
1301, 769, -1
164, 183, -1
1342, 1472, -1
662, 548, -1
721, 549, -1
1324, 1161, -1
468, 1339, -1
729, 300, -1
821, 1127, -1
581, 567, -1
75, 1397, -1
321, 825, -1
1476, 997, -1
1274, 164, -1
1119, 1084, -1
869, 113, -1
509, 864, -1
1455, 688, -1
1116, 590, -1
882, 963, -1
703, 526, -1
1265, 1390, -1
216, 1307, -1
250, 1437, -1
1083, 401, -1
998, 16, -1
612, 772, -1
900, 1085, -1
770, 1336, -1
774, 593, -1
814, 1164, -1
273, 553, -1
1245, 150, -1
1163, 1236, -1
1393, 1445, -1
1141, 174, -1
1341, 1274, -1
760, 1372, -1
754, 396, -1
548, 45, -1
363, 1361, -1
360, 932, -1
980, 326, -1
877, 158, -1
1407, 415, -1
378, 964, -1
1211, 259, -1
1063, 1371, -1
647, 1263, -1
330, 8, -1
1466, 283, -1
536, 727, -1
1310, 463, -1
1241, 1267, -1
147, 893, -1
373, 1475, -1
321, 879, -1
727, 750, -1
1404, 451, -1
1040, 252, -1
472, 799, -1
313, 821, -1
1213, 890, -1
1057, 415, -1
958, 1329, -1
1097, 436, -1
710, 499, -1
896, 223, -1
1030, 47, -1
730, 1162, -1
1225, 733, -1
1166, 1239, -1
1482, 1102, -1
1187, 1107, -1
760, 547, -1
284, 1464, -1
91, 363, -1
1087, 1159, -1
1462, 1275, -1
1230, 66, -1
211, 1358, -1
585, 485, -1
1022, 155, -1
650, 84, -1
913, 775, -1
423, 299, -1
1037, 786, -1
160, 1220, -1
853, 986, -1
500, 877, -1
53, 1388, -1
408, 129, -1
627, 742, -1
1181, 536, -1
734, 344, -1
1382, 1443, -1
195, 897, -1
168, 76, -1
944, 459, -1
965, 894, -1
468, 909, -1
1182, 754, -1
651, 895, -1
217, 860, -1
1093, 993, -1
508, 1260, -1
737, 799, -1
580, 369, -1
343, 944, -1
1096, 257, -1
1217, 316, -1
930, 995, -1
1093, 659, -1
1453, 929, -1
691, 1352, -1
210, 55, -1
220, 956, -1
1234, 1028, -1
456, 1166, -1
390, 729, -1
1033, 792, -1
173, 1172, -1
1467, 127, -1
124, 254, -1
797, 491, -1
161, 269, -1
935, 22, -1
1417, 1414, -1
637, 1186, -1
331, 239, -1
707, 647, -1
436, 1027, -1
511, 373, -1
1420, 1321, -1
1301, 573, -1
1205, 847, -1
671, 827, -1
1131, 589, -1
564, 1131, -1
841, 1207, -1
77, 1152, -1
14, 848, -1
551, 593, -1
745, 203, -1
781, 1464, -1
615, 1147, -1
728, 1458, -1
470, 39, -1
316, 1341, -1
1089, 725, -1
628, 1410, -1
714, 904, -1
1131, 706, -1
761, 1099, -1
1, 1427, -1
895, 1028, -1
876, 541, -1
634, 732, -1
567, 206, -1
349, 434, -1
750, 612, -1
1217, 534, -1
1445, 859, -1
1090, 170, -1
429, 1364, -1
9, 1072, -1
1152, 1210, -1
240, 1313, -1
1453, 148, -1
418, 1121, -1
30, 535, -1
720, 1106, -1
1014, 881, -1
134, 1406, -1
589, 919, -1
1122, 1443, -1
1224, 420, -1
417, 1102, -1
552, 1122, -1
267, 767, -1
1401, 125, -1
1441, 326, -1
899, 580, -1
245, 1166, -1
307, 1077, -1
1105, 1203, -1
564, 919, -1
819, 526, -1
1059, 1038, -1
496, 360, -1
240, 1325, -1
220, 932, -1
456, 461, -1
839, 510, -1
1144, 1103, -1
332, 767, -1
1277, 589, -1
706, 1277, -1
34, 567, -1
941, 487, -1
673, 236, -1
25, 363, -1
491, 1126, -1
1136, 687, -1
1160, 803, -1
564, 1277, -1
749, 173, -1
572, 333, -1
1361, 1174, -1
360, 285, -1
560, 856, -1
360, 956, -1
307, 837, -1
706, 919, -1
1282, 398, -1
1282, 526, -1
413, 391, -1
673, 1092, -1
1441, 412, -1
100, 580, -1
1144, 1122, -1
206, 567, -1
340, 1077, -1
245, 461, -1
706, 1131, -1
552, 1103, -1
660, 420, -1
526, 1426, -1
526, 703, -1
1361, 363, -1
980, 412, -1
1443, 1103, -1
264, 1059, -1
1172, 173, -1
1092, 493, -1
490, 267, -1
560, 645, -1
1355, 1059, -1
236, 493, -1
1131, 564, -1
340, 837, -1
461, 456, -1
412, 1441, -1

