13276, 64986, 68138, 3
5978, 9750, 35458, 3
62359, 34760, 3588, 3
41924, 43107, 55223, 3
31922, 67502, 14099, 3
56510, 23603, 68803, 3
69388, 69254, 51531, 3
23443, 13158, 13288, 3
21384, 37659, 45067, 3
53222, 12747, 28924, 3
33606, 30599, 27289, 3
31211, 49023, 13326, 3
9845, 41657, 28305, 3
14915, 62721, 34625, 3
9954, 65937, 6498, 3
29356, 43770, 67755, 3
23497, 5777, 43053, 3
41847, 28870, 9490, 3
6966, 64282, 10941, 3
62696, 14872, 3224, 3
43713, 52366, 40228, 3
22683, 22691, 55763, 3
68269, 40053, 53251, 3
9439, 63288, 28143, 3
69699, 49519, 49236, 3
44174, 26923, 50154, 3
25320, 27345, 44516, 3
54366, 26676, 62696, 3
3713, 14808, 4050, 3
38616, 21418, 15518, 3
7675, 34985, 30479, 3
45793, 69334, 52785, 3
8155, 60708, 61480, 3
67665, 29094, 42842, 3
7798, 18395, 68008, 3
32891, 13084, 22866, 3
18505, 9572, 34227, 3
26325, 39038, 11873, 3
62168, 15053, 35029, 3
11389, 61671, 27791, 3
49339, 47296, 31344, 3
22030, 44783, 62606, 3
24225, 54684, 6664, 3
27743, 23165, 66365, 3
26545, 67197, 18675, 3
59334, 31098, 38231, 3
7876, 62244, 58409, 3
32013, 9613, 43021, 3
14034, 20726, 18928, 3
39190, 57967, 8165, 3
68, 34, 1
90, 106, 1
116, 48, 1
29, 148, 1
62, 125, -1
77, 75, -1
53, 16, -1
91, 3, -1
138, 133, -1
100, 98, -1
55, 50, -1
40, 132, -1
17, 86, -1
117, 87, -1
21, 29, -1
55, 67, -1
64, 122, -1
11, 46, -1
15, 51, -1
111, 79, -1
130, 128, -1
33, 128, -1
18, 28, -1
103, 33, -1
89, 43, -1
19, 111, -1
131, 37, -1
91, 55, -1
17, 87, -1
5, 97, -1
68, 97, -1
88, 9, -1
145, 127, -1
78, 135, -1
97, 90, -1
73, 63, -1
94, 47, -1
128, 119, -1
11, 122, -1
50, 114, -1
42, 9, -1
131, 18, -1
57, 109, -1
55, 18, -1
94, 113, -1
123, 111, -1
31, 101, -1
86, 134, -1
43, 111, -1
32, 141, -1
97, 106, -1
97, 34, -1
148, 21, -1
29, 21, -1
97, 68, -1
21, 148, -1

