35948, 31001, 8620, 3
63332, 3096, 55134, 3
35450, 26984, 20891, 3
34530, 5354, 3007, 3
7252, 53098, 23258, 3
2078, 3548, 35527, 3
9037, 40975, 4608, 3
67431, 44312, 57202, 3
26020, 7431, 68933, 3
9374, 58386, 29762, 3
65351, 43516, 58487, 3
5242, 25370, 60222, 3
18004, 24103, 68147, 3
65740, 7553, 3757, 3
54099, 21396, 33942, 3
3347, 42845, 27081, 3
39193, 36819, 12035, 3
28576, 1997, 53355, 3
59156, 31623, 53683, 3
11917, 47826, 61846, 3
33081, 5898, 68728, 3
28160, 22142, 26235, 3
11249, 40920, 4814, 3
51430, 45206, 69269, 3
65797, 27269, 45074, 3
64158, 11433, 46227, 3
56970, 25282, 20380, 3
56970, 1433, 21896, 3
1649, 24536, 16273, 3
8663, 59611, 47408, 3
40330, 53317, 28476, 3
27094, 51918, 29344, 3
46685, 6949, 36561, 3
10253, 21881, 54117, 3
51040, 10860, 25558, 3
37553, 15991, 59577, 3
60684, 58342, 20263, 3
28150, 22927, 60171, 3
30094, 6764, 18223, 3
1983, 459, 58357, 3
52506, 4455, 26267, 3
7258, 65243, 40658, 3
36677, 63244, 53821, 3
37623, 37961, 35911, 3
51645, 10976, 58260, 3
69645, 55371, 30632, 3
22358, 48, 17387, 3
64942, 27096, 42233, 3
21388, 19199, 4377, 3
48791, 13072, 34370, 3
57106, 42853, 14433, 3
53632, 48830, 64508, 3
55622, 19615, 13722, 3
31021, 41305, 16943, 3
64747, 55276, 21468, 3
59795, 19985, 54946, 3
25576, 20661, 9308, 3
56080, 2797, 11610, 3
22337, 17388, 48905, 3
28853, 49893, 43111, 3
13889, 23649, 10033, 3
5274, 58529, 26495, 3
39430, 5290, 21733, 3
38670, 25542, 64264, 3
33773, 52846, 32658, 3
19869, 8929, 17456, 3
16031, 19446, 5850, 3
12401, 44374, 32949, 3
22847, 20624, 54630, 3
63163, 15958, 2509, 3
998, 56953, 61366, 3
12912, 5672, 55061, 3
46129, 45350, 19765, 3
51549, 65692, 26829, 3
56502, 29431, 52591, 3
67126, 45441, 24432, 3
37410, 37237, 12131, 3
55524, 18043, 66718, 3
63884, 10164, 1189, 3
59441, 60892, 56634, 3
8180, 36270, 20612, 3
14965, 30628, 301, 3
63995, 69022, 4680, 3
14288, 55636, 32478, 3
28447, 12166, 18430, 3
1286, 46483, 55857, 3
5919, 54303, 41355, 3
8811, 56313, 4295, 3
53787, 63650, 63695, 3
62338, 6476, 53805, 3
64817, 9990, 28097, 3
57929, 63207, 34699, 3
33208, 28334, 50799, 3
51388, 25188, 51240, 3
34515, 67380, 48010, 3
61770, 63494, 14551, 3
67603, 67944, 32511, 3
43932, 18321, 37102, 3
13702, 11773, 24226, 3
68616, 31671, 56034, 3
49009, 25857, 17644, 3
30408, 44450, 27393, 3
23104, 68269, 31021, 3
22114, 43936, 41654, 3
31010, 3362, 26092, 3
61074, 63142, 715, 3
11815, 64887, 3323, 3
42603, 41831, 47911, 3
38838, 39260, 5937, 3
63383, 12736, 51216, 3
23790, 9968, 2912, 3
58348, 12277, 13431, 3
22363, 35833, 14209, 3
22826, 22954, 30692, 3
67816, 9263, 7039, 3
41815, 41850, 59801, 3
67924, 63949, 17432, 3
24377, 51185, 16543, 3
23587, 2435, 28880, 3
68635, 21603, 38914, 3
56483, 9261, 1881, 3
37863, 44832, 59948, 3
65760, 30075, 56121, 3
20695, 54967, 44879, 3
56963, 5232, 49855, 3
57679, 41632, 47914, 3
30651, 50039, 44462, 3
64146, 69271, 45749, 3
40210, 40929, 20873, 3
61933, 67109, 65591, 3
33734, 37296, 12490, 3
20606, 41165, 16730, 3
41364, 38894, 67704, 3
65723, 58333, 17545, 3
52995, 37189, 132, 3
37424, 35787, 62398, 3
5828, 31878, 4591, 3
36156, 38407, 69514, 3
43459, 13724, 22059, 3
40962, 15862, 11411, 3
5979, 40983, 18224, 3
45224, 28190, 1053, 3
47959, 8514, 20995, 3
23182, 11344, 21611, 3
40420, 29611, 36484, 3
37203, 46724, 59672, 3
24635, 20540, 33594, 3
23532, 26218, 38246, 3
33828, 14341, 9271, 3
34548, 16649, 1108, 3
8574, 32137, 67415, 3
67899, 21353, 15650, 3
25676, 11412, 27469, 3
26894, 11287, 23794, 3
66834, 32574, 8180, 3
25429, 32602, 64046, 3
69084, 42453, 26316, 3
60622, 61118, 55823, 3
47308, 34781, 4949, 3
28919, 11209, 46334, 3
33069, 10976, 7931, 3
4419, 20889, 54104, 3
3825, 11613, 64172, 3
26161, 59564, 48620, 3
49548, 55843, 17457, 3
35743, 53689, 28801, 3
32593, 61848, 41441, 3
61819, 40948, 15580, 3
23069, 11902, 64578, 3
54577, 18278, 60200, 3
10150, 47255, 31855, 3
19331, 42143, 55749, 3
31677, 20546, 7049, 3
55013, 31770, 47051, 3
13505, 28187, 33497, 3
22120, 66246, 21584, 3
51332, 296, 3660, 3
28181, 37386, 29436, 3
4359, 44461, 7206, 3
48708, 4124, 5431, 3
68316, 24275, 58667, 3
40602, 40651, 20068, 3
15229, 19201, 63747, 3
57227, 22293, 31871, 3
62891, 16087, 32295, 3
60190, 69477, 29182, 3
36631, 38306, 21464, 3
25274, 28109, 24610, 3
32667, 4537, 11495, 3
39047, 10302, 49072, 3
25589, 21597, 39269, 3
56791, 26712, 30737, 3
14981, 885, 32404, 3
31509, 62192, 10337, 3
1848, 22115, 10173, 3
44875, 36352, 33316, 3
69602, 44161, 9046, 3
50081, 62600, 37469, 3
4863, 1067, 9737, 3
4102, 64541, 12347, 3
31250, 53427, 55212, 3
56766, 8910, 23956, 3
43011, 45659, 37957, 3
6683, 61438, 43015, 3
65571, 45217, 4953, 3
40410, 63492, 14898, 3
25921, 24593, 26445, 3
62002, 58157, 54484, 3
39200, 29370, 23229, 3
45639, 30047, 49592, 3
18898, 35807, 17419, 3
5590, 12662, 41013, 3
10593, 8207, 21670, 3
66212, 56286, 29711, 3
32443, 16235, 36079, 3
47415, 41087, 240, 3
29880, 56407, 26864, 3
32239, 65042, 10000, 3
24778, 54438, 2474, 3
36454, 28469, 49673, 3
39966, 18890, 28803, 3
30026, 16509, 45018, 3
47778, 15134, 20046, 3
20347, 275, 50917, 3
25833, 31849, 67876, 3
40129, 68742, 58011, 3
10482, 11265, 9733, 3
2542, 57208, 15783, 3
25031, 15685, 14868, 3
32627, 26590, 53652, 3
8153, 62462, 32822, 3
53481, 9567, 40015, 3
66384, 58209, 22458, 3
36945, 51495, 47638, 3
63609, 9545, 50353, 3
12101, 47024, 35943, 3
68899, 23283, 619, 3
65827, 64494, 33291, 3
20521, 37613, 51533, 3
25006, 14925, 69494, 3
44973, 24307, 3181, 3
59509, 64994, 40932, 3
68277, 41559, 41301, 3
39118, 43893, 30428, 3
41687, 12299, 1295, 3
10322, 3501, 15507, 3
52791, 55593, 24397, 3
65206, 33854, 7542, 3
65973, 69750, 67117, 3
40340, 12794, 5073, 3
34410, 3586, 69623, 3
34299, 6139, 68770, 3
15851, 47372, 51665, 3
61571, 16083, 34662, 3
27561, 68628, 55415, 3
29885, 22894, 17082, 3
22443, 58773, 45288, 3
34052, 17273, 38066, 3
9033, 25694, 53113, 3
7984, 4399, 25982, 3
52395, 10775, 55147, 3
18950, 63385, 40983, 3
41935, 21520, 36782, 3
249, 28519, 13307, 3
52759, 22449, 49330, 3
3231, 56895, 54510, 3
59645, 9751, 5576, 3
23675, 54936, 49270, 3
37060, 15701, 49963, 3
24376, 49801, 52314, 3
19804, 55149, 33255, 3
54013, 10415, 32554, 3
29260, 60180, 62407, 3
38242, 37914, 6622, 3
59740, 13049, 59398, 3
6457, 34912, 56591, 3
709, 1095, 27286, 3
26598, 12545, 45326, 3
381, 51168, 6856, 3
28460, 64439, 64201, 3
32518, 20712, 19927, 3
16051, 41025, 62013, 3
30072, 34135, 24926, 3
50292, 34984, 32965, 3
16204, 2773, 16777, 3
21979, 44432, 41048, 3
8079, 62738, 47753, 3
64701, 21515, 32419, 3
65036, 52710, 11666, 3
41024, 25892, 51251, 3
34734, 17696, 41457, 3
13238, 24469, 1697, 3
48497, 26498, 48010, 3
41951, 20727, 41999, 3
21588, 42511, 5050, 3
43180, 67494, 67460, 3
44286, 24791, 38156, 3
41898, 27487, 12218, 3
31334, 13349, 48255, 3
46503, 20473, 64166, 3
30651, 42767, 4071, 3
26000, 5688, 3396, 3
36547, 16178, 6386, 3
47540, 33840, 57253, 3
17808, 23428, 66915, 3
11550, 36586, 42249, 3
59874, 29722, 8712, 3
55465, 43643, 40581, 3
44638, 16752, 52450, 3
60575, 547, 41716, 3
7956, 40581, 29721, 3
63827, 12486, 872, 3
4865, 36207, 32121, 3
59031, 28794, 60068, 3
29485, 63491, 45097, 3
23308, 63519, 24384, 3
53617, 18757, 24209, 3
5416, 38047, 53570, 3
54824, 14619, 5031, 3
4850, 34632, 41294, 3
36495, 58681, 22436, 3
48517, 15691, 59736, 3
59767, 41756, 50879, 3
42185, 12443, 5230, 3
56250, 27309, 30605, 3
52529, 42480, 31049, 3
41839, 13476, 35064, 3
65851, 4828, 30501, 3
26235, 51491, 19841, 3
7273, 60719, 35586, 3
17991, 8372, 46464, 3
15513, 47980, 67916, 3
44891, 50687, 65760, 3
53977, 25616, 42074, 3
24715, 26447, 68791, 3
50335, 38247, 1958, 3
588, 49623, 15578, 3
46874, 53515, 28013, 3
18685, 63218, 3998, 3
33481, 65095, 31122, 3
21991, 8574, 40186, 3
58616, 20523, 6273, 3
58132, 28984, 4276, 3
46258, 46371, 7690, 3
30440, 56358, 19658, 3
36301, 10732, 19394, 3
48624, 52798, 3658, 3
69855, 61546, 46315, 3
2456, 13096, 25943, 3
19335, 18446, 65177, 3
31160, 14388, 3837, 3
67802, 43986, 7681, 3
41430, 39908, 26061, 3
42732, 68433, 47448, 3
12116, 19577, 31353, 3
12694, 9707, 27111, 3
21580, 40751, 69928, 3
34241, 15310, 59669, 3
14124, 8780, 420, 3
34799, 66431, 16486, 3
8989, 66552, 41680, 3
779, 68489, 65317, 3
12436, 63932, 49404, 3
65767, 29506, 35859, 3
62501, 65084, 29949, 3
33129, 62398, 34762, 3
49478, 1582, 67550, 3
63305, 8474, 58728, 3
5501, 28474, 42323, 3
22450, 49059, 47281, 3
4718, 7131, 9977, 3
19993, 51655, 24085, 3
38554, 69104, 63138, 3
45960, 27232, 54092, 3
54838, 50251, 17491, 3
45529, 4214, 56767, 3
56697, 58965, 67594, 3
9661, 39568, 9418, 3
60412, 28573, 9910, 3
17954, 28942, 3673, 3
25586, 36104, 4820, 3
61592, 39357, 29580, 3
61259, 15925, 6954, 3
63742, 69380, 34715, 3
9684, 26102, 56008, 3
18502, 58989, 58057, 3
55965, 19141, 8866, 3
52134, 4760, 10098, 3
13599, 25941, 52318, 3
22141, 20837, 9249, 3
43594, 339, 44147, 3
55097, 48630, 40750, 3
5332, 38291, 13631, 3
40442, 57496, 15435, 3
8235, 58626, 64639, 3
101, 40744, 44501, 3
61332, 25824, 23316, 3
61002, 7331, 42798, 3
38166, 65144, 34604, 3
9409, 36447, 45897, 3
47199, 34370, 27036, 3
23700, 65199, 33622, 3
53336, 68123, 49062, 3
37228, 10436, 29673, 3
66207, 30504, 33970, 3
24220, 57774, 11456, 3
63591, 36330, 17733, 3
3590, 69328, 2468, 3
52469, 57425, 17954, 3
57507, 43437, 15114, 3
62105, 40071, 18603, 3
742, 318, 46980, 3
34418, 10334, 30247, 3
51131, 32497, 46604, 3
63417, 22282, 40789, 3
43117, 53084, 42302, 3
65319, 35021, 57277, 3
33059, 53484, 60945, 3
423, 8612, 12576, 3
32251, 15136, 35430, 3
54529, 11595, 17857, 3
53408, 33077, 32732, 3
14539, 30790, 20638, 3
49275, 58819, 63437, 3
15968, 25981, 18837, 3
69458, 54942, 8094, 3
3065, 59112, 36645, 3
67425, 66838, 35671, 3
24512, 62309, 45471, 3
22532, 65743, 8841, 3
68065, 2682, 21435, 3
53621, 57706, 54984, 3
40452, 51837, 52897, 3
65575, 2121, 49047, 3
60363, 36306, 4306, 3
47984, 39172, 5361, 3
56697, 69202, 18733, 3
22505, 15172, 24823, 3
41558, 52588, 66343, 3
41650, 10682, 34918, 3
31000, 25934, 42144, 3
46906, 25665, 25580, 3
17963, 46565, 39722, 3
1646, 10231, 40521, 3
28742, 26137, 15173, 3
11649, 49881, 26017, 3
31150, 61777, 3085, 3
44608, 27628, 66519, 3
20643, 5359, 57646, 3
6895, 45307, 46196, 3
58788, 8290, 67212, 3
28154, 41911, 23862, 3
5046, 59553, 54731, 3
47249, 61642, 59435, 3
53142, 40512, 3703, 3
48684, 3559, 25443, 3
49561, 32659, 36745, 3
47495, 44840, 35901, 3
17336, 28755, 30025, 3
58345, 46125, 4433, 3
67382, 4239, 9337, 3
38373, 24949, 13809, 3
32457, 60561, 21420, 3
24464, 64291, 30562, 3
55247, 54654, 43471, 3
2430, 3389, 21258, 3
17178, 51322, 59599, 3
8702, 6457, 28162, 3
52837, 22282, 58984, 3
36301, 228, 9665, 3
57518, 49970, 63772, 3
37708, 54348, 64238, 3
43689, 18240, 7049, 3
63616, 33183, 17489, 3
9843, 29916, 15216, 3
26016, 24859, 6011, 3
47707, 4283, 44535, 3
27511, 4672, 29943, 3
23318, 55692, 8323, 3
56676, 34536, 1125, 3
29748, 56024, 41366, 3
3304, 52136, 20238, 3
4523, 2178, 46940, 3
18230, 50151, 17408, 3
1656, 114, 16818, 3
14992, 50800, 44963, 3
68025, 42040, 3447, 3
43153, 67625, 68843, 3
59691, 11283, 3303, 3
47460, 4159, 36531, 3
42643, 30607, 57467, 3
50141, 42326, 42372, 3
30452, 55346, 57646, 3
50729, 17492, 14585, 3
40526, 23967, 30020, 3
22143, 34877, 50620, 3
42866, 56912, 45213, 3
26896, 31012, 61988, 3
24904, 63966, 47606, 3
69585, 19010, 45973, 3
1288, 722, 1
311, 1146, 1
357, 1012, 1
493, 317, 1
194, 663, 1
1071, 690, 1
428, 932, 1
1105, 725, 1
143, 588, 1
164, 1133, 1
1311, 182, 1
1464, 1141, 1
1336, 875, 1
212, 962, 1
658, 401, 1
833, 1321, 1
13, 39, 1
1035, 1320, 1
343, 1362, 1
919, 1405, 1
1296, 769, 1
1306, 1217, 1
750, 636, 1
932, 621, 1
14, 270, 1
622, 543, 1
167, 595, 1
860, 119, 1
226, 487, 1
1285, 635, 1
1252, 406, 1
621, 1399, 1
1413, 1210, 1
1460, 661, 1
850, 847, 1
398, 1044, 1
107, 279, 1
1248, 1227, 1
1393, 1117, 1
25, 588, 1
462, 872, 1
1054, 1437, 1
406, 470, 1
1031, 1452, 1
725, 1101, 1
1248, 1253, 1
499, 245, 1
727, 1274, 1
710, 200, 1
747, 905, 1
785, 286, 1
1155, 23, 1
1227, 1253, 1
932, 1399, 1
25, 143, 1
1252, 470, 1
1105, 1101, 1
428, 621, 1
932, 428, 1
428, 1399, 1
588, 143, 1
460, 859, -1
836, 46, -1
1102, 449, -1
925, 930, -1
347, 8, -1
1313, 15, -1
1411, 1399, -1
57, 897, -1
1443, 570, -1
1156, 1069, -1
84, 1348, -1
755, 779, -1
551, 656, -1
821, 1045, -1
521, 1291, -1
50, 830, -1
1038, 36, -1
349, 1317, -1
457, 342, -1
672, 619, -1
473, 516, -1
1125, 858, -1
156, 168, -1
257, 973, -1
1049, 1230, -1
664, 505, -1
483, 480, -1
195, 271, -1
347, 303, -1
1037, 570, -1
496, 825, -1
1183, 428, -1
921, 535, -1
1273, 1141, -1
1125, 311, -1
1464, 789, -1
844, 763, -1
32, 1340, -1
633, 225, -1
432, 755, -1
1019, 1331, -1
1452, 1006, -1
1342, 1403, -1
623, 2, -1
1212, 1233, -1
164, 960, -1
244, 115, -1
982, 74, -1
742, 345, -1
1154, 418, -1
407, 1427, -1
1063, 774, -1
1061, 798, -1
1077, 54, -1
642, 1127, -1
683, 490, -1
583, 724, -1
347, 284, -1
528, 356, -1
866, 414, -1
13, 1470, -1
1, 105, -1
6, 1063, -1
1055, 1069, -1
237, 14, -1
369, 1047, -1
648, 389, -1
88, 578, -1
140, 333, -1
753, 796, -1
904, 621, -1
917, 1322, -1
442, 199, -1
810, 242, -1
179, 614, -1
1225, 689, -1
397, 312, -1
497, 925, -1
1405, 9, -1
1227, 519, -1
1083, 63, -1
404, 213, -1
1031, 1248, -1
320, 855, -1
1386, 146, -1
1139, 1432, -1
915, 1065, -1
798, 1021, -1
523, 50, -1
1414, 1412, -1
613, 554, -1
1433, 348, -1
1295, 583, -1
896, 813, -1
372, 1221, -1
1211, 1072, -1
899, 290, -1
377, 1074, -1
134, 938, -1
850, 1479, -1
546, 1216, -1
1346, 1399, -1
1407, 1355, -1
156, 521, -1
1186, 1378, -1
1086, 59, -1
1330, 589, -1
384, 966, -1
241, 511, -1
570, 635, -1
793, 406, -1
568, 47, -1
79, 458, -1
888, 1395, -1
298, 278, -1
1252, 849, -1
527, 563, -1
706, 534, -1
187, 1383, -1
991, 778, -1
1027, 158, -1
863, 425, -1
465, 1296, -1
883, 727, -1
900, 425, -1
960, 1208, -1
1117, 621, -1
137, 561, -1
649, 374, -1
187, 731, -1
601, 883, -1
690, 82, -1
1354, 524, -1
1347, 1087, -1
56, 930, -1
1378, 138, -1
1175, 982, -1
908, 8, -1
504, 414, -1
1401, 1472, -1
421, 974, -1
456, 453, -1
1161, 617, -1
106, 817, -1
180, 1203, -1
618, 979, -1
421, 552, -1
1240, 258, -1
117, 358, -1
1427, 921, -1
75, 843, -1
517, 1366, -1
1452, 1151, -1
1126, 988, -1
674, 996, -1
158, 870, -1
110, 480, -1
30, 1090, -1
673, 1250, -1
286, 392, -1
21, 1153, -1
510, 1268, -1
483, 347, -1
205, 219, -1
345, 900, -1
156, 339, -1
893, 1347, -1
567, 1020, -1
706, 542, -1
1269, 1417, -1
539, 1054, -1
322, 1024, -1
1110, 977, -1
593, 181, -1
46, 1240, -1
1288, 1068, -1
289, 1192, -1
34, 430, -1
1336, 324, -1
487, 1321, -1
949, 55, -1
745, 170, -1
1401, 1018, -1
909, 993, -1
1352, 1016, -1
891, 361, -1
1389, 1003, -1
638, 680, -1
127, 899, -1
71, 466, -1
1027, 721, -1
374, 567, -1
1159, 634, -1
1061, 297, -1
172, 820, -1
1036, 120, -1
1242, 996, -1
491, 1304, -1
6, 578, -1
160, 1407, -1
519, 831, -1
576, 548, -1
517, 804, -1
687, 1230, -1
311, 493, -1
102, 1201, -1
909, 893, -1
1327, 1095, -1
225, 1285, -1
1075, 299, -1
909, 2, -1
1267, 1099, -1
294, 14, -1
1294, 952, -1
989, 397, -1
1072, 1007, -1
278, 591, -1
1093, 1298, -1
593, 111, -1
834, 1397, -1
448, 1375, -1
860, 1422, -1
433, 765, -1
1072, 1305, -1
798, 770, -1
1017, 148, -1
223, 342, -1
428, 217, -1
390, 1123, -1
41, 113, -1
1030, 691, -1
194, 238, -1
1253, 1294, -1
1236, 334, -1
1413, 761, -1
1224, 1450, -1
1167, 1279, -1
957, 821, -1
629, 1072, -1
876, 916, -1
93, 717, -1
1189, 1293, -1
831, 164, -1
752, 168, -1
737, 961, -1
73, 725, -1
1180, 1417, -1
232, 255, -1
92, 980, -1
761, 303, -1
598, 160, -1
1033, 899, -1
1379, 559, -1
886, 546, -1
264, 37, -1
262, 1030, -1
1146, 445, -1
931, 71, -1
1325, 802, -1
921, 918, -1
188, 292, -1
1294, 1144, -1
773, 1045, -1
1327, 1223, -1
353, 947, -1
858, 1259, -1
738, 926, -1
762, 859, -1
962, 607, -1
816, 921, -1
1464, 213, -1
195, 1058, -1
1412, 1304, -1
1342, 609, -1
333, 419, -1
619, 321, -1
378, 1217, -1
1408, 489, -1
1425, 375, -1
227, 1451, -1
962, 1098, -1
398, 981, -1
377, 296, -1
630, 68, -1
1073, 815, -1
117, 509, -1
634, 200, -1
1067, 1003, -1
1374, 962, -1
1232, 1404, -1
754, 238, -1
640, 612, -1
545, 567, -1
518, 930, -1
293, 1087, -1
1305, 386, -1
427, 1347, -1
207, 970, -1
408, 622, -1
1344, 1471, -1
168, 83, -1
424, 535, -1
516, 993, -1
279, 1162, -1
254, 1414, -1
1050, 1043, -1
129, 433, -1
680, 603, -1
1315, 381, -1
551, 1142, -1
1127, 195, -1
770, 457, -1
1013, 411, -1
1300, 827, -1
425, 1307, -1
927, 1378, -1
111, 591, -1
948, 121, -1
1478, 1169, -1
820, 772, -1
113, 285, -1
398, 479, -1
1212, 1148, -1
1138, 1091, -1
543, 1258, -1
1450, 426, -1
1279, 1281, -1
1382, 648, -1
288, 1473, -1
1161, 85, -1
1462, 1464, -1
942, 121, -1
407, 564, -1
1364, 540, -1
116, 1394, -1
1368, 1388, -1
627, 379, -1
489, 822, -1
800, 569, -1
421, 194, -1
1175, 46, -1
1203, 215, -1
220, 804, -1
1138, 1278, -1
1316, 437, -1
960, 1441, -1
1025, 786, -1
985, 1138, -1
906, 594, -1
228, 1081, -1
429, 896, -1
865, 765, -1
73, 736, -1
1193, 800, -1
1295, 476, -1
144, 1080, -1
146, 763, -1
1303, 1170, -1
948, 157, -1
760, 783, -1
597, 1128, -1
779, 262, -1
1060, 1315, -1
885, 1226, -1
1013, 1068, -1
1450, 85, -1
52, 1049, -1
705, 738, -1
224, 732, -1
800, 1430, -1
1069, 828, -1
12, 368, -1
36, 409, -1
387, 605, -1
910, 975, -1
1019, 234, -1
385, 1353, -1
123, 1109, -1
992, 1462, -1
277, 1327, -1
1075, 116, -1
559, 754, -1
15, 1089, -1
268, 508, -1
629, 1225, -1
1292, 859, -1
304, 331, -1
627, 949, -1
259, 1153, -1
1101, 873, -1
358, 385, -1
948, 331, -1
652, 10, -1
1081, 916, -1
1157, 276, -1
868, 448, -1
172, 1418, -1
11, 141, -1
1323, 1319, -1
391, 105, -1
741, 1133, -1
11, 323, -1
121, 316, -1
719, 383, -1
422, 941, -1
958, 1062, -1
981, 705, -1
550, 99, -1
542, 1024, -1
921, 1392, -1
1035, 762, -1
1320, 383, -1
985, 482, -1
534, 937, -1
299, 582, -1
1133, 182, -1
93, 850, -1
593, 1342, -1
1170, 1180, -1
173, 727, -1
581, 1404, -1
515, 1184, -1
528, 28, -1
708, 410, -1
51, 1416, -1
697, 1192, -1
1319, 855, -1
652, 119, -1
1339, 249, -1
398, 1127, -1
1270, 888, -1
1450, 169, -1
847, 1055, -1
803, 1188, -1
633, 933, -1
377, 729, -1
199, 1303, -1
331, 591, -1
645, 274, -1
656, 561, -1
669, 1083, -1
289, 296, -1
194, 193, -1
69, 327, -1
267, 540, -1
1110, 84, -1
1152, 454, -1
946, 872, -1
212, 1374, -1
1035, 383, -1
932, 1117, -1
634, 710, -1
1031, 1151, -1
1044, 1127, -1
1141, 1462, -1
1133, 1311, -1
793, 1252, -1
960, 1133, -1
1411, 621, -1
1470, 39, -1
1258, 622, -1
421, 663, -1
847, 1479, -1
761, 1210, -1
1393, 621, -1
238, 663, -1
1464, 1273, -1
1320, 762, -1
164, 741, -1
1146, 1125, -1
1274, 173, -1
392, 785, -1
465, 769, -1
408, 543, -1
1227, 1031, -1
932, 1183, -1
225, 635, -1
212, 607, -1
946, 462, -1
1146, 493, -1
1321, 226, -1
1133, 831, -1
1141, 213, -1
212, 1098, -1
904, 1399, -1
1044, 479, -1
82, 1071, -1
164, 182, -1
9, 919, -1
904, 932, -1
1346, 621, -1
237, 270, -1
1274, 883, -1
873, 725, -1
193, 663, -1
1422, 119, -1
1253, 1031, -1
445, 311, -1
294, 270, -1
570, 1285, -1
1248, 1294, -1
1105, 73, -1
652, 860, -1
1248, 519, -1
833, 487, -1
1141, 789, -1
73, 1101, -1
722, 1068, -1
1162, 107, -1
1117, 1399, -1
793, 470, -1
850, 1055, -1
217, 932, -1
93, 847, -1
1006, 1031, -1
849, 406, -1
1248, 1452, -1
317, 311, -1
875, 324, -1
1044, 981, -1
378, 1306, -1
539, 1437, -1
14, 294, -1
1479, 850, -1
200, 634, -1
850, 93, -1
1258, 543, -1
1146, 317, -1
213, 1464, -1
1227, 1294, -1
428, 1117, -1
833, 226, -1
9, 1405, -1
962, 1374, -1
1411, 932, -1
762, 1035, -1
1393, 1399, -1
193, 194, -1
1162, 279, -1
1393, 932, -1
1452, 1253, -1
873, 1101, -1
1464, 1462, -1
1227, 1452, -1
1253, 519, -1
1296, 465, -1
164, 1311, -1
621, 1117, -1
1399, 1183, -1
1411, 428, -1
1105, 873, -1
849, 1252, -1
872, 946, -1
1393, 428, -1
428, 1183, -1
981, 398, -1
194, 421, -1
1346, 932, -1
217, 621, -1
217, 1399, -1
904, 428, -1
761, 1413, -1
960, 164, -1
164, 831, -1
621, 1183, -1
1346, 428, -1
493, 311, -1
1248, 1031, -1
849, 470, -1
392, 286, -1
1217, 378, -1
1321, 487, -1
1133, 741, -1
217, 428, -1
741, 164, -1
428, 1411, -1
1183, 621, -1
1183, 932, -1
932, 1411, -1
725, 873, -1

