5105, 38230, 57871, 3
69067, 50243, 17413, 3
31400, 44037, 44314, 3
61643, 58281, 12077, 3
58899, 67105, 47910, 3
37895, 60228, 50084, 3
36926, 29089, 32316, 3
67152, 55534, 27675, 3
19994, 43162, 27190, 3
59280, 56163, 4023, 3
13972, 65377, 10326, 3
64208, 5197, 25262, 3
60058, 7474, 57635, 3
54368, 38720, 19956, 3
38930, 55751, 44270, 3
30690, 28601, 45878, 3
5797, 22010, 18588, 3
289, 40362, 41304, 3
49428, 58928, 39522, 3
24398, 8124, 22149, 3
9766, 26124, 67313, 3
34855, 52211, 50957, 3
31575, 48752, 14025, 3
16793, 21144, 35228, 3
23730, 57372, 57944, 3
29205, 4347, 2717, 3
37763, 23390, 50985, 3
44729, 21003, 59587, 3
68935, 41545, 62429, 3
18830, 67452, 34598, 3
64534, 38369, 64792, 3
64469, 17599, 26096, 3
4985, 62878, 53171, 3
45821, 19642, 58933, 3
19111, 59232, 17543, 3
62502, 27108, 61574, 3
11839, 69525, 60838, 3
29607, 61693, 33265, 3
66801, 36013, 23113, 3
6276, 57257, 47228, 3
31091, 24549, 6430, 3
5984, 59193, 16067, 3
58174, 43137, 69731, 3
21366, 27781, 45886, 3
45285, 31515, 61820, 3
59726, 42139, 26641, 3
2786, 12310, 1459, 3
2422, 20751, 58552, 3
35090, 12615, 52321, 3
42309, 39097, 16498, 3
58008, 23727, 59328, 3
59130, 15325, 12106, 3
4267, 50593, 7129, 3
57820, 61787, 25575, 3
61014, 27496, 10295, 3
68407, 20246, 17884, 3
40809, 9117, 60953, 3
700, 46085, 66381, 3
29083, 28411, 43575, 3
37504, 62446, 33440, 3
7369, 29280, 25324, 3
39538, 16668, 27740, 3
21894, 5825, 49409, 3
42104, 12790, 53199, 3
10163, 48334, 13704, 3
66520, 24862, 55104, 3
52446, 3040, 53645, 3
5018, 26774, 4808, 3
19295, 55570, 49839, 3
42172, 43468, 68507, 3
1144, 29139, 18141, 3
55720, 41941, 55530, 3
26740, 61472, 27635, 3
55410, 45970, 67608, 3
50715, 13482, 39485, 3
14881, 63599, 2662, 3
32504, 69498, 5907, 3
26453, 37890, 1396, 3
7744, 57719, 60296, 3
13003, 32815, 39932, 3
37615, 45859, 63177, 3
67834, 5634, 21286, 3
57172, 41594, 63373, 3
38545, 10181, 60076, 3
55031, 18706, 54888, 3
7776, 58026, 21273, 3
8691, 56696, 63451, 3
8507, 8976, 60533, 3
44468, 40678, 13085, 3
20327, 42342, 15406, 3
36154, 51791, 10158, 3
51005, 48558, 43719, 3
2797, 19307, 28021, 3
17690, 29258, 31639, 3
62412, 30935, 50430, 3
35023, 62769, 60377, 3
61009, 60725, 30938, 3
24093, 55792, 32867, 3
60704, 36096, 24866, 3
42359, 16592, 46986, 3
13716, 49066, 18479, 3
51923, 25432, 22790, 3
62248, 24794, 32055, 3
42802, 41097, 52559, 3
11019, 37282, 63778, 3
62845, 12062, 29943, 3
11982, 50313, 33794, 3
15643, 4777, 26694, 3
18677, 3037, 10072, 3
16541, 21510, 20260, 3
52411, 23115, 34176, 3
29671, 52902, 24256, 3
38764, 67447, 29820, 3
38285, 20733, 427, 3
23193, 6116, 24040, 3
19767, 69093, 58185, 3
35969, 40823, 57587, 3
60218, 40413, 61497, 3
29370, 30881, 20050, 3
51371, 17373, 60287, 3
64487, 57445, 39478, 3
60560, 40230, 46438, 3
29732, 67809, 43918, 3
30250, 54925, 44152, 3
56337, 340, 48104, 3
24607, 51369, 34471, 3
67324, 63685, 35257, 3
60632, 27445, 20974, 3
61800, 51745, 61368, 3
44194, 2903, 36316, 3
13751, 44782, 32438, 3
23226, 36030, 44249, 3
6007, 19310, 45630, 3
26189, 63734, 18132, 3
8878, 16510, 45635, 3
33062, 68646, 27089, 3
14540, 51346, 550, 3
997, 46834, 49067, 3
43919, 689, 37504, 3
48310, 59634, 58455, 3
55781, 38361, 36032, 3
44236, 10136, 16620, 3
1322, 23141, 52443, 3
38022, 33920, 50641, 3
10148, 33456, 18458, 3
32211, 6037, 2733, 3
57820, 51593, 60931, 3
65097, 26002, 23366, 3
11055, 14825, 67678, 3
59447, 24867, 58910, 3
55361, 754, 40861, 3
3096, 37558, 40873, 3
11351, 60951, 65971, 3
26091, 38436, 21533, 3
64364, 34897, 15235, 3
1354, 58351, 3174, 3
61066, 33029, 21609, 3
1186, 13078, 22026, 3
31461, 39277, 28937, 3
26273, 2978, 31855, 3
5563, 17217, 64838, 3
51873, 29404, 69413, 3
28719, 60793, 58940, 3
1415, 28419, 56875, 3
19037, 9795, 46104, 3
42839, 25573, 52420, 3
50209, 39934, 38080, 3
51140, 23902, 5285, 3
30091, 21134, 29329, 3
48588, 44321, 13086, 3
63262, 48432, 30729, 3
45404, 27289, 63583, 3
29530, 48284, 37105, 3
48667, 45151, 11440, 3
22732, 21617, 37134, 3
51832, 40435, 8993, 3
2066, 56292, 8371, 3
15991, 62310, 43008, 3
41490, 69351, 65225, 3
41236, 47675, 31231, 3
50927, 45188, 57392, 3
57942, 65152, 16638, 3
67794, 3035, 48530, 3
45241, 10629, 22546, 3
15158, 69180, 22174, 3
11453, 5512, 56454, 3
58502, 18135, 15541, 3
5208, 61538, 23871, 3
4993, 33121, 21636, 3
22708, 6647, 26919, 3
20572, 63742, 62410, 3
6744, 37205, 24353, 3
17327, 38973, 37170, 3
31014, 51792, 32750, 3
26915, 47228, 6816, 3
7865, 33027, 51824, 3
20832, 55965, 25522, 3
11548, 66697, 53127, 3
67266, 34898, 41697, 3
66417, 18402, 42149, 3
35916, 45054, 68849, 3
26508, 38950, 59206, 3
33313, 21357, 7533, 3
8244, 8172, 19753, 3
52997, 60510, 9155, 3
40521, 26442, 45683, 3
38836, 37365, 13012, 3
42082, 69457, 51754, 3
50721, 47424, 55402, 3
43047, 19054, 67103, 3
35040, 47940, 27807, 3
17867, 61758, 10944, 3
38862, 38208, 4153, 3
34584, 21732, 20260, 3
15082, 59172, 1170, 3
65876, 63915, 32952, 3
45658, 18668, 21262, 3
22231, 65782, 33136, 3
65493, 56853, 38697, 3
27204, 15150, 14056, 3
22845, 7092, 11640, 3
33209, 40440, 59681, 3
34557, 52010, 16830, 3
64028, 60119, 32552, 3
7187, 24364, 28551, 3
27472, 25284, 68507, 3
57589, 36303, 62540, 3
25530, 41593, 23242, 3
14342, 4727, 32858, 3
55177, 20191, 4757, 3
55180, 6912, 45728, 3
65562, 50882, 55584, 3
1734, 65613, 69311, 3
56410, 38043, 27981, 3
42793, 2057, 9146, 3
2481, 45277, 17150, 3
69706, 15078, 51237, 3
69689, 56005, 10521, 3
33588, 38810, 44823, 3
18708, 15317, 56597, 3
56444, 5806, 40496, 3
16920, 67358, 24744, 3
3368, 34481, 33721, 3
27851, 10716, 20183, 3
57025, 67305, 20497, 3
45698, 17448, 45361, 3
44779, 22818, 375, 3
17328, 69443, 54501, 3
69961, 37492, 28121, 3
53475, 37804, 1771, 3
51865, 34555, 41564, 3
57202, 1829, 44089, 3
20480, 18611, 64724, 3
62817, 40130, 43978, 3
7681, 162, 17224, 3
2669, 44100, 9478, 3
67265, 28321, 31271, 3
17013, 60028, 40227, 3
4460, 23130, 14099, 3
48601, 10545, 49293, 3
23892, 48408, 410, 3
43256, 24058, 15542, 3
52981, 25078, 581, 3
28058, 17302, 708, 3
46578, 33761, 37035, 3
28985, 11647, 44646, 3
68363, 52150, 27664, 3
37240, 67724, 49100, 3
28988, 47806, 6580, 3
18448, 19027, 26475, 3
56892, 38427, 16266, 3
65340, 35797, 1777, 3
44555, 11722, 7944, 3
6199, 11405, 45086, 3
60497, 22881, 46372, 3
41170, 60619, 41962, 3
41961, 34542, 24495, 3
34226, 24881, 26944, 3
69892, 4885, 40601, 3
4728, 64993, 1654, 3
33957, 12802, 45222, 3
30872, 45285, 37917, 3
62632, 12829, 16932, 3
4762, 5721, 18332, 3
51469, 2145, 9200, 3
26220, 27762, 15365, 3
6744, 11771, 69467, 3
51409, 10064, 51017, 3
68875, 69614, 8848, 3
53112, 32017, 6959, 3
52091, 57720, 51578, 3
51802, 63692, 61207, 3
64119, 57300, 6661, 3
8792, 57142, 62044, 3
48717, 41054, 66804, 3
48976, 41379, 33928, 3
31967, 48549, 2587, 3
11362, 68491, 41748, 3
36003, 47575, 63368, 3
29906, 46524, 45982, 3
3339, 41873, 2218, 3
50975, 34888, 4214, 3
1270, 46627, 46883, 3
8604, 60674, 6380, 3
47035, 7971, 10540, 3
25230, 31355, 67838, 3
25537, 24132, 34236, 3
44223, 33358, 27367, 3
30034, 18120, 54684, 3
44951, 57466, 13292, 3
50310, 21399, 7661, 3
61948, 34292, 4343, 3
60521, 50245, 35834, 3
45617, 27656, 31235, 3
51561, 26630, 2391, 3
44444, 59021, 61562, 3
25774, 69725, 45434, 3
26102, 17172, 8968, 3
55044, 63087, 22702, 3
22111, 8420, 8796, 3
28966, 33496, 12703, 3
54387, 8874, 64551, 3
67801, 49693, 63064, 3
59952, 19918, 31805, 3
59949, 29655, 41317, 3
31451, 59809, 17648, 3
55635, 68663, 61107, 3
19213, 52597, 66142, 3
51756, 3942, 39529, 3
55418, 26692, 57083, 3
58179, 14405, 27530, 3
39336, 44586, 4684, 3
59182, 47031, 15566, 3
37779, 66847, 61943, 3
12892, 212, 47782, 3
59906, 32348, 31102, 3
17790, 45526, 46440, 3
6470, 48016, 19689, 3
23859, 8228, 54070, 3
27332, 27057, 64176, 3
58280, 5985, 20494, 3
10217, 52859, 46307, 3
67997, 67352, 55433, 3
9189, 56390, 45543, 3
5750, 25402, 34774, 3
14826, 36020, 33205, 3
38652, 67642, 65133, 3
10344, 7301, 53055, 3
13968, 68993, 1190, 3
15302, 57753, 67364, 3
49512, 39913, 43263, 3
48086, 69034, 22020, 3
38006, 42132, 69590, 3
11756, 56684, 66424, 3
13566, 38806, 11206, 3
60481, 57811, 36635, 3
64625, 44984, 67948, 3
37390, 8487, 6395, 3
27942, 8438, 53246, 3
12885, 68733, 18686, 3
45567, 10685, 33232, 3
27917, 33916, 11791, 3
23164, 54207, 25776, 3
718, 62702, 41844, 3
19813, 53154, 63567, 3
39468, 54659, 69177, 3
8061, 3578, 559, 3
3950, 39165, 30275, 3
69655, 36799, 63725, 3
4279, 21631, 22468, 3
14445, 10921, 42661, 3
53193, 45415, 48713, 3
64261, 31354, 48883, 3
5278, 25114, 31381, 3
52971, 41460, 5262, 3
27129, 40251, 23236, 3
8882, 39554, 3403, 3
11731, 18717, 58150, 3
64802, 1297, 56091, 3
32694, 7271, 53897, 3
27172, 17470, 1054, 3
68958, 22552, 16008, 3
1127, 68705, 47424, 3
22224, 7528, 17186, 3
60704, 29488, 54488, 3
30901, 14348, 64623, 3
46964, 15872, 66685, 3
35794, 56760, 52233, 3
69932, 62528, 47929, 3
64605, 7646, 9830, 3
68890, 49930, 61407, 3
46815, 38543, 1152, 3
45629, 3839, 2818, 3
4015, 48308, 9433, 3
33861, 39336, 47381, 3
65341, 38746, 16985, 3
13550, 31224, 48828, 3
45700, 52940, 3078, 3
40413, 33978, 63685, 3
7841, 53987, 12479, 3
23915, 47387, 32248, 3
4230, 18985, 17405, 3
21335, 22535, 35118, 3
23434, 64283, 58954, 3
68757, 57219, 67395, 3
67439, 32371, 40782, 3
27974, 8546, 50685, 3
34981, 64459, 18079, 3
1431, 31062, 9657, 3
11019, 49256, 40994, 3
69969, 18735, 30796, 3
48927, 6582, 10695, 3
3642, 58927, 29434, 3
58535, 35534, 36311, 3
56030, 62277, 7021, 3
64462, 30032, 66845, 3
15343, 65379, 16938, 3
42621, 65266, 1387, 3
7218, 764, 61144, 3
3045, 22273, 1885, 3
53751, 35361, 35860, 3
47632, 53264, 67936, 3
27973, 45480, 37624, 3
11449, 27696, 19578, 3
5477, 64532, 44653, 3
49076, 27570, 574, 3
50123, 22141, 65768, 3
5732, 18208, 51645, 3
45245, 42989, 16176, 3
45166, 3278, 41404, 3
22088, 54587, 5864, 3
48627, 9370, 38687, 3
30575, 13724, 16969, 3
28482, 18069, 3774, 3
44995, 32622, 6667, 3
2422, 39349, 417, 3
37584, 24779, 27138, 3
63879, 15534, 1726, 3
38910, 65162, 14761, 3
63470, 34196, 43299, 3
43700, 37211, 15484, 3
30379, 9788, 69687, 3
18724, 34642, 44470, 3
13232, 23027, 9280, 3
33918, 29792, 47779, 3
48668, 14481, 44908, 3
61795, 21744, 12323, 3
26775, 1998, 66945, 3
11090, 43694, 1237, 3
45040, 43182, 4539, 3
6066, 49752, 61518, 3
1277, 29839, 19638, 3
9798, 57912, 20520, 3
42474, 25549, 42923, 3
55583, 59857, 7593, 3
414, 63908, 39877, 3
27151, 31906, 31941, 3
26152, 24295, 21269, 3
24095, 3078, 8377, 3
37472, 7056, 53106, 3
49697, 52594, 28950, 3
2030, 43545, 66076, 3
12584, 34320, 38737, 3
39385, 13455, 43580, 3
68314, 33402, 5392, 3
19669, 46549, 23937, 3
36859, 43522, 62876, 3
61010, 55398, 20984, 3
66286, 12890, 67087, 3
37764, 52881, 40459, 3
45209, 35132, 28754, 3
59732, 34917, 56639, 3
68585, 14004, 60139, 3
67610, 52690, 3790, 3
46595, 3115, 49363, 3
14606, 65269, 9190, 3
19481, 7860, 46169, 3
6927, 15376, 68477, 3
65085, 45422, 62925, 3
34401, 3213, 45868, 3
68064, 61212, 57522, 3
9658, 43311, 69419, 3
49827, 10184, 45673, 3
62852, 61416, 53029, 3
25995, 37356, 59262, 3
68045, 68340, 46987, 3
46677, 49691, 9850, 3
23203, 22357, 65483, 3
35855, 41257, 63019, 3
4250, 46517, 51892, 3
63756, 18236, 28926, 3
49207, 28548, 63405, 3
31099, 10519, 61634, 3
34235, 30388, 45348, 3
30454, 42824, 59014, 3
16774, 2577, 12705, 3
5205, 32433, 14905, 3
61632, 54210, 22499, 3
62767, 31050, 27664, 3
27499, 15488, 52310, 3
717, 329, 1
1180, 661, 1
603, 249, 1
62, 665, 1
1409, 1158, 1
487, 346, 1
786, 353, 1
948, 1347, 1
659, 867, 1
687, 389, 1
479, 574, 1
1123, 871, 1
5, 893, 1
122, 619, 1
1422, 1166, 1
370, 148, 1
1257, 681, 1
722, 278, 1
18, 1318, 1
1348, 1357, 1
646, 1427, 1
511, 148, 1
818, 997, 1
1169, 1272, 1
1483, 809, 1
845, 1071, 1
494, 13, 1
1197, 821, 1
632, 196, 1
229, 612, 1
266, 504, 1
692, 991, 1
1332, 724, 1
144, 94, 1
1374, 122, 1
446, 52, 1
1128, 249, 1
632, 640, 1
1147, 1370, 1
603, 1363, 1
86, 181, 1
646, 189, 1
998, 86, 1
817, 1434, 1
254, 983, 1
50, 1429, 1
1167, 727, 1
233, 190, 1
982, 454, 1
181, 998, 1
619, 1374, 1
249, 1363, 1
370, 511, 1
1427, 189, 1
1128, 603, 1
196, 640, 1
1128, 1363, 1
122, 1374, 1
1427, 646, 1
189, 646, 1
196, 632, 1
148, 511, 1
249, 603, 1
640, 632, 1
86, 998, 1
640, 196, 1
181, 86, 1
1363, 603, 1
869, 1133, -1
316, 1266, -1
1072, 265, -1
348, 402, -1
705, 1429, -1
752, 88, -1
125, 454, -1
107, 1282, -1
501, 665, -1
132, 571, -1
1461, 615, -1
129, 407, -1
1374, 996, -1
924, 553, -1
1195, 583, -1
576, 1371, -1
566, 1105, -1
1220, 423, -1
1181, 163, -1
197, 1460, -1
451, 1384, -1
1468, 843, -1
92, 1204, -1
320, 1034, -1
1330, 451, -1
631, 694, -1
581, 1049, -1
198, 1060, -1
949, 1161, -1
390, 832, -1
941, 240, -1
286, 1349, -1
203, 1082, -1
1017, 1256, -1
1365, 168, -1
857, 1117, -1
198, 141, -1
1310, 122, -1
53, 1017, -1
639, 298, -1
91, 437, -1
1368, 1446, -1
876, 61, -1
565, 663, -1
16, 1312, -1
1064, 371, -1
1308, 604, -1
283, 1088, -1
823, 284, -1
672, 44, -1
1387, 629, -1
539, 881, -1
1300, 1236, -1
631, 1058, -1
1112, 883, -1
1233, 951, -1
1257, 1465, -1
576, 343, -1
933, 534, -1
879, 939, -1
1448, 264, -1
625, 199, -1
804, 110, -1
780, 793, -1
98, 758, -1
266, 623, -1
173, 697, -1
566, 617, -1
207, 427, -1
974, 912, -1
319, 1205, -1
327, 380, -1
1314, 1471, -1
1317, 1382, -1
991, 1407, -1
526, 1122, -1
987, 408, -1
262, 835, -1
1439, 1385, -1
1465, 250, -1
1098, 1190, -1
1046, 864, -1
633, 690, -1
820, 1239, -1
978, 518, -1
851, 997, -1
1016, 277, -1
59, 428, -1
1150, 11, -1
997, 25, -1
944, 58, -1
276, 881, -1
401, 277, -1
740, 760, -1
16, 804, -1
491, 1451, -1
44, 978, -1
1325, 677, -1
224, 384, -1
121, 148, -1
1194, 1464, -1
1357, 202, -1
1318, 981, -1
629, 320, -1
592, 40, -1
320, 900, -1
452, 450, -1
997, 383, -1
1455, 1350, -1
362, 987, -1
555, 552, -1
313, 228, -1
369, 66, -1
285, 1309, -1
1213, 527, -1
857, 1000, -1
699, 618, -1
1041, 25, -1
1149, 911, -1
302, 979, -1
332, 967, -1
962, 146, -1
140, 190, -1
337, 1360, -1
742, 689, -1
326, 261, -1
220, 679, -1
1420, 1108, -1
1383, 748, -1
308, 83, -1
1126, 684, -1
206, 1066, -1
1296, 373, -1
635, 221, -1
457, 1132, -1
756, 182, -1
748, 354, -1
1393, 260, -1
390, 1379, -1
111, 1045, -1
877, 513, -1
636, 1179, -1
271, 858, -1
1164, 210, -1
900, 177, -1
206, 302, -1
1257, 1299, -1
1022, 1452, -1
446, 1405, -1
163, 15, -1
1282, 582, -1
258, 358, -1
383, 493, -1
493, 991, -1
1429, 1273, -1
1169, 898, -1
1411, 1076, -1
1284, 1309, -1
930, 432, -1
238, 915, -1
434, 832, -1
540, 263, -1
424, 117, -1
818, 1161, -1
642, 822, -1
490, 876, -1
1338, 955, -1
947, 592, -1
1183, 492, -1
1468, 1154, -1
709, 488, -1
739, 968, -1
207, 714, -1
1135, 1369, -1
372, 637, -1
161, 513, -1
1193, 562, -1
1232, 802, -1
330, 1385, -1
443, 929, -1
365, 878, -1
1341, 627, -1
442, 398, -1
375, 895, -1
1120, 480, -1
560, 725, -1
223, 1210, -1
1471, 259, -1
879, 1030, -1
212, 302, -1
1209, 1385, -1
203, 174, -1
418, 49, -1
804, 600, -1
728, 1275, -1
207, 528, -1
58, 1368, -1
433, 837, -1
426, 1203, -1
902, 147, -1
1224, 1390, -1
922, 1483, -1
238, 629, -1
981, 164, -1
646, 1327, -1
874, 711, -1
263, 1234, -1
308, 1371, -1
777, 199, -1
1287, 842, -1
1001, 1034, -1
55, 608, -1
943, 334, -1
1364, 612, -1
426, 591, -1
1197, 1124, -1
1360, 1128, -1
1195, 1019, -1
1401, 1328, -1
1396, 450, -1
846, 890, -1
497, 386, -1
123, 1363, -1
34, 368, -1
921, 900, -1
487, 578, -1
1452, 1207, -1
698, 120, -1
1334, 898, -1
787, 28, -1
1225, 1433, -1
177, 1204, -1
1102, 1103, -1
1071, 1172, -1
519, 200, -1
414, 745, -1
1099, 1329, -1
159, 1225, -1
293, 1439, -1
29, 272, -1
904, 218, -1
197, 1022, -1
92, 928, -1
922, 1200, -1
830, 1106, -1
1289, 868, -1
267, 1077, -1
776, 820, -1
1435, 822, -1
896, 221, -1
863, 846, -1
935, 29, -1
72, 172, -1
249, 137, -1
458, 495, -1
807, 1373, -1
645, 1136, -1
374, 872, -1
1002, 962, -1
501, 74, -1
608, 49, -1
1416, 129, -1
361, 1386, -1
20, 1029, -1
61, 1182, -1
1065, 369, -1
1244, 656, -1
1017, 940, -1
568, 387, -1
1358, 477, -1
982, 1096, -1
1141, 648, -1
922, 489, -1
1407, 1294, -1
34, 434, -1
81, 498, -1
1470, 122, -1
667, 1181, -1
1423, 771, -1
116, 6, -1
87, 964, -1
958, 909, -1
428, 146, -1
100, 1439, -1
821, 129, -1
161, 600, -1
1152, 1319, -1
699, 40, -1
962, 658, -1
519, 548, -1
622, 369, -1
409, 244, -1
272, 168, -1
1423, 1171, -1
592, 900, -1
1183, 663, -1
938, 241, -1
803, 416, -1
1265, 386, -1
127, 486, -1
1253, 830, -1
773, 381, -1
1319, 987, -1
1353, 576, -1
1466, 461, -1
1327, 1254, -1
183, 310, -1
654, 672, -1
1251, 648, -1
774, 486, -1
824, 67, -1
1337, 632, -1
653, 1158, -1
954, 700, -1
1253, 511, -1
710, 222, -1
69, 1339, -1
727, 584, -1
80, 166, -1
914, 908, -1
1049, 1430, -1
790, 832, -1
793, 1398, -1
162, 892, -1
1353, 1238, -1
908, 503, -1
609, 1135, -1
121, 86, -1
1101, 363, -1
1276, 1394, -1
811, 385, -1
1450, 631, -1
426, 133, -1
1300, 938, -1
775, 353, -1
334, 666, -1
46, 375, -1
388, 182, -1
646, 302, -1
575, 1134, -1
887, 556, -1
336, 1483, -1
1338, 594, -1
727, 1093, -1
798, 949, -1
639, 1435, -1
1054, 825, -1
821, 1290, -1
751, 651, -1
282, 925, -1
388, 1065, -1
290, 1315, -1
677, 199, -1
999, 325, -1
1085, 328, -1
424, 1338, -1
983, 270, -1
430, 961, -1
252, 1345, -1
891, 1442, -1
298, 80, -1
887, 281, -1
695, 1239, -1
1189, 516, -1
853, 1136, -1
689, 763, -1
32, 1116, -1
1367, 1206, -1
126, 1314, -1
502, 344, -1
589, 311, -1
769, 305, -1
588, 842, -1
872, 717, -1
966, 390, -1
1482, 166, -1
1020, 945, -1
542, 126, -1
1436, 1070, -1
1369, 341, -1
1300, 746, -1
480, 1368, -1
280, 50, -1
823, 268, -1
1382, 1022, -1
674, 839, -1
1456, 1056, -1
34, 1374, -1
1202, 1149, -1
1082, 72, -1
915, 1075, -1
25, 71, -1
492, 967, -1
1081, 606, -1
1043, 861, -1
1211, 188, -1
888, 24, -1
318, 1020, -1
318, 908, -1
117, 1480, -1
252, 114, -1
306, 149, -1
345, 329, -1
1248, 1213, -1
14, 69, -1
865, 210, -1
1387, 856, -1
449, 46, -1
247, 5, -1
816, 1421, -1
540, 905, -1
209, 820, -1
1218, 630, -1
867, 430, -1
252, 745, -1
848, 476, -1
700, 179, -1
1109, 1407, -1
875, 59, -1
422, 465, -1
722, 1228, -1
163, 444, -1
85, 1180, -1
204, 379, -1
175, 582, -1
641, 883, -1
489, 714, -1
686, 163, -1
306, 331, -1
748, 353, -1
178, 1, -1
919, 1412, -1
98, 664, -1
891, 331, -1
653, 503, -1
23, 598, -1
725, 676, -1
1029, 829, -1
862, 1331, -1
153, 42, -1
208, 915, -1
853, 722, -1
1033, 937, -1
482, 475, -1
191, 781, -1
109, 1392, -1
235, 468, -1
1381, 762, -1
556, 748, -1
121, 1233, -1
1149, 500, -1
1096, 454, -1
853, 278, -1
345, 717, -1
619, 1310, -1
584, 1167, -1
18, 981, -1
202, 1348, -1
809, 922, -1
893, 247, -1
1374, 1310, -1
681, 1465, -1
818, 851, -1
705, 50, -1
125, 982, -1
692, 1407, -1
1360, 249, -1
280, 1429, -1
1172, 845, -1
121, 511, -1
1128, 137, -1
1290, 1197, -1
659, 430, -1
821, 1124, -1
786, 748, -1
1427, 1327, -1
25, 818, -1
34, 122, -1
1272, 898, -1
85, 661, -1
121, 181, -1
1161, 997, -1
1409, 653, -1
603, 123, -1
302, 189, -1
681, 1299, -1
1093, 1167, -1
786, 775, -1
619, 1470, -1
121, 370, -1
818, 383, -1
504, 623, -1
52, 1405, -1
640, 1337, -1
1228, 278, -1
302, 1427, -1
121, 998, -1
148, 1253, -1
578, 346, -1
1374, 1470, -1
872, 329, -1
122, 996, -1
129, 1197, -1
692, 493, -1
501, 62, -1
254, 270, -1
1337, 196, -1
189, 1327, -1
336, 809, -1
137, 603, -1
1273, 50, -1
233, 140, -1
1364, 229, -1
129, 821, -1
981, 1318, -1
1465, 1257, -1
1360, 1363, -1
202, 1357, -1
123, 1128, -1
1405, 446, -1
353, 748, -1
1360, 603, -1
1161, 818, -1
584, 727, -1
722, 853, -1
329, 345, -1
1172, 1071, -1
123, 249, -1
249, 123, -1
632, 1337, -1
353, 775, -1
665, 501, -1
122, 1470, -1
1427, 302, -1
578, 487, -1
34, 619, -1
5, 247, -1
612, 1364, -1
1299, 1257, -1
454, 125, -1
1290, 821, -1
1096, 982, -1
25, 997, -1
1180, 85, -1
996, 1374, -1
122, 1310, -1
137, 1363, -1
1124, 1197, -1
189, 302, -1
619, 996, -1
370, 1253, -1
1273, 1429, -1
137, 249, -1
1363, 123, -1
1465, 681, -1
1337, 640, -1
1128, 123, -1
229, 1364, -1
123, 603, -1

