19871, 42487, 1
44166, 53033, 1
58203, 18801, 1
12053, 27700, 1
15932, 19658, 1
46420, 64649, 1
25491, 52680, 1
12343, 25194, 1
59736, 18094, 1
16439, 6330, 1
2536, 69762, 1
54469, 63999, -1
21326, 3004, -1
15909, 15734, -1
50270, 27958, -1
16816, 67457, -1
22876, 50928, -1
45771, 5547, -1
57863, 49007, -1
51795, 41167, -1
34304, 29226, -1
39090, 41094, -1
3838, 44966, -1
52744, 2043, -1
24601, 47613, -1
16686, 1629, -1
11097, 35094, -1
30858, 4799, -1
363, 44387, -1
55291, 43954, -1
5830, 67720, -1
58300, 30476, -1
2553, 2320, -1
30051, 67015, -1
1160, 53635, -1
12362, 63658, -1
58736, 61612, -1
3979, 69651, -1
14851, 16759, -1
40239, 61377, -1
56737, 29898, -1
55131, 32820, -1
56848, 7752, -1
5793, 10056, -1
13492, 29381, -1
24924, 69788, -1
10958, 10032, -1
34629, 39408, -1
51129, 7024, -1
56791, 30865, -1
28524, 55035, -1
6375, 19291, -1
39202, 29808, -1
59641, 16230, -1
49679, 54094, -1
43240, 7771, -1
50202, 53178, -1
9855, 40783, -1
64899, 57249, -1
36795, 52758, -1
65917, 64100, -1
44546, 42238, -1
59029, 57009, -1
44656, 8490, -1
53522, 4827, -1
26078, 64791, -1
6906, 39604, -1
30738, 33041, -1
21798, 8430, -1
6851, 47269, -1
35946, 22813, -1
51149, 46469, -1
64846, 12856, -1
53529, 907, -1
25763, 3564, -1
45429, 64225, -1
25962, 56590, -1
20843, 27928, -1
22496, 33934, -1
40031, 49343, -1
32015, 28286, -1
32623, 42550, -1
54394, 39516, -1
41823, 15372, -1
20669, 20992, -1
62730, 38643, -1
41380, 44688, -1
67642, 66479, -1
13402, 2776, -1
61209, 64964, -1
69415, 8067, -1
56102, 63606, -1
29546, 14747, -1
25521, 875, -1
12212, 9307, -1
63170, 62968, -1
42967, 55539, -1
26751, 67861, -1
36665, 5447, -1
35931, 61020, -1

