50217, 2151, 35843, 3
54797, 45619, 57242, 3
69812, 59404, 56987, 3
57678, 52060, 29828, 3
3435, 44051, 66408, 3
17740, 62917, 1643, 3
44715, 7350, 43517, 3
27709, 9171, 49583, 3
28724, 51847, 39269, 3
57429, 65640, 2130, 3
284, 6983, 40143, 3
42737, 44914, 64588, 3
5492, 7212, 25685, 3
34453, 28281, 49846, 3
66504, 4264, 48929, 3
23910, 43469, 55059, 3
7324, 55782, 67575, 3
51440, 55700, 48328, 3
26098, 16124, 23635, 3
36601, 23544, 16143, 3
32889, 26418, 32667, 3
26878, 2708, 60000, 3
21622, 32491, 38617, 3
28638, 59767, 38285, 3
27652, 59226, 30754, 3
18153, 64699, 20494, 3
34988, 64914, 11538, 3
34197, 7428, 33268, 3
11945, 18704, 1269, 3
57525, 20477, 45268, 3
24908, 27258, 69008, 3
19915, 23372, 62366, 3
37730, 63188, 25111, 3
2291, 58093, 45966, 3
1006, 35940, 42852, 3
42937, 32914, 53898, 3
55396, 51821, 49124, 3
28623, 45130, 8176, 3
1126, 39747, 49526, 3
40045, 44311, 66854, 3
30690, 45355, 30906, 3
69352, 46573, 64172, 3
7179, 19751, 51316, 3
64100, 5776, 879, 3
60962, 64560, 48435, 3
11423, 20800, 33274, 3
44327, 69215, 69875, 3
10412, 47638, 27344, 3
4024, 47214, 29818, 3
29251, 18132, 63680, 3
68580, 46994, 23390, 3
33584, 2939, 8580, 3
15745, 19649, 69929, 3
34417, 40570, 24414, 3
65284, 38451, 69877, 3
58965, 50094, 19777, 3
31423, 65839, 63210, 3
34711, 38184, 43902, 3
2126, 40815, 9810, 3
61097, 24555, 49872, 3
56509, 52676, 69483, 3
53798, 33522, 25305, 3
67238, 66668, 17784, 3
6410, 7728, 22060, 3
25872, 39487, 46944, 3
61293, 56628, 46283, 3
41316, 23765, 47477, 3
402, 21473, 6200, 3
13286, 38468, 2564, 3
43454, 52661, 60913, 3
36422, 50091, 730, 3
3598, 20214, 44729, 3
39882, 8606, 58332, 3
25659, 18778, 23556, 3
35410, 17867, 48168, 3
36076, 64146, 69005, 3
16731, 34912, 58853, 3
45196, 54114, 37513, 3
64157, 29164, 51967, 3
19391, 29567, 21995, 3
8908, 37495, 37791, 3
18923, 42699, 20432, 3
25919, 56424, 3948, 3
1354, 28108, 58080, 3
59996, 1059, 3066, 3
52437, 66441, 64477, 3
36200, 601, 46278, 3
20312, 32817, 51256, 3
56211, 21745, 55576, 3
44586, 40916, 23787, 3
18045, 58810, 48396, 3
40817, 63614, 13142, 3
4985, 44880, 43035, 3
2608, 42344, 68994, 3
15712, 3513, 878, 3
56905, 39738, 69874, 3
19386, 9562, 24809, 3
22153, 47850, 37452, 3
52105, 12620, 40784, 3
36377, 69817, 57494, 3
33096, 16026, 15317, 3
23195, 1440, 36336, 3
58629, 26760, 38252, 3
1128, 68561, 56198, 3
64102, 29257, 31689, 3
55604, 61365, 63793, 3
39641, 26267, 9384, 3
62819, 8665, 32443, 3
58180, 24932, 53397, 3
424, 60202, 54783, 3
24366, 3233, 57509, 3
58414, 14631, 45343, 3
5008, 731, 3797, 3
24250, 49565, 51006, 3
6316, 22682, 18289, 3
11211, 54761, 41841, 3
51575, 53860, 48669, 3
19460, 68078, 17853, 3
33346, 27908, 27079, 3
49022, 32228, 52615, 3
47087, 31125, 2776, 3
63843, 40052, 19201, 3
59560, 68400, 54639, 3
8798, 16961, 37256, 3
52196, 54924, 5633, 3
51181, 38752, 733, 3
8501, 63738, 46913, 3
40464, 2452, 25115, 3
24309, 28310, 65267, 3
50207, 21759, 38399, 3
27318, 3385, 50100, 3
58258, 18836, 45719, 3
65014, 38995, 55414, 3
64433, 71, 36667, 3
39001, 49223, 57651, 3
50729, 48996, 25148, 3
32625, 7809, 67304, 3
29544, 35703, 3637, 3
36726, 7176, 15642, 3
34704, 58855, 25823, 3
69956, 50772, 25314, 3
24324, 22332, 63679, 3
432, 4479, 20054, 3
62280, 20965, 20982, 3
13368, 50891, 11319, 3
3306, 67978, 52164, 3
17683, 60301, 26587, 3
55367, 47880, 3375, 3
37672, 10162, 50494, 3
65618, 33484, 57233, 3
38933, 25248, 50854, 3
47654, 41193, 60980, 3
54606, 38076, 68173, 3
20816, 64334, 25600, 3
15697, 56384, 33112, 3
30983, 46392, 6475, 3
61875, 32236, 22997, 3
45597, 56848, 9628, 3
57849, 44674, 51138, 3
25557, 11782, 30209, 3
15311, 16410, 44455, 3
49070, 39131, 16553, 3
66022, 34100, 49942, 3
36513, 64982, 60449, 3
69674, 15002, 48201, 3
59944, 62035, 65664, 3
45707, 17419, 61203, 3
56188, 16015, 69979, 3
40125, 63065, 59053, 3
40718, 35097, 15059, 3
18454, 40559, 21364, 3
56927, 55493, 37048, 3
42821, 18632, 6613, 3
8279, 33551, 4811, 3
59932, 40702, 53463, 3
49723, 16256, 45678, 3
57687, 62266, 64853, 3
58079, 53867, 27592, 3
32473, 15268, 54321, 3
24725, 62001, 35351, 3
42811, 60769, 47025, 3
11992, 278, 20860, 3
5586, 17629, 54520, 3
62919, 34612, 21410, 3
66060, 22330, 40174, 3
29873, 52750, 28626, 3
50236, 50697, 34447, 3
1234, 59485, 55950, 3
14850, 48670, 36006, 3
19021, 4017, 43994, 3
36696, 46395, 19081, 3
38564, 20908, 8873, 3
27468, 53690, 40065, 3
4886, 119, 40635, 3
26969, 34177, 66378, 3
21306, 25068, 38004, 3
17035, 55143, 63293, 3
20179, 40489, 27300, 3
5099, 36444, 67179, 3
45139, 56537, 60860, 3
68013, 5817, 47787, 3
28149, 56330, 6797, 3
9556, 41236, 10899, 3
47847, 53471, 68285, 3
58580, 55727, 23987, 3
56267, 65865, 23253, 3
16667, 30945, 26605, 3
56823, 11520, 40101, 3
62483, 33581, 56309, 3
10950, 37482, 42165, 3
19007, 19797, 32386, 3
33806, 49386, 34409, 3
22264, 11325, 27170, 3
24422, 62109, 30266, 3
68892, 3220, 45847, 3
4071, 37569, 52418, 3
17110, 58018, 38850, 3
55291, 13660, 49275, 3
25901, 53183, 15107, 3
43676, 49221, 10470, 3
68764, 17180, 19647, 3
16850, 47690, 34268, 3
31811, 23831, 45618, 3
21385, 43555, 33518, 3
42713, 49492, 62909, 3
67090, 58181, 62083, 3
38090, 49588, 46708, 3
16420, 39979, 60004, 3
21650, 14304, 27103, 3
28431, 11309, 30139, 3
25440, 20766, 56685, 3
62332, 26569, 19342, 3
29405, 39728, 30594, 3
24763, 67082, 7258, 3
53127, 42488, 29459, 3
62335, 9765, 26116, 3
18529, 42508, 57305, 3
33332, 951, 26678, 3
17796, 67602, 66448, 3
48159, 16786, 36229, 3
65960, 15751, 59420, 3
24463, 8701, 51153, 3
56489, 1036, 48346, 3
112, 69931, 51673, 3
10063, 40027, 68264, 3
42127, 64614, 28523, 3
37722, 60366, 27798, 3
8343, 58355, 40451, 3
53930, 22975, 31731, 3
60999, 33204, 19507, 3
25118, 68738, 42211, 3
67975, 4671, 3289, 3
22016, 69153, 64960, 3
11204, 35709, 28332, 3
3874, 37749, 36498, 3
32140, 58203, 7917, 3
5830, 35249, 20468, 3
68437, 41283, 19423, 3
52525, 8111, 29266, 3
9182, 62255, 63799, 3
46688, 58488, 13083, 3
62478, 27487, 68689, 3
68226, 4613, 24530, 3
55916, 67888, 55602, 3
68602, 59655, 52510, 3
13744, 8396, 4367, 3
23087, 29511, 43792, 3
40517, 9022, 64169, 3
15843, 36845, 43737, 3
65149, 62488, 16898, 3
64394, 30450, 21602, 3
36327, 10215, 44754, 3
40409, 29108, 55643, 3
11337, 11478, 21935, 3
49799, 43496, 28786, 3
10481, 26532, 50084, 3
55212, 50586, 59, 3
44284, 8475, 65340, 3
29794, 60453, 12893, 3
39626, 41257, 46005, 3
7514, 53765, 68865, 3
12899, 57172, 39795, 3
65512, 26371, 69946, 3
52683, 20759, 54065, 3
69606, 19820, 15593, 3
37452, 39734, 28062, 3
53823, 4774, 53392, 3
25167, 3972, 41171, 3
31247, 53281, 577, 3
30479, 61429, 65553, 3
37703, 17187, 56764, 3
9078, 45458, 13723, 3
47503, 24968, 51263, 3
2026, 15393, 20110, 3
41710, 27312, 68266, 3
18815, 68059, 58940, 3
45154, 1314, 8828, 3
21743, 7450, 11855, 3
59943, 11910, 59917, 3
61903, 53367, 9043, 3
59368, 41223, 44969, 3
67592, 38296, 55107, 3
68410, 40368, 18332, 3
36232, 46463, 2125, 3
52674, 4704, 13497, 3
43425, 46597, 39848, 3
38370, 22406, 51771, 3
28010, 43311, 39683, 3
69932, 14369, 2619, 3
66269, 9900, 29682, 3
23209, 27468, 128, 3
33520, 2669, 21360, 3
50709, 23630, 68525, 3
57125, 39619, 62841, 3
62990, 23474, 32817, 3
21462, 3931, 35723, 3
19604, 46032, 52607, 3
43278, 17182, 13243, 3
12582, 40318, 21780, 3
18303, 37390, 18538, 3
59203, 32328, 36205, 3
61387, 37062, 35445, 3
5400, 14987, 12157, 3
47913, 11393, 65822, 3
44718, 49123, 17013, 3
14926, 52302, 49545, 3
56174, 44279, 2236, 3
4077, 36750, 9117, 3
21993, 31233, 29802, 3
4856, 6900, 57, 3
43464, 48000, 14934, 3
673, 27928, 51315, 3
59981, 57514, 22000, 3
38246, 51013, 17134, 3
59294, 58470, 53220, 3
13835, 37518, 1848, 3
8250, 49622, 29712, 3
22081, 51595, 64061, 3
62579, 59814, 63442, 3
24655, 16646, 45791, 3
13213, 48100, 39224, 3
12666, 54136, 23848, 3
64741, 2120, 28236, 3
40595, 69734, 24164, 3
29683, 54479, 36430, 3
65722, 8503, 21267, 3
61283, 17649, 11544, 3
56091, 54834, 59205, 3
43227, 46932, 48634, 3
32585, 69822, 14971, 3
36053, 7248, 41600, 3
39420, 13935, 31100, 3
24185, 26797, 51410, 3
69730, 2778, 61261, 3
67520, 32716, 65790, 3
5962, 13286, 11899, 3
69286, 60590, 209, 3
27456, 12009, 13976, 3
31274, 4615, 63535, 3
11542, 55725, 37526, 3
65483, 20913, 31332, 3
43754, 58116, 63697, 3
21735, 17761, 16003, 3
5294, 22850, 25493, 3
55414, 10871, 49837, 3
38509, 41516, 36452, 3
11607, 19929, 39698, 3
31836, 45392, 14763, 3
44065, 43459, 48723, 3
49352, 13727, 12002, 3
38870, 12927, 14195, 3
1230, 21812, 10674, 3
32745, 12317, 24000, 3
13568, 56326, 61712, 3
44993, 35800, 41759, 3
38054, 24370, 24883, 3
21758, 43772, 45263, 3
42537, 59341, 61081, 3
62998, 24176, 64237, 3
15439, 8081, 7792, 3
41217, 30288, 47646, 3
53747, 9567, 61755, 3
11016, 69659, 27179, 3
11364, 14773, 31845, 3
20891, 47329, 66259, 3
69967, 63148, 57672, 3
39479, 1760, 28453, 3
66048, 61121, 52572, 3
32295, 2253, 66570, 3
2499, 48449, 66530, 3
69419, 50372, 15510, 3
46672, 25, 27796, 3
19616, 58943, 38213, 3
17016, 47683, 63673, 3
29578, 8739, 60331, 3
39876, 24077, 8248, 3
65490, 55324, 32818, 3
37583, 66663, 51478, 3
31500, 20269, 24725, 3
25188, 1575, 20138, 3
58441, 63283, 13760, 3
32491, 56216, 25891, 3
48884, 27436, 29561, 3
25761, 12406, 68239, 3
58770, 54621, 14989, 3
21968, 9727, 46098, 3
51199, 21125, 27403, 3
40555, 37254, 43784, 3
28013, 3405, 66790, 3
32962, 22989, 5918, 3
12827, 26913, 46477, 3
53206, 58734, 33996, 3
59209, 40380, 56405, 3
29353, 35343, 47399, 3
23511, 8131, 20649, 3
65520, 28208, 11779, 3
45309, 457, 38103, 3
1965, 47150, 67691, 3
69515, 64811, 68716, 3
61352, 11688, 69253, 3
18201, 25699, 55263, 3
25354, 38805, 15585, 3
5776, 33301, 58956, 3
67155, 28446, 68885, 3
49151, 17293, 53877, 3
52929, 1079, 33889, 3
66967, 14365, 60528, 3
68327, 37075, 49939, 3
36359, 40572, 36802, 3
66709, 25636, 7406, 3
34724, 25205, 21193, 3
29897, 16204, 10276, 3
54255, 41133, 2232, 3
35932, 59953, 41032, 3
31942, 31655, 23783, 3
57814, 5210, 11214, 3
5817, 34868, 69602, 3
31316, 50448, 61804, 3
62358, 18012, 56523, 3
47334, 51557, 27853, 3
25890, 35133, 44976, 3
66085, 66406, 22849, 3
58019, 33882, 42252, 3
11980, 6620, 44737, 3
3853, 53491, 7884, 3
17546, 387, 30813, 3
62833, 21399, 36712, 3
57747, 31092, 32007, 3
44975, 40491, 1239, 3
8566, 53886, 43130, 3
119, 40685, 13762, 3
21542, 37468, 28632, 3
17771, 69600, 3124, 3
46049, 68951, 51074, 3
32204, 16087, 54442, 3
56623, 51184, 45623, 3
66237, 51653, 32282, 3
35334, 52522, 44076, 3
60764, 23939, 3382, 3
49092, 31365, 64284, 3
20214, 62240, 32523, 3
11439, 59356, 19573, 3
20780, 55485, 3678, 3
61563, 1313, 64838, 3
39338, 66987, 49149, 3
53520, 47776, 21758, 3
57141, 5309, 68116, 3
10278, 40879, 64474, 3
17534, 60010, 66367, 3
15245, 24310, 28791, 3
33173, 14616, 17197, 3
13151, 15029, 24710, 3
28487, 57430, 19207, 3
16516, 3519, 56250, 3
12949, 12856, 60343, 3
43619, 65062, 57454, 3
43263, 24515, 60865, 3
64156, 27292, 21553, 3
39160, 4243, 53765, 3
55224, 2575, 20844, 3
2752, 31742, 19137, 3
63825, 3457, 16938, 3
38838, 11844, 25952, 3
23226, 220, 26644, 3
18655, 61387, 56101, 3
36805, 59002, 5320, 3
52074, 53547, 36722, 3
64558, 45925, 65001, 3
4817, 41705, 4825, 3
4423, 13637, 8180, 3
55732, 4747, 13350, 3
65314, 13297, 29266, 3
7495, 42202, 58711, 3
21356, 68604, 13560, 3
44633, 47310, 3124, 3
45016, 40960, 50455, 3
14727, 65046, 19233, 3
60478, 11206, 20682, 3
7769, 10286, 69808, 3
18929, 44838, 27151, 3
470, 920, 1
833, 309, 1
1454, 34, 1
1046, 1479, 1
76, 866, 1
534, 1190, 1
1119, 203, 1
55, 415, 1
378, 1444, 1
971, 148, 1
880, 79, 1
344, 195, 1
1017, 1012, 1
81, 169, 1
550, 763, 1
1094, 677, 1
1126, 898, 1
379, 1008, 1
20, 237, 1
1191, 1154, 1
44, 509, 1
792, 858, 1
1261, 897, 1
1297, 1184, 1
257, 1212, 1
116, 1282, 1
1160, 663, 1
713, 813, 1
406, 128, 1
139, 590, 1
529, 1286, 1
1432, 895, 1
900, 1399, 1
1086, 559, 1
152, 1044, 1
718, 1203, 1
1217, 981, 1
1272, 827, 1
477, 1330, 1
229, 1102, 1
124, 1044, 1
957, 1040, 1
1085, 224, 1
1305, 626, 1
1098, 1345, 1
110, 864, 1
572, 270, 1
36, 1389, 1
1145, 670, 1
282, 1284, 1
152, 124, 1
567, 316, -1
1076, 621, -1
483, 364, -1
945, 143, -1
255, 1128, -1
912, 1349, -1
287, 283, -1
1134, 1332, -1
1186, 1220, -1
585, 312, -1
1299, 969, -1
252, 635, -1
667, 810, -1
1296, 384, -1
917, 1358, -1
73, 484, -1
1379, 361, -1
231, 185, -1
1139, 1176, -1
140, 590, -1
1348, 97, -1
654, 1406, -1
1264, 1460, -1
1219, 1176, -1
277, 686, -1
1014, 646, -1
769, 19, -1
938, 1455, -1
1329, 1270, -1
1003, 191, -1
518, 581, -1
512, 427, -1
1065, 195, -1
1439, 988, -1
1368, 580, -1
434, 698, -1
1078, 611, -1
1210, 1166, -1
21, 1272, -1
902, 836, -1
987, 924, -1
193, 208, -1
1003, 984, -1
27, 997, -1
1302, 932, -1
404, 330, -1
377, 1209, -1
1169, 620, -1
335, 400, -1
1355, 1377, -1
1005, 773, -1
433, 28, -1
49, 1048, -1
785, 1264, -1
461, 791, -1
1445, 785, -1
840, 1002, -1
5, 1201, -1
249, 740, -1
1037, 526, -1
327, 1439, -1
415, 1288, -1
842, 1482, -1
453, 1132, -1
64, 497, -1
931, 1476, -1
872, 547, -1
562, 237, -1
171, 149, -1
544, 1193, -1
645, 571, -1
366, 123, -1
853, 481, -1
1347, 160, -1
1305, 477, -1
1207, 648, -1
876, 397, -1
511, 252, -1
975, 1114, -1
571, 440, -1
191, 898, -1
1104, 898, -1
1477, 317, -1
1354, 865, -1
1208, 453, -1
1380, 512, -1
1194, 1134, -1
1185, 307, -1
348, 425, -1
313, 124, -1
1259, 140, -1
1162, 451, -1
930, 200, -1
910, 1105, -1
1154, 208, -1
1043, 1415, -1
1430, 1444, -1
1189, 1078, -1
780, 95, -1
285, 1165, -1
1350, 417, -1
803, 715, -1
1055, 545, -1
955, 202, -1
924, 1181, -1
513, 641, -1
1146, 556, -1
1434, 1158, -1
71, 1206, -1
683, 410, -1
406, 110, -1
37, 700, -1
71, 1077, -1
693, 1117, -1
1397, 100, -1
307, 779, -1
574, 294, -1
588, 891, -1
182, 1082, -1
820, 209, -1
108, 1369, -1
743, 590, -1
134, 657, -1
1246, 974, -1
998, 1354, -1
534, 1042, -1
854, 44, -1
935, 1313, -1
760, 1142, -1
581, 171, -1
579, 684, -1
105, 839, -1
682, 441, -1
606, 665, -1
973, 572, -1
125, 918, -1
46, 954, -1
1105, 702, -1
1418, 1094, -1
444, 37, -1
0, 44, -1
1147, 129, -1
66, 1138, -1
272, 868, -1
293, 248, -1
429, 1147, -1
237, 595, -1
1044, 232, -1
241, 582, -1
581, 937, -1
210, 360, -1
780, 337, -1
1003, 546, -1
97, 317, -1
57, 1052, -1
1331, 705, -1
547, 968, -1
903, 1275, -1
106, 1278, -1
633, 911, -1
366, 1175, -1
309, 1396, -1
871, 525, -1
637, 138, -1
1108, 1052, -1
375, 1284, -1
901, 512, -1
2, 821, -1
1081, 926, -1
497, 1339, -1
318, 995, -1
489, 757, -1
1382, 904, -1
1389, 634, -1
136, 522, -1
861, 1355, -1
4, 26, -1
233, 169, -1
53, 349, -1
898, 953, -1
424, 1313, -1
1043, 386, -1
107, 1294, -1
1233, 1191, -1
151, 1031, -1
408, 1462, -1
674, 1120, -1
1276, 539, -1
501, 257, -1
43, 703, -1
32, 1039, -1
310, 1244, -1
783, 639, -1
398, 1431, -1
101, 469, -1
1239, 943, -1
361, 1202, -1
570, 44, -1
904, 751, -1
636, 782, -1
1126, 1034, -1
630, 712, -1
1219, 42, -1
625, 1054, -1
1112, 1240, -1
222, 383, -1
321, 19, -1
74, 331, -1
376, 443, -1
333, 167, -1
228, 347, -1
500, 1355, -1
24, 494, -1
901, 1026, -1
486, 1199, -1
586, 626, -1
100, 1218, -1
22, 232, -1
25, 389, -1
423, 1069, -1
1056, 1106, -1
1339, 776, -1
1436, 1366, -1
863, 897, -1
365, 1197, -1
1441, 697, -1
992, 593, -1
1370, 796, -1
698, 1407, -1
1409, 283, -1
1246, 546, -1
898, 1123, -1
1383, 1102, -1
1369, 1247, -1
599, 1440, -1
753, 655, -1
963, 272, -1
212, 1274, -1
40, 132, -1
953, 1092, -1
590, 1078, -1
71, 44, -1
167, 1476, -1
201, 1453, -1
1065, 654, -1
1456, 831, -1
198, 166, -1
1128, 346, -1
1136, 638, -1
617, 559, -1
1111, 391, -1
396, 942, -1
66, 1181, -1
1148, 567, -1
822, 356, -1
1038, 263, -1
686, 255, -1
0, 940, -1
186, 1348, -1
1203, 279, -1
1357, 1066, -1
807, 601, -1
880, 610, -1
1231, 85, -1
766, 612, -1
1389, 923, -1
451, 472, -1
1133, 829, -1
535, 759, -1
1391, 978, -1
270, 1468, -1
998, 156, -1
53, 220, -1
169, 1469, -1
60, 302, -1
611, 1055, -1
1479, 1408, -1
1306, 662, -1
1013, 176, -1
898, 1235, -1
1200, 1105, -1
494, 527, -1
285, 523, -1
85, 771, -1
780, 1099, -1
1329, 362, -1
392, 1360, -1
768, 431, -1
919, 622, -1
623, 51, -1
1431, 626, -1
1219, 435, -1
752, 445, -1
111, 718, -1
1293, 1256, -1
558, 304, -1
260, 349, -1
759, 1335, -1
1118, 631, -1
1263, 1408, -1
1283, 1239, -1
1272, 664, -1
589, 1187, -1
439, 710, -1
614, 744, -1
724, 576, -1
566, 356, -1
521, 1238, -1
1448, 149, -1
698, 180, -1
1370, 1014, -1
81, 525, -1
1125, 813, -1
1134, 978, -1
894, 364, -1
1222, 1465, -1
1102, 863, -1
650, 104, -1
706, 611, -1
78, 908, -1
939, 1399, -1
1121, 382, -1
227, 579, -1
283, 1091, -1
1090, 522, -1
1014, 1398, -1
48, 778, -1
1165, 292, -1
203, 469, -1
1118, 203, -1
235, 1025, -1
841, 2, -1
456, 1297, -1
758, 1483, -1
261, 500, -1
197, 1398, -1
1108, 1166, -1
1147, 970, -1
486, 631, -1
484, 812, -1
789, 555, -1
644, 1476, -1
520, 1078, -1
1310, 1280, -1
1281, 1038, -1
550, 527, -1
1308, 925, -1
834, 1103, -1
1295, 735, -1
972, 1444, -1
1018, 1267, -1
813, 911, -1
798, 1203, -1
158, 131, -1
1230, 316, -1
1052, 65, -1
1271, 339, -1
84, 910, -1
411, 276, -1
304, 743, -1
1086, 1465, -1
277, 762, -1
740, 851, -1
177, 514, -1
439, 1132, -1
205, 485, -1
1222, 151, -1
874, 70, -1
453, 455, -1
1259, 983, -1
614, 361, -1
1462, 465, -1
1223, 621, -1
435, 259, -1
718, 110, -1
480, 782, -1
953, 400, -1
1040, 43, -1
1033, 238, -1
538, 812, -1
1446, 221, -1
1157, 631, -1
1101, 316, -1
1440, 1452, -1
249, 1288, -1
185, 989, -1
1228, 212, -1
1461, 484, -1
395, 1462, -1
46, 558, -1
546, 600, -1
1242, 873, -1
1479, 465, -1
701, 1213, -1
412, 715, -1
1161, 1321, -1
1433, 1096, -1
989, 670, -1
351, 546, -1
1305, 91, -1
1235, 14, -1
807, 788, -1
190, 1282, -1
345, 1028, -1
248, 684, -1
263, 1098, -1
52, 991, -1
62, 792, -1
943, 719, -1
1310, 1196, -1
1014, 1458, -1
791, 1375, -1
303, 100, -1
1431, 1344, -1
1382, 1444, -1
1069, 13, -1
1189, 1003, -1
137, 527, -1
348, 1358, -1
1376, 1470, -1
587, 327, -1
1250, 343, -1
695, 1139, -1
1027, 1009, -1
1220, 720, -1
1317, 384, -1
1423, 248, -1
1270, 402, -1
23, 1278, -1
1152, 1123, -1
199, 1295, -1
497, 457, -1
363, 422, -1
1395, 32, -1
317, 1308, -1
810, 1258, -1
1333, 892, -1
706, 1464, -1
1268, 803, -1
416, 431, -1
1151, 108, -1
1387, 1258, -1
1239, 429, -1
157, 710, -1
761, 186, -1
1070, 1425, -1
660, 673, -1
538, 1339, -1
223, 538, -1
394, 1344, -1
718, 798, -1
1408, 1046, -1
626, 477, -1
1118, 1119, -1
1104, 1126, -1
378, 1382, -1
139, 743, -1
713, 1125, -1
939, 900, -1
718, 279, -1
827, 21, -1
972, 378, -1
864, 406, -1
713, 911, -1
1145, 989, -1
509, 71, -1
1042, 1190, -1
973, 270, -1
1468, 572, -1
344, 1065, -1
1233, 1154, -1
456, 1184, -1
378, 1430, -1
626, 91, -1
763, 527, -1
81, 1469, -1
313, 1044, -1
110, 1203, -1
617, 1086, -1
827, 664, -1
1126, 191, -1
1123, 1126, -1
1078, 139, -1
1235, 1126, -1
1288, 55, -1
81, 233, -1
232, 152, -1
229, 1383, -1
128, 110, -1
43, 957, -1
858, 62, -1
465, 1046, -1
953, 1126, -1
1345, 263, -1
1418, 677, -1
509, 854, -1
1034, 898, -1
139, 140, -1
232, 124, -1
923, 36, -1
282, 375, -1
1305, 586, -1
833, 1396, -1
1305, 1431, -1
595, 20, -1
169, 525, -1
469, 1119, -1
562, 20, -1
610, 79, -1
1212, 501, -1
116, 190, -1
1465, 559, -1
1203, 111, -1
1305, 1330, -1
229, 863, -1
1261, 863, -1
864, 718, -1
208, 1191, -1
570, 509, -1
0, 509, -1
634, 36, -1
1444, 1430, -1
152, 313, -1
208, 1154, -1
590, 743, -1
203, 1118, -1
1465, 1086, -1
1396, 309, -1
1408, 1479, -1
1444, 972, -1
898, 191, -1
232, 1044, -1
664, 1272, -1
718, 111, -1
1272, 21, -1
1330, 626, -1
923, 1389, -1
953, 898, -1
1042, 534, -1
1468, 270, -1
626, 1431, -1
864, 128, -1
110, 718, -1
626, 1330, -1
1284, 375, -1
128, 864, -1
897, 863, -1
1288, 415, -1
634, 1389, -1
169, 233, -1
792, 62, -1
44, 71, -1
813, 1125, -1
110, 406, -1
465, 1479, -1
1203, 798, -1
595, 237, -1
257, 501, -1
1102, 1383, -1
124, 313, -1
1098, 263, -1
1444, 1382, -1
44, 854, -1
572, 973, -1
1034, 1126, -1
864, 1203, -1
1282, 190, -1
664, 827, -1
1203, 110, -1
477, 626, -1
378, 972, -1

