7037, 33646, 36725, 3
34514, 43327, 63250, 3
4138, 7449, 61389, 3
51882, 46316, 1511, 3
20967, 68238, 45718, 3
1391, 51185, 36185, 3
47534, 36538, 17490, 3
39385, 18359, 12812, 3
54355, 18217, 33416, 3
57508, 1568, 14064, 3
12263, 14062, 15118, 3
60964, 52133, 47879, 3
68962, 56998, 46463, 3
7432, 67968, 69496, 3
69962, 9973, 58515, 3
14590, 67124, 50102, 3
66093, 60252, 68486, 3
67871, 68452, 65007, 3
12652, 22418, 18133, 3
29720, 68108, 28825, 3
31009, 41447, 33297, 3
65283, 7899, 14393, 3
3734, 19633, 4958, 3
18718, 23325, 42615, 3
48465, 8609, 58017, 3
67916, 13309, 54156, 3
61260, 3213, 13344, 3
4595, 62940, 12275, 3
48508, 35432, 25172, 3
21316, 37104, 14962, 3
18472, 35295, 13582, 3
63078, 27026, 47093, 3
26887, 60196, 15416, 3
52655, 57495, 38371, 3
52646, 48305, 18613, 3
58772, 67233, 24459, 3
48775, 44848, 57910, 3
15886, 59826, 68786, 3
64516, 30100, 33102, 3
35877, 39733, 11185, 3
61510, 7133, 31655, 3
41209, 17737, 56320, 3
58128, 10440, 39791, 3
43688, 64194, 58237, 3
63333, 20361, 65488, 3
42237, 23903, 59615, 3
15377, 62296, 65543, 3
25507, 8139, 58158, 3
29897, 37513, 18315, 3
21806, 30060, 35785, 3
45929, 57928, 8891, 3
3946, 6620, 33343, 3
33222, 43780, 67406, 3
4598, 69720, 1631, 3
48575, 35403, 49780, 3
61641, 46824, 56428, 3
54446, 6058, 35113, 3
53971, 27599, 56682, 3
31677, 53990, 64592, 3
29976, 36533, 39318, 3
38998, 48115, 25352, 3
43829, 20865, 275, 3
28427, 12704, 40615, 3
18671, 69201, 14457, 3
57569, 22618, 59583, 3
61375, 31372, 68634, 3
26890, 37319, 25171, 3
2715, 44276, 42037, 3
55284, 41358, 55394, 3
1374, 67265, 62655, 3
38662, 8508, 46882, 3
3463, 51974, 59548, 3
50931, 11276, 66077, 3
11308, 25453, 17937, 3
50501, 39135, 40283, 3
34916, 42591, 14370, 3
50090, 42340, 48766, 3
37623, 36152, 41459, 3
47479, 2272, 55101, 3
289, 45441, 26127, 3
53011, 34805, 35567, 3
20841, 4729, 17756, 3
50433, 55502, 25645, 3
60034, 7226, 13734, 3
23620, 51477, 13688, 3
60251, 69619, 44112, 3
62, 25932, 32018, 3
36803, 8762, 37515, 3
20260, 38330, 27842, 3
43711, 51166, 31572, 3
9076, 54713, 31352, 3
64090, 6621, 8327, 3
1408, 31298, 12529, 3
23831, 37528, 26733, 3
26020, 41889, 5, 3
39972, 67011, 53857, 3
26167, 51617, 14479, 3
18255, 22673, 37018, 3
69269, 9989, 34554, 3
33328, 46838, 51812, 3

