12867, 51054, 1638, 3
58283, 15291, 22711, 3
15704, 36930, 13375, 3
50417, 42445, 6010, 3
66868, 18020, 25375, 3
44970, 60348, 4, 3
68430, 17582, 21756, 3
31667, 56270, 8742, 3
51823, 4088, 65334, 3
12848, 39535, 27846, 3
58960, 35619, 50511, 3
22166, 42679, 64, 3
68461, 60677, 28049, 3
11278, 6597, 41562, 3
12403, 44393, 56834, 3
25659, 6418, 42528, 3
32823, 11979, 14845, 3
17529, 41449, 53182, 3
35009, 33540, 26518, 3
64742, 68199, 58962, 3
22910, 41486, 36002, 3
17496, 67508, 11766, 3
44822, 11535, 62051, 3
715, 11511, 42169, 3
69311, 60208, 13090, 3
63337, 36791, 6808, 3
69900, 22465, 30663, 3
65787, 17632, 13200, 3
21186, 52700, 51642, 3
50059, 55533, 6698, 3
52847, 21827, 19370, 3
55877, 34425, 63702, 3
17404, 61204, 41506, 3
58673, 62587, 55060, 3
35470, 34223, 37216, 3
8205, 9750, 56913, 3
34843, 25879, 53204, 3
5704, 23854, 12750, 3
10022, 4659, 26785, 3
46380, 18573, 20489, 3
46548, 53249, 32932, 3
67747, 20618, 3558, 3
27630, 35947, 50343, 3
14924, 63963, 16288, 3
9414, 56761, 14115, 3
60693, 35070, 69939, 3
26271, 63819, 10222, 3
18555, 28511, 1341, 3
60819, 69571, 5375, 3
58929, 23823, 32451, 3
121, 88, 1
99, 105, 1
103, 101, 1
45, 43, 1
148, 38, 1
121, 63, 1
75, 69, 1
88, 63, 1
88, 121, 1
51, 123, -1
99, 38, -1
146, 100, -1
6, 76, -1
91, 110, -1
132, 45, -1
61, 68, -1
23, 103, -1
3, 100, -1
117, 51, -1
83, 136, -1
80, 101, -1
97, 83, -1
138, 103, -1
136, 5, -1
31, 62, -1
141, 8, -1
130, 106, -1
2, 121, -1
68, 44, -1
52, 108, -1
87, 21, -1
140, 132, -1
108, 92, -1
68, 116, -1
64, 14, -1
57, 72, -1
84, 72, -1
142, 37, -1
105, 66, -1
147, 133, -1
134, 145, -1
77, 116, -1
79, 102, -1
83, 102, -1
103, 40, -1
137, 12, -1
51, 86, -1
70, 142, -1
75, 57, -1
38, 12, -1
32, 64, -1
73, 99, -1
57, 69, -1
99, 148, -1
101, 23, -1
2, 63, -1
80, 103, -1
66, 99, -1
43, 132, -1
105, 38, -1
88, 2, -1
73, 105, -1
148, 12, -1
40, 101, -1
138, 101, -1
57, 75, -1
40, 103, -1
105, 148, -1
103, 23, -1
12, 38, -1
121, 2, -1
23, 101, -1

