5101, 9336, 64126, 3
40774, 38056, 20041, 3
50842, 57473, 65868, 3
54578, 41932, 3872, 3
41702, 53658, 5678, 3
6168, 61298, 48685, 3
58185, 69141, 67719, 3
65874, 65260, 44712, 3
22486, 46637, 921, 3
32790, 6873, 54609, 3
30311, 50577, 50193, 3
58574, 48641, 66799, 3
16210, 631, 60414, 3
59497, 68468, 29024, 3
69337, 24678, 19641, 3
54220, 18672, 13554, 3
12709, 24469, 67318, 3
53480, 44664, 25163, 3
65396, 1043, 2866, 3
19709, 37103, 2920, 3
8774, 26336, 7814, 3
5866, 24640, 17673, 3
22664, 8798, 22982, 3
42699, 68182, 7426, 3
39314, 13890, 10388, 3
43351, 13557, 23848, 3
27528, 63909, 4188, 3
38277, 55415, 56296, 3
42058, 8969, 16343, 3
20363, 48921, 13493, 3
11599, 51588, 64843, 3
31462, 53203, 42292, 3
28582, 22711, 32670, 3
42646, 14262, 30740, 3
17212, 22631, 51587, 3
27619, 38381, 38597, 3
22137, 40219, 31491, 3
17910, 30919, 53440, 3
16268, 51774, 14612, 3
5840, 38879, 63878, 3
5185, 40859, 34336, 3
1746, 62413, 7953, 3
63054, 17133, 20838, 3
1500, 60311, 45259, 3
207, 1840, 32503, 3
7599, 28934, 60649, 3
39302, 41978, 13452, 3
3879, 15476, 51501, 3
11382, 19152, 49029, 3
4279, 27462, 39117, 3
26542, 65604, 20873, 3
30088, 53643, 47055, 3
65385, 66130, 43043, 3
1477, 21970, 11724, 3
20314, 34334, 20667, 3
49590, 30285, 64075, 3
68106, 54275, 20997, 3
23232, 30561, 10241, 3
34696, 51883, 26489, 3
63131, 23722, 65657, 3
14156, 41356, 47722, 3
2842, 67183, 45449, 3
51846, 49719, 60094, 3
19694, 5609, 10596, 3
2773, 14520, 10898, 3
14852, 11449, 46423, 3
62389, 5177, 33119, 3
65726, 40603, 48352, 3
5989, 40330, 18177, 3
36894, 3780, 51374, 3
6981, 23996, 24889, 3
1165, 29064, 50491, 3
39860, 43132, 61978, 3
61349, 34121, 64777, 3
7738, 34280, 25655, 3
16045, 59111, 68872, 3
912, 62137, 15185, 3
57088, 41639, 5322, 3
28101, 62557, 35496, 3
41009, 60674, 29451, 3
41183, 3093, 69166, 3
44997, 50654, 14822, 3
47836, 17772, 64920, 3
68033, 11254, 69186, 3
61755, 12525, 24470, 3
36245, 58104, 38728, 3
37673, 20722, 16177, 3
6102, 16830, 53962, 3
25921, 39491, 52602, 3
5731, 26632, 36886, 3
63625, 31770, 2230, 3
24833, 21779, 18628, 3
13164, 44891, 15174, 3
57556, 65734, 38471, 3
34706, 43306, 44793, 3
21647, 3945, 60678, 3
38979, 1826, 12343, 3
18532, 26329, 26094, 3
61859, 49531, 19850, 3
14709, 67826, 41956, 3
14945, 22112, 34466, 3
22478, 36099, 17699, 3
47031, 2252, 64649, 3
40292, 8903, 40442, 3
8681, 59641, 44085, 3
8364, 30542, 64081, 3
48641, 31796, 55049, 3
29925, 31194, 44258, 3
10522, 2359, 69429, 3
40911, 23209, 48303, 3
58602, 69976, 9137, 3
51256, 31009, 48716, 3
39020, 67325, 67084, 3
59472, 68772, 53983, 3
8351, 53676, 53237, 3
64306, 50736, 39854, 3
53551, 63100, 33921, 3
32068, 36423, 8456, 3
19076, 65193, 59366, 3
10144, 22358, 56472, 3
17494, 37114, 43246, 3
65029, 34986, 45241, 3
32851, 50510, 44147, 3
23218, 35362, 56837, 3
43037, 20053, 62922, 3
32343, 43089, 48518, 3
38861, 15074, 52396, 3
15618, 50020, 8415, 3
6262, 52435, 55318, 3
19760, 17447, 61132, 3
14001, 22260, 14523, 3
4382, 43914, 66702, 3
25128, 6484, 29020, 3
46449, 33529, 50520, 3
68823, 1915, 25339, 3
17153, 18465, 44180, 3
27562, 14744, 488, 3
4748, 28566, 67851, 3
45735, 52089, 67783, 3
54839, 39688, 19556, 3
42574, 10766, 23261, 3
27370, 139, 45499, 3
47963, 64678, 11215, 3
17132, 19339, 28367, 3
67835, 67894, 27412, 3
53153, 41158, 46913, 3
163, 29012, 68212, 3
4829, 34495, 54311, 3
59962, 49532, 8798, 3
27168, 27760, 67148, 3
48985, 54997, 17492, 3
31572, 18344, 31427, 3
5048, 8270, 28032, 3
26431, 66990, 51099, 3
33880, 46794, 54170, 3
51550, 22912, 62204, 3
33282, 62429, 64370, 3
43131, 39556, 27861, 3
68076, 49990, 13231, 3
58332, 16289, 4064, 3
41336, 29596, 9961, 3
59881, 43751, 69269, 3
7991, 2153, 10531, 3
1987, 40953, 44009, 3
8016, 19368, 48514, 3
53939, 63298, 37148, 3
59602, 40476, 2966, 3
6238, 16982, 65604, 3
2407, 54215, 30673, 3
3203, 10356, 48600, 3
48941, 950, 59343, 3
1721, 37657, 30357, 3
10508, 61522, 53023, 3
33166, 51082, 33960, 3
26758, 67364, 64064, 3
13166, 51125, 55484, 3
515, 10381, 18011, 3
15196, 39754, 8133, 3
35018, 63013, 58452, 3
68708, 27861, 1534, 3
4820, 44723, 20975, 3
65851, 67174, 64522, 3
21293, 34399, 38342, 3
9256, 25101, 66658, 3
2130, 34921, 680, 3
46398, 40340, 52483, 3
37099, 33647, 18519, 3
50818, 46581, 55859, 3
13269, 35226, 34771, 3
15309, 21255, 57789, 3
64260, 11645, 13526, 3
17524, 52976, 27741, 3
67114, 45401, 17383, 3
2095, 50209, 2418, 3
24662, 55957, 19556, 3
13746, 34725, 25262, 3
60127, 11632, 12171, 3
46427, 46558, 45063, 3
25356, 41058, 15354, 3
35563, 25716, 58100, 3
17281, 53051, 57611, 3
47941, 33153, 464, 3
10776, 1393, 53671, 3
14373, 21208, 19303, 3
18318, 33759, 40776, 3
38894, 16181, 54993, 3
58268, 7250, 50905, 3
14038, 25706, 63475, 3
25448, 2339, 7337, 3
9319, 62779, 47647, 3
15684, 23815, 23466, 3
51939, 29139, 49297, 3
23808, 7221, 13491, 3
36840, 63661, 53677, 3
10392, 53692, 16976, 3
52214, 4948, 12428, 3
37247, 57613, 11641, 3
63079, 64094, 5746, 3
32790, 43243, 57256, 3
66897, 68388, 51649, 3
53861, 40210, 29657, 3
24010, 20457, 11663, 3
54549, 38646, 23895, 3
55233, 59968, 15878, 3
3590, 12264, 15256, 3
31238, 884, 37662, 3
29173, 61492, 53689, 3
26585, 18055, 36720, 3
64209, 33754, 39232, 3
14587, 55756, 60937, 3
52781, 64897, 36122, 3
66619, 50733, 32548, 3
64250, 5925, 46720, 3
50364, 33524, 638, 3
26111, 36194, 58165, 3
9595, 15698, 65634, 3
30614, 50757, 26046, 3
18099, 65779, 10324, 3
45268, 46530, 16037, 3
42848, 14245, 38414, 3
44448, 46021, 31003, 3
28761, 4319, 16920, 3
65435, 2828, 45644, 3
51123, 34300, 46627, 3
55851, 42875, 9207, 3
17321, 10137, 50425, 3
16608, 40612, 25884, 3
43903, 20958, 30142, 3
18751, 991, 14780, 3
10749, 68234, 49565, 3
18378, 516, 53632, 3
54342, 25280, 9992, 3
53468, 31261, 13704, 3
61830, 63081, 37666, 3
48513, 4586, 4097, 3
19747, 16030, 51495, 3
11848, 33897, 24002, 3
24391, 52404, 18206, 3
47169, 4522, 47971, 3
27079, 15357, 33109, 3
15365, 30522, 35542, 3
30317, 61412, 16980, 3
30684, 13297, 55119, 3
30010, 23217, 46274, 3
57386, 305, 56812, 3
56692, 40112, 69928, 3
60466, 21871, 54736, 3
38409, 28472, 40330, 3
61709, 40371, 56115, 3
37920, 36239, 44379, 3
29378, 43131, 2109, 3
10778, 67611, 67612, 3
63939, 57844, 53299, 3
27562, 33971, 50318, 3
32278, 29780, 9652, 3
26358, 28961, 20309, 3
66619, 30074, 27743, 3
55968, 37165, 16425, 3
49483, 55403, 12730, 3
39825, 5343, 7439, 3
1674, 47907, 4304, 3
16993, 34147, 61516, 3
33681, 28429, 69641, 3
29696, 43633, 42865, 3
9401, 64731, 30094, 3
64823, 19712, 66930, 3
34973, 37185, 41642, 3
23106, 59963, 17542, 3
10686, 21517, 46217, 3
65754, 69852, 37406, 3
47607, 58953, 49595, 3
13981, 46855, 29995, 3
62655, 55921, 14100, 3
13180, 42471, 69606, 3
35714, 39736, 8408, 3
24438, 61234, 30414, 3
21928, 18868, 6477, 3
6870, 39383, 57360, 3
29531, 26669, 60425, 3
636, 56450, 57963, 3
68921, 9239, 36677, 3
20360, 24981, 15141, 3
42084, 17817, 59047, 3
27433, 58506, 10245, 3
13454, 45036, 14159, 3
697, 42605, 46632, 3
60594, 582, 13113, 3
9314, 39777, 65526, 3
11820, 69722, 48025, 3
43999, 55550, 28496, 3
31194, 35281, 2572, 3
44629, 54628, 23501, 3
5527, 48451, 51429, 3
59111, 30394, 19660, 3
11346, 25147, 60380, 3
34822, 54230, 43465, 3
66791, 21719, 46408, 3
1050, 32607, 9162, 3
33783, 17588, 12830, 3
45871, 44264, 60920, 3
7800, 16252, 67574, 3
42633, 60957, 59395, 3
6726, 11325, 67775, 3
15316, 19341, 22573, 3
16541, 54325, 48382, 3
46529, 31344, 19613, 3
69834, 65694, 32793, 3
28900, 22018, 53963, 3
48337, 44599, 198, 3
25372, 34991, 1077, 3
7574, 568, 15047, 3
34066, 20910, 37085, 3
36741, 31893, 10118, 3
8919, 30776, 58194, 3
14947, 30487, 67371, 3
50468, 67749, 45259, 3
11958, 23052, 55789, 3
35468, 63005, 48155, 3
3716, 32104, 9144, 3
39019, 67082, 44251, 3
67250, 20584, 39345, 3
34304, 31440, 51456, 3
6756, 21054, 15028, 3
39871, 48213, 20670, 3
10562, 53791, 56266, 3
5315, 36777, 41415, 3
5060, 52943, 15887, 3
20696, 11583, 3132, 3
64765, 58876, 39689, 3
27991, 64113, 64643, 3
35119, 8634, 18508, 3
8446, 13486, 12136, 3
14707, 43734, 65848, 3
39956, 53086, 65643, 3
41008, 59835, 58608, 3
43918, 20883, 4617, 3
16698, 7051, 64343, 3
43536, 44156, 23699, 3
19981, 64545, 31428, 3
46071, 21558, 53560, 3
54822, 33402, 61067, 3
35878, 59544, 17732, 3
24307, 11570, 45848, 3
56649, 2338, 35452, 3
37278, 3689, 20628, 3
43486, 29543, 7924, 3
5778, 54079, 57345, 3
66735, 38483, 29113, 3
5173, 9611, 1235, 3
57259, 26885, 9195, 3
41833, 18878, 53302, 3
24796, 37588, 5062, 3
45884, 13934, 53854, 3
23212, 46224, 29171, 3
3091, 1075, 62576, 3
35909, 27369, 43745, 3
46297, 9838, 13948, 3
29236, 2574, 6219, 3
42146, 38804, 13839, 3
32575, 6169, 36053, 3
56072, 585, 9627, 3
56452, 47471, 23998, 3
16666, 9164, 32296, 3
23868, 53818, 20255, 3
40306, 60305, 7500, 3
42139, 54365, 15693, 3
22463, 1006, 23702, 3
55525, 55407, 58344, 3
17710, 49445, 22356, 3
60091, 65843, 42397, 3
4408, 51841, 31012, 3
9385, 61131, 57075, 3
21464, 49853, 40866, 3
38662, 33565, 32782, 3
13772, 44996, 20946, 3
48283, 55179, 28580, 3
14275, 27982, 57063, 3
13377, 33398, 65254, 3
55660, 51802, 55716, 3
46754, 32277, 14010, 3
27218, 38136, 38235, 3
9457, 7662, 28365, 3
33913, 69795, 20603, 3
57123, 5668, 41841, 3
11715, 38636, 31658, 3
52309, 31656, 42438, 3
23558, 67352, 48769, 3
54530, 57472, 65456, 3
10878, 25158, 38037, 3
26509, 16837, 20802, 3
44147, 31302, 36000, 3
60361, 60799, 63333, 3
32589, 58143, 54652, 3
995, 62712, 42518, 3
66654, 14536, 58599, 3
51620, 33941, 48287, 3
61476, 9053, 20735, 3
64072, 29749, 39707, 3
23001, 36414, 38912, 3
38006, 46202, 13453, 3
29835, 34291, 66572, 3
52004, 63511, 38791, 3
50351, 55086, 35682, 3
61270, 56349, 63394, 3
2786, 69838, 35991, 3
44161, 30827, 4195, 3
13596, 42526, 26964, 3
36583, 4816, 62740, 3
35742, 40338, 8842, 3
68495, 11289, 3766, 3
53610, 52220, 27823, 3
21986, 54615, 25117, 3
3219, 18093, 32597, 3
18754, 51517, 46983, 3
63226, 60244, 23587, 3
42425, 9, 15026, 3
1334, 39074, 48800, 3
62313, 39129, 4049, 3
67643, 52636, 68837, 3
69434, 53371, 41799, 3
16699, 2016, 14034, 3
37890, 68570, 8489, 3
9132, 40974, 69322, 3
63055, 26393, 3400, 3
19410, 33842, 69733, 3
58018, 69283, 25368, 3
28114, 17959, 463, 3
59720, 40522, 39668, 3
4010, 28727, 9686, 3
30833, 30469, 31997, 3
11894, 51460, 57629, 3
10459, 18807, 44199, 3
64184, 55347, 46399, 3
15365, 46353, 57512, 3
29950, 60540, 48058, 3
52004, 39035, 25259, 3
62971, 36499, 31217, 3
45268, 17150, 31232, 3
60224, 6427, 39435, 3
48668, 94, 40298, 3
51054, 58821, 34574, 3
27444, 1279, 15007, 3
32922, 9009, 15435, 3
14673, 4022, 68712, 3
9207, 51583, 36666, 3
4821, 51993, 13276, 3
60477, 29361, 2308, 3
67268, 53636, 19170, 3
28453, 14830, 68447, 3
51042, 5326, 53228, 3
54050, 22708, 6429, 3
66522, 4644, 67514, 3
27617, 57050, 7605, 3
44317, 19391, 48954, 3
49385, 34353, 10161, 3
4109, 17148, 3270, 3
58183, 40574, 47950, 3
58355, 17986, 57185, 3
57589, 1351, 33701, 3
3551, 60922, 8686, 3
25545, 10738, 43724, 3
64177, 56148, 35454, 3
33974, 34809, 64207, 3
2517, 15242, 25785, 3
34295, 66670, 13943, 3
39785, 42681, 47159, 3
58416, 51403, 40763, 3
13994, 66906, 29045, 3
15499, 42291, 26410, 3
36698, 2820, 6454, 3
29479, 456, 56519, 3
40785, 23701, 9030, 3
29803, 32350, 47735, 3
37135, 66405, 6161, 3
56523, 54090, 2545, 3
23767, 1837, 52698, 3
62262, 7226, 56037, 3
34588, 31609, 25020, 3
29478, 31138, 43338, 3
60030, 21139, 66487, 3
9, 682, 1
1128, 1018, 1
729, 257, 1
224, 1242, 1
1301, 339, 1
626, 487, 1
341, 874, 1
947, 328, 1
52, 968, 1
356, 992, 1
127, 1345, 1
261, 1323, 1
729, 438, 1
438, 1411, 1
817, 1207, 1
1074, 1010, 1
883, 971, 1
1035, 228, 1
1413, 504, 1
282, 267, 1
502, 832, 1
1339, 708, 1
8, 23, 1
372, 541, 1
540, 1144, 1
581, 643, 1
777, 439, 1
1148, 1354, 1
394, 1287, 1
493, 1270, 1
734, 1045, 1
843, 74, 1
835, 710, 1
15, 411, 1
1315, 12, 1
345, 1321, 1
1184, 18, 1
580, 153, 1
814, 252, 1
324, 1001, 1
847, 413, 1
422, 1216, 1
938, 1096, 1
673, 1438, 1
903, 451, 1
142, 1176, 1
438, 2, 1
779, 6, 1
1099, 967, 1
729, 1411, 1
257, 438, 1
2, 1411, 1
729, 2, 1
2, 438, 1
257, 1411, 1
1411, 438, 1
257, 729, 1
257, 2, 1
1411, 729, 1
2, 729, 1
2, 257, 1
1411, 257, 1
279, 343, -1
1332, 163, -1
316, 646, -1
689, 522, -1
1178, 76, -1
1390, 1173, -1
599, 658, -1
363, 806, -1
1401, 173, -1
843, 604, -1
1099, 1096, -1
1382, 1255, -1
1429, 1392, -1
1373, 241, -1
816, 100, -1
396, 1277, -1
1394, 1305, -1
167, 1374, -1
992, 1118, -1
1027, 630, -1
1201, 87, -1
535, 949, -1
481, 1282, -1
354, 720, -1
829, 950, -1
1299, 573, -1
88, 1214, -1
1083, 955, -1
1220, 583, -1
959, 360, -1
1109, 1358, -1
276, 505, -1
251, 706, -1
167, 649, -1
1090, 1340, -1
1412, 98, -1
386, 92, -1
858, 1371, -1
1190, 1208, -1
597, 889, -1
696, 417, -1
762, 856, -1
96, 889, -1
1446, 1178, -1
179, 113, -1
1412, 397, -1
297, 1247, -1
983, 401, -1
629, 1395, -1
820, 150, -1
1148, 724, -1
1145, 868, -1
265, 452, -1
1114, 844, -1
1308, 915, -1
1068, 805, -1
564, 1459, -1
868, 313, -1
293, 144, -1
920, 937, -1
606, 394, -1
809, 1399, -1
952, 264, -1
616, 649, -1
327, 343, -1
357, 1231, -1
489, 1427, -1
1189, 478, -1
504, 34, -1
1033, 532, -1
960, 760, -1
887, 1413, -1
479, 461, -1
288, 1273, -1
194, 767, -1
503, 622, -1
462, 844, -1
1350, 1455, -1
857, 1274, -1
1277, 423, -1
1440, 1362, -1
645, 428, -1
914, 1111, -1
217, 1350, -1
423, 377, -1
724, 26, -1
1371, 179, -1
1335, 1339, -1
834, 907, -1
1219, 968, -1
364, 1422, -1
56, 1068, -1
734, 879, -1
1341, 447, -1
854, 592, -1
469, 258, -1
969, 581, -1
958, 446, -1
1137, 791, -1
558, 335, -1
1235, 1322, -1
647, 1025, -1
375, 1181, -1
1476, 666, -1
877, 12, -1
759, 916, -1
890, 850, -1
697, 1299, -1
195, 1444, -1
865, 542, -1
627, 1133, -1
779, 132, -1
678, 705, -1
1023, 1334, -1
1204, 385, -1
301, 789, -1
207, 773, -1
1249, 778, -1
1150, 1248, -1
73, 1006, -1
608, 130, -1
731, 526, -1
399, 931, -1
1144, 146, -1
482, 662, -1
1414, 919, -1
156, 839, -1
1120, 713, -1
1182, 153, -1
762, 1450, -1
1088, 442, -1
717, 941, -1
934, 563, -1
798, 1350, -1
651, 1168, -1
1245, 263, -1
720, 954, -1
1012, 996, -1
530, 952, -1
190, 1149, -1
1466, 923, -1
1207, 258, -1
1124, 426, -1
1271, 1184, -1
152, 135, -1
956, 1209, -1
673, 604, -1
673, 409, -1
252, 73, -1
215, 1248, -1
253, 1240, -1
623, 628, -1
324, 1223, -1
866, 683, -1
397, 295, -1
1340, 1310, -1
1118, 785, -1
107, 1091, -1
77, 846, -1
217, 1007, -1
867, 115, -1
204, 509, -1
1166, 1242, -1
12, 1431, -1
871, 1216, -1
176, 809, -1
377, 589, -1
451, 1428, -1
1364, 818, -1
85, 1420, -1
146, 683, -1
650, 890, -1
1270, 698, -1
806, 894, -1
681, 1162, -1
638, 825, -1
1260, 401, -1
651, 375, -1
301, 378, -1
766, 65, -1
1011, 434, -1
1243, 1395, -1
1193, 650, -1
1404, 825, -1
1247, 715, -1
119, 1123, -1
508, 694, -1
476, 935, -1
77, 973, -1
1043, 862, -1
1424, 664, -1
920, 626, -1
363, 1057, -1
94, 634, -1
90, 1455, -1
1257, 1238, -1
1150, 900, -1
876, 1474, -1
220, 1403, -1
574, 1215, -1
1442, 585, -1
463, 356, -1
464, 1332, -1
1399, 1402, -1
407, 360, -1
26, 74, -1
1072, 421, -1
126, 160, -1
219, 878, -1
868, 712, -1
329, 173, -1
324, 1415, -1
1021, 1228, -1
1084, 1352, -1
308, 1411, -1
1107, 1264, -1
1068, 1022, -1
829, 529, -1
1030, 1452, -1
1346, 747, -1
1180, 515, -1
1292, 143, -1
753, 229, -1
1366, 731, -1
265, 610, -1
1083, 1206, -1
1350, 82, -1
941, 998, -1
331, 715, -1
463, 1323, -1
353, 57, -1
438, 964, -1
646, 578, -1
899, 237, -1
1364, 46, -1
1217, 677, -1
928, 227, -1
891, 633, -1
214, 854, -1
1022, 1439, -1
466, 943, -1
1210, 861, -1
607, 799, -1
48, 991, -1
98, 285, -1
798, 1305, -1
1371, 539, -1
1460, 961, -1
303, 830, -1
628, 72, -1
903, 545, -1
998, 196, -1
910, 1069, -1
1303, 708, -1
1392, 990, -1
1350, 1334, -1
895, 1036, -1
1271, 1292, -1
701, 67, -1
892, 1112, -1
1316, 255, -1
1146, 3, -1
1412, 826, -1
89, 88, -1
754, 1321, -1
1091, 444, -1
207, 662, -1
484, 1078, -1
1140, 940, -1
806, 1060, -1
489, 102, -1
974, 103, -1
597, 1328, -1
1014, 1419, -1
176, 148, -1
1244, 165, -1
635, 78, -1
373, 116, -1
1449, 81, -1
225, 26, -1
1182, 1328, -1
664, 779, -1
933, 1080, -1
466, 992, -1
1300, 44, -1
1473, 602, -1
71, 190, -1
1182, 1007, -1
711, 154, -1
1226, 401, -1
149, 589, -1
688, 1296, -1
185, 1248, -1
865, 558, -1
1, 888, -1
766, 206, -1
1391, 1424, -1
94, 1307, -1
1340, 1230, -1
801, 78, -1
147, 17, -1
666, 511, -1
1193, 618, -1
629, 1374, -1
427, 698, -1
1173, 701, -1
1055, 1253, -1
1455, 1436, -1
931, 580, -1
296, 1239, -1
1101, 383, -1
1094, 794, -1
44, 1188, -1
1285, 1236, -1
1095, 655, -1
899, 1093, -1
73, 529, -1
1209, 342, -1
598, 1211, -1
1285, 1041, -1
1236, 90, -1
736, 1074, -1
909, 1283, -1
1258, 281, -1
578, 1352, -1
375, 1333, -1
1003, 1246, -1
1244, 910, -1
1042, 1016, -1
155, 815, -1
1142, 1255, -1
545, 420, -1
113, 139, -1
1246, 1347, -1
616, 1302, -1
988, 84, -1
1077, 1253, -1
536, 680, -1
695, 24, -1
146, 140, -1
1147, 1254, -1
299, 1448, -1
70, 1087, -1
760, 1242, -1
1382, 1158, -1
808, 1397, -1
754, 1150, -1
91, 863, -1
43, 1327, -1
313, 449, -1
1082, 1221, -1
504, 762, -1
1379, 630, -1
870, 732, -1
86, 241, -1
99, 872, -1
1119, 501, -1
1080, 623, -1
857, 552, -1
149, 394, -1
217, 187, -1
1297, 1220, -1
105, 1410, -1
1160, 500, -1
785, 942, -1
18, 58, -1
842, 1262, -1
1063, 159, -1
616, 869, -1
411, 1386, -1
750, 1110, -1
3, 150, -1
161, 1082, -1
176, 769, -1
1041, 928, -1
1181, 997, -1
924, 838, -1
1040, 1052, -1
53, 574, -1
716, 41, -1
232, 499, -1
552, 996, -1
518, 110, -1
398, 420, -1
596, 516, -1
49, 914, -1
1333, 354, -1
18, 913, -1
32, 288, -1
198, 605, -1
225, 686, -1
238, 1287, -1
880, 1382, -1
579, 1023, -1
815, 1133, -1
834, 182, -1
335, 1081, -1
836, 184, -1
1360, 1011, -1
1201, 707, -1
1277, 619, -1
467, 1095, -1
550, 734, -1
251, 1015, -1
1058, 270, -1
1307, 1473, -1
710, 302, -1
687, 678, -1
1117, 1367, -1
903, 1023, -1
1452, 1133, -1
392, 256, -1
1144, 1081, -1
629, 194, -1
25, 687, -1
1344, 829, -1
1222, 1250, -1
1224, 1006, -1
914, 471, -1
180, 1177, -1
1137, 1263, -1
831, 476, -1
706, 1078, -1
557, 1399, -1
781, 257, -1
210, 43, -1
137, 1311, -1
118, 1222, -1
1163, 1470, -1
1123, 942, -1
637, 971, -1
410, 358, -1
641, 1020, -1
1193, 1271, -1
277, 1103, -1
979, 659, -1
579, 1403, -1
375, 1451, -1
769, 383, -1
492, 424, -1
1102, 988, -1
1343, 920, -1
1107, 830, -1
283, 915, -1
1454, 1196, -1
1167, 915, -1
314, 687, -1
393, 641, -1
1147, 581, -1
422, 1393, -1
1383, 637, -1
920, 487, -1
1428, 903, -1
504, 887, -1
664, 6, -1
760, 224, -1
1386, 15, -1
1001, 1223, -1
74, 604, -1
34, 1413, -1
698, 493, -1
153, 931, -1
1023, 451, -1
1001, 1415, -1
149, 1287, -1
1339, 1303, -1
1315, 1431, -1
308, 438, -1
1354, 724, -1
736, 1010, -1
992, 463, -1
545, 451, -1
938, 1099, -1
466, 356, -1
261, 463, -1
762, 1413, -1
356, 1118, -1
708, 1335, -1
1184, 913, -1
146, 540, -1
1081, 540, -1
729, 781, -1
26, 843, -1
1045, 550, -1
422, 871, -1
729, 964, -1
1216, 1393, -1
394, 238, -1
606, 1287, -1
409, 1438, -1
302, 835, -1
1045, 879, -1
1411, 964, -1
969, 643, -1
883, 637, -1
1184, 58, -1
73, 814, -1
1315, 877, -1
1096, 967, -1
1147, 643, -1
224, 1166, -1
580, 1182, -1
2, 964, -1
132, 6, -1
345, 754, -1
1219, 52, -1
18, 1271, -1
817, 258, -1
604, 1438, -1
734, 550, -1
394, 606, -1
1413, 887, -1
545, 903, -1
356, 463, -1
1242, 1166, -1
1184, 1271, -1
913, 18, -1
964, 438, -1
992, 466, -1
1386, 411, -1
1321, 754, -1
968, 1219, -1
409, 673, -1
781, 438, -1
58, 18, -1
698, 1270, -1
1393, 422, -1
1096, 1099, -1
73, 252, -1
729, 308, -1
938, 967, -1
1216, 871, -1
1339, 1335, -1
1411, 308, -1
1411, 781, -1
971, 637, -1
394, 149, -1
2, 781, -1
12, 877, -1
257, 781, -1
153, 1182, -1
2, 308, -1
257, 964, -1
257, 308, -1
708, 1303, -1
258, 1207, -1
1323, 463, -1
964, 257, -1
550, 1045, -1
964, 729, -1
308, 257, -1
308, 729, -1

