3105, 42892, 25643, 3
9432, 33107, 37616, 3
9054, 22398, 6441, 3
55927, 23813, 18477, 3
34220, 13869, 10544, 3
42752, 63061, 25787, 3
59786, 21943, 40870, 3
61287, 66980, 27371, 3
66151, 51236, 56074, 3
46970, 26177, 12222, 3
12831, 9171, 14552, 3
7327, 32340, 2416, 3
37272, 64032, 61503, 3
15914, 28668, 33440, 3
57353, 42285, 1585, 3
1405, 7610, 7550, 3
50831, 9524, 54853, 3
43936, 61492, 32250, 3
37422, 55291, 28895, 3
39901, 65478, 52728, 3
52351, 5547, 44235, 3
26166, 56833, 59464, 3
21259, 4452, 12203, 3
33935, 67462, 14200, 3
33717, 34001, 10589, 3
51996, 61316, 68297, 3
26606, 15100, 61300, 3
45921, 33024, 13498, 3
46898, 5665, 68822, 3
43212, 503, 61009, 3
5500, 30400, 48101, 3
52730, 45889, 8696, 3
64197, 37467, 64510, 3
37223, 14725, 25980, 3
20630, 54930, 57619, 3
6772, 65219, 35936, 3
54589, 16873, 5509, 3
43176, 31773, 4783, 3
58920, 26302, 54719, 3
16330, 5063, 3921, 3
17204, 27308, 5129, 3
253, 31224, 23766, 3
36075, 30112, 53721, 3
38366, 28534, 25803, 3
22373, 912, 9661, 3
15509, 14571, 49904, 3
9504, 14526, 45286, 3
39641, 19982, 61105, 3
46185, 65526, 31087, 3
61117, 49536, 54113, 3
56295, 10301, 41776, 3
42689, 44066, 2002, 3
59580, 19064, 41624, 3
35742, 8527, 60570, 3
5947, 63251, 54633, 3
49044, 47522, 9984, 3
3093, 35844, 13718, 3
33849, 63024, 49390, 3
36000, 1284, 57971, 3
42509, 10391, 53043, 3
48497, 40053, 11922, 3
12113, 12459, 33545, 3
48353, 47956, 42040, 3
27649, 65389, 8396, 3
67368, 1168, 49764, 3
64953, 61763, 19481, 3
44345, 22144, 69878, 3
44355, 56151, 49207, 3
58460, 49496, 770, 3
187, 61177, 17483, 3
37343, 61961, 13036, 3
7969, 68386, 30864, 3
36336, 37042, 22074, 3
1179, 59250, 2760, 3
59118, 59738, 53254, 3
67057, 69704, 18990, 3
40417, 60788, 1625, 3
19154, 31912, 2049, 3
50726, 29204, 66623, 3
36148, 13521, 43659, 3
4998, 17006, 17149, 3
55359, 115, 61175, 3
55350, 1093, 60171, 3
39769, 40211, 27684, 3
26804, 13582, 14036, 3
24937, 29590, 32679, 3
3659, 34318, 27352, 3
21465, 22576, 56096, 3
49324, 67508, 69972, 3
22537, 11148, 38340, 3
14193, 64433, 62731, 3
11704, 39440, 39006, 3
44018, 34592, 21201, 3
26970, 58430, 10511, 3
684, 15902, 64548, 3
38850, 40075, 21772, 3
43208, 21846, 31763, 3
63341, 21533, 10555, 3
6874, 48978, 30402, 3
16373, 28664, 55401, 3
11303, 18133, 15152, 3
36469, 66356, 11476, 3
60480, 28299, 41374, 3
23257, 35434, 12157, 3
35385, 36284, 52139, 3
21345, 10315, 19951, 3
50057, 68421, 64600, 3
23951, 33283, 19846, 3
13774, 55418, 8772, 3
13167, 14908, 65730, 3
25653, 68550, 17030, 3
22332, 8665, 3993, 3
440, 54395, 60905, 3
39479, 34901, 9827, 3
59200, 58522, 55990, 3
42694, 54760, 36017, 3
12674, 52815, 33526, 3
4786, 26526, 12737, 3
12543, 33971, 48269, 3
27359, 33876, 24898, 3
37272, 5168, 15083, 3
2579, 41362, 8910, 3
59554, 44341, 44071, 3
57056, 59366, 36696, 3
14408, 21506, 23992, 3
25379, 16424, 31652, 3
46084, 64790, 66652, 3
26554, 6124, 51193, 3
29045, 15128, 18736, 3
63820, 64546, 29114, 3
14789, 46150, 24127, 3
11230, 12995, 29123, 3
41126, 18522, 41174, 3
34471, 47124, 1671, 3
6095, 20248, 44920, 3
17859, 7777, 35506, 3
3837, 66799, 26482, 3
41385, 64211, 46786, 3
7214, 5004, 13611, 3
26161, 52448, 8558, 3
49501, 55135, 4566, 3
58968, 34289, 49137, 3
49845, 15526, 3897, 3
63732, 35698, 12889, 3
9042, 16704, 43714, 3
16252, 7500, 11746, 3
25106, 50377, 64009, 3
29918, 29360, 35167, 3
19160, 12275, 32967, 3
47786, 19590, 26037, 3
58203, 15154, 37037, 3
22290, 31965, 9478, 3
54239, 46780, 16599, 3
42040, 46203, 17356, 3
2313, 15568, 30169, 3
31050, 24848, 33393, 3
33593, 25689, 44272, 3
67151, 21717, 2159, 3
23785, 3123, 43019, 3
11342, 2590, 60082, 3
68126, 8592, 10123, 3
60660, 46124, 17316, 3
22450, 65327, 20781, 3
3778, 20514, 10507, 3
39663, 33722, 29138, 3
17257, 33456, 27722, 3
61939, 40111, 59737, 3
15077, 27974, 1194, 3
65372, 61418, 16660, 3
1598, 34770, 14134, 3
13705, 17887, 30967, 3
30787, 7717, 62308, 3
23861, 8447, 48729, 3
40266, 60561, 28947, 3
63033, 57698, 46953, 3
51673, 18189, 52704, 3
8895, 38222, 35263, 3
45075, 32064, 59881, 3
40817, 6637, 1136, 3
58626, 42155, 24249, 3
42197, 67732, 32670, 3
32636, 11682, 26026, 3
12885, 27515, 66229, 3
30200, 58933, 11140, 3
59552, 9455, 45272, 3
30055, 15000, 1622, 3
13461, 29006, 24191, 3
13177, 1846, 53865, 3
40489, 25377, 56842, 3
20170, 36234, 58157, 3
44101, 6282, 19777, 3
25194, 66175, 36078, 3
63138, 17252, 17319, 3
62391, 9076, 57126, 3
37317, 579, 438, 3
14992, 44745, 56875, 3
55217, 26446, 64841, 3
24190, 54362, 18413, 3
586, 50840, 57016, 3
39352, 27037, 65898, 3
33885, 5045, 20988, 3
1952, 443, 35012, 3
47406, 14278, 35686, 3
40674, 47471, 48286, 3
59219, 8270, 30941, 3
24785, 14798, 48339, 3
50994, 12514, 18273, 3
8380, 4688, 23262, 3
45165, 41185, 58925, 3
18681, 68656, 22607, 3
20241, 60911, 49633, 3
45518, 52847, 61590, 3
59602, 56012, 31036, 3
26561, 22788, 18664, 3
59219, 24295, 67602, 3
28298, 22836, 23417, 3
32752, 4784, 27, 3
41173, 68556, 24461, 3
65854, 69043, 19776, 3
47866, 69075, 52718, 3
3915, 59677, 33935, 3
10512, 13006, 49122, 3
5688, 4627, 47304, 3
43966, 67825, 65962, 3
65626, 63377, 64661, 3
1870, 40446, 17839, 3
35134, 30409, 56696, 3
52801, 15159, 1232, 3
67035, 41891, 24158, 3
2900, 25147, 62981, 3
37954, 53488, 28727, 3
28537, 45103, 15246, 3
31764, 23376, 25385, 3
37701, 197, 8063, 3
61191, 6063, 43052, 3
40917, 21353, 53110, 3
55886, 55509, 349, 3
37912, 52097, 57737, 3
62148, 51208, 62905, 3
13555, 31187, 13036, 3
28568, 1018, 32124, 3
30369, 53284, 56339, 3
40566, 11974, 61938, 3
64716, 55584, 7206, 3
36493, 40248, 66985, 3
55526, 29282, 19582, 3
28066, 33670, 13747, 3
26086, 63992, 24628, 3
27064, 26652, 40961, 3
40746, 18442, 45836, 3
14086, 18104, 50484, 3
45398, 24462, 6344, 3
67762, 25528, 33748, 3
25995, 11542, 22633, 3
30327, 59650, 63777, 3
64648, 24319, 66105, 3
17441, 55507, 13206, 3
22229, 41075, 52471, 3
48517, 30745, 1106, 3
69450, 49337, 60394, 3
579, 24787, 29196, 3
11150, 42289, 66776, 3
69970, 60198, 8796, 3
8134, 58256, 11994, 3
50853, 55606, 7156, 3
53763, 27690, 2739, 3
34495, 52288, 68549, 3
13577, 40917, 42530, 3
36525, 5799, 22233, 3
57802, 3562, 21043, 3
4036, 41504, 4444, 3
63006, 41381, 48422, 3
32874, 3571, 17288, 3
62092, 29563, 9999, 3
44948, 56769, 62034, 3
3889, 29589, 37722, 3
3286, 3954, 44450, 3
50950, 63005, 55390, 3
46953, 495, 5123, 3
9382, 57969, 43902, 3
31411, 30945, 34451, 3
34070, 68139, 28554, 3
36866, 813, 47667, 3
17516, 63808, 4957, 3
10731, 33584, 45991, 3
28271, 19258, 31801, 3
59282, 39809, 21658, 3
14467, 19449, 19960, 3
42659, 51008, 23577, 3
33540, 48361, 40447, 3
62490, 43323, 1804, 3
47871, 921, 15507, 3
45537, 11337, 27602, 3
17482, 3002, 58559, 3
7191, 45596, 19003, 3
23604, 51063, 9685, 3
32381, 4094, 30389, 3
45485, 55614, 64081, 3
55852, 32021, 22695, 3
39445, 15109, 57282, 3
56758, 23224, 51740, 3
2833, 64375, 11344, 3
34919, 48325, 8086, 3
6961, 25375, 45136, 3
49518, 29091, 61544, 3
21836, 51642, 3379, 3
5532, 47522, 33175, 3
45640, 17527, 2203, 3
55582, 2080, 18521, 3
674, 31320, 57365, 3
10157, 1258, 41798, 3
34421, 3116, 10132, 3
47184, 30986, 49886, 3
32604, 15352, 49901, 3
26501, 47805, 61694, 3
51591, 54528, 11667, 3
40713, 46747, 61845, 3
17651, 40079, 42151, 3
19068, 14277, 64353, 3
43006, 30652, 56766, 3
46027, 63663, 46450, 3
67148, 67271, 62691, 3
36161, 62994, 11479, 3
6796, 58902, 23784, 3
393, 30945, 60635, 3
11013, 21019, 56367, 3
58659, 24809, 67852, 3
43447, 15523, 24034, 3
41665, 46445, 50728, 3
7352, 15529, 31624, 3
62245, 5051, 40072, 3
28516, 65640, 12414, 3
51886, 68655, 57682, 3
24277, 13451, 61333, 3
40482, 16706, 40549, 3
11959, 6263, 54689, 3
53101, 33318, 22799, 3
3173, 37851, 7240, 3
20544, 65217, 6952, 3
48754, 47737, 54571, 3
67950, 61006, 49223, 3
26470, 8288, 36438, 3
31310, 50937, 37399, 3
40656, 54899, 63707, 3
24901, 28425, 61404, 3
370, 18678, 21511, 3
23893, 39423, 66738, 3
42361, 35158, 23580, 3
3301, 31252, 42336, 3
26372, 5329, 2982, 3
66075, 30760, 17073, 3
13571, 35829, 17015, 3
66555, 16340, 60650, 3
36174, 66245, 26216, 3
58746, 40734, 64526, 3
10217, 8974, 19440, 3
25960, 50262, 45201, 3
29867, 20151, 29279, 3
30968, 42018, 34608, 3
51962, 3205, 20742, 3
218, 24858, 40811, 3
21072, 50870, 20093, 3
36108, 32871, 52898, 3
58363, 33677, 60412, 3
37072, 41099, 55359, 3
38775, 20275, 50333, 3
20859, 52730, 3745, 3
17229, 45670, 45583, 3
20878, 46865, 27956, 3
42730, 60354, 52340, 3
22312, 983, 66151, 3
42070, 69163, 16601, 3
56024, 17130, 14848, 3
35509, 2280, 61039, 3
58525, 2011, 64333, 3
40137, 50832, 38769, 3
53999, 19638, 9721, 3
19257, 6619, 45563, 3
60975, 15325, 41950, 3
30520, 21500, 23669, 3
26066, 2272, 8823, 3
19340, 56459, 32998, 3
63083, 30815, 36756, 3
29429, 39098, 3270, 3
14806, 43656, 21937, 3
28521, 2633, 60044, 3
49417, 38052, 26605, 3
67655, 51602, 172, 3
43341, 46739, 68283, 3
50156, 31463, 55081, 3
34877, 22824, 19982, 3
44939, 3343, 60453, 3
13778, 62293, 44538, 3
68894, 3982, 42496, 3
9073, 10610, 7997, 3
38208, 32093, 55876, 3
21473, 9468, 69373, 3
53404, 37158, 49046, 3
25464, 18691, 13450, 3
7472, 13883, 44565, 3
41063, 62761, 39305, 3
33642, 48088, 22627, 3
20545, 44300, 50373, 3
16610, 55824, 11631, 3
66895, 1831, 4271, 3
65269, 45807, 41756, 3
20433, 7607, 46880, 3
43023, 27722, 43594, 3
41883, 22519, 35983, 3
12952, 15094, 46174, 3
46765, 49343, 50480, 3
42126, 9714, 52691, 3
60052, 8928, 57938, 3
13205, 17689, 25598, 3
59974, 4522, 40966, 3
44566, 47061, 33978, 3
5778, 20960, 10366, 3
7171, 43518, 40364, 3
31470, 67526, 65292, 3
32689, 57274, 25696, 3
46926, 9325, 44300, 3
21807, 62742, 9943, 3
5575, 23138, 38610, 3
62847, 13114, 11440, 3
7953, 42761, 64674, 3
37267, 64126, 23448, 3
23995, 51694, 15182, 3
49871, 30243, 15118, 3
10452, 48252, 25762, 3
42155, 54665, 27997, 3
35695, 31165, 25145, 3
23200, 54165, 64127, 3
39769, 28698, 31691, 3
17495, 25673, 36202, 3
4909, 54778, 5187, 3
23106, 39159, 33478, 3
41874, 20021, 44395, 3
40821, 24543, 29556, 3
28767, 26454, 8732, 3
6267, 21420, 35798, 3
35351, 7572, 32043, 3
53185, 16296, 63802, 3
991, 25402, 14303, 3
16715, 33986, 27041, 3
5780, 14731, 64609, 3
59461, 12063, 29394, 3
57540, 3088, 52295, 3
53392, 7984, 16174, 3
69233, 28766, 54162, 3
62907, 36578, 59046, 3
20117, 67374, 21977, 3
52226, 12960, 50397, 3
45301, 4660, 24075, 3
68390, 24444, 7675, 3
61234, 5598, 34104, 3
68592, 58597, 25694, 3
10820, 18411, 15753, 3
67006, 49763, 38523, 3
593, 25744, 53158, 3
49371, 31287, 65399, 3
8081, 69623, 20114, 3
22439, 53326, 19938, 3
41101, 65499, 61070, 3
10877, 820, 47658, 3
25391, 23878, 55674, 3
4232, 69491, 53135, 3
60556, 28415, 57075, 3
66799, 36406, 45248, 3
19269, 41983, 30466, 3
8647, 65540, 35256, 3
10115, 48393, 61723, 3
58104, 18634, 16254, 3
36307, 38641, 17846, 3
47168, 46074, 9699, 3
54125, 27068, 59938, 3
14433, 30509, 67708, 3
47159, 22763, 30018, 3
64853, 7090, 32846, 3
1195, 36677, 29596, 3
49750, 60007, 38208, 3
58563, 28332, 23670, 3
25284, 1763, 53072, 3
8470, 9503, 67077, 3
48024, 38347, 28713, 3
1869, 18900, 38857, 3
25642, 62993, 63753, 3
33328, 69067, 31876, 3
4936, 68690, 42178, 3
34411, 17251, 220, 3
48423, 40134, 5422, 3
62083, 28688, 1399, 3
56736, 6614, 61793, 3
47286, 2685, 33675, 3
55787, 21850, 68317, 3
58310, 62875, 60297, 3
12003, 24218, 47480, 3
21953, 25942, 18100, 3
53049, 30168, 53079, 3
53997, 68349, 68481, 3
63129, 32073, 52068, 3
501, 4, 1
1437, 651, 1
310, 1200, 1
1113, 106, 1
1405, 959, 1
639, 582, 1
1195, 1209, 1
980, 1061, 1
519, 435, 1
304, 707, 1
148, 230, 1
507, 397, 1
25, 1255, 1
889, 1386, 1
575, 1344, 1
1411, 336, 1
986, 623, 1
532, 1239, 1
1406, 11, 1
1417, 101, 1
1372, 326, 1
180, 410, 1
180, 830, 1
1229, 750, 1
691, 358, 1
1266, 155, 1
732, 318, 1
755, 110, 1
145, 1245, 1
610, 1222, 1
826, 1465, 1
1249, 696, 1
1276, 886, 1
910, 1269, 1
291, 861, 1
1407, 1444, 1
820, 288, 1
215, 250, 1
887, 43, 1
1131, 8, 1
79, 1392, 1
1186, 1353, 1
1408, 402, 1
305, 1125, 1
1129, 385, 1
190, 1246, 1
1133, 412, 1
410, 830, 1
410, 180, 1
1340, 734, -1
945, 1002, -1
618, 1116, -1
899, 631, -1
460, 181, -1
186, 961, -1
349, 1427, -1
1011, 1253, -1
714, 785, -1
751, 1258, -1
1320, 782, -1
868, 815, -1
1083, 896, -1
1016, 544, -1
1272, 545, -1
752, 982, -1
332, 248, -1
1478, 1261, -1
1428, 1367, -1
250, 1402, -1
1295, 234, -1
1065, 641, -1
360, 562, -1
1426, 660, -1
282, 1445, -1
869, 1220, -1
912, 334, -1
1413, 989, -1
156, 161, -1
1030, 721, -1
947, 995, -1
1320, 973, -1
215, 571, -1
70, 547, -1
415, 1204, -1
60, 156, -1
744, 115, -1
41, 771, -1
1384, 1238, -1
1338, 519, -1
325, 1388, -1
835, 717, -1
1104, 1234, -1
320, 819, -1
190, 1195, -1
564, 65, -1
665, 1462, -1
1404, 1232, -1
1117, 510, -1
1089, 876, -1
137, 668, -1
1141, 290, -1
1249, 202, -1
534, 539, -1
1206, 646, -1
1162, 1191, -1
408, 1334, -1
1296, 1178, -1
47, 974, -1
399, 999, -1
497, 273, -1
445, 321, -1
438, 480, -1
914, 385, -1
1055, 1330, -1
756, 1039, -1
946, 279, -1
988, 304, -1
207, 764, -1
765, 545, -1
104, 1404, -1
819, 328, -1
1205, 1423, -1
880, 368, -1
994, 1312, -1
306, 87, -1
953, 1073, -1
823, 1280, -1
787, 720, -1
194, 1245, -1
438, 185, -1
1185, 1004, -1
982, 744, -1
63, 128, -1
790, 1201, -1
1102, 112, -1
734, 403, -1
367, 801, -1
1185, 1225, -1
1365, 179, -1
763, 863, -1
65, 557, -1
989, 1362, -1
226, 191, -1
568, 231, -1
101, 500, -1
1125, 256, -1
234, 111, -1
1157, 351, -1
384, 1467, -1
106, 309, -1
506, 549, -1
200, 1087, -1
1063, 1183, -1
1136, 433, -1
652, 1342, -1
81, 0, -1
1108, 829, -1
488, 1306, -1
697, 1129, -1
931, 1210, -1
1339, 633, -1
146, 234, -1
768, 902, -1
1435, 144, -1
125, 327, -1
527, 1211, -1
573, 56, -1
1386, 879, -1
20, 546, -1
1205, 480, -1
512, 984, -1
698, 1021, -1
141, 1118, -1
1469, 61, -1
255, 949, -1
117, 150, -1
689, 1316, -1
67, 1110, -1
1020, 1236, -1
1098, 299, -1
918, 226, -1
117, 912, -1
365, 393, -1
1325, 1264, -1
743, 1307, -1
706, 278, -1
1200, 264, -1
1052, 1171, -1
52, 956, -1
914, 105, -1
234, 980, -1
1268, 258, -1
1293, 465, -1
175, 249, -1
187, 835, -1
660, 41, -1
1435, 369, -1
522, 97, -1
587, 582, -1
1282, 1212, -1
1283, 868, -1
400, 408, -1
167, 739, -1
1475, 1046, -1
115, 935, -1
1102, 591, -1
848, 304, -1
1348, 501, -1
1249, 1164, -1
1331, 574, -1
50, 243, -1
25, 1253, -1
546, 847, -1
180, 647, -1
1287, 659, -1
1234, 9, -1
1128, 517, -1
316, 466, -1
1127, 220, -1
1144, 802, -1
858, 729, -1
960, 1355, -1
1173, 404, -1
1433, 1261, -1
893, 556, -1
514, 894, -1
1175, 653, -1
40, 1327, -1
922, 557, -1
1405, 944, -1
1154, 594, -1
535, 777, -1
674, 1434, -1
580, 1237, -1
1119, 182, -1
506, 379, -1
331, 458, -1
766, 212, -1
717, 349, -1
1145, 229, -1
952, 554, -1
1048, 1271, -1
1457, 339, -1
299, 899, -1
949, 1214, -1
15, 1372, -1
1266, 964, -1
1008, 701, -1
897, 1038, -1
633, 898, -1
1280, 108, -1
1374, 1401, -1
492, 1306, -1
305, 278, -1
957, 1039, -1
1169, 40, -1
782, 1251, -1
878, 1089, -1
1433, 528, -1
254, 214, -1
503, 1004, -1
71, 1346, -1
1264, 900, -1
1065, 1349, -1
701, 1290, -1
1461, 251, -1
379, 355, -1
591, 822, -1
503, 965, -1
408, 1448, -1
1135, 782, -1
48, 796, -1
1280, 554, -1
1184, 1448, -1
1170, 647, -1
1105, 1360, -1
1435, 413, -1
187, 1073, -1
1002, 298, -1
684, 1191, -1
835, 347, -1
776, 291, -1
487, 982, -1
506, 1473, -1
1184, 1450, -1
83, 196, -1
845, 866, -1
889, 129, -1
1164, 889, -1
1307, 598, -1
1085, 75, -1
1231, 195, -1
323, 782, -1
1097, 981, -1
839, 802, -1
413, 22, -1
852, 189, -1
945, 551, -1
1188, 565, -1
493, 560, -1
1225, 229, -1
1336, 1424, -1
120, 1185, -1
854, 908, -1
505, 1112, -1
1421, 1220, -1
769, 453, -1
630, 404, -1
1086, 1336, -1
610, 1426, -1
73, 1238, -1
1005, 1454, -1
392, 188, -1
1280, 1359, -1
208, 730, -1
196, 1272, -1
1419, 269, -1
576, 1257, -1
697, 405, -1
630, 1116, -1
411, 216, -1
1011, 1148, -1
926, 793, -1
1144, 401, -1
661, 1018, -1
204, 579, -1
107, 702, -1
1378, 1335, -1
1005, 233, -1
633, 579, -1
1288, 1094, -1
398, 757, -1
76, 535, -1
982, 633, -1
1237, 940, -1
1324, 582, -1
965, 970, -1
1339, 560, -1
1204, 468, -1
1032, 248, -1
509, 862, -1
311, 173, -1
677, 1341, -1
83, 179, -1
1399, 348, -1
1122, 950, -1
862, 522, -1
1148, 378, -1
258, 516, -1
1312, 1216, -1
276, 410, -1
633, 1008, -1
488, 579, -1
647, 793, -1
502, 382, -1
399, 750, -1
673, 289, -1
1179, 1335, -1
547, 815, -1
1204, 1195, -1
420, 457, -1
438, 241, -1
606, 178, -1
75, 573, -1
377, 779, -1
1009, 637, -1
1377, 1465, -1
591, 1291, -1
220, 1373, -1
192, 103, -1
669, 294, -1
163, 307, -1
432, 1371, -1
21, 59, -1
1249, 458, -1
544, 974, -1
1127, 1320, -1
1046, 1295, -1
386, 1047, -1
1397, 388, -1
800, 376, -1
507, 934, -1
1214, 1414, -1
534, 1209, -1
171, 874, -1
774, 1226, -1
1409, 995, -1
1154, 675, -1
200, 909, -1
1366, 800, -1
496, 351, -1
943, 1184, -1
143, 1075, -1
1265, 476, -1
768, 562, -1
103, 1468, -1
532, 1017, -1
749, 1175, -1
1402, 124, -1
666, 1213, -1
325, 118, -1
165, 646, -1
25, 983, -1
683, 925, -1
1385, 1236, -1
1186, 461, -1
1292, 869, -1
261, 425, -1
283, 678, -1
267, 843, -1
667, 1273, -1
657, 1145, -1
140, 1003, -1
230, 163, -1
816, 883, -1
594, 289, -1
362, 869, -1
1169, 810, -1
170, 303, -1
26, 1307, -1
127, 1249, -1
142, 1354, -1
962, 218, -1
996, 381, -1
27, 115, -1
804, 1422, -1
141, 1184, -1
300, 1331, -1
1079, 1158, -1
1111, 201, -1
1045, 316, -1
1004, 1401, -1
455, 830, -1
695, 61, -1
592, 1331, -1
482, 654, -1
853, 1346, -1
1041, 1289, -1
343, 315, -1
1472, 137, -1
1093, 366, -1
1365, 241, -1
1334, 83, -1
163, 540, -1
971, 1252, -1
777, 1112, -1
1077, 398, -1
1184, 1345, -1
1201, 1001, -1
863, 516, -1
800, 643, -1
1045, 1126, -1
152, 767, -1
560, 1473, -1
910, 539, -1
749, 495, -1
470, 1224, -1
1163, 352, -1
28, 405, -1
1248, 966, -1
711, 116, -1
513, 572, -1
305, 14, -1
1050, 975, -1
571, 891, -1
515, 435, -1
912, 213, -1
1397, 160, -1
1320, 3, -1
1325, 1086, -1
1009, 1036, -1
1266, 1396, -1
728, 1420, -1
635, 149, -1
140, 1415, -1
259, 377, -1
679, 937, -1
1252, 453, -1
1013, 1476, -1
1290, 535, -1
240, 1205, -1
1013, 200, -1
207, 1205, -1
552, 689, -1
229, 920, -1
1046, 258, -1
906, 1039, -1
161, 923, -1
1306, 923, -1
33, 275, -1
1384, 1293, -1
622, 289, -1
1168, 483, -1
1228, 257, -1
17, 1171, -1
1434, 15, -1
757, 483, -1
1077, 804, -1
765, 292, -1
220, 577, -1
1055, 471, -1
593, 1312, -1
696, 1164, -1
776, 861, -1
264, 310, -1
539, 1269, -1
250, 571, -1
1209, 190, -1
1222, 1426, -1
1253, 1255, -1
4, 1348, -1
1338, 435, -1
163, 148, -1
1195, 1246, -1
1402, 215, -1
145, 194, -1
410, 647, -1
1377, 826, -1
696, 202, -1
1255, 983, -1
397, 934, -1
155, 964, -1
256, 305, -1
696, 458, -1
914, 1129, -1
1125, 278, -1
1017, 1239, -1
1386, 1164, -1
1229, 399, -1
830, 647, -1
515, 519, -1
707, 988, -1
180, 276, -1
587, 639, -1
1195, 534, -1
944, 959, -1
1209, 1204, -1
889, 879, -1
234, 1061, -1
155, 1396, -1
1113, 309, -1
129, 1386, -1
848, 707, -1
1324, 639, -1
326, 15, -1
697, 385, -1
180, 455, -1
696, 127, -1
1353, 461, -1
1417, 500, -1
1125, 14, -1
410, 455, -1
1017, 532, -1
501, 1348, -1
750, 399, -1
385, 914, -1
1209, 534, -1
889, 1164, -1
264, 1200, -1
276, 830, -1
1195, 190, -1
163, 230, -1
1372, 15, -1
830, 455, -1
944, 1405, -1
500, 101, -1
256, 1125, -1
1249, 127, -1
539, 910, -1
129, 889, -1
304, 988, -1
571, 215, -1
1402, 250, -1
1426, 610, -1
410, 276, -1
1209, 1246, -1
1195, 1204, -1
1426, 1222, -1

