17983, 14788, 36468, 3
21898, 64431, 59046, 3
62024, 56266, 5369, 3
10697, 32704, 9964, 3
44349, 7785, 14756, 3
64467, 56798, 23171, 3
41562, 36777, 45145, 3
54862, 17893, 67645, 3
12153, 33818, 1983, 3
68982, 31217, 45930, 3
42181, 58733, 22392, 3
7838, 10722, 31760, 3
67032, 43591, 24787, 3
17512, 17130, 13642, 3
55404, 30108, 406, 3
69210, 33553, 65062, 3
51678, 28764, 7337, 3
34807, 64931, 19168, 3
22010, 41185, 18819, 3
67031, 7653, 48610, 3
30363, 36954, 57353, 3
33172, 69687, 36487, 3
62859, 15668, 40648, 3
14990, 25106, 64005, 3
10856, 42732, 32589, 3
17233, 68050, 49320, 3
15205, 26670, 61419, 3
10390, 8984, 51095, 3
41287, 38520, 40095, 3
42426, 69945, 9637, 3
43370, 18378, 19743, 3
69667, 58192, 1047, 3
36600, 63990, 505, 3
61290, 42725, 48161, 3
53555, 39919, 66310, 3
39762, 27234, 4314, 3
54506, 771, 6044, 3
40743, 59323, 4940, 3
45533, 47075, 58822, 3
59725, 42951, 40508, 3
50755, 27558, 48661, 3
37547, 45346, 48821, 3
20865, 11635, 30714, 3
68333, 36474, 41336, 3
36373, 43364, 16098, 3
27652, 33483, 32144, 3
46415, 5769, 9302, 3
56267, 27037, 56176, 3
33923, 39789, 62001, 3
43247, 9987, 23762, 3
64196, 33482, 32092, 3
59142, 14194, 23959, 3
43763, 56231, 42805, 3
54426, 25378, 4673, 3
60839, 8045, 18039, 3
64915, 32718, 58538, 3
55734, 57256, 67403, 3
26799, 30183, 57534, 3
14150, 35621, 54099, 3
45604, 12160, 27894, 3
32339, 10282, 27383, 3
57431, 30033, 27152, 3
8704, 61250, 11592, 3
944, 7917, 66213, 3
18302, 29479, 69055, 3
27052, 31788, 56615, 3
22706, 16643, 66540, 3
48960, 7133, 25938, 3
15107, 41771, 4658, 3
12949, 9006, 40722, 3
17274, 26617, 4786, 3
1158, 328, 8366, 3
16565, 10655, 15508, 3
35318, 61460, 16394, 3
51090, 15069, 40640, 3
15054, 57003, 37689, 3
20643, 51051, 22848, 3
18402, 56089, 19977, 3
1003, 14085, 34401, 3
67556, 25854, 18233, 3
33781, 62757, 55427, 3
35755, 8874, 53361, 3
56921, 34978, 57607, 3
45928, 46812, 23344, 3
37309, 16552, 35915, 3
14420, 9353, 6575, 3
7005, 30780, 24887, 3
16997, 57290, 38727, 3
54851, 1591, 68221, 3
42965, 29520, 58714, 3
1116, 48116, 40906, 3
61080, 23896, 35977, 3
55676, 18667, 18126, 3
52865, 40206, 10148, 3
27018, 30428, 48052, 3
32689, 54795, 31438, 3
37000, 33399, 43227, 3
48923, 35038, 16031, 3
34660, 32408, 36420, 3
1013, 10624, 19504, 3
41957, 23072, 44539, 3
56795, 10035, 1805, 3
28651, 49782, 12175, 3
28491, 34701, 56767, 3
65551, 39755, 34035, 3
1566, 8692, 24486, 3
67873, 66744, 7474, 3
36939, 33295, 56278, 3
23564, 55535, 14910, 3
10330, 1185, 62261, 3
4012, 10954, 15860, 3
50146, 10308, 64025, 3
42177, 58763, 5480, 3
29939, 49268, 61026, 3
69977, 10427, 28769, 3
63149, 7246, 41597, 3
49527, 50451, 312, 3
48228, 4244, 48475, 3
48155, 48202, 58811, 3
25961, 43723, 24269, 3
64092, 61916, 49980, 3
56864, 22824, 35313, 3
36258, 66520, 51119, 3
56135, 41543, 25758, 3
4130, 60150, 54190, 3
61911, 15103, 69510, 3
22387, 63633, 57207, 3
42729, 28453, 36647, 3
14153, 57699, 28245, 3
10904, 69800, 13081, 3
47594, 45709, 13305, 3
5990, 17579, 68314, 3
8742, 35271, 10040, 3
55391, 10481, 44171, 3
65403, 54935, 26989, 3
67148, 8562, 10551, 3
614, 17812, 27233, 3
13323, 6251, 11061, 3
48301, 8732, 60179, 3
57448, 66764, 47356, 3
9412, 66441, 23565, 3
17393, 38278, 51476, 3
45312, 46222, 65187, 3
41220, 46995, 63250, 3
50983, 32634, 39594, 3
57377, 24623, 46256, 3
28787, 23295, 55256, 3
2643, 23345, 53798, 3
58435, 31586, 15840, 3
8911, 15450, 14968, 3
41762, 60890, 66713, 3
34114, 2055, 55082, 3
62996, 33367, 67804, 3
52610, 40370, 36206, 3
11685, 45592, 26849, 3
20197, 26903, 38760, 3
10047, 14633, 20680, 3
17512, 31543, 56158, 3
47656, 51390, 39237, 3
29301, 63417, 31060, 3
14395, 46618, 995, 3
33531, 26697, 42471, 3
65869, 34348, 31505, 3
22754, 5333, 15979, 3
62009, 28351, 54958, 3
41731, 19225, 35546, 3
47125, 65087, 38545, 3
10589, 18625, 67707, 3
41995, 63350, 42388, 3
44515, 50395, 48237, 3
52624, 10144, 7003, 3
56121, 59354, 36314, 3
5505, 33071, 552, 3
65957, 2763, 63757, 3
45327, 27875, 56751, 3
32078, 41735, 29080, 3
7584, 5025, 4825, 3
10832, 31699, 13296, 3
64948, 56680, 63450, 3
10453, 12929, 60360, 3
36002, 2396, 35563, 3
9512, 34684, 12299, 3
56404, 8289, 39678, 3
57275, 7283, 54775, 3
62823, 7709, 43564, 3
28816, 14441, 13130, 3
35550, 15716, 57640, 3
40571, 31176, 46852, 3
39603, 10344, 61084, 3
38911, 6567, 29117, 3
24956, 4273, 9675, 3
46957, 2580, 5711, 3
13177, 59938, 35541, 3
64902, 57517, 69203, 3
59213, 42575, 8686, 3
66644, 17632, 68178, 3
53205, 21709, 66944, 3
50229, 27768, 3301, 3
23407, 24964, 8468, 3
7160, 60490, 60573, 3
13782, 61834, 53683, 3
25905, 49767, 51893, 3
67894, 16680, 7664, 3
60697, 12607, 482, 3
13082, 42494, 32445, 3
68409, 796, 26191, 3
32603, 7338, 15388, 3
52784, 33609, 23437, 3
66561, 6871, 62827, 3
8454, 17058, 66496, 3
30393, 15110, 57533, 3
42640, 38767, 26296, 3
55157, 57449, 17064, 3
61328, 4004, 425, 3
48431, 40702, 2516, 3
7917, 56140, 1761, 3
1541, 50251, 37892, 3
40938, 41550, 59731, 3
63281, 45057, 57871, 3
35855, 57235, 42896, 3
28277, 24149, 29736, 3
8628, 52407, 21091, 3
11211, 56092, 36991, 3
38747, 36155, 26645, 3
9716, 43574, 60765, 3
33268, 42336, 66249, 3
46756, 22486, 24988, 3
55852, 7922, 27142, 3
58803, 63532, 58579, 3
23948, 1627, 10498, 3
57090, 24286, 64158, 3
8761, 27853, 54617, 3
2071, 52288, 14252, 3
21259, 66371, 27258, 3
14515, 68052, 17215, 3
54383, 15559, 59704, 3
68612, 61177, 20298, 3
791, 42858, 30315, 3
3766, 46485, 24913, 3
46885, 29172, 55183, 3
2782, 32228, 38122, 3
11216, 53337, 58034, 3
3377, 4319, 41250, 3
36845, 37949, 50237, 3
22142, 53869, 53816, 3
53709, 45196, 21148, 3
26505, 24729, 11558, 3
13380, 31022, 24765, 3
1133, 8309, 35975, 3
27966, 14123, 45664, 3
55113, 34465, 55548, 3
9773, 38079, 3956, 3
16049, 54379, 20948, 3
26681, 28342, 66037, 3
46627, 57472, 57896, 3
62655, 19469, 35954, 3
37441, 36173, 58551, 3
6838, 59346, 31221, 3
29833, 66103, 66211, 3
10625, 30240, 11151, 3
38798, 42989, 57925, 3
26429, 36531, 41456, 3
29964, 36087, 8987, 3
8398, 11104, 16280, 3
33028, 34372, 42689, 3
7945, 54060, 17859, 3
54552, 8579, 7403, 3
3557, 16241, 50559, 3
29830, 32529, 12155, 3
10179, 47958, 37167, 3
8910, 4185, 21921, 3
55412, 34951, 69308, 3
57580, 64517, 23725, 3
3545, 50269, 28994, 3
36674, 38706, 41350, 3
33956, 53705, 29699, 3
66033, 31179, 31260, 3
69214, 45747, 24139, 3
66665, 20385, 47786, 3
36136, 68019, 24123, 3
47883, 7548, 47018, 3
20753, 64391, 27540, 3
11367, 4196, 751, 3
66666, 7304, 18496, 3
66020, 28170, 58726, 3
50396, 61777, 46508, 3
64004, 65790, 24398, 3
61758, 22462, 28836, 3
65044, 21966, 16877, 3
50704, 67056, 37607, 3
33724, 58182, 58181, 3
38769, 58968, 64845, 3
22041, 34606, 4905, 3
67059, 50837, 64282, 3
59286, 19601, 48020, 3
42727, 52915, 62766, 3
31999, 26920, 29730, 3
39211, 6980, 25915, 3
42087, 22047, 68638, 3
24512, 22345, 35445, 3
39674, 1149, 30489, 3
37235, 2984, 16866, 3
42169, 54231, 1221, 3
66092, 57768, 44704, 3
68533, 41958, 2223, 3
6265, 39792, 69719, 3
50727, 58354, 38091, 3
51084, 23849, 21485, 3
8590, 25974, 43759, 3
13567, 47450, 44655, 3
62949, 48055, 26277, 3
56203, 55767, 5903, 3
67031, 34729, 44540, 3
11677, 57170, 42391, 3
18130, 54532, 6451, 3
46437, 55014, 57820, 3
5800, 41280, 14630, 3
34193, 27979, 9934, 3
4374, 32364, 31913, 3
54281, 52527, 62745, 3
16465, 20611, 62380, 3
17084, 44146, 35097, 3
30164, 54694, 49317, 3
44115, 40271, 24384, 3
28155, 64191, 31007, 3
31437, 43975, 33937, 3
6781, 58756, 32657, 3
13956, 41061, 16226, 3
52177, 23275, 15616, 3
60440, 45276, 24917, 3
39744, 30569, 60501, 3
27933, 7872, 40636, 3
45055, 22169, 45237, 3
60364, 27797, 42128, 3
13368, 10285, 62824, 3
62938, 14333, 59076, 3
9143, 9570, 11570, 3
64342, 49318, 53515, 3
43517, 56855, 46940, 3
51475, 39925, 55910, 3
57263, 22314, 18991, 3
4515, 46774, 37137, 3
34475, 65163, 28499, 3
8899, 61790, 38902, 3
7614, 14339, 60122, 3
9700, 66298, 13610, 3
58322, 49242, 5180, 3
44908, 45594, 5350, 3
33015, 66407, 24446, 3
48784, 42150, 23168, 3
49460, 12904, 2931, 3
21429, 5004, 5833, 3
46692, 50883, 2445, 3
4134, 4889, 56376, 3
21632, 67906, 50531, 3
38159, 60395, 8614, 3
27834, 58903, 53363, 3
34561, 46164, 38423, 3
58434, 67431, 47422, 3
68561, 45649, 17319, 3
32799, 28879, 37427, 3
39845, 64492, 21952, 3
52099, 3574, 31427, 3
14229, 35706, 55594, 3
8282, 67913, 22805, 3
35368, 58076, 35762, 3
10357, 27400, 12549, 3
20180, 43138, 69452, 3
47818, 41013, 61184, 3
26982, 60328, 33350, 3
44197, 12713, 34149, 3
17012, 40119, 29172, 3
40266, 55172, 53724, 3
63004, 12560, 5648, 3
39970, 56189, 19650, 3
18827, 38965, 3489, 3
26960, 69817, 14871, 3
51104, 35316, 39150, 3
536, 44024, 69488, 3
6567, 57254, 34062, 3
15805, 65276, 59440, 3
63021, 54893, 24251, 3
15471, 23862, 46249, 3
14894, 28187, 7174, 3
5592, 52614, 5360, 3
53732, 13105, 20219, 3
17361, 64701, 51049, 3
44274, 37901, 56724, 3
11751, 7532, 6372, 3
29684, 23415, 44505, 3
30570, 44655, 47918, 3
37062, 59090, 29835, 3
23761, 38503, 10665, 3
59505, 15885, 50469, 3
47866, 3353, 27044, 3
55791, 42614, 40231, 3
64404, 54941, 18426, 3
41725, 44992, 13589, 3
47214, 60960, 13242, 3
16172, 36108, 39485, 3
42508, 11332, 64684, 3
64875, 7583, 58395, 3
40467, 53824, 34701, 3
6874, 27878, 49235, 3
26110, 3101, 15941, 3
44696, 22352, 15172, 3
28362, 38432, 5392, 3
922, 56008, 27967, 3
27538, 27694, 7322, 3
65655, 9903, 38251, 3
53885, 22729, 39458, 3
23755, 9020, 31156, 3
57787, 40450, 1828, 3
22706, 56606, 8070, 3
57471, 56771, 42973, 3
57458, 17578, 26654, 3
40774, 5678, 10281, 3
62527, 33291, 8663, 3
36296, 41512, 46151, 3
5816, 12208, 15439, 3
6419, 63825, 56215, 3
36668, 68437, 51825, 3
40367, 15968, 2762, 3
12164, 27576, 34106, 3
23013, 12463, 39163, 3
69384, 54967, 7409, 3
10713, 38452, 54426, 3
50356, 39041, 29994, 3
50101, 8249, 46727, 3
38991, 57553, 7268, 3
16275, 38251, 37705, 3
30847, 65328, 1625, 3
18931, 36921, 8660, 3
14785, 69158, 59858, 3
58649, 29865, 47517, 3
10029, 35409, 54828, 3
63192, 27058, 55459, 3
37021, 40611, 50908, 3
48321, 59536, 12249, 3
16691, 51090, 33906, 3
18586, 27389, 51205, 3
58237, 31008, 32032, 3
53956, 23172, 46036, 3
54114, 15216, 63970, 3
46735, 32683, 38001, 3
25158, 24621, 44552, 3
29495, 13209, 10758, 3
20981, 17989, 38179, 3
39664, 20548, 60130, 3
62164, 9458, 48200, 3
34839, 64665, 24155, 3
24640, 17467, 59714, 3
65461, 49702, 15448, 3
11283, 8964, 25600, 3
38980, 36227, 61041, 3
67650, 63515, 38881, 3
64702, 1692, 59229, 3
52729, 14750, 6825, 3
6309, 43673, 20461, 3
4931, 51844, 41655, 3
43420, 38665, 52738, 3
12027, 6434, 42856, 3
21250, 46522, 59111, 3
53397, 43386, 44419, 3
44254, 22313, 57627, 3
56265, 45190, 42327, 3
47153, 24223, 57064, 3
18079, 64627, 44052, 3
6593, 36913, 55353, 3
35551, 43340, 17714, 3
41857, 5317, 36827, 3
55438, 49604, 10158, 3
22004, 15824, 2632, 3
56820, 34825, 17579, 3
29416, 25484, 22144, 3
39683, 11825, 2444, 3
33689, 50130, 32360, 3
48549, 24520, 34866, 3
18, 49069, 8017, 3
17772, 69573, 61049, 3
164, 6359, 1135, 3
59229, 38532, 59836, 3
41281, 26093, 40756, 3
64818, 67652, 50501, 3
10328, 11644, 44275, 3
10436, 60093, 55232, 3
8750, 45916, 26919, 3
18097, 63258, 34281, 3
63899, 22387, 68878, 3
63093, 10302, 15217, 3
29392, 36792, 29158, 3
69951, 65753, 11953, 3
68373, 32184, 49843, 3
55192, 61903, 3754, 3
66514, 22525, 48026, 3
23314, 13516, 28140, 3
9917, 44990, 37962, 3
16989, 24618, 45870, 3
44259, 48893, 53990, 3
41578, 48848, 53100, 3
14, 345, 1
900, 1465, 1
1151, 433, 1
957, 283, 1
612, 1028, 1
635, 625, 1
259, 544, 1
1171, 531, 1
211, 200, 1
856, 1357, 1
1017, 270, 1
1233, 1021, 1
92, 1215, 1
684, 801, 1
139, 58, 1
274, 1139, 1
18, 1456, 1
813, 674, 1
1070, 155, 1
599, 353, 1
508, 538, 1
320, 121, 1
508, 783, 1
869, 997, 1
148, 1022, 1
393, 1267, 1
1037, 61, 1
716, 673, 1
179, 149, 1
1313, 837, 1
1478, 1140, 1
548, 1213, 1
290, 408, 1
783, 609, 1
169, 1152, 1
726, 1009, 1
1387, 156, 1
1458, 508, 1
1261, 804, 1
1070, 1092, 1
91, 1019, 1
1193, 1063, 1
988, 804, 1
487, 1235, 1
168, 371, 1
1029, 435, 1
193, 349, 1
398, 475, 1
1324, 407, 1
1417, 436, 1
656, 596, 1
1010, 619, 1
1338, 101, 1
1458, 783, 1
609, 508, 1
1458, 538, 1
155, 1092, 1
538, 783, 1
988, 1261, 1
804, 1261, 1
1092, 1070, 1
538, 508, 1
155, 1070, 1
609, 1458, 1
609, 783, 1
609, 538, 1
1458, 609, 1
363, 144, -1
540, 888, -1
869, 103, -1
1193, 903, -1
164, 747, -1
524, 173, -1
870, 1325, -1
1090, 657, -1
798, 1339, -1
867, 1064, -1
222, 787, -1
1038, 372, -1
62, 1436, -1
56, 1280, -1
477, 541, -1
364, 798, -1
103, 693, -1
1440, 1189, -1
1114, 900, -1
1030, 334, -1
626, 446, -1
409, 997, -1
375, 1300, -1
296, 1401, -1
644, 1424, -1
605, 1267, -1
247, 1162, -1
1247, 4, -1
1254, 379, -1
914, 1346, -1
469, 1172, -1
199, 0, -1
348, 5, -1
1116, 642, -1
1126, 494, -1
852, 1221, -1
472, 1337, -1
1347, 1482, -1
27, 1307, -1
564, 1393, -1
399, 525, -1
139, 84, -1
137, 224, -1
627, 119, -1
1264, 293, -1
282, 908, -1
458, 135, -1
1013, 379, -1
927, 299, -1
450, 180, -1
1235, 512, -1
1357, 1008, -1
1221, 670, -1
388, 1281, -1
1168, 890, -1
587, 955, -1
1414, 1066, -1
1174, 219, -1
157, 746, -1
133, 1047, -1
1374, 822, -1
1090, 1151, -1
709, 466, -1
1285, 1347, -1
465, 774, -1
1170, 1340, -1
810, 1025, -1
897, 915, -1
1242, 521, -1
1396, 1152, -1
1046, 1420, -1
1012, 1389, -1
272, 672, -1
684, 497, -1
240, 983, -1
177, 1126, -1
535, 848, -1
863, 1059, -1
1397, 935, -1
685, 93, -1
730, 1037, -1
1027, 338, -1
440, 328, -1
634, 1235, -1
1112, 302, -1
1104, 639, -1
358, 897, -1
592, 1054, -1
335, 1036, -1
628, 577, -1
1010, 871, -1
926, 843, -1
770, 490, -1
882, 167, -1
1155, 594, -1
813, 420, -1
595, 865, -1
461, 223, -1
373, 291, -1
1089, 155, -1
737, 411, -1
764, 682, -1
1151, 1408, -1
320, 334, -1
390, 1271, -1
1183, 601, -1
1200, 565, -1
273, 263, -1
1445, 1313, -1
749, 694, -1
1075, 1438, -1
1421, 1368, -1
501, 824, -1
1427, 384, -1
242, 385, -1
25, 564, -1
1128, 969, -1
1218, 1266, -1
1467, 280, -1
619, 843, -1
614, 578, -1
402, 1351, -1
1359, 989, -1
1351, 1392, -1
161, 721, -1
308, 726, -1
1289, 558, -1
193, 1248, -1
1081, 898, -1
1018, 1325, -1
743, 338, -1
999, 1223, -1
1201, 63, -1
701, 283, -1
704, 181, -1
201, 91, -1
1479, 1208, -1
858, 951, -1
1204, 202, -1
1234, 1272, -1
1197, 790, -1
32, 734, -1
28, 415, -1
270, 376, -1
282, 1445, -1
969, 924, -1
563, 1056, -1
854, 7, -1
1438, 1371, -1
1, 5, -1
571, 321, -1
1369, 1433, -1
1387, 1309, -1
1000, 1370, -1
39, 445, -1
167, 231, -1
158, 664, -1
325, 997, -1
1355, 880, -1
726, 872, -1
453, 273, -1
849, 581, -1
1000, 286, -1
1431, 475, -1
155, 278, -1
1102, 1116, -1
1380, 1292, -1
1455, 475, -1
1284, 1367, -1
828, 1023, -1
590, 526, -1
727, 305, -1
1274, 1145, -1
734, 1481, -1
155, 31, -1
796, 1196, -1
352, 520, -1
26, 350, -1
1292, 245, -1
382, 749, -1
668, 55, -1
1372, 1053, -1
1243, 1041, -1
307, 1017, -1
278, 415, -1
1082, 167, -1
769, 76, -1
156, 280, -1
1065, 385, -1
552, 148, -1
890, 697, -1
348, 1115, -1
68, 996, -1
68, 43, -1
360, 302, -1
726, 1369, -1
1133, 1478, -1
892, 584, -1
742, 1202, -1
635, 379, -1
1335, 88, -1
1385, 1097, -1
11, 756, -1
909, 1402, -1
151, 982, -1
1193, 321, -1
1390, 703, -1
411, 499, -1
933, 57, -1
400, 574, -1
291, 1371, -1
1309, 585, -1
798, 809, -1
973, 556, -1
817, 918, -1
433, 766, -1
451, 150, -1
1446, 1185, -1
913, 1471, -1
296, 370, -1
568, 1271, -1
63, 352, -1
534, 1064, -1
1288, 510, -1
1147, 862, -1
805, 104, -1
26, 1372, -1
258, 469, -1
580, 52, -1
964, 843, -1
787, 167, -1
1074, 128, -1
1185, 726, -1
1353, 374, -1
350, 665, -1
175, 303, -1
1216, 1046, -1
1290, 960, -1
1327, 873, -1
421, 251, -1
799, 86, -1
1378, 46, -1
193, 741, -1
255, 1210, -1
562, 598, -1
410, 1268, -1
1369, 1433, -1
111, 630, -1
66, 1346, -1
511, 440, -1
25, 1293, -1
111, 949, -1
1217, 1366, -1
399, 1173, -1
1239, 293, -1
674, 447, -1
283, 1460, -1
1441, 719, -1
1139, 1218, -1
1316, 738, -1
139, 460, -1
720, 1066, -1
1259, 896, -1
14, 421, -1
253, 1016, -1
717, 999, -1
1255, 1149, -1
402, 857, -1
1461, 1393, -1
7, 1051, -1
828, 18, -1
1259, 1426, -1
825, 930, -1
1285, 1463, -1
1483, 897, -1
722, 644, -1
1259, 751, -1
505, 312, -1
1081, 1251, -1
665, 1321, -1
45, 197, -1
652, 746, -1
1456, 861, -1
1260, 1441, -1
482, 1069, -1
185, 731, -1
657, 708, -1
423, 987, -1
1401, 1034, -1
109, 1223, -1
437, 451, -1
397, 1406, -1
1202, 683, -1
593, 445, -1
1327, 621, -1
597, 505, -1
1456, 711, -1
760, 743, -1
252, 320, -1
204, 442, -1
844, 1190, -1
997, 864, -1
440, 609, -1
107, 1069, -1
142, 1029, -1
1284, 1128, -1
497, 270, -1
1218, 922, -1
180, 53, -1
1165, 297, -1
1440, 874, -1
1396, 889, -1
1241, 53, -1
1100, 393, -1
1250, 1315, -1
1231, 327, -1
1424, 427, -1
64, 11, -1
3, 744, -1
1027, 1468, -1
386, 529, -1
1272, 24, -1
1231, 658, -1
59, 293, -1
585, 231, -1
1289, 907, -1
785, 678, -1
190, 270, -1
811, 1171, -1
172, 1130, -1
737, 1002, -1
1094, 31, -1
275, 836, -1
875, 836, -1
930, 412, -1
1401, 101, -1
1275, 488, -1
934, 512, -1
892, 65, -1
335, 1351, -1
1243, 1380, -1
401, 37, -1
351, 639, -1
425, 70, -1
1306, 551, -1
39, 789, -1
588, 747, -1
1376, 958, -1
970, 443, -1
902, 978, -1
1341, 418, -1
5, 114, -1
1278, 282, -1
472, 985, -1
670, 485, -1
56, 1335, -1
199, 791, -1
911, 252, -1
511, 1250, -1
897, 206, -1
86, 1483, -1
279, 600, -1
1479, 375, -1
70, 564, -1
945, 157, -1
1008, 117, -1
891, 330, -1
144, 531, -1
76, 204, -1
1101, 448, -1
829, 982, -1
680, 200, -1
1191, 453, -1
1441, 757, -1
1402, 1286, -1
774, 1130, -1
299, 617, -1
669, 144, -1
1410, 49, -1
1299, 1448, -1
57, 1467, -1
800, 832, -1
30, 126, -1
1323, 537, -1
875, 818, -1
213, 1263, -1
549, 468, -1
45, 1479, -1
1147, 594, -1
655, 951, -1
736, 1056, -1
1186, 635, -1
928, 280, -1
1456, 1145, -1
1228, 930, -1
241, 1395, -1
1215, 252, -1
527, 64, -1
920, 89, -1
1168, 1190, -1
1161, 76, -1
302, 352, -1
376, 137, -1
581, 569, -1
636, 1420, -1
1467, 852, -1
248, 1457, -1
1093, 1394, -1
253, 728, -1
982, 741, -1
463, 1035, -1
528, 1352, -1
931, 371, -1
243, 1414, -1
1181, 464, -1
583, 928, -1
290, 957, -1
461, 1265, -1
511, 417, -1
147, 453, -1
507, 160, -1
6, 576, -1
891, 402, -1
1261, 1184, -1
836, 1021, -1
792, 833, -1
622, 260, -1
966, 911, -1
682, 1089, -1
731, 1243, -1
1324, 506, -1
778, 90, -1
193, 927, -1
624, 771, -1
1230, 1116, -1
820, 1195, -1
908, 13, -1
894, 1056, -1
188, 248, -1
936, 60, -1
1435, 1281, -1
1388, 1, -1
782, 255, -1
126, 1256, -1
1204, 1067, -1
991, 445, -1
1256, 1054, -1
997, 103, -1
1369, 1009, -1
345, 421, -1
625, 1186, -1
274, 1218, -1
730, 61, -1
290, 283, -1
634, 487, -1
409, 869, -1
440, 783, -1
1008, 856, -1
121, 252, -1
349, 741, -1
349, 927, -1
1184, 804, -1
1017, 190, -1
1089, 1070, -1
169, 1396, -1
766, 1151, -1
1248, 349, -1
121, 334, -1
1009, 308, -1
18, 861, -1
1070, 31, -1
864, 869, -1
506, 407, -1
321, 1063, -1
1140, 1133, -1
1070, 278, -1
497, 801, -1
1145, 18, -1
869, 325, -1
512, 487, -1
144, 1171, -1
1267, 1100, -1
201, 1019, -1
1233, 836, -1
1010, 843, -1
18, 711, -1
1401, 1338, -1
435, 142, -1
1185, 1009, -1
58, 460, -1
701, 957, -1
1460, 957, -1
680, 211, -1
497, 1017, -1
376, 1017, -1
408, 957, -1
379, 625, -1
531, 811, -1
931, 168, -1
837, 1445, -1
433, 1090, -1
813, 447, -1
307, 270, -1
393, 605, -1
58, 84, -1
156, 1309, -1
1456, 828, -1
872, 1009, -1
1063, 903, -1
674, 420, -1
398, 1431, -1
619, 871, -1
552, 1022, -1
398, 1455, -1
1408, 433, -1
1465, 1114, -1
280, 1387, -1
252, 92, -1
1008, 1357, -1
1089, 1092, -1
475, 1455, -1
371, 931, -1
18, 828, -1
997, 325, -1
512, 1235, -1
440, 508, -1
903, 1193, -1
283, 701, -1
420, 813, -1
1092, 31, -1
280, 156, -1
1313, 1445, -1
864, 997, -1
1017, 307, -1
1092, 278, -1
440, 538, -1
1248, 193, -1
1184, 1261, -1
376, 270, -1
1029, 142, -1
408, 283, -1
1408, 1151, -1
872, 726, -1
393, 1100, -1
1267, 605, -1
1152, 1396, -1
320, 252, -1
741, 193, -1
1369, 726, -1
321, 1193, -1
497, 684, -1
506, 1324, -1
252, 1215, -1
440, 1458, -1
475, 1431, -1
421, 14, -1
1184, 988, -1
1218, 1139, -1
325, 869, -1
168, 931, -1

