16273, 26395, 5781, 3
28069, 6365, 56789, 3
12548, 22136, 18414, 3
4531, 2575, 46434, 3
19391, 3526, 68635, 3
33713, 44018, 50924, 3
49119, 55058, 66611, 3
43411, 51310, 58998, 3
15504, 33994, 58128, 3
33779, 5154, 45778, 3
9809, 8959, 51592, 3
54345, 4748, 61213, 3
59352, 60057, 4390, 3
48321, 21359, 40179, 3
4308, 24525, 33702, 3
16457, 7822, 28038, 3
63577, 67564, 46969, 3
21881, 11030, 20004, 3
2078, 27144, 18723, 3
42312, 54627, 55851, 3
51865, 34696, 66234, 3
18293, 13470, 49537, 3
39720, 68060, 66760, 3
34996, 67908, 22561, 3
68327, 6811, 9827, 3
29874, 6259, 7179, 3
67262, 47584, 24587, 3
17567, 272, 63587, 3
60026, 26917, 64323, 3
12626, 4793, 57277, 3
55767, 18299, 42656, 3
56761, 4916, 56169, 3
38923, 66960, 31697, 3
42257, 52651, 55811, 3
47623, 63709, 48242, 3
52590, 4628, 29871, 3
42461, 21219, 21697, 3
34807, 14800, 66165, 3
298, 42469, 4553, 3
3464, 64387, 61367, 3
1145, 26825, 22250, 3
26005, 40973, 9915, 3
68618, 30732, 61851, 3
14078, 44319, 9335, 3
57506, 53600, 3417, 3
22811, 11443, 61582, 3
8687, 61581, 37565, 3
67754, 27210, 59174, 3
33881, 63793, 57005, 3
21207, 44797, 11276, 3
59255, 5495, 59360, 3
25515, 10516, 26618, 3
52584, 66163, 38182, 3
25809, 23052, 25372, 3
28922, 40851, 56073, 3
62273, 27828, 26911, 3
5815, 48576, 54712, 3
69897, 13268, 1143, 3
6471, 44163, 65691, 3
60645, 20106, 46014, 3
1297, 17316, 10686, 3
67027, 20994, 26326, 3
47793, 26968, 37031, 3
20162, 3160, 57236, 3
35613, 53844, 64698, 3
60807, 8025, 30221, 3
33540, 17729, 23516, 3
40301, 45646, 19624, 3
23458, 8938, 60976, 3
15174, 29493, 39502, 3
9450, 27742, 13133, 3
56775, 35926, 35696, 3
29998, 68234, 4132, 3
13811, 2180, 9821, 3
33358, 46080, 41866, 3
5168, 42036, 35850, 3
25595, 14068, 27105, 3
61604, 43816, 42913, 3
63450, 52598, 52241, 3
61560, 27175, 7786, 3
38735, 18349, 18921, 3
48975, 47143, 39177, 3
55944, 63241, 37117, 3
48109, 22978, 47871, 3
48730, 16569, 33530, 3
65663, 28980, 27025, 3
36965, 6947, 6497, 3
9590, 23543, 60027, 3
2894, 63137, 69662, 3
44228, 61807, 40203, 3
62624, 48653, 42801, 3
41022, 63023, 65061, 3
34137, 2055, 64115, 3
52257, 66021, 36169, 3
66628, 16718, 32936, 3
41616, 42331, 15593, 3
20300, 6573, 12671, 3
19121, 33359, 2056, 3
56734, 47993, 63280, 3
67288, 43753, 37623, 3
56882, 21119, 20629, 3
38155, 28972, 20460, 3
4839, 7183, 40726, 3
19821, 12941, 55258, 3
13000, 10207, 38089, 3
14768, 28355, 24064, 3
69516, 30021, 58029, 3
63488, 9575, 29698, 3
60162, 57159, 41346, 3
9336, 17496, 14188, 3
11155, 8860, 28880, 3
63527, 69639, 9248, 3
67102, 33966, 57594, 3
61762, 55006, 27425, 3
28106, 3507, 41053, 3
52812, 33918, 69459, 3
67760, 41481, 35574, 3
12824, 34794, 50734, 3
62813, 27995, 51061, 3
44496, 55733, 41147, 3
30603, 14466, 52564, 3
9973, 1822, 9953, 3
28766, 22175, 832, 3
55926, 48063, 29695, 3
36818, 28519, 13625, 3
40437, 55639, 6884, 3
46714, 3061, 13740, 3
4711, 62389, 33887, 3
55665, 49004, 52688, 3
41210, 34796, 41522, 3
38994, 67836, 1724, 3
45824, 11742, 21804, 3
35202, 13493, 49339, 3
11795, 3166, 52692, 3
31919, 69635, 53447, 3
20964, 33107, 10939, 3
42633, 46262, 13677, 3
27143, 25486, 63646, 3
21141, 2014, 15258, 3
16883, 43827, 69745, 3
35135, 11194, 16623, 3
9769, 29183, 13930, 3
49656, 12699, 32478, 3
31834, 29303, 6711, 3
15948, 16033, 60964, 3
17061, 4397, 121, 3
57970, 62972, 26464, 3
63772, 6409, 32214, 3
19313, 38099, 22978, 3
48438, 53753, 54787, 3
11042, 32084, 42233, 3
18830, 39579, 996, 3
61565, 68107, 42479, 3
45245, 8410, 50466, 3
59735, 69365, 9544, 3
16273, 49350, 19730, 3
51686, 43287, 36913, 3
32102, 35977, 57934, 3
34224, 66543, 41912, 3
52097, 41692, 6479, 3
60080, 41029, 41447, 3
17405, 69490, 43542, 3
53124, 49752, 64035, 3
10168, 4245, 60693, 3
64634, 52455, 33926, 3
45088, 68351, 27251, 3
25540, 67450, 12333, 3
48701, 68214, 49056, 3
35300, 9691, 26890, 3
39111, 7173, 19815, 3
21531, 14953, 7509, 3
42935, 65295, 46569, 3
42054, 5723, 33343, 3
26630, 6769, 16444, 3
25202, 55312, 68424, 3
29352, 26095, 54884, 3
44265, 14893, 43821, 3
19558, 68369, 5656, 3
5360, 52009, 13088, 3
36193, 3597, 1701, 3
46886, 23851, 1374, 3
63120, 63639, 23465, 3
2902, 14442, 21570, 3
15673, 48919, 69425, 3
51200, 65233, 61104, 3
59619, 13859, 46654, 3
60607, 39110, 65645, 3
21976, 45472, 64604, 3
48086, 55360, 62921, 3
57790, 56304, 43238, 3
69648, 47099, 51157, 3
50490, 54414, 31846, 3
35873, 4823, 24464, 3
8637, 10156, 63256, 3
22120, 27300, 24775, 3
42369, 2539, 46746, 3
50039, 30705, 42539, 3
50708, 12808, 60663, 3
23130, 2931, 45358, 3
27418, 54349, 5469, 3
19645, 37582, 61081, 3
63941, 29563, 9047, 3
48184, 30459, 22219, 3
52351, 50122, 52757, 3
4347, 49671, 47745, 3
36061, 21823, 24386, 3
60495, 55611, 39021, 3
16785, 8077, 49036, 3
65499, 69845, 34511, 3
1287, 13337, 23629, 3
55131, 29881, 32971, 3
12714, 37109, 42283, 3
14178, 13143, 57630, 3
51830, 3078, 31583, 3
35970, 50723, 19546, 3
51903, 52338, 51733, 3
36340, 22361, 45308, 3
1829, 14463, 39631, 3
21421, 26895, 5560, 3
43199, 69258, 43617, 3
69108, 1421, 55434, 3
2628, 52501, 31555, 3
33042, 63826, 33867, 3
38873, 58496, 345, 3
44924, 51518, 39373, 3
54663, 1887, 34706, 3
63969, 62268, 52115, 3
29898, 4374, 33427, 3
56022, 13596, 15609, 3
37372, 56514, 67424, 3
33945, 22733, 58158, 3
10000, 61803, 19620, 3
36691, 18390, 21245, 3
24718, 13165, 33266, 3
64401, 28601, 2299, 3
52782, 45405, 63778, 3
17603, 61421, 61507, 3
42581, 8609, 11401, 3
23925, 30935, 14271, 3
6329, 20704, 36423, 3
9895, 19451, 26729, 3
35898, 10740, 52440, 3
50903, 14208, 36405, 3
22730, 65439, 65457, 3
28705, 16079, 44948, 3
5956, 50476, 434, 3
45614, 47744, 47701, 3
22343, 23428, 54128, 3
1086, 68055, 10074, 3
3255, 35593, 43290, 3
38819, 69055, 62241, 3
2554, 8874, 65176, 3
44331, 52161, 16174, 3
46931, 5267, 13548, 3
3839, 39709, 9179, 3
1353, 42411, 44401, 3
6986, 58410, 43639, 3
17490, 65561, 64942, 3
17586, 23836, 3986, 3
43644, 43202, 43880, 3
24127, 50256, 31884, 3
56186, 51068, 41007, 3
34080, 10559, 48026, 3
59733, 16362, 19959, 3
25574, 60349, 33175, 3
37373, 68540, 22471, 3
68000, 60781, 43938, 3
5927, 28018, 11299, 3
61254, 42786, 41728, 3
12252, 13258, 55958, 3
32787, 55875, 60453, 3
58169, 33480, 544, 3
57113, 59918, 46149, 3
59195, 2336, 48876, 3
35657, 28822, 11111, 3
42806, 14696, 7386, 3
9678, 22842, 17239, 3
34951, 49120, 68864, 3
54874, 63986, 62500, 3
24384, 10682, 12084, 3
36853, 20268, 25594, 3
28230, 53051, 28359, 3
47876, 52023, 11780, 3
35312, 67447, 24354, 3
44304, 14468, 14827, 3
49471, 1082, 61230, 3
57808, 58499, 28416, 3
29133, 54333, 54834, 3
13638, 35596, 34041, 3
36189, 16042, 61825, 3
26752, 41095, 32087, 3
52963, 15797, 47691, 3
35435, 44899, 11692, 3
64364, 12986, 27829, 3
17585, 58371, 45729, 3
65440, 29631, 3210, 3
8763, 14063, 1792, 3
1513, 20447, 53782, 3
44394, 66295, 65077, 3
57297, 21374, 37555, 3
68410, 23091, 31608, 3
43105, 67387, 44907, 3
36566, 7366, 43244, 3
5293, 14019, 31377, 3
26641, 60186, 5469, 3
25080, 34873, 34546, 3
25352, 22136, 8196, 3
35960, 33441, 47107, 3
52367, 3020, 57927, 3
62549, 19786, 61529, 3
27247, 21274, 28407, 3
66066, 69327, 18516, 3
60677, 69579, 54536, 3
2932, 45275, 24572, 3
31418, 42082, 48528, 3
34416, 5672, 15997, 3
36968, 44511, 38493, 3
20554, 54584, 67985, 3
41961, 14048, 8952, 3
56733, 8852, 37011, 3
41477, 69004, 56220, 3
43538, 2653, 5758, 3
39315, 33672, 67021, 3
59884, 18437, 58939, 3
53063, 11307, 24696, 3
52098, 63078, 14295, 3
68975, 66810, 49777, 3
18844, 36008, 16870, 3
15340, 41562, 8545, 3
45937, 28162, 34993, 3
59150, 1983, 28843, 3
8903, 63597, 66519, 3
14663, 67066, 67678, 3
21231, 17821, 11643, 3
56417, 49505, 3383, 3
14164, 53851, 33609, 3
5146, 43461, 56071, 3
66823, 47698, 22961, 3
14880, 59560, 38001, 3
57137, 2735, 34319, 3
16213, 45586, 53406, 3
20575, 26963, 51370, 3
44793, 13403, 34904, 3
43570, 59585, 62592, 3
37775, 44846, 13650, 3
35837, 16042, 42516, 3
38009, 59811, 65872, 3
63678, 2468, 16046, 3
29767, 52002, 16141, 3
18148, 26949, 13302, 3
41935, 48317, 18105, 3
37888, 10093, 19422, 3
48681, 37760, 40346, 3
53112, 47252, 42530, 3
18443, 28366, 6304, 3
45261, 66856, 35260, 3
24185, 5690, 24094, 3
8853, 65223, 52434, 3
35569, 3765, 22565, 3
68809, 63480, 59847, 3
32041, 26399, 2832, 3
69556, 52896, 19332, 3
31487, 49855, 45319, 3
13102, 33201, 1439, 3
41387, 13496, 8140, 3
38268, 54095, 37939, 3
26799, 46954, 12283, 3
19113, 61380, 3269, 3
49197, 17016, 14023, 3
16479, 25029, 51465, 3
43932, 43235, 42566, 3
62213, 47677, 3695, 3
61627, 9862, 30347, 3
39355, 17450, 52580, 3
38215, 69734, 42092, 3
47216, 31592, 39287, 3
37911, 52757, 69511, 3
60529, 59284, 67132, 3
19395, 53198, 42984, 3
48237, 30425, 53179, 3
4489, 38650, 1014, 3
58787, 11389, 60313, 3
53292, 399, 19341, 3
59460, 7441, 37053, 3
18204, 59089, 63495, 3
13531, 40460, 14801, 3
32340, 45337, 30871, 3
11961, 56668, 66139, 3
62864, 56969, 31625, 3
42315, 51408, 25242, 3
4868, 22378, 46859, 3
65259, 54973, 51484, 3
66377, 51180, 40134, 3
5695, 6098, 58331, 3
32991, 52768, 42565, 3
32644, 63788, 69930, 3
7777, 11730, 69344, 3
24267, 4682, 56079, 3
66598, 29222, 30009, 3
66202, 59642, 13577, 3
25861, 51601, 30778, 3
52683, 45048, 66593, 3
47643, 28297, 17383, 3
52295, 56828, 15826, 3
59260, 39048, 39102, 3
21884, 18197, 2108, 3
7539, 35142, 2056, 3
524, 59533, 4163, 3
64378, 56548, 46201, 3
41685, 15261, 64531, 3
68239, 9065, 30447, 3
14744, 3705, 19119, 3
53920, 6683, 11494, 3
40821, 60873, 10521, 3
23490, 37691, 9672, 3
60596, 3430, 19958, 3
24757, 68357, 38188, 3
5257, 17322, 57610, 3
65182, 12793, 19727, 3
31811, 66121, 36222, 3
33311, 56829, 66765, 3
31720, 29039, 69583, 3
52160, 49105, 60582, 3
56170, 3976, 69752, 3
22092, 59374, 1404, 3
57101, 26032, 48333, 3
47457, 15398, 61329, 3
66223, 42605, 52813, 3
34739, 30768, 8381, 3
4996, 57774, 36582, 3
61954, 69231, 42412, 3
41274, 26688, 4364, 3
25260, 55684, 22890, 3
64820, 23551, 47260, 3
64993, 25398, 56539, 3
42501, 25125, 29404, 3
56374, 28246, 13925, 3
69643, 25918, 32252, 3
33349, 56473, 48339, 3
17699, 5632, 39262, 3
66109, 67306, 52785, 3
39965, 5915, 51044, 3
40372, 6186, 27614, 3
6907, 64067, 37506, 3
44911, 67852, 66840, 3
54281, 63514, 3913, 3
31369, 43140, 59167, 3
27410, 45240, 15293, 3
24153, 522, 49960, 3
23063, 27671, 32792, 3
8308, 5895, 11528, 3
16326, 57591, 11671, 3
64577, 11815, 15270, 3
69674, 14013, 32885, 3
7220, 27358, 63231, 3
55719, 37405, 17096, 3
5912, 45169, 57855, 3
29108, 57299, 57136, 3
64836, 64572, 26496, 3
2983, 42984, 26914, 3
27459, 41274, 39758, 3
49743, 46529, 36937, 3
68070, 19442, 24003, 3
66471, 17793, 33812, 3
53990, 9355, 46978, 3
22179, 63712, 63497, 3
16728, 43579, 53324, 3
12152, 2530, 45918, 3
38458, 30610, 12416, 3
36649, 17692, 15841, 3
25701, 69872, 43436, 3
41035, 58315, 18386, 3
62356, 21906, 47636, 3
43730, 9761, 60151, 3
25658, 69869, 22706, 3
2846, 12263, 51321, 3
51293, 56861, 55058, 3
37818, 60557, 34027, 3
21485, 43636, 50386, 3
62241, 15722, 57066, 3
41077, 62830, 58505, 3
25696, 13756, 61749, 3
38077, 40252, 47526, 3
33612, 18498, 1362, 3
21742, 56017, 6352, 3
33058, 64555, 49913, 3
60908, 2002, 52587, 3
37974, 17470, 2165, 3
8616, 56602, 39271, 3
28002, 60022, 1684, 3
32189, 63848, 40011, 3
32440, 59224, 42897, 3
14968, 21161, 21564, 3
56057, 69045, 584, 3
7261, 64307, 59420, 3
44091, 36716, 31875, 3
57544, 12681, 62095, 3
47648, 7603, 5487, 3
69839, 66320, 40283, 3
33001, 32260, 5938, 3
148, 1019, 1
889, 1137, 1
774, 448, 1
852, 323, 1
243, 803, 1
935, 539, 1
1074, 989, 1
116, 1410, 1
468, 1306, 1
1410, 1399, 1
321, 1312, 1
67, 475, 1
43, 1027, 1
636, 888, 1
334, 1235, 1
553, 961, 1
1414, 1139, 1
346, 1112, 1
178, 16, 1
1307, 1272, 1
928, 995, 1
787, 1310, 1
298, 1130, 1
1157, 934, 1
780, 77, 1
1174, 698, 1
1374, 252, 1
1031, 102, 1
1114, 1314, 1
1306, 928, 1
1452, 72, 1
1355, 741, 1
813, 563, 1
98, 203, 1
1265, 915, 1
1234, 540, 1
505, 1022, 1
1401, 154, 1
1098, 1345, 1
1386, 453, 1
981, 1154, 1
944, 204, 1
759, 39, 1
347, 862, 1
391, 1129, 1
606, 379, 1
417, 1481, 1
1420, 514, 1
1332, 123, 1
1485, 947, 1
424, 550, 1
1036, 1274, 1
67, 838, 1
1229, 1381, 1
1184, 488, 1
813, 946, 1
983, 574, 1
1327, 93, 1
914, 1248, 1
1277, 1242, 1
1281, 686, 1
1132, 398, 1
1273, 1253, 1
116, 1399, 1
946, 563, 1
475, 838, 1
1306, 995, 1
928, 468, 1
1410, 116, 1
563, 813, 1
946, 813, 1
1306, 468, 1
995, 468, 1
928, 1306, 1
500, 1257, -1
1029, 516, -1
904, 836, -1
559, 1370, -1
128, 1188, -1
41, 776, -1
920, 1223, -1
1269, 632, -1
290, 769, -1
1165, 599, -1
216, 146, -1
587, 864, -1
1348, 691, -1
665, 962, -1
904, 623, -1
42, 380, -1
1423, 1397, -1
64, 180, -1
1118, 1408, -1
1045, 135, -1
197, 166, -1
1143, 238, -1
306, 672, -1
439, 679, -1
522, 65, -1
694, 108, -1
836, 382, -1
1357, 1113, -1
558, 1382, -1
221, 229, -1
1417, 1243, -1
995, 780, -1
1351, 711, -1
422, 1370, -1
517, 906, -1
514, 963, -1
1019, 894, -1
475, 1388, -1
942, 67, -1
526, 942, -1
867, 1250, -1
1168, 1390, -1
374, 1096, -1
1371, 886, -1
15, 61, -1
1363, 559, -1
871, 827, -1
905, 588, -1
22, 378, -1
559, 1024, -1
1328, 485, -1
1450, 21, -1
40, 716, -1
1103, 1084, -1
703, 229, -1
329, 262, -1
919, 266, -1
917, 206, -1
418, 1010, -1
647, 1298, -1
989, 900, -1
522, 120, -1
940, 913, -1
1058, 503, -1
1336, 1245, -1
175, 398, -1
1083, 204, -1
656, 558, -1
300, 1395, -1
158, 281, -1
728, 1131, -1
207, 940, -1
239, 1271, -1
1476, 667, -1
824, 253, -1
369, 330, -1
371, 1313, -1
733, 342, -1
597, 1001, -1
427, 500, -1
927, 956, -1
1011, 1206, -1
1331, 238, -1
627, 639, -1
663, 617, -1
580, 1472, -1
389, 510, -1
805, 406, -1
100, 1294, -1
39, 687, -1
88, 52, -1
1006, 1401, -1
876, 881, -1
681, 731, -1
1009, 180, -1
613, 717, -1
278, 1192, -1
1408, 353, -1
440, 600, -1
1283, 816, -1
551, 876, -1
1375, 1326, -1
1370, 1449, -1
765, 794, -1
636, 431, -1
1273, 770, -1
629, 23, -1
39, 257, -1
33, 82, -1
49, 533, -1
345, 460, -1
990, 309, -1
871, 117, -1
670, 493, -1
1367, 488, -1
601, 958, -1
850, 40, -1
1178, 1466, -1
341, 350, -1
850, 912, -1
1366, 242, -1
733, 145, -1
1218, 294, -1
1417, 1063, -1
414, 173, -1
1436, 888, -1
588, 1277, -1
109, 868, -1
592, 1027, -1
1240, 1335, -1
867, 288, -1
1433, 1461, -1
1085, 1100, -1
982, 875, -1
1425, 906, -1
866, 1358, -1
1417, 1290, -1
413, 1435, -1
1317, 683, -1
1385, 795, -1
185, 318, -1
638, 813, -1
642, 554, -1
1186, 1409, -1
850, 995, -1
495, 662, -1
373, 109, -1
142, 957, -1
1041, 210, -1
664, 614, -1
397, 1042, -1
669, 1448, -1
488, 1222, -1
134, 657, -1
1234, 289, -1
632, 24, -1
1053, 675, -1
1081, 1380, -1
442, 1313, -1
112, 183, -1
67, 1028, -1
663, 473, -1
183, 1368, -1
1177, 306, -1
1359, 405, -1
1096, 1022, -1
1094, 391, -1
375, 966, -1
412, 732, -1
236, 1101, -1
1331, 424, -1
428, 998, -1
1481, 1106, -1
736, 914, -1
405, 1294, -1
380, 807, -1
771, 96, -1
1386, 1010, -1
1102, 125, -1
306, 1399, -1
63, 1325, -1
503, 676, -1
276, 687, -1
1148, 472, -1
834, 248, -1
378, 334, -1
1419, 974, -1
1352, 936, -1
733, 383, -1
233, 466, -1
1198, 1002, -1
1369, 716, -1
1278, 1156, -1
111, 650, -1
1058, 1178, -1
1265, 150, -1
177, 46, -1
590, 302, -1
584, 1079, -1
629, 1206, -1
523, 102, -1
1187, 1347, -1
1202, 511, -1
331, 207, -1
158, 769, -1
845, 458, -1
329, 315, -1
1331, 540, -1
1298, 1372, -1
24, 1330, -1
538, 1153, -1
925, 995, -1
888, 777, -1
95, 1189, -1
34, 175, -1
1208, 395, -1
249, 1154, -1
612, 207, -1
277, 1343, -1
1405, 42, -1
842, 1052, -1
784, 1017, -1
54, 987, -1
987, 1401, -1
334, 1477, -1
75, 1238, -1
708, 498, -1
337, 452, -1
728, 1359, -1
53, 389, -1
182, 959, -1
137, 649, -1
104, 1016, -1
1372, 205, -1
30, 205, -1
760, 1153, -1
798, 871, -1
664, 110, -1
1142, 1098, -1
691, 364, -1
946, 1287, -1
531, 325, -1
79, 150, -1
1162, 245, -1
1435, 471, -1
149, 1105, -1
999, 572, -1
975, 658, -1
1126, 1165, -1
1257, 527, -1
1035, 585, -1
1182, 16, -1
349, 577, -1
1263, 1404, -1
241, 953, -1
1027, 1476, -1
283, 99, -1
924, 120, -1
353, 584, -1
686, 1255, -1
1093, 1306, -1
623, 801, -1
749, 227, -1
1448, 397, -1
974, 1180, -1
557, 221, -1
669, 1314, -1
458, 124, -1
603, 29, -1
1353, 1239, -1
304, 1081, -1
859, 476, -1
266, 612, -1
357, 769, -1
1124, 244, -1
1103, 869, -1
959, 704, -1
953, 812, -1
1101, 1275, -1
1406, 1194, -1
1463, 170, -1
1283, 926, -1
957, 1114, -1
948, 1253, -1
877, 170, -1
833, 240, -1
912, 249, -1
621, 959, -1
997, 1288, -1
687, 874, -1
777, 795, -1
320, 1113, -1
831, 1080, -1
1468, 1075, -1
443, 685, -1
271, 1233, -1
1420, 810, -1
50, 868, -1
1394, 1387, -1
1202, 965, -1
642, 853, -1
568, 1280, -1
356, 29, -1
409, 555, -1
1427, 1313, -1
26, 280, -1
352, 1418, -1
1086, 8, -1
517, 221, -1
1241, 876, -1
949, 198, -1
666, 905, -1
48, 577, -1
1028, 180, -1
725, 69, -1
467, 1286, -1
341, 122, -1
787, 330, -1
664, 403, -1
767, 964, -1
223, 862, -1
1413, 418, -1
1059, 325, -1
1114, 733, -1
105, 669, -1
865, 1241, -1
773, 1119, -1
1387, 409, -1
365, 596, -1
1423, 437, -1
518, 596, -1
407, 668, -1
273, 588, -1
313, 149, -1
284, 8, -1
6, 243, -1
264, 397, -1
412, 634, -1
1309, 464, -1
989, 1226, -1
401, 448, -1
807, 29, -1
1488, 162, -1
592, 647, -1
1374, 257, -1
1478, 1207, -1
1341, 775, -1
687, 376, -1
1424, 753, -1
1065, 1279, -1
289, 143, -1
210, 494, -1
533, 641, -1
553, 341, -1
839, 1065, -1
738, 1184, -1
837, 276, -1
1414, 1284, -1
95, 288, -1
1371, 1024, -1
1036, 438, -1
1195, 373, -1
480, 645, -1
570, 319, -1
689, 1186, -1
116, 184, -1
460, 101, -1
1287, 374, -1
1166, 459, -1
694, 1138, -1
1018, 794, -1
235, 1030, -1
1116, 1240, -1
1195, 396, -1
1259, 349, -1
66, 805, -1
387, 1476, -1
1177, 710, -1
523, 1470, -1
688, 798, -1
942, 399, -1
674, 1142, -1
799, 829, -1
64, 113, -1
627, 1099, -1
1143, 155, -1
1469, 53, -1
1370, 1063, -1
20, 112, -1
983, 159, -1
645, 90, -1
230, 285, -1
679, 45, -1
1424, 1174, -1
1423, 674, -1
505, 1290, -1
1283, 640, -1
1217, 792, -1
1385, 638, -1
120, 1331, -1
1152, 1308, -1
624, 484, -1
297, 530, -1
545, 1360, -1
967, 1056, -1
538, 1040, -1
190, 321, -1
937, 1480, -1
360, 864, -1
315, 976, -1
1261, 727, -1
892, 141, -1
895, 1275, -1
1202, 929, -1
258, 1304, -1
611, 452, -1
1000, 572, -1
362, 799, -1
810, 937, -1
987, 912, -1
387, 1136, -1
981, 421, -1
163, 760, -1
815, 8, -1
26, 1350, -1
228, 1481, -1
54, 418, -1
1119, 815, -1
930, 517, -1
483, 269, -1
68, 1441, -1
271, 952, -1
463, 1031, -1
105, 93, -1
1094, 1374, -1
1413, 961, -1
703, 637, -1
944, 1083, -1
347, 223, -1
888, 431, -1
249, 981, -1
184, 1410, -1
475, 1028, -1
154, 1006, -1
1314, 957, -1
1132, 175, -1
770, 1253, -1
257, 759, -1
105, 1327, -1
523, 1031, -1
488, 738, -1
1129, 1094, -1
378, 1235, -1
1028, 838, -1
1184, 1222, -1
475, 942, -1
1096, 505, -1
810, 514, -1
1312, 190, -1
838, 942, -1
1114, 669, -1
777, 636, -1
257, 252, -1
154, 987, -1
1010, 453, -1
1154, 421, -1
736, 1248, -1
43, 1476, -1
995, 77, -1
148, 894, -1
67, 1388, -1
928, 780, -1
178, 1182, -1
1139, 1284, -1
289, 540, -1
1345, 1142, -1
1274, 438, -1
159, 574, -1
1235, 1477, -1
330, 1310, -1
961, 341, -1
928, 850, -1
1281, 1255, -1
306, 1410, -1
1314, 733, -1
813, 1287, -1
1413, 553, -1
252, 1094, -1
417, 228, -1
1273, 948, -1
1106, 417, -1
102, 463, -1
1242, 588, -1
1074, 900, -1
1226, 1074, -1
592, 43, -1
946, 638, -1
1290, 1022, -1
1331, 550, -1
1184, 1367, -1
687, 759, -1
928, 1093, -1
1234, 1331, -1
963, 1420, -1
928, 925, -1
401, 774, -1
803, 6, -1
563, 638, -1
915, 150, -1
636, 1436, -1
1424, 698, -1
468, 1093, -1
468, 925, -1
1306, 1093, -1
961, 1413, -1
1306, 77, -1
1481, 228, -1
16, 1182, -1
1306, 925, -1
257, 39, -1
563, 1287, -1
850, 468, -1
813, 638, -1
184, 116, -1
1477, 334, -1
995, 1093, -1
1401, 1006, -1
810, 1420, -1
1388, 838, -1
243, 6, -1
995, 925, -1
1314, 669, -1
850, 1306, -1
1010, 1386, -1
398, 175, -1
257, 1374, -1
341, 553, -1
1031, 463, -1
67, 942, -1
468, 780, -1
1226, 989, -1
1401, 987, -1
321, 190, -1
306, 116, -1
900, 989, -1
888, 1436, -1
1098, 1142, -1
1306, 780, -1
448, 401, -1
184, 1399, -1
1306, 850, -1
928, 77, -1
424, 1331, -1
1284, 1414, -1
330, 787, -1
1114, 957, -1
1374, 1094, -1
289, 1234, -1
488, 1367, -1
862, 223, -1
468, 77, -1
995, 850, -1
468, 850, -1
463, 102, -1
1094, 252, -1
780, 468, -1
780, 995, -1

