24167, 45994, 39190, 3
16633, 27060, 30291, 3
43484, 41376, 3923, 3
12865, 5484, 12935, 3
32550, 13719, 52159, 3
69384, 69519, 33112, 3
58339, 29704, 37388, 3
59832, 25805, 47926, 3
5729, 3892, 52742, 3
54271, 43955, 24495, 3
38559, 32457, 31676, 3
50284, 45601, 6668, 3
31490, 28599, 12708, 3
44228, 4274, 18304, 3
43811, 34467, 50561, 3
44187, 46061, 48885, 3
41926, 14466, 41078, 3
5175, 47944, 32878, 3
53214, 30549, 51760, 3
355, 25942, 51568, 3
61479, 3423, 67018, 3
23325, 2975, 57315, 3
43459, 3638, 15737, 3
19898, 24993, 35853, 3
29498, 33332, 16865, 3
9562, 68793, 34413, 3
25935, 3198, 54550, 3
51236, 51063, 12421, 3
65060, 58212, 29179, 3
6973, 34632, 12518, 3
18297, 24440, 32585, 3
67877, 53293, 45224, 3
38292, 7188, 52206, 3
15273, 14323, 4257, 3
53565, 65670, 7429, 3
48174, 47886, 33588, 3
35185, 51142, 7788, 3
6372, 47785, 13896, 3
65174, 20159, 1594, 3
39778, 66702, 13542, 3
53312, 1621, 24986, 3
19726, 60561, 54326, 3
26455, 6202, 16521, 3
48419, 35192, 29675, 3
25026, 42039, 17221, 3
50431, 57417, 47581, 3
57511, 11325, 47192, 3
18931, 28020, 37559, 3
11252, 26255, 45106, 3
68002, 4060, 63194, 3
78, 23, 1
73, 106, 1
112, 70, 1
50, 12, 1
78, 105, 1
33, 19, 1
105, 23, 1
105, 78, 1
128, 12, -1
19, 0, -1
113, 69, -1
22, 94, -1
73, 5, -1
34, 19, -1
123, 136, -1
77, 100, -1
18, 123, -1
95, 83, -1
126, 51, -1
134, 98, -1
93, 135, -1
77, 109, -1
101, 108, -1
85, 129, -1
55, 26, -1
118, 10, -1
13, 64, -1
115, 38, -1
145, 131, -1
128, 141, -1
73, 15, -1
108, 59, -1
88, 145, -1
56, 48, -1
12, 77, -1
112, 81, -1
46, 73, -1
9, 35, -1
74, 61, -1
47, 97, -1
48, 99, -1
80, 94, -1
31, 3, -1
122, 19, -1
57, 3, -1
41, 75, -1
106, 119, -1
93, 65, -1
0, 79, -1
77, 149, -1
40, 118, -1
79, 142, -1
106, 46, -1
50, 77, -1
33, 122, -1
73, 119, -1
0, 33, -1
106, 15, -1
33, 34, -1
81, 70, -1
106, 5, -1
128, 50, -1
0, 19, -1
73, 46, -1

