7601, 48889, 15584, 3
43656, 21472, 22861, 3
53704, 24381, 61876, 3
8481, 53523, 50372, 3
47987, 11492, 60542, 3
33833, 64278, 22003, 3
62219, 64872, 68355, 3
65262, 18137, 1280, 3
53723, 27048, 14702, 3
68991, 21495, 31744, 3
55731, 16599, 43464, 3
17036, 41699, 25596, 3
51345, 49448, 19025, 3
24036, 47460, 42031, 3
11727, 5310, 21252, 3
19523, 45135, 10741, 3
31164, 39730, 52918, 3
21807, 29963, 28457, 3
28346, 47654, 25368, 3
61677, 68027, 21944, 3
6991, 12271, 19451, 3
7875, 27893, 7916, 3
39785, 45262, 61331, 3
4420, 11521, 9372, 3
6389, 29082, 57807, 3
24630, 67312, 47506, 3
1086, 49704, 19016, 3
20268, 54101, 42141, 3
21682, 24112, 2819, 3
530, 15674, 44062, 3
12294, 21944, 58483, 3
51533, 46214, 29766, 3
1705, 16656, 16500, 3
57573, 5510, 31001, 3
4076, 53222, 10585, 3
40831, 23623, 7751, 3
60538, 10469, 43937, 3
12134, 47429, 50384, 3
15209, 47588, 14848, 3
58699, 3507, 17491, 3
32517, 69291, 65336, 3
64348, 37096, 40357, 3
24308, 55426, 51137, 3
16855, 58805, 8072, 3
8105, 50250, 11067, 3
4628, 50367, 11691, 3
43217, 13033, 37093, 3
66319, 1436, 33153, 3
50915, 18294, 5541, 3
54453, 60273, 43968, 3
28152, 1749, 2830, 3
46777, 8628, 48724, 3
29039, 3067, 67027, 3
42196, 36479, 57595, 3
75, 20478, 35512, 3
28448, 53777, 66211, 3
16716, 14825, 7200, 3
52062, 613, 66674, 3
40642, 678, 69231, 3
17405, 54303, 13166, 3
61164, 129, 63093, 3
47513, 37352, 17894, 3
64324, 24502, 59511, 3
19321, 47789, 39563, 3
68457, 38223, 2257, 3
31887, 60291, 15872, 3
41748, 19358, 62916, 3
59596, 69098, 22862, 3
538, 59614, 14565, 3
7895, 2855, 50636, 3
59394, 61835, 6531, 3
14019, 38618, 29539, 3
14147, 63644, 26981, 3
41805, 32062, 10969, 3
50408, 6070, 52343, 3
34526, 56621, 49592, 3
10393, 20229, 30721, 3
13344, 62988, 2693, 3
40620, 45978, 22928, 3
14244, 7950, 54289, 3
58800, 52108, 54317, 3
29881, 43109, 68895, 3
31518, 54278, 50580, 3
23238, 68532, 38438, 3
43068, 9050, 2776, 3
64700, 13468, 17089, 3
16380, 22245, 7118, 3
37819, 20904, 10840, 3
39593, 63411, 62650, 3
29241, 58177, 3684, 3
46180, 27634, 39140, 3
60457, 52756, 58546, 3
19385, 19567, 58257, 3
44530, 48072, 37842, 3
32072, 48041, 59007, 3
48405, 40544, 59408, 3
53119, 30188, 68033, 3
58111, 11684, 46654, 3
30433, 17837, 22196, 3
61839, 7978, 15764, 3
60798, 46474, 29186, 3
47768, 61221, 21441, 3
34593, 60080, 62930, 3
66501, 51746, 39160, 3
69776, 28211, 61113, 3
22506, 60850, 31232, 3
15724, 26210, 65969, 3
29991, 20223, 67395, 3
18614, 22886, 14345, 3
42096, 65659, 39773, 3
34349, 64661, 62711, 3
54809, 29179, 46869, 3
37118, 15232, 45050, 3
28426, 68554, 60655, 3
39265, 310, 38784, 3
23542, 18712, 20888, 3
23658, 2717, 53863, 3
60814, 67270, 45070, 3
53541, 3322, 39593, 3
23881, 4837, 57350, 3
25920, 8051, 26938, 3
39844, 59543, 22218, 3
45430, 55644, 47655, 3
68090, 24811, 22055, 3
64637, 57738, 24911, 3
29175, 3380, 7090, 3
69240, 2994, 36535, 3
20397, 68326, 15612, 3
58789, 64398, 27554, 3
34541, 17440, 11961, 3
26686, 47639, 46179, 3
31520, 10793, 10137, 3
41379, 12080, 3243, 3
32459, 12949, 7667, 3
37288, 50725, 978, 3
38407, 7440, 11626, 3
34391, 17777, 33558, 3
50328, 15201, 67024, 3
62221, 46273, 19745, 3
44508, 52464, 27738, 3
27396, 21018, 17613, 3
31248, 61613, 40553, 3
40643, 21937, 52516, 3
24960, 42621, 24996, 3
47538, 49256, 10287, 3
22185, 51717, 61563, 3
22299, 52628, 53040, 3
11607, 28710, 24869, 3
23063, 8624, 18148, 3
40693, 55550, 47566, 3
29278, 16937, 13209, 3
60332, 16538, 23942, 3
41155, 38386, 13401, 3
36487, 813, 27496, 3
10753, 46001, 20021, 3
11114, 44911, 64794, 3
1300, 60945, 26363, 3
21013, 5698, 10623, 3
20239, 58997, 64717, 3
9011, 4317, 43105, 3
69135, 16525, 56131, 3
65953, 65116, 49527, 3
15191, 61811, 43676, 3
55076, 16513, 41440, 3
140, 19261, 27584, 3
23195, 29803, 38177, 3
11348, 42484, 41263, 3
74, 9349, 60336, 3
11111, 66784, 25315, 3
22612, 25558, 47028, 3
64032, 42400, 59971, 3
41917, 17312, 62038, 3
33500, 60312, 15801, 3
60692, 19324, 8423, 3
23866, 55966, 62464, 3
16125, 62347, 44411, 3
55801, 50463, 36026, 3
61868, 68035, 10742, 3
59648, 38645, 23176, 3
49408, 33711, 61651, 3
37527, 26068, 32087, 3
43660, 26249, 26814, 3
29698, 34109, 37808, 3
68357, 12890, 46113, 3
10211, 11261, 2836, 3
18106, 59089, 28621, 3
12318, 64953, 514, 3
35324, 40008, 45263, 3
1471, 17783, 58684, 3
6198, 53434, 30576, 3
25283, 25192, 1705, 3
59049, 60590, 49241, 3
39232, 44463, 55797, 3
9736, 39583, 9002, 3
59600, 21626, 59441, 3
20968, 65349, 62329, 3
63797, 1050, 28776, 3
23798, 3046, 56078, 3
20827, 64380, 49879, 3
19971, 58063, 8956, 3
24152, 55123, 68998, 3
23751, 35765, 49371, 3
33048, 64597, 33380, 3
11616, 41961, 43088, 3
55757, 69754, 45249, 3
40100, 34665, 29744, 3
55062, 9618, 57202, 3
26647, 19608, 64054, 3
509, 47643, 3588, 3
67274, 53913, 2705, 3
12648, 3775, 5532, 3
24888, 34961, 59235, 3
69343, 21780, 31144, 3
749, 35688, 48251, 3
49886, 56943, 51252, 3
56220, 38381, 41611, 3
28312, 31497, 8550, 3
22410, 47629, 22456, 3
58127, 26585, 44203, 3
34339, 20755, 25064, 3
41962, 16265, 65693, 3
61945, 13058, 64016, 3
68317, 12090, 4793, 3
20876, 705, 54940, 3
5643, 63148, 2001, 3
53894, 36049, 61469, 3
52951, 68418, 47357, 3
24067, 21199, 2560, 3
67111, 53662, 59052, 3
14002, 40063, 17722, 3
6942, 54546, 44475, 3
57224, 50080, 35343, 3
51848, 63005, 9444, 3
223, 1191, 69466, 3
55198, 26113, 2542, 3
30453, 36642, 52147, 3
3759, 7706, 46202, 3
68724, 35351, 21849, 3
57262, 33262, 37822, 3
9779, 16333, 28602, 3
40533, 30093, 3204, 3
6992, 50011, 8352, 3
5270, 35277, 19467, 3
66770, 50201, 10156, 3
64534, 1766, 19444, 3
17810, 65873, 53706, 3
38910, 19998, 57221, 3
51468, 30562, 45712, 3
13481, 5338, 9257, 3
15711, 66932, 63057, 3
59287, 1181, 19165, 3
24228, 59083, 38053, 3
34625, 29619, 69317, 3
6385, 12646, 40550, 3
27602, 43494, 15477, 3
12053, 23157, 5047, 3
8223, 44560, 54330, 3
16106, 49327, 7250, 3
34992, 24842, 19616, 3
30928, 5138, 47837, 3
12021, 2918, 56148, 3
636, 59979, 60196, 3
41193, 59756, 63888, 3
59699, 64015, 46775, 3
67938, 9161, 63319, 3
4135, 28356, 40557, 3
30350, 11267, 22315, 3
1973, 25952, 7415, 3
32586, 17395, 390, 3
7483, 65321, 61805, 3
20633, 10511, 43129, 3
69940, 39022, 63229, 3
14972, 25880, 65699, 3
32080, 63007, 63720, 3
29761, 420, 5068, 3
37789, 37375, 10152, 3
23048, 39407, 44842, 3
8011, 57862, 3034, 3
848, 40292, 41150, 3
45988, 2778, 50482, 3
17151, 40582, 21266, 3
24123, 47044, 7331, 3
60244, 61797, 51528, 3
29639, 57885, 56260, 3
68972, 25740, 69881, 3
62229, 61282, 61230, 3
30346, 5591, 50424, 3
67204, 17496, 67034, 3
7071, 44375, 49393, 3
38940, 2699, 28501, 3
36806, 62547, 6197, 3
11323, 44631, 24498, 3
67911, 42406, 38187, 3
24395, 53723, 54818, 3
26748, 40185, 44374, 3
40550, 52397, 66531, 3
59975, 64400, 64375, 3
62655, 15483, 5768, 3
46755, 57338, 39945, 3
36699, 40886, 33075, 3
69401, 3605, 39970, 3
11699, 19498, 51597, 3
67377, 67310, 28014, 3
30042, 56903, 66463, 3
4385, 15347, 53248, 3
66339, 60522, 65106, 3
51542, 12226, 49370, 3
64463, 36506, 21320, 3
52125, 2640, 55139, 3
44794, 30629, 26492, 3
30084, 44558, 22389, 3
48222, 23154, 37021, 3
3407, 65643, 991, 3
9121, 5957, 24943, 3
13607, 55768, 25637, 3
12730, 11614, 12616, 3
51697, 3991, 1477, 3
45477, 58011, 36232, 3
10932, 65854, 42014, 3
67315, 58471, 54586, 3
42540, 54358, 46440, 3
10604, 69574, 7913, 3
63015, 14228, 38261, 3
16138, 47254, 3681, 3
14793, 29979, 45829, 3
29200, 60504, 29814, 3
16687, 33547, 48488, 3
50138, 64689, 6225, 3
38691, 40843, 27343, 3
40383, 62559, 12189, 3
33136, 52409, 773, 3
69359, 38062, 12883, 3
49158, 5559, 16280, 3
34914, 17612, 23321, 3
31040, 49565, 44789, 3
972, 47930, 19424, 3
64240, 42185, 8332, 3
438, 51261, 25244, 3
22121, 38248, 7445, 3
39261, 52490, 61418, 3
65745, 64195, 68766, 3
55317, 46479, 47040, 3
11111, 51452, 2427, 3
62859, 50229, 12119, 3
5361, 45534, 50378, 3
1658, 48373, 22503, 3
14144, 22004, 21220, 3
527, 53938, 55686, 3
16059, 49733, 47450, 3
21427, 67667, 15843, 3
57185, 57816, 27903, 3
4078, 51041, 10940, 3
25534, 17730, 41552, 3
63735, 26688, 14303, 3
17017, 45701, 31316, 3
17696, 17748, 57090, 3
60166, 11256, 11772, 3
53596, 3525, 34481, 3
54171, 40357, 15003, 3
56761, 50384, 28922, 3
65483, 52382, 15579, 3
39105, 871, 18919, 3
16496, 2545, 7326, 3
17445, 4909, 42926, 3
3985, 33437, 23428, 3
38530, 32024, 3798, 3
39259, 67835, 37368, 3
9761, 63922, 48322, 3
54761, 57326, 18426, 3
32035, 60352, 61124, 3
64141, 52976, 44182, 3
36162, 35652, 35323, 3
50421, 4678, 26637, 3
18996, 58596, 49127, 3
10907, 243, 67907, 3
34887, 11131, 49876, 3
52000, 51889, 33850, 3
64659, 12059, 19568, 3
28667, 50188, 33587, 3
7198, 57581, 17124, 3
50175, 52936, 61060, 3
15039, 13308, 16471, 3
906, 21499, 67002, 3
39485, 57443, 58291, 3
31415, 45565, 41479, 3
16707, 27974, 62009, 3
33710, 53501, 27925, 3
65359, 24941, 32353, 3
6591, 39036, 16983, 3
44559, 65809, 68924, 3
34134, 28130, 56844, 3
44504, 11554, 28529, 3
30633, 3621, 64108, 3
49161, 56040, 15385, 3
54128, 35342, 3168, 3
60381, 44625, 56497, 3
56900, 31456, 11752, 3
65174, 47773, 4839, 3
18377, 57, 37236, 3
13014, 49628, 21840, 3
19594, 4410, 19516, 3
11764, 60846, 5887, 3
63967, 38593, 69879, 3
11348, 52199, 13505, 3
7505, 32252, 6620, 3
10447, 46681, 67540, 3
56988, 40318, 5520, 3
60839, 41119, 53480, 3
14655, 17932, 57000, 3
17789, 34267, 65378, 3
22222, 40604, 40555, 3
20405, 20812, 30518, 3
36648, 19326, 36951, 3
69312, 2226, 57054, 3
12668, 53946, 316, 3
47321, 9600, 65276, 3
4470, 29809, 14508, 3
16004, 123, 20781, 3
30865, 15005, 2058, 3
49468, 37866, 12841, 3
38010, 62342, 45723, 3
68292, 37891, 16771, 3
13108, 10838, 15191, 3
33372, 61980, 51364, 3
63576, 2406, 6689, 3
63714, 64293, 11203, 3
8604, 6467, 58643, 3
13089, 64022, 58274, 3
12542, 47287, 50206, 3
64725, 18283, 40690, 3
42508, 21604, 6900, 3
50132, 42912, 20751, 3
54413, 14639, 30315, 3
44200, 15720, 63501, 3
5464, 38371, 24404, 3
34951, 2666, 55407, 3
66391, 14927, 60343, 3
35880, 42095, 18153, 3
19745, 899, 24318, 3
4434, 60972, 22100, 3
13375, 32524, 16158, 3
63387, 5282, 18474, 3
48203, 63990, 9284, 3
6298, 50331, 18512, 3
2248, 58382, 40827, 3
36220, 14675, 69067, 3
32201, 16253, 48307, 3
31441, 30943, 29754, 3
59099, 43893, 53107, 3
15405, 10477, 1065, 3
7422, 62173, 24290, 3
1140, 50757, 36851, 3
51855, 62219, 31879, 3
65200, 36533, 40996, 3
41125, 57262, 47829, 3
60281, 61181, 12139, 3
8373, 60222, 6715, 3
16450, 59865, 34751, 3
11023, 40163, 68547, 3
15233, 40575, 8876, 3
28362, 11376, 30930, 3
56300, 32260, 62620, 3
55642, 27248, 26535, 3
4094, 49142, 53528, 3
1258, 55109, 17659, 3
39921, 19264, 68312, 3
2602, 61277, 12272, 3
54661, 25697, 29750, 3
1827, 61164, 59492, 3
65169, 21486, 34930, 3
18119, 16134, 41216, 3
11971, 34775, 9807, 3
37310, 23307, 56933, 3
27143, 69872, 11253, 3
27396, 21101, 55378, 3
19, 3300, 65605, 3
371, 19367, 36125, 3
62208, 24948, 10640, 3
59822, 3579, 4146, 3
48938, 32494, 3207, 3
28693, 24042, 52919, 3
53901, 64368, 29119, 3
47621, 18376, 31914, 3
12055, 51498, 26447, 3
48970, 25568, 9774, 3
7291, 20615, 12110, 3
49937, 38327, 50646, 3
2493, 47827, 20306, 3
45499, 2657, 16859, 3
3239, 39058, 44325, 3
67286, 12843, 54468, 3
4868, 28688, 54200, 3
28353, 37542, 30554, 3
39730, 18220, 16148, 3
23489, 42800, 45153, 3
51333, 44508, 6671, 3
1321, 50836, 28868, 3
3778, 39064, 39802, 3
53654, 14466, 7721, 3
50571, 29460, 12286, 3
46725, 39775, 57759, 3
66563, 30252, 54418, 3
1810, 42414, 54496, 3
27849, 56497, 64558, 3
35883, 42531, 69350, 3
9450, 68241, 1999, 3
55658, 16203, 28512, 3
55819, 67228, 15463, 3
46925, 52979, 9745, 3
25532, 20677, 65975, 3
42105, 40327, 61066, 3
53701, 45142, 36124, 3
7641, 51548, 35658, 3
47270, 49491, 57228, 3
68230, 19892, 61110, 3
10974, 40105, 52912, 3
238, 9379, 47325, 3
31619, 54883, 32515, 3
58545, 2354, 35360, 3
14050, 19980, 9486, 3
9336, 55303, 23850, 3
31187, 53315, 11790, 3
27091, 7814, 49367, 3
39753, 6085, 7624, 3
6687, 24879, 43981, 3
33453, 36558, 53494, 3
18416, 64077, 29001, 3
29361, 21093, 20840, 3
69057, 11854, 2282, 3
2217, 66676, 53843, 3
61850, 41153, 981, 3
18109, 50380, 30564, 3
20099, 28451, 37839, 3
20251, 69275, 20767, 3
43919, 43240, 59333, 3
21696, 6230, 47678, 3
28217, 49396, 38130, 3
28120, 55012, 12263, 3
8296, 59200, 4122, 3
32180, 40658, 20256, 3
9208, 44354, 11297, 3
19677, 612, 5658, 3
31614, 66943, 68992, 3
28143, 2307, 4681, 3
42579, 69271, 69169, 3
64732, 38326, 47786, 3
48334, 46288, 64550, 3
46612, 34613, 7287, 3
22761, 40240, 12069, 3
10458, 47811, 39289, 3
31813, 26626, 55601, 3
51518, 54033, 10001, 3
62961, 18470, 45800, 3
32740, 46752, 10452, 3
6169, 37071, 42294, 3
6632, 44305, 55273, 3
16314, 52503, 42540, 3
5774, 47231, 53829, 3
2299, 26431, 47887, 3
19294, 25348, 41202, 3
63862, 50292, 6530, 3
44779, 19160, 12654, 3
9978, 37260, 29496, 3
68614, 53093, 7367, 3
54486, 32582, 4558, 3
55418, 8747, 66514, 3
56142, 17733, 776, 3
21724, 26391, 49755, 3
49911, 61124, 10051, 3
51542, 65330, 53775, 3
47682, 17410, 25385, 3
14667, 1211, 46915, 3
711, 18830, 38352, 3
8247, 66851, 53115, 3
53917, 68457, 49079, 3
66957, 62551, 34401, 3
31571, 42461, 64716, 3
32758, 36403, 63142, 3
10851, 55013, 8129, 3
63832, 65443, 42576, 3
16561, 62875, 57635, 3
54994, 25367, 4247, 3
61738, 57902, 54002, 3
34922, 52654, 47930, 3
2200, 14211, 53001, 3
35673, 68191, 46475, 3
57369, 46316, 12415, 3
6625, 52151, 33257, 3
16554, 34191, 15557, 3
13901, 69580, 21250, 3
59252, 44215, 27460, 3
31207, 64440, 25063, 3
25933, 12826, 17282, 3
36065, 59541, 1341, 3
48919, 40226, 21638, 3
10991, 19670, 42827, 3
56848, 40797, 41443, 3
25207, 32992, 33437, 3
64073, 21405, 37627, 3
67768, 29686, 19658, 3
11332, 33700, 21754, 3
5620, 43388, 65989, 3
4706, 10229, 10851, 3
42462, 21206, 12291, 3
59414, 16021, 60116, 3
59001, 61601, 4710, 3
4604, 7859, 60520, 3
67862, 9901, 68936, 3
39282, 30635, 25192, 3
8162, 38433, 51276, 3
52795, 48847, 54531, 3
57012, 18614, 42844, 3
62480, 43789, 49305, 3
58091, 25376, 14599, 3
40386, 24518, 11379, 3
41945, 21718, 69147, 3
43274, 16393, 61278, 3
2943, 41590, 30442, 3
51259, 28257, 31088, 3
67478, 14420, 38783, 3
19997, 46238, 788, 3
1264, 55228, 57868, 3
18613, 25238, 52662, 3
37305, 33950, 46084, 3
2248, 10343, 61175, 3
20268, 378, 16122, 3
25977, 41464, 41910, 3
61220, 13530, 54483, 3
45221, 45762, 3334, 3
21171, 37265, 26296, 3
1438, 54966, 25108, 3
35965, 30, 40717, 3
26748, 12220, 46643, 3
27371, 63758, 48468, 3
4179, 52608, 17001, 3
22723, 32926, 11125, 3
30195, 1694, 41441, 3
37309, 53045, 39714, 3
43950, 48377, 26410, 3
38130, 36790, 48339, 3
21679, 486, 22849, 3
47040, 8382, 548, 3
55904, 52235, 47302, 3
56753, 14187, 54838, 3
20841, 35886, 20239, 3
9861, 20420, 61635, 3
173, 39346, 66589, 3
6439, 13083, 3204, 3
34707, 38337, 67071, 3
49484, 24847, 47351, 3
28041, 63692, 15556, 3
42868, 19649, 6434, 3
59519, 39472, 34087, 3
12930, 27758, 27001, 3
26177, 34200, 54091, 3
37776, 42774, 61880, 3
3610, 6379, 7676, 3
32405, 31311, 68166, 3
14564, 17484, 40223, 3
69828, 9573, 22072, 3
34478, 41940, 23578, 3
19720, 43165, 41357, 3
46152, 44929, 16074, 3
67410, 50902, 48294, 3
45203, 45443, 11909, 3
67452, 55896, 23341, 3
39055, 35033, 53757, 3
1302, 51489, 33547, 3
613, 4521, 11993, 3
8684, 43109, 10657, 3
40035, 67119, 69799, 3
61107, 25278, 47717, 3
49496, 22544, 68980, 3
37585, 47871, 597, 3
52183, 67204, 1085, 3
22280, 8389, 10373, 3
3485, 16879, 45458, 3
30370, 63248, 43474, 3
64123, 7026, 52231, 3
691, 45302, 3196, 3
53873, 69238, 59531, 3
16511, 26068, 27290, 3
68300, 31707, 1748, 3
52167, 41029, 11295, 3
41097, 45252, 69612, 3
19442, 39880, 4059, 3
63480, 51983, 21714, 3
51792, 2056, 48404, 3
11478, 24320, 63336, 3
48994, 39706, 65724, 3
4558, 32836, 62576, 3
34847, 11775, 6250, 3
41735, 23437, 33506, 3
28272, 25470, 57771, 3
46849, 44916, 24996, 3
63036, 19316, 39175, 3
12421, 20568, 29410, 3
38600, 13318, 55056, 3
29025, 7068, 48155, 3
14677, 13514, 9415, 3
9388, 45762, 52812, 3
6259, 44192, 25913, 3
49110, 58336, 55999, 3
51787, 67115, 15822, 3
8635, 14169, 11737, 3
65677, 38168, 60044, 3
68651, 39568, 36847, 3
63788, 52881, 41304, 3
16038, 19043, 64116, 3
69501, 46836, 43388, 3
19246, 48477, 41617, 3
36909, 8856, 16012, 3
44976, 3873, 40681, 3
45341, 8570, 57571, 3
43303, 50573, 34361, 3
6019, 40197, 23752, 3
57728, 55838, 24035, 3
59093, 15311, 62758, 3
26415, 42408, 58346, 3
32268, 69631, 27653, 3
5502, 31615, 13061, 3
27702, 58288, 54678, 3
53539, 514, 20773, 3
62874, 23133, 17289, 3
36003, 39777, 8515, 3
17107, 40909, 39262, 3
47276, 48482, 40638, 3
21393, 56005, 6295, 3
62070, 29443, 67974, 3
36369, 20167, 58046, 3
54543, 14817, 41355, 3
68905, 69047, 61101, 3
48535, 8224, 46535, 3
56839, 11789, 40089, 3
59990, 54898, 17599, 3
21511, 21749, 45257, 3
14721, 40961, 35407, 3
1490, 32918, 44904, 3
13068, 53551, 53462, 3
65050, 39460, 410, 3
42719, 8648, 13673, 3
29990, 32724, 57032, 3
29320, 35250, 47654, 3
1169, 13095, 30082, 3
43891, 32722, 54597, 3
46996, 51967, 54326, 3
9512, 29507, 57004, 3
47303, 22650, 63068, 3
21162, 68993, 53837, 3
364, 28418, 27564, 3
42097, 48849, 9366, 3
3145, 30457, 57133, 3
26852, 54097, 43484, 3
9524, 26938, 5933, 3
2145, 39069, 69714, 3
14019, 33237, 57814, 3
12814, 10669, 4738, 3
16268, 19903, 63616, 3
19212, 7367, 67511, 3
49000, 69886, 24141, 3
57992, 30585, 60706, 3
63880, 27111, 59253, 3
7442, 39780, 63839, 3
29768, 14832, 21953, 3
6902, 51050, 23557, 3
2437, 5948, 10195, 3
54159, 45855, 25514, 3
4105, 44798, 24761, 3
22220, 49431, 56094, 3
68835, 168, 53745, 3
56478, 32416, 37138, 3
11035, 62341, 64322, 3
49577, 17863, 54156, 3
13173, 39338, 32834, 3
13840, 1971, 18428, 3
21599, 58008, 5979, 3
40525, 58509, 62402, 3
43477, 44212, 14739, 3
35705, 3402, 29036, 3
19341, 37290, 26687, 3
59686, 36988, 10959, 3
16356, 63774, 10046, 3
19049, 20946, 22618, 3
55266, 28753, 27676, 3
35492, 69112, 55463, 3
51967, 40764, 17951, 3
56558, 60639, 38383, 3
38448, 39609, 38922, 3
62582, 29771, 67906, 3
2820, 73, 67742, 3
29630, 56314, 33362, 3
15306, 61859, 51959, 3
21868, 7168, 63470, 3
66849, 55899, 69655, 3
13356, 47955, 29209, 3
35302, 6285, 69630, 3
32913, 61805, 54691, 3
57863, 56958, 58331, 3
33190, 50892, 6888, 3
65518, 1840, 35200, 3
58166, 3910, 62255, 3
126, 63258, 6512, 3
10330, 23488, 36453, 3
49488, 65078, 3601, 3
15923, 1546, 69414, 3
36502, 12244, 27804, 3
66049, 50371, 66008, 3
64012, 1275, 25766, 3
57137, 6707, 66164, 3
56337, 3064, 21568, 3
20732, 48296, 18449, 3
27830, 20086, 23844, 3
34617, 7445, 16128, 3
59556, 704, 4808, 3
16303, 1962, 43887, 3
17190, 54861, 51068, 3
27485, 10347, 16320, 3
64043, 30061, 32447, 3
27555, 61653, 40855, 3
39516, 46497, 60614, 3
37619, 18836, 60019, 3
5093, 10913, 56145, 3
31195, 59712, 54536, 3
28186, 69812, 38567, 3
31177, 56055, 30606, 3
39276, 28273, 4950, 3
24277, 54105, 61448, 3
60027, 18418, 35494, 3
58322, 30146, 12205, 3
43158, 60620, 1685, 3
1515, 21905, 9043, 3
41960, 47238, 1621, 3
49055, 39972, 17948, 3
17086, 69928, 3335, 3
29475, 35988, 25986, 3
15738, 64081, 21460, 3
12333, 32812, 44991, 3
8585, 63641, 12103, 3
58085, 55724, 35066, 3
61446, 44244, 6707, 3
58072, 2814, 17170, 3
49008, 50469, 49051, 3
20010, 18237, 14460, 3
552, 65198, 59637, 3
66074, 52937, 3878, 3
29398, 56344, 45784, 3
29152, 46660, 62276, 3
65845, 57126, 31275, 3
34391, 28717, 46660, 3
26765, 47443, 35427, 3
12438, 51727, 32496, 3
10601, 41181, 43031, 3
69079, 18470, 49350, 3
15231, 9096, 50169, 3
29236, 21068, 21839, 3
30030, 53598, 17066, 3
52210, 24748, 30178, 3
16652, 46929, 46998, 3
67047, 30141, 41938, 3
55184, 68038, 17761, 3
37831, 36246, 41986, 3
11911, 61901, 58190, 3
443, 39974, 54291, 3
23551, 3370, 20071, 3
56489, 384, 36888, 3
26736, 40257, 57061, 3
17125, 54939, 39478, 3
17461, 29140, 18081, 3
66057, 17601, 14830, 3
50232, 22937, 11477, 3
3540, 43831, 18939, 3
14806, 12945, 28348, 3
9077, 53451, 23182, 3
61791, 7038, 60823, 3
60405, 60532, 6598, 3
59629, 45148, 37086, 3
68981, 16683, 26749, 3
23945, 29381, 60379, 3
24158, 50780, 18823, 3
39432, 15898, 60912, 3
59104, 69716, 450, 3
53973, 12362, 4887, 3
55426, 30099, 51770, 3
39334, 68083, 31255, 3
42909, 26441, 8725, 3
52596, 57595, 9260, 3
60521, 21997, 5216, 3
52036, 45331, 28500, 3
58219, 24807, 53459, 3
52864, 10295, 45047, 3
30798, 45764, 37907, 3
65135, 19172, 18399, 3
45854, 50121, 25609, 3
64251, 26164, 43451, 3
21787, 64182, 21020, 3
5097, 24200, 259, 3
49466, 33847, 66951, 3
9387, 66841, 24522, 3
69460, 13169, 19567, 3
62192, 26042, 2032, 3
49630, 28670, 46553, 3
10000, 5283, 3908, 3
39489, 57406, 47242, 3
47161, 24473, 42244, 3
23441, 39433, 64486, 3
2581, 53815, 29380, 3
40595, 52565, 15894, 3
17756, 5769, 19549, 3
52115, 7287, 64304, 3
8908, 67232, 23187, 3
29353, 11278, 7917, 3
16662, 36691, 39425, 3
8412, 60813, 22025, 3
10859, 56546, 46346, 3
33512, 55843, 63389, 3
68817, 68341, 4990, 3
325, 23229, 42579, 3
32198, 6143, 46289, 3
32389, 42088, 45986, 3
1834, 25087, 663, 3
13949, 42483, 51453, 3
3956, 1713, 7608, 3
66213, 11544, 37872, 3
63350, 16165, 10678, 3
31537, 1059, 15521, 3
63538, 59235, 1205, 3
27743, 7712, 33260, 3
45395, 65558, 65501, 3
60864, 5247, 63557, 3
4405, 69482, 15701, 3
42754, 4016, 16707, 3
63058, 12611, 30604, 3
37843, 42601, 45050, 3
15983, 34012, 25542, 3
8238, 54703, 43691, 3
42428, 58427, 59927, 3
10588, 4472, 31373, 3
35437, 15461, 6429, 3
3739, 25838, 9097, 3
32799, 12725, 50368, 3
10067, 42048, 35692, 3
61576, 62803, 2023, 3
33570, 31781, 43604, 3
38260, 24591, 28932, 3
10605, 35383, 57062, 3
18942, 51248, 52255, 3
55383, 54732, 2665, 3
63071, 283, 67593, 3
35784, 68487, 52238, 3
62689, 22645, 23916, 3
15383, 51061, 22814, 3
48339, 43782, 2006, 3
19256, 43099, 38375, 3
30615, 62723, 44748, 3
63580, 33170, 40616, 3
68186, 23208, 4629, 3
8081, 29860, 44269, 3
19286, 48183, 14745, 3
51127, 14583, 22767, 3
42749, 65881, 42974, 3
37317, 43373, 40598, 3
48942, 26620, 44786, 3
130, 9253, 32544, 3
31687, 69946, 52443, 3
12600, 52769, 1545, 3
12706, 21960, 62380, 3
7942, 28460, 18554, 3
58767, 61796, 66645, 3
58372, 238, 30287, 3
18550, 6433, 55995, 3
10844, 26354, 62502, 3
31694, 6873, 20833, 3
50904, 11121, 27714, 3
33530, 10260, 63074, 3
21533, 56777, 47106, 3
1618, 391, 4198, 3
34629, 34504, 63582, 3
55885, 40117, 47967, 3
51106, 1493, 11610, 3
31981, 37953, 41337, 3
67121, 49026, 7343, 3
26622, 11803, 52502, 3
59708, 23842, 46450, 3
12676, 56713, 19314, 3
33970, 67317, 68180, 3
34863, 18011, 36391, 3
15765, 62300, 25309, 3
67540, 10413, 20586, 3
13878, 49817, 48939, 3
17980, 31764, 51673, 3
33095, 54537, 13765, 3
3825, 64733, 58681, 3
24368, 56998, 18310, 3
67329, 20928, 50133, 3
58355, 42824, 16484, 3
9325, 18237, 19297, 3
57387, 41194, 927, 3
3171, 55091, 52562, 3
50309, 18685, 38700, 3
45602, 9020, 29424, 3

