57, 46, 1
9, 62, 1
97, 81, 1
89, 1, -1
69, 151, -1
29, 103, -1
20, 182, -1
87, 41, -1
103, 169, -1
194, 100, -1

127, 76, 1
112, 141, 1
148, 153, 1
161, 141, -1
106, 194, -1
11, 212, -1
126, 208, -1
95, 42, -1
65, 209, -1
154, 168, -1
112, 161, -1

4, 57, 1
104, 88, 1
160, 116, -1
144, 9, -1
180, 158, -1
195, 59, -1
42, 159, -1
57, 136, -1
15, 85, -1
156, 99, -1
136, 4, -1
136, 57, -1

135, 113, 1
209, 94, -1
194, 161, -1
27, 149, -1
154, 57, -1
178, 98, -1
194, 21, -1
70, 16, -1
119, 58, -1
140, 38, -1

106, 118, 1
42, 4, 1
41, 150, -1
70, 198, -1
85, 29, -1
90, 15, -1
140, 161, -1
66, 167, -1
130, 7, -1
167, 210, -1

9, 16, 1
61, 87, -1
147, 52, -1
170, 177, -1
15, 188, -1
102, 194, -1
85, 180, -1
143, 50, -1
159, 118, -1
194, 111, -1

136, 125, 1
34, 24, 1
187, 20, -1
119, 179, -1
185, 34, -1
26, 193, -1
140, 156, -1
200, 147, -1
191, 98, -1
165, 110, -1
24, 185, -1

117, 89, 1
179, 184, 1
23, 178, -1
104, 185, -1
13, 196, -1
173, 43, -1
80, 8, -1
65, 148, -1
88, 194, -1
7, 174, -1

117, 104, 1
69, 4, 1
129, 79, 1
8, 57, 1
91, 132, 1
13, 26, 1
52, 143, -1
37, 105, -1
118, 213, -1
181, 191, -1

126, 123, 1
20, 3, 1
196, 203, 1
185, 203, 1
185, 196, 1
203, 196, 1
76, 36, -1
86, 158, -1
194, 96, -1
209, 56, -1
18, 147, -1
79, 150, -1

