37, 55, 1
212, 188, 1
16, 64, 1
36, 58, 1
165, 177, -1
71, 68, -1
142, 55, -1
138, 200, -1
191, 32, -1
24, 72, -1
37, 142, -1

132, 129, 1
73, 74, 1
112, 78, 1
186, 192, 1
59, 110, -1
83, 62, -1
205, 179, -1
94, 196, -1
25, 149, -1
206, 174, -1

75, 116, 1
37, 83, -1
83, 192, -1
199, 53, -1
171, 4, -1
118, 36, -1
113, 41, -1
101, 66, -1
2, 191, -1
176, 92, -1

36, 21, 1
109, 110, 1
49, 98, -1
165, 182, -1
126, 149, -1
105, 195, -1
189, 4, -1
184, 50, -1
128, 23, -1
153, 188, -1

96, 111, 1
18, 180, -1
77, 1, -1
143, 152, -1
15, 173, -1
39, 139, -1
152, 50, -1
188, 173, -1
94, 6, -1
165, 158, -1

39, 54, 1
43, 41, 1
13, 153, -1
16, 106, -1
173, 133, -1
170, 73, -1
89, 57, -1
34, 119, -1
21, 105, -1
194, 47, -1

105, 154, -1
169, 201, -1
58, 180, -1
151, 190, -1
188, 39, -1
186, 54, -1
41, 95, -1
151, 71, -1
152, 86, -1
31, 94, -1

100, 72, 1
46, 16, 1
78, 27, -1
93, 184, -1
180, 135, -1
59, 108, -1
108, 65, -1
112, 184, -1
83, 66, -1
7, 203, -1

133, 142, 1
105, 113, 1
106, 87, 1
82, 87, 1
82, 106, 1
75, 184, -1
46, 169, -1
154, 63, -1
130, 1, -1
178, 142, -1
49, 152, -1
178, 133, -1

72, 133, 1
21, 31, 1
182, 142, -1
16, 133, -1
155, 76, -1
63, 176, -1
149, 128, -1
147, 208, -1
18, 135, -1
18, 173, -1
16, 72, -1

