201, 71, -1
160, 201, -1
55, 100, -1
144, 68, -1
208, 177, -1
203, 54, -1
133, 58, -1
46, 147, -1
78, 37, -1
38, 176, -1

125, 99, 1
119, 137, 1
100, 110, 1
11, 10, 1
48, 158, -1
111, 182, -1
206, 114, -1
194, 166, -1
200, 36, -1
100, 189, -1
189, 110, -1

12, 51, 1
32, 33, 1
123, 31, -1
205, 123, -1
6, 170, -1
186, 63, -1
162, 141, -1
69, 196, -1
118, 210, -1
163, 86, -1

129, 120, 1
194, 52, -1
146, 57, -1
159, 123, -1
3, 143, -1
19, 174, -1
82, 15, -1
99, 56, -1
180, 15, -1
20, 186, -1

127, 145, 1
73, 134, 1
81, 113, 1
212, 22, -1
80, 188, -1
170, 110, -1
32, 87, -1
80, 21, -1
165, 122, -1
137, 24, -1

153, 151, 1
127, 123, 1
193, 191, 1
34, 14, 1
192, 200, 1
110, 46, -1
128, 174, -1
88, 38, -1
155, 63, -1
170, 12, -1

27, 24, 1
18, 27, 1
24, 18, 1
24, 27, 1
88, 54, -1
95, 0, -1
51, 210, -1
121, 167, -1
41, 134, -1
205, 59, -1
161, 174, -1
134, 186, -1

23, 16, 1
28, 40, 1
185, 143, -1
7, 74, -1
79, 62, -1
143, 208, -1
49, 120, -1
28, 180, -1
99, 2, -1
126, 66, -1
40, 180, -1
180, 28, -1

109, 96, 1
34, 38, 1
83, 91, 1
99, 60, -1
71, 149, -1
181, 44, -1
190, 37, -1
200, 115, -1
189, 184, -1
196, 144, -1

51, 18, 1
88, 77, 1
78, 104, 1
64, 160, -1
78, 60, -1
183, 207, -1
136, 27, -1
83, 35, -1
6, 128, -1
131, 68, -1
104, 60, -1
60, 78, -1

