93, 109, 1
4, 63, 1
62, 11, 1
130, 123, 1
164, 165, 1
166, 109, -1
190, 82, -1
29, 74, -1
114, 147, -1
78, 191, -1
93, 166, -1
109, 166, -1

75, 133, 1
141, 73, 1
135, 84, 1
33, 10, 1
10, 36, 1
33, 36, 1
157, 112, -1
15, 187, -1
55, 149, -1
184, 146, -1
101, 147, -1

25, 40, 1
32, 3, 1
173, 97, -1
124, 25, -1
109, 173, -1
166, 120, -1
64, 122, -1
149, 104, -1
178, 76, -1
91, 51, -1
40, 124, -1
25, 124, -1

70, 211, -1
60, 138, -1
95, 66, -1
185, 108, -1
71, 19, -1
95, 12, -1
12, 120, -1
174, 187, -1
192, 163, -1
106, 182, -1

98, 85, 1
16, 34, 1
126, 98, 1
62, 30, 1
85, 126, 1
98, 126, 1
99, 1, -1
123, 20, -1
77, 210, -1
175, 157, -1
188, 130, -1
97, 42, -1

99, 85, 1
114, 124, 1
65, 11, 1
75, 115, 1
180, 119, -1
176, 197, -1
154, 134, -1
114, 30, -1
168, 123, -1
85, 49, -1
49, 99, -1
124, 30, -1
49, 85, -1

117, 103, 1
68, 35, 1
204, 196, 1
89, 112, 1
207, 45, -1
103, 199, -1
26, 192, -1
149, 142, -1
153, 130, -1
38, 74, -1
199, 117, -1

134, 91, 1
130, 89, 1
141, 120, 1
47, 48, 1
122, 149, -1
99, 58, -1
51, 94, -1
104, 40, -1
195, 45, -1
171, 125, -1

110, 34, -1
105, 205, -1
20, 86, -1
186, 182, -1
72, 210, -1
103, 50, -1
133, 30, -1
203, 110, -1
182, 64, -1
43, 154, -1

76, 106, 1
85, 199, -1
7, 145, -1
80, 6, -1
199, 33, -1
38, 88, -1
161, 46, -1
120, 153, -1
156, 204, -1
136, 199, -1

