112, 142, 1
48, 123, -1
191, 153, -1
182, 95, -1
22, 163, -1
100, 3, -1
174, 113, -1
129, 48, -1
65, 78, -1
158, 1, -1

111, 91, 1
79, 183, -1
167, 100, -1
185, 22, -1
95, 176, -1
204, 136, -1
168, 145, -1
190, 109, -1
167, 186, -1
169, 61, -1

99, 110, 1
70, 110, 1
141, 132, 1
74, 133, 1
99, 70, 1
110, 70, 1
110, 99, 1
70, 99, 1
157, 8, -1
43, 211, -1
122, 40, -1
174, 106, -1
9, 209, -1
80, 151, -1

168, 173, 1
92, 79, 1
69, 58, 1
92, 137, 1
137, 79, 1
137, 92, 1
56, 211, -1
97, 58, -1
144, 158, -1
44, 142, -1
143, 177, -1
58, 192, -1
97, 69, -1
192, 69, -1
192, 58, -1

5, 50, 1
94, 144, 1
39, 80, -1
101, 59, -1
202, 63, -1
84, 178, -1
164, 205, -1
97, 67, -1
189, 91, -1
163, 68, -1

27, 62, 1
125, 106, 1
53, 66, 1
123, 91, 1
25, 128, -1
186, 156, -1
97, 27, -1
100, 6, -1
191, 73, -1
139, 19, -1
97, 62, -1

133, 86, 1
135, 82, 1
55, 49, 1
30, 82, -1
108, 204, -1
52, 152, -1
82, 186, -1
52, 91, -1
102, 176, -1
175, 14, -1
186, 135, -1
30, 135, -1
82, 30, -1
186, 82, -1

193, 191, 1
42, 7, 1
202, 69, -1
163, 140, -1
201, 28, -1
9, 150, -1
101, 177, -1
144, 0, -1
60, 165, -1
181, 138, -1

100, 104, 1
107, 73, 1
68, 18, 1
198, 30, -1
67, 136, -1
169, 74, -1
206, 85, -1
19, 164, -1
118, 208, -1
49, 135, -1

137, 138, 1
80, 121, 1
53, 42, 1
203, 80, -1
55, 103, -1
158, 110, -1
61, 123, -1
186, 6, -1
112, 146, -1
117, 11, -1
121, 203, -1
80, 203, -1

