210, 201, 1
206, 212, 1
206, 202, 1
82, 70, 1
79, 105, 1
116, 74, 1
85, 130, 1
88, 97, 1
136, 113, 1
14, 30, 1
4, 17, 1
42, 54, 1
45, 25, 1
88, 111, 1
104, 79, 1
63, 51, 1
92, 96, 1
6, 2, 1
32, 62, 1
80, 111, 1
66, 6, 1
116, 120, 1
88, 142, 1
2, 43, 1
147, 157, 1
183, 182, 1
80, 126, 1
173, 164, 1
117, 120, 1
197, 201, 1
210, 197, 1
97, 111, 1
80, 88, 1
126, 111, 1
120, 74, 1
142, 111, 1
97, 142, 1
66, 2, 1
43, 6, 1
104, 105, 1
202, 212, 1
116, 117, 1
120, 116, 1
88, 126, 1
97, 126, 1
80, 97, 1
212, 206, 1
80, 142, 1
202, 206, 1
74, 116, 1
126, 142, 1
2, 6, 1
105, 79, 1
120, 117, 1
201, 197, 1
201, 210, 1
66, 43, 1
74, 117, 1
2, 66, 1
142, 126, 1
88, 80, 1
43, 66, 1
97, 80, 1
97, 88, 1
68, 140, -1
8, 157, -1
185, 117, -1
173, 145, -1
10, 133, -1
76, 164, -1
205, 32, -1
192, 16, -1
120, 188, -1
176, 118, -1
174, 143, -1
171, 61, -1
70, 166, -1
103, 38, -1
194, 130, -1
57, 85, -1
120, 161, -1
149, 64, -1
119, 165, -1
163, 116, -1
181, 6, -1
93, 24, -1
22, 120, -1
60, 158, -1
152, 67, -1
172, 62, -1
153, 95, -1
7, 176, -1
84, 27, -1
152, 205, -1
210, 102, -1
117, 38, -1
207, 33, -1
111, 153, -1
182, 211, -1
46, 179, -1
196, 172, -1
192, 79, -1
8, 191, -1
204, 121, -1
38, 177, -1
64, 204, -1
102, 193, -1
191, 149, -1
188, 2, -1
148, 94, -1
30, 202, -1
164, 7, -1
135, 210, -1
0, 155, -1
49, 213, -1
130, 50, -1
205, 54, -1
171, 69, -1
138, 153, -1
90, 8, -1
61, 177, -1
35, 168, -1
200, 60, -1
69, 114, -1
109, 64, -1
95, 186, -1
140, 177, -1
11, 95, -1
12, 133, -1
71, 160, -1
112, 175, -1
73, 154, -1
98, 31, -1
103, 10, -1
201, 102, -1
145, 164, -1
192, 105, -1
82, 166, -1
80, 153, -1
50, 85, -1
57, 130, -1
161, 117, -1
202, 14, -1
206, 30, -1
201, 135, -1
117, 22, -1
188, 6, -1
205, 62, -1
116, 188, -1
76, 173, -1
192, 104, -1
43, 188, -1
66, 181, -1
2, 181, -1
161, 116, -1
42, 205, -1
88, 153, -1
120, 185, -1
74, 163, -1
32, 172, -1
194, 85, -1
173, 7, -1
116, 22, -1
120, 38, -1
120, 163, -1
211, 183, -1
8, 147, -1
188, 117, -1
210, 135, -1
188, 74, -1
202, 30, -1
153, 80, -1
120, 22, -1
211, 182, -1
145, 173, -1
66, 188, -1
164, 76, -1
2, 188, -1
161, 74, -1
185, 74, -1
163, 117, -1
74, 22, -1
50, 130, -1
74, 188, -1
206, 14, -1
153, 97, -1
212, 30, -1
185, 116, -1
116, 38, -1
74, 38, -1
197, 102, -1
188, 66, -1
153, 142, -1
212, 14, -1
43, 181, -1
14, 206, -1
197, 135, -1
153, 111, -1
32, 205, -1
153, 126, -1
173, 76, -1
153, 88, -1

