23, 9, 1
13, 40, 1
171, 154, -1
48, 132, -1
100, 185, -1
135, 180, -1
97, 65, -1
140, 194, -1
128, 163, -1
40, 185, -1
185, 13, -1

102, 145, 1
15, 48, 1
199, 161, -1
186, 180, -1
146, 66, -1
161, 192, -1
107, 171, -1
115, 18, -1
56, 202, -1
200, 130, -1

126, 140, 1
26, 143, -1
188, 147, -1
56, 155, -1
147, 64, -1
192, 82, -1
138, 192, -1
96, 2, -1
108, 18, -1
87, 208, -1

191, 201, 1
159, 196, -1
136, 148, -1
34, 181, -1
31, 135, -1
130, 176, -1
23, 117, -1
37, 185, -1
160, 101, -1
183, 144, -1

20, 36, 1
42, 36, 1
42, 20, 1
203, 37, -1
160, 10, -1
93, 164, -1
192, 173, -1
87, 43, -1
88, 46, -1
110, 50, -1
32, 172, -1

71, 72, 1
118, 83, 1
78, 76, 1
156, 198, -1
7, 206, -1
210, 19, -1
181, 24, -1
7, 199, -1
69, 88, -1
90, 177, -1

65, 13, 1
193, 187, 1
87, 193, -1
127, 171, -1
103, 9, -1
88, 38, -1
116, 4, -1
163, 89, -1
91, 55, -1
48, 208, -1
187, 87, -1
193, 87, -1

88, 85, 1
31, 69, 1
112, 118, 1
128, 126, 1
25, 114, -1
69, 111, -1
172, 130, -1
41, 122, -1
153, 184, -1
138, 31, -1
138, 69, -1
31, 111, -1
111, 69, -1

89, 101, 1
91, 136, 1
142, 161, -1
159, 56, -1
150, 0, -1
15, 87, -1
84, 169, -1
48, 159, -1
38, 148, -1
127, 195, -1

100, 99, 1
37, 32, 1
20, 63, 1
186, 18, -1
109, 13, -1
77, 33, -1
164, 77, -1
203, 115, -1
40, 88, -1
145, 29, -1

