185, 199, 1
46, 14, 1
52, 28, 1
18, 23, 1
148, 157, 1
77, 144, 1
132, 75, 1
49, 47, 1
212, 209, 1
135, 121, 1
107, 94, 1
47, 41, 1
106, 145, 1
83, 141, 1
141, 96, 1
116, 94, 1
34, 35, 1
208, 194, 1
5, 18, 1
37, 33, 1
58, 62, 1
14, 52, 1
121, 70, 1
0, 4, 1
75, 134, 1
101, 88, 1
202, 206, 1
58, 7, 1
18, 53, 1
208, 213, 1
2, 42, 1
194, 213, 1
41, 49, 1
70, 135, 1
5, 53, 1
46, 52, 1
62, 7, 1
53, 23, 1
5, 23, 1
107, 116, 1
132, 134, 1
96, 83, 1
28, 14, 1
75, 132, 1
53, 5, 1
28, 46, 1
52, 14, 1
28, 52, 1
18, 5, 1
47, 49, 1
121, 135, 1
96, 141, 1
46, 28, 1
41, 47, 1
49, 41, 1
52, 46, 1
155, 95, -1
205, 118, -1
194, 153, -1
186, 42, -1
213, 72, -1
111, 201, -1
163, 67, -1
185, 103, -1
120, 201, -1
186, 7, -1
138, 174, -1
209, 91, -1
31, 107, -1
1, 184, -1
73, 187, -1
46, 155, -1
179, 107, -1
161, 64, -1
8, 200, -1
144, 37, -1
187, 57, -1
22, 187, -1
53, 139, -1
3, 117, -1
6, 104, -1
46, 73, -1
133, 34, -1
194, 105, -1
208, 104, -1
179, 168, -1
28, 119, -1
175, 8, -1
49, 133, -1
185, 18, -1
85, 166, -1
96, 25, -1
206, 131, -1
33, 207, -1
143, 213, -1
213, 79, -1
17, 167, -1
157, 141, -1
68, 133, -1
4, 121, -1
104, 183, -1
205, 184, -1
133, 51, -1
179, 41, -1
176, 70, -1
123, 162, -1
40, 199, -1
194, 118, -1
95, 60, -1
206, 159, -1
28, 104, -1
189, 180, -1
192, 181, -1
130, 198, -1
87, 46, -1
37, 158, -1
43, 209, -1
209, 87, -1
41, 151, -1
153, 123, -1
189, 84, -1
187, 111, -1
62, 126, -1
8, 90, -1
79, 180, -1
73, 14, -1
33, 158, -1
18, 139, -1
4, 70, -1
185, 23, -1
52, 119, -1
179, 47, -1
176, 121, -1
0, 121, -1
186, 58, -1
208, 153, -1
148, 141, -1
37, 207, -1
35, 133, -1
185, 53, -1
25, 141, -1
18, 199, -1
126, 58, -1
208, 79, -1
208, 143, -1
186, 2, -1
194, 104, -1
104, 52, -1
77, 37, -1
144, 33, -1
199, 103, -1
96, 157, -1
43, 212, -1
83, 157, -1
208, 118, -1
179, 94, -1
104, 213, -1
72, 208, -1
155, 14, -1
4, 135, -1
202, 131, -1
202, 159, -1
14, 87, -1
47, 151, -1
91, 212, -1
208, 105, -1
212, 87, -1
94, 31, -1
133, 47, -1
40, 185, -1
185, 5, -1
104, 14, -1
49, 151, -1
139, 23, -1
151, 49, -1
23, 199, -1
72, 213, -1
126, 7, -1
141, 157, -1
213, 143, -1
5, 199, -1
155, 28, -1
139, 53, -1
105, 213, -1
25, 83, -1
155, 52, -1
46, 87, -1
72, 194, -1
14, 119, -1
104, 28, -1
104, 208, -1
213, 118, -1
53, 199, -1
41, 179, -1
73, 28, -1
107, 179, -1
104, 46, -1
105, 194, -1
121, 4, -1
153, 213, -1
179, 116, -1
41, 133, -1
28, 87, -1
83, 148, -1
0, 135, -1
73, 52, -1
52, 87, -1
96, 148, -1
33, 77, -1
176, 135, -1
131, 206, -1
151, 41, -1
104, 194, -1
194, 79, -1
209, 43, -1
153, 194, -1
194, 143, -1
34, 133, -1
199, 23, -1
186, 62, -1
49, 179, -1
46, 119, -1
133, 41, -1
0, 70, -1
139, 5, -1
116, 31, -1
107, 31, -1
155, 46, -1
37, 77, -1
5, 139, -1
58, 126, -1
116, 179, -1
199, 5, -1
199, 18, -1
199, 53, -1
73, 46, -1
133, 49, -1
179, 49, -1

