72, 166, -1
180, 137, -1
53, 173, -1
161, 174, -1
173, 90, -1
203, 164, -1
199, 111, -1
190, 94, -1
135, 163, -1
169, 66, -1

59, 39, 1
101, 92, 1
151, 65, -1
139, 171, -1
177, 131, -1
183, 66, -1
137, 29, -1
45, 201, -1
187, 167, -1
33, 96, -1

191, 2, -1
176, 141, -1
146, 188, -1
135, 16, -1
101, 170, -1
6, 156, -1
93, 40, -1
55, 85, -1
82, 34, -1
100, 174, -1

45, 35, 1
123, 83, 1
55, 22, 1
187, 170, -1
111, 38, -1
54, 206, -1
88, 63, -1
79, 63, -1
180, 125, -1
174, 191, -1

142, 127, 1
10, 52, 1
98, 129, 1
26, 12, 1
133, 154, -1
45, 152, -1
173, 35, -1
7, 190, -1
47, 89, -1
164, 154, -1

127, 102, 1
32, 47, 1
22, 32, 1
22, 47, 1
32, 22, 1
15, 173, -1
79, 21, -1
13, 162, -1
33, 117, -1
84, 150, -1
18, 127, -1
137, 13, -1
18, 102, -1

70, 118, 1
212, 188, 1
27, 38, 1
74, 144, 1
1, 46, 1
92, 56, -1
149, 63, -1
54, 161, -1
188, 69, -1
213, 159, -1
212, 69, -1

63, 14, 1
106, 114, 1
190, 211, 1
138, 83, 1
70, 141, 1
23, 40, 1
211, 180, -1
156, 35, -1
193, 165, -1
179, 57, -1
180, 190, -1

22, 42, 1
40, 8, 1
145, 61, -1
71, 15, -1
95, 210, -1
203, 2, -1
164, 95, -1
47, 150, -1
186, 100, -1
62, 139, -1

107, 139, 1
74, 86, 1
41, 52, 1
144, 34, -1
82, 194, -1
184, 51, -1
134, 3, -1
152, 48, -1
81, 152, -1
209, 93, -1

